;Exported by: ubrashaev
;Date:        Mon Apr 19 12:11:18 2004
;File:        D:\-Projects-\-work-\3d\construction\city\waiting room_x.max
{Skeleton
	{animation
		{sequence "crush" {speed 0.4}}
	}
	{bone "waiting_room_c1_x"
		{parameters "CommonMesh;"}
		{Orientation
			1.0000	0.0000	0.0000
			0.0000	-1.0000	0.0000
			0.0000	0.0000	1.0000
		}
		{VolumeView "waiting_room_c1_x.ply"}
		{bone "Piece0"
			{Matrix34
				-1.0000	0.0000	0.0000
				-0.0000	-0.0000	-1.0000
				-0.0000	-1.0000	0.0000
				-30.5011	33.5118	50.2928
			}
			{VolumeView "Piece0.ply"}
		}
		{bone "Piece1"
			{Matrix34
				1.0000	-0.0000	0.0000
				0.0000	0.0000	-1.0000
				0.0000	1.0000	0.0000
				-24.0705	33.5117	78.8582
			}
			{VolumeView "Piece1.ply"}
		}
		{bone "Piece2"
			{Matrix34
				1.0000	-0.0000	0.0000
				0.0000	0.0000	-1.0000
				0.0000	1.0000	0.0000
				9.9124	33.5117	72.8481
			}
			{VolumeView "Piece2.ply"}
		}
		{bone "Piece3"
			{Matrix34
				1.0000	-0.0000	0.0000
				0.0000	0.0000	-1.0000
				0.0000	1.0000	0.0000
				34.3641	33.5117	80.4905
			}
			{VolumeView "Piece3.ply"}
		}
		{bone "Piece4"
			{Matrix34
				0.9848	-0.1736	0.0000
				0.0000	0.0000	-1.0000
				0.1736	0.9848	0.0000
				47.2341	33.5117	54.8179
			}
			{VolumeView "Piece4.ply"}
		}
		{bone "Piece5"
			{Matrix34
				0.0000	1.0000	-0.0000
				-0.0000	-0.0000	-1.0000
				-1.0000	0.0000	0.0000
				-44.6847	27.7827	62.8640
			}
			{VolumeView "Piece5.ply"}
		}
		{bone "Piece6"
			{Matrix34
				0.0000	1.0000	-0.0000
				-0.0000	-0.0000	-1.0000
				-1.0000	0.0000	0.0000
				-44.6847	-19.4306	58.7218
			}
			{VolumeView "Piece6.ply"}
		}
		{bone "Piece7"
			{Matrix34
				0.0000	1.0000	-0.0000
				-0.0000	-0.0000	-1.0000
				-1.0000	0.0000	0.0000
				-44.6847	36.7348	96.3868
			}
			{VolumeView "Piece7.ply"}
		}
		{bone "Piece8"
			{Matrix34
				0.0000	1.0000	-0.0000
				-0.0000	-0.0000	-1.0000
				-1.0000	0.0000	0.0000
				-44.6847	13.7998	107.0561
			}
			{VolumeView "Piece8.ply"}
		}
		{bone "Piece9"
			{Matrix34
				0.0000	1.0000	-0.0000
				-0.0000	-0.0000	-1.0000
				-1.0000	0.0000	0.0000
				-44.6847	-21.8725	129.9315
			}
			{VolumeView "Piece9.ply"}
		}
		{bone "Piece10"
			{Matrix34
				0.0000	1.0000	-0.0000
				-0.0000	-0.0000	-1.0000
				-1.0000	0.0000	0.0000
				-44.6847	-23.3345	89.0991
			}
			{VolumeView "Piece10.ply"}
		}
		{bone "Piece11"
			{Matrix34
				0.0000	1.0000	-0.0000
				-0.0000	-0.0000	-1.0000
				-1.0000	0.0000	0.0000
				-44.8134	3.0842	82.3141
			}
			{VolumeView "Piece11.ply"}
		}
		{bone "Piece12"
			{Matrix34
				-0.0000	-1.0000	-0.0000
				0.0000	0.0000	-1.0000
				1.0000	-0.0000	0.0000
				4.2866	20.7360	119.2413
			}
			{VolumeView "Piece12.ply"}
		}
	}
}
{Volume "Piece12"
	{Box 13.325 10.5645 9.84253}
	{Bone "Piece12"}
	{Position 0.3362	-0.3744	4.9213}
}
{Volume "Piece11"
	{Box 18.8664 11.6964 9.84253}
	{Bone "Piece11"}
	{Position -0.0000	-0.0000	0.0000}
}
{Volume "Piece10"
	{Box 13.5247 23.4646 9.84253}
	{Bone "Piece10"}
	{Matrix34
		0.8660	-0.5000	-0.0000
		0.5000	0.8660	0.0000
		-0.0000	0.0000	1.0000
		-1.5117	0.4172	0.0000
	}
}
{Volume "Piece9"
	{Box 18.3137 13.4822 9.84253}
	{Bone "Piece9"}
	{Matrix34
		0.8660	-0.5000	-0.0000
		0.5000	0.8660	0.0000
		-0.0000	0.0000	1.0000
		-0.3832	-1.0537	0.0000
	}
}
{Volume "Piece8"
	{Box 9.66983 18.2451 9.84253}
	{Bone "Piece8"}
	{Matrix34
		0.9063	-0.4226	-0.0000
		0.4226	0.9063	-0.0000
		-0.0000	-0.0000	1.0000
		-1.7649	0.8860	-0.0000
	}
}
{Volume "Piece7"
	{Box 16.9419 13.2527 9.8425}
	{Bone "Piece7"}
	{Matrix34
		0.9397	-0.3420	-0.0000
		0.3420	0.9397	0.0000
		-0.0000	0.0000	1.0000
		1.2858	-0.9171	0.0000
	}
}
{Volume "Piece6"
	{Box 13.854 19.6376 9.84253}
	{Bone "Piece6"}
	{Position 1.0298	0.0000	0.0000}
}
{Volume "Piece5"
	{Box 15.0353 26.6613 9.84253}
	{Bone "Piece5"}
	{Position 1.1903	0.0000	-0.0001}
}
{Volume "Piece4"
	{Box 12.3407 24.5781 7.87402}
	{Bone "Piece4"}
	{Position -0.8019	-0.8763	-0.0000}
}
{Volume "Piece3"
	{Box 14.1185 14.4535 7.87402}
	{Bone "Piece3"}
	{Position -3.6478	0.0000	-0.0000}
}
{Volume "Piece2"
	{Box 17.7067 23.0163 7.87402}
	{Bone "Piece2"}
	{Position 0.7711	4.1552	-0.0000}
}
{Volume "Piece1"
	{Box 20.8156 14.8059 7.87402}
	{Bone "Piece1"}
	{Position -0.8316	2.2876	-0.0000}
}
{Volume "Piece0"
	{Box 12.4296 24.8141 7.87402}
	{Bone "Piece0"}
	{Matrix34
		0.9659	-0.2588	-0.0000
		0.2588	0.9659	-0.0000
		-0.0000	0.0000	1.0000
		-1.6194	-0.3114	-0.0000
	}
}
