;MDL File generated by SOEdit
;Model created by: <Igetfer>
;PLY Geometry by: <A.G.(Shasha), Igetfer>
;VOL Geometry by: <Igetfer>
{Skeleton
	{bone revolute "basis"
		{limits -0.0000 0.0000}
		{speed 0.0400}
		{Orientation
			1.0000 0.0000 0.0000
			0.0000 -1.0000 0.0000
			0.0000 0.0000 1.0000
		}
		{bone revolute "stabilizator"
			{limits -10.0000 10.0000}
			{speed 0.0009}
			{Orientation
				0.0000 0.0000 1.0000
				0.0000 1.0000 0.0000
				-1.0000 0.0000 0.0000
			}
			{bone "nogi"
				{parameters "ID=body;"}
				{Matrix34
					0.907778 0.0000 0.419452
					0.419452 0.0000 -0.907778
					0.0000 1.0000 0.0000
					19.0245 0.0000 -0.5582
				}
				{VolumeView "nogi.ply"}
			}
			{bone "gun"
				{parameters "ID=gun;"}
				{Matrix34
					0.8251154 0.0000 -0.564968
					-0.564968 0.0000 -0.825115
					0.0000 1.0000 0.0000
					0.5182 0.0000 12.6295
				}
				{VolumeView "gun.ply"}
				{bone "Upor"
					{Matrix34
						0.825114 -0.564968 0.0000
						0.564968 0.825114 0.0000
						0.0000 0.0000 1.0000
						-0.6122 0.0000 0.0000
					}
					{VolumeView "upor.ply"}
				}
			}
		}
	}
}


