;Exported by: garry
;Date:        Tue Sep 28 10:56:43 2004
;File:        D:\-Projects-\-3DWork-\Model\Танки\Sherman\M4Calliope\Calliope_x_parts.max
{Skeleton
	{bone "Basis"
		{Orientation
			1.0000	0.0000	0.0000
			0.0000	-1.0000	0.0000
			0.0000	0.0000	1.0000
		}
		{bone "WheelsL"
			{parameters "ID=trackleft;"}
			{animation
				{sequence "break" {file "trackL.anm"}}
			}
			{Matrix34
				-1.0000	0.0000	0.0000
				0.0000	0.0000	1.0000
				0.0000	1.0000	-0.0000
				-5.6604	20.5032	11.3966
			}
			{VolumeView "WheelsL.ply"}
			{bone "TrackL"
				{parameters "CommonMesh;ID=trackleft;"}
				{Position -6.9483	2.4758	1.6266}
				{VolumeView "TrackL.ply"}
			}
		}
		{bone "WheelsR"
			{parameters "ID=trackright;"}
			{animation
				{sequence "break" {file "trackR.anm"}}
			}
			{Matrix34
				-1.0000	-0.0000	0.0000
				0.0000	-0.0000	1.0000
				0.0000	-1.0000	-0.0000
				-5.6604	-20.1576	11.3966
			}
			{VolumeView "WheelsR.ply"}
			{bone "TrackR"
				{parameters "CommonMesh;ID=trackright;"}
				{Position -6.9483	2.4758	2.0471}
				{VolumeView "TrackR.ply"}
			}
		}
		{bone "Body"
			{parameters "CommonMesh;ID=body;"}
			{animation
				{sequence "break" {file "body.anm"} {speed 0.6}}
			}
			{Position -1.4430	-0.0347	22.0793}
			{VolumeView "Body.ply"}
			{bone revolute "Turret"
				{parameters "ID=turret;"}
				{animation
					{sequence "break" {file "turret.anm"} {speed 0.7}}
				}
				{Position -0.3911	0.5258	15.4250}
				{VolumeView "Turret.ply"}
				{bone revolute "gun_rot"
					{limits -10.0000 20.0000}
					{speed 0.0200}
					{Matrix34
						1.0000	-0.0000	-0.0000
						-0.0000	-0.0000	1.0000
						-0.0000	-1.0000	-0.0000
						15.2440	-0.0000	6.2247
					}
					{VolumeView "gun_rot.ply"}
				}
				{bone "Cover"
					{parameters "CommonMesh;ID=turret;"}
					{Position -5.0458	-8.7251	15.6899}
					{VolumeView "Cover.ply"}
				}
				{bone revolute "gun"
					{parameters "ID=gun;"}
					{limits -8.0000 15.0000}
					{speed 0.0200}
					{Matrix34
						1.0000	-0.0000	-0.0000
						0.0000	-0.0000	1.0000
						-0.0000	-1.0000	-0.0000
						-4.1725	-0.1788	29.4904
					}
					{VolumeView "gun.ply"}
					{bone "gun1"
						{parameters "ID=gun;"}
						{Position 8.8289	6.0544	-19.2931}
						{VolumeView "gun1.ply"}
					}
					{bone "gun2"
						{parameters "ID=gun;"}
						{Position 8.8289	0.2695	-6.5630}
						{VolumeView "gun2.ply"}
					}
					{bone "gun3"
						{parameters "ID=gun;"}
						{Position 8.8289	6.0544	-3.9234}
						{VolumeView "gun3.ply"}
					}
					{bone "gun4"
						{parameters "ID=gun;"}
						{Position 8.8289	6.0544	11.6197}
						{VolumeView "gun4.ply"}
					}
					{bone "gun5"
						{parameters "ID=gun;"}
						{Position 8.8289	-0.5250	-15.0397}
						{VolumeView "gun5.ply"}
					}
				}
			}
			{bone revolute "WheelL1"
				{parameters "ID=trackleft;"}
				{Matrix34
					-0.9935	-0.0007	-0.1142
					-0.1142	-0.0001	0.9935
					-0.0007	1.0000	-0.0000
					50.9408	26.7657	-7.4152
				}
				{VolumeView "WheelL1.ply"}
			}
			{bone revolute "WheelR1"
				{parameters "ID=trackright;"}
				{Matrix34
					-0.9935	-0.0007	-0.1142
					-0.1142	-0.0001	0.9935
					0.0007	-1.0000	0.0000
					50.9408	-27.2923	-7.4152
				}
				{VolumeView "WheelR1.ply"}
			}
			{bone revolute "WheelL2"
				{parameters "ID=trackleft;"}
				{Matrix34
					-0.9954	0.0011	-0.0955
					-0.0955	-0.0188	0.9953
					-0.0007	0.9998	0.0188
					-45.4319	26.8780	-7.4072
				}
				{VolumeView "WheelL2.ply"}
			}
			{bone revolute "WheelR2"
				{parameters "ID=trackright;"}
				{Matrix34
					-0.9954	0.0011	-0.0955
					-0.0955	-0.0188	0.9953
					0.0007	-0.9998	-0.0188
					-45.3943	-27.1704	-8.4228
				}
				{VolumeView "WheelR2.ply"}
			}
			{bone "engine"
				{Matrix34
					0.0000	-0.0000	1.0000
					-0.0000	-1.0000	0.0000
					1.0000	-0.0000	-0.0000
					-33.4278	-0.3452	-0.4269
				}
			}
		}
	}
}
