;Exported by: garry
;Date:        Tue Jun 01 12:08:31 2004
;File:        \\gamer2\d$\-Projects-\-3DWork-\Танки\Т-26\T26.max
{Skeleton
	{animation
		{sequence "start"}
		{sequence "stop"}
		{sequence "fire"}
		{sequence "open" {resume}}
		{sequence "hit"}
	}
	{bone "Basis"
		{Orientation
			1.0000	0.0000	0.0000
			0.0000	-1.0000	0.0000
			0.0000	0.0000	1.0000
		}
		{bone "Body"
			{parameters "ID=body;"}
			{animation
				{sequence "repair" {file "body_r.anm"}}
			}
			{Matrix34
				1.0000	-0.0000	-0.0000
				-0.0000	-0.0000	1.0000
				-0.0000	-1.0000	-0.0000
				-8.8998	-0.2164	20.1466
			}
			{VolumeView "Body.ply"}
			{bone revolute "Turret"
				{parameters "ID=turret;"}
				{animation
					{sequence "repair" {file "turret_r.anm"}}
				}
				{speed 0.0100}
				{Matrix34
					1.0000	0.0000	-0.0000
					-0.0000	0.0087	-1.0000
					0.0000	1.0000	0.0087
					2.4717	11.8810	-3.0457
				}
				{VolumeView "Turret.ply"}
				{bone revolute "Gun_rot"
					{parameters "ID=gun;"}
					{limits -5.0000 15.0000}
					{speed 0.0100}
					{Matrix34
						1.0000	0.0000	0.0021
						-0.0021	0.0087	1.0000
						0.0000	-1.0000	0.0087
						11.8140	0.1077	7.2106
					}
					{VolumeView "Gun_rot.ply"}
					{bone "Foresight3"
						{Matrix34
							1.0000	-0.0021	0.0000
							0.0021	1.0000	0.0000
							-0.0000	-0.0000	1.0000
							10.1430	-0.9386	-5.1228
						}
					}
					{bone "Gun"
						{parameters "ID=gun;"}
						{Matrix34
							1.0000	-0.0021	0.0000
							0.0021	1.0000	0.0000
							0.0000	0.0000	1.0000
							9.7382	-0.1798	-0.1179
						}
						{VolumeView "Gun.ply"}
						{bone "Foresight1"
							{Position 21.3830	0.0081	-0.0330}
						}
					}
				}
				{bone "Cover"
					{parameters "ID=turret;"}
					{Matrix34
						1.0000	0.0000	0.0000
						0.0000	0.0087	1.0000
						-0.0000	-1.0000	0.0087
						0.4007	0.0619	14.2608
					}
					{VolumeView "Cover.ply"}
				}
				{bone "Visor1"
					{Matrix34
						1.0000	-0.0000	0.0000
						0.0000	0.9997	-0.0262
						-0.0000	0.0262	0.9997
						8.2148	-1.8144	15.1589
					}
				}
				{bone "FXfire2"
					{Matrix34
						0.3355	0.0082	0.9420
						-0.9420	0.0029	0.3355
						-0.0000	-1.0000	0.0087
						-9.2974	-5.8501	9.0698
					}
				}
			}
			{bone "FXsmoke1"
				{Matrix34
					-0.9031	0.1695	-0.3945
					0.1400	0.9848	0.1028
					0.4059	0.0376	-0.9132
					-40.8581	-5.4827	-6.1389
				}
			}
			{bone "FXshot"
				{Matrix34
					1.0000	-0.0087	-0.0000
					0.0087	1.0000	0.0000
					0.0000	-0.0000	1.0000
					2.4115	-1.3940	-0.6611
				}
			}
			{bone "FXfire1"
				{Matrix34
					-0.0087	1.0000	-0.0000
					-1.0000	-0.0087	0.0000
					-0.0000	-0.0000	1.0000
					-21.7176	-1.4480	7.7047
				}
			}
			{bone "FXsmoke2"
				{Matrix34
					-0.9031	0.2746	-0.3301
					0.1400	0.9151	0.3782
					0.4059	0.2954	-0.8649
					-40.8581	-5.4827	-6.1389
				}
			}
			{bone "Seat02"
				{Matrix34
					0.0481	0.1507	0.9874
					0.9845	-0.1743	-0.0213
					0.1689	0.9731	-0.1568
					-28.7821	-4.1966	20.7464
				}
			}
			{bone "Seat01"
				{Matrix34
					-0.2997	0.2107	-0.9305
					-0.9447	0.0704	0.3202
					0.1330	0.9750	0.1779
					-26.8866	-1.1646	-18.6749
				}
			}
			{bone revolute "WheelL2"
				{parameters "ID=trackleft;"}
				{Matrix34
					-1.0000	0.0000	0.0000
					0.0000	1.0000	-0.0000
					0.0000	0.0000	1.0000
					-35.4001	-10.1527	-18.2791
				}
				{VolumeView "WheelL2.ply"}
			}
			{bone revolute "WheelR2"
				{parameters "ID=trackright;"}
				{Matrix34
					-1.0000	0.0000	0.0000
					0.0000	1.0000	-0.0000
					-0.0000	-0.0000	-1.0000
					-35.3809	-10.2359	20.7142
				}
				{VolumeView "WheelR2.ply"}
			}
			{bone revolute "WheelR1"
				{parameters "ID=trackright;"}
				{Matrix34
					-1.0000	0.0000	0.0000
					0.0000	1.0000	-0.0000
					-0.0000	-0.0000	-1.0000
					38.8099	-3.2814	17.7462
				}
				{VolumeView "WheelR1.ply"}
			}
			{bone revolute "WheelL1"
				{parameters "ID=trackleft;"}
				{Matrix34
					-1.0000	0.0000	0.0000
					0.0000	1.0000	-0.0000
					0.0000	0.0000	1.0000
					38.8509	-3.4923	-18.1030
				}
				{VolumeView "WheelL1.ply"}
			}
			{bone "Visor2"
				{Matrix34
					1.0000	0.0000	0.0000
					0.0000	-0.0175	-0.9998
					-0.0000	0.9998	-0.0175
					19.7352	8.0209	9.2487
				}
			}
			{bone "engine"
				{Matrix34
					-0.0087	1.0000	-0.0000
					-1.0000	-0.0087	0.0000
					0.0000	-0.0000	1.0000
					-25.3405	-6.1448	-0.2145
				}
			}
		}
		{bone "WheelsL"
			{parameters "ID=trackleft;"}
			{Matrix34
				-1.0000	0.0000	0.0000
				0.0000	0.0000	1.0000
				0.0000	1.0000	-0.0000
				-7.2359	18.1342	10.7890
			}
			{VolumeView "WheelsL.ply"}
			{bone "TrackL"
				{parameters "ID=trackleft;"}
				{Matrix34
					-1.0000	0.0000	-0.0000
					0.0000	1.0000	-0.0000
					-0.0000	-0.0000	-1.0000
					6.8522	1.4419	0.7413
				}
				{VolumeView "TrackL.ply"}
			}
			{bone "FXtraceL1"
				{Matrix34
					1.0000	0.0000	0.0087
					0.0087	-0.0000	-1.0000
					-0.0000	1.0000	-0.0000
					-25.7192	-9.8286	2.2399
				}
			}
			{bone "FXtraceL2"
				{Matrix34
					0.9848	0.1736	0.0086
					0.0087	-0.0000	-1.0000
					-0.1736	0.9848	-0.0015
					27.5383	-10.1633	-0.9756
				}
			}
		}
		{bone "WheelsR"
			{parameters "ID=trackright;"}
			{Matrix34
				-1.0000	-0.0000	0.0000
				0.0000	-0.0000	1.0000
				0.0000	-1.0000	-0.0000
				-7.2359	-18.2374	10.7890
			}
			{VolumeView "WheelsR.ply"}
			{bone "FXtraceR1"
				{Matrix34
					1.0000	0.0000	-0.0087
					0.0087	-0.0000	1.0000
					-0.0000	1.0000	0.0000
					-25.4729	-9.8286	1.9679
				}
			}
			{bone "FXtraceR2"
				{Matrix34
					0.9848	0.1736	-0.0086
					0.0087	-0.0000	1.0000
					-0.1736	0.9848	0.0015
					27.7764	-10.1633	-0.2868
				}
			}
			{bone "TrackR"
				{parameters "ID=trackright;"}
				{Matrix34
					-1.0000	0.0000	0.0000
					0.0000	1.0000	0.0000
					0.0000	-0.0000	1.0000
					6.8522	1.4419	1.3942
				}
				{VolumeView "TrackR.ply"}
			}
		}
		{bone "emit2"
			{Matrix34
				0.0000	1.0000	-0.0000
				-1.0000	0.0000	0.0039
				0.0039	-0.0000	1.0000
				14.5845	-34.2815	0.0000
			}
			{visibility 0}
		}
		{bone "emit1"
			{Matrix34
				0.0000	-1.0000	0.0000
				1.0000	0.0000	0.0000
				0.0000	0.0000	1.0000
				16.1922	34.4732	0.0000
			}
			{visibility 0}
		}
		{bone "emit3"
			{Matrix34
				0.0000	-1.0000	0.0000
				1.0000	0.0000	0.0000
				0.0000	0.0000	1.0000
				-35.6107	34.4732	0.0000
			}
			{visibility 0}
		}
		{bone "emit4"
			{Matrix34
				0.0000	1.0000	-0.0000
				-1.0000	0.0000	0.0000
				-0.0000	0.0000	1.0000
				-38.6712	-34.7025	0.0000
			}
			{visibility 0}
		}
	}
}
{Volume "trackright"
	{Box 88.2262 3.85688 22.6438}
	{Bone "WheelsR"}
	{Matrix34
		-1.0000	0.0000	0.0000
		0.0000	0.0000	1.0000
		0.0000	1.0000	-0.0000
		-0.0989	0.5329	1.2948
	}
}
{Volume "trackleft"
	{Box 88.2262 3.85688 22.4809}
	{Bone "WheelsL"}
	{Matrix34
		-1.0000	0.0000	-0.0000
		0.0000	0.0000	1.0000
		0.0000	1.0000	-0.0000
		-0.0989	0.4515	0.7721
	}
}
{Volume "Engine"
	{Box 19.6814 24.0792 9.71434}
	{Bone "engine"}
	{Matrix34
		-0.0087	-1.0000	-0.0000
		-0.0000	0.0000	-1.0000
		1.0000	-0.0087	-0.0000
		0.4493	-0.0039	-0.0000
	}
}
{Volume "Crew"
	{Box 15.6467 16.2709 33.5947}
	{Bone "Body"}
	{Matrix34
		1.0000	-0.0000	-0.0000
		-0.0000	-0.0000	-1.0000
		-0.0000	1.0000	-0.0000
		1.8821	5.9991	-2.8283
	}
}
{Volume "Inventory"
	{Box 21.8316 26.3469 10.9774}
	{Bone "Body"}
	{Matrix34
		1.0000	-0.0000	-0.0000
		-0.0000	-0.0000	-1.0000
		-0.0000	1.0000	-0.0000
		23.2061	-5.6307	-0.2695
	}
}
{Volume "Body2"
	{Box 29.8829 29.8829 11.8342}
	{Bone "Body"}
	{Matrix34
		1.0000	-0.0000	-0.0000
		-0.0000	-0.0000	-1.0000
		-0.0000	1.0000	-0.0000
		3.2825	5.9043	-0.2145
	}
}
{Volume "Body1"
	{Polyhedron "Body1.vol"}
	{Bone "Body"}
	{Matrix34
		1.0000	0.0000	-0.0000
		-0.0000	-0.0000	-1.0000
		-0.0000	1.0000	-0.0000
		1.2304	-4.9570	-0.6079
	}
}
{Volume "Turret"
	{Polyhedron "Turret.vol"}
	{Bone "Turret"}
	{Matrix34
		1.0000	0.0000	0.0000
		0.0000	1.0000	-0.0087
		0.0000	0.0087	1.0000
		-3.7892	0.0325	-0.0587
	}
}
{Volume "Gun"
	{Box 1.93921 1.93921 28.512}
	{Bone "Gun"}
	{Matrix34
		-0.0000	0.7107	-0.7035
		0.0000	0.7035	0.7107
		1.0000	-0.0000	-0.0000
		7.4426	-0.0202	-0.0000
	}
}
