{mission
	{Camera
		{Position 5066.95 3000.97}
		{Distance 1198.69}
		{ViewAngle 0.659734}
		{YawAngle -43.1828}
	}
	{Environment "menu3"}
	{User 1}
	{GameProgress 0 0}
	{Entity "_infantry2_rus" 0x8009
		{Position 3542 2968 29}
		{Turn -46.7974}
		{Extender "vitality"
			{Health
				{Max 5}
				{Current 5}
			}
		}
		{Extender "inventory"
			{box
				{clear}
				{item "ammo pistol" 100 {cell 0 1}}
				{item "ammo pistol" 42 {cell 0 0}}
				{item "grenade f1" {cell 0 2}}
				{item "knife hand" {cell 2 0}}
			}
		}
		{Player 1}
		{MID 5}
		{Able {crew 0}{select 0}{repair 0}{talk 0}{fight 0}}
		{Weaponry
			{State
				{Mounted "ppsh"}
				{Weapon
					{Ammo "ammo pistol" 71}
				}
			}
		}
		{Breed "rus.specnaz"}
		{Cover
			{sector 3542 2968 {type "bush_stand"}
			}
		}
		{FsmState "stand"}
	}
	{Entity "_infantry2_rus" 0x800b
		{Position 3414.01 2777.03 29}
		{Turn -24.9158}
		{Extender "vitality"
			{Health
				{Max 10}
				{Current 10}
			}
		}
		{Extender "inventory"
			{box
				{clear}
				{item "ammo pistol" 98 {cell 0 1}}
				{item "ammo pistol" 42 {cell 0 0}}
				{item "grenade f1" {cell 0 2}}
				{item "knife hand" {cell 2 0}}
			}
		}
		{Player 1}
		{MID 7}
		{Able {crew 0}{select 0}{repair 0}{talk 0}{fight 0}}
		{Weaponry
			{State
				{Mounted "ppsh"}
				{Weapon
					{Ammo "ammo pistol" 71}
				}
			}
		}
		{Breed "rus.specnaz"}
		{Cover
			{sector 3414.01 2777.03 {type "look_right"}
				{wall 0 0 3404.85 2773.94 3411.07 2787.33}
			}
		}
		{FsmState "stand"}
	}
	{Entity "_infantry2_rus" 0x800e
		{Position 4476.95 6342.53 3.953}
		{Orientation
			 -0.303993  -0.936707   0.173600
			  0.951164  -0.308685   0.000000
			  0.053588   0.165122   0.984800
		}
		{Extender "inventory"
			{box
				{clear}
				{item "ammo pistol" 40 {cell 0 1}}
				{item "grenade m24" {cell 2 0}}
			}
		}
		{DisableObstacles}
		{Player 2}
		{MID 10}
		{Weaponry
			{State
				{Mounted "mp40"}
				{Weapon
					{Ammo "ammo pistol" 32}
				}
			}
		}
		{Breed "ger.infantry_smg"}
		{FsmState "board"}
	}
	{Entity "_infantry2_rus" 0x800f
		{Position 4474.41 6334.7 -3.8506}
		{Orientation
			 -0.307018  -0.946028  -0.103900
			  0.951164  -0.308685   0.000000
			 -0.032072  -0.098826   0.994600
		}
		{Extender "inventory"
			{box
				{clear}
				{item "ammo pistol" 47 {cell 0 1}}
				{item "grenade m24" {cell 2 0}}
			}
		}
		{DisableObstacles}
		{Player 2}
		{MID 11}
		{Weaponry
			{State
				{Mounted "mp40"}
				{Weapon
					{Ammo "ammo pistol" 32}
				}
			}
		}
		{Breed "ger.infantry_smg"}
		{FsmState "board"}
	}
	{Entity "_infantry2_rus" 0x800c
		{Position 4489.31 6333.24 -2.6876}
		{Turn -107.98}
		{Extender "inventory"
			{box
				{clear}
				{item "ammo mgun" 100 {cell 0 1}}
				{item "grenade m24" {cell 0 2}}
			}
		}
		{DisableObstacles}
		{Player 2}
		{MID 8}
		{Weaponry
			{State
				{Mounted "mg34"}
				{Weapon
					{Ammo "ammo mgun" 50}
				}
			}
		}
		{Breed "ger.infantry_mgun"}
		{FsmState "board"}
	}
	{Entity "bmw-r12" 0x800d
		{Position 4478.91 6327.65 -3}
		{Turn -107.98}
		{Extender "inventory"
			{box
				{clear}
				{item "ammo mgun" 100 {cell 2 0}}
			}
		}
		{Player 2}
		{MID 9}
		{Weaponry
			{State
				{Weapon
					{Ammo "ammo mgun" 50}
				}
			}
		}
	}
	{Entity "_infantry2_rus" 0x801a
		{Position 3097.21 2008.56 29}
		{Orientation
			  0.862600   0.505886  -0.000000
			  0.505886  -0.862600  -0.000000
			  0.000000  -0.000000   1.000000
		}
		{Extender "inventory"
			{box
				{clear}
				{item "ammo pistol" 63 {cell 0 0}}
				{item "knife hand" {cell 2 0}}
				{item "valter" {cell 4 0}}
			}
		}
		{Player 2}
		{MID 22}
		{Breed "ger.tank_com"}
		{FsmState "board"}
	}
	{Entity "_infantry2_rus" 0x801b
		{Position 3097.21 2008.56 29}
		{Orientation
			  0.862600   0.505886  -0.000000
			  0.505886  -0.862600  -0.000000
			  0.000000  -0.000000   1.000000
		}
		{Extender "inventory"
			{box
				{clear}
				{item "ammo pistol" 45 {cell 0 0}}
				{item "grenade m24" {cell 2 0}}
				{item "grenade m24" {cell 4 0}}
				{item "mp40" {cell 0 1}}
			}
		}
		{Player 2}
		{MID 23}
		{Breed "ger.tank_crew"}
		{FsmState "board"}
	}
	{Entity "_infantry2_rus" 0x801c
		{Position 3097.21 2008.56 29}
		{Orientation
			  0.862600   0.505886  -0.000000
			  0.505886  -0.862600  -0.000000
			  0.000000  -0.000000   1.000000
		}
		{Extender "inventory"
			{box
				{clear}
				{item "ammo pistol" 56 {cell 0 0}}
				{item "grenade m24" {cell 2 0}}
				{item "grenade m24" {cell 4 0}}
				{item "mp40" {cell 0 1}}
			}
		}
		{Player 2}
		{MID 24}
		{Breed "ger.tank_crew"}
		{FsmState "board"}
	}
	{Entity "_infantry2_rus" 0x801d
		{Position 3097.21 2008.56 29}
		{Orientation
			  0.862600   0.505886  -0.000000
			  0.505886  -0.862600  -0.000000
			  0.000000  -0.000000   1.000000
		}
		{Extender "inventory"
			{box
				{clear}
				{item "ammo pistol" 36 {cell 0 0}}
				{item "grenade m24" {cell 2 0}}
				{item "grenade m24" {cell 4 0}}
				{item "mp40" {cell 0 1}}
			}
		}
		{Player 2}
		{MID 25}
		{Breed "ger.tank_crew"}
		{FsmState "board"}
	}
	{Entity "pz-1b" 0x801e
		{Position 3097.21 2008.56 29}
		{Turn 30.3902}
		{Extender "inventory"
			{box
				{clear}
				{item "ammo mgun" 100 {cell 0 0}}
				{item "ammo mgun" 100 {cell 2 0}}
			}
		}
		{Player 2}
		{MID 26}
		{Weaponry
			{State
				{Weapon
					{Ammo "ammo mgun" 48}
				}
			}
		}
	}
	{Entity "_infantry2_rus" 0x8020
		{Position 2760.46 2143.8 29}
		{Extender "inventory"
			{box
				{clear}
				{item "ammo pistol" 47 {cell 0 1}}
				{item "grenade m39" {cell 0 0}}
			}
		}
		{Player 2}
		{MID 28}
		{Weaponry
			{State
				{Mounted "mp40"}
				{Weapon
					{Ammo "ammo pistol" 32}
				}
			}
		}
		{Breed "ger.infantry_smg"}
		{FsmState "stand"}
	}
	{Entity "_infantry2_rus" 0x8025
		{Position 4461.91 6546.29 -3}
		{Turn 86.9905}
		{Extender "inventory"
			{box
				{clear}
				{item "mp40" {cell 0 0}}
				{item "ammo pistol" 50 {cell 4 0}}
			}
		}
		{Player 2}
		{MID 33}
		{Breed "ger.infantry_ss"}
		{FsmState "stand"}
	}
	{Entity "_infantry2_rus" 0x8019
		{Position 3185.44 3450.36 29}
		{Extender "inventory"
			{box
				{clear}
				{item "mp40" {cell 0 0}}
				{item "ammo pistol" 48 {cell 4 0}}
				{item "bandage" {cell 6 1}}
			}
		}
		{Player 2}
		{MID 21}
		{Breed "ger.infantry_smg"}
		{FsmState "stand"}
	}
	{Entity "_infantry2_rus" 0x8028
		{Position 2663.1 2527.97 29}
		{Turn -126.45}
		{Extender "inventory"
			{box
				{clear}
				{item "ammo pistol" 43 {cell 0 1}}
				{item "grenade m24" {cell 2 0}}
				{item "bandage" {cell 6 0}}
			}
		}
		{Player 2}
		{MID 36}
		{Weaponry
			{State
				{Mounted "mp40"}
				{Weapon
					{Ammo "ammo pistol" 32}
				}
			}
		}
		{Breed "ger.infantry_smg"}
		{Cover
			{sector 2663.1 2527.97 {type "look_2way"}
				{wall 0 0 2657.45 2540.84 2678.07 2525.61}
			}
		}
		{FsmState "stand"}
	}
	{Entity "_infantry2_rus" 0x8029
		{Position 3800.37 4849.27 -4}
		{Turn -128.463}
		{Extender "inventory"
			{box
				{clear}
				{item "ammo mgun" 100 {cell 0 1}}
				{item "ammo mgun" 100 {cell 0 0}}
				{item "grenade m39" {cell 2 0}}
			}
		}
		{Player 2}
		{MID 37}
		{Weaponry
			{State
				{Mounted "mg34"}
				{Weapon
					{Ammo "ammo mgun" 50}
				}
			}
		}
		{Breed "ger.infantry_mgun"}
		{FsmState "stand"}
	}
	{Entity "barricade" 0x802f
		{Position 2523.09 2948.19 29}
		{Turn 124.037}
	}
	{Entity "_infantry2_rus" 0x8013
		{Position 3136.12 3512.57 29}
		{Turn -114.303}
		{Extender "inventory"
			{box
				{clear}
				{item "ammo pistol" 40 {cell 0 1}}
				{item "grenade m24" {cell 2 0}}
			}
		}
		{Player 2}
		{MID 15}
		{Weaponry
			{State
				{Mounted "mp40"}
				{Weapon
					{Ammo "ammo pistol" 32}
				}
			}
		}
		{Breed "ger.infantry_smg"}
		{Cover
			{sector 3136.12 3512.57 {type "look_left"}
				{wall 0 0 3130.03 3523 3149.34 3514.28}
			}
		}
		{FsmState "stand"}
	}
	{Entity "_infantry2_rus" 0x8002
		{Position 3517.85 2682.32 29}
		{Turn -24.7348}
		{Extender "vitality"
			{Health
				{Max 10}
				{Current 10}
			}
		}
		{Extender "inventory"
			{box
				{clear}
				{item "ammo pistol" 100 {cell 0 1}}
				{item "ammo pistol" 42 {cell 0 0}}
				{item "grenade f1" {cell 0 2}}
				{item "knife hand" {cell 2 0}}
			}
		}
		{Player 1}
		{MID 16}
		{Able {crew 0}{select 0}{repair 0}{talk 0}{fight 0}}
		{Weaponry
			{State
				{Mounted "ppsh"}
				{Weapon
					{Ammo "ammo pistol" 71}
				}
			}
		}
		{Breed "rus.specnaz"}
		{Cover
			{sector 3517.85 2682.32 {type "snipe_cover"}
				{wall 0 0 3550.23 2735.89 3504.18 2635.93}
			}
		}
		{FsmState "snipe"}
	}
	{Entity "_infantry2_rus" 0x800a
		{Position 2420.27 3443.51 29}
		{Turn 154.045}
		{Extender "vitality"
			{Health
				{Max 700}
				{Current 700}
			}
		}
		{Extender "inventory"
			{box
				{clear}
				{item "ammo pistol" 100 {cell 0 1}}
				{item "ammo pistol" 42 {cell 0 0}}
			}
		}
		{Player 1}
		{MID 6}
		{Able {select 0}}
		{Weaponry
			{State
				{Mounted "ppsh"}
				{Weapon
					{Ammo "ammo pistol" 71}
				}
			}
		}
		{Breed "rus.specnaz"}
		{Cover
			{sector 2420.27 3443.51 {type "look_right"}
				{wall 0 0 2431.9 3451.41 2420.68 3428.36}
			}
		}
		{FsmState "stand"}
	}
	{Entity "_infantry2_rus" 0x8014
		{Position 4500.87 6436.73 -3}
		{Orientation
			 -0.251833  -0.967771  -0.000000
			 -0.967771   0.251833   0.000000
			  0.000000  -0.000000   1.000000
		}
		{Extender "inventory"
			{box
				{clear}
				{item "ammo pistol" 60 {cell 0 0}}
				{item "knife hand" {cell 2 0}}
				{item "valter" {cell 4 0}}
			}
		}
		{Player 2}
		{MID 17}
		{Breed "ger.tank_com"}
		{FsmState "board"}
	}
	{Entity "_infantry2_rus" 0x801f
		{Position 4500.87 6436.73 -3}
		{Orientation
			 -0.251833  -0.967771  -0.000000
			 -0.967771   0.251833   0.000000
			  0.000000  -0.000000   1.000000
		}
		{Extender "inventory"
			{box
				{clear}
				{item "ammo pistol" 44 {cell 0 0}}
				{item "grenade m24" {cell 2 0}}
				{item "grenade m24" {cell 4 0}}
				{item "mp40" {cell 0 1}}
			}
		}
		{Player 2}
		{MID 27}
		{Breed "ger.tank_crew"}
		{FsmState "board"}
	}
	{Entity "_infantry2_rus" 0x8021
		{Position 4500.87 6436.73 -3}
		{Orientation
			 -0.251833  -0.967771  -0.000000
			 -0.967771   0.251833   0.000000
			  0.000000  -0.000000   1.000000
		}
		{Extender "inventory"
			{box
				{clear}
				{item "ammo pistol" 51 {cell 0 0}}
				{item "grenade m24" {cell 2 0}}
				{item "grenade m24" {cell 4 0}}
				{item "mp40" {cell 0 1}}
			}
		}
		{Player 2}
		{MID 29}
		{Breed "ger.tank_crew"}
		{FsmState "board"}
	}
	{Entity "_infantry2_rus" 0x8027
		{Position 4500.87 6436.73 -3}
		{Orientation
			 -0.251833  -0.967771  -0.000000
			 -0.967771   0.251833   0.000000
			  0.000000  -0.000000   1.000000
		}
		{Extender "inventory"
			{box
				{clear}
				{item "ammo pistol" 38 {cell 0 0}}
				{item "grenade m24" {cell 2 0}}
				{item "grenade m24" {cell 4 0}}
				{item "mp40" {cell 0 1}}
			}
		}
		{Player 2}
		{MID 38}
		{Breed "ger.tank_crew"}
		{FsmState "board"}
	}
	{Entity "_infantry2_rus" 0x802a
		{Position 4490.7 6488.36 24.688}
		{Orientation
			 -0.953061   0.248005   0.173600
			 -0.251833  -0.967771  -0.000000
			  0.168005  -0.043718   0.984800
		}
		{Extender "inventory"
			{box
				{clear}
				{item "ammo pistol" 47 {cell 0 1}}
				{item "grenade m24" {cell 2 0}}
				{item "mp40" filling "ammo pistol" 32 {cell 4 0}}
			}
		}
		{DisableObstacles}
		{Player 2}
		{MID 39}
		{Breed "ger.infantry_smg"}
		{FsmState "board"}
	}
	{Entity "_infantry2_rus" 0x802b
		{Position 4486.5 6472.22 24.688}
		{Orientation
			 -0.985775  -0.006767   0.167900
			 -0.000709  -0.999019  -0.044200
			  0.168005  -0.043718   0.984800
		}
		{Extender "inventory"
			{box
				{clear}
				{item "ammo mgun" 100 {cell 0 1}}
				{item "ammo mgun" 100 {cell 0 0}}
				{item "grenade m24" {cell 0 2}}
				{item "mg34" filling "ammo mgun" 50 {cell 2 0}}
			}
		}
		{DisableObstacles}
		{Player 2}
		{MID 40}
		{Breed "ger.infantry_mgun"}
		{FsmState "board"}
	}
	{Entity "pz-4g" 0x802c
		{Position 4500.87 6436.73 -3}
		{Turn -104.586}
		{TexMod "ambush1"}
		{Extender "inventory"
			{box
				{clear}
				{item "bullet75 fg" 27 {cell 0 2}}
			}
		}
		{Player 2}
		{MID 41}
		{Weaponry
			{State "gun"
				{Weapon
					{Ammo "bullet75 fg" 1}
				}
			}
			{State "mgun"
				{Weapon
					{Ammo "ammo mgun" 50}
				}
			}
		}
	}
	{Entity "_infantry2_rus" 0x8022
		{Position 2782.92 2138.35 29}
		{Extender "inventory"
			{box
				{clear}
				{item "ammo mgun" 100 {cell 0 1}}
				{item "ammo mgun" 100 {cell 0 0}}
				{item "grenade m24" {cell 0 2}}
			}
		}
		{Player 2}
		{MID 30}
		{Weaponry
			{State
				{Mounted "mg34"}
				{Weapon
					{Ammo "ammo mgun" 50}
				}
			}
		}
		{Breed "ger.infantry_mgun"}
		{FsmState "stand"}
	}
	{Entity "_infantry2_rus" 0x8047
		{Position 6724.96 2972.03 -0.8506}
		{Orientation
			 -0.891222   0.441534  -0.103900
			 -0.443931  -0.896061   0.000000
			 -0.093101   0.046124   0.994600
		}
		{Extender "inventory"
			{box
				{clear}
				{item "ammo pistol" 40 {cell 0 1}}
				{item "grenade m39" {cell 2 0}}
			}
		}
		{DisableObstacles}
		{Player 2}
		{MID 68}
		{Weaponry
			{State
				{Mounted "mp40"}
				{Weapon
					{Ammo "ammo pistol" 32}
				}
			}
		}
		{Breed "ger.infantry_smg"}
		{FsmState "board"}
	}
	{Entity "_infantry2_rus" 0x8048
		{Position 6721.34 2957.49 0.3124}
		{Turn 153.645}
		{Extender "inventory"
			{box
				{clear}
				{item "ammo pistol" 49 {cell 0 1}}
				{item "grenade m24" {cell 2 0}}
			}
		}
		{DisableObstacles}
		{Player 2}
		{MID 69}
		{Weaponry
			{State
				{Mounted "mp40"}
				{Weapon
					{Ammo "ammo pistol" 32}
				}
			}
		}
		{Breed "ger.infantry_smg"}
		{FsmState "board"}
	}
	{Entity "bmw-r12" 0x804a
		{Position 6717.33 2968.6 0}
		{Turn 153.645}
		{Extender "inventory"
			{box
				{clear}
				{item "ammo mgun" 100 {cell 3 0}}
			}
		}
		{Player 2}
		{MID 71}
		{Weaponry
			{State
				{Weapon
					{Ammo "ammo mgun" 50}
				}
			}
		}
	}
	{Entity "_infantry2_rus" 0x8049
		{Position 6732.34 2968.37 6.953}
		{Orientation
			 -0.882441   0.437183   0.173600
			 -0.443931  -0.896061   0.000000
			  0.155556  -0.077066   0.984800
		}
		{Extender "inventory"
			{box
				{clear}
				{item "ammo mgun" 100 {cell 0 1}}
				{item "grenade m24" {cell 0 2}}
			}
		}
		{DisableObstacles}
		{Player 2}
		{MID 70}
		{Weaponry
			{State
				{Mounted "mg34"}
				{Weapon
					{Ammo "ammo mgun" 50}
				}
			}
		}
		{Breed "ger.infantry_mgun"}
		{FsmState "board"}
	}
	{Entity "_infantry2_rus" 0x8053
		{Position 2656.08 3058.86 29}
		{Turn 144.514}
		{Extender "vitality"
			{Health
				{Max 250}
				{Current 250}
			}
		}
		{Extender "inventory"
			{box
				{clear}
				{item "mp40" {cell 0 0}}
				{item "ammo pistol" 42 {cell 4 0}}
			}
		}
		{Player 2}
		{MID 80}
		{Breed "ger.infantry_smg"}
		{Cover
			{sector 2656.08 3058.86 {type "squat_lie"}
				{wall 0 0 2641.72 3050.78 2659.03 3075.06}
			}
		}
		{FsmState "squat"}
	}
	{Entity "_infantry2_rus" 0x8054
		{Position 2704.43 3109.54 29}
		{Turn 120.13}
		{Extender "vitality"
			{Health
				{Max 250}
				{Current 250}
			}
		}
		{Extender "inventory"
			{box
				{clear}
				{item "ammo pistol" 40 {cell 0 1}}
			}
		}
		{Player 2}
		{MID 81}
		{Weaponry
			{State
				{Mounted "mp40"}
				{Weapon
					{Ammo "ammo pistol" 32}
				}
			}
		}
		{Breed "ger.infantry_smg"}
		{Cover
			{sector 2704.43 3109.54 {type "squat_lie"}
				{wall 0 0 2678.25 3102.44 2784.2 3163.93}
			}
		}
		{FsmState "squat"}
	}
	{Entity "_infantry2_rus" 0x8055
		{Position 2728.91 3545.34 29}
		{Turn -25.8039}
		{Extender "inventory"
			{box
				{clear}
				{item "mp40" {cell 0 0}}
				{item "ammo pistol" 40 {cell 4 0}}
			}
		}
		{Player 2}
		{MID 82}
		{Breed "ger.infantry_smg"}
		{Cover
			{sector 2728.91 3545.34 {type "look_left"}
				{wall 0 0 2719.65 3542.26 2726.24 3555.89}
			}
		}
		{FsmState "stand"}
	}
	{Entity "_infantry2_rus" 0x8056
		{Position 2742.72 3234.78 29}
		{Turn 174.049}
		{Extender "vitality"
			{Health
				{Max 250}
				{Current 250}
			}
		}
		{Extender "inventory"
			{box
				{clear}
				{item "mp40" {cell 0 0}}
				{item "ammo pistol" 54 {cell 4 0}}
			}
		}
		{Player 2}
		{MID 83}
		{Breed "ger.infantry_smg"}
		{Cover
			{sector 2742.72 3234.78 {type "squat_lie"}
				{wall 0 0 2732.78 3206.95 2736.95 3246.95}
			}
		}
		{FsmState "squat"}
	}
	{Entity "t-26" 0x8034
		{Position 4986.32 3673.59 0.825909}
		{Turn -173.464}
		{Volume "trackright"
			{Able {touch 0}}
		}
		{Extender "inventory"
			{box
				{clear}
				{item "ammo mgun" 100 {cell 0 0}}
			}
		}
		{Player 3}
		{MID 48}
		{Chassis
			{Broken}
		}
		{Component "trackleft"
			{Able {work 0}{repair 0}}
		}
		{Component "trackright"
			{Able {work 0}{repair 0}}
		}
		{Component "body"
			{Able {work 0}}
		}
		{Component "turret"
			{Able {work 0}}
		}
	}
	{Entity "bt-7" 0x8035
		{Position 5110.6 3437.09 28.3657}
		{Turn 164.851}
		{Volume "turret"
			{Able {touch 0}}
		}
		{Volume "body1"
			{Able {touch 0}}
		}
		{Extender "inventory"
			{box
				{clear}
			}
		}
		{Player 3}
		{MID 49}
		{Weaponry
			{Number 1}
			{State "mgun"
				{Unmounted}
			}
		}
		{Chassis
			{Broken}
		}
		{Component "trackleft"
			{Able {work 0}{repair 0}}
		}
		{Component "trackright"
			{Able {work 0}{repair 0}}
		}
		{Component "body"
			{Able {work 0}{repair 0}}
		}
		{Component "turret"
			{Able {work 0}{repair 0}}
		}
	}
	{Entity "smoke_grey_storeable" 0x8036
		{Position 5718.97 3735.04 -0.00012207}
	}
	{Entity "smoke_grey_storeable2" 0x8038
		{Position 5757.66 3500.72 -0.00372314}
	}
	{Entity "smoke_grey_storeable" 0x8043
		{Position 5399.99 3603.15 -0.0010376}
	}
	{Entity "smoke_grey_storeable" 0x8044
		{Position 5469.78 3605.33 0.0020752}
	}
	{Entity "smoke_grey_storeable" 0x8045
		{Position 5157.16 3507.74 2.96835}
	}
	{Entity "smoke_grey_storeable" 0x8046
		{Position 5120.42 3553.95 24.9664}
	}
	{Entity "smoke_grey_storeable" 0x8057
		{Position 5867.61 3375.13 0.000915527}
	}
	{Entity "smoke_grey_storeable" 0x8058
		{Position 5973.29 3397.31 -0.000427246}
	}
	{Entity "smoke_grey_storeable" 0x8059
		{Position 5922.1 3345 -0.000701904}
	}
	{Entity "t-34-76-41" 0x8032
		{Position 5590.14 3704.49 0.98501}
		{Turn 47.3498}
		{Volume "trackleft"
			{Able {touch 0}}
		}
		{Volume "trackright"
			{Able {touch 0}}
		}
		{Placer
			{State "seat1" {Broken}}
			{State "seat2" {Broken}}
			{State "seat3" {Broken}}
			{State "seat4" {Broken}}
		}
		{Slicer
			{"turret" 0x805a "turret"}
		}
		{Extender "inventory"
			{box
				{clear}
			}
		}
		{Player 3}
		{MID 46}
		{Weaponry
			{State "mgun"
				{Unmounted}
			}
		}
		{Chassis
			{Broken}
		}
		{Component "trackleft"
			{Able {work 0}{repair 0}}
		}
		{Component "trackright"
			{Able {work 0}{repair 0}}
		}
		{Component "body"
			{Able {work 0}{repair 0}}
		}
		{Component "turret"
			{Able {work 0}{repair 0}}
		}
	}
	{Entity "piece_large_steel" 0x805a
		{Position 5692.44 3816.6 9.6352}
		{Orientation
			 -0.998746   0.037234  -0.033460
			  0.037249   0.999306   0.000186
			  0.033444  -0.001060  -0.999440
		}
		{Volume "gun"
			{Able {visible 0}{obstacle 0}{contact 0}{touch 1}}
		}
		{Volume "turret"
			{Able {touch 1}}
		}
	}
	{Entity "smoke_grey_storeable" 0x805f
		{Position 5014.52 3680.94 -0.00152588}
	}
	{Entity "smoke_grey_storeable" 0x8060
		{Position 4961.38 3673.7 0.00109863}
	}
	{Entity "crater_big" 0x805b
		{Position 4987.88 3643.98 0}
		{Orientation
			  0.453783  -0.891111   0.000000
			  0.891111   0.453783   0.000000
			  0.000000   0.000000   1.000000
		}
		{AreaDisable "cut"}
	}
	{Entity "crater_big" 0x8061
		{Position 5022.34 3400.35 31}
		{Orientation
			 -0.994672  -0.103066   0.000000
			  0.103066  -0.994672   0.000000
			  0.000000   0.000000   1.000000
		}
		{AreaDisable "cut"}
	}
	{Entity "_infantry2_rus" 0x8062
		{Position 5575.68 3797.86 0}
		{Turn 96.7231}
		{SpawnedInFog}
		{Extender "vitality"
			{Dead}
			{Energy 0.01}
		}
		{Extender "inventory"
			{box
				{clear}
				{item "grenade f1" {cell 0 0}}
			}
		}
		{DisableObstacles}
		{Player 1}
		{MID 51}
		{Able {select 0}{talk 0}}
		{Breed "rus.infantry_smg"}
		{FsmState "dead"}
	}
	{Entity "_infantry2_rus" 0x8063
		{Position 5671.87 3483.36 0}
		{Turn -24.6032}
		{Extender "vitality"
			{Dead}
			{Energy 0.01}
		}
		{Extender "inventory"
			{box
				{clear}
				{item "ptrs" {cell 0 0}}
				{item "ammo ptr" 5 {cell 0 2}}
				{item "grenade rpg40" {cell 2 2}}
				{item "bandage" 5 {cell 4 2}}
				{item "bandage" 2 {cell 6 2}}
			}
		}
		{DisableObstacles}
		{Player 1}
		{MID 53}
		{Able {select 0}{talk 0}}
		{Breed "rus.infantry_smg"}
		{FsmState "dead"}
	}
	{Entity "_infantry2_rus" 0x8064
		{Position 5087.09 3658.97 0}
		{Turn 66.894}
		{Extender "vitality"
			{Dead}
			{Energy 0.01}
		}
		{Extender "inventory"
			{box
				{clear}
				{item "ammo pistol" 66 {cell 4 0}}
				{item "nagan" {cell 0 0}}
				{item "ppsh" {cell 0 1}}
			}
		}
		{DisableObstacles}
		{Player 1}
		{MID 54}
		{Able {select 0}{talk 0}}
		{Breed "rus.infantry_smg"}
		{FsmState "dead"}
	}
	{Entity "_infantry2_rus" 0x8065
		{Position 5763.39 3770.2 0}
		{Turn -24.1692}
		{SpawnedInFog}
		{Extender "vitality"
			{Dead}
			{Energy 0.01}
		}
		{Extender "inventory"
			{box
				{clear}
				{item "grenade f1" {cell 0 0}}
			}
		}
		{DisableObstacles}
		{Player 1}
		{MID 64}
		{Able {select 0}{talk 0}}
		{Breed "rus.infantry_smg"}
		{FsmState "dead"}
	}
	{Entity "_infantry2_rus" 0x8066
		{Position 5461.35 3462.02 0}
		{Extender "vitality"
			{Dead}
			{Energy 0.01}
		}
		{Extender "inventory"
			{box
				{clear}
				{item "mosin" {cell 0 0}}
				{item "ammo rifle" 6 {cell 4 0}}
				{item "grenade f1" {cell 5 0}}
				{item "grenade f1" {cell 6 0}}
				{item "grenade f1" {cell 7 0}}
			}
		}
		{DisableObstacles}
		{Player 1}
		{MID 65}
		{Able {select 0}{talk 0}}
		{Breed "rus.infantry_smg"}
		{FsmState "dead"}
	}
	{Entity "helmet1_ger" 0x806a
		{Position 5217.29 3590.43 1.61252}
		{Orientation
			  0.007272   0.000868   0.999973
			  0.946570   0.322420  -0.007163
			 -0.322418   0.946596   0.001523
		}
	}
	{Entity "mp40" 0x8069
		{Position 5420.56 3414.53 2.62137}
		{Orientation
			 -0.805843  -0.588752   0.063154
			 -0.110546   0.044806  -0.992860
			  0.581719  -0.807071  -0.101191
		}
		{Extender "stuff"
			{Item "mp40" filling "ammo pistol" 32}
		}
	}
	{Entity "kv-1" 0x8033
		{Position 4600.03 4105.81 0.803717}
		{Turn 109.172}
		{Volume "body2"
			{Able {touch 0}}
		}
		{Volume "body1"
			{Able {touch 0}}
		}
		{Extender "inventory"
			{box
				{clear}
			}
		}
		{Player 3}
		{MID 47}
		{Weaponry
			{State "mgun"
				{Unmounted}
			}
		}
		{Chassis
			{Broken}
		}
		{Component "trackleft"
			{Able {work 0}}
		}
		{Component "body"
			{Able {work 0}{repair 0}}
		}
	}
	{Entity "crater_big" 0x806b
		{Position 4854.99 3781.09 0}
		{Orientation
			 -0.478655   0.878006   0.000000
			 -0.878006  -0.478655   0.000000
			  0.000000   0.000000   1.000000
		}
		{AreaDisable "cut"}
	}
	{Entity "crater_big" 0x8067
		{Position 4733.81 3931.32 0}
		{Orientation
			  0.522763   0.852474   0.000000
			 -0.852474   0.522763   0.000000
			  0.000000   0.000000   1.000000
		}
		{AreaDisable "cut"}
	}
	{Entity "crater_big" 0x806c
		{Position 4626.71 4053.03 0}
		{Orientation
			  0.962960   0.269635   0.000000
			 -0.269635   0.962960   0.000000
			  0.000000   0.000000   1.000000
		}
		{AreaDisable "cut"}
	}
	{Entity "sdkfz251_1" 0x8068
		{Position 3505.54 4389.15 -3}
		{Turn 63.3025}
		{Extender "inventory"
			{box
				{clear}
				{item "ammo mgun" 100 {cell 0 0}}
			}
		}
		{Player 2}
		{MID 66}
	}
	{Entity "_infantry2_rus" 0x8073
		{Position 3514.93 4397.87 7.5485}
		{Orientation
			  0.420616   0.836393   0.351600
			 -0.893391   0.449280   0.000000
			 -0.157967  -0.314116   0.936200
		}
		{Extender "inventory"
			{box
				{clear}
				{item "mp41" {cell 0 0}}
				{item "ammo pistol" 60 {cell 4 0}}
			}
		}
		{DisableObstacles}
		{Player 2}
		{MID 67}
		{Breed "ger.tankman"}
		{FsmState "board"}
	}
	{Entity "_infantry2_rus" 0x8074
		{Position 3503.15 4386.13 13.6882}
		{Turn 64.2078}
		{Extender "inventory"
			{box
				{clear}
				{item "mp41" {cell 0 0}}
				{item "ammo pistol" 60 {cell 4 0}}
			}
		}
		{DisableObstacles}
		{Player 2}
		{MID 84}
		{Breed "ger.tankman"}
		{FsmState "board"}
	}
	{Entity "_infantry2_rus" 0x8075
		{Position 3495.24 4381.3 13.7896}
		{Orientation
			  0.879812  -0.442451   0.173600
			  0.449280   0.893391   0.000000
			 -0.155093   0.077995   0.984800
		}
		{Extender "vitality"
			{Health
				{Max 200}
				{Current 200}
			}
		}
		{Extender "inventory"
			{box
				{clear}
				{item "ammo pistol" 100 {cell 4 0}}
				{item "bandage" 3 {cell 4 1}}
				{item "mp41" filling "ammo pistol" 32 {cell 0 0}}
			}
		}
		{DisableObstacles}
		{Player 2}
		{MID 85}
		{Breed "ger.elite_ss"}
		{LastItem "mp41"}
		{FsmState "board"}
	}
	{Entity "_infantry2_rus" 0x8076
		{Position 3480.64 4352.26 13.7896}
		{Orientation
			  0.879812  -0.442451   0.173600
			  0.449280   0.893391   0.000000
			 -0.155093   0.077995   0.984800
		}
		{Extender "vitality"
			{Health
				{Max 200}
				{Current 200}
			}
		}
		{Extender "inventory"
			{box
				{clear}
				{item "mauzer" {cell 0 0}}
				{item "ammo rifle" 5 {cell 0 3}}
				{item "bandage" {cell 6 0}}
				{item "bandage" {cell 4 0}}
				{item "grenade m24" {cell 4 1}}
			}
		}
		{DisableObstacles}
		{Player 2}
		{MID 86}
		{Breed "ger.elite_ss"}
		{LastItem "mp41"}
		{FsmState "board"}
	}
	{Entity "_infantry2_rus" 0x8077
		{Position 3490.87 4349.42 11.957}
		{Orientation
			 -0.880351   0.441379   0.173600
			 -0.448208  -0.893930  -0.000000
			  0.155183  -0.077816   0.984800
		}
		{Extender "vitality"
			{Health
				{Max 200}
				{Current 200}
			}
		}
		{Extender "inventory"
			{box
				{clear}
				{item "ammo pistol" 100 {cell 4 0}}
				{item "grenade m24" {cell 6 1}}
				{item "grenade m24" {cell 0 2}}
				{item "mp41" filling "ammo pistol" 32 {cell 0 0}}
			}
		}
		{DisableObstacles}
		{Player 2}
		{MID 87}
		{Breed "ger.elite_ss"}
		{LastItem "mp41"}
		{FsmState "board"}
	}
	{Entity "_infantry2_rus" 0x8078
		{Position 3485.62 4362.16 13.7896}
		{Orientation
			  0.879812  -0.442451   0.173600
			  0.449280   0.893391   0.000000
			 -0.155093   0.077995   0.984800
		}
		{Extender "vitality"
			{Health
				{Max 200}
				{Current 200}
			}
		}
		{Extender "inventory"
			{box
				{clear}
				{item "mauzer" {cell 0 0}}
				{item "ammo rifle" 10 {cell 4 0}}
				{item "grenade m39" {cell 5 0}}
				{item "grenade m39" {cell 6 0}}
			}
		}
		{DisableObstacles}
		{Player 2}
		{MID 88}
		{Breed "ger.elite_ss"}
		{LastItem "grenade m24"}
		{LastThrowItem "grenade m24"}
		{FsmState "board"}
	}
	{Entity "_infantry2_rus" 0x8079
		{Position 3295.12 3628.44 27.1559}
		{Extender "inventory"
			{box
				{clear}
				{item "mauzer" {cell 0 0}}
				{item "ammo rifle" 6 {cell 4 0}}
			}
		}
		{Player 2}
		{MID 89}
		{Breed "ger.infantry_rifle"}
		{FsmState "stand"}
	}
	{Entity "_infantry2_rus" 0x807a
		{Position 3495.43 4358.52 11.957}
		{Orientation
			 -0.880351   0.441379   0.173600
			 -0.448208  -0.893930  -0.000000
			  0.155183  -0.077816   0.984800
		}
		{Extender "vitality"
			{Health
				{Max 200}
				{Current 200}
			}
		}
		{Extender "inventory"
			{box
				{clear}
				{item "ammo pistol" 100 {cell 4 0}}
				{item "ammo pistol" 100 {cell 6 0}}
				{item "bandage" 3 {cell 4 1}}
				{item "grenade m24" {cell 6 1}}
				{item "grenade m24" {cell 0 2}}
				{item "mp41" filling "ammo pistol" 32 {cell 0 0}}
			}
		}
		{DisableObstacles}
		{Player 2}
		{MID 90}
		{Breed "ger.elite_ss"}
		{LastItem "mp41"}
		{FsmState "board"}
	}
	{Entity "_infantry2_rus" 0x807b
		{Position 3500.62 4368.89 11.957}
		{Orientation
			 -0.880351   0.441379   0.173600
			 -0.448208  -0.893930  -0.000000
			  0.155183  -0.077816   0.984800
		}
		{Extender "vitality"
			{Health
				{Max 200}
				{Current 200}
			}
		}
		{Extender "inventory"
			{box
				{clear}
				{item "ammo pistol" 100 {cell 4 0}}
				{item "mp41" filling "ammo pistol" 32 {cell 2 2}}
				{item "grenade m24x5" {cell 0 0}}
			}
		}
		{DisableObstacles}
		{Player 2}
		{MID 91}
		{Breed "ger.elite_ss"}
		{LastItem "grenade m24"}
		{LastThrowItem "grenade m24"}
		{FsmState "board"}
	}
	{Entity "_infantry2_rus" 0x807c
		{Position 3505.67 4378.96 11.957}
		{Orientation
			 -0.880351   0.441379   0.173600
			 -0.448208  -0.893930  -0.000000
			  0.155183  -0.077816   0.984800
		}
		{Extender "vitality"
			{Health
				{Max 200}
				{Current 200}
			}
		}
		{Extender "inventory"
			{box
				{clear}
				{item "ammo pistol" 100 {cell 4 0}}
				{item "ammo pistol" 100 {cell 6 0}}
				{item "bandage" 3 {cell 4 1}}
				{item "grenade m24" {cell 6 1}}
				{item "grenade m24" {cell 0 2}}
				{item "mp41" filling "ammo pistol" 32 {cell 0 0}}
			}
		}
		{DisableObstacles}
		{Player 2}
		{MID 92}
		{Breed "ger.elite_ss"}
		{LastItem "mp41"}
		{FsmState "board"}
	}
	{Entity "_infantry2_rus" 0x807d
		{Position 3490.55 4371.97 13.7896}
		{Orientation
			  0.879812  -0.442451   0.173600
			  0.449280   0.893391   0.000000
			 -0.155093   0.077995   0.984800
		}
		{Extender "vitality"
			{Health
				{Max 200}
				{Current 200}
			}
		}
		{Extender "inventory"
			{box
				{clear}
				{item "ammo pistol" 100 {cell 6 0}}
				{item "mp41" filling "ammo pistol" 32 {cell 0 0}}
				{item "grenade m24" {cell 4 0}}
			}
		}
		{DisableObstacles}
		{Player 2}
		{MID 93}
		{Breed "ger.elite_ss"}
		{LastItem "mp41"}
		{FsmState "board"}
	}
	{Entity "_infantry2_rus" 0x805c
		{Position 2763.97 3144.1 29}
		{Turn 120.13}
		{Extender "vitality"
			{Health
				{Max 250}
				{Current 250}
			}
		}
		{Extender "inventory"
			{box
				{clear}
				{item "ammo pistol" 40 {cell 0 1}}
			}
		}
		{Player 2}
		{MID 95}
		{Weaponry
			{State
				{Mounted "mp40"}
				{Weapon
					{Ammo "ammo pistol" 32}
				}
			}
		}
		{Breed "ger.infantry_smg"}
		{Cover
			{sector 2763.97 3144.1 {type "squat_lie"}
				{wall 0 0 2678.25 3102.44 2784.2 3163.93}
			}
		}
		{FsmState "squat"}
	}
	{Entity "_infantry2_rus" 0x805d
		{Position 2575.7 2961.36 29}
		{Turn 124.03}
		{Extender "vitality"
			{Health
				{Max 250}
				{Current 250}
			}
		}
		{Extender "inventory"
			{box
				{clear}
				{item "ammo pistol" 40 {cell 0 1}}
			}
		}
		{Player 2}
		{MID 96}
		{Weaponry
			{State
				{Mounted "mp40"}
				{Weapon
					{Ammo "ammo pistol" 32}
				}
			}
		}
		{Breed "ger.infantry_smg"}
		{Cover
			{sector 2575.7 2961.36 {type "squat_lie"}
				{wall 0 0 2561.45 2960.18 2583.16 2974.84}
			}
		}
		{FsmState "squat"}
	}
	{Entity "_infantry2_rus" 0x805e
		{Position 2651.97 2963.72 29}
		{Turn -168.19}
		{Extender "vitality"
			{Health
				{Max 250}
				{Current 250}
			}
		}
		{Extender "inventory"
			{box
				{clear}
				{item "ammo pistol" 40 {cell 0 1}}
			}
		}
		{Player 2}
		{MID 97}
		{Weaponry
			{State
				{Mounted "mp40"}
				{Weapon
					{Ammo "ammo pistol" 32}
				}
			}
		}
		{Breed "ger.infantry_smg"}
		{Cover
			{sector 2651.97 2963.72 {type "squat_lie"}
				{wall 0 0 2661.04 2886.1 2635.97 3006}
			}
		}
		{FsmState "squat"}
	}
	{Entity "_infantry2_rus" 0x806d
		{Position 2877.6 2864.91 29}
		{Extender "inventory"
			{box
				{clear}
				{item "ammo pistol" 40 {cell 0 1}}
				{item "grenade m39" {cell 0 0}}
			}
		}
		{Player 2}
		{MID 98}
		{Weaponry
			{State
				{Mounted "mp40"}
				{Weapon
					{Ammo "ammo pistol" 32}
				}
			}
		}
		{Breed "ger.infantry_smg"}
		{FsmState "stand"}
	}
	{Entity "_infantry2_rus" 0x806e
		{Position 2750.87 3265.1 29}
		{Turn 154.206}
		{Extender "vitality"
			{Health
				{Max 250}
				{Current 250}
			}
		}
		{Extender "inventory"
			{box
				{clear}
				{item "mp40" {cell 0 0}}
				{item "ammo pistol" 40 {cell 4 0}}
				{item "bandage" {cell 6 1}}
			}
		}
		{Player 2}
		{MID 99}
		{Breed "ger.infantry_smg"}
		{Cover
			{sector 2750.87 3265.1 {type "squat_lie"}
				{wall 0 0 2732.07 3242.29 2749.57 3278.5}
			}
		}
		{FsmState "squat"}
	}
	{Entity "smoke_dead_norm_storeable" 0x802e
		{Position 5577.12 3679.21 -0.00183105}
	}
	{Entity "smoke_dead_norm_storeable" 0x8030
		{Position 5575.92 3684.07 -0.000488281}
	}
	{Entity "smoke_dead_tank_storeable" 0x8031
		{Position 4605.31 4171.31 0.00140381}
	}
	{Entity "smoke_dead_tank_storeable" 0x803a
		{Position 4587.4 4036.35 0.000793457}
	}
	{Entity "smoke_dead_tank_storeable" 0x803b
		{Position 4977.98 3650.14 -0.00201416}
	}
	{Entity "smoke_dead_tank_storeable" 0x803c
		{Position 5634.79 3736.25 -0.0012207}
	}
	{Entity "_infantry2_rus" 0x803d
		{Position 2578.12 2567.16 29}
		{Turn -102.8}
		{Extender "inventory"
			{box
				{clear}
				{item "ammo pistol" 40 {cell 0 1}}
				{item "grenade m39" {cell 0 0}}
			}
		}
		{Player 2}
		{MID 43}
		{Weaponry
			{State
				{Mounted "mp40"}
				{Weapon
					{Ammo "ammo pistol" 32}
				}
			}
		}
		{Breed "ger.infantry_smg"}
		{Cover
			{sector 2578.12 2567.16 {type "look_2way"}
				{wall 0 0 2567.78 2576.68 2592.78 2571}
			}
		}
		{FsmState "stand"}
	}
	{Entity "_infantry2_rus" 0x803e
		{Position 2820.49 2813.24 29}
		{Turn -95.9414}
		{Extender "vitality"
			{Health
				{Max 250}
				{Current 250}
			}
		}
		{Extender "inventory"
			{box
				{clear}
				{item "ammo pistol" 40 {cell 0 1}}
				{item "grenade m39" {cell 0 0}}
				{item "bandage" {cell 6 0}}
			}
		}
		{Player 2}
		{MID 44}
		{Weaponry
			{State
				{Mounted "mp40"}
				{Weapon
					{Ammo "ammo pistol" 32}
				}
			}
		}
		{Breed "ger.infantry_smg"}
		{Cover
			{sector 2820.49 2813.24 {type "squat_lie"}
				{wall 0 0 2862.95 2801.78 2741.11 2814.46}
			}
		}
		{FsmState "squat"}
	}
	{Entity "_infantry2_rus" 0x806f
		{Position 2725.35 2478.14 29}
		{Turn 58.3887}
		{Extender "inventory"
			{box
				{clear}
				{item "ammo pistol" 40 {cell 0 1}}
				{item "grenade m39" {cell 0 0}}
			}
		}
		{Player 2}
		{MID 45}
		{Weaponry
			{State
				{Mounted "mp40"}
				{Weapon
					{Ammo "ammo pistol" 32}
				}
			}
		}
		{Breed "ger.infantry_smg"}
		{Cover
			{sector 2725.35 2478.14 {type "squat_lie"}
				{wall 0 0 2716.18 2492 2750.43 2470.92}
			}
		}
		{FsmState "squat"}
	}
	{Entity "_infantry2_rus" 0x8005
		{Position 2981.15 6500.23 0}
		{Extender "inventory"
			{box
				{clear}
				{item "mp40" {cell 0 0}}
				{item "ammo pistol" 40 {cell 4 0}}
			}
		}
		{Player 2}
		{MID 3}
		{Breed "ger.infantry_smg"}
		{FsmState "stand"}
	}
	{Entity "_infantry2_rus" 0x8010
		{Position 3064.64 6500.77 0}
		{Extender "inventory"
			{box
				{clear}
				{item "mp40" {cell 0 0}}
				{item "ammo pistol" 65 {cell 4 0}}
			}
		}
		{Player 2}
		{MID 120}
		{Breed "ger.infantry_smg"}
		{FsmState "stand"}
	}
	{Entity "_infantry2_rus" 0x8008
		{Position 4557.27 6534.51 -3}
		{Turn 14.991}
		{Extender "inventory"
			{box
				{clear}
				{item "mp40" {cell 0 0}}
				{item "ammo pistol" 65 {cell 4 0}}
			}
		}
		{Player 2}
		{MID 12}
		{Breed "ger.infantry_smg"}
		{FsmState "stand"}
	}
	{Entity "_infantry2_rus" 0x8011
		{Position 4526.28 6553.79 -3}
		{Turn 86.9905}
		{Extender "inventory"
			{box
				{clear}
				{item "mp40" {cell 0 0}}
				{item "ammo pistol" 40 {cell 4 0}}
			}
		}
		{Player 2}
		{MID 13}
		{Breed "ger.infantry_smg"}
		{FsmState "stand"}
	}
	{Entity "_infantry2_rus" 0x8012
		{Position 4494.03 6544.08 -3}
		{Turn 10.2973}
		{Extender "inventory"
			{box
				{clear}
				{item "mp40" {cell 0 0}}
				{item "ammo pistol" 37 {cell 4 0}}
			}
		}
		{Player 2}
		{MID 14}
		{Breed "ger.infantry_smg"}
		{FsmState "stand"}
	}
	{Entity "_infantry2_rus" 0x8015
		{Position 3011.84 6432.21 0}
		{Turn -61.1007}
		{Extender "inventory"
			{box
				{clear}
				{item "mp40" {cell 0 0}}
				{item "ammo pistol" 36 {cell 4 0}}
			}
		}
		{Player 2}
		{MID 18}
		{Breed "ger.infantry_smg"}
		{FsmState "stand"}
	}
	{Entity "_infantry2_rus" 0x8016
		{Position 3034.87 6442.19 0}
		{Turn -61.2235}
		{Extender "inventory"
			{box
				{clear}
				{item "mp40" {cell 0 0}}
				{item "ammo pistol" 40 {cell 4 0}}
			}
		}
		{Player 2}
		{MID 19}
		{Breed "ger.infantry_smg"}
		{FsmState "stand"}
	}
	{Entity "_infantry2_rus" 0x8017
		{Position 3053.83 6448.12 0}
		{Turn -68.6637}
		{Extender "inventory"
			{box
				{clear}
				{item "mp40" {cell 0 0}}
				{item "ammo pistol" 40 {cell 4 0}}
			}
		}
		{Player 2}
		{MID 20}
		{Breed "ger.infantry_smg"}
		{FsmState "stand"}
	}
	{Entity "_infantry2_rus" 0x8018
		{Position 3073.25 6456.1 0}
		{Turn -72.7184}
		{Extender "inventory"
			{box
				{clear}
				{item "mp40" {cell 0 0}}
				{item "ammo pistol" 65 {cell 4 0}}
			}
		}
		{Player 2}
		{MID 31}
		{Breed "ger.infantry_smg"}
		{FsmState "stand"}
	}
	{Entity "pointer" 0x8024
		{Position 3910.15 1152.27 0}
	}
	{Entity "_infantry2_rus" 0x8023
		{Position 5262.59 3144.41 31}
		{Turn -148.123}
		{Extender "vitality"
			{Health
				{Max 230}
				{Current 230}
			}
		}
		{Extender "inventory"
			{box
				{clear}
				{item "ammo pistol" 41 {cell 2 0}}
				{item "tt" filling "ammo pistol" 8 {cell 0 0}}
			}
		}
		{Player 1}
		{MID 32}
		{Breed "hero.kurennoy"}
		{Cover
			{sector 4962 3167 {type "bush_stand"}
			}
		}
		{FsmState "stand"}
	}
	{Entity "_infantry2_rus" 0x8026
		{Position 5172.42 3188.67 30.3429}
		{Turn -117.784}
		{Extender "vitality"
			{Health
				{Max 230}
				{Current 230}
			}
		}
		{Extender "inventory"
			{box
				{clear}
				{item "ammo pistol" 17 {cell 2 0}}
				{item "grenade molotov_coctail" {cell 4 0}}
				{item "tt" filling "ammo pistol" 8 {cell 0 0}}
			}
		}
		{Player 1}
		{MID 34}
		{Breed "hero.prokhorov"}
		{FsmState "stand"}
	}
	{Entity "_infantry2_rus" 0x8001
		{Position 2278.89 3291.48 29}
		{Turn 155.388}
		{Extender "vitality"
			{Health
				{Max 6500}
				{Current 6500}
			}
		}
		{Extender "inventory"
			{box
				{clear}
				{item "ammo mgun" 100 {cell 0 0}}
				{item "ammo mgun" 100 {cell 0 1}}
				{item "bandage" 5 {cell 2 0}}
			}
			{armor "body"
				{Item "body_armor"}
			}
		}
		{Player 1}
		{MID 2}
		{Able {select 0}}
		{Weaponry
			{State
				{Mounted "dt"}
				{Weapon
					{Ammo "ammo mgun" 60}
				}
			}
		}
		{Breed "hero.lesin"}
		{Cover
			{sector 2278.89 3291.48 {type "look_left"}
				{wall 0 0 2289 3296.75 2221.45 3149.29}
			}
		}
		{FsmState "stand"}
	}
	{Entity "sdkfz251_1" 0x8000
		{Position 5742.44 1582.79 29.0046}
		{Turn 153.029}
		{Extender "inventory"
			{box
				{clear}
				{item "ammo mgun" 100 {cell 0 0}}
			}
		}
		{Player 2}
		{MID 1}
	}
	{Entity "blitz-3.6" 0x8003
		{Position 400.093 1573.97 0}
		{Turn 43.1566}
		{Player 2}
		{MID 4}
	}
	{Entity "_infantry2_rus" 0x802d
		{Position 419.834 1583.01 19.6094}
		{Orientation
			  0.729273   0.683931   0.019600
			 -0.684068   0.729419   0.000000
			 -0.014298  -0.013406   0.999800
		}
		{Extender "inventory"
			{box
				{clear}
				{item "mp40" {cell 0 0}}
				{item "ammo pistol" 40 {cell 4 0}}
				{item "grenade m24" {cell 6 0}}
			}
		}
		{DisableObstacles}
		{Player 2}
		{MID 35}
		{Breed "ger.infantry_smg"}
		{FsmState "board"}
	}
	{Entity "_infantry2_rus" 0x8037
		{Position 409.356 1594.18 19.6093}
		{Orientation
			  0.729273   0.683931   0.019600
			 -0.684068   0.729419   0.000000
			 -0.014298  -0.013406   0.999800
		}
		{Extender "inventory"
			{box
				{clear}
				{item "mp40" {cell 0 0}}
				{item "ammo pistol" 40 {cell 4 0}}
				{item "grenade m24" {cell 6 0}}
			}
		}
		{DisableObstacles}
		{Player 2}
		{MID 42}
		{Breed "ger.infantry_smg"}
		{FsmState "board"}
	}
	{Entity "_infantry2_rus" 0x8039
		{Position 384.195 1547.75 25.1061}
		{Orientation
			 -0.632105   0.772246   0.064300
			 -0.774576  -0.631959  -0.025700
			  0.020797  -0.066040   0.997600
		}
		{Extender "inventory"
			{box
				{clear}
				{item "mauzer" {cell 0 0}}
				{item "ammo rifle" 6 {cell 4 0}}
				{item "grenade m24" {cell 5 0}}
			}
		}
		{DisableObstacles}
		{Player 2}
		{MID 50}
		{Breed "ger.infantry_rifle"}
		{FsmState "board"}
	}
	{Entity "_infantry2_rus" 0x803f
		{Position 398.392 1561.67 25.5088}
		{Orientation
			 -0.738039   0.650574   0.179000
			 -0.663555  -0.747879  -0.017400
			  0.122540  -0.131713   0.983700
		}
		{Extender "inventory"
			{box
				{clear}
				{item "mp40" {cell 0 0}}
				{item "ammo pistol" 40 {cell 4 0}}
				{item "grenade m24" {cell 6 0}}
			}
		}
