;Exported by: shevchenko
;Date:        Tue May 18 12:32:30 2004
;File:        D:\-Projects-\-3DWork-\sheva\Dima Danjko\shed-france-x.max
{Skeleton
	{animation
		{sequence "crush" {speed 0.5}}
	}
	{bone "w2"
		{parameters "CommonMesh;"}
		{Orientation
			1.0000	0.0000	0.0000
			0.0000	-1.0000	0.0000
			0.0000	0.0000	1.0000
		}
		{VolumeView "w2.ply"}
		{bone "Piece1"
			{Position 43.5313	-28.6938	69.2421}
			{VolumeView "Piece1.ply"}
		}
		{bone "Piece2"
			{Matrix34
				-0.0000	-0.7660	-0.6428
				-0.0000	-0.6428	0.7660
				-1.0000	0.0000	-0.0000
				43.6593	-14.6696	44.9559
			}
			{VolumeView "Piece2.ply"}
		}
		{bone "Piece3"
			{Matrix34
				-0.0000	-1.0000	0.0000
				-0.0000	0.0000	1.0000
				-1.0000	0.0000	-0.0000
				43.5055	11.4518	64.8688
			}
			{VolumeView "Piece3.ply"}
		}
		{bone "Piece4"
			{Matrix34
				0.0000	1.0000	0.0000
				0.0000	-0.0000	1.0000
				1.0000	-0.0000	-0.0000
				24.1565	21.1679	119.7304
			}
			{VolumeView "Piece4.ply"}
		}
		{bone "Piece5"
			{Matrix34
				-0.0000	-0.9962	0.0872
				-0.0000	0.0872	0.9962
				-1.0000	0.0000	-0.0000
				38.9292	2.1193	99.0539
			}
			{VolumeView "Piece5.ply"}
		}
		{bone "Piece6"
			{Matrix34
				1.0000	0.0000	0.0000
				0.0000	-0.0000	1.0000
				0.0000	-1.0000	-0.0000
				22.7895	31.2774	46.4110
			}
			{VolumeView "Piece6.ply"}
		}
		{bone "Piece7"
			{Matrix34
				1.0000	0.0000	0.0000
				0.0000	-0.0000	1.0000
				0.0000	-1.0000	-0.0000
				-4.3398	31.2774	41.0521
			}
			{VolumeView "Piece7.ply"}
		}
		{bone "Piece8"
			{Matrix34
				1.0000	0.0000	0.0000
				0.0000	-0.0000	1.0000
				0.0000	-1.0000	-0.0000
				-32.5036	31.1853	44.6211
			}
			{VolumeView "Piece8.ply"}
		}
		{bone "exterior"
			{Position -16.2117	9.1363	86.1417}
		}
	}
}
{Volume "Piece8"
	{Box 33.0068 28.8681 7.87633}
	{Bone "Piece8"}
	{Position 0.0000	0.0000	0.0009}
}
{Volume "Piece7"
	{Box 23.78 22.7752 7.87402}
	{Bone "Piece7"}
	{Position 0.0000	0.0000	0.0000}
}
{Volume "Piece6"
	{Box 30.5456 16.512 7.87402}
	{Bone "Piece6"}
	{Matrix34
		0.9397	-0.3420	-0.0000
		0.3420	0.9397	-0.0000
		-0.0000	-0.0000	1.0000
		0.2165	1.9947	0.0000
	}
}
{Volume "Piece5"
	{Box 20.4821 26.7047 4.15775}
	{Bone "Piece5"}
	{Position -5.0497	-1.7092	1.1082}
}
{Volume "Piece4"
	{Box 20.4378 25.3087 11.3463}
	{Bone "Piece4"}
	{Position -2.7130	-4.2888	10.2557}
}
{Volume "Piece3"
	{Box 24.7621 18.6005 10.463}
	{Bone "Piece3"}
	{Matrix34
		0.8660	-0.5000	-0.0000
		0.5000	0.8660	-0.0000
		-0.0000	-0.0000	1.0000
		1.6485	2.4041	1.2945
	}
}
{Volume "Piece2"
	{Box 21.322 22.7752 7.87402}
	{Bone "Piece2"}
	{Position 1.2290	-0.0000	-0.0000}
}
{Volume "Piece1"
	{Box 8.26121 29.7356 33.9881}
	{Bone "Piece1"}
	{Position 0.0000	-0.0000	0.0000}
}
