{Skeleton
	{animation
		{sequence "stop"}
		{sequence "start"}
		{sequence "doorright"}
		{sequence "doorleft"}
		{sequence "move1"}
		{sequence "move2"}
	}
	{bone "Basis"
		{parameters "SteerMax=30;WheelRadius=0.5;"}
		{Orientation
			1.0000	0.0000	0.0000
			0.0000	-1.0000	0.0000
			0.0000	0.0000	1.0000
		}
		{bone "Body"
			{parameters "ID=body;"}
			{Matrix34
				0.9998	-0.0000	-0.0175
				0.0000	1.0000	0.0000
				0.0175	-0.0000	0.9998
				-4.0486	0.0000	16.4862
			}
			{VolumeView "Body.ply"}
			{bone "bodyback"
				{parameters "ID=bodyback;"}
				{Matrix34
					1.0000	0.0000	0.0000
					0.0000	1.0000	0.0000
					0.0000	0.0000	1.0000
					-39.0322	0.0000	16.8971
				}
				{VolumeView "bodyback.ply"}
				{bone "seat01"
					{Matrix34
						-0.0934	-0.9794	0.1790
						0.9956	-0.0917	0.0174
						-0.0007	0.1799	0.9837
						21.5172	9.2623	-14.4178
					}
				}
				{bone "seat02"
					{Matrix34
						-0.0225	-0.9834	0.1802
						0.9997	-0.0197	0.0175
						-0.0137	0.1806	0.9835
						11.5064	9.2623	-13.6090
					}
				}
				{bone "seat03"
					{Matrix34
						0.0671	-0.9957	0.0643
						0.9973	0.0688	0.0257
						-0.0300	0.0624	0.9976
						1.5302	9.2623	-14.7681
					}
				}
				{bone "seat04"
					{Matrix34
						-0.0934	-0.9794	0.1790
						0.9956	-0.0917	0.0174
						-0.0007	0.1799	0.9837
						-9.9265	9.2623	-14.3537
					}
				}
				{bone "seat05"
					{Matrix34
						0.1234	-0.9754	0.1828
						0.9915	0.1287	0.0174
						-0.0405	0.1791	0.9830
						-21.1980	8.7607	-15.1664
					}
				}
				{bone "seat06"
					{Matrix34
						0.0932	0.9788	0.1823
						-0.9950	0.0980	-0.0174
						-0.0349	-0.1797	0.9831
						-19.9447	-10.0249	-15.1444
					}
				}
				{bone "seat07"
					{Matrix34
						0.0224	0.9832	0.1810
						-0.9995	0.0260	-0.0175
						-0.0219	-0.1806	0.9833
						-9.9687	-10.0874	-13.9854
					}
				}
				{bone "seat08"
					{Matrix34
						-0.0630	0.9961	0.0621
						-0.9980	-0.0626	-0.0093
						-0.0054	-0.0625	0.9980
						0.0419	-10.1499	-14.7942
					}
				}
				{bone "seat09"
					{Matrix34
						0.0932	0.9788	0.1823
						-0.9950	0.0980	-0.0174
						-0.0349	-0.1797	0.9831
						11.4767	-10.2214	-13.9786
					}
				}
				{bone "seat10"
					{Matrix34
						-0.1237	0.9761	0.1785
						-0.9923	-0.1225	-0.0174
						0.0049	-0.1793	0.9838
						22.7727	-9.7904	-14.3958
					}
				}
			}
			{bone "Cabin"
				{parameters "ID=cabin;"}
				{animation
					{sequence "repair" {file "repair_r.anm"}}
				}
				{Position 9.6261	-0.0000	13.9554}
				{VolumeView "Cabin.ply"}
				{bone "glass"
					{parameters "ID=glass;"}
					{Matrix34
						-0.0000	1.0000	0.0000
						-0.0175	-0.0000	0.9998
						0.9998	0.0000	0.0175
						10.8817	-0.5175	3.8316
					}
					{VolumeView "glass.ply"}
				}
				{bone "commander"
					{Matrix34
						0.9802	-0.0000	0.1978
						0.0000	1.0000	-0.0000
						-0.1978	0.0000	0.9802
						-2.5658	-6.3712	-15.9290
					}
				}
				{bone "driver"
					{Matrix34
						0.9998	-0.0000	0.0175
						0.0000	1.0000	-0.0000
						-0.0175	0.0000	0.9998
						-2.3192	5.0606	-15.7462
					}
				}
				{bone "Visor"
					{Matrix34
						0.9998	-0.0000	0.0175
						0.0000	1.0000	-0.0000
						-0.0175	0.0000	0.9998
						13.2205	0.3100	8.8445
					}
				}
				{bone "Door_L"
					{parameters "ID=cabin;"}
					{Matrix34
						0.9998	-0.0000	0.0175
						-0.0175	0.0000	0.9998
						0.0000	1.0000	-0.0000
						9.5860	12.0535	-0.3611
					}
					{VolumeView "Door_L.ply"}
				}
				{bone "Door_R"
					{parameters "ID=cabin;"}
					{Matrix34
						0.9998	-0.0000	0.0175
						-0.0175	-0.0000	0.9998
						0.0000	-1.0000	-0.0000
						9.5860	-12.0448	-0.3611
					}
					{VolumeView "Door_R.ply"}
				}
			}
			{bone "Engine"
				{parameters "ID=engine;"}
				{animation
					{sequence "repair" {file "engine_r.anm"}}
				}
				{Position 33.5427	-0.1378	4.9020}
				{VolumeView "Engine.ply"}
				{bone "FXsteam"
					{Matrix34
						-0.0504	-0.0000	0.9987
						0.9987	0.0000	0.0504
						-0.0000	1.0000	0.0000
						12.1300	0.4478	7.0721
					}
				}
				{bone "FXlight"
					{Matrix34
						0.9998	-0.0000	0.0175
						-0.0175	-0.0000	0.9998
						0.0000	-1.0000	-0.0000
						15.7457	8.1019	2.3930
					}
				}
				{bone "HeadlightL"
					{Matrix34
						0.9998	-0.0000	0.0175
						-0.0175	-0.0000	0.9998
						0.0000	-1.0000	-0.0000
						14.9927	7.9728	2.4500
                              }
				}
				{bone "HeadlightR"
					{Matrix34
						0.9998	-0.0000	0.0175
						-0.0175	-0.0000	0.9998
						0.0000	-1.0000	-0.0000
						14.9927	-7.9728	2.4500
					}
				}
			}
		}
		{bone "pivot_back"
			{parameters "ID=body;"}
			{Matrix34
				0.9998	0.0000	-0.0175
				0.0000	1.0000	0.0000
				0.0175	0.0000	0.9998
				-37.5997	0.0000	9.2075
			}
			{VolumeView "pivot_back.ply"}
			{bone revolute "wheel_R2"
				{parameters "ID=wheelright2;"}
				{Matrix34
					-1.0000	0.0000	0.0000
					0.0000	0.0000	1.0000
					0.0000	1.0000	-0.0000
					9.3555	-16.4738	0.0872
				}
				{VolumeView "wheel_R2.ply"}
			}
			{bone revolute "wheel_L2"
				{parameters "ID=wheelleft2;"}
				{Matrix34
					-1.0000	0.0000	-0.0000
					-0.0000	0.0000	1.0000
					0.0000	1.0000	-0.0000
					9.3555	16.0241	0.0872
				}
				{VolumeView "wheel_L2.ply"}
			}
			{bone "FXtraceL2"
				{Matrix34
					-1.0000	-0.0000	0.0000
					0.0000	-0.0000	1.0000
					-0.0000	1.0000	0.0000
					-0.8047	16.2247	-5.9219
				}
			}
			{bone "FXtraceR2"
				{Matrix34
					-1.0000	-0.0000	0.0000
					-0.0000	-0.0000	1.0000
					-0.0000	1.0000	0.0000
					-0.8047	-17.1384	-5.9219
				}
			}
			{bone revolute "wheel_L3"
				{parameters "ID=wheelleft3;"}
				{Matrix34
					-1.0000	0.0000	-0.0000
					-0.0000	0.0000	1.0000
					0.0000	1.0000	-0.0000
					-11.3583	16.0241	0.0335
				}
				{VolumeView "wheel_L3.ply"}
			}
			{bone revolute "wheel_R3"
				{parameters "ID=wheelright3;"}
				{Matrix34
					-1.0000	0.0000	0.0000
					0.0000	0.0000	1.0000
					0.0000	1.0000	-0.0000
					-11.3583	-16.4738	0.0335
				}
				{VolumeView "wheel_R3.ply"}
			}
			{bone "FXdust"
				{Matrix34
					-0.9984	-0.0000	-0.0561
					-0.0561	-0.0000	0.9984
					-0.0000	1.0000	0.0000
					-0.9500	0.1614	-1.3311
				}
			}
		}
		{bone "pivot_front"
			{Matrix34
				0.9998	0.0000	-0.0175
				0.0000	1.0000	0.0000
				0.0175	0.0000	0.9998
				37.9237	0.0000	7.8265
			}
			{bone revolute "steer_L"
				{Matrix34
					-1.0000	0.0000	-0.0000
					0.0000	1.0000	0.0000
					0.0000	0.0000	-1.0000
					-0.1840	12.5795	-0.5833
				}
				{bone revolute "wheel_L1"
					{parameters "ID=wheelleft1;"}
					{Matrix34
						1.0000	0.0000	-0.0000
						-0.0000	0.0000	-1.0000
						-0.0000	1.0000	0.0000
						0.0000	0.7637	-1.9685
					}
					{VolumeView "wheel_L1.ply"}
				}
				{bone "FXtraceL1"
					{Matrix34
						0.9997	-0.0000	0.0262
						0.0262	0.0000	-0.9997
						0.0000	1.0000	0.0000
						-4.7951	2.8931	1.2470
					}
				}
			}
			{bone revolute "steer_R"
				{Matrix34
					-1.0000	0.0000	-0.0000
					0.0000	1.0000	0.0000
					0.0000	0.0000	-1.0000
					-0.1840	-12.4917	-0.5833
				}
				{bone revolute "wheel_R1"
					{parameters "ID=wheelright1;"}
					{Matrix34
						1.0000	0.0000	-0.0000
						-0.0000	0.0000	-1.0000
						-0.0000	1.0000	0.0000
						-0.0000	-4.4849	-1.9685
					}
					{VolumeView "wheel_R1.ply"}
				}
				{bone "FXtraceR1"
					{Matrix34
						0.9998	-0.0000	0.0175
						0.0175	0.0000	-0.9998
						0.0000	1.0000	0.0000
						-5.3775	-2.5934	1.9044
					}
				}
			}
		}
		{bone "emit2"
			{parameters "Group=crew;"}
			{Matrix34
				-0.0000	1.0000	0.0000
				-1.0000	-0.0000	0.0000
				0.0000	0.0000	1.0000
				-0.0701	-27.5591	-0.0001
			}
			{visibility 0}
		}
		{bone "emit1"
			{parameters "Group=crew;"}
			{Matrix34
				-0.0000	-1.0000	0.0000
				1.0000	-0.0000	-0.0000
				0.0000	-0.0000	1.0000
				-0.0701	27.5591	-0.0001
			}
			{visibility 0}
		}
		{bone "emit4"
			{Matrix34
				1.0000	0.0000	0.0001
				0.0000	1.0000	0.0000
				-0.0001	0.0000	1.0000
				-92.8706	-10.2547	-0.0061
			}
		}
		{bone "emit3"
			{Matrix34
				1.0000	0.0000	0.0001
				0.0000	1.0000	0.0000
				-0.0001	0.0000	1.0000
				-92.8706	8.2425	-0.0061
			}
		}
	}
}
{Volume "wheelright1"
	{Cylinder 9.5318 3.87454}
	{Bone "wheel_R1"}
	{Matrix34
		-0.9998	0.0175	0.0000
		0.0175	0.9998	-0.0000
		-0.0000	-0.0000	-1.0000
		0.0203	-0.0171	1.7780
	}
}
{Volume "wheelleft1"
	{Cylinder 9.5318 3.87454}
	{Bone "wheel_L1"}
	{Matrix34
		-0.9998	0.0175	0.0000
		0.0175	0.9998	-0.0000
		-0.0000	-0.0000	-1.0000
		0.0203	-0.0171	1.9149
	}
}
{Volume "wheelright3"
	{Cylinder 9.5318 8.05904}
	{Bone "wheel_R3"}
	{Matrix34
		-0.9998	0.0175	0.0000
		0.0175	0.9998	-0.0000
		-0.0000	-0.0000	-1.0000
		0.0145	-0.2473	0.0628
	}
}
{Volume "wheelleft3"
	{Cylinder 9.5318 8.05904}
	{Bone "wheel_L3"}
	{Matrix34
		-0.9998	0.0175	-0.0000
		0.0175	0.9998	-0.0000
		-0.0000	-0.0000	-1.0000
		0.0145	-0.2473	0.2005
	}
}
{Volume "wheelleft2"
	{Cylinder 9.5318 8.05904}
	{Bone "wheel_L2"}
	{Matrix34
		-0.9998	0.0175	0.0000
		0.0175	0.9998	-0.0000
		-0.0000	-0.0000	-1.0000
		0.0144	0.0619	0.2005
	}
}
{Volume "wheelright2"
	{Cylinder 9.5318 8.05904}
	{Bone "wheel_R2"}
	{Matrix34
		-0.9998	0.0175	0.0000
		0.0175	0.9998	-0.0000
		-0.0000	-0.0000	-1.0000
		0.0144	0.0619	0.0628
	}
}
{Volume "engine"
	{Box 26.2057 19.4956 17.6984}
	{Bone "Engine"}
	{Position 0.5574	0.0629	-0.7298}
}
{Volume "glass"
	{Box 2.42645 21.8234 12.6655}
	{Bone "glass"}
	{Matrix34
		-0.0000	-0.0175	0.9998
		1.0000	0.0000	0.0000
		-0.0000	0.9998	0.0175
		0.4426	1.7395	0.8051
	}
}
{Volume "cabin"
	{Box 24.2645 29.0979 33.3304}
	{Bone "Cabin"}
	{Position 0.2972	-0.0749	-1.9673}
}
{Volume "body"
	{Box 113.085 16.5073 7.49933}
	{Bone "Body"}
	{Position -7.4846	-0.0749	-1.4522}
}
{Volume "bodyback"
	{Box 64.1917 42.2586 35.8596}
	{Bone "bodyback"}
	{Matrix34
		1.0000	0.0000	0.0000
		-0.0000	1.0000	-0.0000
		-0.0000	-0.0000	1.0000
		-0.1181	-0.0749	3.4286
	}
}
{Volume "fuel"
	{Box 15.7719 16.5073 7.49933}
	{Bone "Body"}
	{Position 0.6532	-0.0749	-3.9690}
}
