;Exported by: shevchenko
;Date:        Sun May 16 13:30:31 2004
;File:        D:\-Projects-\-3DWork-\sheva\SK\Crate1_5.max
{Skeleton
	{bone "crate2"
		{Orientation
			1.0000	0.0000	0.0000
			0.0000	-1.0000	0.0000
			0.0000	0.0000	1.0000
		}
		{VolumeView "crate2.ply"}
	}
}
{Obstacle "Body"
	{Obb2
		{Center 20.7082 -1.59516}
		{Extent 23.7969 12.4539}
		{Axis 0.25946 0.965754}
	}
	{Rotate}
}
{Obstacle "Body2"
	{Obb2
		{Center -21.1456 -15.3889}
		{Extent 6.63924 10.4131}
		{Axis 0.50046 0.86576}
	}
	{Rotate}
}
{Obstacle "Body1"
	{Obb2
		{Center -14.3679 8.96585}
		{Extent 15.1672 23.5692}
		{Axis 0.0879049 0.996129}
	}
	{Rotate}
}
{Volume "Body"
	{Box 24.8761 47.5774 15.8249}
	{Bone "crate2"}
	{Matrix34
		0.9659	0.2588	0.0000
		-0.2588	0.9659	0.0000
		0.0000	0.0000	1.0000
		20.7082	1.5952	7.9725
	}
}
{Volume "Body5"
	{Box 13.1225 21.8429 6.48591}
	{Bone "crate2"}
	{Matrix34
		-0.4226	0.9063	0.0000
		-0.9063	-0.4226	0.0000
		0.0000	0.0000	1.0000
		18.7832	6.1530	18.8897
	}
}
{Volume "Body4"
	{Box 13.1225 21.8428 12.7175}
	{Bone "crate2"}
	{Matrix34
		-0.0000	1.0000	0.0000
		-1.0000	-0.0000	0.0000
		0.0000	0.0000	1.0000
		-9.1119	-18.3122	18.3276
	}
}
{Volume "Body3"
	{Box 13.1225 21.8429 6.48591}
	{Bone "crate2"}
	{Matrix34
		-0.2588	0.9659	0.0000
		-0.9659	-0.2588	0.0000
		0.0000	0.0000	1.0000
		-23.8031	-5.3674	15.2118
	}
}
{Volume "Body2"
	{Box 13.2674 20.8192 12.5984}
	{Bone "crate2"}
	{Matrix34
		-0.5000	0.8660	0.0000
		-0.8660	-0.5000	0.0000
		0.0000	0.0000	1.0000
		-21.1456	15.3889	6.3592
	}
}
{Volume "Body1"
	{Box 30.299 47.1157 12.2212}
	{Bone "crate2"}
	{Matrix34
		-0.0872	0.9962	0.0000
		-0.9962	-0.0872	0.0000
		0.0000	0.0000	1.0000
		-14.3679	-8.9659	6.1706
	}
}
{Volume "fire1"
	{Box 27.2691 82.1227 19.7067}
	{Bone "crate2"}
	{Matrix34
		-0.1422	0.9898	0.0000
		-0.9898	-0.1422	0.0000
		0.0000	0.0000	1.0000
		2.5608	-15.1283	9.9134
	}
}
{Volume "fire0"
	{Box 28.4053 70.6736 15.2765}
	{Bone "crate2"}
	{Matrix34
		-0.1772	0.9842	0.0000
		-0.9842	-0.1772	0.0000
		0.0000	0.0000	1.0000
		-1.4484	9.7812	7.6983
	}
}
