;Model created by: Eger
;MDL File generated by SOEdit
{Skeleton
	{animation
		{sequence "start"}
		{sequence "stop"}
		{sequence "fire"}
		{sequence "open" {resume}}
		{sequence "hit"}
	}
	{bone "Basis"
		{Orientation
			1.0000	0.0000	0.0000
			0.0000	-1.0000	0.0000
			0.0000	0.0000	1.0000
		}
		{bone "WheelsR"
			{parameters "ID=trackright;"}
			{Matrix34
				1.0000	0.0000	0.0000
				0.0000	0.0000	1.0000
				0.0000	-1.0000	0.0000
				-6.6591	-21.7262	12.4550
			}
			{VolumeView "WheelsR.ply"}
			{bone "FXtraceR3"
				{Matrix34
					-0.9659	0.2588	-0.0000
					-0.0000	0.0000	1.0000
					0.2588	0.9659	-0.0000
					-46.6991	-11.1649	-2.8931
				}
			}
			{bone "FXtraceR2"
				{Matrix34
					-1.0000	0.0000	-0.0000
					-0.0000	0.0000	1.0000
					0.0000	1.0000	0.0000
					-17.7439	-5.7399	0.5085
				}
			}
			{bone "TrackR"
				{parameters "ID=trackright;"}
				{Matrix34
					-1.0000	0.0000	-0.0000
					0.0000	-0.0000	-1.0000
					0.0000	1.0000	-0.0000
					-0.1075	0.0578	1.0538
				}
				{VolumeView "TrackR.ply"}
			}
		}
		{bone "Body"
			{parameters "ID=body;"}
			{animation
				{sequence "repair" {file "body_r.anm"} {speed 0.7}}
			}
			{Matrix34
				-1.0000	0.0000	0.0000
				-0.0000	-1.0000	0.0000
				0.0000	0.0000	1.0000
				-4.5329	0.3068	7.7553
			}
			{VolumeView "Body.ply"}
			{bone "FXfire1"
				{Matrix34
					-0.0000	0.0000	1.0000
					0.0000	-1.0000	0.0000
					1.0000	0.0000	0.0000
					33.2583	0.2634	24.4043
				}
			}
			{bone "FXsmoke2"
				{Matrix34
					0.7069	0.5592	0.4332
					0.4768	-0.8290	0.2922
					0.5225	0.0000	-0.8526
					50.8514	17.4496	25.5925
				}
			}
			{bone "FXsmoke1"
				{Matrix34
					0.6336	-0.6691	0.3883
					-0.5705	-0.7431	-0.3496
					0.5225	0.0000	-0.8526
					50.8514	-16.4102	25.5925
				}
			}
			{bone "FXshot"
				{Matrix34
					-0.0000	0.0000	1.0000
					0.0000	-1.0000	0.0000
					1.0000	0.0000	0.0000
					19.9823	0.2634	6.4268
				}
			}
			{bone revolute "Turret"
				{parameters "ID=turret;"}
				{animation
					{sequence "repair" {file "turret_r.anm"} {speed 0.8}}
				}
				{speed 0.0040}
				{Position -16.0993	-0.2244	26.1183}
				{VolumeView "Turret.ply"}
				{bone revolute "Gun_rot"
					{parameters "ID=turret;"}
					{limits -10.0000 10.0000}
					{speed 0.0010}
					{Matrix34
						-1.0000	-0.0000	-0.0000
						0.0000	0.0000	1.0000
						0.0000	1.0000	0.0000
						-28.8450	0.5330	6.7049
					}
					{VolumeView "Gun_rot.ply"}
					{bone "Gun"
						{parameters "ID=gun;"}
						{Matrix34
							1.0000	0.0000	0.0000
							0.0000	0.0000	-1.0000
							0.0000	1.0000	0.0000
							27.7647	0.0000	-0.4835
						}
						{VolumeView "Gun.ply"}
						{bone "Foresight1"
							{Position 35.3588   -0.0163  0.193}
						}
					}
					{bone revolute "Foresight3"
						{limits -10.0000 15.0000}
                        			{Position 2.2570 1.2499 -7.000}
					}
                                }
				{bone "FXfire2"
					{Matrix34
						-0.0000	0.0000	1.0000
						0.0000	-1.0000	0.0000
						1.0000	0.0000	0.0000
						-25.8518	-6.8021	8.0540
					}
				}
			
				{bone "Crew"
					{parameters "ID=turret;"}
					{Matrix34
						-0.9272	0.3746	0.0000
						-0.3746	-0.9272	0.0000
						0.0000	0.0000	1.0000
						3.4464	-6.5201	19.5063
					}
					{VolumeView "Crew.ply"}
				}
				{bone "Visor1"
					{Matrix34
						-1.0000	-0.0000	-0.0000
						0.0000	-1.0000	0.0000
						-0.0000	0.0000	1.0000
						-20.5054	-6.8590	16.6415
					}
				}
			}
			{bone revolute "WheelsL2"
				{parameters "ID=trackleft;"}
				{Matrix34
					-1.0000	-0.0000	-0.0000
					-0.0000	0.0000	-1.0000
					0.0000	-1.0000	-0.0000
					61.3091	-23.7136	7.8524
				}
				{VolumeView "WheelsL2.ply"}
			}
			{bone revolute "WheelsL1"
				{parameters "ID=trackleft;"}
				{Matrix34
					-1.0000	-0.0000	-0.0000
					-0.0000	0.0000	-1.0000
					0.0000	-1.0000	-0.0000
					-57.1898	-21.7857	8.0229
				}
				{VolumeView "WheelsL1.ply"}
			}
			{bone "seat01"
				{Matrix34
					-0.5208	-0.8204	0.2359
					0.8312	-0.5504	-0.0792
					0.1948	0.1549	0.9685
					14.7152	-28.7000	20.1039
				}
			}
			{bone "seat03"
				{Matrix34
					0.2112	0.9259	0.3131
					-0.9702	0.2374	-0.0477
					-0.1185	-0.2937	0.9485
					37.9607	28.9847	20.7239
				}
			}
			{bone "seat02"
				{Matrix34
					0.0302	-0.9848	0.1710
					0.9848	0.0000	-0.1736
					0.1710	0.1736	0.9698
					38.7838	-26.1547	19.7919
				}
			}
			{bone "seat04"
				{Matrix34
					-0.4435	0.8615	0.2470
					-0.8925	-0.3995	-0.2093
					-0.0816	-0.3133	0.9461
					15.7915	29.4671	20.1480
				}
			}
			{bone revolute "WheelsR1"
				{parameters "ID=trackright;"}
				{Matrix34
					-1.0000	-0.0000	0.0000
					0.0000	-0.0000	-1.0000
					-0.0000	1.0000	-0.0000
					-56.8921	23.1755	8.2498
				}
				{VolumeView "WheelsR1.ply"}
			}
			{bone revolute "WheelsR2"
				{parameters "ID=trackright;"}
				{Matrix34
					-1.0000	-0.0000	0.0000
					0.0000	-0.0000	-1.0000
					-0.0000	1.0000	-0.0000
					61.0571	22.3372	8.1108
				}
				{VolumeView "WheelsR2.ply"}
			}
			{bone "Visor2"
				{Matrix34
					-1.0000	-0.0000	-0.0000
					0.0000	-1.0000	0.0000
					-0.0000	0.0000	1.0000
					-51.9664	-1.2804	21.9144
				}
			}
			{bone "engine"
				{Matrix34
					-0.0000	0.0000	1.0000
					0.0000	-1.0000	0.0000
					1.0000	0.0000	-0.0000
					33.2583	0.2634	12.2798
				}
			}
		}
		{bone revolute "turret2"
			{parameters "ID=turret;"}
			{limits -10.0000 10.0000}
			{Position 46.0000 -7.0000 29.5000}
			{bone revolute "foresight2"
				{parameters "ID=mgun2;"}
				{limits -10.0000 5.0000}
				{Orientation
					1.0000	0.0000	0.0000
					0.0000	0.0000	1.0000
					0.0000	1.0000	0.0000
				}
				{Position 0.0000 0.0000 0.0000}
			}
		}
		{bone "WheelsL"
			{parameters "ID=trackleft;"}
			{Matrix34
				1.0000	0.0000	0.0000
				0.0000	0.0000	1.0000
				0.0000	-1.0000	0.0000
				-6.6591	22.0924	12.4550
			}
			{VolumeView "WheelsL.ply"}
			{bone "FXtraceL3"
				{Matrix34
					-0.9659	0.2588	-0.0000
					-0.0000	-0.0000	1.0000
					0.2588	0.9659	-0.0000
					-46.6991	-11.1649	2.8395
				}
			}
			{bone "FXtraceL2"
				{Matrix34
					-1.0000	0.0000	-0.0000
					-0.0000	-0.0000	1.0000
					0.0000	1.0000	0.0000
					-17.7439	-5.7399	-0.7859
				}
			}
			{bone "FXtraceL1"
				{Matrix34
					-1.0000	0.0000	0.0000
					-0.0000	0.0000	1.0000
					0.0000	1.0000	0.0000
					37.7049	-5.7399	-0.7859
				}
			}
			{bone "TrackL"
				{parameters "ID=trackleft;"}
				{Matrix34
					-1.0000	0.0000	-0.0000
					-0.0000	-0.0000	1.0000
					-0.0000	1.0000	0.0000
					-0.1075	0.0578	-1.4201
				}
				{VolumeView "TrackL.ply"}
			}
		}
		{bone "emit2"
			{Matrix34
				0.0000	1.0000	-0.0000
				-1.0000	0.0000	-0.0000
				-0.0000	0.0000	1.0000
				3.7638	-43.6870	0.2856
			}
		}
		{bone "emit1"
			{Matrix34
				0.0000	-1.0000	-0.0000
				1.0000	0.0000	-0.0000
				0.0000	-0.0000	1.0000
				24.6639	43.7800	0.2856
			}
		}
		{bone "emit4"
			{Matrix34
				0.0000	-1.0000	0.0000
				1.0000	-0.0000	0.0000
				-0.0000	0.0000	1.0000
				-42.5306	53.9448	0.2856
			}
		}
		{bone "emit3"
			{Matrix34
				0.0000	-1.0000	0.0000
				1.0000	-0.0000	0.0000
				-0.0000	0.0000	1.0000
				-20.8766	53.9448	0.2856
			}
		}
		{bone "emit5"
			{Matrix34
				0.0000	1.0000	0.0000
				-1.0000	0.0000	0.0000
				0.0000	-0.0000	1.0000
				-44.9229	-53.1299	0.2856
			}
		}
		{bone "emit6"
			{Matrix34
				0.0000	1.0000	0.0000
				-1.0000	0.0000	0.0000
				0.0000	-0.0000	1.0000
				-21.0572	-53.1299	0.2856
			}
		}
	}
}
{Volume "Trackleft"
	{Box 130.903 12.6049 24.2722}
	{Bone "WheelsL"}
	{Matrix34
		1.0000	0.0000	-0.0000
		-0.0000	0.0000	-1.0000
		0.0000	1.0000	-0.0000
		-0.0549	-0.2499	-0.8344
	}
}
{Volume "Body2"
	{Polyhedron "Body2.vol"}
	{Bone "Body"}
	{Matrix34
		-1.0000	-0.0000	0.0000
		0.0000	-1.0000	-0.0000
		0.0000	-0.0000	1.0000
		2.5193	0.3008	11.6247
	}
}
{Volume "Body1"
	{Polyhedron "Body1.vol"}
	{Bone "Body"}
	{Matrix34
		-1.0000	-0.0000	0.0000
		0.0000	-1.0000	-0.0000
		0.0000	-0.0000	1.0000
		0.1058	0.3008	-0.2863
	}
}
{Volume "Inventory"
	{Box 29.7284 28.0469 17.4862}
	{Bone "Body"}
	{Matrix34
		-1.0000	-0.0000	0.0000
		0.0000	-1.0000	-0.0000
		0.0000	-0.0000	1.0000
		9.1665	0.3008	10.0657
	}
}
{Volume "Crew"
	{Box 22.7021 23.725 31.2389}
	{Bone "Body"}
	{Matrix34
		-1.0000	-0.0000	0.0000
		0.0000	-1.0000	-0.0000
		0.0000	-0.0000	1.0000
		-19.0927	-0.2244	16.5498
	}
}
{Volume "Engine"
	{Box 30.5264 23.5849 17.4862}
	{Bone "engine"}
	{Matrix34
		0.0000	0.0000	-1.0000
		-0.0000	1.0000	0.0000
		1.0000	0.0000	-0.0000
		0.5042	-0.0374	8.6587
	}
}
{Volume "Turret"
	{Polyhedron "Turret.vol"}
	{Bone "Turret"}
	{Matrix34
		-1.0000	-0.0000	-0.0000
		0.0000	-1.0000	0.0000
		-0.0000	0.0000	1.0000
		-5.5312	0.5251	2.1782
	}
}
{Volume "gun"
	{Cylinder 1.81297 77.6809}
	{Bone "Gun"}
	{Matrix34
		-0.0000	1.0000	-0.0000
		0.0000	-0.0000	0.9800
		0.8060	0.0000	-0.0000
		-0.3463	-0.8309	0.0495
	}
}
{Volume "trackright"
	{Box 130.903 12.6049 24.2722}
	{Bone "WheelsR"}
	{Matrix34
		1.0000	0.0000	-0.0000
		-0.0000	0.0000	-1.0000
		-0.0000	1.0000	0.0000
		-0.0549	-0.2499	0.7178
	}
}
