;Exported by: Yurov
;Date:        Wed Oct 06 09:38:29 2004
;File:        D:\-Projects-\-3DWork-\Model\m26Pershing\M26.max
{Skeleton
	{animation
		{sequence "start"}
		{sequence "stop"}
		{sequence "fire"}
		{sequence "open" {resume}}
	}
	{bone "Basis"
		{Orientation
			1.0000	0.0000	0.0000
			0.0000	-1.0000	0.0000
			0.0000	0.0000	1.0000
		}
		{bone "body"
			{parameters "ID=body;"}
			{animation
				{sequence "repair" {file "body_r.anm"}}
			}
			{Matrix34
				-1.0000	0.0000	0.0000
				-0.0000	-1.0000	0.0000
				0.0000	0.0000	1.0000
				-3.1568	-0.5147	6.7906
			}
			{VolumeView "body.ply"}
			{bone revolute "turret"
				{parameters "ID=turret;"}
				{animation
					{sequence "repair" {file "turret_r.anm"}}
				}
				{speed 0.0040}
				{Position -13.6219	-0.2134	23.5402}
				{VolumeView "turret.ply"}
				{bone revolute "gun_rot"
					{parameters "ID=gun;"}
					{limits -15.0000 6.0000}
                                        {speed 0.0060}
					{Matrix34
						-1.0000	0.0000	-0.0000
						0.0000	0.0000	-1.0000
						-0.0000	-1.0000	-0.0000
						-19.0956	0.7366	8.4384
					}
					{VolumeView "gun_rot.ply"}
					{bone "gun"
						{parameters "ID=gun;"}
						{Matrix34
							1.0000	0.0000	-0.0000
							0.0000	-0.0000	1.0000
							0.0000	-1.0000	-0.0000
							8.3963	-0.3657	0.2676
						}
						{VolumeView "gun.ply"}
						{bone "Foresight1"
							{Position 37.7224	-0.0837	0.0765}
						}
					}
                                        {bone "Foresight3"
						{Matrix34
							1.0000	0.0000	0.0000
							-0.0000	0.0000	1.0000
							-0.0000	-1.0000	0.0000
							6.5773	-2.5469	-8.3822
						}
					}
				}
				{bone "FXfire2"
					{Matrix34
						-0.0000	-0.0000	1.0000
						-0.0000	1.0000	0.0000
						-1.0000	-0.0000	-0.0000
						4.7630	0.5510	10.8837
					}
				}
				{bone "Visor1"
					{Matrix34
						-1.0000	-0.0000	-0.0000
						0.0000	-1.0000	-0.0000
						0.0000	-0.0000	1.0000
						-12.9367	11.1679	19.1123
					}
				}
				{bone "cover"
					{parameters "ID=turret;"}
					{Matrix34
						-1.0000	-0.0000	0.0000
						0.0000	-1.0000	0.0000
						0.0000	0.0000	1.0000
						11.1361	9.4638	21.5075
					}
					{VolumeView "cover.ply"}
				}
                                {bone revolute "mgun_rot"
					{speed 0.0150}
						{Matrix34
							-1.000	0.0000	0.0045
							-0.0100	-1.0000	0.0000
							0.0000	0.0000  1.0000
							5.0029	10.2920	20.862
					        }
					{VolumeView "mgun_rot.ply"}
					{bone revolute "MGun2"
						{limits -30.0000 25.0000}
						{speed 0.2500}
						{Matrix34
							1.0000	0.0000	0.0000
							0.0000	0.0000	1.0000
							0.0000	-1.0000	-0.0000
							7.7769	0.0920	5.0862
						}
						{bone "Foresight2"
							{Matrix34
								1.0000	0.0000	0.0000
								0.0000	1.0000	0.0000
								0.0000	0.0000	1.0000
								20.0000	0.0000	0.0000
							}
						}
					}
					{bone "gunner"
						{Matrix34
							1.0000	0.0000	-0.0013
							0.0000	1.0000	0.0001
							0.0013	-0.0001	1.0000
							0.7654	-0.8723	-13.5508
						}
					}
				}
			}
			{bone revolute "WheelR"
				{parameters "ID=trackleft;"}
				{Matrix34
					0.9920	0.0013	0.1264
					-0.1263	0.0372	0.9913
					0.0034	0.9993	-0.0370
					52.3624	-30.5940	6.1085
				}
				{VolumeView "WheelR.ply"}
			}
			{bone revolute "WheelL"
				{parameters "ID=trackright;"}
				{Matrix34
					0.9920	-0.0013	0.1264
					-0.1263	-0.0372	0.9913
					0.0034	-0.9993	-0.0370
					52.3624	30.8111	6.1085
				}
				{VolumeView "WheelL.ply"}
			}
			{bone "FXshot"
				{Matrix34
					-0.0000	-0.0000	1.0000
					-0.0000	1.0000	0.0000
					-1.0000	-0.0000	-0.0000
					-4.1770	-0.6562	8.2652
				}
			}
			{bone "FXfire1"
				{Matrix34
					-0.0000	-0.0000	1.0000
					-0.0000	1.0000	0.0000
					-1.0000	-0.0000	-0.0000
					26.0302	-0.5257	16.7304
				}
			}
			{bone "FXsmoke1"
				{Matrix34
					0.9890	0.0000	0.1478
					-0.0000	1.0000	-0.0000
					-0.1478	-0.0000	0.9890
					50.8736	12.5416	23.8343
				}
			}
			{bone "FXsmoke2"
				{Matrix34
					0.9890	0.0000	0.1478
					-0.0000	1.0000	-0.0000
					-0.1478	-0.0000	0.9890
					50.8736	-13.1436	23.8343
				}
			}
			{bone "Visor2"
				{Matrix34
					-1.0000	-0.0000	-0.0000
					0.0000	-1.0000	-0.0000
					-0.0000	-0.0000	1.0000
					-44.7362	-13.2145	22.6395
				}
			}
			{bone "seat01"
				{Matrix34
					0.0000	-1.0000	0.0000
					1.0000	0.0000	0.0000
					0.0000	0.0000	1.0000
					45.0667	-27.2679	18.5676
				}
			}
			{bone "seat02"
				{Matrix34
					-0.1882	-0.9599	0.2076
					0.9647	-0.2203	-0.1446
					0.1845	0.1731	0.9675
					28.0754	-27.1567	19.8493
				}
			}
			{bone "seat03"
				{Matrix34
					-0.0872	0.9962	0.0000
					-0.9962	-0.0872	0.0000
					0.0000	0.0000	1.0000
					45.1243	25.8978	17.5226
				}
			}
			{bone "seat04"
				{Matrix34
					-0.4226	0.9063	0.0000
					-0.9063	-0.4226	0.0000
					0.0000	0.0000	1.0000
					29.0499	25.6115	18.6875
				}
			}
			{bone "engine"
				{Matrix34
					-0.0000	-0.0000	1.0000
					-0.0000	1.0000	0.0000
					-1.0000	-0.0000	-0.0000
					30.9979	-0.5165	11.5944
				}
			}
		}
		{bone "wheelsR"
			{parameters "ID=trackright;"}
			{Matrix34
				-1.0000	0.0000	0.0000
				0.0000	1.0000	-0.0000
				0.0000	0.0000	1.0000
				3.1830	-23.1270	11.3264
			}
			{VolumeView "wheelsR.ply"}
			{bone "TrackR"
				{parameters "ID=trackright;"}
				{Matrix34
					1.0000	-0.0000	0.0000
					0.0000	0.0000	1.0000
					0.0000	1.0000	-0.0000
					12.0484	-2.7154	2.6223
				}
				{VolumeView "TrackR.ply"}
			}
			{bone "FXtraceR2"
				{Matrix34
					0.9517	-0.2601	0.1632
					0.1730	0.0151	-0.9848
					-0.2536	-0.9655	-0.0594
					43.0503	-3.1152	-9.3750
				}
			}
			{bone "FXtraceR1"
				{Matrix34
					1.0000	-0.0000	-0.0000
					-0.0000	0.0000	-1.0000
					-0.0000	-1.0000	-0.0000
					-31.8970	-2.9091	-9.1480
				}
			}
		}
		{bone "wheelsL"
			{parameters "ID=trackleft;"}
			{Matrix34
				-1.0000	0.0000	0.0000
				-0.0000	-1.0000	0.0000
				0.0000	0.0000	1.0000
				3.1717	21.8767	11.7347
			}
			{VolumeView "wheelsL.ply"}
			{bone "TrackL"
				{parameters "ID=trackleft;"}
				{Matrix34
					1.0000	0.0000	0.0000
					-0.0000	-0.0000	1.0000
					0.0000	-1.0000	-0.0000
					12.0371	-3.1239	2.2141
				}
				{VolumeView "TrackL.ply"}
			}
			{bone "FXtraceL1"
				{Matrix34
					1.0000	0.0000	-0.0000
					-0.0000	-0.0000	-1.0000
					-0.0000	1.0000	0.0000
					-31.9083	-3.0433	-9.5563
				}
			}
			{bone "FXtraceL2"
				{Matrix34
					0.9724	-0.1665	0.1632
					0.1504	-0.0868	-0.9848
					0.1781	0.9822	-0.0594
					43.0391	-2.8372	-9.7833
				}
			}
		}
		{bone "emit3"
			{Matrix34
				0.0000	-1.0000	0.0000
				1.0000	0.0000	0.0000
				0.0000	0.0000	1.0000
				-51.2156	43.4685	-0.0000
			}
			{visibility 0}
		}
		{bone "emit4"
			{Matrix34
				0.0000	-1.0000	0.0000
				1.0000	0.0000	0.0000
				0.0000	0.0000	1.0000
				-32.4042	43.4685	-0.0000
			}
			{visibility 0}
		}
		{bone "emit5"
			{Matrix34
				-0.0000	1.0000	0.0000
				-1.0000	-0.0000	0.0000
				0.0000	0.0000	1.0000
				-49.7113	-43.6475	0.0000
			}
			{visibility 0}
		}
		{bone "emit6"
			{Matrix34
				-0.0000	1.0000	0.0000
				-1.0000	-0.0000	0.0000
				0.0000	0.0000	1.0000
				-30.7137	-43.6475	0.0000
			}
			{visibility 0}
		}
		{bone "emit2"
			{Matrix34
				-0.0000	1.0000	0.0000
				-1.0000	-0.0000	0.0000
				0.0000	0.0000	1.0000
				42.3381	-43.6475	0.0000
			}
			{visibility 0}
		}
		{bone "emit1"
			{Matrix34
				0.0000	-1.0000	0.0000
				1.0000	0.0000	0.0000
				0.0000	0.0000	1.0000
				43.0067	42.9350	0.0000
			}
			{visibility 0}
		}
	}
}
{Volume "Trackleft"
	{Box 116.142 10.5794 22.6218}
	{Bone "wheelsL"}
	{Position 6.9042	-3.3614	-0.4339}
}
{Volume "Trackright"
	{Box 116.142 10.5794 22.6218}
	{Bone "wheelsR"}
	{Position 6.9037	-2.5942	-0.0173}
}
{Volume "Engine"
	{Box 19.6814 28.776 15.4736}
	{Bone "engine"}
	{Matrix34
		0.0000	0.0000	-1.0000
		-0.0000	1.0000	0.0000
		1.0000	0.0000	-0.0000
		-0.0000	-0.0000	-0.0000
	}
}
{Volume "Body1"
	{Polyhedron "Body1.vol"}
	{Bone "body"}
	{Matrix34
		-1.0000	-0.0000	0.0000
		0.0000	-1.0000	0.0000
		0.0000	0.0000	1.0000
		-4.0098	-1.8793	11.6728
	}
}
{Volume "Body2"
	{Polyhedron "Body2.vol"}
	{Bone "body"}
	{Matrix34
		-1.0000	-0.0000	0.0000
		0.0000	-1.0000	0.0000
		0.0000	0.0000	1.0000
		-4.0098	-0.6065	-0.0056
	}
}
{Volume "Crew"
	{Box 14.5642 14.3701 24.5613}
	{Bone "body"}
	{Matrix34
		-1.0000	-0.0000	0.0000
		0.0000	-1.0000	0.0000
		0.0000	0.0000	1.0000
		-17.2413	0.4308	15.6749
	}
}
{Volume "Inventory"
	{Box 14.761 28.376 17.2593}
	{Bone "body"}
	{Matrix34
		-1.0000	-0.0000	0.0000
		0.0000	-1.0000	0.0000
		0.0000	0.0000	1.0000
		10.5560	-0.3285	11.6682
	}
}
{Volume "Turret"
	{Polyhedron "Turret.vol"}
	{Bone "turret"}
	{Matrix34
		-1.0000	-0.0000	0.0000
		0.0000	-1.0000	0.0000
		0.0000	0.0000	1.0000
		3.9890	-0.3931	-0.3860
	}
}
{Volume "gun"
	{Cylinder 2.38916 81.2322}
	{Bone "gun"}
        {Matrix34
		0.0000	1.099	0.3572
		0.0000	-0.292	0.9000
		0.4893	0.0000	0.0000
		12.674	-0.0189	0.5496
	}
}
