;Exported by: Dinsen
;Date:        Wed Apr 18 20:33:27 2012
;File:        C:\Archivos de programa\Autodesk\3dsMax8\scenes\hecho\casa1_x.max
{Skeleton
	{bone "body"
		{Orientation
			1.0000	0.0000	0.0000
			0.0000	-1.0000	0.0000
			0.0000	0.0000	1.0000
		}
		{VolumeView "body.ply"}
		{bone "piece0"
			{Position 92.3040	-45.1779	39.4320}
			{VolumeView "piece0.ply"}
		}
		{bone "piece1"
			{Position 133.9883	0.8586	58.4278}
			{VolumeView "piece1.ply"}
		}
		{bone "piece2"
			{Position -116.0715	-49.1020	35.7082}
			{VolumeView "piece2.ply"}
		}
		{bone "piece3"
			{Position -120.7131	10.9292	32.9145}
			{VolumeView "piece3.ply"}
		}
		{bone "piece4"
			{Position -90.4501	-2.2623	43.0914}
			{VolumeView "piece4.ply"}
		}
		{bone "piece5"
			{Position -118.3368	45.2421	99.6074}
			{VolumeView "piece5.ply"}
		}
		{bone "piece6"
			{Position -103.6858	14.8851	107.0294}
			{VolumeView "piece6.ply"}
		}
		{bone "piece7"
			{Position 132.2316	44.7167	33.0801}
			{VolumeView "piece7.ply"}
		}
		{bone "piece8"
			{Position -76.9877	-52.1406	121.1849}
			{VolumeView "piece8.ply"}
		}
		{bone "piece9"
			{Position -130.1112	4.4513	103.8816}
			{VolumeView "piece9.ply"}
		}
		{bone "piece10"
			{Position -77.1994	64.0952	110.2498}
			{VolumeView "piece10.ply"}
		}
		{bone "piece11"
			{Position -31.2582	-8.7254	151.1157}
			{VolumeView "piece11.ply"}
		}
		{bone "piece12"
			{Position -118.3242	-44.4912	109.8692}
			{VolumeView "piece12.ply"}
		}
		{bone "piece13"
			{Position -90.2725	-5.6773	153.1936}
			{VolumeView "piece13.ply"}
		}
		{bone "piece14"
			{Position 47.3491	-57.0505	119.3298}
			{VolumeView "piece14.ply"}
		}
		{bone "piece15"
			{Position -63.7794	-4.5619	78.2257}
			{VolumeView "piece15.ply"}
		}
		{bone "node_ladder_bottom"
			{Matrix34
				-1.0000	0.0000	-0.0000
				-0.0000	-1.0000	0.0000
				-0.0000	-0.0000	1.0000
				66.0511	-38.6402	0.0000
			}
		}
		{bone "emit"
			{Matrix34
				-1.0000	0.0000	-0.0000
				-0.0000	-1.0000	0.0000
				-0.0000	-0.0000	1.0000
				75.4193	-37.6903	0.0000
			}
		}
		{bone "node_ladder_top"
			{Matrix34
				-1.0000	0.0000	-0.0000
				-0.0000	-1.0000	0.0000
				-0.0000	-0.0000	1.0000
				66.0511	-38.6402	100.8602
			}
		}
		{bone "attach3"
			{Matrix34
				-0.0000	-1.0000	0.0000
				1.0000	-0.0000	0.0000
				-0.0000	-0.0000	1.0000
				32.5235	-39.8448	100.7251
			}
		}
	}
}
{Obstacle "Line08"
	{Polygon2
		{Radius 0}
		{Vertex 168.901 39.3857}
		{Vertex 168.5 -41.4307}
		{Vertex 174.387 -46.2476}
		{Vertex 175.458 40.4562}
	}
	{Rotate}
}
{Obstacle "Line07"
	{Polygon2
		{Radius 0}
		{Vertex 137.056 39.6533}
		{Vertex 175.056 39.3857}
		{Vertex 175.056 45.0054}
		{Vertex 137.324 45.0054}
	}
	{Rotate}
}
{Obstacle "Line06"
	{Polygon2
		{Radius 0}
		{Vertex 96.0529 -4.47819}
		{Vertex 101.891 -4.8762}
		{Vertex 101.758 36.1197}
		{Vertex 95.3896 33.0682}
	}
	{Rotate}
}
{Obstacle "Line05"
	{Polygon2
		{Radius 0}
		{Vertex 101.891 -38.5751}
		{Vertex 101.758 -27.9613}
		{Vertex 95.3895 -27.6959}
		{Vertex 95.3895 -36.187}
	}
	{Rotate}
}
{Obstacle "Line04"
	{Polygon2
		{Radius 0}
		{Vertex 79.9994 -60.4661}
		{Vertex 101.758 -38.5751}
		{Vertex 95.1241 -36.187}
		{Vertex 76.948 -53.5671}
	}
	{Rotate}
}
{Obstacle "Line03"
	{Polygon2
		{Radius 0}
		{Vertex 10.5452 -60.5325}
		{Vertex 80.3311 -60.7978}
		{Vertex 76.6163 -53.3681}
		{Vertex 10.0145 -53.1028}
	}
	{Rotate}
}
{Obstacle "Line02"
	{Polygon2
		{Radius 0}
		{Vertex 10.2799 -60.2672}
		{Vertex 10.2799 57.5464}
		{Vertex 3.91158 57.5464}
		{Vertex 3.91158 -60.0018}
	}
	{Rotate}
}
{Obstacle "Line01"
	{Polygon2
		{Radius 0}
		{Vertex 80.1843 57.6986}
		{Vertex 4.18475 58.2338}
		{Vertex 4.18475 50.7409}
		{Vertex 77.2407 51.0085}
	}
	{Rotate}
}
{Volume "place3"
	{Box 10.2525 16.6091 5.99794}
	{Bone "body"}
	{Matrix34
		1.0000	0.0000	0.0000
		0.0000	-0.0000	1.0000
		-0.0000	-1.0000	-0.0000
		31.6524	-58.2688	108.0902
	}
}
{Volume "body9"
	{Box 31.6941 6.96448 156.358}
	{Bone "body"}
	{Matrix34
		-0.7099	0.7043	0.0000
		-0.7043	-0.7099	-0.0000
		0.0000	0.0000	1.0000
		87.4818	48.0871	78.2158
	}
}
{Volume "body8"
	{Box 27.8485 6.96448 74.1412}
	{Bone "body"}
	{Matrix34
		0.7043	0.7099	0.0000
		-0.7099	0.7043	0.0000
		0.0000	0.0000	1.0000
		88.8268	-44.6799	119.7513
	}
}
{Volume "body7"
	{Box 75.5415 7.5 75.522}
	{Bone "body"}
	{Position 41.0397	-53.8848	37.9003}
}
{Volume "body6"
	{Box 76.9212 8.04101 157.37}
	{Bone "body"}
	{Matrix34
		-0.0000	1.0000	0.0000
		-1.0000	-0.0000	-0.0000
		0.0000	0.0000	1.0000
		97.5915	1.7345	78.8242
	}
}
{Volume "body5"
	{Box 6 37.8917 51.0247}
	{Bone "body"}
	{Matrix34
		-0.0000	1.0000	0.0000
		-1.0000	-0.0000	-0.0000
		0.0000	0.0000	1.0000
		156.1484	-41.8318	25.6517
	}
}
{Volume "body4"
	{Box 6 16.1336 51.0247}
	{Bone "body"}
	{Position 171.2933	38.5054	25.6517}
}
{Volume "body3"
	{Box 6 16.1336 51.0247}
	{Bone "body"}
	{Position 171.2933	-37.2720	25.6517}
}
{Volume "body2"
	{Box 75.2926 115.361 83.9211}
	{Bone "body"}
	{Position -15.8257	1.5206	112.0680}
}
{Volume "body1"
	{Box 6 91.901 18.5001}
	{Bone "body"}
	{Position 171.2933	1.2695	9.3894}
}
{Volume "body"
	{Box 74.7786 7.5 157.37}
	{Bone "body"}
	{Position 41.2984	57.9821	78.8242}
}
{Volume "piece15"
	{Box 66.9228 119.501 9.86779}
	{Bone "piece15"}
	{Position 9.5593	5.0968	-2.7819}
}
{Volume "piece14"
	{Box 65.863 6 82.2012}
	{Bone "piece14"}
	{Position 0.0000	3.2585	-3.9354}
}
{Volume "piece13"
	{Box 93.0026 129.517 6.62773}
	{Bone "piece13"}
	{Position -0.0000	6.0608	-0.8416}
}
{Volume "piece12"
	{Box 28.3919 6.62773 85.296}
	{Bone "piece12"}
	{Matrix34
		0.7050	-0.7092	-0.0000
		0.7092	0.7050	0.0000
		0.0000	0.0000	1.0000
		0.5494	0.0351	-2.0454
	}
}
{Volume "piece11"
	{Box 75.6301 127.406 6}
	{Bone "piece11"}
	{Position 11.4249	10.2576	0.5109}
}
{Volume "piece10"
	{Box 66.2427 6.43626 89.433}
	{Bone "piece10"}
	{Position 1.6964	-7.1991	-6.2413}
}
{Volume "piece9"
	{Box 6.18181 74.2659 69.6583}
	{Bone "piece9"}
	{Position 2.5124	-3.4327	-20.8219}
}
{Volume "piece8"
	{Box 65.1591 6 70.9584}
	{Bone "piece8"}
	{Position 0.0000	-2.5338	-7.0356}
}
{Volume "piece7"
	{Box 62.1987 6 51.6895}
	{Bone "piece7"}
	{Position 12.4225	-0.8885	-7.0530}
}
{Volume "piece6"
	{Box 39.1085 67.9566 2.5}
	{Bone "piece6"}
	{Position -4.6252	5.9226	-8.6436}
}
{Volume "piece5"
	{Box 30.9574 6 102.013}
	{Bone "piece5"}
	{Matrix34
		0.7098	0.7044	0.0000
		-0.7044	0.7098	0.0000
		-0.0000	0.0000	1.0000
		0.0078	1.3262	-1.4714
	}
}
{Volume "piece4"
	{Box 27.5498 118.333 94.6154}
	{Bone "piece4"}
	{Position 1.5778	2.6981	4.1704}
}
{Volume "piece3"
	{Box 6.99316 74.4377 56.462}
	{Bone "piece3"}
	{Position -6.8396	-9.0876	-4.9053}
}
{Volume "piece2"
	{Box 25.9744 7.43135 66.0495}
	{Bone "piece2"}
	{Matrix34
		0.7133	-0.7009	-0.0000
		0.7009	0.7133	0.0000
		0.0000	0.0000	1.0000
		-1.5541	3.7656	-2.0971
	}
}
{Volume "piece1"
	{Box 98.4682 108.459 2.5}
	{Bone "piece1"}
	{Matrix34
		0.9849	-0.0000	-0.1730
		0.0000	1.0000	0.0000
		0.1730	0.0000	0.9849
		0.2162	0.0000	-0.1047
	}
}
{Volume "piece0"
	{Box 27.8485 6.96448 83.6445}
	{Bone "piece0"}
	{Matrix34
		0.7043	0.7099	0.0000
		-0.7099	0.7043	0.0000
		0.0000	0.0000	1.0000
		-3.4773	0.4980	2.4459
	}
}
