;Exported by: ubrashaev
;Date:        Mon Apr 19 12:14:04 2004
;File:        D:\-Projects-\-work-\3d\construction\city\waiting room_x.max
{Skeleton
	{animation
		{sequence "crush" {speed 0.4}}
	}
	{bone "waiting_room_c3_x"
		{parameters "CommonMesh;"}
		{Orientation
			1.0000	0.0000	0.0000
			0.0000	-1.0000	0.0000
			0.0000	0.0000	1.0000
		}
		{VolumeView "waiting_room_c3_x.ply"}
		{bone "Piece0"
			{Matrix34
				1.0000	-0.0000	0.0000
				0.0000	0.0000	-1.0000
				0.0000	1.0000	0.0000
				-31.9347	30.8583	78.8582
			}
			{VolumeView "Piece0.ply"}
		}
		{bone "Piece1"
			{Matrix34
				1.0000	-0.0000	0.0000
				0.0000	0.0000	-1.0000
				0.0000	1.0000	0.0000
				39.5848	30.8583	80.4905
			}
			{VolumeView "Piece1.ply"}
		}
		{bone "Piece2"
			{Matrix34
				1.0000	-0.0000	-0.0000
				-0.0000	0.0000	-1.0000
				0.0000	1.0000	0.0000
				-37.3028	29.8509	61.9799
			}
			{VolumeView "Piece2.ply"}
		}
		{bone "Piece3"
			{Matrix34
				-0.0000	-1.0000	-0.0000
				0.0000	0.0000	-1.0000
				1.0000	-0.0000	0.0000
				11.7222	18.0825	119.2413
			}
			{VolumeView "Piece3.ply"}
		}
		{bone "Piece4"
			{Matrix34
				1.0000	-0.0000	0.0000
				0.0000	0.0000	-1.0000
				0.0000	1.0000	0.0000
				15.1330	30.8582	72.8481
			}
			{VolumeView "Piece4.ply"}
		}
		{bone "Piece5"
			{Matrix34
				1.0000	-0.0000	-0.0000
				-0.0000	0.0000	-1.0000
				0.0000	1.0000	0.0000
				-12.5275	29.8509	70.1357
			}
			{VolumeView "Piece5.ply"}
		}
		{bone "Piece6"
			{Matrix34
				1.0000	-0.0000	0.0000
				0.0000	0.0000	-1.0000
				0.0000	1.0000	0.0000
				39.7146	30.8583	54.8179
			}
			{VolumeView "Piece6.ply"}
		}
		{bone "Piece7"
			{Matrix34
				1.0000	-0.0000	0.0000
				0.0000	0.0000	-1.0000
				0.0000	1.0000	0.0000
				2.8439	30.8583	50.2928
			}
			{VolumeView "Piece7.ply"}
		}
	}
}
{Volume "Piece7"
	{Box 13.638 24.8141 7.87402}
	{Bone "Piece7"}
	{Matrix34
		0.9659	-0.2588	0.0000
		0.2588	0.9659	0.0000
		0.0000	-0.0000	1.0000
		-0.9671	-0.4083	0.0000
	}
}
{Volume "Piece6"
	{Box 16.0268 25.1925 7.87402}
	{Bone "Piece6"}
	{Position 0.0000	0.0000	-0.0000}
}
{Volume "Piece5"
	{Box 11.1131 20.4057 7.94119}
	{Bone "Piece5"}
	{Matrix34
		0.9063	-0.4226	-0.0000
		0.4226	0.9063	-0.0000
		-0.0000	-0.0000	1.0000
		-1.9243	0.8523	0.9507
	}
}
{Volume "Piece4"
	{Box 19.1046 23.2838 7.87402}
	{Bone "Piece4"}
	{Matrix34
		0.8192	0.5736	-0.0000
		-0.5736	0.8192	0.0000
		-0.0000	0.0000	1.0000
		1.5713	2.1210	-0.0000
	}
}
{Volume "Piece3"
	{Box 14.9719 14.8796 9.84251}
	{Bone "Piece3"}
	{Position -0.2879	-2.4787	4.9213}
}
{Volume "Piece2"
	{Box 18.2451 13.79 8.02386}
	{Bone "Piece2"}
	{Matrix34
		0.9659	-0.2588	-0.0000
		0.2588	0.9659	-0.0000
		-0.0000	-0.0000	1.0000
		1.1029	-1.3899	0.9093
	}
}
{Volume "Piece1"
	{Box 16.8579 15.2476 7.87402}
	{Bone "Piece1"}
	{Position -2.0793	0.0000	-0.0000}
}
{Volume "Piece0"
	{Box 21.568 15.793 7.87402}
	{Bone "Piece0"}
	{Position -0.7262	1.3770	-0.0000}
}
