;Exported by: sk
;Date:        Thu Sep 16 10:01:55 2004
;File:        D:\-Projects-\-3DWork-\Model\-Tank\M4A3_mineexpl\M4A3_mineexpl(6).max
{Skeleton
	{animation
		{sequence "start"}
		{sequence "stop"}
		{sequence "fire"}
		{sequence "hit"}
		{sequence "explosion"}
		{sequence "open" {resume}}
		{sequence "wheel_stop"}
	}
	{bone "Basis"
		{Orientation
			1.0000	0.0000	0.0000
			0.0000	-1.0000	0.0000
			0.0000	0.0000	1.0000
		}
		{bone "Body"
			{parameters "ID=body;"}
			{animation
				{sequence "repair" {file "body_r.anm"}}
			}
			{Position -1.4430	-0.0347	22.0793}
			{VolumeView "Body.ply"}
			{bone "FXfire1"
				{Matrix34
					0.0000	-0.0000	1.0000
					-0.0000	-1.0000	0.0000
					1.0000	-0.0000	0.0000
					-30.6675	0.1415	13.6521
				}
			}
			{bone "FXshot"
				{Matrix34
					0.0000	-0.0000	1.0000
					-0.0000	-1.0000	0.0000
					1.0000	-0.0000	0.0000
					-0.7917	0.1415	3.7598
				}
			}
			{bone "FXsmoke2"
				{Matrix34
					-0.9890	0.0000	0.1478
					-0.0000	-1.0000	-0.0000
					0.1478	-0.0000	0.9890
					-48.3745	12.6289	-5.8077
				}
			}
			{bone "FXsmoke1"
				{Matrix34
					-0.9890	0.0000	0.1478
					-0.0000	-1.0000	-0.0000
					0.1478	-0.0000	0.9890
					-48.3745	-13.0563	-5.8077
				}
			}
			{bone revolute "WheelL1"
				{parameters "ID=trackleft;"}
				{Matrix34
					-0.9970	0.0000	-0.0768
					-0.0768	0.0000	0.9970
					0.0000	1.0000	-0.0000
					50.9408	26.7657	-7.4152
				}
				{VolumeView "WheelL1.ply"}
			}
			{bone revolute "WheelR1"
				{parameters "ID=trackright;"}
				{Matrix34
					-0.9970	0.0000	-0.0768
					-0.0768	0.0000	0.9970
					-0.0000	-1.0000	0.0000
					50.9408	-27.2923	-7.4152
				}
				{VolumeView "WheelR1.ply"}
			}
			{bone revolute "WheelR2"
				{parameters "ID=trackright;"}
				{Matrix34
					-0.9970	0.0000	-0.0768
					-0.0768	0.0000	0.9970
					-0.0000	-1.0000	0.0000
					-45.5539	-27.2923	-7.4152
				}
				{VolumeView "WheelR2.ply"}
			}
			{bone revolute "WheelL2"
				{parameters "ID=trackleft;"}
				{Matrix34
					-0.9970	0.0000	-0.0768
					-0.0768	0.0000	0.9970
					0.0000	1.0000	-0.0000
					-45.5539	26.7657	-7.4152
				}
				{VolumeView "WheelL2.ply"}
			}
			{bone "Visor2"
				{Position 33.9615	12.6997	16.2118}
			}
			{bone "engine"
				{Matrix34
					0.0000	-0.0000	1.0000
					-0.0000	-1.0000	0.0000
					1.0000	-0.0000	-0.0000
					-33.4278	-0.3452	-0.4269
				}
			}
			{bone "seat02"
				{Matrix34
					-0.0000	1.0000	0.0000
					-1.0000	0.0000	0.0000
					-0.0000	0.0000	1.0000
					-48.2236	24.8780	4.6342
				}
			}
			{bone "seat01"
				{Matrix34
					0.1882	0.9599	0.2076
					-0.9647	0.2203	-0.1446
					-0.1845	-0.1731	0.9675
					-31.2322	24.7668	5.9159
				}
			}
			{bone "seat04"
				{Matrix34
					0.4226	-0.9063	-0.0000
					0.9063	0.4226	-0.0000
					-0.0000	0.0000	1.0000
					-31.2322	-23.2083	4.7541
				}
			}
			{bone "seat03"
				{Matrix34
					0.0872	-0.9962	0.0000
					0.9962	0.0872	-0.0000
					-0.0000	0.0000	1.0000
					-47.5367	-23.4946	3.5892
				}
			}
			{bone "Cower"
				{parameters "ID=Body;"}
				{Matrix34
					1.0000	-0.0000	-0.0000
					-0.0000	-0.9659	-0.2588
					-0.0000	0.2588	-0.9659
					24.7398	19.3025	15.2474
				}
				{VolumeView "Cower.ply"}
			}
			{bone revolute "roller_joint"
				{Matrix34
					1.0000	-0.0000	-0.0000
					0.0000	-0.0000	1.0000
					-0.0000	-1.0000	-0.0000
					30.1297	0.4797	3.2802
				}
				{VolumeView "roller_joint.ply"}
				{bone "Wheel"
					{parameters "CommonMesh;"}
					{Position 69.4416	0.0367	-0.3607}
					{VolumeView "Wheel.ply"}
				}
				{bone revolute "Wheel_work"
					{parameters "SteerMax=25;"}
					{Matrix34
						-1.0000	0.0000	-0.0000
						-0.0000	1.0000	0.0000
						0.0000	0.0000	-1.0000
						69.4416	0.0367	-0.1710
					}
					{VolumeView "Wheel_work.ply"}
				}
				{bone "roller"
					{parameters "radius=1.3;"}
					{Matrix34
						-1.0000	-0.0000	-0.0000
						-0.0000	1.0000	-0.0000
						0.0000	-0.0000	-1.0000
						69.3801	0.0013	0.4797
					}
				}
				{bone "FXWheel_Work1"
					{Matrix34
						-0.8660	0.5000	-0.0000
						0.0000	-0.0000	-1.0000
						-0.5000	-0.8660	0.0000
						68.9809	-21.2783	19.8832
					}
				}
				{bone "FXWheel_Work2"
					{Matrix34
						-0.8660	0.5000	-0.0000
						0.0000	-0.0000	-1.0000
						-0.5000	-0.8660	0.0000
						68.9809	-21.2783	-18.0986
					}
				}
			}
			{bone "FXfire2"
				{Matrix34
					0.0000	0.0000	1.0000
					-0.0000	-1.0000	0.0000
					1.0000	-0.0000	-0.0000
					-5.7449	-8.6383	14.9288
				}
			}
			{bone "Visor1"
				{Position 7.3183	-10.3752	16.0201}
			}
		}
		{bone "WheelsL"
			{parameters "ID=trackleft;"}
			{Matrix34
				-1.0000	0.0000	0.0000
				0.0000	0.0000	1.0000
				0.0000	1.0000	-0.0000
				-5.6604	20.5032	11.3966
			}
			{VolumeView "WheelsL.ply"}
			{bone "FXtraceL1"
				{Matrix34
					1.0000	0.0000	-0.0000
					-0.0000	-0.0000	-1.0000
					-0.0000	1.0000	0.0000
					-29.0004	-4.6624	2.4110
				}
			}
			{bone "FXtraceL2"
				{Matrix34
					0.9397	0.3420	-0.0000
					-0.0000	-0.0000	-1.0000
					-0.3420	0.9397	-0.0000
					43.3198	-5.1390	2.4110
				}
			}
			{bone "TrackL"
				{parameters "ID=trackleft;"}
				{Position -6.9483	2.4758	1.6266}
				{VolumeView "TrackL.ply"}
			}
		}
		{bone "WheelsR"
			{parameters "ID=trackright;"}
			{Matrix34
				-1.0000	-0.0000	0.0000
				0.0000	-0.0000	1.0000
				0.0000	-1.0000	-0.0000
				-5.6604	-20.1576	11.3966
			}
			{VolumeView "WheelsR.ply"}
			{bone "FXtraceR1"
				{Matrix34
					1.0000	0.0000	-0.0000
					0.0000	0.0000	1.0000
					-0.0000	1.0000	0.0000
					-29.0004	-4.6624	4.6784
				}
			}
			{bone "FXtraceR2"
				{Matrix34
					0.9397	0.3420	-0.0000
					0.0000	-0.0000	1.0000
					-0.3420	0.9397	0.0000
					43.3198	-5.1390	4.6784
				}
			}
			{bone "TrackR"
				{parameters "ID=trackright;"}
				{Position -6.9483	2.4758	2.0471}
				{VolumeView "TrackR.ply"}
			}
		}
		{bone "emit2"
			{Matrix34
				-0.0000	1.0000	0.0000
				-1.0000	-0.0000	0.0000
				0.0000	0.0000	1.0000
				-16.8495	-49.4155	0.0000
			}
			{visibility 0}
		}
		{bone "emit1"
			{Matrix34
				0.0000	-1.0000	0.0000
				1.0000	0.0000	0.0000
				0.0000	0.0000	1.0000
				-16.8526	50.8759	0.0000
			}
			{visibility 0}
		}
		{bone "emit4"
			{Matrix34
				0.0000	-1.0000	0.0000
				1.0000	0.0000	0.0000
				0.0000	0.0000	1.0000
				-47.9898	49.8917	-0.0139
			}
			{visibility 0}
		}
		{bone "emit3"
			{Matrix34
				0.0000	-1.0000	0.0000
				1.0000	0.0000	0.0000
				0.0000	0.0000	1.0000
				-32.3429	49.8917	-0.0139
			}
			{visibility 0}
		}
		{bone "emit5"
			{Matrix34
				0.0000	1.0000	0.0000
				-1.0000	0.0000	0.0000
				0.0000	0.0000	1.0000
				-48.1521	-48.4313	0.5036
			}
			{visibility 0}
		}
		{bone "emit6"
			{Matrix34
				0.0000	1.0000	0.0000
				-1.0000	0.0000	0.0000
				0.0000	0.0000	1.0000
				-32.9072	-48.4313	1.4086
			}
			{visibility 0}
		}
	}
}
{Volume "Trackright"
	{Box 108.799 10.5794 22.6218}
	{Bone "WheelsR"}
	{Matrix34
		1.0000	-0.0000	-0.0000
		-0.0000	0.0000	-1.0000
		0.0000	1.0000	0.0000
		-6.6998	0.0252	2.3037
	}
}
{Volume "Trackleft"
	{Box 108.799 10.5794 22.6218}
	{Bone "WheelsL"}
	{Matrix34
		-1.0000	0.0000	0.0000
		0.0000	-0.0000	1.0000
		0.0000	1.0000	-0.0000
		-6.6998	0.0252	1.9325
	}
}
{Volume "support1"
	{Box 57.8199 5.53823 9.33329}
	{Bone "roller_joint"}
	{Matrix34
		1.0000	-0.0000	-0.0000
		0.0000	-0.0000	-1.0000
		-0.0000	1.0000	0.0000
		44.0466	2.2205	27.6586
	}
}
{Volume "support"
	{Box 57.8199 5.53823 9.33329}
	{Bone "roller_joint"}
	{Matrix34
		1.0000	-0.0000	-0.0000
		0.0000	-0.0000	-1.0000
		-0.0000	1.0000	0.0000
		44.0466	2.2205	-27.8032
	}
}
{Volume "Wheel_work"
	{Cylinder 31.6494 66.4214}
	{Bone "Wheel_work"}
	{Matrix34
		-1.0000	-0.0000	0.0000
		-0.0000	1.0000	-0.0000
		-0.0000	-0.0000	-1.0000
		0.1543	0.2781	-0.3250
	}
}
{Volume "Wheel"
	{Cylinder 8.77321 66.4214}
	{Bone "Wheel"}
	{Position 0.0351	-0.0126	0.5147}
}
{Volume "Engine"
	{Box 19.6814 28.776 15.4736}
	{Bone "engine"}
	{Matrix34
		0.0000	-0.0000	1.0000
		-0.0000	-1.0000	-0.0000
		1.0000	0.0000	-0.0000
		-0.0000	0.0018	-0.0000
	}
}
{Volume "Body2"
	{Polyhedron "Body2.vol"}
	{Bone "Body"}
	{Position 0.8530	0.0918	-9.1700}
}
{Volume "Body1"
	{Polyhedron "Body1.vol"}
	{Bone "Body"}
	{Position 0.8530	1.3646	2.5084}
}
{Volume "Crew"
	{Box 14.5642 14.3701 18.6666}
	{Bone "Body"}
	{Position -3.2491	-0.9455	2.3802}
}
{Volume "Inventory"
	{Box 14.761 28.376 17.2593}
	{Bone "Body"}
	{Position -14.3679	-0.1862	0.0292}
}
