;Exported by: ubrashaev
;Date:        Mon Apr 19 11:51:23 2004
;File:        \\Sk\Constructions\CitY\Вокзал\rw_station2_a_x.max
{Skeleton
	{animation
		{sequence "crush" {speed 0.4}}
	}
	{bone "rw_station2_c_a_x"
		{parameters "CommonMesh;"}
		{Orientation
			1.0000	0.0000	0.0000
			0.0000	-1.0000	0.0000
			0.0000	0.0000	1.0000
		}
		{VolumeView "rw_station2_c_a_x.ply"}
		{bone "Piece5"
			{Matrix34
				1.0000	0.0000	0.0000
				0.0000	-0.0000	1.0000
				0.0000	-1.0000	-0.0000
				24.1319	-37.6388	126.9868
			}
			{VolumeView "Piece5.ply"}
		}
		{bone "Piece11"
			{Matrix34
				1.0000	0.0000	0.0000
				0.0000	-0.0000	1.0000
				0.0000	-1.0000	-0.0000
				-29.5446	-37.6388	123.4984
			}
			{VolumeView "Piece11.ply"}
		}
		{bone "Piece6"
			{Matrix34
				1.0000	0.0000	0.0000
				0.0000	-0.0000	1.0000
				0.0000	-1.0000	-0.0000
				26.0449	-37.6388	97.8417
			}
			{VolumeView "Piece6.ply"}
		}
		{bone "Piece0"
			{Matrix34
				1.0000	0.0000	0.0000
				0.0000	-0.0000	1.0000
				0.0000	-1.0000	-0.0000
				-8.3891	-37.6388	81.6375
			}
			{VolumeView "Piece0.ply"}
		}
		{bone "Piece7"
			{Matrix34
				1.0000	0.0000	0.0000
				0.0000	-0.0000	1.0000
				0.0000	-1.0000	-0.0000
				-34.0299	-37.6388	88.7252
			}
			{VolumeView "Piece7.ply"}
		}
		{bone "Piece3"
			{Matrix34
				1.0000	0.0000	0.0000
				0.0000	-0.0000	1.0000
				0.0000	-1.0000	-0.0000
				38.7607	-31.7929	29.9866
			}
			{VolumeView "Piece3.ply"}
		}
		{bone "Piece10"
			{Position -37.4671	28.7969	183.2292}
			{VolumeView "Piece10.ply"}
		}
		{bone "Piece1"
			{Position -37.4671	0.1919	158.0739}
			{VolumeView "Piece1.ply"}
		}
		{bone "Piece8"
			{Position -37.4671	-28.8313	138.0925}
			{VolumeView "Piece8.ply"}
		}
		{bone "Piece4"
			{Position -37.4671	41.7419	140.8424}
			{VolumeView "Piece4.ply"}
		}
		{bone "Piece12"
			{Position -37.4671	31.7825	88.8645}
			{VolumeView "Piece12.ply"}
		}
		{bone "Piece2"
			{Position -37.4671	2.9409	102.8254}
			{VolumeView "Piece2.ply"}
		}
		{bone "Piece9"
			{Position -37.4671	-32.7366	82.3029}
			{VolumeView "Piece9.ply"}
		}
		{bone "Piece13"
			{Position -15.0270	23.7119	68.7948}
			{VolumeView "Piece13.ply"}
		}
		{bone "Piece14"
			{Position 34.7476	-9.4907	70.7850}
			{VolumeView "Piece14.ply"}
		}
	}
}
{Volume "Piece14"
	{Box 19.2131 44.9082 3.89059}
	{Bone "Piece14"}
	{Position -3.8301	0.8839	-0.0000}
}
{Volume "Piece13"
	{Box 36.8377 14.9733 3.91454}
	{Bone "Piece13"}
	{Position 0.1596	-1.8380	1.9797}
}
{Volume "Piece9"
	{Box 7.87402 17.9967 26.5214}
	{Bone "Piece9"}
	{Position 0.0000	0.0000	-0.0000}
}
{Volume "Piece2"
	{Box 7.87402 18.9628 28.4158}
	{Bone "Piece2"}
	{Matrix34
		1.0000	0.0000	0.0000
		0.0000	0.9063	-0.4226
		0.0000	0.4226	0.9063
		0.0000	1.8635	-2.1610
	}
}
{Volume "Piece12"
	{Box 7.87402 18.9767 31.4879}
	{Bone "Piece12"}
	{Matrix34
		1.0000	0.0000	0.0000
		0.0000	0.9397	-0.3420
		0.0000	0.3420	0.9397
		0.0000	-0.6255	2.0078
	}
}
{Volume "Piece4"
	{Box 7.87402 15.9725 27.7497}
	{Bone "Piece4"}
	{Matrix34
		1.0000	0.0000	0.0000
		0.0000	0.8192	-0.5736
		0.0000	0.5736	0.8192
		0.0000	1.7870	-1.1667
	}
}
{Volume "Piece8"
	{Box 7.87402 20.9882 24.413}
	{Bone "Piece8"}
	{Position 0.0000	-1.8033	-2.4216}
}
{Volume "Piece1"
	{Box 7.87402 16.2016 26.228}
	{Bone "Piece1"}
	{Matrix34
		1.0000	0.0000	0.0000
		0.0000	0.7071	-0.7071
		0.0000	0.7071	0.7071
		0.0000	-1.1185	1.7948
	}
}
{Volume "Piece10"
	{Box 7.87402 18.1577 23.6167}
	{Bone "Piece10"}
	{Matrix34
		1.0000	0.0000	0.0000
		0.0000	0.6428	-0.7660
		0.0000	0.7660	0.6428
		0.0000	1.0246	0.0614
	}
}
{Volume "Piece3"
	{Box 18.9049 27.6822 7.87401}
	{Bone "Piece3"}
	{Position 0.0000	0.0000	0.0000}
}
{Volume "Piece7"
	{Box 12.3907 18.3406 7.87402}
	{Bone "Piece7"}
	{Position -1.2828	-0.1245	0.0000}
}
{Volume "Piece0"
	{Box 19.1615 14.8809 7.87402}
	{Bone "Piece0"}
	{Position 0.1642	-1.4384	-0.0000}
}
{Volume "Piece6"
	{Box 13.8974 22.3213 7.87402}
	{Bone "Piece6"}
	{Matrix34
		0.9659	-0.2588	0.0000
		0.2588	0.9659	0.0000
		0.0000	0.0000	1.0000
		-0.0000	0.0000	0.0000
	}
}
{Volume "Piece11"
	{Box 19.5486 22.4023 7.87402}
	{Bone "Piece11"}
	{Position -1.2497	2.5947	0.0000}
}
{Volume "Piece5"
	{Box 24.7294 18.8149 7.87402}
	{Bone "Piece5"}
	{Position -1.1890	0.4117	0.0000}
}
