;Modified by: Albus
;Date:        Mon May 26 19:19:48 2008
{Skeleton
	{animation
		{sequence "fire"}
	}
	{bone "Basis"
		{Orientation
			1.0000	0.0000	0.0000
			0.0000	-1.0000	0.0000
			0.0000	0.0000	1.0000
		}
		{bone "Body"
			{parameters "ID=body;"}
			{animation
				{sequence "repair" {file "body_r.anm"}}
			}
			{Position -6.6957	-0.6105	-1.7403}
			{VolumeView "Body.ply"}
			{bone revolute "Turret"
				{parameters "ID=Turret;"}
				{speed 0.0150}
				{Matrix34
					1.0000	0.0000	0.0000
					0.0000	1.0000	0.0000
					0.0000	0.0000	1.0000
					 -0.5486	-0.0001	9.8189
				}
				{VolumeView "Turret.ply"}
				{bone revolute "Gun_rot"
					{parameters "ID=gun;"}
					{limits -20.0000 50.0000}
					{speed 0.0200}
					{Matrix34
						0.9622	0.0000	0.2720
						-0.2720	0.0000	0.9622
						0.0000	-1.0000	0.0000
						-2.7654	-1.0351	17.8147
					}
					{VolumeView "gun_rot.ply"}
					{bone "Gun"
						{parameters "ID=gun;"}
						{Matrix34
							0.0000	0.0000	-1.0000
							0.0000	1.0000	0.0000
							1.0000	0.0000	0.0000
							-5.6957	0.0000	0.0000
						}
						{VolumeView "gun.ply"}
						{bone "shooter00"
							{Matrix34
								0.0000	0.0000	1.0000
								0.0000	1.0000	0.0000
								1.0000	0.0000	0.0000
								0.1903	-0.1754	61.5894
							}
						}
						{bone "Foresight1"
							{Matrix34
								0.0000	0.0000	1.0000
								0.0000	1.0000	0.0000
								1.0000	0.0000	0.0000
								0.1903	-0.1754	61.5894
							}
						}
					}
				}
				{bone "Visor1"
					{parameters "Vis;"}
					{Matrix34
						1.0000	0.0000	0.0000
						0.0000	1.0000	0.0000
						0.0000	0.0000	1.0000
						9.1125	-0.8900	23.1861
					}
				}
				{bone "gunner"
					{Matrix34
						0.9337	0.0005	0.3580
						-0.0006	1.0000	0.0001
						-0.3580	-0.0003	0.9337
						-3.4842	-11.0488	-4.7802
					}
				}
				{bone "FXshell1"
					{Matrix34
						-0.7124	0.0000	0.7018
						0.0000	1.0000	0.0000
						-0.7018	0.0000	-0.7124
						-1.6632	0.1360	9.9478
					}
				}
				{bone "commander"
					{Matrix34
						0.8929	-0.2918	0.3422
						0.2723	0.9563	0.1047
						-0.3580	-0.0003	0.9337
						-1.6733	10.3205	-4.7802
					}
				}
			}
		}
		{bone "emit2"
			{parameters "Group=crew;"}
			{Position -10.0547	19.1045	0.2285}
			{visibility 0}
		}
		{bone "emit1"
			{parameters "Group=crew;"}
			{Position -9.7736	-19.0189	0.2285}
			{visibility 0}
		}
	}
}
{Obstacle "Obstacle"
	{Obb2
		{Center -9.64388 -0.14577}
		{Extent 17.0775 7.97303}
		{Axis -1 0}
	}
	{Rotate}
}
{Volume "body"
	{Polyhedron "body.vol"}
	{Bone "Body"}
	{Position -6.7935	0.0901	4.2597}
}
{Volume "Turret"
	{Box 10.2645 9.0979 12.3304}
	{Bone "Turret"}
	{Position 2.4971	-0.0749	8.2327}
}
{Volume "gun"
	{Cylinder 0.5318 34.87454}
	{Bone "gun"}
	{Matrix34
		1.0000	0.0000	0.0000
		0.0000	1.0000	0.0000
		0.0000	0.0000	1.0000
		0.3203	-0.0170	39.4549
	}
}
