;MDL File generated by SOEdit 0.41r
;Model created by: <A.G.(ирјр)>
;Date:        May 4 2006
{Skeleton
	{animation
		{sequence "start"}
		{sequence "stop"}
		{sequence "fire" {speed 1.5}}
		{sequence "move1"}
		{sequence "hit" {speed 1.5}}
		{sequence "open" {resume}}
	}
	{bone "Basis"
		{Orientation
			1.0000	0.0000	0.0000
			0.0000	-1.0000	0.0000
			0.0000	0.0000	1.0000
		}
		{bone "FXfire1"
			{Matrix34
				-0.0023	-0.0000	1.0000
				-0.0000	1.0000	-0.0000
				-1.0000	0.0000	-0.0023
				-22.0509	0.3993	10.0400
			}
		}
		{bone "emit1"
			{parameters "Group=crew;"}
			{Matrix34
				0.0000	-1.0000	0.0000
				1.0000	0.0000	0.0000
				0.0000	0.0000	1.0000
				6.1785	45.0505	0.6363
			}
			{visibility 0}
		}
		{bone "emit2"
			{parameters "Group=crew;"}
			{Matrix34
				0.0000	1.0000	0.0000
				-1.0000	0.0000	0.0000
				0.0000	0.0000	1.0000
				6.1785	-45.0004	0.6363
			}
			{visibility 0}
		}
		{bone "WheelsL"
			{parameters "ID=trackleft;"}
			{Matrix34
				-1.0000	0.0000	0.0000
				0.0000	0.0000	1.0000
				0.0000	1.0000	-0.0000
				7.1100	25.6094	9.8020
			}
			{bone "FXtraceL1"
				{Matrix34
					0.9848	0.1736	0.0000
					0.0000	0.0000	1.0000
					0.1736	-0.9848	0.0000
					-24.8837	-7.1735	0.5277
				}
			}
			{bone "FXtraceL2"
				{Matrix34
					0.9848	0.1736	0.0000
					0.0000	0.0000	1.0000
					0.1736	-0.9848	0.0000
					48.5018	-7.3841	0.6426
				}
			}
			{bone revolute "wheelL3"
				{parameters "ID=trackleft;"}
				{Position -32.7042	0.3260	-0.4000}
				{VolumeView "wheelL3.ply"}
			}
			{bone revolute "wheelL4"
				{parameters "ID=trackleft;"}
				{Position -14.3933	0.3260	-0.4000}
				{VolumeView "wheelL3.ply"}
			}
			{bone revolute "wheelL5"
				{parameters "ID=trackleft;"}
				{Position 5.4000	0.3260	-0.4000}
				{VolumeView "wheelL4.ply"}
			}
			{bone revolute "wheelL6"
				{parameters "ID=trackleft;"}
				{Position 23.3237	0.3260	-0.4000}
				{VolumeView "wheelL3.ply"}
			}
			{bone revolute "wheelL7"
				{parameters "ID=trackleft;"}
				{Position 40.7225	0.3260	-0.4000}
				{VolumeView "wheelL4.ply"}
			}
			{bone "TrackL"
				{parameters "ID=trackleft;"}
				{Matrix34
					1.0000	0.0000	0.0000
					0.0000	0.0000	-1.0000
					0.0000	1.0000	-0.0000
					0.4763	1.1479	-2.2322
				}
				{VolumeView "TrackL.ply"}
			}
		}
		{bone "Body"
			{parameters "ID=body;"}
			{animation
				{sequence "repair" {file "body_r.anm"} {speed 0.7}}
			}			
			{Position -2.9689	-2.0423	17.6603}
			{VolumeView "Body.ply"}
			{bone revolute "MGturret"
				{limits -10.0000 20.0000}
				{speed 0.0200}
				{Position 49.6660	-8.0627	8.2000}
				{bone revolute "M_Gun_rot"
					{parameters "ID=M_gun;"}
					{limits -3.0000 10.0000}
					{speed 0.0100}
					{Matrix34
						1.0000	0.0000	0.0000
						0.0000	0.0000	-1.0000
						0.0000	1.0000	0.0000
						1.5150	0.1367	-1.4071
					}
					{VolumeView "MGun_rot.ply"}
					{bone "M_Gun"
						{parameters "ID=M_gun;"}
						{Matrix34
							1.0000	0.0000	0.0000
							0.0000	0.0000	-1.0000
							0.0000	1.0000	0.0000
							2.6482	0.0115	0.2783
						}
						{VolumeView "MGun.ply"}
					}
				}
			}
			{bone "Seat02"
				{Matrix34
					-0.3420	0.9360	0.0832
					-0.9397	-0.3414	-0.0224
					0.0074	-0.0858	0.9963
					-25.1462	19.7523	9.9690
				}
			}
			{bone "Seat01"
				{Matrix34
					0.3408	0.9254	0.1658
					-0.9401	0.3368	0.0521
					-0.0076	-0.1736	0.9848
					-10.1075	19.8198	9.4819
				}
			}
			{bone "Seat03"
				{Matrix34
					-0.5000	-0.8537	0.1459
					0.8660	-0.4913	0.0930
					-0.0077	0.1728	0.9849
					-25.6184	-20.9507	9.0329
				}
			}
			{bone "Seat04"
				{Matrix34
					0.1723	-0.9698	0.1723
					0.9850	0.1710	-0.0226
					-0.0076	0.1736	0.9848
					-9.3799	-20.3203	9.4880
				}
			}
			{bone revolute "lamp_glass1"
				{limits -0.0001 0.0001}
				{speed 0.0100}
					{Matrix34
						1.0000	0.0000	0.0000
						0.0000	1.0000	0.0000
						0.0000	0.0000	1.0000
						44.515  27.1000	9.9971
				}
			}
			{bone revolute "lamp_light_spot1"
				{parameters "ID=body;"}
				{Matrix34
					1.0000	0.0000	0.0000
					0.0000	1.0000	0.0000
					0.0000	0.0000	1.0000
					44.515  27.1000	9.9971
				}
			}
			{bone "rac"
				{parameters "ID=body;"}
				{Matrix34
					1.0000	-0.0000	0.0000
					0.0000	1.0000	-0.0000
					-0.0000	0.0000	1.0000
					71.4641	-7.3129	5.1339
				}
				{bone "Antenna"
					{parameters "ID=body;"}
					{Matrix34
						0.9994	-0.0000	0.0349
						0.0000	1.0000	-0.0000
						-0.0349	0.0000	0.9994
						-34.3866	-16.3129	5.6958
					}
					{VolumeView "Antenna.ply"}
				}
			}
			{bone "FXshot"
				{Matrix34
					1.0000	0.0000	0.0000
					0.0000	-1.0000	0.0000
					0.0000	0.0000	-1.0000
					-5.5892	1.2552	7.2958
				}
			}
			{bone "FXsmoke2"
				{Matrix34
					-0.7749	-0.0144	-0.6319
					-0.0125	0.9999	-0.0073
					0.6320	0.0022	-0.7750
					-55.9320	13.8557	2.5322
				}
			}
			{bone "FXsmoke1"
				{Matrix34
					-0.7749	-0.0144	-0.6319
					-0.0125	0.9999	-0.0073
					0.6320	0.0022	-0.7750
					-55.6443	-9.0843	2.7004
				}
			}
			{bone revolute "Turret"
				{parameters "ID=turret;"}
				{animation
					{sequence "repair" {file "turret_r.anm"} {speed 0.8}}
				}
				{speed 0.0100}
				{Matrix34
					1.0000	0.0000	0.0023
					-0.0000	1.0000	0.0000
					-0.0023	-0.0000	1.0000
					17.0179	1.6753	16.7348
				}
				{VolumeView "Turret.ply"}
				{bone "Visor1"
					{Position 10.5347	5.1842	14.2330}
				}
				{bone "FXfire2"
					{Matrix34
						-0.0000	0.0000	1.0000
						-0.0000	1.0000	-0.0000
						-1.0000	0.0000	0.0000
						-3.0815	-1.2760	7.0461
					}
				}
				{bone revolute "Gun_rot"
					{parameters "ID=gun;"}
					{limits -8.0000 15.0000}
					{speed 0.0100}
					{Matrix34
						1.0000	0.0000	-0.0000
						-0.0000	-0.0000	1.0000
						-0.0000	-1.0000	-0.0000
						15.5732	-0.1261	4.5274
					}
					{VolumeView "Gun_rot.ply"}
					{bone revolute "Foresight3"
						{limits -5.0000 10.0000}
						{Position 7.8375	1.5744	-5.4105}
					}
					{bone "Gun"
						{parameters "ID=gun;"}
						{Matrix34
							0.9999	0.0087	-0.0003
							-0.0087	0.9990	-0.0436
							-0.0000	0.0436	0.9990
							7.6778	-0.1971	-3.9491
						}
						{VolumeView "Gun.ply"}
						{bone "Foresight1"
							{Matrix34
								1.0000	0.0000	-0.0000
								0.0000	1.0000	0.0000
								0.0000	-0.0000	-1.0000
								40.7560	2.4042	3.0468
							}
						}
					}
				}
				{bone "luk"
					{parameters "ID=turret;"}
					{Matrix34
						1.0000	0.0069	0.0001
						-0.0069	0.9997	0.0209
						0.0000	-0.0209	0.9997
						-2.1047	-0.0071	0.3522
					}
					{bone "Cover"
						{parameters "ID=turret;"}
						{Matrix34
							-1.0000	0.0000	0.0000
							0.0000	0.0000	1.0000
							0.0000	1.0000	0.0000
							5.4336	0.0014	11.4651
						}
						{VolumeView "Cover.ply"}
					}
				}
			}
			{bone revolute "WheelL2"
				{parameters "ID=trackleft;"}
				{Matrix34
					-1.0000	0.0000	0.0000
					0.0000	0.0000	1.0000
					0.0000	1.0000	-0.0000
					-46.0817	24.4148	-4.3421
				}
				{VolumeView "WheelL2.ply"}
			}
			{bone revolute "WheelR2"
				{parameters "ID=trackright;"}
				{Matrix34
					-1.0000	-0.0000	0.0000
					0.0000	-0.0000	1.0000
					0.0000	-1.0000	-0.0000
					-46.0817	-20.2611	-4.3421
				}
				{VolumeView "WheelR2.ply"}
			}
			{bone revolute "WheelR1"
				{parameters "ID=trackright;"}
				{Matrix34
					-1.0000	-0.0000	0.0000
					0.0000	-0.0000	1.0000
					0.0000	-1.0000	-0.0000
					57.1184	-20.2307	-4.0421
				}
				{VolumeView "WheelR1.ply"}
			}
			{bone revolute "WheelL1"
				{parameters "ID=trackleft;"}
				{Matrix34
					-1.0000	0.0000	0.0000
					0.0000	0.0000	1.0000
					0.0000	1.0000	-0.0000
					57.1184	24.5726	-4.0421
				}
				{VolumeView "WheelL1.ply"}
			}
			{bone "engine"
				{Matrix34
					1.0000	0.0000	-0.0000
					0.0000	-1.0000	-0.0000
					0.0000	-0.0000	-1.0000
					-28.6481	1.2552	7.2958
				}
			}
			{bone "Visor2"
				{Matrix34
					1.0000	-0.0000	0.0023
					-0.0000	1.0000	0.0000
					-0.0023	0.0000	1.0000
					47.3150	10.5767	12.3971
				}
			}
                  {bone revolute "turret2"
				{parameters "ID=turret;"}
				{limits -10.0000 10.0000}
				{Position 60.0000 -8.0000 5.0000}
				{bone revolute "foresight2"
					{parameters "ID=mgun2;"}
					{limits -10.0000 5.0000}
					{Orientation
						1.0000 0.0000 0.0000
						0.0000 0.0000 1.0000
						0.0000 1.0000 0.0000
					}
					{Position 0.0000 0.0000 0.0000}
				}
			}
		}
		{bone "emit3"
			{parameters "Group=passengers;"}
			{Matrix34
				-0.0000	-1.0000	0.0000
				1.0000	-0.0000	0.0000
				0.0000	0.0000	1.0000
				-18.3122	53.5179	0.6363
			}
			{visibility 0}
		}
		{bone "emit5"
			{parameters "Group=passengers;"}
			{Matrix34
				0.0000	1.0000	0.0000
				-1.0000	0.0000	0.0000
				0.0000	0.0000	1.0000
				-36.8124	-52.7032	0.6363
			}
			{visibility 0}
		}
		{bone "emit4"
			{parameters "Group=passengers;"}
			{Matrix34
				0.0000	-1.0000	0.0000
				1.0000	0.0000	0.0000
				0.0000	0.0000	1.0000
				-37.9437	53.5179	0.6363
			}
			{visibility 0}
		}
		{bone "emit6"
			{parameters "Group=passengers;"}
			{Matrix34
				0.0000	1.0000	0.0000
				-1.0000	0.0000	0.0000
				0.0000	0.0000	1.0000
				-19.6774	-42.8981	0.6363
			}
			{visibility 0}
		}
		{bone "WheelsR"
			{parameters "ID=trackright;"}
			{Matrix34
				-1.0000	0.0000	0.0000
				0.0000	0.0000	1.0000
				-0.0000	-1.0000	0.0000
				7.1100	-25.8037	10.0020
			}
			{bone "FXtraceR1"
				{Matrix34
					0.9848	0.1736	0.0000
					0.0000	0.0000	1.0000
					0.1736	-0.9848	0.0000
					-24.8837	-7.1735	0.5723
				}
			}
			{bone "FXtraceR2"
				{Matrix34
					0.9848	0.1736	0.0000
					0.0000	0.0000	1.0000
					0.1736	-0.9848	0.0000
					48.5018	-7.3841	0.6426
				}
			}
			{bone revolute "wheelR3"
				{parameters "ID=trackright;"}
				{Position -32.7042	0.4000	0.6000}
				{VolumeView "wheelR4.ply"}
			}
			{bone revolute "wheelR4"
				{parameters "ID=trackright;"}
				{Position -14.3933	0.4000	0.6000}
				{VolumeView "wheelR4.ply"}
			}
			{bone revolute "wheelR5"
				{parameters "ID=trackright;"}
				{Position 5.4000	0.4000	0.6000}
				{VolumeView "wheelR3.ply"}
			}
			{bone revolute "wheelR6"
				{parameters "ID=trackright;"}
				{Position 23.3237	0.4000	0.6000}
				{VolumeView "wheelR4.ply"}
			}
			{bone revolute "wheelR7"
				{parameters "ID=trackright;"}
				{Position 40.7225	0.4000	0.6000}
				{VolumeView "wheelR4.ply"}
			}
			{bone "TrackR"
				{parameters "ID=trackright;"}
				{Matrix34
					1.0000	-0.0000	0.0000
					0.0000	-0.0000	-1.0000
					0.0000	-1.0000	-0.0000
					0.4763	1.1479	-2.0322
				}
				{VolumeView "TrackR.ply"}
			}
		}
	}
}
{Volume "trackright"
	{Box 113.395 11.6712 19.112}
	{Bone "WheelsR"}
	{Matrix34
		1.0000	-0.0000	0.0000
		0.0000	0.0000	1.0000
		-0.0000	1.0000	0.0000
		4.3053	1.3034	0.8739
	}
}
{Volume "inventory"
	{Box 18.4857 27.2345 21.2598}
	{Bone "Body"}
	{Position -3.6008	2.4120	-0.0981}
}
{Volume "engine"
	{Box 20.4545 33.6229 15.748}
	{Bone "engine"}
	{Matrix34
		1.0000	0.0000	0.0000
		0.0000	-1.0000	0.0000
		-0.0000	-0.0000	-1.0000
		4.0192	-1.1568	4.3931
	}
}
{Volume "Turret"
	{Polyhedron "Turret.vol"}
	{Bone "Turret"}
	{Matrix34
		0.8997	0.0000	0.0000
		0.0000	1.0000	0.0000
		0.0000	-0.0000	1.1000
		2.9378	0.0001	-3.6753
	}
}
{Volume "Gun"
	{Cylinder 1.54196 32.0494}
	{Bone "Gun"}
	{Matrix34
		0.0000	0.0000	-1.0000
		0.0000	1.0000	0.0000
		-1.0000	-0.0000	0.0000
		16.7166	2.6002	3.2586
	}
}
{Volume "Body1"
	{Polyhedron "Body1.vol"}
	{Bone "Body"}
	{Matrix34
		0.8318	0.0000	-0.0000
		-0.0000	1.0098	0.0000
		-0.0000	0.0000	1.1914
		5.3213	1.8885	-11.5239
	}
}
{Volume "Body2"
	{Polyhedron "Body2.vol"}
	{Bone "Body"}
	{Matrix34
		0.8680	0.0000	0.0000
		0.0000	0.9749	0.0000
		-0.6194	0.0000	1.2576
		3.5622	3.0815	-2.2349
	}
}
{Volume "lamp1"
	{Cylinder 2.24252 1.9685}
	{Bone "lamp_glass1"}
	{Matrix34
		-0.0000	-1.0000	-0.0000
		0.0000	0.0000	-1.0000
		1.0000	-0.0000	0.0000
		-3.0012	0.0293	0.0173
	}
}
{Volume "crew"
	{Box 15.6798 16.1258 29.7154}
	{Bone "Body"}
	{Position 15.3075	2.4120	5.1297}
}
{Volume "trackleft"
	{Box 113.002 11.6712 19.112}
	{Bone "WheelsL"}
	{Matrix34
		1.0000	-0.0000	0.0000
		0.0000	0.0000	1.0000
		-0.0000	1.0000	0.0000
		4.4272	0.8291	0.7737
	}
}

