;Exported by: dinsen
;Date:        Sun Aug 28 23:50:14 2011
;File:        C:\Archivos de programa\Autodesk\3dsMax8\scenes\pendientes\hecho\m43.max
{Skeleton
	{animation
		{sequence "start"}
		{sequence "stop"}
		{sequence "fire"}
		{sequence "open" {resume}}
		{sequence "hit"}
	}
	{bone "basis"
		{parameters "Wheelradius=0.4;"}
		{Orientation
			1.0000	0.0000	0.0000
			0.0000	-1.0000	0.0000
			0.0000	0.0000	1.0000
		}
		{bone "wheelsR"
			{parameters "ID=trackright;"}
			{Position 0.2779	0.5243	21.1514}
			{VolumeView "wheelsR.ply"}
			{bone revolute "wheelR8"
				{parameters "ID=trackright;"}
				{Matrix34
					-1.0000	0.0000	0.0000
					0.0000	0.0000	1.0000
					0.0000	1.0000	0.0000
					-33.8188	-22.2118	-14.1968
				}
				{VolumeView "wheelR8.ply"}
			}
			{bone revolute "wheelR7"
				{parameters "ID=trackright;"}
				{Matrix34
					-1.0000	0.0000	0.0000
					0.0000	0.0000	1.0000
					0.0000	1.0000	0.0000
					-16.0893	-22.2513	-14.2286
				}
				{VolumeView "wheelR7.ply"}
			}
			{bone revolute "wheelR6"
				{parameters "ID=trackright;"}
				{Matrix34
					-1.0000	0.0000	0.0000
					0.0000	0.0000	1.0000
					0.0000	1.0000	0.0000
					-4.8511	-22.2763	-14.2488
				}
				{VolumeView "wheelR6.ply"}
			}
			{bone revolute "wheelR5"
				{parameters "ID=trackright;"}
				{Matrix34
					-1.0000	0.0000	0.0000
					0.0000	0.0000	1.0000
					0.0000	1.0000	0.0000
					12.6079	-22.3152	-14.2801
				}
				{VolumeView "wheelR5.ply"}
			}
			{bone revolute "wheelR4"
				{parameters "ID=trackright;"}
				{Matrix34
					-1.0000	0.0000	0.0000
					0.0000	0.0000	1.0000
					0.0000	1.0000	0.0000
					23.7512	-22.3400	-14.3001
				}
				{VolumeView "wheelR4.ply"}
			}
			{bone revolute "wheelR3"
				{parameters "ID=trackright;"}
				{Matrix34
					-1.0000	0.0000	0.0000
					0.0000	0.0000	1.0000
					0.0000	1.0000	0.0000
					41.3437	-22.3791	-14.3317
				}
				{VolumeView "wheelR3.ply"}
			}
			{bone "trackR"
				{parameters "ID=trackright;"}
				{Position 3.1553	-22.1705	-6.7103}
				{VolumeView "trackR.ply"}
			}
			{bone "FxtraceR1"
				{Matrix34
					-1.0000	0.0000	0.0000
					0.0000	-0.9999	0.0143
					0.0000	0.0143	0.9999
					41.3858	-23.0243	-21.1514
				}
			}
			{bone "FxtraceR2"
				{Matrix34
					-0.9468	0.0081	0.3218
					-0.0129	-0.9998	-0.0129
					0.3217	-0.0164	0.9467
					-36.9629	-23.0243	-21.1514
				}
			}
		}
		{bone "wheelsL"
			{parameters "ID=trackleft;"}
			{Position 0.2779	0.5243	21.1137}
			{VolumeView "wheelsL.ply"}
			{bone revolute "wheelL8"
				{parameters "ID=trackleft;"}
				{Matrix34
					-1.0000	0.0000	0.0000
					0.0000	0.0000	1.0000
					0.0000	1.0000	0.0000
					-33.5475	22.0900	-14.1511
				}
				{VolumeView "wheelL8.ply"}
			}
			{bone revolute "wheelL7"
				{parameters "ID=trackleft;"}
				{Matrix34
					-1.0000	0.0000	0.0000
					0.0000	0.0000	1.0000
					0.0000	1.0000	0.0000
					-16.0183	22.0509	-14.1825
				}
				{VolumeView "wheelL7.ply"}
			}
			{bone revolute "wheelL6"
				{parameters "ID=trackleft;"}
				{Matrix34
					-1.0000	0.0000	0.0000
					0.0000	0.0000	1.0000
					0.0000	1.0000	0.0000
					-4.7923	22.0260	-14.2027
				}
				{VolumeView "wheelL6.ply"}
			}
			{bone revolute "wheelL4"
				{parameters "ID=trackleft;"}
				{Matrix34
					-1.0000	0.0000	0.0000
					0.0000	0.0000	1.0000
					0.0000	1.0000	0.0000
					23.8896	21.9621	-14.2542
				}
				{VolumeView "wheelL4.ply"}
			}
			{bone revolute "wheelL3"
				{parameters "ID=trackleft;"}
				{Matrix34
					-1.0000	0.0000	0.0000
					0.0000	0.0000	1.0000
					0.0000	1.0000	0.0000
					41.4527	21.9230	-14.2858
				}
				{VolumeView "wheelL3.ply"}
			}
			{bone revolute "wheelL5"
				{parameters "ID=trackleft;"}
				{Matrix34
					-1.0000	0.0000	0.0000
					0.0000	0.0000	1.0000
					0.0000	1.0000	0.0000
					12.7446	21.9870	-14.2342
				}
				{VolumeView "wheelL5.ply"}
			}
			{bone "trackL"
				{parameters "ID=trackleft;"}
				{Position 3.2637	21.9202	-6.6643}
				{VolumeView "trackL.ply"}
			}
			{bone "FxtraceL1"
				{Matrix34
					-1.0000	0.0000	0.0000
					0.0000	-0.9999	0.0143
					0.0000	0.0143	0.9999
					41.3858	21.9757	-21.1137
				}
			}
			{bone "FxtraceL2"
				{Matrix34
					-0.9468	0.0081	0.3218
					-0.0129	-0.9998	-0.0129
					0.3217	-0.0164	0.9467
					-36.9629	21.9757	-21.1137
				}
			}
		}
		{bone "body"
			{parameters "ID=body;"}
			{Position 0.2779	0.5243	21.1514}
			{VolumeView "body.ply"}
			{bone revolute "wheelR1"
				{parameters "ID=trackright;"}
				{Matrix34
					-1.0000	0.0000	0.0000
					0.0000	0.0000	1.0000
					0.0000	1.0000	0.0000
					49.8542	-22.1773	-6.0000
				}
				{VolumeView "wheelR1.ply"}
			}
			{bone revolute "wheelR2"
				{parameters "ID=trackright;"}
				{Matrix34
					-1.0000	0.0000	0.0000
					0.0000	0.0000	1.0000
					0.0000	1.0000	0.0000
					-45.7356	-22.1122	-4.9931
				}
				{VolumeView "wheelR2.ply"}
			}
			{bone "cover2"
				{Position 31.7600	17.7707	13.0799}
				{VolumeView "cover2.ply"}
			}
			{bone "engine"
				{parameters "ID=engine;"}
				{Position -39.1057	0.1385	13.2795}
				{VolumeView "engine.ply"}
			}
			{bone revolute "wheelL2"
				{parameters "ID=trackleft;"}
				{Matrix34
					-1.0000	0.0000	0.0000
					0.0000	0.0000	1.0000
					0.0000	1.0000	0.0000
					-45.6268	22.0403	-4.9849
				}
				{VolumeView "wheelL2.ply"}
			}
			{bone revolute "wheelL1"
				{parameters "ID=trackleft;"}
				{Matrix34
					-1.0000	0.0000	0.0000
					0.0000	0.0000	1.0000
					0.0000	1.0000	0.0000
					49.9946	21.6787	-5.9920
				}
				{VolumeView "wheelL1.ply"}
			}
			{bone "FXsmoke1"
				{Matrix34
					-0.9999	-0.0014	-0.0124
					0.0012	-0.9999	0.0141
					-0.0124	0.0141	0.9998
					-53.9850	-0.5243	-5.6514
				}
			}
			{bone "FXfire2"
				{Matrix34
					0.0071	0.0000	1.0000
					-1.0000	0.0000	0.0071
					0.0000	-1.0000	0.0000
					5.3653	-0.5243	6.1894
				}
			}
			{bone "FXfire1"
				{Matrix34
					0.0071	0.0000	1.0000
					-1.0000	0.0000	0.0071
					0.0000	-1.0000	0.0000
					-34.6386	-0.5243	7.3522
				}
			}
			{bone revolute "gun_vert"
				{limits -5.0000 5.0000}
				{speed 0.0100}
				{Position 1.4213	-0.7151	13.3022}
				{VolumeView "gun_vert.ply"}
				{bone revolute "gun_rot"
					{parameters "ID=gun;"}
					{limits -1.0000 20.0000}
					{speed 0.0100}
					{Matrix34
						1.0000	0.0000	0.0000
						0.0000	0.0000	1.0000
						0.0000	-1.0000	0.0000
						0.0844	0.1846	18.2296
					}
					{VolumeView "gun_rot.ply"}
					{bone "gun"
						{parameters "ID=gun;"}
						{Matrix34
							1.0000	0.0000	0.0000
							0.0000	0.0000	-1.0000
							0.0000	1.0000	0.0000
							31.7885	-0.1777	4.0898
						}
						{VolumeView "gun.ply"}
						{bone "foresight1"
							{Position 60.9298	3.5935	0.1509}
						}
					}
				}
				{bone "visor1"
					{Position 13.6406	0.1908	22.5202}
				}
				{bone "commander"
					{Position -0.1127	13.1419	-6.0252}
				}
				{bone "gunner"
					{Matrix34
						0.9890	0.0000	0.1478
						0.0000	1.0000	0.0000
						-0.1478	0.0000	0.9890
						-18.6237	10.6906	-6.0496
					}
				}
				{bone "charger"
					{Matrix34
						0.6636	0.7415	0.0992
						-0.7334	0.6709	-0.1096
						-0.1478	0.0000	0.9890
						-31.9533	-11.7119	-5.9705
					}
				}
			}
		}
		{bone "emit1"
			{Matrix34
				0.0000	-1.0000	0.0000
				1.0000	0.0000	0.0000
				0.0000	0.0000	1.0000
				27.2431	46.0532	0.0000
			}
		}
		{bone "emit2"
			{Matrix34
				0.0000	1.0000	0.0000
				-1.0000	0.0000	0.0000
				0.0000	0.0000	1.0000
				-36.1908	-45.3025	0.0000
			}
		}
	}
}
{Volume "body6"
	{Box 1.23868 21.0502 31.1827}
	{Bone "body"}
	{Matrix34
		0.7835	-0.6214	0.0000
		0.0000	0.0000	1.0000
		0.6214	0.7835	0.0000
		17.4278	-12.5879	18.7062
	}
}
{Volume "body5"
	{Box 1.23868 21.0502 32.7864}
	{Bone "body"}
	{Matrix34
		0.7835	0.6214	0.0000
		0.0000	0.0000	1.0000
		0.6214	-0.7835	0.0000
		17.3407	12.1176	18.7062
	}
}
{Volume "body4"
	{Box 1.23868 13.7625 49.19}
	{Bone "body"}
	{Matrix34
		0.9999	0.0122	0.0000
		0.0000	0.0000	1.0000
		0.0122	-0.9999	0.0000
		-49.1932	-1.7790	18.7062
	}
}
{Volume "body3"
	{Box 57.1492 19.5745 0.638298}
	{Bone "body"}
	{Matrix34
		0.9994	0.0336	0.0010
		-0.0012	0.0061	1.0000
		0.0336	-0.9994	0.0061
		-20.9251	24.1076	19.9079
	}
}
{Volume "body2"
	{Box 57.1492 19.5745 0.638298}
	{Bone "body"}
	{Matrix34
		0.9994	0.0336	0.0010
		-0.0012	0.0061	1.0000
		0.0336	-0.9994	0.0061
		-20.9251	-25.5060	19.9079
	}
}
{Volume "gun"
	{Polyhedron "gun.vol"}
	{Bone "gun"}
	{Matrix34
		0.0000	-1.0000	0.0000
		0.0000	0.0000	1.0000
		-1.0000	0.0000	0.0000
		59.2615	3.4496	-0.1775
	}
}
{Volume "body1"
	{Polyhedron "body1.vol"}
	{Bone "body"}
	{Position 0.0001	0.0000	-54.2474}
}
{Volume "body"
	{Polyhedron "body.vol"}
	{Bone "body"}
	{Position 0.0001	0.0000	-54.2474}
}
{Volume "engine"
	{Polyhedron "engine.vol"}
	{Bone "engine"}
	{Position 0.0000	0.0000	-9.9400}
}
{Volume "trackLeft"
	{Polyhedron "trackLeft.vol"}
	{Bone "trackL"}
	{Position 0.0000	0.0000	-49.7604}
}
{Volume "trackright"
	{Polyhedron "trackright.vol"}
	{Bone "trackR"}
	{Position -1.2818	-0.0372	-3.4592}
}
