;Exported by: ubrashaev
;Date:        Tue Mar 23 11:34:15 2004
;File:        D:\-Projects-\-work-\3d\sk\aerodrome\stuff.max
{Skeleton
	{bone "suff4"
		{Orientation
			1.0000	0.0000	0.0000
			0.0000	-1.0000	0.0000
			0.0000	0.0000	1.0000
		}
		{VolumeView "suff4.ply"}
	}
}
{Obstacle "fire1"
	{Obb2
		{Center 11.2511 0.0648198}
		{Extent 28.4982 17.6265}
		{Axis 0.0879049 0.996129}
	}
	{Rotate}
}
{Obstacle "body1"
	{Obb2
		{Center -5.74429 -0.242534}
		{Extent 13.8323 27.6844}
		{Axis 0.829206 0.558943}
	}
	{Rotate}
}
{Obstacle "body"
	{Obb2
		{Center 11.2511 0.0648198}
		{Extent 28.4982 17.6265}
		{Axis 0.0879049 0.996129}
	}
	{Rotate}
}
{Volume "fire1"
	{Box 35.2102 56.97 8.57253}
	{Bone "suff4"}
	{Matrix34
		0.9962	0.0872	0.0000
		-0.0872	0.9962	0.0000
		0.0000	0.0000	1.0000
		11.2511	-0.0648	14.7075
	}
}
{Volume "body1"
	{Box 27.1205 54.7789 4.14339}
	{Bone "suff4"}
	{Matrix34
		0.7840	-0.5939	0.1807
		0.5428	0.7971	0.2648
		-0.3013	-0.1095	0.9472
		-5.7443	0.2425	13.6409
	}
}
{Volume "body"
	{Box 35.2102 56.97 12.9887}
	{Bone "suff4"}
	{Matrix34
		0.9962	0.0872	0.0000
		-0.0872	0.9962	0.0000
		0.0000	0.0000	1.0000
		11.2511	-0.0648	6.4943
	}
}
