;Made by: Albus
;Date:        Sun Jan 17 13:10:12 2010
{Skeleton
	{Animation
		{sequence "start"}
		{sequence "stop"}
	}
	{bone "basis"
		{Orientation
			1.0000	0.0000	0.0000
			0.0000	-1.0000	0.0000
			0.0000	0.0000	1.0000
		}
		{bone "Body"
			{parameters "ID=body;"}
			{Matrix34
				1.0000	0.0000	0.0000
				0.0000	0.0157	0.9999
				0.0000	-0.9999	0.0157
				-8.4000	0.6125	19.8928
			}
			{VolumeView "Body.ply"}
			{bone revolute "WheelL1"
				{parameters "ID=trackleft;"}
				{Matrix34
					-0.9817	-0.1908	-0.0029
					-0.1908	0.9816	0.0154
					0.0000	0.0157	-0.9999
					42.0920	-7.4730	19.6855
				}
				{VolumeView "WheelL1.ply"}
			}
			{bone revolute "WheelL2"
				{parameters "ID=trackleft;"}
				{Matrix34
					0.9965	0.0837	0.0000
					0.0837	-0.9965	0.0000
					0.0000	0.0000	-1.0000
					-38.8031	-10.9232	19.5000
				}
				{VolumeView "WheelL2.ply"}
			}
			{bone revolute "WheelR1"
				{parameters "ID=trackright;"}
				{Matrix34
					-0.1599	0.9869	0.0173
					0.9871	0.1598	0.0028
					0.0000	0.0175	-0.9998
					42.5963	-7.0198	-20.6344
				}
				{VolumeView "WheelR1.ply"}
			}
			{bone revolute "WheelR2"
				{parameters "ID=trackright;"}
				{Matrix34
					1.0000	0.0000	0.0000
					0.0000	-0.9998	-0.0175
					0.0000	0.0175	-0.9998
					-39.0700	-10.0363	-20.8870
				}
				{VolumeView "WheelR2.ply"}
			}
			{bone "driver"
				{Matrix34
					1.0000	-0.0050	0.0012
					0.0013	0.0139	-0.9999
					0.0050	0.9999	0.0138
					18.3989	-9.7179	-8.2221
				}
			}
			{bone "commander"
				{Matrix34
					1.0000	0.0000	0.0000
					0.0000	0.0160	-0.9998
					0.0000	0.9998	0.0160
					18.4000	-9.9875	11.2211
				}
			}
			{bone "charger"
				{Matrix34
					0.0000	0.0000	-1.0000
					-1.0000	0.0000	0.0000
					0.0000	1.0000	0.0000
					-6.4000	-9.0875	13.2211
				}
			}
			{bone "gunner"
				{Matrix34
					0.3222	-0.0151	0.9466
					0.9466	0.0160	-0.3222
					0.0000	0.9998	0.0160
					-12.4000	-9.0875	-11.9211
				}
			}
			{bone revolute "turret"
				{parameters "ID=turret;"}
				{limits -9.0000 5.0000}
				{speed 0.0100}
				{Matrix34
					1.0000	0.0000	0.0000
					0.0000	0.0000	-1.0000
					0.0000	1.0000	0.0000
					-5.000	-8.0000	0.0000
				}
				{bone revolute "stabilizator"
					{limits -10.0000 10.0000}
					{speed 0.0009}
					{Orientation
						0.0000	0.0000	1.0000
						0.0000	1.0000	0.0000
						-1.0000	0.0000	0.0000
					}
					{bone "nogi"
						{parameters "ID=body;"}
						{Matrix34
							0.9077	0.0000	0.4194
							0.4194	0.0000	-0.9077
							0.0000	1.0000	0.0000
							19.0245	0.0000	-0.5582
						}
						{VolumeView "nogi.ply"}
					}
					{bone "Visor1"
						{Matrix34
							0.0000	0.0000	-1.0000
							0.0000	1.0000	0.0000
							1.0000	0.0000	0.0000
							28.0000	0.0000	-10.0000
						}
					}
					{bone "FXfire2"
						{Matrix34
							-0.0802	0.0000	0.9968
							0.0000	1.0000	0.0000
							-0.9968	0.0000	-0.0802
							0.1936	-0.2000	-4.9003
						}
					}
					{bone "gun"
						{parameters "ID=gun;"}
						{Matrix34
							0.8251	0.0000	-0.5649
							-0.5649	0.0000	-0.8251
							0.0000	1.0000	0.0000
							0.5182	0.0000	12.6295
						}
						{VolumeView "gun.ply"}
						{bone revolute "gun_rot"
 							{limits -20.0000 10.0000}
							{speed 0.004}
							{Position 38.0000	0.0000	0.0000}
							{bone "foresight1"
								{Position 0.0000	0.0000	0.0000}
							}
						}
						{bone "Upor"
							{Matrix34
								0.8251	-0.5649	0.0000
								0.5649	0.8251	0.0000
								0.0000	0.0000	1.0000
								-0.6122	0.0000	0.0000
							}
							{VolumeView "upor.ply"}
						}
					}
				}
			}
			{bone "FXsmoke1"
				{Matrix34
					-0.5015	-0.8650	-0.0155
					0.0121	0.0109	-0.9998
					0.8651	-0.5016	0.0049
					-40.2401	-13.8900	1.1047
				}
			}
			{bone "FXfire1"
				{Matrix34
					-0.0170	0.9667	0.2553
					-0.9998	-0.0175	-0.0005
					0.0040	-0.2553	0.9669
					-13.0946	9.7753	2.5677
				}
			}
			{bone "engine"
				{Matrix34
					-0.0021	1.0000	0.0027
					0.9998	0.0022	-0.0195
					-0.0196	0.0027	-0.9998
					-7.6922	1.5818	0.6547
				}
			}
			{bone "Visor2"
				{Matrix34
					1.0000	-0.0028	0.0052
					0.0053	0.0347	-0.9994
					0.0026	0.9994	0.0347
					33.9662	6.1571	-9.2705
				}
			}
			{bone "FXshot"
			}
		}
		{bone "WheelsL"
			{parameters "ID=trackleft;"}
			{Matrix34
				0.9999	0.0001	0.0140
				-0.0140	0.0052	0.9999
				0.0001	-1.0000	0.0052
				-8.3818	-39.1052	18.7053
			}
			{VolumeView "WheelsL.ply"}
			{bone "TrackL"
				{parameters "ID=trackleft;"}
				{Position 0.0000	-1.4000	0.2000}
				{VolumeView "trackl.ply"}
			}
			{bone "FXtraceL1"
				{Matrix34
					-0.9999	0.0001	0.0105
					0.0105	0.0087	0.9999
					0.0000	1.0000	-0.0087
					23.6001	-16.4344	-19.7630
				}
			}
			{bone "FXtraceL2"
				{Matrix34
					-0.9875	0.1564	-0.0172
					-0.0175	0.0000	0.9998
					0.1564	0.9877	0.0027
					-26.3826	-15.0810	-19.6242
				}
			}
		}
		{bone "WheelsR"
			{parameters "ID=trackright;"}
			{Matrix34
				1.0000	0.0000	0.0000
				0.0000	0.0000	1.0000
				0.0000	-1.0000	0.0000
				-8.3000	40.0048	18.9828
			}
			{VolumeView "WheelsR.ply"}
			{bone "TrackR"
				{parameters "ID=trackright;"}
				{Position -0.2000	-0.6000	-0.1000}
				{VolumeView "trackr.ply"}
			}
			{bone "FXtraceR1"
				{Matrix34
					-0.9985	-0.0142	0.0523
					0.0523	-0.0052	0.9986
					-0.0139	0.9999	0.0060
					23.6372	-17.1610	20.0663
				}
			}
			{bone "FXtraceR2"
				{Matrix34
					-0.9694	0.2453	0.0043
					0.0000	-0.0175	0.9998
					0.2453	0.9693	0.0169
					-26.1389	-16.3902	19.8319
				}
			}
		}
		{bone "emit1"
			{parameters "Group=crew;"}
			{Matrix34
				0.0105	0.9999	0.0000
				-0.9999	0.0105	0.0000
				0.0000	0.0000	1.0000
				11.2675	-32.7179	1.3000
			}
			{visibility 0}
		}
		{bone "emit2"
			{parameters "Group=crew;"}
			{Matrix34
				-0.0070	-0.9998	-0.0209
				1.0000	-0.0070	-0.0001
				0.0000	-0.0209	0.9998
				11.6095	34.2952	1.4557
			}
			{visibility 0}
		}
		{bone "emit3"
			{parameters "Group=crew;"}
			{Matrix34
				0.0000	-1.0000	0.0000
				1.0000	0.0000	0.0000
				0.0000	0.0000	1.0000
				-20.6095	45.2952	1.4557
			}
			{visibility 0}
		}
	}
}
{Volume "Engine"
	{Box 19.6814 23.5500 9.8747}
	{Bone "engine"}
	{Matrix34
		0.5897	0.0000	0.0000
		0.0000	0.8668	0.0000
		0.0000	0.0000	1.1502
		0.0000	0.0000	0.0000
	}
}
{Volume "Body2"
	{Box 31.4667 29.8829 11.5687}
	{Bone "Body"}
	{Matrix34
		2.0904	0.0000	0.0000
		0.0000	0.0000	-1.4802
		0.0000	1.4589	0.0000
		2.8450	8.0622	0.5981
	}
}
{Volume "Body1"
	{Polyhedron "Body1.vol"}
	{Bone "Body"}
	{Matrix34
		1.0868	0.0000	0.0000
		0.0000	0.0000	-1.1040
		0.0000	0.8600	0.0000
		1.5904	-5.3010	-0.0045
	}
}
{Volume "Inventory"
	{Box 9.8075 16.7815 13.7627}
	{Bone "Body"}
	{Matrix34
		0.9703	0.0000	0.0000
		0.0000	0.0000	-0.7323
		0.0000	0.9631	0.0000
		7.9034	0.6870	0.4420
	}
}
{Volume "trackright"
	{Box 83.7008 4.8622 19.6850}
	{Bone "WheelsR"}
	{Matrix34
		-1.1233	0.0000	0.0000
		0.0000	0.0000	1.2923
		0.0000	-0.8727	0.0000
		0.6407	-9.8223	20.2027
	}
}
{Volume "trackleft"
	{Box 83.6916 4.8665 19.6850}
	{Bone "WheelsL"}
	{Matrix34
		-1.1230	0.0000	0.0000
		0.0000	0.0000	1.3556
		0.0000	0.8819	0.0000
		0.2577	-8.7362	-19.3731
	}
}
{Volume "gun"
	{Box 30.0000 3.4000 3.4000}
	{Bone "gun"}
	{Position 15.0000	0.0000	0.0000}
}
{Volume "upor"
	{Box 1.0000 9.0000 9.0000}
	{Bone "upor"}
	{Position 1.0000	0.0000	0.0000}
}