;Modified by: Albus
{Skeleton
	{animation
		{sequence "recoil" {speed 0.7}}
	}
	{bone revolute "Basis"
		{limits -0.0000 0.0000}
		{speed 0.020}
		{Orientation
			1.0000	0.0000	0.0000
			0.0000	-1.0000	0.0000
			0.0000	0.0000	1.0000
		}
		{bone "emit1"
			{Matrix34
				0.9336	-0.3584	0.0000
				0.3584	0.9336	0.0000
				0.0000	0.0000	1.0000
				-32.7803	14.9472	-0.0552
			}
			{visibility 0}
		}
		{bone "emit2"
			{Matrix34
				0.9998	-0.0175	-0.0000
				0.0175	0.9998	-0.0000
				-0.0000	0.0000	1.0000
				-34.2722	-9.3998	0.0954
			}
			{visibility 0}
		}
		{bone "Body"
			{parameters "ID=body;"}
			{Matrix34
				0.9998	-0.0175	0.0000
				0.0175	0.9998	0.0000
				0.0000	0.0000	1.0000
				-59.3499	0.9704	0.6016
			}
			{VolumeView "Body.ply"}
			{bone revolute "WheelL"
				{parameters "ID=wheelleft;"}
				{Matrix34
					-1.0000	0.0000	0.0000
					0.0000	0.0000	1.0000
					0.0000	1.0000	0.0000
					58.6028	20.1479	7.5733
				}
				{VolumeView "WheelL.ply"}
				{bone "FXtraceL1"
					{Matrix34
						-1.0000	0.0000	0.0000
						0.0000	0.0000	-1.0000
						0.0000	1.0000	0.0000
						0.0000	-8.0000	-2.0000
					}
                		}
			}
			{bone revolute "WheelR"
				{parameters "ID=wheelright;"}
				{Matrix34
					-1.0000	0.0000	0.0000
					0.0000	0.0000	1.0000
					0.0000	1.0000	0.0000
					58.5029	-15.8392	7.4033
				}
				{VolumeView "WheelR.ply"}
				{bone "FXtraceR1"
					{Matrix34
						-1.0000	0.0000	0.0000
						0.0000	0.0000	-1.0000
						0.0000	1.0000	0.0000
						0.0000	-8.0000	-0.5000
					}
				}
			}
			{bone "commander"
				{Matrix34
					0.9563	0.2924	0.0000
					-0.2922	0.9557	0.0347
					0.0101	-0.0332	0.9994
					36.5193	-11.9940	-0.7797
				}
			}
			{bone "gunner"
				{Matrix34
					0.9063	-0.4226	0.0000
					0.4226	0.9063	0.0000
					0.0000	-0.0000	1.0000
					36.0904	11.5562	-0.8039
				}
			}
			{bone revolute "Turret_rot"
				{limits -27.0000 27.0000}
				{speed 0.0200}
				{Matrix34
					1.0000	0.0000	0.0000
					0.0000	1.0000	0.0000
					0.0000	0.0000	1.0000
					60.0000	0.0000	13.000
				}
				{bone "turret"
					{parameters "ID=turret;"}
					{Matrix34
						1.0000	0.0000	0.0000
						0.0000	0.0000	-1.0000
						0.0000	1.0000	0.0000
						-8.4000	0.7800	-1.9200
					}
					{VolumeView "turret.ply"}
					{bone "Visor"
						{parameters "Vis;"}
						{Matrix34
							0.9998	-0.0175	-0.0087
							0.0087	0.0000	1.0000
							-0.0175	-0.9998	0.0002
							6.4474	-8.7446	7.7145
						}
					}
					{bone revolute "gun_rot"
						{parameters "ID=gun;"}
						{limits -15.0000 10.0000}
						{speed 0.0050}
						{Matrix34
							1.0000	0.0000	0.0000
							0.0000	1.0000	0.0000
							0.0000	0.0000	1.0000
							0.0000	0.0000	0.0000
						}
						{VolumeView "gun_rot.ply"}
						{bone "gun"
							{parameters "ID=gun;"}
							{Matrix34
								1.0000	0.0000	0.0000
								0.0000	0.0000	1.0000
								0.0000	-1.0000	0.0000
								22.3589	-6.5605	0.4618
							}
							{VolumeView "gun.ply"}
							{bone "Foresight1"
								{Matrix34
									1.0000	-0.0001	-0.0087
									0.0000	1.0000	-0.0096
									0.0087	0.0096	0.9999
									29.9270	-0.5392	-4.0549
								}
							}
						}
					}
				}
			}
		}
	}
}
{Obstacle "Obstacle1"
	{Obb2
		{Center -0.7784 -0.8489}
		{Extent 8.5208 19.9775}
		{Axis -1 0}
	}
	{Rotate}
}
{Volume "body2"
	{Box 3.1733 50.5053 3.175}
	{Bone "Body"}
	{Matrix34
		0.3123	-0.9499	0.0000
		0.9460	0.3110	0.0906
		-0.0860	-0.0283	0.9958
		27.7754	-19.6960	3.8206
	}
}
{Volume "body1"
	{Box 3.1733 50.5053 3.175}
	{Bone "Body"}
	{Matrix34
		0.3054	0.9521	0.0097
		-0.9476	0.3050	-0.0940
		-0.0924	0.0195	0.9955
		26.1519	22.1301	3.7731
	}
}
{Volume "body"
	{Box 6.1733 25.5053 5.975}
	{Bone "Body"}
	{Position 56.6693	-0.1011	7.1041}
}
{Volume "turret"
	{Box 1.29978 25.6915 26.5279}
	{Bone "turret"}
	{Matrix34
		0.8059	-0.5919	0.0000
		0.0000	0.0000	1.0000
		-0.5919	-0.8059	0.0000
		3.1927	-3.3914	0.0316
	}
}
{Volume "wheelright"
	{Cylinder  8.8821 4.7142}
	{Bone "WheelR"}
	{Position 0.0000	-0.5000	-0.6636}
}
{Volume "wheelleft"
	{Cylinder 8.8821 4.7142}
	{Bone "WheelL"}
	{Matrix34
		1.0000	0.0000	0.0000
		0.0000	1.0000	0.0000
		0.0000	0.0000	1.0000
		0.0000	-0.4500	-2.1168
	}
}
{Volume "gun"
	{Cylinder 1.105254 45.4335}
	{Bone "gun"}
	{Matrix34
		0.0000	0.0000	1.0000
		0.0000	-1.0000	0.0000
		1.0000	0.0000	0.0000
		2.7276	-0.7000	-4.0708
	}
}