;Exported by: garry
;Date:        Tue May 11 20:02:00 2004
;File:        \\sharepoint\gamedev\DESIGN\-Projects-\-3DWork-\Model\-“¿Õ »\jagdpanther\jagdpanther.max
{Skeleton
	{animation
		{sequence "start"}
		{sequence "stop"}
		{sequence "fire"}
		{sequence "hit"}
		{sequence "open" {speed 0.8} {resume}}
	}
	{bone revolute "Basis"
		{limits 0.0000 0.0000}
		{speed 0.0010}
		{Orientation
			1.0000	0.0000	0.0000
			0.0000	-1.0000	0.0000
			0.0000	0.0000	1.0000
		}
		{bone "WheelsR"
			{parameters "ID=trackright;"}
			{Matrix34
				1.0000	0.0000	0.0000
				0.0000	-0.0000	1.0000
				0.0000	-1.0000	-0.0000
				-4.5130	-25.3137	10.0383
			}
			{VolumeView "WheelsR.ply"}
			{bone "TrackR"
				{parameters "ID=trackright;"}
				{Matrix34
					-1.0000	-0.0000	0.0000
					0.0000	1.0000	-0.0000
					0.0000	-0.0000	1.0000
					-4.0492	2.3065	0.7026
				}
				{VolumeView "TrackR.ply"}
			}
			{bone "FXtraceR1"
				{Matrix34
					-1.0000	-0.0000	-0.0000
					-0.0000	0.0000	1.0000
					-0.0000	1.0000	0.0000
					35.5710	-6.1487	2.5147
				}
			}
			{bone "FXtraceR2"
				{Matrix34
					-1.0000	-0.0000	-0.0000
					-0.0000	0.0000	1.0000
					-0.0000	1.0000	0.0000
					-12.4160	-6.6071	2.5147
				}
			}
			{bone "FXtraceR3"
				{Matrix34
					-0.9397	0.3420	-0.0000
					-0.0000	0.0000	1.0000
					0.3420	0.9397	-0.0000
					-46.2246	-8.4503	2.5147
				}
			}
		}
		{bone "WheelsL"
			{parameters "ID=trackleft;"}
			{Matrix34
				1.0000	0.0000	0.0000
				0.0000	-0.0000	1.0000
				0.0000	1.0000	0.0000
				-4.5130	25.7247	10.0383
			}
			{VolumeView "WheelsL.ply"}
			{bone "TrackL"
				{parameters "ID=trackleft;"}
				{Matrix34
					-1.0000	-0.0000	-0.0000
					-0.0000	1.0000	-0.0000
					-0.0000	0.0000	1.0000
					-4.0492	2.3065	-0.1684
				}
				{VolumeView "TrackL.ply"}
			}
			{bone "FXtraceL1"
				{Matrix34
					-1.0000	-0.0000	0.0000
					-0.0000	0.0000	-1.0000
					-0.0000	1.0000	0.0000
					35.5710	-6.1487	2.0080
				}
			}
			{bone "FXtraceL2"
				{Matrix34
					-1.0000	-0.0000	0.0000
					-0.0000	0.0000	-1.0000
					-0.0000	1.0000	0.0000
					-12.4160	-6.6071	2.0080
				}
			}
			{bone "FXtraceL3"
				{Matrix34
					-0.9397	0.3420	0.0000
					-0.0000	0.0000	-1.0000
					0.3420	0.9397	0.0000
					-46.2246	-8.4503	2.0080
				}
			}
		}
		{bone "emit1"
			{parameters "Group=crew;"}
			{Matrix34
				-0.0000	-1.0000	0.0000
				1.0000	-0.0000	0.0000
				0.0000	0.0000	1.0000
				-56.4824	45.6843	1.6677
			}
			{visibility 0}
		}
		{bone "emit2"
			{parameters "Group=crew;"}
			{Matrix34
				0.0000	1.0000	0.0000
				-1.0000	0.0000	0.0000
				0.0000	0.0000	1.0000
				-56.4877	-45.6872	1.6677
			}
			{visibility 0}
		}
		{bone "Body"
			{parameters "ID=body;"}
			{animation
				{sequence "repair" {file "body_r.anm"} {speed 0.8}}
			}
			{Matrix34
				-1.0000	0.0000	-0.0000
				-0.0000	-1.0000	0.0000
				-0.0000	0.0000	1.0000
				-8.8667	-0.6053	9.0035
			}
			{VolumeView "Body.ply"}
			{bone "FXfire1"
				{Matrix34
					-0.0000	-0.0000	1.0000
					0.0000	-1.0000	-0.0000
					1.0000	0.0000	0.0000
					45.9661	-0.2058	25.8090
				}
			}
			{bone "FXfire2"
				{Matrix34
					-0.0000	-0.0000	1.0000
					0.0000	-1.0000	-0.0000
					1.0000	0.0000	0.0000
					1.4005	-0.2058	38.9223
				}
			}
			{bone "FXshot"
				{Matrix34
					-0.0000	0.0000	1.0000
					0.0000	-1.0000	0.0000
					1.0000	0.0000	0.0000
					1.4005	-0.2058	9.1554
				}
			}
			{bone "FXsmoke1"
				{Matrix34
					0.4920	-0.0000	0.8706
					0.0000	-1.0000	-0.0000
					0.8706	0.0000	-0.4920
					77.2098	-8.4445	26.7684
				}
			}
			{bone "FXsmoke2"
				{Matrix34
					0.4920	-0.0000	0.8706
					0.0000	-1.0000	-0.0000
					0.8706	0.0000	-0.4920
					77.2098	6.7186	26.7684
				}
			}
			{bone "Visor1"
				{Matrix34
					-1.0000	-0.0000	-0.0000
					0.0000	-1.0000	0.0000
					-0.0000	0.0000	1.0000
					-36.4180	15.8008	30.1534
				}
			}
			{bone revolute "wheelL1"
				{parameters "ID=body;"}
				{Matrix34
					-1.0000	-0.0000	-0.0082
					0.0082	0.0000	-1.0000
					-0.0000	1.0000	0.0000
					-53.9247	-29.6089	6.6674
				}
				{VolumeView "wheelL1.ply"}
			}
			{bone revolute "WheelL2"
				{parameters "ID=body;"}
				{Matrix34
					-1.0000	-0.0000	-0.0082
					0.0082	0.0000	-1.0000
					-0.0000	1.0000	0.0000
					54.0120	-29.6089	6.1929
				}
				{VolumeView "WheelL2.ply"}
			}
			{bone revolute "wheelR1"
				{parameters "ID=body;"}
				{Matrix34
					-1.0000	-0.0000	-0.0082
					0.0082	-0.0000	-1.0000
					0.0000	-1.0000	0.0000
					-53.9247	28.8232	6.6674
				}
				{VolumeView "wheelR1.ply"}
			}
			{bone revolute "WheelR2"
				{parameters "ID=body;"}
				{Matrix34
					-1.0000	-0.0000	-0.0082
					0.0082	-0.0000	-1.0000
					0.0000	-1.0000	0.0000
					54.0120	28.8232	6.1929
				}
				{VolumeView "WheelR2.ply"}
			}
			{bone "engine"
				{parameters "ID=engine;"}
				{animation
					{sequence "repair" {file "engine_r.anm"}}
				}
				{Matrix34
					1.0000	-0.0001	0.0043
					0.0000	1.0000	0.0016
					-0.0043	-0.0016	1.0000
					65.9769	-0.0990	19.0125
				}
				{VolumeView "engine.ply"}
			}
			{bone revolute "gun_rot"
				{parameters "ID=gun;"}
				{limits -12.0000 8.0000}
				{speed 0.0100}
				{Matrix34
					-0.9996	-0.0000	-0.0270
					-0.0270	0.0436	0.9987
					0.0012	0.9990	-0.0436
					-32.3908	0.2310	30.4219
				}
				{VolumeView "gun_rot.ply"}
				{bone "gun"
					{parameters "ID=gun;"}
					{Matrix34
						0.9972	0.0749	-0.0033
						0.0000	-0.0436	-0.9990
						-0.0750	0.9962	-0.0435
						10.5331	-1.2072	-0.4444
					}
					{VolumeView "gun.ply"}
					{bone "Foresight1"
						{Matrix34
							0.9991	0.0000	-0.0433
							-0.0000	1.0000	-0.0000
							0.0433	0.0000	0.9991
							74.4174	0.1184	-2.6399
						}
					}
				}
			}
			{bone revolute "Foresight3"
				{limits -10.0000 10.0000}
				{Matrix34
					-1.0000	-0.0000	-0.0004
					-0.0004	-0.0000	1.0000
					-0.0000	1.0000	0.0000
					-39.2608	18.1113	29.5342
				}
			}
			{bone "Cower1"
				{Matrix34
					0.2539	0.9668	0.0299
					0.9602	-0.2557	0.1127
					-0.1166	-0.0000	0.9932
					3.4103	13.5212	40.5579
				}
				{VolumeView "Cower1.ply"}
			}
			{bone "Cower2"
				{Matrix34
					0.2539	0.9668	0.0299
					0.9602	-0.2557	0.1127
					-0.1166	-0.0000	0.9932
					-8.2682	3.6719	39.1638
				}
				{VolumeView "Cower2.ply"}
			}
		}
	}
}
{Volume "Gun"
	{Cylinder 1.77277 72.7322}
	{Bone "gun"}
	{Matrix34
		-0.0000	1.0000	0.0000
		0.0439	-0.0000	0.9990
		0.9990	0.0000	-0.0439
		34.7648	-0.0924	-0.9367
	}
}
{Volume "Engine"
	{Box 22.4493 24.5486 16.5687}
	{Bone "engine"}
	{Matrix34
		-1.0000	-0.0000	0.0043
		0.0001	-1.0000	0.0016
		0.0043	0.0016	1.0000
		-19.1922	-0.3083	0.7871
	}
}
{Volume "Body2"
	{Polyhedron "Body2.vol"}
	{Bone "Body"}
	{Matrix34
		-1.0000	-0.0000	-0.0000
		0.0000	-1.0000	-0.0000
		0.0000	-0.0000	1.0000
		11.4824	-0.4075	18.6891
	}
}
{Volume "Body1"
	{Polyhedron "Body1.vol"}
	{Bone "Body"}
	{Matrix34
		-1.0000	-0.0000	-0.0000
		0.0000	-1.0000	-0.0000
		0.0000	-0.0000	1.0000
		21.2129	4.0276	1.2681
	}
}
{Volume "Inventory"
	{Box 18.8458 34.4107 25.7078}
	{Bone "Body"}
	{Matrix34
		-1.0000	-0.0000	-0.0000
		0.0000	-1.0000	-0.0000
		0.0000	-0.0000	1.0000
		25.3257	-0.4075	13.9872
	}
}
{Volume "Crew"
	{Box 28.441 17.6321 26.7114}
	{Bone "Body"}
	{Matrix34
		-1.0000	-0.0000	-0.0000
		0.0000	-1.0000	-0.0000
		0.0000	-0.0000	1.0000
		-5.1450	-0.4075	24.1246
	}
}
{Volume "Trackleft"
	{Box 126.496 14.5872 22.2274}
	{Bone "WheelsL"}
	{Matrix34
		-1.0000	-0.0000	0.0000
		0.0000	-0.0000	1.0000
		-0.0000	1.0000	0.0000
		-4.0772	1.0561	0.1501
	}
}
{Volume "Trackright"
	{Box 126.496 14.5872 22.2274}
	{Bone "WheelsR"}
	{Matrix34
		1.0000	0.0000	-0.0000
		-0.0000	0.0000	-1.0000
		-0.0000	1.0000	-0.0000
		-4.1434	1.0561	0.9928
	}
}
