;Exported by: Yurov
;Date:        Mon Nov 03 14:04:27 2003
;File:        D:\-Projects-\-3DWork-\Soldiers\Soldiers for EXP\com_rus.max
{Skeleton
	{extension "/properties/animation/human/human_anm.ext"}
	{bone "Basis"
		{Orientation
			1.0000	-0.0000	-0.0013
			0.0000	-1.0000	0.0001
			0.0013	0.0001	1.0000
		}
		{bone "Body"
			{Matrix34
				-0.0000	-0.0000	1.0000
				0.0000	-1.0000	-0.0000
				1.0000	0.0000	-0.0000
				-0.0000	0.0345	19.9224
			}
			{bone "foot1L"
				{Matrix34
					-0.9925	-0.0894	0.0837
					0.0831	0.0106	0.9965
					0.0900	-0.9959	0.0030
					-0.1435	-2.1310	-0.4890
				}
				{bone "foot2L"
					{Matrix34
						0.9686	-0.2485	-0.0002
						0.2485	0.9686	-0.0001
						0.0002	0.0000	1.0000
						9.3784	-0.0472	0.0000
					}
					{bone "foot3L"
						{Matrix34
							0.1375	0.9417	0.3071
							0.0463	-0.3158	0.9477
							0.9894	-0.1161	-0.0871
							9.2003	-0.3463	-0.0730
						}
					}
				}
			}
			{bone "foot1R"
				{Matrix34
					-0.9925	0.0891	0.0839
					0.0833	-0.0105	0.9965
					0.0897	0.9960	0.0030
					-0.1435	2.1710	-0.4888
				}
				{bone "foot2R"
					{Matrix34
						0.9685	-0.2490	-0.0002
						0.2490	0.9685	-0.0001
						0.0002	0.0000	1.0000
						9.3783	-0.0472	0.0000
					}
					{bone "foot3R"
						{Matrix34
							0.1385	0.9317	0.3358
							-0.0420	0.3443	-0.9379
							-0.9895	0.1158	0.0868
							9.2003	-0.3463	-0.0730
						}
					}
				}
			}
			{bone revolute "IK_LeftRight"
				{limits -20.0000 20.0000}
				{speed 0.1000}
				{Matrix34
					-0.0000	0.0000	1.0000
					-0.0000	-1.0000	0.0000
					1.0000	-0.0000	-0.0000
					1.9037	0.0345	0.0000
				}
				{bone revolute "IK_UpDown"
					{limits -40.0000 20.0000}
					{speed 0.1000}
					{Matrix34
						1.0000	0.0000	-0.0000
						0.0000	-0.0000	1.0000
						0.0000	-1.0000	0.0000
						-0.0000	-0.0000	1.6680
					}
					{bone "Head"
						{Matrix34
							1.0000	0.0000	0.0000
							0.0000	0.0000	-1.0000
							-0.0000	1.0000	0.0000
							-0.0000	7.2146	0.0000
						}
						{bone "VISOR"
							{Matrix34
								1.0000	0.0000	-0.0000
								-0.0000	1.0000	0.0000
								-0.0000	-0.0000	1.0000
								2.3192	0.0000	2.3329
							}
						}
					}
					{bone "Hand1R"
						{Matrix34
							-0.1399	-0.9645	0.2238
							0.8542	-0.2319	-0.4654
							0.5008	0.1261	0.8564
							-0.0888	5.8989	4.1259
						}
						{bone "Hand2R"
							{Matrix34
								0.9416	0.3368	-0.0000
								-0.3368	0.9416	-0.0000
								-0.0000	-0.0000	1.0000
								6.2681	0.0000	-0.0000
							}
							{bone "right_hand"
								{Matrix34
									0.9968	0.0774	-0.0180
									-0.0638	0.9144	0.3999
									0.0474	-0.3974	0.9164
									5.7784	0.0493	0.1693
								}
							}
						}
					}
					{bone "Hand1L"
						{Matrix34
							-0.1757	-0.9485	-0.2635
							0.8505	-0.2811	0.4447
							-0.4958	-0.1459	0.8561
							-0.0888	5.8989	-4.1339
						}
						{bone "Hand2L"
							{Matrix34
								0.8644	0.5028	0.0000
								-0.5028	0.8644	0.0000
								-0.0000	0.0000	1.0000
								6.2681	0.0000	-0.0000
							}
							{bone "left_hand"
								{Matrix34
									0.2757	0.8235	-0.4958
									0.0042	-0.5168	-0.8561
									-0.9612	0.2339	-0.1459
									6.3680	-0.5328	0.5150
								}
							}
						}
					}
					{bone "Gun_back"
						{Matrix34
							-0.0804	0.9928	0.0885
							-0.1137	0.0791	-0.9904
							-0.9903	-0.0897	0.1065
							-2.4949	-4.2536	2.4259
						}
					}
				}
			}
		}
		{bone "Skin"
			{Matrix34
				0.9063	0.0000	-0.4226
				-0.0000	-1.0000	-0.0000
				0.4226	-0.0000	0.9063
				-0.0000	0.0767	26.9396
			}
			{VolumeView "Skin.ply"}
		}
		{bone revolute "Foresight2rot"
			{limits -20.0000 20.0000}
			{speed 0.1000}
			{Position 13.7429	0.0247	27.5947}
			{bone revolute "Foresight2"
				{limits -20.0000 80.0000}
				{speed 0.1000}
				{Matrix34
					1.0000	0.0000	-0.0000
					-0.0000	-0.0000	1.0000
					-0.0000	-1.0000	0.0000
					4.9885	-0.0000	0.0000
				}
			}
		}
		{bone revolute "placement"
			{Matrix34
				1.0000	-0.0000	0.0013
				0.0000	1.0000	-0.0001
				-0.0013	0.0001	1.0000
				0.0010	0.0344	20.7067
			}
		}
	}
}
{Volume "Body"
	{Box 8.39879 13.8601 8.63212}
	{Bone "IK_UpDown"}
	{Matrix34
		1.0000	0.0000	-0.0000
		-0.0000	0.0000	-1.0000
		0.0000	1.0000	-0.0000
		0.0972	3.1569	0.0176
	}
}
{Volume "Head"
	{Box 5.71118 5.54404 6.99202}
	{Bone "Head"}
	{Position 0.0972	-0.0176	3.5658}
}
{Volume "Foots"
	{Box 8.39879 10.6616 24.4581}
	{Bone "Body"}
	{Matrix34
		-0.0000	0.0000	1.0000
		-0.0000	-1.0000	0.0000
		1.0000	-0.0000	-0.0000
		-9.4623	0.0520	0.0972
	}
}
