;Exported by: ubrashaev
;Date:        Thu May 06 17:34:39 2004
;File:        D:\-Projects-\-work-\3d\model\-Train\Crane\crane(anm_box2_parts_new)_x.max
{Skeleton
	{bone "Basis"
		{Orientation
			1.0000	0.0000	0.0000
			0.0000	-1.0000	0.0000
			0.0000	0.0000	1.0000
		}
		{bone "body"
			{Position -2.0433	-2.2804	31.5113}
			{VolumeView "body.ply"}
		}
		{bone "part_big1"
			{Position 36.1404	-3.5505	106.7092}
			{VolumeView "part_big1.ply"}
		}
		{bone "wheel2"
			{Matrix34
				-0.9998	0.0000	0.0175
				0.0175	0.0000	0.9998
				0.0000	1.0000	-0.0000
				-81.9086	-17.0955	9.4493
			}
			{VolumeView "wheel2.ply"}
		}
		{bone "part7"
			{Matrix34
				-0.9998	0.0000	0.0175
				0.0175	0.0000	0.9998
				0.0000	1.0000	-0.0000
				-81.9086	13.8151	9.4493
			}
			{VolumeView "part7.ply"}
		}
		{bone "part6"
			{Matrix34
				0.9998	0.0000	-0.0175
				-0.0175	0.0000	-0.9998
				-0.0000	1.0000	0.0000
				72.7707	13.8151	9.3458
			}
			{VolumeView "part6.ply"}
		}
		{bone "wheel4"
			{Matrix34
				-0.9998	0.0000	0.0175
				0.0175	0.0000	0.9998
				0.0000	1.0000	-0.0000
				72.9616	-17.0955	9.4493
			}
			{VolumeView "wheel4.ply"}
		}
		{bone "part_big4"
			{Position -49.9358	-4.7574	78.6049}
			{VolumeView "part_big4.ply"}
		}
		{bone "part_big6"
			{Matrix34
				0.7707	0.0000	0.6372
				-0.0000	1.0000	0.0000
				-0.6372	-0.0000	0.7707
				-130.6009	-2.7014	155.4740
			}
			{VolumeView "part_big6.ply"}
		}
		{bone "part_big3"
			{Matrix34
				-0.0000	-1.0000	0.0000
				1.0000	-0.0000	0.0000
				0.0000	0.0000	1.0000
				94.0506	-3.6966	66.4183
			}
			{VolumeView "part_big3.ply"}
		}
		{bone "part2"
			{Matrix34
				0.9710	0.2390	0.0000
				-0.2390	0.9710	0.0000
				0.0000	0.0000	1.0000
				63.3708	23.7538	57.0126
			}
			{VolumeView "part2.ply"}
		}
		{bone "part3"
			{Matrix34
				0.9371	0.3467	0.0407
				-0.3486	0.9226	0.1653
				0.0198	-0.1691	0.9854
				64.4162	-30.2577	57.0126
			}
			{VolumeView "part3.ply"}
		}
		{bone "part5"
			{Matrix34
				-0.9999	0.0102	-0.0081
				-0.0111	-0.3419	0.9397
				0.0068	0.9397	0.3420
				-3.2986	-2.5942	68.6612
			}
			{VolumeView "part5.ply"}
		}
		{bone "part1"
			{Matrix34
				1.0000	0.0000	-0.0000
				0.0000	-0.0000	1.0000
				0.0000	-1.0000	-0.0000
				-12.9205	12.6651	56.6185
			}
			{VolumeView "part1.ply"}
		}
		{bone "part4"
			{Matrix34
				1.0000	0.0032	0.0031
				-0.0029	-0.0470	0.9989
				0.0034	-0.9989	-0.0470
				-184.0054	-0.4705	160.9903
			}
			{VolumeView "part4.ply"}
		}
		{bone "FX_fire1a"
			{Matrix34
				-0.0000	0.0000	1.0000
				0.0000	-1.0000	0.0000
				1.0000	0.0000	-0.0000
				-34.3631	-3.4470	25.2957
			}
		}
		{bone "FX_fire1"
			{Matrix34
				-0.0000	0.0000	1.0000
				0.0000	-1.0000	0.0000
				1.0000	0.0000	-0.0000
				10.0522	-3.4470	32.1348
			}
		}
		{bone "FX_smoke1"
			{Matrix34
				-0.0000	0.0000	1.0000
				0.0000	-1.0000	0.0000
				1.0000	0.0000	-0.0000
				63.2253	8.6712	32.1348
			}
		}
		{bone "FX_exp3"
			{Matrix34
				-0.0000	0.0000	1.0000
				0.0000	-1.0000	0.0000
				1.0000	0.0000	-0.0000
				32.7607	-3.4470	32.1348
			}
		}
		{bone "FX_exp4"
			{Matrix34
				-0.0000	0.0000	1.0000
				0.0000	-1.0000	0.0000
				1.0000	0.0000	-0.0000
				89.4998	-3.4470	32.1348
			}
		}
		{bone "part_big2"
			{Position 42.7422	-3.6082	61.4290}
			{VolumeView "part_big2.ply"}
		}
		{bone "turret"
			{Matrix34
				-1.0000	-0.0000	0.0000
				0.0000	-1.0000	0.0000
				0.0000	0.0000	1.0000
				-7.8976	-2.9133	28.2612
			}
			{VolumeView "turret.ply"}
		}
		{bone "part_big5"
			{Position -19.9145	-4.7574	55.5078}
			{VolumeView "part_big5.ply"}
		}
	}
}
{Volume "part_big5"
	{Polyhedron "part_big5.vol"}
	{Bone "part_big5"}
	{Matrix34
		1.0000	0.0000	0.0000
		0.0000	0.0792	0.9969
		0.0000	-0.9969	0.0792
		-0.0271	16.9126	-0.9310
	}
}
{Volume "part_big2"
	{Box 56.8703 40.2909 29.0044}
	{Bone "part_big2"}
	{Position -10.8527	-0.9073	-1.0513}
}
{Volume "part4"
	{Box 18.2705 2.74174 23.1515}
	{Bone "part4"}
	{Matrix34
		1.0000	-0.0029	0.0034
		0.0032	-0.0475	-0.9989
		0.0031	0.9989	-0.0475
		-0.2331	3.7265	0.7328
	}
}
{Volume "part1"
	{Box 24.787 2.74174 36.7484}
	{Bone "part1"}
	{Matrix34
		1.0000	0.0000	0.0000
		0.0000	-0.0005	-1.0000
		0.0000	1.0000	-0.0005
		-0.5243	0.1881	0.6114
	}
}
{Volume "part5"
	{Box 8.10031 21.9867 8.85504}
	{Bone "part5"}
	{Matrix34
		-0.9999	-0.0111	0.0068
		0.0055	0.1114	0.9938
		-0.0118	0.9937	-0.1114
		0.4343	0.2779	-0.9247
	}
}
{Volume "part3"
	{Box 23.0778 3.22327 29.0044}
	{Bone "part3"}
	{Matrix34
		0.9967	0.0773	0.0238
		-0.0774	0.9970	0.0043
		-0.0234	-0.0061	0.9997
		0.0488	-0.4686	12.9141
	}
}
{Volume "part2"
	{Box 23.0778 3.22327 29.0044}
	{Bone "part2"}
	{Matrix34
		0.9968	-0.0801	0.0017
		0.0801	0.9961	-0.0369
		0.0012	0.0369	0.9993
		-0.3046	-0.0980	12.8845
	}
}
{Volume "part_big3"
	{Polyhedron "part_big3.vol"}
	{Bone "part_big3"}
	{Matrix34
		0.0000	1.0000	0.0000
		-1.0000	0.0000	0.0000
		0.0000	0.0000	1.0000
		-0.7070	0.0000	-9.1589
	}
}
{Volume "part_big6"
	{Box 74.3126 27.3978 23.1803}
	{Bone "part_big6"}
	{Matrix34
		0.2149	-0.1361	-0.9671
		0.0018	0.9903	-0.1390
		0.9766	0.0281	0.2130
		8.6908	7.8880	1.3827
	}
}
{Volume "part_big4"
	{Box 92.2501 15.0688 17.8488}
	{Bone "part_big4"}
	{Matrix34
		0.5840	0.0000	-0.8118
		0.0000	1.0000	0.0000
		0.8118	0.0000	0.5840
		-5.7267	1.6647	-1.9639
	}
}
{Volume "part6"
	{Polyhedron "part6.vol"}
	{Bone "part6"}
	{Matrix34
		0.9998	-0.0175	-0.0000
		0.0175	0.9998	0.0000
		0.0000	-0.0000	1.0000
		0.2593	0.1420	-0.9637
	}
}
{Volume "part7"
	{Polyhedron "part7.vol"}
	{Bone "part7"}
	{Matrix34
		-0.9998	0.0175	0.0000
		-0.0175	-0.9998	0.0000
		0.0000	0.0000	1.0000
		-0.0575	-0.2490	-0.9637
	}
}
{Volume "part_big1"
	{Box 81.5966 40.2909 21.4632}
	{Bone "part_big1"}
	{Position 6.5806	-0.9650	-2.3253}
}
{Volume "body"
	{Box 221.992 40.6938 11.6867}
	{Bone "body"}
	{Position -4.4620	-2.2352	-9.7489}
}
