;MDL File generated by SOEdit
;Model created by: <your name here>
;PLY Geometry by: <insert modeler name>
;VOL Geometry by: <insert modeler name>
{Skeleton
     {bone revolute "Basis"
        {speed 0.0100}
        {Orientation
            1.0000 0.0000 0.0000
            0.0000 -1.0000 0.0000
            0.0000 0.0000 1.0000
        }
        {bone "Body"
            {parameters "CommonMesh;ID=body;"}
            {Position 1.0094 0.0496 10.9386}
            {VolumeView "Body.ply"}
            {bone revolute "turret"
                {parameters "ID=turret;"}
                {limits -10.0000 10.0000}
                {speed 0.0100}
                {Matrix34
                    1.0000 0.0000 0.0000
                    0.0000 0.9993 -0.0384
                    0.0000 0.0384 0.9993
                    -7.4000 0.5914 10.1848
                }
                {VolumeView "turret.ply"}
                {bone revolute "gun_rot"
                    {parameters "ID=gun;"}
                    {limits -10.0000 10.0000}
                    {speed 0.1000}
                    {Matrix34
                        0.9988 -0.0417 -0.0264
                        0.0349 0.2180 0.9753
                        0.0349 0.9751 -0.2192
                        2.3731 0.4317 3.0270
                    }
                    {VolumeView "gun_rot.ply"}
                    {bone "gun"
                        {parameters "ID=gun;"}
                        {Matrix34
                            -0.1085 -0.0474 -0.9930
                            -0.2494 0.9682 -0.0189
                            0.9623 0.2456 -0.1169
                            0.7953 1.6817 0.1288
                        }
                        {VolumeView "gun.ply"}
                    }
                }
            }
            {bone "WheelL"
                {parameters "ID=wheelleft;"}
                {Matrix34
                    1.0000 0.0000 0.0000
                    0.0000 -0.4602 0.8878
                    0.0000 0.8878 0.4602
                    -11.8677 16.7862 0.6409
                }
                {VolumeView "WheelL.ply"}
            }
            {bone "WheelR"
                {parameters "ID=wheelright;"}
                {Matrix34
                    -1.0000 0.0000 0.0000
                    0.0000 0.5821 0.8131
                    0.0000 0.8131 -0.5821
                    -11.8677 -15.6006 0.6409
                }
                {VolumeView "WheelR.ply"}
            }
        }
    }
}
{Volume "wheelleft"
    {Cylinder 11.42520 4.84035}
    {Bone "WheelR"}
    {Matrix34
        -1.0000 0.0000 0.0000
        0.0000 1.0000 0.0000
        0.0000 0.0000 -1.0000
        0.2828 -0.2367 -0.1846
    }
}
{Volume "wheelright"
    {Cylinder 11.42520 4.84035}
    {Bone "WheelL"}
    {Matrix34
        -1.0000 0.0000 0.0000
        0.0000 -1.0000 0.0000
        0.0000 0.0000 1.0000
        -0.0828 -0.0367 -0.3590
    }
}
