{Skeleton
	{animation
		{sequence "drift"}
	}
	{bone "Basis"
		{Orientation
			1.0000	0.0000	0.0000
			0.0000	-1.0000	0.0000
			0.0000	0.0000	1.0000
		}
		{bone "body1"
			{parameters "ID=body1;"}
			{Position 0.0000	-0.0000	19.6850}
			{VolumeView "body1.ply"}
			{bone "ballast_l1"
				{parameters "ID=ballast_l1;"}
				{Position 137.7953	98.4252	0.0000}
				{VolumeView "ballast_l1.ply"}
				{bone "FXdead_L1a"
					{Matrix34
						1.0000	0.0001	0.0083
						-0.0000	1.0000	-0.0084
						-0.0083	0.0084	0.9999
						-7.0154	6.2356	-6.4756
					}
				}
			}
			{bone "ballast_r1"
				{parameters "ID=ballast_r1;"}
				{Position 137.7953	-98.4252	0.0000}
				{VolumeView "ballast_r1.ply"}
				{bone "FXdead_R1a"
					{Matrix34
						1.0000	0.0001	0.0083
						-0.0000	1.0000	-0.0084
						-0.0083	0.0084	0.9999
						-7.0154	-16.2721	-4.6230
					}
				}
			}
			{bone "cargo1"
				{parameters "ID=body1;"}
				{Matrix34
					-1.0000	0.0000	0.0000
					0.0000	-1.0000	0.0000
					0.0000	0.0000	1.0000
					-104.3130	-28.0000	6.0055
				}
				{VolumeView "cargo1.ply"}
			}
			{bone "cargo2"
				{parameters "ID=body1;"}
				{Matrix34
					0.0000	1.0000	0.0000
					-1.0000	0.0000	0.0000
					0.0000	0.0000	1.0000
					-97.3130	30.0000	6.0055
				}
				{VolumeView "cargo1.ply"}
			}
			{bone "boat1"
				{parameters "ID=body1;"}
				{Matrix34
					-1.0000	0.0000	0.0000
					0.0000	-1.0000	0.0000
					0.0000	0.0000	1.0000
					-4.4873	-105.7000	38.1000
				}
				{VolumeView "boat.ply"}
			}
			{bone "boat2"
				{parameters "ID=body1;"}
				{Matrix34
					-1.0000	0.0000	0.0000
					0.0000	-1.0000	0.0000
					0.0000	0.0000	1.0000
					-4.4873	98.7000	38.1000
				}
				{VolumeView "boat.ply"}
			}
			{bone "body2"
				{parameters "ID=body2;"}
				{Position -90.5512	0.0000	0.0000}
				{VolumeView "body2.ply"}
				{bone "ballast_l2"
					{parameters "ID=ballast_l2;"}
					{Position -47.2441	98.4252	0.0000}
					{VolumeView "ballast_l2.ply"}
					{bone "FXbox2"
						{Matrix34
							1.0000	0.0001	0.0083
							-0.0000	1.0000	-0.0084
							-0.0083	0.0084	0.9999
							61.4507	-20.8780	15.3284
						}
					}
					{bone "FXdead_L2a"
						{Matrix34
							1.0000	0.0001	0.0083
							-0.0000	1.0000	-0.0084
							-0.0083	0.0084	0.9999
							0.8291	6.8980	-8.6948
						}
					}
				}
				{bone "ballast_r2"
					{parameters "ID=ballast_r2;"}
					{Position -47.2441	-98.4252	0.0000}
					{VolumeView "ballast_r2.ply"}
					{bone "FXdead_R2a"
						{Matrix34
							1.0000	0.0001	0.0083
							-0.0000	1.0000	-0.0084
							-0.0083	0.0084	0.9999
							0.8291	-15.6097	-6.8423
						}
					}
				}
				{bone "FXdead_2b"
					{Matrix34
						1.0000	0.0001	0.0083
						0.0000	1.0000	-0.0084
						-0.0083	0.0084	0.9999
						-147.9443	-5.3454	-2.2848
					}
				}
				{bone "FXdead_2a"
					{Matrix34
						1.0000	0.0001	0.0083
						0.0000	1.0000	-0.0084
						-0.0083	0.0084	0.9999
						-37.1896	-14.4792	-1.2919
					}
				}
				{bone "emit1"
					{Matrix34
						0.0000	1.0000	0.0000
						-1.0000	0.0000	0.0000
						0.0000	0.0000	1.0000
						265.9698	-167.8585	-19.6850
					}
					{visibility 0}
				}
				{bone "emit2"
					{Matrix34
						0.0000	-1.0000	0.0000
						1.0000	0.0000	0.0000
						0.0000	0.0000	1.0000
						265.9237	160.1846	-19.6850
					}
					{visibility 0}
				}
			}
			{bone "1"
				{Position 172.3127	0.0000	5.9055}
			}
			{bone "2"
				{Matrix34
					1.0000	0.0000	0.0000
					0.0000	1.0000	0.0000
					0.0000	0.0000	1.0000
					173.5127	0.0000	76.0055
				}
			}
			{bone "driver"
				{Position 174.3127	0.0000	6.0000}
			}
			{bone "emit3"
				{Matrix34
					-1.0000	0.0000	0.0000
					0.0000	-1.0000	0.0000
					0.0000	0.0000	1.0000
					228.676	0.8000	-19.4850
				}
				{visibility 0}
			}
			{bone "FXround"
				{Matrix34
					1.0000	0.0001	0.0083
					0.0000	1.0000	-0.0084
					-0.0083	0.0084	0.9999
					57.2269	80.5844	28.2147
				}
			}
			{bone "FXbox1"
				{Matrix34
					1.0000	0.0001	0.0083
					-0.0000	1.0000	-0.0084
					-0.0083	0.0084	0.9999
					-44.3855	49.3186	54.0299
				}
			}
			{bone "FXdead_1a"
				{Matrix34
					1.0000	0.0001	0.0083
					-0.0000	1.0000	-0.0084
					-0.0083	0.0084	0.9999
					-5.6275	0.3417	28.3570
				}
			}
			{bone "FXdead_1b"
				{Matrix34
					1.0000	0.0001	0.0083
					-0.0000	1.0000	-0.0084
					-0.0083	0.0084	0.9999
					112.0340	0.1205	2.1644
				}
			}
			{bone "FX_bulb_small_engine1"
				{Matrix34
					-1.0000	0.0017	0.0000
					-0.0017	-1.0000	0.0000
					0.0000	0.0000	1.0000
					-310.3720	110.0000	-10.2868
				}
			}
			{bone "FX_bulb_small_engine2"
				{Matrix34
					-1.0000	0.0017	0.0000
					-0.0017	-1.0000	0.0000
					0.0000	0.0000	1.0000
					-310.3720	-110.0000	-15.2868
				}
			}
			{bone "FX_bulb_small_center1"
				{Matrix34
					0.0017	-1.0000	0.0000
					1.0000	0.0017	0.0000
					0.0000	0.0000	1.0000
					3.0057	-158.2158	-15.0685
				}
			}
			{bone "FX_bulb_small_center2"
				{Matrix34
					-0.0017	1.0000	0.0000
					-1.0000	-0.0017	0.0000
					0.0000	0.0000	1.0000
					-6.8197	148.4949	-15.0685
				}
			}
		}
	}
}
{Obstacle "body1"
	{Obb2
		{Center 66.2962 5.6079}
		{Extent 147.996 65.8998}
		{Axis 1 0}
	}
	{Rotate}
}
{Obstacle "body2"
	{Obb2
		{Center -189.996 5.6079}
		{Extent 109.517 66.006}
		{Axis 1 0}
	}
	{Rotate}
}
{Obstacle "ballast_r2"
	{Obb2
		{Center -143.535 116.064}
		{Extent 159.659 36.6714}
		{Axis 1 0}
	}
	{Rotate}
}
{Obstacle "ballast_l2"
	{Obb2
		{Center -143.535 -108.143}
		{Extent 159.659 36.6714}
		{Axis 1 0}
	}
	{Rotate}
}
{Obstacle "ballast_r1"
	{Obb2
		{Center 145.111 116.064}
		{Extent 129.349 36.6714}
		{Axis 1 0}
	}
	{Rotate}
}
{Obstacle "ballast_l1"
	{Obb2
		{Center 145.111 -108.143}
		{Extent 129.349 36.6714}
		{Axis 1 0}
	}
	{Rotate}
}
{Volume "body3"
	{Box 119.818 155.969 37.2849}
	{Bone "body1"}
	{Position -1.9566	-5.6079	26.3075}
}
{Volume "body1"
	{Box 295.993 131.8 18.1373}
	{Bone "body1"}
	{Position 66.2963	-5.6079	-1.0043}
}
{Volume "body2"
	{Box 219.035 132.012 18.1373}
	{Bone "body2"}
	{Position -99.4452	-5.6079	-1.0043}
}
{Volume "ballast_r2"
	{Box 319.318 73.3428 35.4331}
	{Bone "ballast_r2"}
	{Position -5.7395	-17.6392	-16.2865}
}
{Volume "ballast_l2"
	{Box 319.318 73.3428 35.4331}
	{Bone "ballast_l2"}
	{Position -5.7395	9.7179	-16.2865}
}
{Volume "ballast_r1"
	{Box 258.699 73.3428 35.4331}
	{Bone "ballast_r1"}
	{Position 7.3158	-17.6392	-16.2865}
}
{Volume "ballast_l1"
	{Box 258.699 73.3428 35.4331}
	{Bone "ballast_l1"}
	{Position 7.3158	9.7179	-16.2865}
}
