;Exported by: dinsen
;Date:        Wed Mar 03 11:36:54 2010
;File:        C:\Archivos de programa\Autodesk\3dsMax8\autoback\fff_recover.max
{Skeleton
	{extension "/properties/animation/human/human_anm.ext"}
	{bone revolute "Basis"
		{limits -30.0000 30.0000}
		{speed 0.1000}
		{Orientation
			1.0000	0.0000	0.0000
			0.0000	-1.0000	0.0000
			0.0000	0.0000	1.0000
		}
		{bone "Body"
			{Matrix34
				0.0000	-0.0000	1.0000
				0.0000	-1.0000	-0.0000
				1.0000	0.0000	0.0000
				-0.0000	0.0341	19.7232
			}
			{bone "foot1L"
				{Matrix34
					-0.9935	-0.0203	0.1117
					0.1117	0.0030	0.9937
					0.0205	-0.9998	0.0007
					-0.1421	-2.1096	-0.4841
				}
				{bone "foot2L"
					{Matrix34
						0.9845	-0.1753	-0.0004
						0.1753	0.9845	0.0027
						-0.0001	-0.0027	1.0000
						9.2846	-0.0467	0.0000
					}
					{bone "foot3L"
						{Matrix34
							0.0906	0.9796	0.1793
							0.0035	-0.1804	0.9836
							0.9959	-0.0885	-0.0197
							9.1083	-0.3428	-0.0723
						}
					}
				}
			}
			{bone "foot1R"
				{Matrix34
					-0.9936	0.0114	0.1126
					0.1126	-0.0017	0.9936
					0.0115	0.9999	0.0004
					-0.1421	2.1493	-0.4839
				}
				{bone "foot2R"
					{Matrix34
						0.9841	-0.1776	-0.0003
						0.1776	0.9841	0.0015
						-0.0000	-0.0015	1.0000
						9.2845	-0.0468	0.0000
					}
					{bone "foot3R"
						{Matrix34
							0.0880	0.9747	0.2053
							0.0072	0.2054	-0.9786
							-0.9961	0.0876	0.0111
							9.1083	-0.3428	-0.0723
						}
					}
				}
			}
			{bone revolute "IK_LeftRight"
				{limits -20.0000 20.0000}
				{speed 0.1000}
				{Matrix34
					0.0000	0.0000	1.0000
					-0.0000	-1.0000	0.0000
					1.0000	-0.0000	0.0000
					1.8846	0.0341	-0.0000
				}
				{bone revolute "IK_UpDown"
					{limits -40.0000 20.0000}
					{speed 0.1000}
					{Matrix34
						1.0000	0.0000	-0.0000
						-0.0000	-0.0000	1.0000
						-0.0000	-1.0000	0.0000
						-0.0000	-0.0000	1.6513
					}
					{bone "Head"
						{Matrix34
							1.0000	-0.0000	-0.0000
							0.0000	-0.0000	-1.0000
							-0.0000	1.0000	0.0000
							-0.0000	7.1424	0.0000
						}
						{bone "VISOR"
							{Matrix34
								1.0000	0.0000	-0.0000
								-0.0000	1.0000	0.0000
								-0.0000	-0.0000	1.0000
								3.1715	0.0000	2.3096
							}
						}
					}
					{bone "Hand1R"
						{Matrix34
							0.0114	-0.9779	0.2088
							0.8771	-0.0905	-0.4718
							0.4803	0.1886	0.8566
							-0.0880	5.8399	3.4138
						}
						{bone "Hand2R"
							{Matrix34
								0.8673	0.4374	0.2379
								-0.4521	0.8919	0.0085
								-0.2084	-0.1149	0.9713
								6.2054	-0.0000	0.0000
							}
							{bone "right_hand"
								{Matrix34
									0.9971	0.0748	0.0108
									-0.0722	0.8996	0.4307
									0.0225	-0.4302	0.9024
									6.0484	0.3822	0.0229
								}
							}
						}
					}
					{bone "Hand1L"
						{Matrix34
							-0.0121	-0.9646	-0.2635
							0.8858	-0.1326	0.4447
							-0.4638	-0.2280	0.8561
							-0.0880	5.8399	-3.2860
						}
						{bone "Hand2L"
							{Matrix34
								0.8011	0.5948	-0.0673
								-0.5960	0.8030	0.0032
								0.0560	0.0375	0.9977
								6.2054	-0.0000	-0.0000
							}
							{bone "left_hand"
								{Matrix34
									0.2757	0.8235	-0.4958
									0.0042	-0.5168	-0.8561
									-0.9612	0.2339	-0.1459
									6.2497	-0.7919	-0.2761
								}
							}
						}
					}
					{bone "Gun_back"
						{Matrix34
							0.0535	0.9946	0.0885
							-0.1021	0.0936	-0.9904
							-0.9933	0.0439	0.1065
							-1.2804	-4.2111	1.5527
						}
					}
				}
			}
			{bone revolute "placement"
				{Matrix34
					-0.0000	1.0000	-0.0000
					-1.0000	-0.0000	-0.0000
					-0.0000	0.0000	1.0000
					0.7475	0.0014	-0.0933
				}
			}
		}
		{bone revolute "Foresight2rot"
			{limits -20.0000 20.0000}
			{speed 0.1000}
			{Position 13.6055	0.0244	27.3187}
		}
		{bone "skin"
			{Position 0.4141	0.0272	17.6474}
			{VolumeView "skin.ply"}
		}
	}
}
