;Exported by: garry
;Date:        Sat Apr 17 21:25:27 2004
;File:        \\sharepoint\gamedev\DESIGN\-Projects-\-3DWork-\Soldiers\background\commandos\gb commandos3.max
{Skeleton
	{animation
		{sequence "animation1"}
		{sequence "animation2"}
	}
	{bone revolute "Basis"
		{Orientation
			1.0000	0.0000	0.0000
			0.0000	-1.0000	0.0000
			0.0000	0.0000	1.0000
		}
		{bone "Body"
			{Matrix34
				0.0964	-0.0000	0.9953
				0.0000	-1.0000	-0.0000
				0.9953	0.0000	-0.0964
				-0.0000	0.0345	19.7548
			}
			{visibility 0}
			{bone "foot1L"
				{Matrix34
					-0.9707	-0.0265	0.2388
					0.2388	0.0049	0.9711
					0.0269	-0.9996	-0.0016
					-0.1435	-2.1310	-0.4890
				}
				{visibility 0}
				{bone "foot2L"
					{Matrix34
						0.9262	-0.3771	0.0000
						0.3771	0.9262	0.0000
						-0.0000	0.0000	1.0000
						9.3784	-0.0472	0.0000
					}
					{visibility 0}
					{bone "foot3L"
						{Matrix34
							0.0803	0.9892	0.1228
							0.0161	-0.1245	0.9921
							0.9966	-0.0777	-0.0259
							9.2003	-0.3463	-0.0730
						}
						{visibility 0}
					}
				}
			}
			{bone "foot1R"
				{Matrix34
					-0.9708	0.0154	0.2392
					0.2392	-0.0029	0.9710
					0.0156	0.9999	-0.0009
					-0.1435	2.1710	-0.4888
				}
				{visibility 0}
				{bone "foot2R"
					{Matrix34
						0.9253	-0.3793	0.0000
						0.3793	0.9253	0.0000
						-0.0000	0.0000	1.0000
						9.3783	-0.0472	0.0000
					}
					{visibility 0}
					{bone "foot3R"
						{Matrix34
							0.0741	0.9869	0.1436
							-0.0044	0.1443	-0.9895
							-0.9972	0.0726	0.0150
							9.2003	-0.3463	-0.0730
						}
						{visibility 0}
					}
				}
			}
			{bone revolute "IK_LeftRight"
				{limits -60.0000 60.0000}
				{speed 0.1000}
				{Matrix34
					-0.0000	-0.0000	1.0000
					-0.0000	-1.0000	-0.0000
					1.0000	-0.0000	0.0000
					1.9037	0.0345	0.0000
				}
				{visibility 0}
				{bone revolute "IK_UpDown"
					{limits -40.0000 20.0000}
					{speed 0.1000}
					{Matrix34
						1.0000	-0.0000	0.0000
						-0.0000	0.0000	1.0000
						-0.0000	-1.0000	0.0000
						-1.9831	-0.4109	2.1343
					}
					{visibility 0}
					{bone "Head"
						{Matrix34
							0.9853	-0.1704	0.0088
							0.0089	-0.0003	-1.0000
							0.1704	0.9854	0.0012
							-0.0000	7.2146	0.0000
						}
						{visibility 0}
					}
					{bone "Hand1R"
						{Matrix34
							0.1668	-0.9620	0.2161
							0.9649	0.1142	-0.2364
							0.2027	0.2480	0.9473
							-0.0888	5.8989	4.1259
						}
						{visibility 0}
						{bone "Hand2R"
							{Matrix34
								1.0000	-0.0021	0.0000
								0.0021	1.0000	0.0000
								0.0000	0.0000	1.0000
								6.2681	-0.0000	0.0000
							}
							{visibility 0}
							{bone "Hand3R"
								{Matrix34
									0.7983	0.6007	0.0442
									-0.5758	0.7827	-0.2363
									-0.1765	0.1632	0.9707
									5.1922	0.0000	0.0000
								}
								{visibility 0}
							}
						}
					}
					{bone "Hand1L"
						{Matrix34
							0.1900	-0.9568	-0.2201
							0.9460	0.1185	0.3016
							-0.2625	-0.2655	0.9277
							-0.0888	5.8989	-4.1339
						}
						{visibility 0}
						{bone "Hand2L"
							{Matrix34
								1.0000	-0.0021	-0.0000
								0.0021	1.0000	0.0000
								-0.0000	0.0000	1.0000
								6.2681	-0.0000	-0.0000
							}
							{visibility 0}
							{bone "Hand3L"
								{Matrix34
									0.8876	-0.3289	0.3226
									0.1667	0.8821	0.4406
									-0.4294	-0.3373	0.8377
									5.1922	0.0000	-0.0000
								}
								{visibility 0}
							}
						}
					}
				}
			}
		}
		{bone "Skin"
			{parameters "CommonMesh;NoSkin;"}
			{Matrix34
				0.9063	0.0000	-0.4226
				-0.0000	-1.0000	-0.0000
				0.4226	-0.0000	0.9063
				0.9924	-0.0001	26.9396
			}
			{VolumeView "Skin.ply"}
		}
		{bone "bren"
			{Matrix34
				-0.3039	0.9527	0.0002
				-0.9316	-0.2972	0.2090
				0.1992	0.0634	0.9779
				0.4576	0.2416	11.8199
			}
			{VolumeView "bren.ply"}
		}
	}
}
