;MDL File generated by SOEdit
;Model created by: <St.Andrey>
;PLY Geometry by: <insert modeler name>
;VOL Geometry by: <insert modeler name>
{Skeleton
    {Animation
        {sequence "start"}
        {sequence "stop"}
        {sequence "fire01"}
        {sequence "open" {resume}}
        {sequence "hit"}
    }
    {bone "basis"
        {Matrix34
            1.0000 0.0000 0.0000
            0.0000 -1.0000 0.0000
            0.0000 0.0000 1.0000
            -30.5000 -0.5000 11.6000
        }
        {bone "body"
            {parameters "ID=body;"}
            {Matrix34
                0.0000 1.0000 0.0000
                0.0000 0.0000 1.0000
                1.0000 0.0000 0.0000
                0.0000 0.0000 8.9117
            }
            {VolumeView "body.ply"}
            {bone revolute "wheelr8"
                {Matrix34
                    0.0000 0.0140 -0.9999
                    0.0000 0.9999 0.0140
                    1.0000 0.0000 0.0000
                    27.6000 -4.4264 80.6461
                }
                {VolumeView "wheell1.ply"}
            }
            {bone revolute "wheelr7"
                {Matrix34
                    0.0000 0.0000 -1.0000
                    0.0000 1.0000 0.0000
                    1.0000 0.0000 0.0000
                    28.9000 -5.5000 -35.9000
                }
                {VolumeView "wheell7.ply"}
            }
            {bone "FXshot"
                {Matrix34
                    -0.0070 1.0000 0.0000
                    1.0000 0.0070 0.0000
                    0.0000 0.0000 -1.0000
                    -0.0254 5.7766 36.5000
                }
            }
            {bone "FXsmoke2"
                {Matrix34
                    0.0000 0.0070 -1.0000
                    -1.0000 -0.0042 0.0000
                    -0.0042 1.0000 0.0070
                    -25.2690 10.4035 -38.1272
                }
            }
            {bone "FXsmoke1"
                {Matrix34
                    0.0023 0.0483 -0.9988
                    -1.0000 -0.0017 -0.0024
                    -0.0018 0.9988 0.0483
                    23.2731 10.4977 -38.1845
                }
            }
            {bone "Visor2"
                {Matrix34
                    -0.0070 0.0006 1.0000
                    0.9997 0.0244 0.0069
                    -0.0244 0.9997 -0.0008
                    -13.6587 13.0508 67.0590
                }
            }
            {bone "seat01"
                {Matrix34
                    0.9961 -0.0862 -0.0161
                    -0.0143 0.0213 -0.9997
                    0.0865 0.9961 0.0200
                    27.4529 6.1290 -0.9855
                }
            }
            {bone "seat02"
                {Matrix34
                    -0.9958 -0.0508 -0.0765
                    -0.0762 -0.0074 0.9971
                    -0.0513 0.9987 0.0035
                    -27.0317 6.4984 -2.9426
                }
            }
            {bone "seat03"
                {Matrix34
                    0.9999 -0.0067 -0.0079
                    -0.0078 0.0127 -0.9999
                    0.0068 0.9999 0.0126
                    27.3811 6.3199 -23.7969
                }
            }
            {bone "seat04"
                {Matrix34
                    -0.9999 -0.0001 0.0105
                    0.0105 -0.0099 0.9999
                    0.0000 1.0000 0.0099
                    -27.1356 6.6004 -17.7281
                }
            }
            {bone "engine"
                {Matrix34
                    0.0050 0.9999 0.0088
                    -1.0000 0.0050 -0.0007
                    -0.0007 -0.0088 1.0000
                    -6.1709 7.1883 -10.7412
                }
            }
            {bone revolute "turret"
                {parameters "ID=turret;"}
                {speed 0.0100}
                {Matrix34
                    -0.0158 -0.0156 0.9998
                    0.9999 -0.0054 0.0157
                    0.0052 0.9999 0.0156
                    -0.4750 44.8017 31.1261
                }
                {VolumeView "turret.ply"}
                {bone revolute "gun_rot"
                    {parameters "ID=gun;"}
                    {limits -15.0000 5.0000}
                    {speed 0.0100}
                    {Matrix34
                        -1.0000 0.0091 -0.0024
                        -0.0025 -0.0017 1.0000
                        0.0090 0.9999 0.0017
                        27.9414 2.6445 -27.7409
                    }
                    {VolumeView "gun_rot.ply"}
                    {bone "gun"
                        {parameters "ID=gun;"}
                        {Matrix34
                            0.9998 -0.0073 -0.0190
                            0.0071 0.9999 -0.0077
                            0.0190 0.0075 0.9998
                            -0.0214 -0.4342 -2.3939
                        }
                        {VolumeView "gun.ply"}
                        {bone "Foresight1"
                            {Matrix34
                                -0.9996 -0.0015 -0.0279
                                -0.0279 -0.0244 0.9993
                                -0.0021 0.9997 0.0244
                                -74.1049 2.3788 2.5921
                            }
                        }
                    }
                }
                {bone "Visor1"
                    {Position 22.0000 9.4000 -17.0000}
                }
                {bone revolute "turret2"
                    {limits -10.0000 10.0000}
                    {Matrix34
                        1.0000 0.0017 0.0000
                        -0.0017 1.0000 0.0000
                        0.0000 0.0000 1.0000
                        21.1070 15.2530 -23.5000
                    }
                    {bone revolute "Gun_rot2"
                        {limits -10.0000 10.0000}
                        {Matrix34
                            0.9918 0.1273 -0.0076
                            -0.0102 0.0193 -0.9998
                            -0.1271 0.9917 0.0205
                            1.7003 -0.0148 -0.0941
                        }
                        {bone "bone"
                            {Matrix34
                                0.9981 -0.0015 -0.0614
                                0.0017 1.0000 0.0035
                                0.0614 -0.0036 0.9981
                                0.7065 -5.5918 -2.7086
                            }
                            {bone "gun2"
                                {Matrix34
                                    0.0000 -0.9985 0.0541
                                    -0.0525 -0.0540 -0.9972
                                    0.9986 -0.0028 -0.0524
                                    7.5159 2.4136 4.9879
                                }
                                {VolumeView "mgun.ply"}
                                {bone "Foresight2"
                                    {Matrix34
                                        0.0108 -0.0015 1.0000
                                        -0.9999 -0.0114 0.0108
                                        0.0115 -0.9999 -0.0016
                                        -3.3463 2.8841 14.6359
                                    }
                                }
                            }
                        }
                    }
                }
                {bone "bone01"
                    {Matrix34
                        1.0000 0.0035 0.0000
                        -0.0035 1.0000 0.0000
                        0.0000 0.0000 1.0000
                        1.4758 1.7759 -40.4000
                    }
                    {bone "cover"
                        {Position 1.4000 -6.4000 27.3000}
                        {VolumeView "Cover.ply"}
                    }
                }
            }
            {bone "FXfire1"
                {Matrix34
                    0.0419 0.9991 0.0000
                    -0.9991 0.0419 0.0000
                    0.0000 0.0000 1.0000
                    -1.0919 12.1564 -16.0000
                }
            }
            {bone revolute "wheell8"
                {Matrix34
                    0.0107 -0.0609 0.9981
                    0.0008 0.9981 0.0609
                    -0.9999 0.0002 0.0107
                    -26.9197 -2.4853 82.1939
                }
                {VolumeView "wheell1.ply"}
            }
            {bone revolute "wheell7"
                {Matrix34
                    -0.0262 -0.0244 0.9994
                    0.0000 0.9997 0.0244
                    -0.9997 0.0006 -0.0262
                    -26.1562 -5.8087 -36.5498
                }
                {VolumeView "wheell7.ply"}
            }
            {bone "shieldl"
                {parameters "ID=shield_left;"}
                {Matrix34
                    1.0529 -0.0003 0.0000
                    0.0002 1.3750 -0.0071
                    0.0000 0.0096 1.0199
                    -87.1474 -20.7481 1.5973
                }
                {VolumeView "shield.ply"}
            }
            {bone "shieldr"
                {parameters "ID=shield_right;"}
                {Matrix34
                    1.0473 0.0000 0.0000
                    0.0000 1.4719 -0.0071
                    0.0000 0.0103 1.0173
                    -25.9302 -22.5060 1.8758
                }
                {VolumeView "shieldr.ply"}
            }
        }
        {bone "wheelsl"
            {parameters "ID=trackleft;"}
            {Position 36.4000 9.1000 -1.2000}
            {VolumeView "wheelsl.ply"}
            {visibility 0}
            {bone "trackl"
                {parameters "ID=trackleft;"}
                {Matrix34
                    1.0733 0.0000 0.0235
                    0.0000 0.8640 0.0000
                    -0.0206 0.0000 1.0249
                    -14.6280 16.4859 4.7059
                }
                {VolumeView "trackl.ply"}
            }
            {bone revolute "wheelL1"
                {Matrix34
                    -1.0000 0.0087 -0.0001
                    -0.0001 -0.0087 1.0000
                    0.0087 1.0000 0.0087
                    9.4996 16.0972 -2.9124
                }
                {VolumeView "weellL.ply"}
            }
            {bone revolute "wheelL2"
                {Matrix34
                    -1.0000 0.0070 0.0000
                    0.0000 -0.0035 1.0000
                    0.0070 1.0000 0.0035
                    26.5998 16.1605 -2.6436
                }
                {VolumeView "weellL.ply"}
            }
            {bone revolute "wheelL3"
                {Matrix34
                    -1.0000 0.0035 0.0000
                    0.0000 0.0052 1.0000
                    0.0035 1.0000 -0.0052
                    -7.4014 16.0570 -2.5841
                }
                {VolumeView "weellL.ply"}
            }
            {bone revolute "wheelL4"
                {Matrix34
                    1.0000 0.0000 0.0000
                    0.0000 0.0035 -1.0000
                    0.0000 1.0000 0.0035
                    -22.5000 16.1086 -2.4438
                }
                {VolumeView "weellL.ply"}
            }
            {bone revolute "wheelL5"
                {Matrix34
                    -0.9981 0.0282 0.0557
                    0.0558 0.0052 0.9984
                    0.0279 0.9996 -0.0068
                    -37.5000 16.1893 -2.0848
                }
                {VolumeView "weellL.ply"}
            }
            {bone revolute "wheelL6"
                {Matrix34
                    -0.9999 -0.0105 0.0000
                    0.0000 0.0000 1.0000
                    -0.0105 0.9999 0.0000
                    -54.5000 16.3000 -2.0000
                }
                {VolumeView "weellL.ply"}
            }
            {bone "FXtraceL1"
                {Matrix34
                    -0.9995 0.0314 0.0000
                    -0.0314 -0.9995 0.0000
                    0.0000 0.0000 1.0000
                    27.0000 16.8000 -6.3000
                }
            }
            {bone "FXtraceL2"
                {Matrix34
                    -0.9493 -0.0166 0.3139
                    0.0157 -0.9999 -0.0052
                    0.3140 0.0000 0.9494
                    -60.8195 15.9211 -8.2431
                }
            }
            {bone "FXtraceL3"
                {Matrix34
                    0.9684 0.0203 0.2487
                    -0.0209 0.9998 0.0000
                    -0.2486 -0.0052 0.9686
                    42.2737 17.1811 -4.9202
                }
            }
        }
        {bone "wheelsr"
            {parameters "ID=trackright;"}
            {Matrix34
                1.0000 0.0000 0.0000
                0.0000 1.0000 0.0000
                0.0000 0.0000 1.0000
                37.8000 -8.6000 -1.0000
            }
            {VolumeView "wheelsr.ply"}
            {visibility 0}
            {bone "trackr"
                {parameters "ID=trackright;"}
                {Matrix34
                    1.0706 0.0000 0.0227
                    0.0000 0.8885 0.0000
                    -0.0210 0.0000 1.0180
                    -15.1711 -17.6464 4.5579
                }
                {VolumeView "trackr.ply"}
            }
            {bone revolute "wheelR1"
                {Matrix34
                    1.0000 0.0000 0.0000
                    0.0000 -0.0003 -1.0000
                    0.0000 1.0000 -0.0003
                    9.0000 -16.1905 -2.7565
                }
                {VolumeView "weellR.ply"}
            }
            {bone revolute "wheelR2"
                {Matrix34
                    1.0000 0.0000 0.0000
                    0.0000 -0.0087 -1.0000
                    0.0000 1.0000 -0.0087
                    -7.6000 -16.2160 -3.0151
                }
                {VolumeView "weellR.ply"}
            }
            {bone revolute "wheelR4"
                {Matrix34
                    1.0000 0.0000 0.0000
                    0.0000 0.0017 -1.0000
                    0.0000 1.0000 0.0017
                    27.0000 -15.2000 -3.0000
                }
                {VolumeView "weellR.ply"}
            }
            {bone revolute "wheelR3"
                {Matrix34
                    1.0000 0.0000 0.0000
                    0.0000 0.0000 -1.0000
                    0.0000 1.0000 0.0000
                    -22.4000 -15.7000 -2.7000
                }
                {VolumeView "weellR.ply"}
            }
            {bone revolute "wheelR5"
                {Matrix34
                    1.0000 0.0000 0.0000
                    0.0000 -0.0140 -0.9999
                    0.0000 0.9999 -0.0140
                    -37.6000 -16.1856 -2.7848
                }
                {VolumeView "weellR.ply"}
            }
            {bone revolute "wheelR"
                {Matrix34
                    1.0000 0.0000 0.0000
                    0.0000 -0.0192 -0.9998
                    0.0000 0.9998 -0.0192
                    -54.5000 -15.7573 -2.5706
                }
                {VolumeView "weellR.ply"}
            }
            {bone "FXtraceR1"
                {Matrix34
                    -0.9951 -0.0954 0.0271
                    -0.0300 0.0292 -0.9991
                    0.0945 -0.9950 -0.0319
                    28.4941 -16.6052 -6.6000
                }
            }
            {bone "FXtraceR2"
                {Matrix34
                    -0.9655 -0.2605 0.0026
                    0.0001 -0.0105 -0.9999
                    0.2605 -0.9654 0.0101
                    -35.9311 -16.2999 -7.0000
                }
            }
            {bone "FXtraceR3"
                {Matrix34
                    -0.8845 -0.0106 0.4664
                    -0.4662 -0.0174 -0.8845
                    0.0175 -0.9998 0.0105
                    -60.5225 -15.5410 -7.0151
                }
            }
        }
        {bone "emit1"
            {Matrix34
                0.0000 1.0000 0.0052
                -1.0000 0.0000 0.0000
                0.0000 -0.0052 1.0000
                31.5000 -44.6480 -10.0390
            }
        }
        {bone "emit2"
            {Matrix34
                0.0000 -0.9997 -0.0244
                1.0000 0.0000 0.0000
                0.0000 -0.0244 0.9997
                28.5000 46.1644 -10.2755
            }
        }
        {bone "emit3"
            {Matrix34
                -0.0175 -0.9998 0.0000
                0.9983 -0.0174 0.0558
                -0.0558 0.0010 0.9984
                -1.6232 45.6211 -10.4207
            }
        }
        {bone "emit4"
            {Matrix34
                -0.0175 0.9995 -0.0279
                -0.9998 -0.0174 0.0005
                0.0000 0.0279 0.9996
                -0.5834 -44.2599 -10.0687
            }
        }
        {bone "emit5"
            {Matrix34
                0.0070 -1.0000 0.0000
                1.0000 0.0070 0.0000
                0.0000 0.0000 1.0000
                -27.8178 45.5077 -10.3000
            }
        }
        {bone "emit6"
            {Matrix34
                0.0140 0.9999 0.0000
                -0.9999 0.0140 0.0000
                0.0000 0.0000 1.0000
                -22.7180 -44.3441 -10.1000
            }
        }
    }
}
{Volume "Body2"
    {Polyhedron "Body2.vol"}
    {Bone "Body"}
    {Matrix34
        -0.0033 -0.0128 0.9517
        0.9217 0.0024 0.0030
        0.0031 0.9238 0.0089
        0.2648 -1.2044 23.3490
    }
}
{Volume "Body1"
    {Polyhedron "Body1.vol"}
    {Bone "Body"}
    {Matrix34
        -0.0001 -0.0209 0.9600
        -0.9221 -0.0031 -0.0001
        -0.0032 -0.8329 -0.0204
        -0.0255 -0.7835 22.8081
    }
}
{Volume "turret"
    {Polyhedron "turret.vol"}
    {Bone "turret"}
    {Matrix34
        -1.3133 -0.0415 0.0068
        0.0193 -0.9390 -0.0097
        -0.0012 -0.0114 1.2210
        -1.7800 0.5163 -35.9247
    }
}
{Volume "gun"
    {Cylinder 1.58497 70.72570}
    {Bone "gun"}
    {Matrix34
        0.0000 0.0000 1.0000
        0.0000 1.0000 0.0000
        -1.0000 0.0000 0.0000
        -33.6464 2.4000 2.4000
    }
}
{Volume "trackright"
    {Box 123.8080 11.2095 20.6000}
    {Bone "wheelsR"}
    {Matrix34
        1.0723 0.0000 0.0000
        0.0000 0.9900 0.0069
        0.0000 -0.0088 1.2557
        -15.2835 -16.8340 2.3340
    }
}
{Volume "trackleft"
    {Box 123.7052 23.1644 10.7125}
    {Bone "WheelsL"}
    {Matrix34
        -1.0837 0.0000 0.0000
        0.0000 -0.0074 -1.0584
        0.0000 -0.8347 0.0058
        -15.1177 17.0296 2.0505
    }
}
{Volume "crew"
    {Box 23.3090 31.8715 17.4862}
    {Bone "Body"}
    {Matrix34
        -1.0657 0.0000 0.0000
        0.0000 -0.8013 0.0000
        0.0000 0.0000 0.8357
        -0.7474 11.5681 38.7090
    }
}
{Volume "engine"
    {Box 25.4509 31.8715 17.4862}
    {Bone "engine"}
    {Matrix34
        0.0103 0.0000 0.9999
        0.0038 -0.7837 -0.0001
        0.7340 0.0040 -0.0140
        -4.7867 -5.8144 -8.6185
    }
}
{Volume "Inventory"
    {Box 25.4509 31.8715 17.4862}
    {Bone "Body"}
    {Matrix34
        -0.0014 -0.0009 0.8421
        -0.0035 -0.4600 -0.0015
        0.8269 0.0013 -0.0055
        -0.8631 1.6784 14.2141
    }
}
{Volume "shield_right"
    {Box 0.5000 121.9905 14.3952}
    {Bone "shieldr"}
    {Matrix34
        -1.8893 0.0000 0.0000
        0.0000 -0.0222 0.9357
        0.0000 0.9200 0.0196
        54.6642 14.7028 18.5093
    }
}
{Volume "shield_left"
    {Box 0.5000 121.9905 14.3952}
    {Bone "shieldl"}
    {Matrix34
        -1.3213 0.0606 0.0051
        0.0000 -0.0066 0.9737
        -0.0018 0.9504 -0.0135
        53.1705 14.0095 15.7300
    }
}
