;Exported by: shevchenko
;Date:        Sat May 15 10:24:06 2004
;File:        D:\-Projects-\-3DWork-\sheva\rocks\rocks.max
{Skeleton
	{bone "rocks"
		{Orientation
			1.0000	0.0000	0.0000
			0.0000	-1.0000	0.0000
			0.0000	0.0000	1.0000
		}
		{VolumeView "rocks.ply"}
	}
}
{Obstacle "Obstacle4"
	{Polygon2
		{Radius 0}
		{Vertex -75.5806 43.3643}
		{Vertex -73.2959 36.5103}
		{Vertex -64.9188 28.1332}
		{Vertex -52.9878 28.3871}
		{Vertex -41.5644 42.0951}
		{Vertex -45.8799 50.9799}
		{Vertex -55.7801 60.3724}
		{Vertex -65.4265 60.8801}
	}
	{Rotate}
}
{Obstacle "Obstacle3"
	{Polygon2
		{Radius 0}
		{Vertex -37.7566 55.0413}
		{Vertex -29.6333 57.0721}
		{Vertex -22.0178 63.4184}
		{Vertex -20.4947 69.7647}
		{Vertex -29.8872 78.1418}
		{Vertex -43.0875 73.3186}
		{Vertex -44.1029 64.18}
	}
	{Rotate}
}
{Obstacle "Obstacle2"
	{Polygon2
		{Radius 0}
		{Vertex 38.9066 50.2181}
		{Vertex 43.7298 39.0486}
		{Vertex 51.8531 31.1792}
		{Vertex 68.6073 30.9253}
		{Vertex 82.5691 45.6487}
		{Vertex 76.2228 60.1183}
		{Vertex 63.2764 71.2878}
		{Vertex 50.5838 71.2878}
	}
	{Rotate}
}
{Obstacle "Obstacle1"
	{Polygon2
		{Radius 0}
		{Vertex -51.2519 -63.8215}
		{Vertex 0.0261536 -67.3754}
		{Vertex 47.4965 -51.8904}
		{Vertex 69.8354 -19.3974}
		{Vertex 31.5038 49.1426}
		{Vertex -7.58939 51.4273}
		{Vertex -41.8594 41.527}
		{Vertex -66.9907 -0.104645}
	}
	{Rotate}
}
{Volume "rock4"
	{Box 32.9136 30.9975 13.9495}
	{Bone "rocks"}
	{Matrix34
		0.8192	0.5736	0.0000
		-0.5736	0.8192	0.0000
		0.0000	0.0000	1.0000
		59.4566	-50.1417	6.9748
	}
}
{Volume "rock3"
	{Box 18.1843 16.8465 7.34185}
	{Bone "rocks"}
	{Matrix34
		0.5000	0.8660	0.0000
		-0.8660	0.5000	0.0000
		0.0000	0.0000	1.0000
		-33.1466	-67.1204	3.6709
	}
}
{Volume "rock2"
	{Box 27.1692 23.694 8.95348}
	{Bone "rocks"}
	{Matrix34
		0.8192	0.5736	0.0000
		-0.5736	0.8192	0.0000
		0.0000	0.0000	1.0000
		-59.5629	-44.4139	4.4767
	}
}
{Volume "rock1"
	{Polyhedron "rock1.vol"}
	{Bone "rocks"}
	{Position 3.3712	-3.5779	0.0000}
}
