;Exported by: sk
;Date:        Thu Aug 14 13:20:48 2003

{Skeleton
	{bone "barrels2"
		{Orientation
			1.0000	0.0000	0.0000
			0.0000	-1.0000	0.0000
			0.0000	0.0000	1.0000
		}
		{bone "Piece0"
			{Matrix34
				-0.0984	0.3674	0.9248
				-0.2394	0.8933	-0.3804
				-0.9659	-0.2588	0.0000
				2.7167	-32.9415	7.7988
			}
			{VolumeView "Piece0.ply"}
		}
		{bone "Piece1"
			{Matrix34
				0.9530	-0.3031	0.0000
				0.3031	0.9530	0.0000
				0.0000	0.0000	1.0000
				-16.6167	-10.8505	26.1240
			}
			{VolumeView "Piece1.ply"}
		}
		{bone "Piece2"
			{Matrix34
				0.9248	0.3804	0.0000
				-0.3804	0.9248	0.0000
				0.0000	0.0000	1.0000
				0.2931	-7.8216	24.9868
			}
			{VolumeView "Piece2.ply"}
		}
		{bone "Piece4"
			{Matrix34
				0.0461	-0.9989	-0.0000
				-0.9989	-0.0461	0.0000
				-0.0000	0.0000	-1.0000
				-20.3130	5.6264	47.2311
			}
			{VolumeView "Piece4.ply"}
		}
		{bone "Piece5"
			{Matrix34
				0.2140	-0.9768	0.0000
				0.9768	0.2140	0.0000
				0.0000	0.0000	1.0000
				-28.6085	-15.8813	1.5839
			}
			{VolumeView "Piece5.ply"}
		}
		{bone "Piece6"
			{Matrix34
				-0.0461	-0.9989	0.0000
				0.9989	-0.0461	0.0000
				0.0000	0.0000	1.0000
				-12.0485	-19.7922	0.3313
			}
			{VolumeView "Piece6.ply"}
		}
		{bone "Piece7"
			{Matrix34
				0.4640	0.8858	0.0000
				-0.8858	0.4640	0.0000
				0.0000	0.0000	1.0000
				6.0214	-18.2919	0.2477
			}
			{VolumeView "Piece7.ply"}
		}
		{bone "Piece8"
			{Matrix34
				0.9229	-0.3850	0.0000
				0.3850	0.9229	0.0000
				0.0000	0.0000	1.0000
				-29.0556	15.6380	1.6867
			}
			{VolumeView "Piece8.ply"}
		}
		{bone "Piece9"
			{Matrix34
				0.9229	-0.3850	0.0000
				0.3850	0.9229	0.0000
				0.0000	0.0000	1.0000
				6.4554	15.1483	1.6867
			}
			{VolumeView "Piece9.ply"}
		}
		{bone "Piece10"
			{Matrix34
				0.9229	-0.3850	0.0000
				0.3850	0.9229	0.0000
				0.0000	0.0000	1.0000
				-12.7094	14.5068	0.4055
			}
			{VolumeView "Piece10.ply"}
		}
		{bone "Piece3"
			{Matrix34
				0.0461	-0.9989	-0.0000
				-0.9989	-0.0461	0.0000
				-0.0000	0.0000	-1.0000
				-3.0726	5.6264	47.2311
			}
			{VolumeView "Piece3.ply"}
		}
		{bone "FX_dust1"
			{Position -10.3331	-4.5025	24.8943}
		}
		{bone "FX_stone1"
			{Position -10.3331	1.7332	9.7447}
		}
	}
}
{Volume "Piece3"
	{Cylinder 8.11816 24.0901}
	{Bone "Piece3"}
		{Matrix34
			0.1786	-0.9839	-0.0000
			-0.9839	-0.1786	0.0000
			-0.0000	0.0000	-1.0000
			0.1312	0.0552	10.5969
		}
}
{Volume "Piece10"
	{Cylinder 8.11816 24.0901}
	{Bone "Piece10"}
		{Matrix34
			0.9659	0.2588	-0.0000
			-0.2588	0.9659	-0.0000
			-0.0000	0.0000	1.0000
			-0.0097	-0.0803	11.6592
		}
}
{Volume "Piece9"
	{Cylinder 8.11816 24.0901}
	{Bone "Piece9"}
		{Matrix34
			0.9659	0.2588	-0.0000
			-0.2588	0.9659	-0.0000
			-0.0000	0.0000	1.0000
			0.0378	0.0716	10.3780
		}
}
{Volume "Piece8"
	{Cylinder 8.11816 24.0901}
	{Bone "Piece8"}
		{Matrix34
			0.9659	0.2588	-0.0000
			-0.2588	0.9659	-0.0000
			-0.0000	0.0000	1.0000
			-0.0949	-0.1754	10.3780
		}
}
{Volume "Piece7"
	{Cylinder 8.11816 24.0901}
	{Bone "Piece7"}
		{Matrix34
			0.3420	-0.9397	-0.0000
			0.9397	0.3420	-0.0000
			0.0000	0.0000	1.0000
			0.1318	0.0165	11.8170
		}
}
{Volume "Piece6"
	{Cylinder 8.11816 24.0901}
	{Bone "Piece6"}
		{Matrix34
			0.0872	0.9962	-0.0000
			-0.9962	0.0872	-0.0000
			-0.0000	0.0000	1.0000
			0.0359	-0.0196	11.7334
		}
}
{Volume "Piece5"
	{Cylinder 8.11816 24.0901}
	{Bone "Piece5"}
		{Matrix34
			0.3420	0.9397	-0.0000
			-0.9397	0.3420	-0.0000
			-0.0000	0.0000	1.0000
			-0.0095	-0.0189	10.4808
		}
}
{Volume "Piece4"
	{Cylinder 8.11816 24.0901}
	{Bone "Piece4"}
		{Matrix34
			0.1786	-0.9839	-0.0000
			-0.9839	-0.1786	0.0000
			-0.0000	0.0000	-1.0000
			0.1372	-0.0763	10.5969
		}
}
{Volume "Piece2"
	{Cylinder 8.11816 24.0901}
	{Bone "Piece2"}
		{Matrix34
			0.8660	-0.5000	0.0000
			0.5000	0.8660	0.0000
			0.0000	0.0000	1.0000
			0.0012	0.0136	11.6475
		}
}
{Volume "Piece1"
	{Cylinder 8.11816 24.0901}
	{Bone "Piece1"}
		{Matrix34
			0.9848	0.1736	0.0000
			-0.1736	0.9848	0.0000
			0.0000	0.0000	1.0000
			0.0273	-0.0561	10.5103
		}
}
{Volume "Piece0"
	{Cylinder 8.11816 24.0901}
	{Bone "Piece0"}
		{Matrix34
			-0.5000	-0.8660	-0.0000
			0.8660	-0.5000	0.0000
			-0.0000	0.0000	1.0000
			-0.4439	-0.0711	11.5961
		}
}
