;Exported by: shevchenko
;Date:        Wed Mar 03 15:52:56 2004
;File:        D:\-Projects-\-3DWork-\sheva\SK\store_1_2_4_x.max
{Skeleton
	{animation
		{sequence "crush" {speed 0.4}}
	}
	{bone "store4"
		{parameters "CommonMesh;"}
		{Orientation
			1.0000	0.0000	0.0000
			0.0000	-1.0000	0.0000
			0.0000	0.0000	1.0000
		}
		{VolumeView "store4.ply"}
		{bone "FX_dust1"
			{Matrix34
				0.0000	0.0000	1.0000
				0.0000	1.0000	0.0000
				-1.0000	0.0000	0.0000
				43.5466	36.3818	26.0324
			}
		}
		{bone "FX_dust1a"
			{Matrix34
				0.0000	0.0000	1.0000
				0.0000	1.0000	0.0000
				-1.0000	0.0000	0.0000
				3.3417	-98.5621	8.3296
			}
		}
		{bone "FX_dust1b"
			{Matrix34
				0.0000	0.0000	1.0000
				0.0000	1.0000	0.0000
				-1.0000	0.0000	0.0000
				-52.3397	36.4139	26.0324
			}
		}
		{bone "FX_stone1"
			{Matrix34
				0.0000	0.0000	1.0000
				0.0000	1.0000	0.0000
				-1.0000	0.0000	0.0000
				42.8666	-96.9322	61.6827
			}
		}
		{bone "FX_stone1a"
			{Matrix34
				0.0000	0.0000	1.0000
				0.0000	1.0000	0.0000
				-1.0000	0.0000	0.0000
				-0.2044	36.6116	22.2290
			}
		}
		{bone "FX_stone1b"
			{Matrix34
				0.0000	0.0000	1.0000
				0.0000	1.0000	0.0000
				-1.0000	0.0000	0.0000
				-49.0604	-97.7111	63.0155
			}
		}
		{bone "FX_wood1"
			{Matrix34
				0.0000	0.0000	1.0000
				0.0000	1.0000	0.0000
				-1.0000	0.0000	0.0000
				0.0035	70.5905	74.2496
			}
		}
		{bone "FX_wood1a"
			{Matrix34
				0.0000	0.0000	1.0000
				0.0000	1.0000	0.0000
				-1.0000	0.0000	0.0000
				28.9622	-30.9538	98.2439
			}
		}
		{bone "FX_wood1b"
			{Matrix34
				0.0000	0.0000	1.0000
				0.0000	1.0000	0.0000
				-1.0000	0.0000	0.0000
				-20.9274	-30.9538	98.2439
			}
		}
		{bone "FX_wood2"
			{Matrix34
				0.0000	0.0000	1.0000
				0.0000	1.0000	0.0000
				-1.0000	0.0000	0.0000
				2.6925	-30.9538	94.6923
			}
		}
		{bone "piece0"
			{Matrix34
				1.0000	0.0000	0.0000
				0.0000	-0.0000	1.0000
				0.0000	-1.0000	-0.0000
				45.5874	-96.9619	51.8509
			}
			{VolumeView "piece0.ply"}
		}
		{bone "piece1"
			{Matrix34
				1.0000	0.0000	0.0000
				0.0000	-0.0000	1.0000
				0.0000	-1.0000	-0.0000
				30.7199	-96.9619	22.2250
			}
		}
		{bone "piece2"
			{Matrix34
				1.0000	0.0000	0.0000
				0.0000	-0.0000	1.0000
				0.0000	-1.0000	-0.0000
				-2.1049	-96.9619	46.8608
			}
			{bone "sub_piece2"
				{Position -6.1689	-15.2543	-0.0000}
			}
		}
		{bone "piece3"
			{Matrix34
				1.0000	0.0000	0.0000
				0.0000	-0.0000	1.0000
				0.0000	-1.0000	-0.0000
				21.8383	-96.9619	71.1832
			}
		}
		{bone "piece10"
			{Matrix34
				1.0000	0.0000	0.0000
				0.0000	-0.0000	1.0000
				0.0000	-1.0000	-0.0000
				-37.7681	36.2108	65.1696
			}
			{VolumeView "piece10.ply"}
		}
		{bone "piece11"
			{Matrix34
				1.0000	0.0000	0.0000
				0.0000	-0.0000	1.0000
				0.0000	-1.0000	-0.0000
				-33.4584	36.2108	26.3138
			}
			{VolumeView "piece11.ply"}
		}
		{bone "piece4"
			{Matrix34
				1.0000	0.0000	0.0000
				0.0000	-0.0000	1.0000
				0.0000	-1.0000	-0.0000
				-25.6440	-96.9619	70.5606
			}
		}
		{bone "piece5"
			{Matrix34
				1.0000	0.0000	0.0000
				0.0000	-0.0000	1.0000
				0.0000	-1.0000	-0.0000
				-43.2032	-96.9619	42.8836
			}
		}
		{bone "piece6"
			{Matrix34
				1.0000	0.0000	0.0000
				0.0000	-0.0000	1.0000
				0.0000	-1.0000	-0.0000
				30.9048	36.2108	20.1569
			}
			{VolumeView "piece6.ply"}
		}
		{bone "piece7"
			{Matrix34
				1.0000	0.0000	0.0000
				0.0000	-0.0000	1.0000
				0.0000	-1.0000	-0.0000
				45.4223	36.2108	58.2457
			}
			{VolumeView "piece7.ply"}
			{bone "sub_piece7"
				{Position -5.4681	-15.0847	0.0000}
				{VolumeView "sub_piece7.ply"}
			}
		}
		{bone "piece8"
			{Matrix34
				1.0000	0.0000	0.0000
				0.0000	-0.0000	1.0000
				0.0000	-1.0000	-0.0000
				1.3132	36.2108	37.9173
			}
			{VolumeView "piece8.ply"}
		}
		{bone "piece9"
			{Matrix34
				1.0000	0.0000	0.0000
				0.0000	-0.0000	1.0000
				0.0000	-1.0000	-0.0000
				12.1173	36.2108	70.3182
			}
			{VolumeView "piece9.ply"}
		}
		{bone "exterior"
			{Position -0.1384	-18.2385	78.7402}
		}
	}
}
{Area "interior"
	{Obb2
		{Center -0.207436 30.5625}
		{Extent 65.0271 64.4564}
		{Axis -1 0}
	}
	{Rotate}
}
{Volume "piece9"
	{Box 21.7827 5.90552 11.0236}
	{Bone "piece9"}
	{Matrix34
		1.0000	0.0000	0.0000
		0.0000	-0.0000	-1.0000
		0.0000	1.0000	-0.0000
		-0.5331	-0.7436	-0.0207
	}
}
{Volume "piece8"
	{Box 14.3307 5.90552 22.5197}
	{Bone "piece8"}
	{Matrix34
		0.7083	0.7059	-0.0000
		0.0000	-0.0000	-1.0000
		-0.7059	0.7083	-0.0000
		0.3456	-1.5820	-0.0207
	}
}
{Volume "sub_piece7"
	{Box 14.3307 5.90552 11.8898}
	{Bone "sub_piece7"}
	{Matrix34
		0.9470	-0.3213	-0.0000
		-0.0000	-0.0000	-1.0000
		0.3213	0.9470	-0.0000
		-0.1292	-0.7787	-0.0207
	}
}
{Volume "piece7"
	{Box 18.0567 5.90552 21.9685}
	{Bone "piece7"}
	{Matrix34
		0.9439	-0.3303	-0.0000
		-0.0000	-0.0000	-1.0000
		0.3303	0.9439	-0.0000
		0.0510	0.1944	-0.0207
	}
}
{Volume "piece6"
	{Box 13.041 5.90552 12.0472}
	{Bone "piece6"}
	{Matrix34
		0.9848	0.1736	0.0000
		0.0000	-0.0000	-1.0000
		-0.1736	0.9848	-0.0000
		0.4519	0.3260	-0.0207
	}
}
{Volume "piece5"
	{Box 12.5136 5.90552 26.6858}
	{Bone "piece5"}
	{Matrix34
		0.9484	0.3172	0.0000
		0.0000	-0.0000	-1.0000
		-0.3172	0.9484	-0.0000
		-1.4686	-0.4446	-0.0008
	}
}
{Volume "piece4"
	{Box 16.9102 5.90552 11.2598}
	{Bone "piece4"}
	{Matrix34
		1.0000	0.0000	0.0000
		0.0000	-0.0000	-1.0000
		0.0000	1.0000	-0.0000
		-0.8201	0.8829	-0.0008
	}
}
{Volume "piece11"
	{Box 12.5136 5.90552 26.6858}
	{Bone "piece11"}
	{Matrix34
		0.9484	0.3172	0.0000
		0.0000	-0.0000	-1.0000
		-0.3172	0.9484	-0.0000
		-1.4756	-0.0924	-0.0207
	}
}
{Volume "piece10"
	{Box 16.9102 5.90552 11.2598}
	{Bone "piece10"}
	{Matrix34
		1.0000	0.0000	0.0000
		0.0000	-0.0000	-1.0000
		0.0000	1.0000	-0.0000
		-0.5486	0.8828	-0.0207
	}
}
{Volume "piece3"
	{Box 21.7827 5.90552 11.0236}
	{Bone "piece3"}
	{Matrix34
		1.0000	0.0000	0.0000
		0.0000	-0.0000	-1.0000
		0.0000	1.0000	-0.0000
		-0.5084	-0.3294	-0.0008
	}
}
{Volume "sub_piece2"
	{Box 14.3307 5.90552 11.8898}
	{Bone "sub_piece2"}
	{Matrix34
		0.9470	-0.3213	-0.0000
		-0.0000	-0.0000	-1.0000
		0.3213	0.9470	-0.0000
		0.2731	-0.6528	-0.0008
	}
}
{Volume "piece2"
	{Box 18.0567 5.90552 21.9685}
	{Bone "piece2"}
	{Matrix34
		0.9439	-0.3303	-0.0000
		-0.0000	-0.0000	-1.0000
		0.3303	0.9439	-0.0000
		-0.2475	0.1508	-0.0008
	}
}
{Volume "piece1"
	{Box 14.3307 5.90552 22.5197}
	{Bone "piece1"}
	{Matrix34
		0.7083	0.7059	-0.0000
		0.0000	-0.0000	-1.0000
		-0.7059	0.7083	-0.0000
		0.0974	-1.2437	-0.0008
	}
}
{Volume "piece0"
	{Box 13.041 5.90552 12.0472}
	{Bone "piece0"}
	{Matrix34
		0.9848	0.1736	0.0000
		0.0000	-0.0000	-1.0000
		-0.1736	0.9848	-0.0000
		0.8914	-0.0440	-0.0008
	}
}
