;Exported by: shevchenko
;Date:        Fri Apr 23 18:35:03 2004
;File:        D:\-Projects-\-3DWork-\sheva\SK\lighthouse1.max
{Skeleton
	{bone "lighthouse1"
		{Orientation
			1.0000	0.0000	0.0000
			0.0000	-1.0000	0.0000
			0.0000	0.0000	1.0000
		}
		{VolumeView "lighthouse1.ply"}
		{bone "FX_light_high5"
			{Matrix34
				0.9659	0.0000	-0.2588
				0.0000	1.0000	0.0000
				0.2588	0.0000	0.9659
				53.1962	-11.3789	64.7606
			}
			{bone "win_light_high5"
				{Matrix34
					0.9659	0.0000	0.2588
					0.0000	1.0000	0.0000
					-0.2588	0.0000	0.9659
					2.8332	-0.8936	-9.1562
				}
				{VolumeView "win_light_high5.ply"}
			}
		}
		{bone "FX_light1"
			{Matrix34
				0.9659	0.0000	-0.2588
				0.0000	1.0000	0.0000
				0.2588	0.0000	0.9659
				53.2806	-78.1622	25.9713
			}
			{bone "win_light1"
				{Matrix34
					0.9659	0.0000	0.2588
					0.0000	1.0000	0.0000
					-0.2588	0.0000	0.9659
					2.7480	-0.8901	-9.1813
				}
				{VolumeView "win_light1.ply"}
			}
		}
		{bone "FX_light_high2"
			{Matrix34
				-0.0000	-0.9659	-0.2588
				1.0000	-0.0000	0.0000
				-0.0000	-0.2588	0.9659
				14.6934	-96.5585	64.7797
			}
			{bone "win_light_high2"
				{Matrix34
					0.9659	0.0000	0.2588
					0.0000	1.0000	0.0000
					-0.2588	-0.0000	0.9659
					2.3289	-1.5408	-9.3398
				}
				{VolumeView "win_light_high2.ply"}
			}
		}
		{bone "FX_light_high3"
			{Matrix34
				-0.9659	0.0000	-0.2588
				-0.0000	-1.0000	0.0000
				-0.2588	0.0000	0.9659
				-53.4447	-76.3301	64.6994
			}
			{bone "win_light3"
				{Matrix34
					0.9659	-0.0000	0.2588
					0.0000	1.0000	0.0000
					-0.2588	-0.0000	0.9659
					2.9486	-2.3798	-9.0907
				}
				{VolumeView "win_light3.ply"}
			}
		}
		{bone "FX_light_high4"
			{Matrix34
				-0.9659	0.0000	-0.2588
				-0.0000	-1.0000	0.0000
				-0.2588	0.0000	0.9659
				-53.4447	-28.9196	64.6994
			}
			{bone "win_light4"
				{Matrix34
					0.9659	-0.0000	0.2588
					0.0000	1.0000	0.0000
					-0.2588	-0.0000	0.9659
					2.7242	-2.3678	-9.1503
				}
				{VolumeView "win_light4.ply"}
			}
		}
		{bone "window1"
			{Matrix34
				-0.0000	1.0000	0.0000
				-1.0000	-0.0000	0.0000
				0.0000	0.0000	1.0000
				51.6069	-78.4981	25.9309
			}
			{VolumeView "window1.ply"}
			{bone "FX_glass1"
				{Matrix34
					-0.0000	-1.0000	0.0000
					1.0000	-0.0000	0.0000
					0.0000	0.0000	1.0000
					0.3359	-0.0155	-0.2355
				}
			}
		}
		{bone "window2"
			{Position 13.7068	-95.0050	64.6947}
			{VolumeView "window2.ply"}
			{bone "FX_glass2"
				{Matrix34
					-0.0000	-1.0000	0.0000
					1.0000	-0.0000	0.0000
					0.0000	0.0000	1.0000
					0.9866	-0.2505	-0.1909
				}
			}
		}
		{bone "window3"
			{Matrix34
				-0.0000	-1.0000	0.0000
				1.0000	-0.0000	0.0000
				0.0000	0.0000	1.0000
				-52.2171	-74.5045	64.6947
			}
			{VolumeView "window3.ply"}
			{bone "FX_glass3"
				{Matrix34
					0.0000	-1.0000	0.0000
					1.0000	0.0000	0.0000
					0.0000	0.0000	1.0000
					1.8255	-0.6479	-0.2711
				}
			}
		}
		{bone "window4"
			{Matrix34
				-0.0000	-1.0000	0.0000
				1.0000	-0.0000	0.0000
				0.0000	0.0000	1.0000
				-52.0637	-27.1061	64.6953
			}
			{VolumeView "window4.ply"}
			{bone "FX_glass4"
				{Matrix34
					0.0000	-1.0000	0.0000
					1.0000	0.0000	0.0000
					0.0000	0.0000	1.0000
					1.8136	-0.6479	-0.2717
				}
			}
		}
		{bone "window5"
			{Matrix34
				-0.0000	1.0000	0.0000
				-1.0000	-0.0000	0.0000
				0.0000	0.0000	1.0000
				51.9515	-11.7183	64.7225
			}
			{VolumeView "window5.ply"}
			{bone "FX_glass5"
				{Matrix34
					-0.0000	-1.0000	0.0000
					1.0000	-0.0000	0.0000
					0.0000	0.0000	1.0000
					0.3394	-0.0155	0.1432
				}
			}
		}
		{bone "exterior"
			{Position 0.0000	-0.6507	104.3701}
			{VolumeView "exterior.ply"}
		}
	}
}
{Area "interior2"
	{Obb2
		{Center -0.485832 39.1743}
		{Extent 51.1811 55.1181}
		{Axis -1 0}
	}
	{Rotate}
}
{Area "interior1"
	{Obb2
		{Center -13.2811 -52.5061}
		{Extent 26.5748 36.811}
		{Axis -1 0}
	}
	{Rotate}
}
{Obstacle "body8"
	{Obb2
		{Center 14.183 -24.5636}
		{Extent 3.64173 8.87852}
		{Axis 1 0}
	}
	{Rotate}
}
{Obstacle "body7"
	{Obb2
		{Center 14.183 -68.6121}
		{Extent 3.64173 14.0929}
		{Axis 1 0}
	}
	{Rotate}
}
{Obstacle "body6"
	{Obb2
		{Center -46.4138 -17.7011}
		{Extent 8.75335 3.64173}
		{Axis 1 0}
	}
	{Rotate}
}
{Obstacle "body5"
	{Obb2
		{Center 32.6994 -17.7011}
		{Extent 22.066 3.64173}
		{Axis 1 0}
	}
	{Rotate}
}
{Obstacle "body4"
	{Obb2
		{Center -0.0873718 96.0967}
		{Extent 54.9122 3.64173}
		{Axis 1 0}
	}
	{Rotate}
}
{Obstacle "body3"
	{Obb2
		{Center 52.5795 39.2014}
		{Extent 3.64173 59.154}
		{Axis 1 0}
	}
	{Rotate}
}
{Obstacle "body2"
	{Obb2
		{Center -52.9505 39.2014}
		{Extent 3.64173 59.154}
		{Axis 1 0}
	}
	{Rotate}
}
{Obstacle "body1"
	{Obb2
		{Center -40.3247 -55.928}
		{Extent 3.64173 40.6473}
		{Axis 1 0}
	}
	{Rotate}
}
{Volume "body9"
	{Box 2.4555 83.4228 66.685}
	{Bone "exterior"}
	{Matrix34
		0.0000	0.0000	1.0000
		0.0000	1.0000	0.0000
		-1.0000	0.0000	0.0000
		-13.9222	62.2300	-36.7317
	}
}
{Volume "body"
	{Polyhedron "body.vol"}
	{Bone "exterior"}
	{Position -0.0783	-38.3181	4.9963}
}
{Volume "Hole4"
	{Box 11.7739 14.6835 19.0373}
	{Bone "lighthouse1"}
	{Matrix34
		-0.0000	1.0000	0.0000
		-1.0000	-0.0000	0.0000
		0.0000	0.0000	1.0000
		52.9934	-11.7760	64.7070
	}
}
{Volume "Hole3"
	{Box 11.7739 14.6835 19.0373}
	{Bone "lighthouse1"}
	{Matrix34
		-0.0000	1.0000	0.0000
		-1.0000	-0.0000	0.0000
		0.0000	0.0000	1.0000
		-52.6128	-28.5113	64.7070
	}
}
{Volume "Hole2"
	{Box 11.5419 14.6835 19.0373}
	{Bone "lighthouse1"}
	{Matrix34
		-0.0000	1.0000	0.0000
		-1.0000	-0.0000	0.0000
		0.0000	0.0000	1.0000
		-52.6128	-75.7139	64.7070
	}
}
{Volume "Hole1"
	{Box 14.9895 13.2283 19.0373}
	{Bone "lighthouse1"}
	{Matrix34
		-0.0000	1.0000	0.0000
		-1.0000	-0.0000	0.0000
		0.0000	0.0000	1.0000
		14.3296	-96.4978	64.7070
	}
}
{Volume "Hole0"
	{Box 11.7328 11.811 18.8488}
	{Bone "lighthouse1"}
	{Matrix34
		-0.0000	1.0000	0.0000
		-1.0000	-0.0000	0.0000
		0.0000	0.0000	1.0000
		52.7600	-78.4981	25.9309
	}
}
{Volume "body10"
	{Box 4.56723 50.0537 22.0061}
	{Bone "lighthouse1"}
	{Matrix34
		-0.0000	1.0000	0.0000
		-1.0000	-0.0000	0.0000
		0.0000	0.0000	1.0000
		-13.2165	17.5439	78.6364
	}
}
{Volume "body8"
	{Box 7.28346 17.757 66.685}
	{Bone "lighthouse1"}
	{Position 14.1830	24.5636	33.3425}
}
{Volume "body7"
	{Box 7.28346 28.1858 66.685}
	{Bone "lighthouse1"}
	{Position 14.1830	68.6121	33.3425}
}
{Volume "body6"
	{Box 7.28346 17.5067 88.9133}
	{Bone "lighthouse1"}
	{Matrix34
		-0.0000	-1.0000	0.0000
		1.0000	-0.0000	0.0000
		0.0000	0.0000	1.0000
		-46.4138	17.7011	44.4567
	}
}
{Volume "body5"
	{Box 7.28346 44.1319 88.9133}
	{Bone "lighthouse1"}
	{Matrix34
		-0.0000	-1.0000	0.0000
		1.0000	-0.0000	0.0000
		0.0000	0.0000	1.0000
		32.6994	17.7011	44.4567
	}
}
{Volume "body4"
	{Box 7.28346 109.824 88.9133}
	{Bone "lighthouse1"}
	{Matrix34
		-0.0000	-1.0000	0.0000
		1.0000	-0.0000	0.0000
		0.0000	0.0000	1.0000
		-0.0874	-96.0967	44.4567
	}
}
{Volume "body3"
	{Box 7.28346 118.308 88.9133}
	{Bone "lighthouse1"}
	{Position 52.5795	-39.2014	44.4567}
}
{Volume "body2"
	{Box 7.28346 118.308 88.9133}
	{Bone "lighthouse1"}
	{Position -52.9505	-39.2014	44.4567}
}
{Volume "window5"
	{Box 11.7328 0.590551 18.8488}
	{Bone "window5"}
	{Position 0.0000	0.0000	-0.0000}
}
{Volume "window4"
	{Box 11.6326 0.590551 18.8488}
	{Bone "window4"}
	{Position 1.3771	0.0000	0.0000}
}
{Volume "window3"
	{Box 11.4947 0.590551 18.8488}
	{Bone "window3"}
	{Position 1.3082	0.0000	-0.0000}
}
{Volume "window2"
	{Box 12.9219 0.590551 18.8488}
	{Bone "window2"}
	{Position 0.5946	0.0000	-0.0000}
}
{Volume "window1"
	{Box 11.7328 0.590551 18.8488}
	{Bone "window1"}
	{Position 0.0000	0.0000	0.0000}
}
{Volume "body1"
	{Box 7.28346 81.2946 67.3586}
	{Bone "lighthouse1"}
	{Position -40.3247	55.9280	33.6793}
}
