;Exported by: ubrashaev
;Date:        Mon May 10 11:07:22 2004
;File:        D:\-Projects-\-work-\3d\model\-Train\passengervan\car_xx.max
{Skeleton
	{bone "Basis"
		{Orientation
			1.0000	0.0000	0.0000
			0.0000	-1.0000	0.0000
			0.0000	0.0000	1.0000
		}
		{bone "body"
			{Position -0.6299	-0.5725	51.8739}
			{VolumeView "body.ply"}
		}
		{bone "part2"
			{Matrix34
				0.9919	0.0000	-0.1267
				0.0000	1.0000	0.0000
				0.1267	0.0000	0.9919
				48.8833	1.5026	53.3855
			}
			{VolumeView "part2.ply"}
		}
		{bone "part3"
			{Matrix34
				1.0000	0.0000	0.0000
				0.0000	0.8836	0.4682
				0.0000	-0.4682	0.8836
				-27.1041	-43.2260	46.8837
			}
			{VolumeView "part3.ply"}
		}
		{bone "part5"
			{Matrix34
				0.0000	0.0000	1.0000
				0.0000	1.0000	0.0000
				-1.0000	0.0000	0.0000
				143.7369	0.4819	23.1749
			}
			{VolumeView "part5.ply"}
		}
		{bone "part_big2"
			{Matrix34
				0.9999	0.0000	-0.0170
				-0.0016	0.9956	-0.0937
				0.0170	0.0937	0.9955
				-118.9115	-16.6747	85.4883
			}
			{VolumeView "part_big2.ply"}
		}
		{bone "part_big4"
			{Matrix34
				0.9504	0.0000	0.3110
				0.0000	1.0000	0.0000
				-0.3110	0.0000	0.9504
				121.4743	-0.1671	25.4850
			}
			{VolumeView "part_big4.ply"}
		}
		{bone "part_big5"
			{Matrix34
				0.0000	0.0000	1.0000
				0.0000	1.0000	0.0000
				-1.0000	0.0000	0.0000
				-78.3340	-25.2315	51.1571
			}
			{VolumeView "part_big5.ply"}
		}
		{bone "FX_dust2"
			{Matrix34
				0.0000	0.0000	1.0000
				-0.0673	0.9977	-0.0000
				-0.9977	-0.0673	0.0000
				-130.9289	-20.0474	60.4191
			}
		}
		{bone "FX_exp3"
			{Matrix34
				0.0000	0.0000	1.0000
				-0.0673	0.9977	-0.0000
				-0.9977	-0.0673	0.0000
				-6.3001	15.7674	39.2238
			}
		}
		{bone "FX_fire1a"
			{Matrix34
				0.0000	0.0000	1.0000
				-0.0673	0.9977	-0.0000
				-0.9977	-0.0673	0.0000
				-84.3445	-6.1106	22.1746
			}
		}
		{bone "FX_fire2"
			{Matrix34
				0.0000	0.0000	1.0000
				-0.0673	0.9977	-0.0000
				-0.9977	-0.0673	0.0000
				-39.7079	16.6268	37.6681
			}
		}
		{bone "FX_smoke1"
			{Matrix34
				0.0000	0.0000	1.0000
				-0.0673	0.9977	-0.0000
				-0.9977	-0.0673	0.0000
				99.6805	4.2237	24.9297
			}
		}
		{bone "FX_smoke2"
			{Matrix34
				0.0000	0.0000	1.0000
				-0.0673	0.9977	-0.0000
				-0.9977	-0.0673	0.0000
				118.5638	-8.9155	29.3093
			}
		}
		{bone "part_big1"
			{Matrix34
				0.0000	0.0000	1.0000
				0.0000	1.0000	0.0000
				-1.0000	0.0000	0.0000
				-128.7999	0.2618	51.1572
			}
			{VolumeView "part_big1.ply"}
		}
		{bone revolute "part_big6"
			{Matrix34
				0.9998	0.0001	-0.0175
				-0.0175	-0.0000	-0.9998
				-0.0001	1.0000	0.0000
				-84.0511	19.2482	10.2685
			}
			{VolumeView "part_big6.ply"}
		}
		{bone "part_big3"
			{Matrix34
				0.9785	-0.2064	0.0000
				0.2064	0.9785	0.0000
				0.0000	0.0000	1.0000
				-103.1355	6.0131	39.4482
			}
			{VolumeView "part_big3.ply"}
		}
		{bone revolute "part1"
			{parameters "ID=wheelleft1;"}
			{Matrix34
				0.9998	0.0001	-0.0175
				-0.0175	-0.0000	-0.9998
				-0.0001	1.0000	-0.0000
				83.4765	19.2482	10.2685
			}
			{VolumeView "part1.ply"}
		}
	}
}
{Volume "part1"
	{Cylinder 9.5318 3.6991}
	{Bone "part1"}
	{Matrix34
		-0.9998	0.0175	0.0000
		0.0175	0.9998	-0.0000
		-0.0000	-0.0000	-1.0000
		-0.3616	0.0192	0.8517
	}
}
{Volume "part_big3"
	{Box 88.7227 56.0135 6.97342}
	{Bone "part_big3"}
	{Matrix34
		0.9785	0.2064	0.0000
		-0.2064	0.9785	0.0000
		0.0000	0.0000	1.0000
		2.3574	-4.9120	-15.2420
	}
}
{Volume "part_big6"
	{Cylinder 9.5318 3.6991}
	{Bone "part_big6"}
	{Matrix34
		-0.9998	0.0175	-0.0000
		0.0175	0.9998	-0.0000
		0.0000	-0.0000	-1.0000
		-0.3616	0.0192	0.8517
	}
}
{Volume "part_big1"
	{Box 19.8981 38.4398 54.2409}
	{Bone "part_big1"}
	{Matrix34
		0.0000	0.0000	-1.0000
		0.0000	1.0000	0.0000
		1.0000	0.0000	0.0000
		-1.3260	-0.8501	-0.5076
	}
}
{Volume "part_big5"
	{Box 83.4956 11.5219 52.8647}
	{Bone "part_big5"}
	{Matrix34
		0.0000	-0.0000	-1.0000
		-0.0000	1.0000	0.0000
		1.0000	-0.0000	0.0000
		0.7774	-2.2530	0.4753
	}
}
{Volume "part_big4"
	{Box 2.85 36.7673 48.7645}
	{Bone "part_big4"}
	{Matrix34
		0.9999	0.0000	0.0116
		0.0000	1.0000	0.0000
		-0.0116	0.0000	0.9999
		15.9907	0.0000	24.3987
	}
}
{Volume "part_big2"
	{Box 50.2225 15.0967 6.65}
	{Bone "part_big2"}
	{Matrix34
		0.9114	-0.4109	-0.0231
		0.3013	0.6280	0.7175
		-0.2803	-0.6609	0.6961
		-4.6943	-5.9948	1.8284
	}
}
{Volume "part5"
	{Box 6.50177 47.0597 8.48782}
	{Bone "part5"}
	{Matrix34
		0.0000	0.0000	-1.0000
		0.0000	1.0000	0.0000
		1.0000	0.0000	0.0000
		-0.0000	-0.4656	2.5070
	}
}
{Volume "part3"
	{Box 21.1912 1.77865 46.179}
	{Bone "part3"}
	{Matrix34
		1.0000	0.0000	0.0000
		0.0000	0.9949	0.1012
		0.0000	-0.1012	0.9949
		-0.2217	-0.5192	-2.1899
	}
}
{Volume "part2"
	{Box 16.574 9.23457 9.43935}
	{Bone "part2"}
	{Matrix34
		0.9919	0.0000	0.1267
		0.0000	1.0000	0.0000
		-0.1267	0.0000	0.9919
		-0.3926	-0.6000	0.8172
	}
}
{Volume "body2"
	{Box 39.9227 3.14812 15}
	{Bone "body"}
	{Position 84.4830	19.2308	-38.7036}
}
{Volume "body1"
	{Box 140.024 2.91088 51.31}
	{Bone "body"}
	{Position 53.1907	-28.6544	-0.7167}
}
{Volume "body"
	{Box 191.172 56.0135 6.97342}
	{Bone "body"}
	{Position 47.3465	1.2928	-27.6677}
}
