;Exported by: garry
;Date:        Sat May 22 20:54:58 2004
;File:        D:\-Projects-\-3DWork-\Model\Животные\dog\anm.max
{Skeleton
	{animation
		{sequence "walk" {speed 0.6}}
		{sequence "run" {speed 0.6}}
		{sequence "death" {speed 0.6}}
		{sequence "passive1" {speed 0.8}}
	}
	{bone "Basis"
		{Orientation
			1.0000	0.0000	0.0000
			0.0000	-1.0000	0.0000
			0.0000	0.0000	1.0000
		}
		{bone "BoneBody"
			{Matrix34
				-0.9970	0.0523	-0.0565
				0.0564	-0.0030	-0.9984
				-0.0523	-0.9986	0.0000
				4.6336	-0.1974	12.0571
			}
			{bone "Bone10"
				{Matrix34
					-0.9974	-0.0627	-0.0344
					0.0628	-0.9980	-0.0000
					-0.0343	-0.0022	0.9994
					-1.4555	-0.5953	-0.0000
				}
				{bone "Bone11"
					{Matrix34
						0.9771	0.2126	-0.0000
						-0.2126	0.9771	-0.0000
						-0.0000	-0.0000	1.0000
						3.5921	0.0000	-0.0000
					}
					{bone "Bone12"
						{Matrix34
							0.9704	-0.2416	-0.0000
							0.2416	0.9704	-0.0000
							-0.0000	-0.0000	1.0000
							2.3090	0.0000	-0.0000
						}
						{bone "Bone13"
							{Position 3.4264	0.0000	-0.0000}
						}
					}
				}
			}
			{bone "leg2"
				{Matrix34
					-0.0496	0.9894	0.1368
					-0.9977	-0.0429	-0.0519
					-0.0455	-0.1390	0.9892
					-0.7022	3.6045	-2.2674
				}
				{bone "Bone22"
					{Matrix34
						1.0000	0.0042	-0.0000
						-0.0042	1.0000	-0.0000
						-0.0000	-0.0000	1.0000
						5.2243	-0.0000	-0.0000
					}
					{bone "Bone23"
						{Position 2.7411	-0.0000	-0.0000}
					}
				}
			}
			{bone "leg1"
				{Matrix34
					-0.1005	0.9923	-0.0728
					-0.9932	-0.1044	-0.0516
					-0.0588	0.0671	0.9960
					-0.3575	3.7477	1.5891
				}
				{bone "Bone08"
					{Matrix34
						1.0000	-0.0006	0.0000
						0.0006	1.0000	-0.0000
						0.0000	-0.0000	1.0000
						5.2016	-0.0000	0.0000
					}
					{bone "Bone09"
						{Position 2.6842	-0.0000	0.0000}
					}
				}
			}
			{bone "Bone19"
				{Matrix34
					1.0000	-0.0080	-0.0001
					0.0080	1.0000	0.0000
					0.0001	-0.0000	1.0000
					3.6333	-0.0000	-0.0000
				}
				{bone "Bone20"
					{Matrix34
						1.0000	0.0000	-0.0014
						-0.0002	0.9945	-0.1046
						0.0014	0.1046	0.9945
						7.4856	0.0000	-0.0000
					}
					{bone "Bone14"
						{Matrix34
							0.9935	-0.0867	0.0742
							0.0744	0.9850	0.1559
							-0.0866	-0.1494	0.9850
							2.0352	-0.7871	-0.0907
						}
						{bone "Bone15"
							{Matrix34
								0.0480	0.9988	-0.0000
								-0.9988	0.0480	-0.0000
								-0.0000	-0.0000	1.0000
								2.8658	-0.0000	0.0000
							}
							{bone "Bone16"
								{Matrix34
									0.9629	-0.2697	-0.0000
									0.2697	0.9629	-0.0000
									-0.0000	-0.0000	1.0000
									4.2100	0.0000	-0.0000
								}
								{bone "Bone17"
									{Matrix34
										1.0000	0.0000	-0.0000
										0.0000	1.0000	-0.0000
										-0.0000	-0.0000	1.0000
										2.7737	0.0000	-0.0000
									}
								}
							}
						}
					}
					{bone "Bone24"
						{Matrix34
							-0.4777	0.8477	0.2308
							-0.8719	-0.4250	-0.2434
							-0.1082	-0.3175	0.9421
							0.7632	1.3291	-2.5395
						}
						{bone "Bone25"
							{Matrix34
								0.5150	-0.8572	-0.0000
								0.8572	0.5150	-0.0000
								-0.0000	0.0000	1.0000
								2.7978	-0.0000	-0.0000
							}
							{bone "Bone26"
								{Matrix34
									0.9298	-0.3682	-0.0000
									0.3682	0.9298	-0.0000
									-0.0000	-0.0000	1.0000
									1.3588	0.0000	-0.0000
								}
								{bone "leg4"
									{Matrix34
										0.7590	0.6511	-0.0000
										-0.6511	0.7590	-0.0000
										-0.0000	-0.0000	1.0000
										4.9973	-0.0001	-0.0000
									}
									{bone "Bone28"
										{Matrix34
											-0.1819	0.9833	-0.0000
											-0.9833	-0.1819	0.0000
											-0.0000	-0.0000	1.0000
											3.9609	-0.0000	-0.0000
										}
										{bone "Bone29"
											{Position 1.5524	-0.0000	-0.0000}
										}
									}
								}
							}
						}
					}
					{bone "Bone01"
						{Matrix34
							-0.3717	0.9266	0.0571
							-0.9272	-0.3674	-0.0731
							-0.0468	-0.0801	0.9957
							1.4484	1.5783	2.3540
						}
						{bone "Bone02"
							{Matrix34
								0.3156	-0.9489	0.0000
								0.9489	0.3156	0.0000
								0.0000	-0.0000	1.0000
								3.1451	-0.0000	-0.0000
							}
							{bone "Bone03"
								{Matrix34
									0.9941	-0.1089	0.0000
									0.1089	0.9941	0.0000
									0.0000	0.0000	1.0000
									1.2660	0.0000	0.0000
								}
								{bone "leg3"
									{Matrix34
										0.7491	0.6625	0.0000
										-0.6625	0.7491	-0.0000
										0.0000	0.0000	1.0000
										4.7611	0.0000	0.0000
									}
									{bone "Bone05"
										{Matrix34
											-0.0968	0.9953	-0.0000
											-0.9953	-0.0968	-0.0000
											0.0000	-0.0000	1.0000
											3.9933	0.0000	0.0000
										}
										{bone "Bone06"
											{Position 1.3761	-0.0000	-0.0000}
										}
									}
								}
							}
						}
					}
				}
			}
			{bone "Visor"
				{Matrix34
					-0.9984	0.0565	0.0000
					-0.0010	-0.0174	-0.9998
					-0.0565	-0.9982	0.0175
					-11.0152	-1.1574	-0.0461
				}
			}
		}
		{bone "skin"
			{parameters "CommonMesh;NoSkin;"}
			{Matrix34
				0.9986	-0.0523	0.0000
				-0.0000	0.0000	1.0000
				0.0523	0.9986	-0.0000
				-1.1832	-9.7263	10.9145
			}
			{VolumeView "skin.ply"}
		}
	}
}
{Volume "Body"
	{Box 22.4304 7.76823 4.68949}
	{Bone "BoneBody"}
	{Matrix34
		0.9885	0.1511	-0.0000
		0.1511	-0.9885	0.0000
		0.0000	-0.0000	-1.0000
		2.9709	1.4499	-0.1573
	}
}
