;Exported by: ubrashaev
;Date:        Wed Sep 29 11:12:53 2004
;File:        D:\-Projects-\-work-\3d\construction\oldfarm\oldfarm_x.max
{Skeleton
	{animation
		{sequence "crush" {speed 0.3}}
	}
	{bone "oldfarm_corner5"
		{parameters "CommonMesh;"}
		{Orientation
			1.0000	0.0000	0.0000
			0.0000	-1.0000	0.0000
			0.0000	0.0000	1.0000
		}
		{VolumeView "oldfarm_corner5.ply"}
		{bone "piece1"
			{Position 85.9111	54.2576	25.0971}
			{VolumeView "piece1.ply"}
		}
		{bone "piece2"
			{Matrix34
				-1.0000	0.0000	0.0000
				-0.0000	-1.0000	0.0000
				0.0000	0.0000	1.0000
				74.0862	30.0598	22.7546
			}
			{VolumeView "piece2.ply"}
		}
		{bone "piece3"
			{Matrix34
				-1.0000	0.0000	0.0000
				-0.0000	-1.0000	0.0000
				0.0000	0.0000	1.0000
				46.9097	30.1023	43.8668
			}
			{VolumeView "piece3.ply"}
		}
		{bone "piece4"
			{Matrix34
				-1.0000	0.0000	0.0000
				-0.0000	-1.0000	0.0000
				0.0000	0.0000	1.0000
				32.8044	30.0598	16.4398
			}
			{VolumeView "piece4.ply"}
		}
		{bone "piece5"
			{Matrix34
				-0.0000	-1.0000	-0.0000
				1.0000	-0.0000	0.0000
				-0.0000	-0.0000	1.0000
				19.1494	0.4142	27.0501
			}
			{VolumeView "piece5.ply"}
		}
		{bone "piece6"
			{Matrix34
				-0.0000	-1.0000	-0.0000
				1.0000	-0.0000	0.0000
				-0.0000	-0.0000	1.0000
				18.5215	-30.5477	34.8525
			}
			{VolumeView "piece6.ply"}
		}
		{bone "piece7"
			{Matrix34
				-0.0000	-1.0000	-0.0000
				1.0000	-0.0000	0.0000
				-0.0000	-0.0000	1.0000
				18.3437	-44.5434	15.7399
			}
			{VolumeView "piece7.ply"}
		}
		{bone "piece8"
			{Position 3.7213	27.6804	30.6050}
			{VolumeView "piece8.ply"}
		}
		{bone "piece9"
			{Position -36.9275	27.6602	50.4713}
			{VolumeView "piece9.ply"}
		}
		{bone "piece10"
			{Matrix34
				1.0000	0.0000	0.0000
				0.0000	-0.0000	1.0000
				0.0000	-1.0000	-0.0000
				-61.9823	28.2568	16.7984
			}
			{VolumeView "piece10.ply"}
		}
		{bone "piece11"
			{Position -72.1532	30.1939	47.4078}
			{VolumeView "piece11.ply"}
		}
		{bone "piece12"
			{Matrix34
				-0.0000	-1.0000	-0.0000
				1.0000	-0.0000	0.0000
				-0.0000	-0.0000	1.0000
				18.7998	-7.1258	52.6862
			}
			{VolumeView "piece12.ply"}
		}
		{bone "exterior"
			{Position -26.1024	-46.5572	89.4456}
		}
	}
}
{Volume "piece12"
	{Box 7.42499 18.2017 11.2231}
	{Bone "piece12"}
	{Matrix34
		-0.0000	1.0000	0.0000
		-0.9659	-0.0000	0.2588
		0.2588	0.0000	0.9659
		1.3882	-0.0000	1.4873
	}
}
{Volume "piece11"
	{Box 28.657 6.32656 15.4124}
	{Bone "piece11"}
	{Matrix34
		0.8660	0.0000	-0.5000
		0.0000	1.0000	0.0000
		0.5000	0.0000	0.8660
		-2.3947	-0.0000	-2.5444
	}
}
{Volume "piece10"
	{Box 13.5127 9.75 17.2831}
	{Bone "piece10"}
	{Matrix34
		0.9848	-0.1736	-0.0000
		-0.0000	-0.0000	-1.0000
		0.1736	0.9848	-0.0000
		-0.0624	-0.3492	-0.0000
	}
}
{Volume "piece9"
	{Box 24.3097 7.885 17.2633}
	{Bone "piece9"}
	{Position 0.0000	-0.0000	-0.0000}
}
{Volume "piece8"
	{Box 17.4621 9.50536 22.25}
	{Bone "piece8"}
	{Matrix34
		0.8660	0.0000	0.5000
		-0.0000	1.0000	0.0000
		-0.5000	-0.0000	0.8660
		4.0551	0.5387	-1.9902
	}
}
{Volume "piece7"
	{Box 7.26001 27.1442 16.3996}
	{Bone "piece7"}
	{Matrix34
		-0.0000	1.0000	-0.0000
		-0.9848	-0.0000	-0.1736
		-0.1736	-0.0000	0.9848
		1.2648	0.2551	-0.6529
	}
}
{Volume "piece6"
	{Box 7.8375 23.8911 19.0011}
	{Bone "piece6"}
	{Matrix34
		-0.0000	1.0000	0.0000
		-0.9397	-0.0000	-0.3420
		-0.3420	-0.0000	0.9397
		-2.5284	0.2280	1.4770
	}
}
{Volume "piece5"
	{Box 7.5 21.1426 30.4505}
	{Bone "piece5"}
	{Matrix34
		-0.0000	1.0000	-0.0000
		-0.9063	-0.0000	-0.4226
		-0.4226	-0.0000	0.9063
		1.0570	-0.3999	-1.0246
	}
}
{Volume "piece4"
	{Box 14.7031 7.5 19.7926}
	{Bone "piece4"}
	{Matrix34
		0.9659	0.0000	0.2588
		-0.0000	1.0000	-0.0000
		-0.2588	-0.0000	0.9659
		-0.1271	-0.0000	1.2986
	}
}
{Volume "piece3"
	{Box 23.6155 7.284 19.6682}
	{Bone "piece3"}
	{Matrix34
		0.9397	-0.0000	-0.3420
		-0.0000	1.0000	0.0000
		0.3420	-0.0000	0.9397
		-2.6812	0.7407	-0.8195
	}
}
{Volume "piece2"
	{Box 13.5721 6.52 24.3}
	{Bone "piece2"}
	{Position 0.7540	0.3631	-0.7623}
}
{Volume "piece1"
	{Box 6.91904 25.5295 19.8375}
	{Bone "piece1"}
	{Matrix34
		1.0000	0.0000	0.0000
		0.0000	0.9962	-0.0872
		0.0000	0.0872	0.9962
		0.3788	-0.8117	5.2858
	}
}
