{mission
	{Camera
		{Position 1380.86 2865.24}
		{Distance 1409.43}
		{ViewAngle 0.174533}
		{YawAngle 0.251818}
	}
	{Environment "laws_night"}
	{User 1}
	{Registry
		{ShadowMaps "single"}
	}
	{GameProgress 0 0}
	{Entity "mg34_stan" 0x8034
		{Position 2409.01 1023.7 0}
		{Turn 82.875}
		{Extender "inventory"
			{box
				{clear}
				{item "ammo mgun" 400 {cell 5 0}}
			}
		}
		{Player 2}
		{MID 50}
	}
	{Entity "crate3" 0x811f
		{Position 3761.26 -2024.09 0}
		{Turn -84.29}
		{Extender "inventory"
			{box
				{clear}
				{item "can" filling "fuel" 20 {cell 0 0}}
				{item "bullet85 ap" 45 {cell 2 0}}
				{item "bullet85 fg" 45 {cell 2 1}}
				{item "ammo mgun" 2500 {cell 6 0}}
				{item "repair_kit" {cell 0 2}}
				{item "bandage" 50 {cell 6 1}}
				{item "ammo rifle" 50 {cell 2 2}}
				{item "ammo pistol" 350 {cell 3 2}}
				{item "grenade n73at" 8 {cell 5 2}}
				{item "bullet20 zenite" 25 {cell 2 3}}
			}
		}
		{Interaction {Flags "first_stage" "change_skeleton"}
		}
	}
	{Human "ger.elite_ss" 0x811e
		{Position 6464.16 -2343.93 107.584}
		{Turn -180}
		{Extender "inventory"
			{box
				{clear}
				{item "ammo pistol" 37 {cell 2 0}}
				{item "bandage" 2 {cell 4 0}}
				{item "grenade m24" {cell 6 0}}
				{item "sg44" {cell 2 1}}
				{item "grenade m24x5" {cell 6 1}}
			}
		}
		{Player 2}
		{MID 277}
		{NameId 100 51}
		{FsmState "lie"}
	}
	{Human "ger.elite_ss" 0x811d
		{Position 6428.35 -2321.81 112.165}
		{Turn -180}
		{Extender "inventory"
			{box
				{clear}
				{item "ammo pistol" 77 {cell 0 0}}
				{item "bandage" 3 {cell 4 0}}
				{item "grenade m24" {cell 6 0}}
				{item "sg44" {cell 2 1}}
				{item "grenade m24x5" {cell 6 1}}
			}
		}
		{Player 2}
		{MID 276}
		{NameId 11 126}
		{FsmState "lie"}
	}
	{Human "ger.elite_ss" 0x811c
		{Position 6449.32 -2289.54 110.071}
		{Turn -180}
		{Extender "inventory"
			{box
				{clear}
				{item "ammo pistol" 19 {cell 0 0}}
				{item "bandage" {cell 4 0}}
				{item "grenade m24" {cell 6 0}}
				{item "sg44" {cell 2 1}}
				{item "grenade m24x5" {cell 6 1}}
			}
		}
		{Player 2}
		{MID 275}
		{NameId 132 114}
		{FsmState "lie"}
	}
	{Human "ger.elite_ss" 0x811b
		{Position 3543.92 -2130.8 0}
		{Turn -102}
		{Extender "vitality"
			{Health
				{Max 300}
				{Current 300}
			}
		}
		{Extender "inventory"
			{box
				{clear}
				{item "ammo pistol" 9 {cell 0 0}}
				{item "bandage" 5 {cell 4 0}}
				{item "grenade rpg40" {cell 6 0}}
				{item "grenade m24" {cell 0 1}}
				{item "grenade m24x5" {cell 4 2}}
			}
		}
		{Player 2}
		{MID 274}
		{Weaponry
			{State
				{Mounted "sg44"}
				{Weapon
					{Ammo "ammo pistol" 32}
				}
			}
		}
		{NameId 100 52}
		{FsmState "stand"}
	}
	{Human "ger.elite_ss" 0x811a
		{Position 3552.29 -2118.95 0}
		{Turn -102}
		{Extender "vitality"
			{Health
				{Max 300}
				{Current 300}
			}
		}
		{Extender "inventory"
			{box
				{clear}
				{item "ammo pistol" 85 {cell 0 0}}
				{item "bandage" 2 {cell 4 0}}
				{item "grenade rpg40" {cell 6 0}}
				{item "grenade m24" {cell 0 1}}
				{item "grenade m24x5" {cell 4 1}}
			}
		}
		{Player 2}
		{MID 273}
		{Weaponry
			{State
				{Mounted "sg44"}
				{Weapon
					{Ammo "ammo pistol" 32}
				}
			}
		}
		{NameId 132 115}
		{FsmState "stand"}
	}
	{Human "ger.elite_ss" 0x8119
		{Position 3537.7 -2116.53 0}
		{Turn -102}
		{Extender "vitality"
			{Health
				{Max 300}
				{Current 300}
			}
		}
		{Extender "inventory"
			{box
				{clear}
				{item "ammo pistol" 15 {cell 0 0}}
				{item "bandage" 2 {cell 4 0}}
				{item "grenade rpg40" {cell 6 0}}
				{item "grenade m24" {cell 0 1}}
				{item "grenade m24x5" {cell 4 2}}
			}
		}
		{Player 2}
		{MID 272}
		{Weaponry
			{State
				{Mounted "sg44"}
				{Weapon
					{Ammo "ammo pistol" 32}
				}
			}
		}
		{NameId 123 101}
		{FsmState "stand"}
	}
	{Human "ger.elite_ss" 0x8118
		{Position 3553.72 -2104.63 0}
		{Turn -102}
		{Extender "vitality"
			{Health
				{Max 300}
				{Current 300}
			}
		}
		{Extender "inventory"
			{box
				{clear}
				{item "ammo pistol" 19 {cell 0 0}}
				{item "bandage" 2 {cell 4 0}}
				{item "grenade rpg40" {cell 6 0}}
				{item "grenade m24" {cell 0 1}}
				{item "grenade m24x5" {cell 4 2}}
			}
		}
		{Player 2}
		{MID 271}
		{Weaponry
			{State
				{Mounted "sg44"}
				{Weapon
					{Ammo "ammo pistol" 32}
				}
			}
		}
		{NameId 9 53}
		{FsmState "stand"}
	}
	{Human "ger.elite_ss" 0x8117
		{Position 3538.09 -2103.4 0}
		{Turn -102}
		{Extender "vitality"
			{Health
				{Max 300}
				{Current 300}
			}
		}
		{Extender "inventory"
			{box
				{clear}
				{item "ammo pistol" 56 {cell 0 0}}
				{item "bandage" 2 {cell 4 0}}
				{item "grenade rpg40" {cell 6 0}}
				{item "grenade m24" {cell 0 1}}
				{item "grenade m24x5" {cell 4 2}}
			}
		}
		{Player 2}
		{MID 270}
		{Weaponry
			{State
				{Mounted "sg44"}
				{Weapon
					{Ammo "ammo pistol" 32}
				}
			}
		}
		{NameId 126 137}
		{FsmState "stand"}
	}
	{Entity "air-bag" 0x8113
		{Position 1463.76 1529.96 -46}
		{Turn -122.471}
		{BoneSave
			{AnimationState
				{"drift" 18 1 1 0}
			}
			{BoneSave "basis body"
				{Orientation
					 -0.999468  -0.000777  -0.032591
					  0.000047  -0.999749   0.022393
					 -0.032601   0.022380   0.999218
				}
			}
		}
		{Player 1}
		{MID 269}
		{Chassis
			{FuelBag
				{Remain 6}
			}
		}
	}
	{Human "rus.infantry_smg" 0x8116
		{Position 1485.33 1555.67 -46.9249}
		{Orientation
			 -0.868020  -0.360075   0.342000
			  0.383175  -0.923733   0.000000
			  0.315959   0.131059   0.939700
		}
		{Extender "vitality"
			{Health
				{Max 300}
				{Current 300}
			}
		}
		{Extender "inventory"
			{box
				{clear}
				{item "ppsh" {cell 0 0}}
				{item "ammo pistol" 100 {cell 4 0}}
				{item "grenade f1" {cell 4 1}}
			}
		}
		{Player 1}
		{MID 268}
		{NameId 43 27}
		{FsmState "board"}
	}
	{Human "rus.tankman" 0x8115
		{Position 1473.07 1529.16 -47.8348}
		{Orientation
			 -0.316680  -0.884694   0.342000
			  0.941495  -0.336943   0.000000
			  0.115321   0.322033   0.939700
		}
		{Extender "vitality"
			{Health
				{Max 300}
				{Current 300}
			}
		}
		{Extender "inventory"
			{box
				{clear}
				{item "tt" filling "ammo pistol" 8 {cell 0 0}}
				{item "ammo pistol" 48 {cell 2 0}}
				{item "bandage" 5 {cell 4 0}}
				{item "can" filling "fuel" 10 {cell 0 1}}
				{item "grenade f1" {cell 6 0}}
				{item "grenade f1" {cell 7 0}}
			}
		}
		{Player 1}
		{MID 267}
		{NameId 11 23}
		{FsmState "board"}
	}
	{Human "rus.tankman" 0x8114
		{Position 1459.47 1539.32 -48.6158}
		{Orientation
			 -0.515355  -0.739063   0.433900
			  0.840455  -0.534836   0.087100
			  0.167666   0.409506   0.896700
		}
		{Extender "vitality"
			{Health
				{Max 300}
				{Current 300}
			}
		}
		{Extender "inventory"
			{box
				{clear}
				{item "tt" filling "ammo pistol" 8 {cell 0 0}}
				{item "ammo pistol" 48 {cell 2 0}}
				{item "bandage" 5 {cell 4 0}}
				{item "repair_kit" {cell 0 1}}
				{item "grenade f1" {cell 6 0}}
				{item "grenade f1" {cell 7 0}}
			}
		}
		{Player 1}
		{MID 266}
		{NameId 51 91}
		{FsmState "board"}
	}
	{Human "ger.tank_crew" 0x8112
		{Position 6774.2 -3241.92 98.0248}
		{Orientation
			 -0.513661   0.857222  -0.035357
			 -0.857144  -0.510955   0.064475
			  0.037206   0.063429   0.997293
		}
		{Extender "vitality"
			{Health
				{Max 300}
				{Current 300}
			}
		}
		{Extender "inventory"
			{box
				{clear}
				{item "mp40" {cell 0 0}}
				{item "ammo pistol" 70 {cell 4 0}}
				{item "grenade m24" {cell 6 0}}
				{item "grenade pwm1" {cell 4 1}}
				{item "bandage" 3 {cell 6 1}}
				{item "weapon panzerfaust" filling "ammo panzerfaust" {cell 0 2}}
			}
		}
		{Player 2}
		{MID 265}
		{NameId 123 102}
		{FsmState "board"}
	}
	{Human "ger.tank_crew" 0x8111
		{Position 6759.3 -3226.18 97.5789}
		{Orientation
			  0.943181  -0.331981  -0.014073
			  0.330189   0.941151  -0.072177
			  0.037206   0.063429   0.997293
		}
		{Extender "vitality"
			{Health
				{Max 300}
				{Current 300}
			}
		}
		{Extender "inventory"
			{box
				{clear}
				{item "mp40" {cell 0 0}}
				{item "ammo pistol" 44 {cell 4 0}}
				{item "grenade m24" {cell 6 0}}
				{item "grenade pwm1" {cell 4 1}}
				{item "weapon panzerfaust" filling "ammo panzerfaust" {cell 0 2}}
			}
		}
		{Player 2}
		{MID 264}
		{NameId 9 54}
		{FsmState "board"}
	}
	{Human "ger.tank_crew" 0x80f9
		{Position 6784.69 -3216.59 73.4222}
		{Orientation
			  0.632847   0.770862  -0.072637
			  0.773383  -0.633836   0.011460
			  0.037206   0.063429   0.997293
		}
		{Extender "vitality"
			{Health
				{Max 300}
				{Current 300}
			}
		}
		{Extender "inventory"
			{box
				{clear}
				{item "mp40" {cell 0 0}}
				{item "ammo pistol" 79 {cell 4 0}}
				{item "grenade m24" {cell 6 0}}
				{item "weapon panzerfaust" filling "ammo panzerfaust" {cell 0 2}}
			}
		}
		{Player 2}
		{MID 263}
		{NameId 126 138}
		{FsmState "board"}
	}
	{Human "ger.tank_crew" 0x80f8
		{Position 6787.14 -3237.27 102.393}
		{Orientation
			 -0.829883  -0.467514   0.304555
			  0.520948  -0.844695   0.123029
			  0.199718   0.260765   0.944486
		}
		{Extender "vitality"
			{Health
				{Max 300}
				{Current 300}
			}
		}
		{Extender "inventory"
			{box
				{clear}
				{item "mp40" {cell 0 0}}
				{item "ammo pistol" 69 {cell 4 0}}
				{item "grenade m24" {cell 6 0}}
				{item "weapon panzerfaust" filling "ammo panzerfaust" {cell 0 2}}
			}
		}
		{Player 2}
		{MID 262}
		{NameId 1 133}
		{FsmState "board"}
	}
	{Entity "hummel" 0x80f4
		{Position 6784.69 -3216.59 73.4222}
		{Turn 50.6154}
		{Extender "inventory"
			{box
				{clear}
				{item "bullet150 ap" 50 {cell 0 1}}
				{item "bullet150 fg" 27 {cell 0 3}}
			}
		}
		{Player 2}
		{MID 261}
		{Weaponry
			{State "gun"
				{Weapon
					{Ammo "bullet150 ap" 1}
				}
			}
		}
		{Chassis
			{FuelBag
				{Remain 30}
			}
		}
	}
	{Human "ger.tank_crew" 0x80f3
		{Position 2009.06 -3240.11 99.0997}
		{Orientation
			  0.624976   0.778643   0.055863
			  0.763314  -0.624529   0.165272
			 -0.163576   0.060649   0.984665
		}
		{Extender "vitality"
			{Health
				{Max 300}
				{Current 300}
			}
		}
		{Extender "inventory"
			{box
				{clear}
				{item "mp40" {cell 0 0}}
				{item "ammo pistol" 24 {cell 4 0}}
				{item "grenade m24" {cell 6 0}}
				{item "grenade pwm1" {cell 4 1}}
				{item "weapon panzerfaust" filling "ammo panzerfaust" {cell 0 2}}
			}
		}
		{Player 2}
		{MID 260}
		{NameId 39 117}
		{FsmState "board"}
	}
	{Human "ger.tank_crew" 0x80f2
		{Position 2009.06 -3240.11 99.0997}
		{Orientation
			  0.624976   0.778643   0.055863
			  0.763314  -0.624529   0.165272
			 -0.163576   0.060649   0.984665
		}
		{Extender "vitality"
			{Health
				{Max 300}
				{Current 300}
			}
		}
		{Extender "inventory"
			{box
				{clear}
				{item "mp40" {cell 0 0}}
				{item "ammo pistol" 36 {cell 4 0}}
				{item "bandage" 5 {cell 6 1}}
				{item "weapon panzerfaust" filling "ammo panzerfaust" {cell 0 2}}
			}
		}
		{Player 2}
		{MID 259}
		{NameId 25 112}
		{FsmState "board"}
	}
	{Human "ger.tank_crew" 0x80f1
		{Position 2009.06 -3240.11 99.0997}
		{Orientation
			  0.624976   0.778643   0.055863
			  0.763314  -0.624529   0.165272
			 -0.163576   0.060649   0.984665
		}
		{Extender "vitality"
			{Health
				{Max 300}
				{Current 300}
			}
		}
		{Extender "inventory"
			{box
				{clear}
				{item "mp40" {cell 0 0}}
				{item "ammo pistol" 70 {cell 4 0}}
				{item "grenade m24" {cell 6 0}}
			}
		}
		{Player 2}
		{MID 258}
		{NameId 62 116}
		{FsmState "board"}
	}
	{Human "ger.tank_crew" 0x80f0
		{Position 2009.06 -3240.11 99.0997}
		{Orientation
			  0.624976   0.778643   0.055863
			  0.763314  -0.624529   0.165272
			 -0.163576   0.060649   0.984665
		}
		{Extender "vitality"
			{Health
				{Max 300}
				{Current 300}
			}
		}
		{Extender "inventory"
			{box
				{clear}
				{item "mp40" {cell 0 0}}
				{item "ammo pistol" 79 {cell 4 0}}
				{item "grenade m24" {cell 6 0}}
				{item "grenade pwm1" {cell 4 1}}
			}
		}
		{Player 2}
		{MID 257}
		{NameId 66 129}
		{FsmState "board"}
	}
	{Human "ger.tank_crew" 0x80ec
		{Position 5588.82 -3688.83 0}
		{Orientation
			  0.524097   0.851658   0.000000
			  0.851658  -0.524097   0.000000
			  0.000000   0.000000   1.000000
		}
		{Extender "vitality"
			{Health
				{Max 300}
				{Current 300}
			}
		}
		{Extender "inventory"
			{box
				{clear}
				{item "mp40" {cell 0 0}}
				{item "ammo pistol" 20 {cell 4 0}}
				{item "weapon panzerfaust" filling "ammo panzerfaust" {cell 0 2}}
			}
		}
		{Player 2}
		{MID 234}
		{NameId 140 20}
		{FsmState "board"}
	}
	{Human "ger.tank_crew" 0x80eb
		{Position 5588.82 -3688.83 0}
		{Orientation
			  0.524097   0.851658   0.000000
			  0.851658  -0.524097   0.000000
			  0.000000   0.000000   1.000000
		}
		{Extender "vitality"
			{Health
				{Max 300}
				{Current 300}
			}
		}
		{Extender "inventory"
			{box
				{clear}
				{item "mp40" {cell 0 0}}
				{item "ammo pistol" 36 {cell 4 0}}
				{item "grenade pwm1" {cell 4 1}}
				{item "bandage" 3 {cell 6 1}}
			}
		}
		{Player 2}
		{MID 233}
		{NameId 60 99}
		{FsmState "board"}
	}
	{Human "ger.tank_crew" 0x80ac
		{Position 5588.82 -3688.83 0}
		{Orientation
			  0.524097   0.851658   0.000000
			  0.851658  -0.524097   0.000000
			  0.000000   0.000000   1.000000
		}
		{Extender "vitality"
			{Health
				{Max 300}
				{Current 300}
			}
		}
		{Extender "inventory"
			{box
				{clear}
				{item "mp40" {cell 0 0}}
				{item "ammo pistol" 71 {cell 4 0}}
				{item "grenade m24" {cell 6 0}}
				{item "grenade pwm1" {cell 4 1}}
				{item "bandage" 3 {cell 6 1}}
			}
		}
		{Player 2}
		{MID 232}
		{NameId 122 37}
		{FsmState "board"}
	}
	{Human "ger.tank_crew" 0x80aa
		{Position 5588.82 -3688.83 0}
		{Orientation
			  0.524097   0.851658   0.000000
			  0.851658  -0.524097   0.000000
			  0.000000   0.000000   1.000000
		}
		{Extender "vitality"
			{Health
				{Max 300}
				{Current 300}
			}
		}
		{Extender "inventory"
			{box
				{clear}
				{item "mp40" {cell 0 0}}
				{item "ammo pistol" 26 {cell 4 0}}
				{item "grenade pwm1" {cell 4 1}}
				{item "bandage" 3 {cell 6 1}}
			}
		}
		{Player 2}
		{MID 231}
		{NameId 21 98}
		{FsmState "board"}
	}
	{Entity "pz-5" 0x80a9
		{Position 2009.06 -3240.11 99.0997}
		{Turn 51.2478}
		{TexMod "ambush"}
		{Interaction
			{Calls
				{"start_check_sinking" 1764 -0.76
				}
			}
		}
		{Player 2}
		{MID 227}
		{Chassis
			{FuelBag
				{Remain 25}
			}
		}
	}
	{Entity "pz-6b" 0x800d
		{Position 5588.82 -3688.83 0}
		{Turn 58.3925}
		{TexMod "ambush3"}
		{Placer
			{State "seat5" {Broken}}
			{State "seat6" {Broken}}
		}
		{Interaction
			{Calls
				{"start_check_sinking" 1764 -0.76
				}
			}
		}
		{Player 2}
		{MID 226}
		{Chassis
			{FuelBag
				{Remain 30}
			}
		}
	}
	{Human "ger.elite_ss" 0x8110
		{Position 6347.93 1779.91 0}
		{Turn -180}
		{Extender "inventory"
			{box
				{clear}
				{item "ammo pistol" 11 {cell 2 0}}
				{item "bandage" 2 {cell 4 0}}
				{item "grenade m24" {cell 6 0}}
				{item "sg44" {cell 2 1}}
				{item "grenade m24x5" {cell 6 1}}
			}
		}
		{Player 2}
		{MID 256}
		{NameId 11 127}
		{FsmState "stand"}
	}
	{Human "ger.elite_ss" 0x810f
		{Position 6353.67 1636.31 0}
		{Turn -180}
		{Extender "inventory"
			{box
				{clear}
				{item "sg44" filling "ammo pistol" 30 {cell 0 0}}
				{item "ammo pistol" 67 {cell 4 0}}
				{item "grenade m24x5" {cell 6 0}}
				{item "grenade pwm1" {cell 4 1}}
			}
		}
		{Player 2}
		{MID 255}
		{NameId 43 11}
		{FsmState "stand"}
	}
	{Human "ger.elite_ss" 0x8041
		{Position 6352.04 1494.38 0}
		{Turn -180}
		{Extender "inventory"
			{box
				{clear}
				{item "ammo pistol" 77 {cell 2 0}}
				{item "bandage" 2 {cell 4 0}}
				{item "grenade m24" {cell 6 0}}
				{item "sg44" {cell 2 1}}
				{item "grenade m24x5" {cell 6 1}}
			}
		}
		{Player 2}
		{MID 254}
		{NameId 57 120}
		{FsmState "stand"}
	}
	{Human "ger.tank_crew" 0x810e
		{Position 416.144 -164.599 271.414}
		{Orientation
			 -0.250011   0.961755   0.112238
			 -0.864099  -0.169310  -0.473990
			 -0.436859  -0.215487   0.873381
		}
		{Player 2}
		{MID 253}
		{NameId 58 42}
		{FsmState "board"}
	}
	{Entity "fw-190g8" 0x810d
		{Position 418.246 -164.094 267.707}
		{Orientation
			 -0.179415   0.983475  -0.024219
			 -0.864099  -0.169310  -0.473990
			 -0.470258  -0.064113   0.880197
		}
		{BoneSave
			{AnimationState
				{"engine_work" 16 1 1 0}
			}
			{BoneSave "basis body body_back rudder"
				{Value 0.493975}
			}
			{BoneSave "basis body body_back elevator2"
				{Value -0.208572}
			}
			{BoneSave "basis body body_back elevator1"
				{Value -0.208572}
			}
			{BoneSave "basis body engine propeller_work"
				{Orientation
					  0.000000   0.123330   0.992366
					 -0.000000  -0.992366   0.123330
					  1.000000  -0.000000  -0.000000
				}
				{State 0xc}
			}
			{BoneSave "basis body engine propeller"
				{Orientation
					  0.052966   0.998596   0.000505
					 -0.052919   0.002302   0.998596
					  0.997193  -0.052919   0.052966
				}
				{State 0x28}
				{View "propeller"
					{LastMeshAnm "engine_work"}
				}
			}
			{BoneSave "basis pivot_front wingl1 retract_wheell"
				{Orientation
					 -0.162405  -0.179553   0.970250
					  0.171832  -0.973426  -0.151379
					  0.971647   0.142135   0.188942
				}
			}
			{BoneSave "basis pivot_front wingl1 wingl2 aileron1"
				{Value 0.493975}
			}
			{BoneSave "basis pivot_front wingr1 retract_wheelr"
				{Orientation
					 -0.164145  -0.169637  -0.971741
					  0.170171  -0.975203   0.141496
					  0.971647   0.142136  -0.188942
				}
			}
			{BoneSave "basis pivot_front wingr1 wingr2 aileron2"
				{Value 0.493975}
			}
		}
		{Extender "inventory"
			{box
				{clear}
				{item "ammo mgun" 1000 {cell 0 0}}
			}
		}
		{Interaction {Flags "on_air" "engine_started"}
		}
		{Player 2}
		{MID 252}
		{Chassis
			{MovementSpeed 7.22222}
			{CurrentSpeed 10.5556}
			{CurrentGearDir 0}
			{CurrentTurnSpeed 0.0105556}
			{AirborneMode 1}
			{ZSpeed -0.24}
			{Ignition 99}
			{TargetAlt 260}
			{Slope 0.493975}
			{Turn -0.000345267}
		}
	}
	{Human "ger.infantry_rifle" 0x810c
		{Position 2428.25 544.896 14.6379}
		{Player 2}
		{MID 251}
		{NameId 104 56}
		{FsmState "stand"}
	}
	{Human "ger.infantry_rifle" 0x810b
		{Position 3371.78 335.925 -3.665}
		{Player 2}
		{MID 250}
		{NameId 138 0}
		{FsmState "stand"}
	}
	{Human "ger.infantry_rifle" 0x810a
		{Position 4841.15 730.475 0}
		{Player 2}
		{MID 249}
		{NameId 2 122}
		{FsmState "stand"}
	}
	{Human "ger.infantry_rifle" 0x8109
		{Position 5761.58 2305.41 -22.7601}
		{Player 2}
		{MID 248}
		{NameId 58 88}
		{FsmState "stand"}
	}
	{Entity "battle" 0x8106
		{Position 6784.69 -3216.59 74.4991}
		{Extender "speaker"
			{SoundName "battle.can05"}
		}
	}
	{Human "ger.elite_ss" 0x8105
		{Position 2127 -2531 81.77}
		{Orientation
			  0.826950   0.472975  -0.304054
			 -0.556177   0.767499  -0.318767
			  0.082592   0.432712   0.897741
		}
		{Extender "inventory"
			{box
				{clear}
				{item "ammo pistol" 22 {cell 2 0}}
				{item "bandage" 3 {cell 4 0}}
				{item "grenade m24" {cell 6 0}}
				{item "grenade m24x5" {cell 6 1}}
			}
		}
		{Player 2}
		{MID 247}
		{Weaponry
			{State
				{Mounted "sg44"}
				{Weapon
					{Ammo "ammo pistol" 32}
				}
			}
		}
		{NameId 46 133}
		{FsmState "lie"}
	}
	{Human "ger.bazoker" 0x8104
		{Position 4647 -2391 0}
		{Turn -123.373}
		{Player 2}
		{MID 246}
		{NameId 123 29}
		{FsmState "lie"}
	}
	{Human "ger.elite_ss" 0x8103
		{Position 3553.28 -2076.71 0}
		{Turn 84.0851}
		{Extender "inventory"
			{box
				{clear}
				{item "ammo pistol" 20 {cell 2 0}}
				{item "bandage" 3 {cell 4 0}}
				{item "grenade m24" {cell 0 1}}
			}
		}
		{Player 2}
		{MID 245}
		{Weaponry
			{State
				{Mounted "sg44"}
				{Weapon
					{Ammo "ammo pistol" 32}
				}
			}
		}
		{NameId 13 101}
		{Cover
			{sector 3553.28 -2076.71 {type "look_right"}
				{wall 0 0 3610.9 -2089.71 3542.37 -2082.61}
			}
		}
		{FsmState "stand"}
	}
	{Human "ger.infantry_smg" 0x8102
		{Position 3479.06 -2718.94 7.9881}
		{Turn -2.21462}
		{Extender "inventory"
			{box
				{clear}
				{item "ammo pistol" 45 {cell 0 0}}
				{item "grenade m24" {cell 2 0}}
				{item "bandage" {cell 0 1}}
				{item "grenade m24x5" {cell 0 2}}
			}
		}
		{Player 2}
		{MID 244}
		{Weaponry
			{State
				{Mounted "sg44"}
				{Weapon
					{Ammo "ammo pistol" 32}
				}
			}
		}
		{NameId 48 135}
		{FsmState "lie"}
	}
	{Human "ger.elite_ss" 0x8101
		{Position 2680 -2454 0}
		{Turn 165.534}
		{Extender "inventory"
			{box
				{clear}
				{item "weapon panzerfaust" filling "ammo panzerfaust" {cell 0 0}}
				{item "grenade molotov_coctail" {cell 5 1}}
				{item "grenade m24x5" {cell 2 2}}
				{item "ammo pistol" 60 {cell 0 3}}
			}
		}
		{Player 2}
		{MID 243}
		{Weaponry
			{State
				{Mounted "sg44"}
				{Weapon
					{Ammo "ammo pistol" 32}
				}
			}
		}
		{NameId 106 104}
		{FsmState "lie"}
	}
	{Human "ger.infantry_mgun" 0x8100
		{Position 1350 -1082 8.20001}
		{Orientation
			  0.942451  -0.096037  -0.320254
			  0.060151   0.990932  -0.120146
			  0.328889   0.093968   0.939682
		}
		{Extender "inventory"
			{box
				{clear}
				{item "ammo mgun" 98 {cell 4 0}}
				{item "grenade m24" {cell 5 1}}
				{item "bandage" 5 {cell 0 2}}
				{item "grenade m24x5" {cell 2 2}}
			}
		}
		{Player 2}
		{MID 242}
		{Weaponry
			{State
				{Mounted "mg42"}
				{Weapon
					{Ammo "ammo mgun" 32}
				}
			}
		}
		{NameId 62 7}
		{FsmState "lie"}
	}
	{Human "ger.farseer" 0x80ff
		{Position 1245 -1747 6.45}
		{Orientation
			  0.957065  -0.214582  -0.194888
			  0.237781   0.965689   0.104431
			  0.165792  -0.146288   0.975250
		}
		{Extender "inventory"
			{box
				{clear}
				{item "ammo rifle" 10 {cell 1 0}}
				{item "knife" {cell 5 0}}
			}
		}
		{Player 2}
		{MID 241}
		{Weaponry
			{State
				{Mounted "g41"}
				{Weapon
					{Ammo "ammo rifle" 4}
				}
			}
		}
		{NameId 13 96}
		{FsmState "lie"}
	}
	{Human "ger.elite_ss" 0x80fe
		{Position 1310.47 -1412.25 18.3711}
		{Orientation
			 -0.777776   0.487075   0.397269
			 -0.518320  -0.854552   0.032961
			  0.355541  -0.180276   0.917110
		}
		{Extender "inventory"
			{box
				{clear}
				{item "weapon panzerfaust" filling "ammo panzerfaust" {cell 0 0}}
				{item "grenade molotov_coctail" {cell 5 1}}
				{item "grenade m24x5" {cell 0 2}}
				{item "mp41" {cell 4 2}}
				{item "ammo pistol" 10 {cell 0 3}}
			}
		}
		{Player 2}
		{MID 240}
		{NameId 45 116}
		{FsmState "lie"}
	}
	{Human "ger.infantry_smg" 0x80fd
		{Position 5048.86 2631.83 -3.95197}
		{Turn -60.551}
		{Extender "inventory"
			{box
				{clear}
				{item "ammo pistol" 45 {cell 0 0}}
				{item "grenade m24" {cell 2 0}}
				{item "bandage" 5 {cell 0 1}}
			}
		}
		{Player 2}
		{MID 239}
		{Weaponry
			{State
				{Mounted "sg44"}
				{Weapon
					{Ammo "ammo pistol" 32}
				}
			}
		}
		{NameId 75 146}
		{FsmState "lie"}
	}
	{Human "ger.infantry_smg" 0x80fc
		{Position 4379.13 -1587.9 0}
		{Turn 152.118}
		{Extender "vitality"
			{Health
				{Max 250}
				{Current 250}
			}
		}
		{Extender "inventory"
			{box
				{clear}
				{item "ammo pistol" 56 {cell 0 0}}
				{item "bandage" 2 {cell 4 0}}
				{item "grenade rpg40" {cell 6 0}}
				{item "grenade m24" {cell 0 1}}
				{item "grenade m24x5" {cell 4 2}}
			}
		}
		{Player 2}
		{MID 238}
		{Weaponry
			{State
				{Mounted "sg44"}
				{Weapon
					{Ammo "ammo pistol" 32}
				}
			}
		}
		{NameId 23 66}
		{Cover
			{sector 4379.13 -1587.9 {type "look_right"}
				{wall 0 0 4412.74 -1539.34 4380.52 -1600.24}
			}
		}
		{FsmState "stand"}
	}
	{Human "ger.farseer" 0x80fb
		{Position 3309.55 -2270.63 0}
		{Turn -3.51147}
		{Extender "inventory"
			{box
				{clear}
				{item "ammo rifle" 10 {cell 3 0}}
				{item "ammo rifle" 10 {cell 4 0}}
				{item "bandage" 5 {cell 5 0}}
			}
		}
		{Player 2}
		{MID 237}
		{Weaponry
			{State
				{Mounted "mauzer"}
				{Weapon
					{Ammo "ammo rifle" 4}
				}
			}
		}
		{NameId 46 147}
		{Cover
			{sector 3309.55 -2270.63 {type "look_right"}
				{wall 0 0 3298.97 -2328.74 3303.19 -2259.97}
			}
		}
		{FsmState "stand"}
	}
	{Human "ger.elite_ss" 0x80fa
		{Position 1899.42 764.909 -14.5091}
		{Turn -90}
		{Extender "inventory"
			{box
				{clear}
				{item "ammo pistol" 15 {cell 2 0}}
				{item "bandage" 3 {cell 4 0}}
				{item "grenade m24" {cell 6 0}}
			}
		}
		{Player 2}
		{MID 236}
		{Weaponry
			{State
				{Mounted "sg44"}
				{Weapon
					{Ammo "ammo pistol" 32}
				}
			}
		}
		{NameId 108 147}
		{Cover
			{sector 1899.42 764.909 {type "look_left"}
				{wall 0 0 1890.42 771.909 2014.07 771.909}
			}
		}
		{FsmState "stand"}
	}
	{Human "ger.infantry_mgun" 0x800e
		{Position 1513.97 669.791 10.4219}
		{Turn 180}
		{Extender "inventory"
			{box
				{clear}
				{item "ammo mgun" 8 {cell 5 0}}
				{item "grenade m24" {cell 0 2}}
			}
		}
		{Player 2}
		{MID 235}
		{Weaponry
			{State
				{Mounted "mg42"}
				{Weapon
					{Ammo "ammo mgun" 75}
				}
			}
		}
		{NameId 26 67}
		{FsmState "lie"}
	}
	{Entity "crate3" 0x80f7
		{Position 2662.63 213.903 0}
		{Turn 102.095}
		{Extender "inventory"
			{box
				{clear}
				{item "mine antipersonnel" 4 {cell 0 0}}
				{item "mine antitank" 1 {cell 0 1}}
				{item "dynamite" 12 {cell 2 0}}
				{item "ammo pistol" 500 {cell 4 0}}
				{item "bandage" 50 {cell 6 0}}
				{item "grenade f1" 24 {cell 4 1}}
				{item "grenade rpg40" 12 {cell 6 1}}
				{item "grenade pwm1" 6 {cell 2 2}}
				{item "ammo rifle" 90 {cell 5 1}}
			}
		}
		{Interaction {Flags "first_stage" "change_skeleton"}
		}
	}
	{Entity "crate3" 0x80ab
		{Position 4799.97 284.83 0}
		{Turn -156.038}
		{Extender "inventory"
			{box
				{clear}
				{item "ammo nebel" {cell 0 0}}
				{item "bullet85 ap" 50 {cell 0 1}}
				{item "bullet85 ap" 50 {cell 4 1}}
				{item "bullet85 fg" 50 {cell 0 2}}
				{item "bullet85 fg" 50 {cell 4 2}}
				{item "bandage" 50 {cell 5 0}}
				{item "grenade f1" 24 {cell 7 0}}
				{item "grenade rpg40" 12 {cell 0 3}}
				{item "ammo mgun" 5000 {cell 2 3}}
				{item "ammo bazooka" 24 {cell 4 3}}
				{item "weapon bazooka" filling "ammo bazooka" {cell 0 4}}
				{item "grenade smoke" 24 {cell 6 3}}
				{item "grenade pwm1" 6 {cell 5 4}}
				{item "grenade n73at" 12 {cell 5 5}}
			}
		}
		{Interaction {Flags "first_stage" "change_skeleton"}
		}
	}
	{Entity "crate3" 0x8049
		{Position 2648.97 -342.273 -5.10303}
		{Turn -154.654}
		{Extender "inventory"
			{box
				{clear}
				{item "ammo nebel" 4 {cell 0 0}}
				{item "bullet85 ap" 50 {cell 0 1}}
				{item "bullet85 ap" 50 {cell 4 1}}
				{item "bullet85 fg" 50 {cell 0 2}}
				{item "bullet85 fg" 50 {cell 4 2}}
				{item "ammo mgun" 5000 {cell 5 0}}
				{item "bandage" 50 {cell 0 3}}
			}
		}
		{Interaction {Flags "first_stage" "change_skeleton"}
		}
	}
	{Entity "watch-tower_armed" 0x80f6
		{Position 2219.15 -981.025 -3.70115}
		{Turn 93.5763}
	}
	{Entity "watch-tower_armed" 0x80f5
		{Position 5756.41 1819.65 0}
		{Turn -176.186}
	}
	{Human "eng.infantry.smg" 0x80ef
		{Position 4520.56 1450.49 -21.7761}
		{Extender "vitality"
			{Health
				{Max 300}
				{Current 300}
			}
		}
		{Player 1}
		{MID 230}
		{NameId 39 70}
		{FsmState "lie"}
	}
	{Human "eng.smg_commando" 0x80ee
		{Position 4375.73 1522.96 -55.296}
		{Turn -68.9625}
		{Extender "vitality"
			{Health
				{Max 300}
				{Current 300}
			}
		}
		{Player 1}
		{MID 229}
		{NameId 60 7}
		{FsmState "lie"}
	}
	{Human "eng.tankman" 0x80ed
		{Position 4492.71 1588.62 -47.4207}
		{Turn -53.1301}
		{Extender "vitality"
			{Health
				{Max 300}
				{Current 300}
			}
		}
		{Player 1}
		{MID 228}
		{NameId 24 37}
		{FsmState "squat"}
	}
	{Entity "air-bag" 0x80ea
		{Position 4372.35 1706.03 -46}
		{Turn -52.125}
		{BoneSave
			{AnimationState
				{"drift" 13 1 1 0}
			}
			{BoneSave "basis body"
				{Orientation
					 -0.999747  -0.000536  -0.022487
					  0.000188  -0.999881   0.015454
					 -0.022493   0.015446   0.999628
				}
			}
		}
		{Extender "inventory"
			{box
				{clear}
				{item "can" filling "fuel" 20 {cell 0 0}}
				{item "ammo nebel" {cell 0 2}}
				{item "bandage" 10 {cell 2 0}}
			}
		}
		{Player 1}
		{MID 225}
		{Chassis
			{FuelBag
				{Remain 25}
			}
		}
	}
	{Human "usa.tankman" 0x80e9
		{Position 3610.99 1237.27 -45.6279}
		{Extender "vitality"
			{Health
				{Max 300}
				{Current 300}
			}
		}
		{Player 1}
		{MID 224}
		{NameId 61 12}
		{FsmState "lie"}
	}
	{Human "usa.infantry_mgun" 0x80e8
		{Position 3628.34 1171.83 -37.5624}
		{Extender "vitality"
			{Health
				{Max 300}
				{Current 300}
			}
		}
		{Player 1}
		{MID 223}
		{NameId 32 12}
		{FsmState "lie"}
	}
	{Human "usa.infantry_smg" 0x80e7
		{Position 3632.07 1270.95 -44.793}
		{Extender "vitality"
			{Health
				{Max 300}
				{Current 300}
			}
		}
		{Player 1}
		{MID 222}
		{NameId 34 76}
		{FsmState "lie"}
	}
	{Entity "air-bag" 0x80e6
		{Position 3555.61 1465.23 -46}
		{Turn -63.4349}
		{BoneSave
			{AnimationState
				{"drift" 13 1 1 0}
			}
			{BoneSave "basis body"
				{Orientation
					 -0.999747  -0.000536  -0.022487
					  0.000188  -0.999881   0.015454
					 -0.022493   0.015446   0.999628
				}
			}
		}
		{Extender "inventory"
			{box
				{clear}
				{item "can" filling "fuel" 20 {cell 0 0}}
				{item "ammo nebel" {cell 0 2}}
				{item "bandage" 10 {cell 2 0}}
			}
		}
		{Player 1}
		{MID 221}
		{Chassis
			{FuelBag
				{Remain 35}
			}
		}
	}
	{Human "ger.tank_crew" 0x80e5
		{Position -921.296 -2954.73 11.2323}
		{Orientation
			  0.999946   0.000045  -0.010388
			  0.000000  -0.999991  -0.004298
			  0.010388  -0.004298   0.999937
		}
		{Player 2}
		{MID 220}
		{NameId 73 102}
		{FsmState "board"}
	}
	{Human "ger.tank_crew" 0x80e4
		{Position -921.296 -2954.73 11.2323}
		{Orientation
			  0.999946   0.000045  -0.010388
			  0.000000  -0.999991  -0.004298
			  0.010388  -0.004298   0.999937
		}
		{Player 2}
		{MID 219}
		{NameId 128 108}
		{FsmState "board"}
	}
	{Human "ger.tank_crew" 0x80e3
		{Position -921.296 -2954.73 11.2323}
		{Orientation
			  0.999946   0.000045  -0.010388
			  0.000000  -0.999991  -0.004298
			  0.010388  -0.004298   0.999937
		}
		{Player 2}
		{MID 218}
		{NameId 66 11}
		{FsmState "board"}
	}
	{Human "ger.tank_crew" 0x80e2
		{Position -921.296 -2954.73 11.2323}
		{Orientation
			  0.999946   0.000045  -0.010388
			  0.000000  -0.999991  -0.004298
			  0.010388  -0.004298   0.999937
		}
		{Player 2}
		{MID 217}
		{NameId 83 49}
		{FsmState "board"}
	}
	{Human "ger.tank_crew" 0x80e1
		{Position -753.413 -2808.03 1.40589}
		{Orientation
			  0.999228  -0.002652  -0.039195
			 -0.001324  -0.999426   0.033862
			  0.039263   0.033784   0.998658
		}
		{Player 2}
		{MID 216}
		{NameId 116 32}
		{FsmState "board"}
	}
	{Human "ger.tank_crew" 0x80e0
		{Position -753.413 -2808.03 1.40589}
		{Orientation
			  0.999228  -0.002652  -0.039195
			 -0.001324  -0.999426   0.033862
			  0.039263   0.033784   0.998658
		}
		{Player 2}
		{MID 215}
		{NameId 25 66}
		{FsmState "board"}
	}
	{Human "ger.tank_crew" 0x80df
		{Position -753.413 -2808.03 1.40589}
		{Orientation
			  0.999228  -0.002652  -0.039195
			 -0.001324  -0.999426   0.033862
			  0.039263   0.033784   0.998658
		}
		{Player 2}
		{MID 214}
		{NameId 38 20}
		{FsmState "board"}
	}
	{Human "ger.tank_crew" 0x80de
		{Position -753.413 -2808.03 1.40589}
		{Orientation
			  0.999228  -0.002652  -0.039195
			 -0.001324  -0.999426   0.033862
			  0.039263   0.033784   0.998658
		}
		{Player 2}
		{MID 213}
		{NameId 141 127}
		{FsmState "board"}
	}
	{Human "ger.tank_crew" 0x80dd
		{Position -649.335 -2622.72 0}
		{Orientation
			  1.000000   0.000000   0.000000
			  0.000000  -1.000000   0.000000
			  0.000000   0.000000   1.000000
		}
		{Player 2}
		{MID 212}
		{NameId 112 133}
		{FsmState "board"}
	}
	{Human "ger.tank_crew" 0x80dc
		{Position -656.325 -2608.65 24.0629}
		{Orientation
			  0.999900   0.000000  -0.010300
			  0.000000   1.000000   0.000000
			  0.010300   0.000000   0.999900
		}
		{Extender "inventory"
			{box
				{clear}
				{item "ammo pistol" 40 {cell 0 0}}
				{item "grenade m24" {cell 2 0}}
				{item "mp40" {cell 0 1}}
				{item "grenade m24x5" {cell 6 0}}
			}
		}
		{Player 2}
		{MID 211}
		{NameId 50 8}
		{FsmState "board"}
	}
	{Human "ger.tank_crew" 0x80db
		{Position -649.335 -2622.72 0}
		{Orientation
			  1.000000   0.000000   0.000000
			  0.000000  -1.000000   0.000000
			  0.000000   0.000000   1.000000
		}
		{Player 2}
		{MID 210}
		{NameId 127 65}
		{FsmState "board"}
	}
	{Human "ger.tank_crew" 0x80da
		{Position -649.335 -2622.72 0}
		{Orientation
			  1.000000   0.000000   0.000000
			  0.000000  -1.000000   0.000000
			  0.000000   0.000000   1.000000
		}
		{Player 2}
		{MID 209}
		{NameId 97 107}
		{FsmState "board"}
	}
	{Human "ger.farseer" 0x80d9
		{Position 4381.25 -1504.27 0}
		{Turn 113.962}
		{Player 2}
		{MID 208}
		{NameId 28 126}
		{FsmState "lie"}
	}
	{Human "ger.farseer" 0x80d8
		{Position 3584.15 -2009.98 0}
		{Turn 76.7595}
		{Player 2}
		{MID 207}
		{NameId 61 103}
		{FsmState "lie"}
	}
	{Human "ger.farseer" 0x80d7
		{Position 3325.09 -1960.97 0}
		{Turn 76.7595}
		{Player 2}
		{MID 206}
		{NameId 113 69}
		{FsmState "lie"}
	}
	{Human "ger.farseer" 0x80d6
		{Position 3334.95 -1966.35 0}
		{Turn 170.538}
		{Player 2}
		{MID 205}
		{NameId 140 150}
		{FsmState "lie"}
	}
	{Human "ger.farseer" 0x80d5
		{Position 4445.57 -1281.96 0}
		{Turn 165.964}
		{Player 2}
		{MID 204}
		{NameId 57 112}
		{FsmState "lie"}
	}
	{Human "ger.elite_ss" 0x80d4
		{Position 3246.55 -3622.8 118.16}
		{Extender "inventory"
			{box
				{clear}
				{item "sg44" filling "ammo pistol" 30 {cell 0 0}}
				{item "ammo pistol" 57 {cell 4 0}}
				{item "dynamite" {cell 4 1}}
				{item "grenade m24" {cell 6 0}}
			}
		}
		{Player 2}
		{MID 203}
		{NameId 92 48}
		{FsmState "stand"}
	}
	{Human "ger.elite_ss" 0x80d3
		{Position -465.255 -2230.92 4.42337}
		{Extender "inventory"
			{box
				{clear}
				{item "ammo pistol" 53 {cell 0 0}}
				{item "bandage" 5 {cell 4 0}}
				{item "knife" {cell 6 0}}
				{item "grenade rpg40" {cell 0 1}}
				{item "grenade molotov_coctail" {cell 2 1}}
				{item "sg44" {cell 4 1}}
			}
		}
		{Player 2}
		{MID 202}
		{NameId 49 63}
		{FsmState "stand"}
	}
	{Human "ger.elite_ss" 0x80d2
		{Position 4394.72 579.872 0}
		{Extender "inventory"
			{box
				{clear}
				{item "ammo pistol" 14 {cell 0 0}}
				{item "bandage" 5 {cell 4 0}}
				{item "knife" {cell 6 0}}
				{item "grenade rpg40" {cell 0 1}}
				{item "grenade molotov_coctail" {cell 2 1}}
				{item "sg44" {cell 4 1}}
			}
		}
		{Player 2}
		{MID 201}
		{NameId 9 145}
		{FsmState "stand"}
	}
	{Human "ger.elite_ss" 0x80d1
		{Position 3138.91 -3621.93 122.53}
		{Extender "inventory"
			{box
				{clear}
				{item "ammo pistol" 21 {cell 0 0}}
				{item "bandage" 5 {cell 4 0}}
				{item "grenade rpg40" {cell 0 1}}
				{item "grenade molotov_coctail" {cell 2 1}}
				{item "sg44" {cell 4 1}}
			}
		}
		{Player 2}
		{MID 200}
		{NameId 24 145}
		{FsmState "stand"}
	}
	{Human "ger.farseer" 0x80d0
		{Position 3209.27 -3614.12 121.764}
		{Extender "inventory"
			{box
				{clear}
				{item "ammo rifle" 10 {cell 2 0}}
				{item "ammo rifle" 10 {cell 3 0}}
				{item "bandage" 4 {cell 4 0}}
				{item "plant" {cell 2 1}}
				{item "g41" {cell 4 2}}
			}
		}
		{Player 2}
		{MID 199}
		{NameId 26 78}
		{FsmState "stand"}
	}
	{Human "ger.farseer" 0x80cf
		{Position 3175.69 -3581.83 135.62}
		{Extender "inventory"
			{box
				{clear}
				{item "ammo rifle" 10 {cell 0 0}}
				{item "bandage" 5 {cell 4 0}}
				{item "plant" {cell 2 1}}
				{item "g41" {cell 4 2}}
			}
		}
		{Player 2}
		{MID 198}
		{NameId 77 150}
		{FsmState "stand"}
	}
	{Human "ger.farseer" 0x80ce
		{Position 3192.49 -3624.05 118.38}
		{Extender "inventory"
			{box
				{clear}
				{item "ammo rifle" 10 {cell 0 0}}
				{item "ammo rifle" 10 {cell 1 0}}
				{item "bandage" 2 {cell 4 0}}
				{item "g41" {cell 4 2}}
			}
		}
		{Player 2}
		{MID 197}
		{NameId 19 40}
		{FsmState "stand"}
	}
	{Human "ger.infantry_smg" 0x80cd
		{Position 4384.51 579.362 0}
		{Extender "inventory"
			{box
				{clear}
				{item "mp40" {cell 0 0}}
				{item "ammo pistol" 6 {cell 4 0}}
				{item "grenade m24" {cell 6 1}}
				{item "bandage" 2 {cell 0 2}}
			}
		}
		{Player 2}
		{MID 196}
		{NameId 112 56}
		{FsmState "stand"}
	}
	{Human "ger.infantry_smg" 0x80cc
		{Position 3180.5 -3644.37 111.224}
		{Extender "inventory"
			{box
				{clear}
				{item "mp40" {cell 0 0}}
				{item "ammo pistol" 90 {cell 4 0}}
				{item "grenade m24" {cell 6 1}}
				{item "bandage" 2 {cell 0 2}}
			}
		}
		{Player 2}
		{MID 195}
		{NameId 21 5}
		{FsmState "stand"}
	}
	{Human "ger.infantry_smg" 0x80cb
		{Position 3268.36 -3606.22 121.92}
		{Extender "inventory"
			{box
				{clear}
				{item "mp40" {cell 0 0}}
				{item "ammo pistol" 88 {cell 4 0}}
				{item "grenade m24" {cell 6 1}}
				{item "bandage" 2 {cell 0 2}}
			}
		}
		{Player 2}
		{MID 194}
		{NameId 0 14}
		{FsmState "stand"}
	}
	{Human "ger.infantry_smg" 0x80ca
		{Position -475.779 -2264.44 2.84415}
		{Extender "inventory"
			{box
				{clear}
				{item "mp40" {cell 0 0}}
				{item "ammo pistol" 64 {cell 4 0}}
				{item "grenade m24" {cell 6 1}}
				{item "bandage" 5 {cell 0 2}}
			}
		}
		{Player 2}
		{MID 193}
		{NameId 98 68}
		{FsmState "stand"}
	}
	{Human "ger.infantry_smg" 0x80c9
		{Position 3152.23 -3638.83 115.905}
		{Extender "inventory"
			{box
				{clear}
				{item "mp40" {cell 0 0}}
				{item "ammo pistol" 100 {cell 4 0}}
				{item "grenade m24" {cell 6 1}}
				{item "bandage" 5 {cell 0 2}}
			}
		}
		{Player 2}
		{MID 192}
		{NameId 122 97}
		{FsmState "stand"}
	}
	{Human "ger.infantry_rifle" 0x80c8
		{Position -505.247 -2217.58 1}
		{Extender "inventory"
			{box
				{clear}
				{item "ammo rifle" 4 {cell 0 0}}
				{item "mauzer" {cell 3 0}}
				{item "grenade m24" {cell 0 1}}
				{item "bandage" 2 {cell 2 2}}
			}
		}
		{Player 2}
		{MID 191}
		{NameId 6 18}
		{FsmState "stand"}
	}
	{Human "ger.infantry_rifle" 0x80c7
		{Position 3159.39 -3607.92 125.637}
		{Extender "inventory"
			{box
				{clear}
				{item "ammo rifle" 10 {cell 0 0}}
				{item "ammo rifle" 6 {cell 1 0}}
				{item "mauzer" {cell 3 0}}
				{item "grenade m24" {cell 0 1}}
				{item "bandage" 5 {cell 2 2}}
			}
		}
		{Player 2}
		{MID 190}
		{NameId 105 121}
		{FsmState "stand"}
	}
	{Human "ger.infantry_rifle" 0x80c6
		{Position 3165.58 -3623.51 119.596}
		{Extender "inventory"
			{box
				{clear}
				{item "ammo rifle" 10 {cell 0 0}}
				{item "mauzer" {cell 3 0}}
				{item "grenade m24" {cell 0 1}}
			}
		}
		{Player 2}
		{MID 189}
		{NameId 87 17}
		{FsmState "stand"}
	}
	{Human "ger.infantry_mgun" 0x80c5
		{Position 3254.98 -3638.84 113.846}
		{Extender "inventory"
			{box
				{clear}
				{item "bandage" 2 {cell 0 0}}
				{item "ammo mgun" 33 {cell 2 0}}
				{item "mg42" {cell 0 1}}
			}
		}
		{Player 2}
		{MID 188}
		{NameId 83 135}
		{FsmState "stand"}
	}
	{Human "ger.infantry_mgun" 0x80c4
		{Position -483.936 -2225.7 2}
		{Extender "inventory"
			{box
				{clear}
				{item "mg42" filling "ammo mgun" 50 {cell 0 0}}
				{item "ammo mgun" 32 {cell 0 2}}
			}
		}
		{Player 2}
		{MID 187}
		{NameId 50 9}
		{FsmState "stand"}
	}
	{Human "ger.bazoker" 0x80c3
		{Position -460.799 -2204.28 6.76022}
		{Extender "inventory"
			{box
				{clear}
				{item "weapon panzerfaust" filling "ammo panzerfaust" {cell 0 0}}
				{item "grenade molotov_coctail" {cell 5 1}}
				{item "grenade m24x5" {cell 2 2}}
				{item "mp41" {cell 4 2}}
				{item "ammo pistol" 60 {cell 0 3}}
			}
		}
		{Player 2}
		{MID 186}
		{NameId 46 112}
		{FsmState "stand"}
	}
	{Human "ger.bazoker" 0x80c2
		{Position 3324.37 -3622.15 115.785}
		{Extender "inventory"
			{box
				{clear}
				{item "weapon panzerfaust" filling "ammo panzerfaust" {cell 0 0}}
				{item "grenade molotov_coctail" {cell 5 1}}
				{item "grenade m24x5" {cell 2 2}}
				{item "mp41" {cell 4 2}}
				{item "ammo pistol" 12 {cell 0 3}}
			}
		}
		{Player 2}
		{MID 185}
		{NameId 24 53}
		{FsmState "stand"}
	}
	{Human "ger.bazoker" 0x80c1
		{Position -504.085 -2242.12 1}
		{Extender "inventory"
			{box
				{clear}
				{item "ammo bazooka" {cell 0 0}}
				{item "ammo pistol" 22 {cell 0 1}}
				{item "valter" {cell 2 1}}
