;Exported by: dinsen
;Date:        Wed Feb 02 18:37:26 2011
;File:        C:\Archivos de programa\Autodesk\3dsMax8\scenes\moscas.max
{Skeleton
	{animation
		{sequence "fly" {autostart}}
	}
	{bone "basis"
		{Orientation
			1.0000	0.0000	0.0000
			0.0000	-1.0000	0.0000
			0.0000	0.0000	1.0000
		}
		{bone "fly3"
			{Matrix34
				-0.4563	-0.8898	0.0000
				0.8898	-0.4563	0.0000
				0.0000	0.0000	1.0000
				3.0025	2.6017	3.3181
			}
			{VolumeView "fly3.ply"}
		}
		{bone "fly5"
			{Matrix34
				-0.9369	-0.3497	0.0000
				0.3497	-0.9369	0.0000
				0.0000	0.0000	1.0000
				2.9263	0.8665	1.9038
			}
			{VolumeView "fly5.ply"}
		}
		{bone "fly2"
			{Matrix34
				-0.9153	0.4028	0.0000
				-0.4028	-0.9153	0.0000
				0.0000	0.0000	1.0000
				-0.0242	-1.0417	4.6314
			}
			{VolumeView "fly2.ply"}
		}
		{bone "fly4"
			{Matrix34
				-0.4386	-0.8987	0.0000
				0.8987	-0.4386	0.0000
				0.0000	0.0000	1.0000
				-1.4178	1.2125	0.6942
			}
			{VolumeView "fly4.ply"}
		}
		{bone "fly1"
			{Matrix34
				0.3092	0.9510	0.0000
				-0.9510	0.3092	0.0000
				0.0000	0.0000	1.0000
				-3.2739	-2.4253	2.5527
			}
			{VolumeView "fly1.ply"}
		}
	}
}
