;Exported by: ubrashaev
;Date:        Sun Apr 18 12:58:54 2004
;File:        D:\-Projects-\-work-\3d\construction\city\archangel_x.max
{Skeleton
	{bone "archangel_x"
		{Orientation
			1.0000	0.0000	0.0000
			0.0000	-1.0000	0.0000
			0.0000	0.0000	1.0000
		}
		{bone "Piece1"
			{Matrix34
				0.9063	-0.0000	-0.4226
				-0.0000	-1.0000	-0.0000
				0.4226	-0.0000	0.9063
				3.7903	-3.6639	57.4202
			}
			{VolumeView "Piece1.ply"}
		}
		{bone "Piece3"
			{Matrix34
				0.7660	0.6428	0.0000
				0.0000	-0.0000	1.0000
				0.6428	-0.7660	-0.0000
				-7.6914	-8.3306	72.3759
			}
			{VolumeView "Piece3.ply"}
		}
		{bone "Piece4"
			{Matrix34
				0.7660	0.6428	0.0000
				0.0000	-0.0000	1.0000
				0.6428	-0.7660	-0.0000
				-7.1857	-7.9056	106.4445
			}
			{VolumeView "Piece4.ply"}
		}
		{bone "Piece5"
			{Position -4.6742	-6.7158	36.4813}
			{VolumeView "Piece5.ply"}
		}
		{bone "Piece6"
			{Position 11.0258	-6.7158	40.0452}
			{VolumeView "Piece6.ply"}
		}
		{bone "Piece7"
			{Position 11.9173	2.9894	28.1544}
			{VolumeView "Piece7.ply"}
		}
		{bone "Piece8"
			{Position -9.8174	9.9774	28.6559}
			{VolumeView "Piece8.ply"}
		}
		{bone "Piece9"
			{Position 3.8936	14.7638	30.7169}
			{VolumeView "Piece9.ply"}
		}
		{bone "Piece10"
			{Position -0.5110	0.8331	94.8498}
		}
		{bone "Piece11"
			{Position -7.4267	6.9138	104.6432}
		}
		{bone "Piece2"
			{Position -1.0236	3.1379	77.9918}
		}
		{bone "Piece0"
			{Position -0.9886	0.1469	109.8964}
		}
		{bone "fx_dust1"
			{Position 1.6432	-2.4362	33.8452}
		}
		{bone "fx_dust1a"
			{Position 1.6432	-2.4362	85.5480}
		}
		{bone "fx_stone1"
			{Position 1.6432	-2.4362	21.8990}
		}
	}
}
{Obstacle "Piece0"
	{Obb2
		{Center -0.460689 -0.045634}
		{Extent 2.34665 2.66374}
		{Axis 1 0}
	}
	{Rotate}
}
{Obstacle "Piece2"
	{Obb2
		{Center 0.342393 -3.32618}
		{Extent 3.18427 2.50392}
		{Axis 1 0}
	}
	{Rotate}
}
{Obstacle "Piece11"
	{Obb2
		{Center -7.5678 -6.90401}
		{Extent 5.97966 0.831516}
		{Axis 0.707388 0.706825}
	}
	{Rotate}
}
{Obstacle "Piece10"
	{Obb2
		{Center -0.46069 -0.0456357}
		{Extent 3.35571 5.7004}
		{Axis 1 0}
	}
	{Rotate}
}
{Obstacle "Piece9"
	{Obb2
		{Center 4.59591 -13.1573}
		{Extent 11.0728 1.72736}
		{Axis 1 0}
	}
	{Rotate}
}
{Obstacle "Piece8"
	{Obb2
		{Center -11.3684 -12.3203}
		{Extent 3.45473 3.00561}
		{Axis 1 0}
	}
	{Rotate}
}
{Obstacle "Piece7"
	{Obb2
		{Center 13.4478 -3.4948}
		{Extent 1.72736 9.48185}
		{Axis 1 0}
	}
	{Rotate}
}
{Obstacle "Piece6"
	{Obb2
		{Center 11.8106 9.66637}
		{Extent 5.07165 6.62549}
		{Axis 1 0}
	}
	{Rotate}
}
{Obstacle "Piece5"
	{Obb2
		{Center -5.32164 9.66637}
		{Extent 8.31751 6.62549}
		{Axis 1 0}
	}
	{Rotate}
}
{Obstacle "Piece4"
	{Obb2
		{Center -6.98549 8.14332}
		{Extent 0.832381 6.66784}
		{Axis 0.573975 0.818873}
	}
	{Rotate}
}
{Obstacle "Piece3"
	{Obb2
		{Center -7.8673 8.561}
		{Extent 0.830969 3.76971}
		{Axis 0.573975 0.818873}
	}
	{Rotate}
}
{Obstacle "Piece1"
	{Obb2
		{Center 1.47979 3.65033}
		{Extent 3.10996 2.10329}
		{Axis 1 0}
	}
	{Rotate}
}
{Volume "Piece0"
	{Box 4.6933 5.32748 8.33262}
	{Bone "Piece0"}
	{Position 0.5279	-0.1012	0.2649}
}
{Volume "Piece2"
	{Box 4.84912 5.00783 15.332}
	{Bone "Piece2"}
	{Matrix34
		0.9949	0.0000	0.1007
		-0.0000	1.0000	-0.0000
		-0.1007	0.0000	0.9949
		1.3660	0.1883	-1.0004
	}
}
{Volume "Piece11"
	{Box 11.9587 1.65827 13.2622}
	{Bone "Piece11"}
	{Matrix34
		0.7071	-0.7071	-0.0000
		0.7071	0.7071	-0.0000
		0.0000	0.0000	1.0000
		-0.1411	-0.0098	0.7148
	}
}
{Volume "Piece10"
	{Box 6.71142 11.4008 18.7837}
	{Bone "Piece10"}
	{Position 0.0503	-0.7874	0.0775}
}
{Volume "Piece9"
	{Box 22.1457 3.45472 15.2439}
	{Bone "Piece9"}
	{Position 0.7023	-1.6065	-0.2010}
}
{Volume "Piece8"
	{Box 6.90945 6.01122 15.2439}
	{Bone "Piece8"}
	{Position -1.5510	2.3429	0.6135}
}
{Volume "Piece7"
	{Box 17.0522 3.45472 12.5}
	{Bone "Piece7"}
	{Matrix34
		-0.0000	-0.9848	-0.1736
		1.0000	-0.0000	0.0000
		-0.0000	-0.1736	0.9848
		1.5304	0.5054	0.5814
	}
}
{Volume "Piece6"
	{Box 10.1433 13.251 12.8658}
	{Bone "Piece6"}
	{Position 0.7848	-2.9506	1.8550}
}
{Volume "Piece5"
	{Box 16.635 13.251 24.4451}
	{Bone "Piece5"}
	{Position -0.6474	-2.9506	0.6625}
}
{Volume "Piece4"
	{Box 11.9587 1.65827 16.3125}
	{Bone "Piece4"}
	{Matrix34
		0.9924	-0.0872	0.0868
		0.0872	-0.0000	-0.9962
		0.0868	0.9962	0.0076
		0.0005	0.4076	0.3108
	}
}
{Volume "Piece3"
	{Box 6.69685 1.65827 9.95061}
	{Bone "Piece3"}
	{Matrix34
		0.9924	-0.0872	0.0868
		0.0872	-0.0000	-0.9962
		0.0868	0.9962	0.0076
		-0.2829	4.4433	0.0634
	}
}
{Volume "Piece1"
	{Box 3.92779 4.20658 18.5517}
	{Bone "Piece1"}
	{Matrix34
		0.9521	-0.0000	0.3058
		-0.0000	-1.0000	-0.0000
		-0.3058	-0.0000	0.9521
		-2.5702	-0.0135	0.0448
	}
}
