{Skeleton
	{bone "Basis"
		{parameters "SteerMax=30;WheelRadius=0.5;"}
		{Orientation
			1.0000	0.0000	0.0000
			0.0000	-1.0000	0.0000
			0.0000	0.0000	1.0000
		}
		{bone "pivot_front"
			{Matrix34
				0.9998	0.0000	-0.0175
				-0.0000	1.0000	0.0000
				0.0175	-0.0000	0.9998
				37.9237	0.0000	7.8265
			}
			{bone revolute "steer_L"
				{Position -0.1840	12.5795	-0.5833}
				{bone revolute "wheel_L1"
					{parameters "ID=wheelleft1;"}
					{Matrix34
						-1.0000	0.0000	0.0000
						0.0000	-0.0000	1.0000
						0.0000	1.0000	0.0000
						-0.0000	0.7637	1.9685
					}
					{VolumeView "wheel_L1.ply"}
				}
			}
			{bone revolute "steer_R"
				{Position -0.1840	-12.4917	-0.5833}
				{bone revolute "wheel_R1"
					{parameters "ID=wheelright1;"}
					{Matrix34
						-1.0000	0.0000	0.0000
						0.0000	-0.0000	1.0000
						0.0000	1.0000	0.0000
						-0.0000	-4.4849	1.9685
					}
					{VolumeView "wheel_R1.ply"}
				}
			}
		}
		{bone "Body"
			{parameters "ID=body;"}
			{Matrix34
				1.0000	0.0000	-0.0035
				-0.0000	1.0000	0.0000
				0.0035	-0.0000	1.0000
				-4.0486	0.0000	16.4862
			}
			{VolumeView "Body.ply"}
			{bone "bodyback"
				{parameters "ID=bodyback;"}
				{Matrix34
					1.0000	0.0000	0.0000
					0.0000	1.0000	0.0000
					0.0000	0.0000	1.0000
					-39.0535	0.0000	18.1093
				}
				{VolumeView "bodyback.ply"}
			}
			{bone "Cabin"
				{parameters "ID=cabin;"}
				{Matrix34
					1.0000	-0.0003	0.0000
					0.0003	0.9999	-0.0154
					0.0000	0.0154	0.9999
					9.6258	-0.0000	13.9693
				}
				{VolumeView "Cabin.ply"}
			}
			{bone "engine"
				{parameters "ID=engine;"}
				{Matrix34
					1.0000	-0.0003	-0.0000
					0.0003	0.9999	-0.0154
					0.0000	0.0154	0.9999
					33.5422	-0.1459	4.9100
				}
				{VolumeView "engine.ply"}
			}
			{bone "part2"
				{parameters "ID=body;"}
				{VolumeView "part2.ply"}
			}
		}
		{bone "pivot_back"
			{parameters "ID=body;"}
			{Matrix34
				0.9998	0.0000	-0.0175
				0.0000	1.0000	0.0000
				0.0175	0.0000	0.9998
				-37.5997	0.0000	9.2075
			}
			{VolumeView "pivot_back.ply"}
			{bone revolute "wheel_L2"
				{parameters "ID=wheelleft2;"}
				{Matrix34
					-1.0000	0.0000	-0.0000
					-0.0000	0.0000	1.0000
					0.0000	1.0000	-0.0000
					8.0474	16.0241	1.6901
				}
				{VolumeView "wheel_L2.ply"}
			}
			{bone revolute "wheel_R2"
				{parameters "ID=wheelright2;"}
				{Matrix34
					-1.0000	0.0000	0.0000
					0.0000	0.0000	1.0000
					0.0000	1.0000	-0.0000
					8.0474	-16.4738	1.6901
				}
				{VolumeView "wheel_R2.ply"}
			}
			{bone revolute "wheel_R3"
				{parameters "ID=wheelright3;"}
				{Matrix34
					-1.0000	-0.0000	-0.0000
					-0.0000	0.0000	1.0000
					0.0000	-1.0000	-0.0000
					-12.1950	-15.1148	1.3447
				}
				{VolumeView "wheel_R3.ply"}
			}
			{bone revolute "wheel_L3"
				{parameters "ID=wheelleft3;"}
				{Matrix34
					-1.0000	0.0000	-0.0000
					-0.0000	0.0000	1.0000
					0.0000	1.0000	-0.0000
					-12.1724	14.4842	1.2107
				}
				{VolumeView "wheel_L3.ply"}
			}
		}
	}
}
{Volume "wheellright3"
	{Cylinder 6.44533 4.91601}
	{Bone "wheel_R3"}
	{Matrix34
		-0.9998	0.0175	0.0000
		0.0175	0.9998	-0.0000
		-0.0000	-0.0000	-1.0000
		-0.0678	-1.2206	1.2695
	}
}
{Volume "wheelright2"
	{Cylinder 5.70383 3.62657}
	{Bone "wheel_R2"}
	{Matrix34
		-0.9998	0.0175	0.0000
		0.0175	0.9998	-0.0000
		-0.0000	-0.0000	-1.0000
		-0.0074	-1.1839	2.2791
	}
}
{Volume "wheelleft2"
	{Cylinder 6.50236 4.52999}
	{Bone "wheel_L2"}
	{Matrix34
		-0.9998	0.0175	-0.0000
		0.0174	0.9942	0.1059
		0.0019	0.1059	-0.9944
		-0.9835	-1.3226	0.0410
	}
}
{Volume "body"
	{Box 113.085 16.5073 7.49933}
	{Bone "Body"}
	{Position -7.4846	-0.0749	-1.4522}
}
{Volume "part2"
	{Cylinder 7.07389 3.78775}
	{Bone "part2"}
	{Matrix34
		-0.0038	1.0000	-0.0000
		-0.0036	-0.0000	1.0000
		-1.0000	-0.0038	-0.0036
		-4.6428	-0.5618	9.5531
	}
}
{Volume "wheelright1"
	{Cylinder 5.28443 3.87454}
	{Bone "wheel_R1"}
	{Matrix34
		-0.9949	0.0306	-0.0963
		0.0174	0.9907	0.1351
		0.0996	0.1327	-0.9861
		0.2025	-0.3707	2.8650
	}
}
{Volume "wheelleft1"
	{Cylinder 5.23677 3.87454}
	{Bone "wheel_L1"}
	{Matrix34
		-0.9998	0.0175	-0.0000
		0.0170	0.9683	-0.2491
		-0.0044	-0.2491	-0.9685
		-0.4873	0.0278	0.9928
	}
}
{Volume "bodyback"
	{Polyhedron "bodyback.vol"}
	{Bone "bodyback"}
	{Matrix34
		0.9958	-0.0102	0.0913
		-0.0024	0.9906	0.1366
		-0.0918	-0.1362	0.9864
		11.7921	0.7506	-14.6344
	}
}
