;MDL File generated by SOEdit 0.41r
;Model created by: <A.G.(ирјр)>
;Date:        Mar 21 2006
{Skeleton
	{bone "Basis"
		{parameters "WheelRadius=0.3;"}
		{Orientation
			1.0000	0.0000	0.0000
			0.0000	-1.0000	0.0000
			0.0000	0.0000	1.0000
		}
		{bone "Pivot_back"
			{Position -27.0679	0.7153	12.5948}
			{bone "spring_L"
				{parameters "ID=trackleft;"}
				{Position 0.1990	11.9811	1.9186}
				{bone "WheelL"
					{parameters "ID=trackleft;"}
					{animation
						{sequence "break" {file "trackL_b.anm"}}
					}
					{Matrix34
						-1.0000	0.0000	-0.0000
						-0.0000	0.0060	1.0000
						0.0000	1.0000	-0.0060
						0.7476	5.1519	-5.3333
					}
					{VolumeView "WheelL.ply"}
					{bone "TrackL"
						{parameters "CommonMesh;ID=trackleft;"}
						{Matrix34
							1.0000	0.0000	0.0000
							-0.0000	-0.0289	0.9996
							-0.0000	0.9996	0.0289
							-0.2103	2.3456	-1.2735
						}
						{VolumeView "TrackL.ply"}
					}
				}
			}
			{bone "spring_R"
				{Position 0.1990	-12.0706	2.3384}
				{bone "WheelR"
					{parameters "ID=trackright;"}
					{animation
						{sequence "break" {file "trackR_b.anm"}}
					}
					{Matrix34
						-1.0000	-0.0000	0.0000
						0.0000	-0.0000	1.0000
						0.0000	-1.0000	-0.0000
						0.7476	-6.4260	-5.7532
					}
					{VolumeView "WheelR.ply"}
					{bone "TrackR"
						{parameters "CommonMesh;ID=trackright;"}
						{Matrix34
							1.0000	-0.0000	-0.0000
							-0.0000	-0.0349	-0.9994
							0.0000	0.9994	-0.0349
							-0.2103	2.3531	-1.4319
						}
						{VolumeView "TrackR.ply"}
					}
				}
			}
		}
		{bone "Body"
			{parameters "ID=body;"}
			{Position 3.9974	0.2593	12.7956}
			{VolumeView "Body.ply"}
			{bone "doorL"
				{parameters "ID=body;"}
				{Matrix34
					-1.0000	0.0000	-0.0000
					-0.0000	0.0000	1.0000
					0.0000	1.0000	0.0000
					12.0525	20.2393	13.4322
				}
				{VolumeView "doorL.ply"}
			}
			{bone "doorR"
				{parameters "ID=body;"}
				{Matrix34
					-1.0000	-0.0000	0.0000
					0.0000	0.0000	1.0000
					0.0000	-1.0000	0.0000
					12.0525	-20.3802	13.4322
				}
				{VolumeView "doorR.ply"}
			}
			{bone revolute "WheelL2"
				{parameters "ID=wheelleft2;"}
				{Matrix34
					-1.0000	-0.0000	0.0000
					0.0000	0.0000	1.0000
					-0.0000	1.0000	-0.0000
					-8.5510	-0.2704	1.9993
				}
				{VolumeView "WheelL2.ply"}
			}
			{bone revolute "WheelR2"
				{parameters "ID=wheelright2;"}
				{Matrix34
					-1.0000	-0.0000	0.0000
					0.0000	0.0000	1.0000
					-0.0000	1.0000	0.0000
					-50.9266	-0.2603	1.9993
				}
				{VolumeView "WheelR2.ply"}
			}
			{bone revolute "turret"
				{parameters "ID=turret;"}
				{speed 0.0300}
				{Matrix34
					-0.0000	1.0000	0.0000
					-1.0000	-0.0000	0.0000
					0.0000	0.0000	1.0000
					-37.8585	-0.3213	17.2854
				}
				{VolumeView "turret.ply"}
				{bone revolute "gun_rot"
					{limits -20.0000 15.0000}
					{speed 0.0100}
					{Matrix34
						0.0000	-0.9499	0.3123
						-0.0000	0.3123	0.9499
						-1.0000	0.0000	-0.0000
						0.0354	4.303	16.1328
					}
					{VolumeView "gun_rot.ply"}
					{bone "gun2"
						{parameters "ID=gun;"}
						{Matrix34
							-0.0000	-0.9994	0.0349
							-0.0000	-0.0349	-0.9994
							1.0000	-0.0000	-0.0000
							7.5159	2.4136	4.9879
						}
						{VolumeView "gun2.ply"}
					}
					{bone "gun4"
						{parameters "ID=gun;"}
						{Matrix34
							0.0000	0.9994	-0.0349
							-0.0000	-0.0349	-0.9994
							1.0000	-0.0000	-0.0000
							7.5159	2.4136	-5.1763
						}
						{VolumeView "gun4.ply"}
					}
					{bone "gun3"
						{parameters "ID=gun;"}
						{Matrix34
							0.0000	0.9994	-0.0349
							-0.0000	-0.0349	-0.9994
							1.0000	-0.0000	-0.0000
							7.5159	-3.5217	-5.3329
						}
						{VolumeView "gun3.ply"}
					}
					{bone "gun1"
						{parameters "ID=gun;"}
						{Matrix34
							-0.0000	-0.9994	0.0349
							-0.0000	-0.0349	-0.9994
							1.0000	-0.0000	-0.0000
							7.5159	-3.5217	5.1446
						}
						{VolumeView "gun1.ply"}
					}
				}
			}
			{bone "engine"
				{parameters "ID=engine;"}
				{Position 34.4033	-0.2324	9.0736}
				{VolumeView "engine.ply"}
			}
		}
		{bone "Pivot_front"
			{Position 42.5585	0.7153	12.5948}
			{bone revolute "steer_L1"
				{Matrix34
					-1.0000	0.0000	-0.0000
					0.0000	1.0000	0.0000
					0.0000	0.0000	-1.0000
					-0.5349	12.9968	-2.4145
				}
				{bone revolute "wheel_L1"
					{parameters "ID=wheelleft1;"}
					{Matrix34
						1.0000	-0.0000	0.0000
						0.0000	0.0000	-1.0000
						0.0000	1.0000	0.0000
						0.0000	2.8947	-0.0000
					}
					{VolumeView "wheel_L1.ply"}
				}
			}
			{bone revolute "steer_R1"
				{Matrix34
					-1.0000	0.0000	-0.0000
					0.0000	1.0000	0.0000
					0.0000	0.0000	-1.0000
					-0.5349	-12.8071	-2.4145
				}
				{bone revolute "wheel_R1"
					{parameters "ID=wheelright1;"}
					{Matrix34
						1.0000	-0.0000	0.0000
						0.0000	0.0000	-1.0000
						0.0000	1.0000	0.0000
						0.0000	-4.3667	-0.0000
					}
					{VolumeView "wheel_R1.ply"}
				}
			}
		}
	}
}
{Volume "wheelright1"
	{Cylinder 7.505 5.52087}
	{Bone "wheel_R1"}
	{Matrix34
		-1.0000	-0.0000	-0.0000
		-0.0000	1.0000	-0.0000
		0.0000	-0.0000	-1.0000
		-0.0000	-0.0000	-0.0242
	}
}
{Volume "wheelleft1"
	{Cylinder 7.41 5.52087}
	{Bone "wheel_L1"}
	{Matrix34
		-1.0000	-0.0000	-0.0000
		-0.0000	1.0000	-0.0000
		0.0000	-0.0000	-1.0000
		-0.0000	0.0000	0.0377
	}
}
