;Exported by: garry
;Date:        Fri Apr 30 18:33:04 2004
;File:        D:\-Projects-\-3DWork-\Model\Пушки\cannon\6-funt cannon_xx.max
{Skeleton
	{bone revolute "Basis"
		{Orientation
			1.0000	0.0000	0.0000
			0.0000	-1.0000	0.0000
			0.0000	0.0000	1.0000
		}
		{bone "body"
			{parameters "ID=body;"}
			{Position -31.5731	-0.1327	6.8239}
			{VolumeView "body.ply"}
			{bone revolute "turret"
				{parameters "ID=turret;"}
				{Matrix34
					-0.1677	0.9848	-0.0449
					-0.9817	-0.1710	-0.0833
					-0.0897	0.0302	0.9955
					37.2441	0.0554	-0.4871
				}
				{VolumeView "turret.ply"}
				{bone revolute "gun_rot"
					{parameters "ID=gun;"}
					{Matrix34
						0.0285	-0.9090	-0.4157
						-0.0695	-0.4167	0.9064
						-0.9972	0.0030	-0.0751
						3.5871	5.8169	9.0874
					}
					{VolumeView "gun_rot.ply"}
					{bone "gun"
						{parameters "ID=gun;"}
						{Matrix34
							-0.0000	-0.0000	-1.0000
							-1.0000	-0.0000	-0.0000
							-0.0000	1.0000	0.0000
							-10.9004	3.5648	3.5623
						}
						{VolumeView "gun.ply"}
					}
				}
			}
			{bone "part1"
				{Matrix34
					-0.1677	0.9848	-0.0449
					-0.9817	-0.1710	-0.0833
					-0.0897	0.0302	0.9955
					33.2144	-11.5987	13.1529
				}
				{VolumeView "part1.ply"}
			}
			{bone "part3"
				{Matrix34
					0.9250	0.1710	-0.3394
					0.3394	0.0302	0.9402
					0.1710	-0.9848	-0.0302
					16.7962	4.0695	12.3782
				}
				{VolumeView "part3.ply"}
			}
			{bone "part2"
				{Matrix34
					-0.0000	1.0000	-0.0000
					-0.9943	-0.0000	0.1065
					0.1065	0.0000	0.9943
					-21.5994	-25.5872	-3.1859
				}
				{VolumeView "part2.ply"}
			}
			{bone "part4"
				{parameters "ID=gun;"}
				{Matrix34
					-0.1734	0.9848	0.0086
					-0.9600	-0.1710	0.2217
					0.2199	0.0302	0.9751
					64.1044	5.3053	3.2878
				}
				{VolumeView "part4.ply"}
			}
			{bone "WheelL"
				{parameters "ID=wheelleft;"}
				{Matrix34
					1.0000	-0.0000	0.0000
					-0.0000	0.2164	-0.9763
					0.0000	0.9763	0.2164
					36.5938	21.3175	-2.7075
				}
				{VolumeView "WheelL.ply"}
			}
			{bone "WheelR"
				{parameters "ID=wheelright;"}
				{Matrix34
					0.9962	-0.0436	-0.0755
					-0.0872	-0.4981	-0.8627
					-0.0000	0.8660	-0.5000
					36.9867	-21.7972	-2.7075
				}
				{VolumeView "WheelR.ply"}
			}
		}
	}
}
{Volume "wheelright"
	{Cylinder 6.84871 3.60311}
	{Bone "WheelR"}
	{Matrix34
		1.4764	-0.0000	-0.0000
		0.0000	-1.4764	-0.0000
		-0.0000	0.0000	-1.4764
		0.0000	0.0000	0.0680
	}
}
{Volume "wheelleft"
	{Cylinder 6.84871 3.60311}
	{Bone "WheelL"}
	{Matrix34
		1.4707	0.1287	-0.0000
		0.1287	-1.4707	0.0000
		-0.0000	-0.0000	-1.4764
		0.0000	0.0000	-0.0414
	}
}
{Volume "body1"
	{Cylinder 1.9917 53.5714}
	{Bone "body"}
	{Matrix34
		-0.5049	-1.3873	0.0017
		0.0050	-0.0000	1.4764
		1.3873	-0.5049	-0.0047
		-2.9583	15.8100	-1.1261
	}
}
{Volume "part4"
	{Cylinder 0.975933 30.0466}
	{Bone "part4"}
	{Matrix34
		1.4724	-0.0012	0.1082
		-0.1082	0.0034	1.4724
		-0.0014	-1.4764	0.0033
		-0.0576	0.6470	0.2004
	}
}
{Volume "part2"
	{Polyhedron "part2.vol"}
	{Bone "part2"}
	{Matrix34
		0.3285	-0.9445	-0.0004
		0.9445	0.3285	0.0001
		-0.0000	-0.0004	1.0000
		3.2412	-3.4085	0.1933
	}
}
{Volume "body2"
	{Cylinder 1.9917 23.2919}
	{Bone "body"}
	{Matrix34
		-0.5043	1.3873	-0.0257
		-0.0753	0.0000	1.4744
		1.3855	0.5049	0.0707
		20.1548	-8.0566	-2.4646
	}
}
{Volume "part3"
	{Box 3.1236 20.1447 5}
	{Bone "part3"}
	{Matrix34
		0.0027	-0.0301	0.9995
		1.0000	0.0027	-0.0026
		-0.0026	0.9995	0.0302
		1.5864	-0.1158	1.9664
	}
}
{Volume "part1"
	{Polyhedron "part1.vol"}
	{Bone "part1"}
	{Matrix34
		-0.1677	-0.9817	-0.0897
		0.9848	-0.1710	0.0302
		-0.0449	-0.0833	0.9955
		0.1557	2.1552	-14.6783
	}
}
{Volume "turret"
	{Polyhedron "turret.vol"}
	{Bone "turret"}
	{Matrix34
		-0.0000	-1.0000	-0.0000
		1.0000	-0.0000	0.0000
		0.0000	0.0000	1.0000
		-0.0000	4.0776	-0.5938
	}
}
{Volume "gun"
	{Cylinder 2.19613 36.1009}
	{Bone "gun"}
	{Matrix34
		1.4764	0.0000	-0.0000
		0.0000	-0.0000	1.4764
		-0.0000	-1.4764	0.0000
		-0.0455	-12.9955	-0.8646
	}
}
