;Exported by: shevchenko
;Date:        Tue May 04 15:19:12 2004
;File:        D:\-Projects-\-3DWork-\sheva\SK\fountain_x.max
{Skeleton
	{bone "fountains_x"
		{Orientation
			1.0000	0.0000	0.0000
			0.0000	-1.0000	0.0000
			0.0000	0.0000	1.0000
		}
		{VolumeView "fountains_x.ply"}
		{bone "Piece11"
			{Position 8.7425	-8.9665	67.7110}
			{VolumeView "Piece11.ply"}
		}
		{bone "Piece10"
			{Position -9.0680	-8.9665	70.9413}
			{VolumeView "Piece10.ply"}
		}
		{bone "Piece9"
			{Matrix34
				-1.0000	0.0000	0.0000
				-0.0000	-1.0000	0.0000
				0.0000	0.0000	1.0000
				-6.8078	-11.3032	52.2735
			}
			{VolumeView "Piece9.ply"}
		}
		{bone "Piece7"
			{Position 4.5417	10.0040	52.8730}
			{VolumeView "Piece7.ply"}
		}
		{bone "Piece1"
			{Matrix34
				-0.0000	0.3420	0.9397
				-1.0000	-0.0000	0.0000
				0.0000	-0.9397	0.3420
				-9.2033	0.7265	52.8730
			}
			{VolumeView "Piece1.ply"}
		}
		{bone "Piece0"
			{Matrix34
				-0.0872	-0.9962	0.0000
				0.9962	-0.0872	0.0000
				0.0000	0.0000	1.0000
				7.4445	3.1195	52.2735
			}
			{VolumeView "Piece0.ply"}
		}
		{bone "Piece5"
			{Matrix34
				0.7660	0.6428	0.0000
				-0.6428	0.7660	0.0000
				0.0000	0.0000	1.0000
				10.1060	-10.2110	53.1665
			}
			{VolumeView "Piece5.ply"}
		}
		{bone "Piece3"
			{Position -5.4254	9.4104	52.8730}
			{VolumeView "Piece3.ply"}
		}
		{bone "Piece6"
			{Matrix34
				0.0872	0.0000	0.9962
				-0.0000	1.0000	0.0000
				-0.9962	-0.0000	0.0872
				-0.3724	8.1495	103.7046
			}
			{VolumeView "Piece6.ply"}
		}
		{bone "Piece8"
			{Matrix34
				-0.0000	-1.0000	0.0000
				1.0000	-0.0000	0.0000
				0.0000	0.0000	1.0000
				9.7292	7.4741	103.4546
			}
			{VolumeView "Piece8.ply"}
		}
		{bone "FX_stone1"
			{Matrix34
				-0.0000	0.0000	1.0000
				0.0000	1.0000	0.0000
				-1.0000	0.0000	-0.0000
				-2.5621	-2.7276	77.7024
			}
		}
		{bone "FX_stone1a"
			{Matrix34
				-0.0000	0.0000	1.0000
				0.0000	1.0000	0.0000
				-1.0000	0.0000	-0.0000
				-2.5621	-2.7276	4.7763
			}
		}
	}
}
{Volume "Piece8"
	{Box 6.11545 4.28883 7.7052}
	{Bone "Piece8"}
	{Position -0.3136	0.1859	-0.9442}
}
{Volume "Piece6"
	{Box 4.64233 7.49643 12.7425}
	{Bone "Piece6"}
	{Matrix34
		-0.0000	-1.0000	0.0000
		0.9962	-0.0000	0.0872
		-0.0872	0.0000	0.9962
		-0.7999	0.7070	-0.9303
	}
}
{Volume "Piece3"
	{Box 6.11545 4.28883 7.7052}
	{Bone "Piece3"}
	{Position -0.3136	0.1859	-0.9442}
}
{Volume "Piece5"
	{Box 5.59317 4.62742 9.76924}
	{Bone "Piece5"}
	{Matrix34
		0.7660	-0.6428	0.0000
		0.6428	0.7660	0.0000
		0.0000	0.0000	1.0000
		-0.6112	0.4110	-0.8929
	}
}
{Volume "Piece0"
	{Box 5.59317 4.62742 8.49499}
	{Bone "Piece0"}
	{Matrix34
		-0.0872	0.9962	0.0000
		-0.9962	-0.0872	0.0000
		0.0000	0.0000	1.0000
		0.3471	0.1330	-0.6370
	}
}
{Volume "Piece1"
	{Box 4.64233 7.49643 12.7425}
	{Bone "Piece1"}
	{Matrix34
		-0.0000	-1.0000	-0.0000
		0.9962	-0.0000	0.0872
		-0.0872	0.0000	0.9962
		-0.7999	0.7070	-0.9303
	}
}
{Volume "Piece7"
	{Box 7.55834 4.62742 13.4841}
	{Bone "Piece7"}
	{Position -0.3619	1.0755	-0.6204}
}
{Volume "Piece9"
	{Box 7.55834 5.6432 12.842}
	{Bone "Piece9"}
	{Matrix34
		-1.0000	-0.0000	0.0000
		0.0000	-1.0000	0.0000
		0.0000	0.0000	1.0000
		0.3174	-0.0653	-0.6930
	}
}
{Volume "Piece10"
	{Box 5.13967 4.90958 16.5662}
	{Bone "Piece10"}
	{Position 0.0403	0.0204	-1.4364}
}
{Volume "Piece11"
	{Box 5.13967 4.90958 11.265}
	{Bone "Piece11"}
	{Position 0.0385	0.0204	-0.8566}
}
