;Exported by: sk
;Date:        Tue Jan 13 19:06:59 2004
;File:        D:\-Projects-\-3DWork-\Constructions\CitY\Вокзал\навес_x.max
{Skeleton
	{animation
		{sequence "crush" {speed 0.4}}
	}
	{bone "platform_roof2_x"
		{parameters "CommonMesh;"}
		{Orientation
			1.0000	0.0000	0.0000
			0.0000	-1.0000	0.0000
			0.0000	0.0000	1.0000
		}
		{VolumeView "platform_roof2_x.ply"}
		{bone "Piece0"
			{Matrix34
				1.0000	0.0000	0.0000
				0.0000	0.3420	0.9397
				0.0000	-0.9397	0.3420
				-51.5250	0.2600	74.2121
			}
			{VolumeView "Piece0.ply"}
		}
		{bone "Piece1"
			{Matrix34
				1.0000	0.0000	0.0000
				0.0000	0.3420	0.9397
				0.0000	-0.9397	0.3420
				-21.1002	0.4041	74.6082
			}
			{VolumeView "Piece1.ply"}
		}
		{bone "Piece2"
			{Matrix34
				1.0000	0.0000	0.0000
				0.0000	0.3420	0.9397
				0.0000	-0.9397	0.3420
				10.3821	0.5817	75.0961
			}
			{VolumeView "Piece2.ply"}
		}
		{bone "Piece3"
			{Matrix34
				1.0000	0.0000	0.0000
				0.0000	0.3420	0.9397
				0.0000	-0.9397	0.3420
				48.5940	0.5817	75.0960
			}
			{VolumeView "Piece3.ply"}
		}
	}
}
{Volume "Piece3"
	{Box 32.5704 3.20015 53.0866}
	{Bone "Piece3"}
	{Position 0.0000	-1.1127	0.1454}
}
{Volume "Piece2"
	{Box 45.3203 0.984444 49.2126}
	{Bone "Piece2"}
	{Position 0.0000	0.0000	-0.0000}
}
{Volume "Piece1"
	{Box 29.0103 3.30596 53.0866}
	{Bone "Piece1"}
	{Position 0.0000	-0.3815	0.1454}
}
{Volume "Piece0"
	{Box 25.4799 2.8663 49.2126}
	{Bone "Piece0"}
	{Position 0.0000	-0.0000	-0.0000}
}
