;Exported by: ubrashaev
;Date:        Tue Mar 23 11:29:49 2004
;File:        D:\-Projects-\-work-\3d\sk\aerodrome\stuff.max
{Skeleton
	{bone "suff04"
		{Orientation
			1.0000	0.0000	0.0000
			0.0000	-1.0000	0.0000
			0.0000	0.0000	1.0000
		}
		{bone "fx_wood1"
			{Position 12.5565	0.5496	12.2765}
		}
		{bone "piece1"
			{Matrix34
				-0.8191	0.5500	-0.1629
				-0.5022	-0.8249	-0.2596
				-0.2772	-0.1308	0.9519
				-5.6938	0.4423	10.6242
			}
			{VolumeView "piece1.ply"}
		}
		{bone "piece2"
			{Matrix34
				-0.8191	0.5500	-0.1629
				-0.5022	-0.8249	-0.2596
				-0.2772	-0.1308	0.9519
				-12.8858	-11.3705	6.9063
			}
			{VolumeView "piece2.ply"}
		}
		{bone "piece3"
			{Matrix34
				-0.9659	-0.2588	0.0000
				0.2588	-0.9659	0.0000
				0.0000	0.0000	1.0000
				14.4564	-15.6518	9.1602
			}
			{VolumeView "piece3.ply"}
		}
		{bone "piece4"
			{Matrix34
				-0.9659	-0.2588	0.0000
				0.2588	-0.9659	0.0000
				0.0000	0.0000	1.0000
				12.7727	-9.7883	11.9038
			}
			{VolumeView "piece4.ply"}
		}
	}
}
{Obstacle "piece2"
	{Obb2
		{Center -17.3452 17.7876}
		{Extent 16.1805 2.82568}
		{Axis 0.848198 0.529679}
	}
	{Rotate}
}
{Obstacle "piece1"
	{Obb2
		{Center 0.778568 -10.9702}
		{Extent 14.1891 13.68}
		{Axis 0.798832 0.601554}
	}
	{Rotate}
}
{Volume "piece4"
	{Box 27.5131 19.6876 1.96742}
	{Bone "piece4"}
	{Matrix34
		-1.0000	0.0000	0.0000
		-0.0000	-1.0000	0.0000
		0.0000	0.0000	1.0000
		-0.0000	7.7234	-0.0528
	}
}
{Volume "piece3"
	{Box 32.452 3.83932 5.50432}
	{Bone "piece3"}
	{Matrix34
		-1.0000	-0.0000	0.0000
		0.0000	-1.0000	0.0000
		0.0000	0.0000	1.0000
		-0.0000	5.0420	-0.0000
	}
}
{Volume "piece2"
	{Box 31.9507 4.61895 4.14339}
	{Bone "piece2"}
	{Matrix34
		-0.9994	-0.0335	0.0097
		0.0336	-0.9994	0.0114
		0.0093	0.0117	0.9999
		0.2596	7.7495	1.2806
	}
}
{Volume "piece1"
	{Box 26.8493 27.1703 4.14339}
	{Bone "piece1"}
	{Matrix34
		-0.9983	0.0493	0.0324
		-0.0494	-0.9988	-0.0027
		0.0323	-0.0043	0.9995
		-0.4998	-13.5095	2.6030
	}
}
