;Exported by: shevchenko
;Date:        Mon Apr 19 11:15:16 2004
;File:        D:\-Projects-\-3DWork-\sheva\SK\Build-22_x.max
{Skeleton
	{animation
		{sequence "crush" {speed 0.4}}
	}
	{bone "build-22_corner4"
		{parameters "CommonMesh;"}
		{Orientation
			1.0000	0.0000	0.0000
			0.0000	-1.0000	0.0000
			0.0000	0.0000	1.0000
		}
		{VolumeView "build-22_corner4.ply"}
		{bone "piece0"
			{Position 27.5512	-51.9368	27.5591}
			{VolumeView "piece0.ply"}
		}
		{bone "piece1"
			{Matrix34
				-0.0000	1.0000	0.0000
				0.0000	0.0000	1.0000
				1.0000	0.0000	-0.0000
				27.5661	-4.7058	66.9291
			}
			{VolumeView "piece1.ply"}
		}
		{bone "piece2"
			{Matrix34
				-0.0000	1.0000	0.0000
				0.0000	0.0000	1.0000
				1.0000	0.0000	-0.0000
				27.5661	-6.4399	18.7008
			}
			{VolumeView "piece2.ply"}
		}
		{bone "piece3"
			{Matrix34
				-0.0000	1.0000	0.0000
				0.0000	0.0000	1.0000
				1.0000	0.0000	-0.0000
				27.5661	42.5382	63.9764
			}
			{VolumeView "piece3.ply"}
			{bone "sub_piece3"
				{Position -1.9685	-40.3543	0.0000}
				{VolumeView "sub_piece3.ply"}
			}
		}
		{bone "piece4"
			{Matrix34
				-1.0000	-0.0000	-0.0000
				-0.0000	0.0000	1.0000
				-0.0000	1.0000	-0.0000
				-1.3305	54.5569	23.0304
			}
			{VolumeView "piece4.ply"}
		}
		{bone "piece5"
			{Matrix34
				-1.0000	-0.0000	-0.0000
				-0.0000	0.0000	1.0000
				-0.0000	1.0000	-0.0000
				12.5306	54.5569	65.3941
			}
			{VolumeView "piece5.ply"}
		}
		{bone "piece6"
			{Matrix34
				-1.0000	-0.0000	-0.0000
				-0.0000	0.0000	1.0000
				-0.0000	1.0000	-0.0000
				-13.1415	54.5569	75.2367
			}
			{VolumeView "piece6.ply"}
		}
		{bone "piece7"
			{Matrix34
				-1.0000	-0.0000	-0.0000
				-0.0000	0.0000	1.0000
				-0.0000	1.0000	-0.0000
				-8.5153	54.5569	107.8161
			}
			{VolumeView "piece7.ply"}
		}
		{bone "piece8"
			{Position -20.5397	54.4317	146.0320}
			{VolumeView "piece8.ply"}
		}
		{bone "piece9"
			{Position -1.1824	-26.2757	49.7023}
			{VolumeView "piece9.ply"}
		}
		{bone "piece10"
			{Matrix34
				-0.0000	1.0000	0.0000
				0.0000	0.0000	1.0000
				1.0000	0.0000	-0.0000
				-27.5521	11.2952	31.4961
			}
			{VolumeView "piece10.ply"}
		}
		{bone "piece11"
			{Matrix34
				-0.0000	1.0000	0.0000
				0.0000	0.0000	1.0000
				1.0000	0.0000	-0.0000
				-27.5521	-24.1624	9.8425
			}
			{VolumeView "piece11.ply"}
		}
		{bone "FX_dust1"
			{Matrix34
				0.0000	0.0000	1.0000
				0.0000	1.0000	0.0000
				-1.0000	0.0000	0.0000
				-22.7766	-17.7745	52.2882
			}
		}
		{bone "FX_stone1a"
			{Matrix34
				0.0000	0.0000	1.0000
				0.0000	1.0000	0.0000
				-1.0000	0.0000	0.0000
				-27.7314	24.2543	21.7682
			}
		}
		{bone "FX_stone1"
			{Matrix34
				0.0000	0.0000	1.0000
				0.0000	1.0000	0.0000
				-1.0000	0.0000	0.0000
				28.7751	-0.5958	32.2872
			}
		}
		{bone "FX_wood1"
			{Matrix34
				0.0000	0.0000	1.0000
				0.0000	1.0000	0.0000
				-1.0000	0.0000	0.0000
				27.3022	18.3854	63.3293
			}
		}
		{bone "FX_wood1a"
			{Matrix34
				0.0000	0.0000	1.0000
				0.0000	1.0000	0.0000
				-1.0000	0.0000	0.0000
				27.3022	-36.9087	63.3293
			}
		}
		{bone "FX_wood2"
			{Matrix34
				0.0000	0.0000	1.0000
				0.0000	1.0000	0.0000
				-1.0000	0.0000	0.0000
				-14.2690	-7.1739	129.0484
			}
		}
	}
}
{Volume "piece11"
	{Box 6.61417 22.7412 33.3603}
	{Bone "piece11"}
	{Matrix34
		0.5259	-0.8505	0.0000
		-0.0000	-0.0000	-1.0000
		0.8505	0.5259	-0.0000
		0.2831	0.2803	-0.0504
	}
}
{Volume "piece10"
	{Box 6.61417 22.7412 51.0413}
	{Bone "piece10"}
	{Matrix34
		0.5487	-0.8360	0.0000
		-0.0000	-0.0000	-1.0000
		0.8360	0.5487	-0.0000
		0.1047	1.5847	-0.0504
	}
}
{Volume "piece9"
	{Box 3.93701 42.9556 41.2705}
	{Bone "piece9"}
	{Matrix34
		-0.0000	-0.0000	1.0000
		0.0000	1.0000	0.0000
		-1.0000	0.0000	0.0000
		4.3560	-1.2170	-0.0214
	}
}
{Volume "piece8"
	{Box 7.87402 22.9709 34.3921}
	{Bone "piece8"}
	{Matrix34
		0.0000	1.0000	0.0000
		-1.0000	0.0000	0.0000
		0.0000	0.0000	1.0000
		1.2666	0.0553	2.0173
	}
}
{Volume "piece7"
	{Box 7.87402 17.5217 19.9404}
	{Bone "piece7"}
	{Matrix34
		0.0000	-0.0000	1.0000
		0.5736	0.8192	-0.0000
		-0.8192	0.5736	0.0000
		-1.0277	0.0498	-0.0701
	}
}
{Volume "piece6"
	{Box 7.87402 15.0686 21.2923}
	{Bone "piece6"}
	{Matrix34
		-0.0000	0.0000	1.0000
		0.7071	0.7071	0.0000
		-0.7071	0.7071	-0.0000
		0.5334	-0.2983	-0.0700
	}
}
{Volume "piece5"
	{Box 7.87402 21.2012 33.7972}
	{Bone "piece5"}
	{Matrix34
		0.0000	-0.0000	1.0000
		0.9848	0.1736	-0.0000
		-0.1736	0.9848	0.0000
		0.1632	0.0836	-0.0700
	}
}
{Volume "piece4"
	{Box 7.87402 24.1799 35.8251}
	{Bone "piece4"}
	{Matrix34
		0.0000	-0.0000	1.0000
		0.3420	0.9397	-0.0000
		-0.9397	0.3420	0.0000
		-0.5783	1.2961	-0.0700
	}
}
{Volume "sub_piece3"
	{Box 7.87402 19.5253 34.3921}
	{Bone "sub_piece3"}
	{Matrix34
		0.0000	-0.0000	1.0000
		1.0000	-0.0000	-0.0000
		0.0000	1.0000	0.0000
		-0.6171	0.7124	0.1580
	}
}
{Volume "piece3"
	{Box 7.87402 18.8361 41.6144}
	{Bone "piece3"}
	{Matrix34
		0.0000	-0.0000	1.0000
		1.0000	-0.0000	-0.0000
		0.0000	1.0000	0.0000
		-0.8514	0.0001	0.1580
	}
}
{Volume "piece2"
	{Box 7.87402 18.3767 22.3549}
	{Bone "piece2"}
	{Matrix34
		0.0000	-0.0000	1.0000
		0.6428	0.7660	0.0000
		-0.7660	0.6428	0.0000
		0.2580	-2.4508	0.1580
	}
}
{Volume "piece1"
	{Box 7.87402 22.9709 41.9583}
	{Bone "piece1"}
	{Matrix34
		-0.0000	0.0000	1.0000
		0.9848	0.1736	0.0000
		-0.1736	0.9848	-0.0000
		1.1311	-0.0166	0.1580
	}
}
{Volume "piece0"
	{Box 7.87402 17.9908 48.8368}
	{Bone "piece0"}
	{Matrix34
		1.0000	-0.0000	-0.0000
		0.0000	0.9962	0.0872
		-0.0000	-0.0872	0.9962
		0.1729	2.8838	-2.4535
	}
}
