;Exported by: vic
;Date:        Tue Feb 03 12:49:40 2004
;File:        D:\-Projects-\-3DWork-\Constructions\NEW\Ruini\monastery\Monastery2_x.max
{Skeleton
	{bone "wall1_x"
		{Orientation
			1.0000	0.0000	0.0000
			0.0000	-1.0000	0.0000
			0.0000	0.0000	1.0000
		}
		{bone "piece2"
			{Matrix34
				-1.0000	0.0000	0.0000
				0.0000	0.0000	1.0000
				0.0000	1.0000	-0.0000
				17.8635	-0.0616	67.7008
			}
			{VolumeView "piece2.ply"}
		}
		{bone "sub_piece1"
			{Matrix34
				-1.0000	0.0000	0.0000
				0.0000	0.0000	1.0000
				0.0000	1.0000	-0.0000
				25.2129	-0.0616	41.6927
			}
			{VolumeView "sub_piece1.ply"}
		}
		{bone "piece0"
			{Matrix34
				-1.0000	0.0000	0.0000
				0.0000	0.0000	1.0000
				0.0000	1.0000	-0.0000
				21.2024	-0.0616	14.8388
			}
			{VolumeView "piece0.ply"}
		}
		{bone "piece1"
			{Matrix34
				-1.0000	0.0000	0.0000
				0.0000	0.0000	1.0000
				0.0000	1.0000	-0.0000
				-5.3073	-0.0616	39.9553
			}
			{VolumeView "piece1.ply"}
		}
		{bone "sub_piece0"
			{Matrix34
				-1.0000	0.0000	0.0000
				0.0000	0.0000	1.0000
				0.0000	1.0000	-0.0000
				-17.5017	-0.0616	13.0897
			}
			{VolumeView "sub_piece0.ply"}
		}
	}
}
{Volume "sub_piece0"
	{Box 14.2425 13.7795 13.7138}
	{Bone "sub_piece0"}
	{Matrix34
		-0.9745	-0.2243	-0.0000
		-0.0000	0.0000	1.0000
		-0.2243	0.9745	-0.0000
		-0.7332	-0.7176	0.0209
	}
}
{Volume "piece1"
	{Box 24.6638 13.7795 29.2502}
	{Bone "piece1"}
	{Matrix34
		-0.9979	-0.0652	-0.0000
		-0.0000	0.0000	1.0000
		-0.0652	0.9979	-0.0000
		-0.6754	0.9251	0.0209
	}
}
{Volume "piece0"
	{Box 30.2158 13.7795 23.102}
	{Bone "piece0"}
	{Matrix34
		-0.9983	0.0576	-0.0000
		0.0000	0.0000	1.0000
		0.0576	0.9983	-0.0000
		-1.3944	0.0553	0.0206
	}
}
{Volume "sub_piece1"
	{Box 15.9794 13.7795 13.7138}
	{Bone "sub_piece1"}
	{Matrix34
		-0.8905	-0.4551	0.0000
		0.0000	-0.0000	1.0000
		-0.4551	0.8905	0.0000
		-0.9975	0.1718	0.0208
	}
}
{Volume "piece2"
	{Box 34.7377 13.7795 18.285}
	{Bone "piece2"}
	{Matrix34
		-1.0000	0.0000	-0.0000
		0.0000	0.0000	1.0000
		0.0000	1.0000	-0.0000
		-1.4602	0.6872	0.0208
	}
}
