{mission
	{Camera
		{Position -322.137 5269.5}
		{Distance 1361}
		{ViewAngle 0.500335}
		{YawAngle -0.356791}
	}
	{Environment "cloudy"}
	{User 2}
	{GameProgress 0 0}
	{Entity "yamato_gun_460" 0x8000
		{Position 1404.84 -3026.16 335}
		{Player 1}
		{MID 1}
		
	}
	{Entity "yamato_gun_460" 0x8001
		{Position 790.019 -3025.19 414}
		{Turn 0.731598}
		{Player 1}
		{MID 2}
		
	}
	{Entity "yamato_gun_460" 0x8002
		{Position -1697.95 -3035.68 355}
		{Turn 179.165}
		{Player 1}
		{MID 3}
		
	}
	{Entity "yamato_gun_155" 0x8003
		{Position 401.285 -3031.26 509}
		{Player 1}
		{MID 4}
		
	}
	{Entity "yamato_gun_155" 0x8004
		{Position -1248.59 -3036.86 510}
		{Turn 178.84}
		{Player 1}
		{MID 5}
		
	}
	{Entity "type96_1" 0x8005
		{Position -828.367 -3199.38 593}
		{Turn -91.0765}
		{Player 1}
		{MID 6}
	}
	{Entity "type96_1" 0x8006
		{Position -833.791 -2874.11 592}
		{Turn 88.9197}
		{Player 1}
		{MID 7}
	}
	{Entity "base_big" 0x8007
		{Position -804.706 -3233.55 396}
	}
	{Entity "base_big" 0x8008
		{Position -595.2 -3232.33 466}
	}
	{Entity "base_big" 0x8009
		{Position -331.196 -3239.74 395}
	}
	{Entity "base_big" 0x800a
		{Position -331.506 -2828.31 395}
		{Turn 178.751}
	}
	{Entity "base_big" 0x800b
		{Position -810.048 -2836.69 394}
		{Turn 179.833}
	}
	{Entity "base_big" 0x800c
		{Position -594.7 -2834.11 466}
		{Turn 179.833}
	}
	{Entity "yamato_gun_127" 0x800d
		{Position -332.102 -2819.67 395}
		{Turn 89.1713}
		{Player 1}
		{MID 8}
	}
	{Entity "yamato_gun_127" 0x800e
		{Position -596.923 -2829.55 466}
		{Turn 89.1226}
		{Player 1}
		{MID 9}
	}
	{Entity "yamato_gun_127" 0x800f
		{Position -803.676 -2830.15 394}
		{Turn 89.1802}
		{Player 1}
		{MID 10}
	}
	{Entity "yamato_gun_127" 0x8010
		{Position -806.61 -3240.59 396}
		{Turn -90.2576}
		{Player 1}
		{MID 11}
	}
	{Entity "yamato_gun_127" 0x8011
		{Position -593.972 -3240.72 466}
		{Turn -89.6037}
		{Player 1}
		{MID 12}
	}
	{Entity "yamato_gun_127" 0x8012
		{Position -326.729 -3246.04 395}
		{Turn -89.619}
		{Player 1}
		{MID 13}
	}
	{Entity "yamato_gun_127" 0x8013
		{Position -190.347 -3338.61 385}
		{Turn -90.5175}
		{Player 1}
		{MID 14}
	}
	{Entity "yamato_gun_127" 0x8014
		{Position -456.662 -3347 385}
		{Turn -89.3873}
		{Player 1}
		{MID 15}
	}
	{Entity "yamato_gun_127" 0x8015
		{Position -692.221 -3357.05 385}
		{Turn -89.8513}
		{Player 1}
		{MID 16}
	}
	{Entity "yamato_gun_127" 0x8016
		{Position -698.477 -2708.04 385}
		{Turn 90.2674}
		{Player 1}
		{MID 17}
	}
	{Entity "yamato_gun_127" 0x8017
		{Position -464.734 -2714.3 384}
		{Turn 88.7871}
		{Player 1}
		{MID 18}
	}
	{Entity "yamato_gun_127" 0x8018
		{Position -198.533 -2719.67 384}
		{Turn 89.3558}
		{Player 1}
		{MID 19}
	}
	{Entity "type96_2" 0x8019
		{Position -3218.73 -2983.05 276}
		{Turn -178.478}
		{Player 1}
		{MID 20}
	}
	{Entity "type96_2" 0x801a
		{Position -3220.7 -3115.92 276}
		{Turn 179.81}
		{Player 1}
		{MID 21}
	}
	{Entity "type96_2" 0x801b
		{Position -1027.51 -2966.52 592}
		{Turn 127.306}
		{Player 1}
		{MID 22}
	}
	{Entity "type96_2" 0x801c
		{Position -1027.33 -3106.12 592}
		{Turn -129.724}
		{Player 1}
		{MID 23}
	}
	{Entity "type96_2" 0x801d
		{Position 68.2075 -3176.39 463}
		{Turn -44.4431}
		{Player 1}
		{MID 24}
	}
	{Entity "type96_2" 0x801e
		{Position 66.2348 -2877.97 463}
		{Turn 42.3322}
		{Player 1}
		{MID 25}
	}
	{Entity "type96_3" 0x801f
		{Position -22.8685 -2715 325}
		{Turn 90.8118}
		{Player 1}
		{MID 26}
	}
	{Entity "type96_3" 0x8020
		{Position -174.997 -2541.83 328}
		{Turn 97.7271}
		{Player 1}
		{MID 27}
	}
	{Entity "type96_3" 0x8021
		{Position -311.08 -2544.23 328}
		{Turn 91.2774}
		{Player 1}
		{MID 28}
	}
	{Entity "type96_3" 0x8022
		{Position -440.48 -2544.05 328}
		{Turn 89.7386}
		{Player 1}
		{MID 29}
	}
	{Entity "type96_3" 0x8023
		{Position -565.013 -2544.8 328}
		{Turn 88.127}
		{Player 1}
		{MID 30}
	}
	{Entity "type96_3" 0x8024
		{Position -701.643 -2546.34 328}
		{Turn 90.5276}
		{Player 1}
		{MID 31}
	}
	{Entity "type96_3" 0x8025
		{Position -845.182 -2692.8 339}
		{Turn 88.6021}
		{Player 1}
		{MID 32}
	}
	{Entity "type96_3" 0x8026
		{Position -945.082 -2747.26 371}
		{Turn 85.8704}
		{Player 1}
		{MID 33}
	}
	{Entity "type93_tower" 0x9000
		{Position -9.1951 -2828.75 439}
		{Turn 37.4316}
		{Player 1}
		{MID 34}
	}
	{Entity "type96_3" 0x8028
		{Position -166.572 -3519.48 329}
		{Turn -92.4051}
		{Player 1}
		{MID 35}
	}
	{Entity "type96_3" 0x8029
		{Position -302.286 -3518.45 329}
		{Turn -89.6308}
		{Player 1}
		{MID 36}
	}
	{Entity "type96_3" 0x802a
		{Position -433.988 -3521.95 329}
		{Turn -90.9842}
		{Player 1}
		{MID 37}
	}
	{Entity "type96_3" 0x802b
		{Position -558.033 -3518.02 329}
		{Turn -91.0422}
		{Player 1}
		{MID 38}
	}
	{Entity "type96_3" 0x802c
		{Position -696.572 -3527.46 329}
		{Turn -91.2452}
		{Player 1}
		{MID 39}
	}
	{Entity "type96_3" 0x802d
		{Position -842.593 -3371.71 340}
		{Turn -88.7656}
		{Player 1}
		{MID 40}
	}
	{Entity "type96_3" 0x802e
		{Position -944.292 -3333.25 372}
		{Turn -89.0342}
		{Player 1}
		{MID 41}
	}
	{Entity "type93_tower" 0x802f
		{Position -6.97677 -3226.94 440}
		{Turn -47.8886}
		{Player 1}
		{MID 42}
	}
	{Entity "type93_tower" 0x9001
		{Position -1206.11 -2928.77 410}
		{Turn 132.275}
		{Player 1}
		{MID 43}
	}
	{Entity "type93_tower" 0x9002
		{Position -650.313 -2915.5 583}
		{Turn 92.6364}
		{Player 1}
		{MID 44}
	}
	{Entity "type93_tower" 0x9003
		{Position -1187.94 -3147.64 410}
		{Turn -132.174}
		{Player 1}
		{MID 45}
	}
	{Entity "type93_tower" 0x9004
		{Position -650.659 -3149.19 583}
		{Turn -101.217}
		{Player 1}
		{MID 46}
	}
	{Entity "type96_3" 0x8027
		{Position -19.2833 -3336.83 326}
		{Turn -91.6648}
		{Player 1}
		{MID 47}
	}
	{Entity "type96_3" 0x8030
		{Position -2515.61 -2676.02 317.602}
		{Turn 134.732}
		{Player 1}
		{MID 48}
	}
	{Entity "type96_3" 0x8031
		{Position -2505.46 -3422.74 317.726}
		{Turn -124.411}
		{Player 1}
		{MID 49}
	}
	{Entity "type96_3" 0x8032
		{Position -2569.99 -3124.45 331}
		{Turn -139.906}
		{Player 1}
		{MID 50}
	}
	{Entity "type96_3" 0x8033
		{Position -2570.18 -2970.42 331}
		{Turn 123.7}
		{Player 1}
		{MID 51}
	}
	{Entity "type96_3" 0x8034
		{Position 472.43 -2707.67 316}
		{Turn 90.8828}
		{Player 1}
		{MID 52}
	}
	{Entity "type96_3" 0x8035
		{Position 1066.83 -2707.42 315}
		{Turn 90.4569}
		{Player 1}
		{MID 53}
	}
	{Entity "type96_3" 0x8036
		{Position 484.278 -3355.81 316}
		{Turn -90.7681}
		{Player 1}
		{MID 54}
	}
	{Entity "type96_3" 0x8037
		{Position 1092.06 -3351.65 315}
		{Turn -89.7315}
		{Player 1}
		{MID 55}
	}
	{Entity "type96_3" 0x8038
		{Position -1128.42 -3334.66 318}
		{Turn -90.4886}
		{Player 1}
		{MID 56}
	}
	{Entity "type96_3" 0x8039
		{Position -1304.83 -3333.64 318}
		{Turn -89.2606}
		{Player 1}
		{MID 57}
	}
	{Entity "type96_3" 0x803a
		{Position -1926.4 -3335.68 319}
		{Turn -90.5196}
		{Player 1}
		{MID 58}
	}
	{Entity "type96_3" 0x803b
		{Position -1135.59 -2742.02 317}
		{Turn 91.8269}
		{Player 1}
		{MID 59}
	}
	{Entity "type96_3" 0x803c
		{Position -1308.42 -2742.19 318}
		{Turn 89.6605}
		{Player 1}
		{MID 60}
	}
	{Entity "type96_3" 0x803d
		{Position -1916.74 -2749.07 318}
		{Turn 91.5132}
		{Player 1}
		{MID 61}
	}
	{Human "jap.sailor2" 0x803e
		{Position -1948.42 -3332.2 320.217}
		{Turn -90.5196}
		{DisableObstacles}
		{Player 1}
		{MID 62}
		{NameId 18 25}
		{FsmState "board"}
	}
	{Human "jap.sailor2" 0x803f
		{Position -1903.42 -3332.71 320.717}
		{Turn -90.5196}
		{DisableObstacles}
		{Player 1}
		{MID 63}
		{NameId 2 10}
		{FsmState "board"}
	}
	{Human "jap.sailor2" 0x8040
		{Position -2521.79 -3407.57 318.943}
		{Turn -124.411}
		{DisableObstacles}
		{Player 1}
		{MID 64}
		{NameId 61 19}
		{FsmState "board"}
	}
	{Human "jap.sailor2" 0x8041
		{Position -2484.73 -3433.09 319.443}
		{Turn -124.411}
		{DisableObstacles}
		{Player 1}
		{MID 65}
		{NameId 73 78}
		{FsmState "board"}
	}
	{Human "jap.sailor2" 0x8042
		{Position -2497.64 -2662.83 318.818}
		{Turn 134.732}
		{DisableObstacles}
		{Player 1}
		{MID 66}
		{NameId 68 32}
		{FsmState "board"}
	}
	{Human "jap.sailor2" 0x8043
		{Position -2529.68 -2694.43 319.318}
		{Turn 134.732}
		{DisableObstacles}
		{Player 1}
		{MID 67}
		{NameId 31 51}
		{FsmState "board"}
	}
	{Human "jap.sailor2" 0x8044
		{Position -2587.51 -2985.8 332.717}
		{Turn 123.7}
		{DisableObstacles}
		{Player 1}
		{MID 68}
		{NameId 1 45}
		{FsmState "board"}
	}
	{Human "jap.sailor2" 0x8045
		{Position -2550.02 -2960.92 332.217}
		{Turn 123.7}
		{DisableObstacles}
		{Player 1}
		{MID 69}
		{NameId 13 87}
		{FsmState "board"}
	}
	{Human "jap.sailor2" 0x8046
		{Position -2552.77 -3139.96 332.717}
		{Turn -139.906}
		{DisableObstacles}
		{Player 1}
		{MID 70}
		{NameId 0 87}
		{FsmState "board"}
	}
	{Human "jap.sailor2" 0x8047
		{Position -2581.68 -3105.47 332.217}
		{Turn -139.906}
		{DisableObstacles}
		{Player 1}
		{MID 71}
		{NameId 88 57}
		{FsmState "board"}
	}
	{Human "jap.sailor2" 0x8048
		{Position -1939.6 -2752.86 319.717}
		{Turn 91.5132}
		{DisableObstacles}
		{Player 1}
		{MID 72}
		{NameId 66 99}
		{FsmState "board"}
	}
	{Human "jap.sailor2" 0x8049
		{Position -1894.61 -2751.77 319.217}
		{Turn 91.5132}
		{DisableObstacles}
		{Player 1}
		{MID 73}
		{NameId 52 50}
		{FsmState "board"}
	}
	{Human "jap.sailor2" 0x804a
		{Position -1326.92 -3330.64 319.217}
		{Turn -89.2606}
		{DisableObstacles}
		{Player 1}
		{MID 74}
		{NameId 52 45}
		{FsmState "board"}
	}
	{Human "jap.sailor2" 0x804b
		{Position -1281.92 -3330.16 319.717}
		{Turn -89.2606}
		{DisableObstacles}
		{Player 1}
		{MID 75}
		{NameId 81 90}
		{FsmState "board"}
	}
	{Human "jap.sailor2" 0x804c
		{Position -1105.44 -3331.67 319.717}
		{Turn -90.4886}
		{DisableObstacles}
		{Player 1}
		{MID 76}
		{NameId 37 34}
		{FsmState "board"}
	}
	{Human "jap.sailor2" 0x804d
		{Position -1150.44 -3331.19 319.217}
		{Turn -90.4886}
		{DisableObstacles}
		{Player 1}
		{MID 77}
		{NameId 3 52}
		{FsmState "board"}
	}
	{Human "jap.sailor2" 0x804e
		{Position -1178.21 -3137.23 410}
		{Turn -132.174}
		{DisableObstacles}
		{Player 1}
		{MID 78}
		{NameId 29 71}
		{FsmState "board"}
	}
	{Human "jap.sailor2" 0x804f
		{Position -966.392 -3330.34 373.217}
		{Turn -89.0342}
		{DisableObstacles}
		{Player 1}
		{MID 79}
		{NameId 90 7}
		{FsmState "board"}
	}
	{Human "jap.sailor2" 0x8050
		{Position -921.397 -3329.68 373.717}
		{Turn -89.0342}
		{DisableObstacles}
		{Player 1}
		{MID 80}
		{NameId 34 0}
		{FsmState "board"}
	}
	{Human "jap.sailor2" 0x8051
		{Position -864.706 -3368.9 341.217}
		{Turn -88.7656}
		{DisableObstacles}
		{Player 1}
		{MID 81}
		{NameId 26 85}
		{FsmState "board"}
	}
	{Human "jap.sailor2" 0x8052
		{Position -819.715 -3368.03 341.717}
		{Turn -88.7656}
		{DisableObstacles}
		{Player 1}
		{MID 82}
		{NameId 42 71}
		{FsmState "board"}
	}
	{Human "jap.sailor2" 0x8053
		{Position -673.556 -3524.78 330.717}
		{Turn -91.2452}
		{DisableObstacles}
		{Player 1}
		{MID 83}
		{NameId 8 47}
		{FsmState "board"}
	}
	{Human "jap.sailor2" 0x8054
		{Position -718.543 -3523.7 330.217}
		{Turn -91.2452}
		{DisableObstacles}
		{Player 1}
		{MID 84}
		{NameId 54 87}
		{FsmState "board"}
	}
	{Human "jap.sailor2" 0x8055
		{Position -580.017 -3514.34 330.217}
		{Turn -91.0422}
		{DisableObstacles}
		{Player 1}
		{MID 85}
		{NameId 29 16}
		{FsmState "board"}
	}
	{Human "jap.sailor2" 0x8056
		{Position -535.027 -3515.26 330.717}
		{Turn -91.0422}
		{DisableObstacles}
		{Player 1}
		{MID 86}
		{NameId 83 53}
		{FsmState "board"}
	}
	{Human "jap.sailor2" 0x8057
		{Position -410.985 -3519.16 330.717}
		{Turn -90.9842}
		{DisableObstacles}
		{Player 1}
		{MID 87}
		{NameId 88 6}
		{FsmState "board"}
	}
	{Human "jap.sailor2" 0x8058
		{Position -455.976 -3518.29 330.217}
		{Turn -90.9842}
		{DisableObstacles}
		{Player 1}
		{MID 88}
		{NameId 70 76}
		{FsmState "board"}
	}
	{Human "jap.sailor2" 0x8059
		{Position -279.355 -3515.12 330.717}
		{Turn -89.6308}
		{DisableObstacles}
		{Player 1}
		{MID 89}
		{NameId 40 15}
		{FsmState "board"}
	}
	{Human "jap.sailor2" 0x805a
		{Position -324.354 -3515.31 330.217}
		{Turn -89.6308}
		{DisableObstacles}
		{Player 1}
		{MID 90}
		{NameId 15 98}
		{FsmState "board"}
	}
	{Human "jap.sailor2" 0x805b
		{Position -143.506 -3517.26 330.717}
		{Turn -92.4051}
		{DisableObstacles}
		{Player 1}
		{MID 91}
		{NameId 7 8}
		{FsmState "board"}
	}
	{Human "jap.sailor2" 0x805c
		{Position -188.463 -3515.28 330.217}
		{Turn -92.4051}
		{DisableObstacles}
		{Player 1}
		{MID 92}
		{NameId 75 57}
		{FsmState "board"}
	}
	{Human "jap.sailor2" 0x805d
		{Position -41.2264 -3332.91 327.217}
		{Turn -91.6648}
		{DisableObstacles}
		{Player 1}
		{MID 93}
		{NameId 79 30}
		{FsmState "board"}
	}
	{Human "jap.sailor2" 0x805e
		{Position 3.75167 -3334.32 327.717}
		{Turn -91.6648}
		{DisableObstacles}
		{Player 1}
		{MID 94}
		{NameId 38 5}
		{FsmState "board"}
	}
	{Human "jap.sailor2" 0x805f
		{Position -219.658 -3315.48 385.01}
		{Turn -90.5175}
		{DisableObstacles}
		{Player 1}
		{MID 95}
		{NameId 86 93}
		{FsmState "board"}
	}
	{Human "jap.sailor2" 0x8060
		{Position -163.362 -3315.97 385}
		{Turn -90.5175}
		{DisableObstacles}
		{Player 1}
		{MID 96}
		{NameId 88 96}
		{FsmState "board"}
	}
	{Human "jap.sailor2" 0x8061
		{Position -300.102 -3222.98 395}
		{Turn -89.619}
		{DisableObstacles}
		{Player 1}
		{MID 97}
		{NameId 30 69}
		{FsmState "board"}
	}
	{Human "jap.sailor2" 0x8062
		{Position -356.399 -3223.38 395.01}
		{Turn -89.619}
		{DisableObstacles}
		{Player 1}
		{MID 98}
		{NameId 23 78}
		{FsmState "board"}
	}
	{Human "jap.sailor2" 0x8063
		{Position -486.424 -3324.46 385.01}
		{Turn -89.3873}
		{DisableObstacles}
		{Player 1}
		{MID 99}
		{NameId 31 85}
		{FsmState "board"}
	}
	{Human "jap.sailor2" 0x8064
		{Position -430.128 -3323.83 385}
		{Turn -89.3873}
		{DisableObstacles}
		{Player 1}
		{MID 100}
		{NameId 22 35}
		{FsmState "board"}
	}
	{Human "jap.sailor2" 0x8065
		{Position -567.351 -3217.65 466}
		{Turn -89.6037}
		{DisableObstacles}
		{Player 1}
		{MID 101}
		{NameId 82 88}
		{FsmState "board"}
	}
	{Human "jap.sailor2" 0x8066
		{Position -623.648 -3218.06 466.01}
		{Turn -89.6037}
		{DisableObstacles}
		{Player 1}
		{MID 102}
		{NameId 22 50}
		{FsmState "board"}
	}
	{Human "jap.sailor2" 0x8067
		{Position -721.799 -3334.27 385.01}
		{Turn -89.8513}
		{DisableObstacles}
		{Player 1}
		{MID 103}
		{NameId 64 64}
		{FsmState "board"}
	}
	{Human "jap.sailor2" 0x8068
		{Position -665.501 -3334.1 385}
		{Turn -89.8513}
		{DisableObstacles}
		{Player 1}
		{MID 104}
		{NameId 33 6}
		{FsmState "board"}
	}
	{Human "jap.sailor2" 0x8069
		{Position -779.728 -3217.83 396}
		{Turn -90.2576}
		{DisableObstacles}
		{Player 1}
		{MID 105}
		{NameId 60 92}
		{FsmState "board"}
	}
	{Human "jap.sailor2" 0x806a
		{Position -836.026 -3217.6 396.01}
		{Turn -90.2576}
		{DisableObstacles}
		{Player 1}
		{MID 106}
		{NameId 12 75}
		{FsmState "board"}
	}
	{Human "jap.sailor2" 0x806b
		{Position 462.276 -3352.23 317.217}
		{Turn -90.7681}
		{DisableObstacles}
		{Player 1}
		{MID 107}
		{NameId 57 55}
		{FsmState "board"}
	}
	{Human "jap.sailor2" 0x806c
		{Position 507.271 -3352.94 317.717}
		{Turn -90.7681}
		{DisableObstacles}
		{Player 1}
		{MID 108}
		{NameId 20 64}
		{FsmState "board"}
	}
	{Human "jap.sailor2" 0x806d
		{Position 1070 -3348.47 316.217}
		{Turn -89.7315}
		{DisableObstacles}
		{Player 1}
		{MID 109}
		{NameId 83 93}
		{FsmState "board"}
	}
	{Human "jap.sailor2" 0x806e
		{Position 1115 -3348.36 316.717}
		{Turn -89.7315}
		{DisableObstacles}
		{Player 1}
		{MID 110}
		{NameId 36 3}
		{FsmState "board"}
	}
	{Human "jap.sailor2" 0x806f
		{Position 1088.9 -2710.53 316.217}
		{Turn 90.4569}
		{DisableObstacles}
		{Player 1}
		{MID 111}
		{NameId 31 54}
		{FsmState "board"}
	}
	{Human "jap.sailor2" 0x8070
		{Position 1043.9 -2710.78 316.717}
		{Turn 90.4569}
		{DisableObstacles}
		{Player 1}
		{MID 112}
		{NameId 88 58}
		{FsmState "board"}
	}
	{Human "jap.sailor2" 0x8071
		{Position 449.53 -2711.21 317.717}
		{Turn 90.8828}
		{DisableObstacles}
		{Player 1}
		{MID 113}
		{NameId 24 98}
		{FsmState "board"}
	}
	{Human "jap.sailor2" 0x8072
		{Position 494.526 -2710.61 317.217}
		{Turn 90.8828}
		{DisableObstacles}
		{Player 1}
		{MID 114}
		{NameId 79 25}
		{FsmState "board"}
	}
	{Human "jap.sailor2" 0x8073
		{Position 78.656 -2896.48 464.217}
		{Turn 42.3322}
		{DisableObstacles}
		{Player 1}
		{MID 115}
		{NameId 73 54}
		{FsmState "board"}
	}
	{Human "jap.sailor2" 0x8074
		{Position 48.4256 -2863.15 464.717}
		{Turn 42.3322}
		{DisableObstacles}
		{Player 1}
		{MID 116}
		{NameId 30 100}
		{FsmState "board"}
	}
	{Human "jap.sailor2" 0x8075
		{Position -0.776409 -2717.97 326.217}
		{Turn 90.8118}
		{DisableObstacles}
		{Player 1}
		{MID 117}
		{NameId 15 75}
		{FsmState "board"}
	}
	{Human "jap.sailor2" 0x8076
		{Position -45.7733 -2718.51 326.717}
		{Turn 90.8118}
		{DisableObstacles}
		{Player 1}
		{MID 118}
		{NameId 65 69}
		{FsmState "board"}
	}
	{Human "jap.sailor2" 0x8077
		{Position -169.273 -2742.86 384.01}
		{Turn 89.3558}
		{DisableObstacles}
		{Player 1}
		{MID 119}
		{NameId 16 44}
		{FsmState "board"}
	}
	{Human "jap.sailor2" 0x8078
		{Position -225.568 -2742.25 384}
		{Turn 89.3558}
		{DisableObstacles}
		{Player 1}
		{MID 120}
		{NameId 69 23}
		{FsmState "board"}
	}
	{Human "jap.sailor2" 0x8079
		{Position -359.21 -2842.16 395}
		{Turn 89.1713}
		{DisableObstacles}
		{Player 1}
		{MID 121}
		{NameId 44 42}
		{FsmState "board"}
	}
	{Human "jap.sailor2" 0x807a
		{Position -302.917 -2842.96 395.01}
		{Turn 89.1713}
		{DisableObstacles}
		{Player 1}
		{MID 122}
		{NameId 23 7}
		{FsmState "board"}
	}
	{Human "jap.sailor2" 0x807b
		{Position -491.992 -2736.61 384}
		{Turn 88.7871}
		{DisableObstacles}
		{Player 1}
		{MID 123}
		{NameId 67 57}
		{FsmState "board"}
	}
	{Human "jap.sailor2" 0x807c
		{Position -435.706 -2737.78 384.01}
		{Turn 88.7871}
		{DisableObstacles}
		{Player 1}
		{MID 124}
		{NameId 64 18}
		{FsmState "board"}
	}
	{Human "jap.sailor2" 0x807d
		{Position -197.313 -2548.07 329.717}
		{Turn 97.7271}
		{DisableObstacles}
		{Player 1}
		{MID 125}
		{NameId 64 59}
		{FsmState "board"}
	}
	{Human "jap.sailor2" 0x807e
		{Position -152.708 -2542.12 329.217}
		{Turn 97.7271}
		{DisableObstacles}
		{Player 1}
		{MID 126}
		{NameId 91 98}
		{FsmState "board"}
	}
	{Human "jap.sailor2" 0x807f
		{Position -333.956 -2547.92 329.717}
		{Turn 91.2774}
		{DisableObstacles}
		{Player 1}
		{MID 127}
		{NameId 49 7}
		{FsmState "board"}
	}
	{Human "jap.sailor2" 0x8080
		{Position -288.965 -2547.02 329.217}
		{Turn 91.2774}
		{DisableObstacles}
		{Player 1}
		{MID 128}
		{NameId 66 56}
		{FsmState "board"}
	}
	{Human "jap.sailor2" 0x8081
		{Position -418.447 -2547.43 329.217}
		{Turn 89.7386}
		{DisableObstacles}
		{Player 1}
		{MID 129}
		{NameId 89 17}
		{FsmState "board"}
	}
	{Human "jap.sailor2" 0x8082
		{Position -463.447 -2547.13 329.717}
		{Turn 89.7386}
		{DisableObstacles}
		{Player 1}
		{MID 130}
		{NameId 90 16}
		{FsmState "board"}
	}
	{Human "jap.sailor2" 0x8083
		{Position -588.057 -2547.23 329.717}
		{Turn 88.127}
		{DisableObstacles}
		{Player 1}
		{MID 131}
		{NameId 20 95}
		{FsmState "board"}
	}
	{Human "jap.sailor2" 0x8084
		{Position -543.084 -2548.8 329.217}
		{Turn 88.127}
		{DisableObstacles}
		{Player 1}
		{MID 132}
		{NameId 28 5}
		{FsmState "board"}
	}
	{Human "jap.sailor2" 0x8085
		{Position -724.565 -2549.73 329.717}
		{Turn 90.5276}
		{DisableObstacles}
		{Player 1}
		{MID 133}
		{NameId 6 3}
		{FsmState "board"}
	}
	{Human "jap.sailor2" 0x8086
		{Position -679.566 -2549.42 329.217}
		{Turn 90.5276}
		{DisableObstacles}
		{Player 1}
		{MID 134}
		{NameId 69 40}
		{FsmState "board"}
	}
	{Human "jap.sailor2" 0x8087
		{Position -725.15 -2731.05 385}
		{Turn 90.2674}
		{DisableObstacles}
		{Player 1}
		{MID 135}
		{NameId 55 96}
		{FsmState "board"}
	}
	{Human "jap.sailor2" 0x8088
		{Position -668.852 -2730.76 385.01}
		{Turn 90.2674}
		{DisableObstacles}
		{Player 1}
		{MID 136}
		{NameId 33 39}
		{FsmState "board"}
	}
	{Human "jap.sailor2" 0x8089
		{Position -624.05 -2852.02 466}
		{Turn 89.1226}
		{DisableObstacles}
		{Player 1}
		{MID 137}
		{NameId 72 4}
		{FsmState "board"}
	}
	{Human "jap.sailor2" 0x808a
		{Position -567.758 -2852.86 466.01}
		{Turn 89.1226}
		{DisableObstacles}
		{Player 1}
		{MID 138}
		{NameId 50 98}
		{FsmState "board"}
	}
	{Human "jap.sailor2" 0x808b
		{Position -830.78 -2852.65 394}
		{Turn 89.1802}
		{DisableObstacles}
		{Player 1}
		{MID 139}
		{NameId 0 100}
		{FsmState "board"}
	}
	{Human "jap.sailor2" 0x808c
		{Position -774.487 -2853.43 394.01}
		{Turn 89.1802}
		{DisableObstacles}
		{Player 1}
		{MID 140}
		{NameId 41 43}
		{FsmState "board"}
	}
	{Human "jap.sailor2" 0x808d
		{Position -968.204 -2748.78 372.717}
		{Turn 85.8704}
		{DisableObstacles}
		{Player 1}
		{MID 141}
		{NameId 84 86}
		{FsmState "board"}
	}
	{Human "jap.sailor2" 0x808e
		{Position -923.328 -2752.12 372.217}
		{Turn 85.8704}
		{DisableObstacles}
		{Player 1}
		{MID 142}
		{NameId 15 40}
		{FsmState "board"}
	}
	{Human "jap.sailor2" 0x808f
		{Position -868.205 -2695.42 340.717}
		{Turn 88.6021}
		{DisableObstacles}
		{Player 1}
		{MID 143}
		{NameId 12 14}
		{FsmState "board"}
	}
	{Human "jap.sailor2" 0x8090
		{Position -823.221 -2696.62 340.217}
		{Turn 88.6021}
		{DisableObstacles}
		{Player 1}
		{MID 144}
		{NameId 43 56}
		{FsmState "board"}
	}
	{Human "jap.sailor2" 0x8091
		{Position -1113.45 -2744.6 318.217}
		{Turn 91.8269}
		{DisableObstacles}
		{Player 1}
		{MID 145}
		{NameId 58 2}
		{FsmState "board"}
	}
	{Human "jap.sailor2" 0x8092
		{Position -1158.43 -2745.93 318.717}
		{Turn 91.8269}
		{DisableObstacles}
		{Player 1}
		{MID 146}
		{NameId 59 11}
		{FsmState "board"}
	}
	{Human "jap.sailor2" 0x8093
		{Position -1331.39 -2745.24 319.717}
		{Turn 89.6605}
		{DisableObstacles}
		{Player 1}
		{MID 147}
		{NameId 22 66}
		{FsmState "board"}
	}
	{Human "jap.sailor2" 0x8094
		{Position -1286.39 -2745.6 319.217}
		{Turn 89.6605}
		{DisableObstacles}
		{Player 1}
		{MID 148}
		{NameId 33 48}
		{FsmState "board"}
	}
	{Human "jap.sailor2" 0x8095
		{Position -3217.34 -3093.88 277.217}
		{Turn 179.81}
		{DisableObstacles}
		{Player 1}
		{MID 149}
		{NameId 23 31}
		{FsmState "board"}
	}
	{Human "jap.sailor2" 0x8096
		{Position -3217.59 -3138.88 277.717}
		{Turn 179.81}
		{DisableObstacles}
		{Player 1}
		{MID 150}
		{NameId 76 99}
		{FsmState "board"}
	}
	{Human "jap.sailor2" 0x8097
		{Position -3216.03 -2960.92 277.217}
		{Turn -178.478}
		{DisableObstacles}
		{Player 1}
		{MID 151}
		{NameId 36 50}
		{FsmState "board"}
	}
	{Human "jap.sailor2" 0x8098
		{Position -3214.94 -3005.91 277.717}
		{Turn -178.478}
		{DisableObstacles}
		{Player 1}
		{MID 152}
		{NameId 62 97}
		{FsmState "board"}
	}
	{Human "jap.sailor3" 0x8099
		{Position -1699.26 -3094.63 354.92}
		{Turn 179.165}
		{DisableObstacles}
		{Player 1}
		{MID 153}
		{NameId 68 85}
		{FsmState "board"}
	}
	{Human "jap.sailor3" 0x809a
		{Position -1696.44 -2978.15 354.92}
		{Turn 179.165}
		{DisableObstacles}
		{Player 1}
		{MID 154}
		{NameId 36 53}
		{FsmState "board"}
	}
	{Human "jap.sailor3" 0x809b
		{Position -1247.3 -3006.42 509.92}
		{Turn 178.84}
		{DisableObstacles}
		{Player 1}
		{MID 155}
		{NameId 64 46}
		{FsmState "board"}
	}
	{Human "jap.sailor3" 0x809c
		{Position -1249.68 -3068.6 509.92}
		{Turn 178.84}
		{DisableObstacles}
		{Player 1}
		{MID 156}
		{NameId 42 92}
		{FsmState "board"}
	}
	{Human "jap.sailor3" 0x809d
		{Position -1196.69 -2939.46 410}
		{Turn 132.275}
		{DisableObstacles}
		{Player 1}
		{MID 157}
		{NameId 34 5}
		{FsmState "board"}
	}
	{Human "jap.sailor3" 0x809e
		{Position -649.883 -2929.74 583}
		{Turn 92.6364}
		{DisableObstacles}
		{Player 1}
		{MID 158}
		{NameId 0 101}
		{FsmState "board"}
	}
	{Human "jap.sailor3" 0x809f
		{Position -647.667 -3135.26 583}
		{Turn -101.217}
		{DisableObstacles}
		{Player 1}
		{MID 159}
		{NameId 89 13}
		{FsmState "board"}
	}
	{Human "jap.sailor3" 0x80a0
		{Position -826.355 -2894.94 592.235}
		{Turn 88.9197}
		{DisableObstacles}
		{Player 1}
		{MID 160}
		{NameId 52 95}
		{FsmState "board"}
	}
	{Human "jap.sailor3" 0x80a1
		{Position -835.805 -3178.55 593.235}
		{Turn -91.0765}
		{DisableObstacles}
		{Player 1}
		{MID 161}
		{NameId 41 16}
		{FsmState "board"}
	}
	{Human "jap.sailor3" 0x80a2
		{Position -1042.19 -3089.51 593.217}
		{Turn -129.724}
		{DisableObstacles}
		{Player 1}
		{MID 162}
		{NameId 5 89}
		{FsmState "board"}
	}
	{Human "jap.sailor3" 0x80a3
		{Position -1007.64 -3118.34 593.717}
		{Turn -129.724}
		{DisableObstacles}
		{Player 1}
		{MID 163}
		{NameId 23 72}
		{FsmState "board"}
	}
	{Human "jap.sailor3" 0x80a4
		{Position -1043.84 -2982.96 593.717}
		{Turn 127.306}
		{DisableObstacles}
		{Player 1}
		{MID 164}
		{NameId 33 94}
		{FsmState "board"}
	}
	{Human "jap.sailor3" 0x80a5
		{Position -1007.98 -2955.77 593.217}
		{Turn 127.306}
		{DisableObstacles}
		{Player 1}
		{MID 165}
		{NameId 69 57}
		{FsmState "board"}
	}
	{Human "jap.sailor3" 0x80a6
		{Position -16.3636 -3216.22 440}
		{Turn -47.8886}
		{DisableObstacles}
		{Player 1}
		{MID 166}
		{NameId 48 54}
		{FsmState "board"}
	}
	{Human "jap.sailor3" 0x80a7
		{Position -20.6455 -2837.23 439}
		{Turn 37.4316}
		{DisableObstacles}
		{Player 1}
		{MID 167}
		{NameId 25 19}
		{FsmState "board"}
	}
	{Human "jap.sailor3" 0x80a8
		{Position 1404.17 -3083.71 334.92}
		{DisableObstacles}
		{Player 1}
		{MID 168}
		{NameId 78 100}
		{FsmState "board"}
	}
	{Human "jap.sailor3" 0x80a9
		{Position 1405.29 -2967.2 334.92}
		{DisableObstacles}
		{Player 1}
		{MID 169}
		{NameId 5 86}
		{FsmState "board"}
	}
	{Human "jap.sailor3" 0x80aa
		{Position 789.712 -2966.23 413.92}
		{Turn 0.731598}
		{DisableObstacles}
		{Player 1}
		{MID 170}
		{NameId 72 95}
		{FsmState "board"}
	}
	{Human "jap.sailor3" 0x80ab
		{Position 790.079 -3082.74 413.92}
		{Turn 0.731598}
		{DisableObstacles}
		{Player 1}
		{MID 171}
		{NameId 89 79}
		{FsmState "board"}
	}
	{Human "jap.sailor3" 0x80ac
		{Position 401.731 -2999.5 508.92}
		{DisableObstacles}
		{Player 1}
		{MID 172}
		{NameId 10 53}
		{FsmState "board"}
	}
	{Human "jap.sailor3" 0x80ad
		{Position 400.611 -3061.72 508.92}
		{DisableObstacles}
		{Player 1}
		{MID 173}
		{NameId 47 69}
		{FsmState "board"}
	}
	{Human "jap.sailor1" 0x80ae
		{Position 142.473 -3009.99 595}
		{Player 1}
		{MID 174}
		{NameId 19 35}
		{FsmState "stand"}
	}
	{Human "jap.sailor1" 0x80af
		{Position 142.179 -3050.38 595}
		{Player 1}
		{MID 175}
		{NameId 4 90}
		{FsmState "stand"}
	}
	{Human "jap.sailor2" 0x80b0
		{Position 82.0067 -3157.78 464.717}
		{Turn -44.4431}
		{DisableObstacles}
		{Player 1}
		{MID 176}
		{NameId 86 94}
		{FsmState "board"}
	}
	{Human "jap.sailor2" 0x80b1
		{Position 50.4262 -3189.83 464.217}
		{Turn -44.4431}
		{DisableObstacles}
		{Player 1}
		{MID 177}
		{NameId 77 43}
		{FsmState "board"}
	}
	{Entity "ke-nu" 0x80b2
		{Position -4778.81 321.923 137}
		{Player 1}
		{MID 178}
		
	}
	{Entity "ke-nu" 0x80b3
		{Position -4762.26 322.019 137}
		{Player 1}
		{MID 179}
	}
	{Entity "ha-go" 0x80b4
		{Position 4334.14 581.745 137}
		{Turn -179.471}
		{Player 1}
		{MID 180}
		
	}
	{Entity "ha-go" 0x80b5
		{Position 4361.9 580.749 137}
		{Turn -179.934}
		{Player 1}
		{MID 181}
	}
	{Entity "chi-to" 0x80b6
		{Position -4669.99 605.222 137}
		{Player 1}
		{MID 182}
		
	}
	{Entity "chi-to" 0x80b7
		{Position -4693.87 883.008 137}
		{Player 1}
		{MID 183}
		
	}
	{Entity "chi-ha47" 0x80b8
		{Position -1704.73 -1415.97 137}
		{Turn -91.122}
		{Player 1}
		{MID 184}
		
	}
	{Entity "te-ke" 0x80b9
		{Position 4339.6 -2520.92 137}
		{Turn 179.294}
		{Player 1}
		{MID 185}
		
	}
	{Entity "te-ke" 0x80ba
		{Position 2618.4 -1568.35 137}
		{Turn 93.7968}
		{Player 1}
		{MID 186}
	}
	{Entity "te-ke" 0x80bb
		{Position 2720.06 -1562.61 137}
		{Turn 93.6038}
		{Player 1}
		{MID 187}
		
	}
	{Entity "chi-he" 0x80bc
		{Position -3457.95 147.612 137}
		{Turn -1.0261}
		{Player 1}
		{MID 188}
		
	}
	{Entity "chi-he" 0x80bd
		{Position -2558.04 159.786 137}
		{Turn 179.272}
		{Player 1}
		{MID 189}
		
	}
	{Entity "ho-ha" 0x80be
		{Position 516.386 5802.36 137}
		{Turn -92.4482}
		{Extender "inventory"
			{box
				{clear}
				{item "ammo mgun" 900 {cell 3 0}}
			}
		}
		{Player 1}
		{MID 190}
	}
	{Entity "ho-ha" 0x80bf
		{Position -4756.13 5637.58 137}
		{Turn -5.45617}
		{Player 1}
		{MID 191}
		
	}
	{Entity "type93" 0x80c0
		{Position 3165.68 5795.93 137}
		{Turn -89.9157}
		{Player 1}
		{MID 192}
		
	}
	{Entity "type93" 0x80c1
		{Position 1409.04 5765.68 137}
		{Turn -89.512}
		{Player 1}
		{MID 193}
	}
	{Entity "type93" 0x80c2
		{Position 4295.63 582.788 137}
		{Turn -178.437}
		{Player 1}
		{MID 194}
	}
	{Entity "type93" 0x80c3
		{Position -4654.39 5605.28 137}
		{Turn -32.6274}
		{Extender "inventory"
			{box
				{clear}
				{item "ammo mgun" 600 {cell 0 0}}
				{item "jap_mg_box" {cell 0 1}}
			}
		}
		{Player 1}
		{MID 195}
	}
	{Entity "ssd-flame" 0x80c4
		{Position 3284.9 -1448.29 137}
		{Turn 178.705}
		{Player 1}
		{MID 196}
	}
	{Entity "cromwell" 0x80c5
		{Position -2170.34 5834.39 137}
		{Turn -37.3267}
		{Extender "inventory"
			{box
				{clear}
				{item "ammo mgun" 900 {cell 0 0}}
				{item "bullet75 ap" 39 {cell 0 1}}
				{item "barrel" {cell 0 3}}
				{item "bullet75 fg" 4 {cell 0 2}}
			}
		}
		{Player 2}
		{MID 197}
	}
	{Entity "mk2crusader" 0x80c7
		{Position -2132.49 5804.26 137}
		{Turn -40.0583}
		{Player 2}
		{MID 199}
	}
	{Entity "mk2crusader" 0x9005
		{Position -2097.83 5776.98 137}
		{Turn -36.8806}
		{Player 2}
		{MID 198}
	}
	{Entity "p-38" 0x80c6
		{Position 6246.42 -3727.2 600}
		{Turn -179.761}
		{BoneSave
			{AnimationState
				{"engine_work" 13 1 1 0}
			}
			{BoneSave "basis pivot_front wingr1 retract_wheelr"
				{Orientation
					  1.000000  -0.000000  -0.000000
					  0.000000  -0.450094   0.892981
					 -0.000000  -0.892981  -0.450094
				}
			}
			{BoneSave "basis pivot_front wingr1 puertar1"
				{Orientation
					  0.283042   0.959107   0.000443
					 -0.959108   0.283042  -0.000031
					 -0.000155  -0.000416   1.000000
				}
			}
			{BoneSave "basis pivot_front wingr1 puertar2"
				{Orientation
					  0.271623  -0.962404  -0.000618
					  0.962404   0.271623  -0.000059
					  0.000225  -0.000579   1.000000
				}
			}
			{BoneSave "basis pivot_front wingl1 retract_wheell"
				{Orientation
					  1.000000   0.000000  -0.000001
					  0.000001  -0.459428   0.888215
					 -0.000000  -0.888215  -0.459428
				}
			}
			{BoneSave "basis pivot_front wingl1 puertasl2"
				{Orientation
					  0.438174   0.898695  -0.018751
					 -0.898469   0.437235  -0.039734
					 -0.027510   0.034257   0.999034
				}
			}
			{BoneSave "basis pivot_front wingl1 puertal1"
				{Orientation
					 -0.513095   0.858303  -0.007030
					  0.858284   0.513136   0.006386
					  0.009088  -0.002757  -0.999955
				}
				{Position 49.3344 25.7172 -50.1753}
			}
			{BoneSave "basis body engine1 propeller_work"
				{Orientation
					  0.576130   0.817358  -0.000000
					 -0.817358   0.576130   0.000000
					 -0.000000  -0.000000   1.000000
				}
				{State 0xc}
			}
			{BoneSave "basis body engine1 propeller"
				{Orientation
					  0.386266   0.922206  -0.018269
					 -0.922360   0.386331   0.000000
					  0.007058   0.016850   0.999833
				}
				{State 0x20}
			}
			{BoneSave "basis body engine1 propeller_work01"
				{Orientation
					  0.576055   0.817142  -0.020977
					 -0.817380   0.576068  -0.006020
					 -0.007165  -0.020614  -0.999762
				}
				{State 0xc}
			}
			{BoneSave "basis body engine2 propeller1_work"
				{Orientation
					 -0.584675   0.811268   0.000000
					 -0.811267  -0.584675   0.000000
					 -0.000000  -0.000000   1.000000
				}
				{State 0xc}
			}
			{BoneSave "basis body engine2 propeller1"
				{Orientation
					  0.497342  -0.867555  -0.000000
					  0.867555   0.497342  -0.000000
					 -0.000000  -0.000000   1.000000
				}
				{State 0x20}
			}
			{BoneSave "basis body engine2 propeller1_work01"
				{Orientation
					 -0.584493   0.811131   0.020833
					 -0.811211  -0.584718   0.006502
					 -0.017455   0.013100  -0.999762
				}
				{State 0xc}
			}
			{BoneSave "basis body rueda"
				{Orientation
					  1.000000  -0.000000  -0.000000
					 -0.000000  -0.341010   0.940060
					 -0.000000  -0.940060  -0.341010
				}
			}
			{BoneSave "basis body puerta1"
				{Orientation
					 -0.435591   0.895410  -0.092201
					 -0.899985  -0.435152   0.025873
					 -0.016954   0.094249   0.995404
				}
			}
		}
		{DisableObstacles}
		{Player 3}
		{MID 200}
		
		{Interaction {Flags "on_air" "engine_started"}
		}
		{Chassis
			{AirborneMode 1}
			{TargetAlt 600}
		}
	}
	{Entity "p-38" 0x80c8
		{Position 5456.52 -4151.07 600}
		{Turn 173.128}
		{BoneSave
			{AnimationState
				{"engine_work" 13 1 1 0}
			}
			{BoneSave "basis pivot_front wingr1 retract_wheelr"
				{Orientation
					  1.000000  -0.000000  -0.000000
					  0.000000  -0.450094   0.892981
					 -0.000000  -0.892981  -0.450094
				}
			}
			{BoneSave "basis pivot_front wingr1 puertar1"
				{Orientation
					  0.283042   0.959107   0.000443
					 -0.959108   0.283042  -0.000031
					 -0.000155  -0.000416   1.000000
				}
			}
			{BoneSave "basis pivot_front wingr1 puertar2"
				{Orientation
					  0.271623  -0.962404  -0.000618
					  0.962404   0.271623  -0.000059
					  0.000225  -0.000579   1.000000
				}
			}
			{BoneSave "basis pivot_front wingl1 retract_wheell"
				{Orientation
					  1.000000   0.000000  -0.000001
					  0.000001  -0.459428   0.888215
					 -0.000000  -0.888215  -0.459428
				}
			}
			{BoneSave "basis pivot_front wingl1 puertasl2"
				{Orientation
					  0.438174   0.898695  -0.018751
					 -0.898469   0.437235  -0.039734
					 -0.027510   0.034257   0.999034
				}
			}
			{BoneSave "basis pivot_front wingl1 puertal1"
				{Orientation
					 -0.513095   0.858303  -0.007030
					  0.858284   0.513136   0.006386
					  0.009088  -0.002757  -0.999955
				}
				{Position 49.3344 25.7172 -50.1753}
			}
			{BoneSave "basis body engine1 propeller_work"
				{Orientation
					  0.576130   0.817358  -0.000000
					 -0.817358   0.576130   0.000000
					 -0.000000  -0.000000   1.000000
				}
				{State 0xc}
			}
			{BoneSave "basis body engine1 propeller"
				{Orientation
					  0.386266   0.922206  -0.018269
					 -0.922360   0.386331   0.000000
					  0.007058   0.016850   0.999833
				}
				{State 0x20}
			}
			{BoneSave "basis body engine1 propeller_work01"
				{Orientation
					  0.576055   0.817142  -0.020977
					 -0.817380   0.576068  -0.006020
					 -0.007165  -0.020614  -0.999762
				}
				{State 0xc}
			}
			{BoneSave "basis body engine2 propeller1_work"
				{Orientation
					 -0.584675   0.811268   0.000000
					 -0.811267  -0.584675   0.000000
					 -0.000000  -0.000000   1.000000
				}
				{State 0xc}
			}
			{BoneSave "basis body engine2 propeller1"
				{Orientation
					  0.497342  -0.867555  -0.000000
					  0.867555   0.497342  -0.000000
					 -0.000000  -0.000000   1.000000
				}
				{State 0x20}
			}
			{BoneSave "basis body engine2 propeller1_work01"
				{Orientation
					 -0.584493   0.811131   0.020833
					 -0.811211  -0.584718   0.006502
					 -0.017455   0.013100  -0.999762
				}
				{State 0xc}
			}
			{BoneSave "basis body rueda"
				{Orientation
					  1.000000  -0.000000  -0.000000
					 -0.000000  -0.341010   0.940060
					 -0.000000  -0.940060  -0.341010
				}
			}
			{BoneSave "basis body puerta1"
				{Orientation
					 -0.435591   0.895410  -0.092201
					 -0.899985  -0.435152   0.025873
					 -0.016954   0.094249   0.995404
				}
			}
		}
		{DisableObstacles}
		{Player 3}
		{MID 201}
		
		{Interaction {Flags "on_air" "engine_started"}
		}
		{Chassis
			{AirborneMode 1}
			{TargetAlt 600}
		}
	}
	{Entity "p-38" 0x80c9
		{Position 5517.72 -3143.73 600}
		{Turn -178.747}
		{BoneSave
			{AnimationState
				{"engine_work" 13 1 1 0}
			}
			{BoneSave "basis pivot_front wingr1 retract_wheelr"
				{Orientation
					  1.000000  -0.000000  -0.000000
					  0.000000  -0.450094   0.892981
					 -0.000000  -0.892981  -0.450094
				}
			}
			{BoneSave "basis pivot_front wingr1 puertar1"
				{Orientation
					  0.283042   0.959107   0.000443
					 -0.959108   0.283042  -0.000031
					 -0.000155  -0.000416   1.000000
				}
			}
			{BoneSave "basis pivot_front wingr1 puertar2"
				{Orientation
					  0.271623  -0.962404  -0.000618
					  0.962404   0.271623  -0.000059
					  0.000225  -0.000579   1.000000
				}
			}
			{BoneSave "basis pivot_front wingl1 retract_wheell"
				{Orientation
					  1.000000   0.000000  -0.000001
					  0.000001  -0.459428   0.888215
					 -0.000000  -0.888215  -0.459428
				}
			}
			{BoneSave "basis pivot_front wingl1 puertasl2"
				{Orientation
					  0.438174   0.898695  -0.018751
					 -0.898469   0.437235  -0.039734
					 -0.027510   0.034257   0.999034
				}
			}
			{BoneSave "basis pivot_front wingl1 puertal1"
				{Orientation
					 -0.513095   0.858303  -0.007030
					  0.858284   0.513136   0.006386
					  0.009088  -0.002757  -0.999955
				}
				{Position 49.3344 25.7172 -50.1753}
			}
			{BoneSave "basis body engine1 propeller_work"
				{Orientation
					  0.576130   0.817358  -0.000000
					 -0.817358   0.576130   0.000000
					 -0.000000  -0.000000   1.000000
				}
				{State 0xc}
			}
			{BoneSave "basis body engine1 propeller"
				{Orientation
					  0.386266   0.922206  -0.018269
					 -0.922360   0.386331   0.000000
					  0.007058   0.016850   0.999833
				}
				{State 0x20}
			}
			{BoneSave "basis body engine1 propeller_work01"
				{Orientation
					  0.576055   0.817142  -0.020977
					 -0.817380   0.576068  -0.006020
					 -0.007165  -0.020614  -0.999762
				}
				{State 0xc}
			}
			{BoneSave "basis body engine2 propeller1_work"
				{Orientation
					 -0.584675   0.811268   0.000000
					 -0.811267  -0.584675   0.000000
					 -0.000000  -0.000000   1.000000
				}
				{State 0xc}
			}
			{BoneSave "basis body engine2 propeller1"
				{Orientation
					  0.497342  -0.867555  -0.000000
					  0.867555   0.497342  -0.000000
					 -0.000000  -0.000000   1.000000
				}
				{State 0x20}
			}
			{BoneSave "basis body engine2 propeller1_work01"
				{Orientation
					 -0.584493   0.811131   0.020833
					 -0.811211  -0.584718   0.006502
					 -0.017455   0.013100  -0.999762
				}
				{State 0xc}
			}
			{BoneSave "basis body rueda"
				{Orientation
					  1.000000  -0.000000  -0.000000
					 -0.000000  -0.341010   0.940060
					 -0.000000  -0.940060  -0.341010
				}
			}
			{BoneSave "basis body puerta1"
				{Orientation
					 -0.435591   0.895410  -0.092201
					 -0.899985  -0.435152   0.025873
					 -0.016954   0.094249   0.995404
				}
			}
		}
		{DisableObstacles}
		{Player 3}
		{MID 202}
		
		{Interaction {Flags "on_air" "engine_started"}
		}
		{Chassis
			{AirborneMode 1}
			{TargetAlt 600}
		}
	}
	{Entity "p-38" 0x80ca
		{Position 6970.82 -3161.86 600}
		{Turn -179.761}
		{BoneSave
			{AnimationState
				{"engine_work" 13 1 1 0}
			}
			{BoneSave "basis pivot_front wingr1 retract_wheelr"
				{Orientation
					  1.000000  -0.000000  -0.000000
					  0.000000  -0.450094   0.892981
					 -0.000000  -0.892981  -0.450094
				}
			}
			{BoneSave "basis pivot_front wingr1 puertar1"
				{Orientation
					  0.283042   0.959107   0.000443
					 -0.959108   0.283042  -0.000031
					 -0.000155  -0.000416   1.000000
				}
			}
			{BoneSave "basis pivot_front wingr1 puertar2"
				{Orientation
					  0.271623  -0.962404  -0.000618
					  0.962404   0.271623  -0.000059
					  0.000225  -0.000579   1.000000
				}
			}
			{BoneSave "basis pivot_front wingl1 retract_wheell"
				{Orientation
					  1.000000   0.000000  -0.000001
					  0.000001  -0.459428   0.888215
					 -0.000000  -0.888215  -0.459428
				}
			}
			{BoneSave "basis pivot_front wingl1 puertasl2"
				{Orientation
					  0.438174   0.898695  -0.018751
					 -0.898469   0.437235  -0.039734
					 -0.027510   0.034257   0.999034
				}
			}
			{BoneSave "basis pivot_front wingl1 puertal1"
				{Orientation
					 -0.513095   0.858303  -0.007030
