;Exported by: ubrashaev
;Date:        Mon Apr 05 19:22:05 2004
;File:        D:\-Projects-\-work-\3d\construction\e-house24\corner3_x.max
{Skeleton
	{animation
		{sequence "crush" {speed 0.4}}
	}
	{bone "e_house24_corner3_x"
		{Orientation
			1.0000	0.0000	0.0000
			0.0000	-1.0000	0.0000
			0.0000	0.0000	1.0000
		}
		{VolumeView "e_house24_corner3_x.ply"}
		{bone "roof"
			{parameters "CommonMesh;"}
			{Position -5.0709	-12.1537	-0.6774}
			{VolumeView "roof.ply"}
		}
		{bone "piece1"
			{Position -49.3527	-10.8686	141.7431}
			{VolumeView "piece1.ply"}
		}
		{bone "piece2"
			{Position -49.8446	-2.6143	90.7036}
			{VolumeView "piece2.ply"}
		}
		{bone "piece3"
			{Position -49.5231	33.5713	82.7948}
			{VolumeView "piece3.ply"}
		}
		{bone "piece4"
			{Position -47.9683	11.8919	71.6329}
			{VolumeView "piece4.ply"}
		}
		{bone "piece5"
			{Position -49.2701	43.9388	33.8094}
			{VolumeView "piece5.ply"}
		}
		{bone "piece6"
			{Position -7.2443	-39.0372	109.8669}
			{VolumeView "piece6.ply"}
		}
		{bone "piece7"
			{Position 28.7106	-38.9245	110.9756}
			{VolumeView "piece7.ply"}
		}
		{bone "piece8"
			{Position -2.9939	-36.6268	68.4703}
			{VolumeView "piece8.ply"}
		}
		{bone "piece9"
			{Position 43.4650	-33.7618	51.4046}
			{VolumeView "piece9.ply"}
		}
	}
}
{Volume "piece9"
	{Box 6.50986 17.4778 32.0765}
	{Bone "piece9"}
	{Matrix34
		0.5000	-0.8660	-0.0000
		0.8660	0.5000	0.0000
		-0.0000	0.0000	1.0000
		-0.1455	0.4994	1.4424
	}
}
{Volume "piece8"
	{Box 24.9428 7.36823 33.4001}
	{Bone "piece8"}
	{Position -2.0506	-1.6904	4.0042}
}
{Volume "piece7"
	{Box 22.6039 7.36823 18.5073}
	{Bone "piece7"}
	{Position -0.5403	0.6073	-1.7407}
}
{Volume "piece6"
	{Box 26.0257 7.36823 23.5796}
	{Bone "piece6"}
	{Position 0.0039	0.7200	-2.5873}
}
{Volume "piece5"
	{Box 5.49265 16.7018 20.9051}
	{Bone "piece5"}
	{Position -0.0033	0.0012	0.0013}
}
{Volume "piece4"
	{Box 5.49266 19.0098 28.0969}
	{Bone "piece4"}
	{Matrix34
		1.0000	-0.0000	0.0000
		0.0000	0.7660	0.6428
		0.0000	-0.6428	0.7660
		-1.3051	-0.3484	-5.7562
	}
}
{Volume "piece3"
	{Box 5.49265 17.1901 13.0747}
	{Bone "piece3"}
	{Matrix34
		0.9848	-0.1736	-0.0000
		0.1736	0.9848	0.0000
		-0.0000	-0.0000	1.0000
		0.2497	-0.8323	-0.9209
	}
}
{Volume "piece2"
	{Box 5.49266 21.6308 39.3701}
	{Bone "piece2"}
	{Matrix34
		1.0000	-0.0000	-0.0000
		-0.0000	0.7071	-0.7071
		-0.0000	0.7071	0.7071
		0.5712	2.2925	-0.2056
	}
}
{Volume "piece1"
	{Box 5.49266 26.638 16.786}
	{Bone "piece1"}
	{Matrix34
		1.0000	-0.0000	-0.0000
		-0.0000	0.9397	-0.3420
		-0.0000	0.3420	0.9397
		0.0793	0.4569	-1.0739
	}
}
