;Exported by: MrQuazar 
;Date:        15.11.05
;File:        \\C:\Games\Outfrontlan\mods\BTRHtest\RESOURCE\ENTITY\-VEHICLE\tank_medium\m4a2
{Skeleton	
	
	{bone "Basis"
		{Orientation
			1.0000	0.0000	0.0000
			0.0000	-1.0000	0.0000
			0.0000	0.0000	1.0000
		}
		{bone "Body"
			{parameters "ID=body;"}
			{Position -1.4430	-0.0347	22.0793}
			{VolumeView "Body.ply"}
								
		}
			{bone revolute "Turret2"
				{parameters "ID=turret;"}
				{limits -10.0000 10.0000}
				{speed 0.0100}
				{matrix34
				1 0 0
				0 1 0
				0 0 1
				24 -19 12}
				{VolumeView "Turret2.ply"}
				{bone revolute "gun_rot2"
					{limits -10.0000 10.0000}
					{speed 0.0200}
					{Matrix34
						0.9663	-0.2554	0.0303
						-0.0314	-0.0000	0.9995
						-0.2553	-0.9668	-0.0080
						5	6.5	-1.62
					}
					{VolumeView "gun_rot2.ply"}
					
					{bone "gun2"
						{parameters "ID=gun2;"}
						{Matrix34
							0.0000	0.0000	-1.0000
							0.3090	0.9510	0.0000
							0.9510	-0.3090	-0.0000
							7	2.2	2.2
						}
						{VolumeView "gun2.ply"}
						
					}
			}
			{bone revolute "WheelL1"
				{parameters "ID=trackleft;"}
				{Matrix34
					-0.9970	0.0000	-0.0768
					-0.0768	0.0000	0.9970
					0.0000	1.0000	-0.0000
					50.9408	26.7657	-7.4152
				}
				{VolumeView "WheelL1.ply"}
			}
			{bone revolute "WheelR1"
				{parameters "ID=trackright;"}
				{Matrix34
					-0.9970	0.0000	-0.0768
					-0.0768	0.0000	0.9970
					-0.0000	-1.0000	0.0000
					50.9408	-27.2923	-7.4152
				}
				{VolumeView "WheelR1.ply"}
			}
			{bone revolute "WheelR2"
				{parameters "ID=trackright;"}
				{Matrix34
					-0.9970	0.0000	-0.0768
					-0.0768	0.0000	0.9970
					-0.0000	-1.0000	0.0000
					-45.5539	-27.2923	-7.4152
				}
				{VolumeView "WheelR2.ply"}
			}
			{bone revolute "WheelL2"
				{parameters "ID=trackleft;"}
				{Matrix34
					-0.9970	0.0000	-0.0768
					-0.0768	0.0000	0.9970
					0.0000	1.0000	-0.0000
					-45.5539	26.7657	-7.4152
				}
				{VolumeView "WheelL2.ply"}
			}			
			{bone "engine"
				{Matrix34
					0.0000	-0.0000	1.0000
					-0.0000	-1.0000	0.0000
					1.0000	-0.0000	-0.0000
					-30.6675	0.1415	3.1469
				}
		        }
                }
		{bone "WheelsL"
			{parameters "ID=trackleft;"}
			{Matrix34
				-1.0000	0.0000	0.0000
				0.0000	0.0000	1.0000
				0.0000	1.0000	-0.0000
				-5.6604	20.5032	11.3966
			}
			{VolumeView "WheelsL.ply"}
						
		}
		{bone "WheelsR"
			{parameters "ID=trackright;"}
			{Matrix34
				-1.0000	-0.0000	0.0000
				0.0000	-0.0000	1.0000
				0.0000	-1.0000	-0.0000
				-5.6604	-20.1576	11.3966
			}
			{VolumeView "WheelsR.ply"}
			
		}
		
	}
}


