;Exported by: vic
;Date:        Wed Nov 26 10:26:40 2003
;File:        D:\-Projects-\-3DWork-\Constructions\NEW\Ruini\wall4b_xx.max
{Skeleton
	{bone "house_euro2_walla_x"
		{Orientation
			1.0000	0.0000	0.0000
			0.0000	-1.0000	0.0000
			0.0000	0.0000	1.0000
		}
		{bone "piece2"
			{Matrix34
				0.1736	-0.0000	0.9848
				0.0000	1.0000	0.0000
				-0.9848	0.0000	0.1736
				-27.7178	0.6520	13.8151
			}
			{VolumeView "piece2.ply"}
		}
		{bone "sub_piece0"
			{Matrix34
				-0.9848	0.0000	0.1736
				0.0000	1.0000	-0.0000
				-0.1736	0.0000	-0.9848
				-19.8890	0.6236	31.7796
			}
			{VolumeView "sub_piece0.ply"}
		}
		{bone "piece1"
			{Matrix34
				1.0000	-0.0000	0.0000
				0.0000	1.0000	0.0000
				0.0000	0.0000	1.0000
				0.2732	0.3258	11.9890
			}
			{VolumeView "piece1.ply"}
		}
		{bone "piece0"
			{Matrix34
				-1.0000	0.0000	-0.0000
				0.0000	1.0000	0.0000
				0.0000	-0.0000	-1.0000
				28.0901	0.1710	16.3667
			}
			{VolumeView "piece0.ply"}
		}
		{bone "sub_piece1"
			{Matrix34
				-0.6428	0.0000	-0.7660
				0.0000	1.0000	-0.0000
				0.7660	-0.0000	-0.6428
				24.2802	0.6236	37.9104
			}
			{VolumeView "sub_piece1.ply"}
		}
	}
}
{Volume "sub_piece1"
	{Box 7.87402 7.87402 9.84252}
	{Bone "sub_piece1"}
	{Position -1.1004	-0.0279	0.0283}
}
{Volume "piece0"
	{Box 16.368 9.84252 19.685}
	{Bone "piece0"}
	{Position 0.7383	-0.4199	1.7054}
}
{Volume "piece1"
	{Box 14.0904 7.87402 18.1482}
	{Bone "piece1"}
	{Position 1.0789	-0.0073	0.0399}
}
{Volume "sub_piece0"
	{Box 7.87402 7.87402 9.84252}
	{Bone "sub_piece0"}
	{Position -1.1004	-0.0279	0.0282}
}
{Volume "piece2"
	{Box 10.7971 7.87402 13.374}
	{Bone "piece2"}
	{Matrix34
		0.9848	-0.0000	0.1736
		0.0000	1.0000	-0.0000
		-0.1736	-0.0000	0.9848
		-1.0750	-0.0279	-0.9452
	}
}
