{mission
	{Camera
		{Position -2166.44 -2031.74}
		{Distance 1050.27}
		{ViewAngle 0.374427}
		{YawAngle 41.4846}
	}
	{Environment "daynw2_rain"}
	{User 2}
	{GameProgress 0 0}
	{Human "usa.marine.smg" 0x8000
		{Position -2386.29 -2373.15 90}
		{Turn 34.8692}
		{Extender "inventory"
			{box
				{clear}
				{item "ammo pistol" 90 {cell 4 0}}
				{item "grenade m61" {cell 6 0}}
				{item "grenade m61" {cell 7 0}}
				{item "dynamite" {cell 4 2}}
				{item "dynamite" {cell 6 2}}
				{item "ammo pistol" 90 {cell 4 1}}
				{item "bandage" 3 {cell 6 1}}
			}
		}
		{Player 2}
		{MID 1}
		{Weaponry
			{State
				{Mounted "m3a"}
				{Weapon
					{Ammo "ammo pistol" 30}
				}
			}
		}
		{NameId 69 61}
		{FsmState "squat"}
	}
	{Human "usa.marine.smg" 0x8001
		{Position -2431.54 -2364.61 90}
		{Turn 41.196}
		{Extender "inventory"
			{box
				{clear}
				{item "ammo pistol" 90 {cell 4 0}}
				{item "grenade m61" {cell 6 0}}
				{item "grenade m61" {cell 7 0}}
				{item "dynamite" {cell 4 2}}
				{item "dynamite" {cell 6 2}}
				{item "ammo pistol" 90 {cell 4 1}}
				{item "m3a" filling "ammo pistol" 30 {cell 0 0}}
				{item "bandage" 3 {cell 6 1}}
			}
		}
		{Player 2}
		{MID 2}
		{NameId 125 12}
		{FsmState "squat"}
	}
	{Human "usa.marine_medic" 0x8002
		{Position -2365.52 -2439.93 90}
		{Turn 61.7395}
		{Extender "inventory"
			{box
				{clear}
				{item "bandage" 5 {cell 6 0}}
				{item "bandage" 5 {cell 6 1}}
				{item "knife" {cell 6 2}}
				{item "ammo rifle" 30 {cell 5 0}}
				{item "m2_carbine" filling "ammo rifle" 15 {cell 0 0}}
				{item "morphine" 6 {cell 0 2}}
				{item "morphine" 6 {cell 2 2}}
			}
		}
		{Player 2}
		{MID 3}
		{NameId 87 22}
		{FsmState "squat"}
	}
	{Human "usa.marine.rifle" 0x8003
		{Position -2431.34 -2452.71 90}
		{Turn 47.2051}
		{Extender "inventory"
			{box
				{clear}
				{item "m1" filling "ammo rifle" 8 {cell 0 0}}
				{item "bandage" 5 {cell 6 3}}
				{item "pala" {cell 6 2}}
				{item "grenade m61" {cell 7 1}}
				{item "ammo rifle" 40 {cell 7 0}}
				{item "grenade m61" {cell 6 0}}
				{item "grenade smoke" {cell 6 1}}
			}
		}
		{Player 2}
		{MID 4}
		{NameId 99 40}
		{FsmState "lie"}
	}
	{Human "usa.marine.oficer" 0x8004
		{Position -2364.65 -2401 90}
		{Turn 40.4037}
		{Extender "inventory"
			{box
				{clear}
				{item "thompson" filling "ammo pistol" 30 {cell 0 0}}
				{item "ammo pistol" 90 {cell 6 0}}
				{item "bino" {cell 6 2}}
				{item "colt" filling "ammo pistol" 7 {cell 6 1}}
			}
		}
		{Player 2}
		{MID 5}
		{NameId 74 27}
		{FsmState "squat"}
	}
	{Human "usa.marine2.smg" 0x8005
		{Position -2453.93 -2421.13 90}
		{Turn 58.733}
		{Extender "inventory"
			{box
				{clear}
				{item "m3a" filling "ammo pistol" 30 {cell 0 0}}
				{item "ammo pistol" 90 {cell 3 0}}
				{item "grenade n73at" {cell 6 0}}
				{item "grenade n73at" {cell 6 1}}
				{item "grenade m61" {cell 5 0}}
				{item "grenade m61" {cell 5 1}}
				{item "ammo pistol" 90 {cell 3 1}}
			}
		}
		{Player 2}
		{MID 6}
		{NameId 144 91}
		{FsmState "squat"}
	}
	{Entity "te-ke" 0x8006
		{Position -2703.64 3929.87 6.04012}
		{Turn -57.7334}
		{Player 1}
		{MID 7}
		
	}
	{Entity "te-ke" 0x8007
		{Position -2763.04 4025.25 6.84447}
		{Turn -58.1009}
		{Player 1}
		{MID 8}
		
	}
	{Entity "chi-ha47" 0x8008
		{Position -2737.14 3975.36 6.17866}
		{Turn -56.4574}
		{Player 1}
		{MID 9}
		
	}
	{Entity "chi-ha47" 0x8009
		{Position -2757.61 4009.78 6.66443}
		{Turn -58.0286}
		{Player 1}
		{MID 10}
		
	}
	{Human "jap.crewman" 0x800a
		{Position -2703.64 3929.87 6.04012}
		{Orientation
			  0.533859  -0.845573  -0.001250
			 -0.845573  -0.533855  -0.002360
			 -0.001328  -0.002317   0.999996
		}
		{Player 1}
		{MID 11}
		{NameId 18 25}
		{LastItem "type26"}
		{FsmState "board"}
	}
	{Human "jap.ofitank" 0x800b
		{Position -2737.14 3975.36 6.17866}
		{Orientation
			  0.552543  -0.833454  -0.007140
			 -0.833406  -0.552354  -0.018412
			 -0.011402  -0.016124   0.999805
		}
		{Player 1}
		{MID 12}
		{NameId 2 10}
		{LastItem "nambu"}
		{FsmState "board"}
	}
	{Human "jap.ofitank" 0x800c
		{Position -2757.61 4009.78 6.66443}
		{Orientation
			  0.529480  -0.848287  -0.007793
			 -0.848250  -0.529292  -0.017944
			 -0.011097  -0.016111   0.999809
		}
		{Player 1}
		{MID 13}
		{NameId 61 19}
		{LastItem "nambu"}
		{FsmState "board"}
	}
	{Human "jap.tankman" 0x800d
		{Position -2757.61 4009.78 6.66443}
		{Orientation
			  0.529480  -0.848287  -0.007793
			 -0.848250  -0.529292  -0.017944
			 -0.011097  -0.016111   0.999809
		}
		{Player 1}
		{MID 14}
		{NameId 73 78}
		{LastItem "type100"}
		{FsmState "board"}
	}
	{Human "jap.tankman" 0x800e
		{Position -2757.61 4009.78 6.66443}
		{Orientation
			  0.529480  -0.848287  -0.007793
			 -0.848250  -0.529292  -0.017944
			 -0.011097  -0.016111   0.999809
		}
		{Player 1}
		{MID 15}
		{NameId 68 32}
		{LastItem "type100"}
		{FsmState "board"}
	}
	{Human "jap.tankman" 0x800f
		{Position -2757.61 4009.78 6.66443}
		{Orientation
			  0.529480  -0.848287  -0.007793
			 -0.848250  -0.529292  -0.017944
			 -0.011097  -0.016111   0.999809
		}
		{Player 1}
		{MID 16}
		{NameId 31 51}
		{LastItem "type100"}
		{FsmState "board"}
	}
	{Human "jap.tankman" 0x8010
		{Position -2737.14 3975.36 6.17866}
		{Orientation
			  0.552543  -0.833454  -0.007140
			 -0.833406  -0.552354  -0.018412
			 -0.011402  -0.016124   0.999805
		}
		{Player 1}
		{MID 17}
		{NameId 1 45}
		{LastItem "type100"}
		{FsmState "board"}
	}
	{Human "jap.tankman" 0x8011
		{Position -2737.14 3975.36 6.17866}
		{Orientation
			  0.552543  -0.833454  -0.007140
			 -0.833406  -0.552354  -0.018412
			 -0.011402  -0.016124   0.999805
		}
		{Player 1}
		{MID 18}
		{NameId 13 87}
		{LastItem "type100"}
		{FsmState "board"}
	}
	{Human "jap.tankman" 0x8012
		{Position -2737.14 3975.36 6.17866}
		{Orientation
			  0.552543  -0.833454  -0.007140
			 -0.833406  -0.552354  -0.018412
			 -0.011402  -0.016124   0.999805
		}
		{Player 1}
		{MID 19}
		{NameId 0 87}
		{LastItem "type100"}
		{FsmState "board"}
	}
	{Human "jap.tankman" 0x8013
		{Position -2703.64 3929.87 6.04012}
		{Orientation
			  0.533859  -0.845573  -0.001250
			 -0.845573  -0.533855  -0.002360
			 -0.001328  -0.002317   0.999996
		}
		{Player 1}
		{MID 20}
		{NameId 88 57}
		{LastItem "type100"}
		{FsmState "board"}
	}
	{Human "jap.tankman" 0x8014
		{Position -2763.04 4025.25 6.84447}
		{Orientation
			  0.528413  -0.848961  -0.006665
			 -0.848977  -0.528351  -0.009149
			 -0.004245  -0.010493   0.999936
		}
		{Player 1}
		{MID 21}
		{NameId 66 99}
		{LastItem "type100"}
		{FsmState "board"}
	}
	{Human "jap.crewman" 0x8015
		{Position -2763.04 4025.25 6.84447}
		{Orientation
			  0.528413  -0.848961  -0.006665
			 -0.848977  -0.528351  -0.009149
			 -0.004245  -0.010493   0.999936
		}
		{Player 1}
		{MID 22}
		{NameId 52 50}
		{LastItem "type26"}
		{FsmState "board"}
	}
	{Human "jap.soldier" 0x8016
		{Position -2789.01 4048.92 23.6102}
		{Orientation
			 -0.529480   0.848287   0.007793
			 -0.848250  -0.529292  -0.017944
			 -0.011097  -0.016111   0.999809
		}
		{DisableObstacles}
		{Player 1}
		{MID 23}
		{NameId 52 45}
		{LastItem "arisaka_kn"}
		{FsmState "board"}
	}
	{Human "jap.soldier" 0x8017
		{Position -2791.07 4023.23 23.6734}
		{Orientation
			 -0.848250  -0.529292  -0.017944
			  0.529480  -0.848287  -0.007793
			 -0.011097  -0.016111   0.999809
		}
		{DisableObstacles}
		{Player 1}
		{MID 24}
		{NameId 81 90}
		{LastItem "arisaka_kn"}
		{FsmState "board"}
	}
	{Human "jap.soldier" 0x8018
		{Position -2776.02 4057.02 23.8849}
		{Orientation
			 -0.529480   0.848287   0.007793
			 -0.848250  -0.529292  -0.017944
			 -0.011097  -0.016111   0.999809
		}
		{DisableObstacles}
		{Player 1}
		{MID 25}
		{NameId 37 34}
		{LastItem "arisaka_kn"}
		{FsmState "board"}
	}
	{Human "jap.soldier" 0x8019
		{Position -2752.79 4048.77 24.5097}
		{Orientation
			  0.848250   0.529292   0.017944
			 -0.529480   0.848287   0.007793
			 -0.011097  -0.016111   0.999809
		}
		{DisableObstacles}
		{Player 1}
		{MID 26}
		{NameId 3 52}
		{LastItem "arisaka_kn"}
		{FsmState "board"}
	}
	{Human "jap.soldier" 0x801a
		{Position -2733.41 4014.47 24.0156}
		{Orientation
			  0.833406   0.552354   0.018412
			 -0.552543   0.833454   0.007140
			 -0.011402  -0.016124   0.999805
		}
		{DisableObstacles}
		{Player 1}
		{MID 27}
		{NameId 29 71}
		{LastItem "arisaka_kn"}
		{FsmState "board"}
	}
	{Human "jap.soldier" 0x801b
		{Position -2770.97 3987.89 23.1586}
		{Orientation
			 -0.833406  -0.552354  -0.018412
			  0.552543  -0.833454  -0.007140
			 -0.011402  -0.016124   0.999805
		}
		{DisableObstacles}
		{Player 1}
		{MID 28}
		{NameId 90 7}
		{LastItem "arisaka_kn"}
		{FsmState "board"}
	}
	{Human "jap.soldier" 0x801c
		{Position -2756.85 4022.09 23.371}
		{Orientation
			 -0.552543   0.833454   0.007140
			 -0.833406  -0.552354  -0.018412
			 -0.011402  -0.016124   0.999805
		}
		{DisableObstacles}
		{Player 1}
		{MID 29}
		{NameId 34 0}
		{LastItem "arisaka_kn"}
		{FsmState "board"}
	}
	{Human "jap.soldier" 0x801d
		{Position -2769.61 4013.63 23.0891}
		{Orientation
			 -0.552543   0.833454   0.007140
			 -0.833406  -0.552354  -0.018412
			 -0.011402  -0.016124   0.999805
		}
		{DisableObstacles}
		{Player 1}
		{MID 30}
		{NameId 26 85}
		{LastItem "arisaka_kn"}
		{FsmState "board"}
	}
	{Entity "isuzu-ammo" 0x801e
		{Position 1015.06 190.054 0.377619}
		{Turn -34.0336}
		{Extender "inventory"
			{box
				{clear}
				{item "bullet25 zenite" 15 {cell 0 0}}
				{item "bullet25 zenite" 15 {cell 0 2}}
				{item "bullet25 zenite" 15 {cell 2 0}}
				{item "bullet25 zenite" 15 {cell 4 0}}
				{item "bullet25 zenite" 15 {cell 6 0}}
				{item "bullet25 zenite" 15 {cell 2 2}}
				{item "bullet25 zenite" 15 {cell 4 2}}
				{item "bullet25 zenite" 15 {cell 6 2}}
			}
		}
		{Player 1}
		{MID 31}
		
	}
	{Entity "isuzu-ammo2" 0x801f
		{Position 1058.56 499.735 0}
		{Turn 8.29706}
		{Extender "inventory"
			{box
				{clear}
				{item "bullet37 ap" 20 {cell 0 0}}
				{item "bullet37 ap" 20 {cell 0 1}}
				{item "bullet37 ap" 20 {cell 0 2}}
				{item "bullet37 ap" 20 {cell 0 3}}
				{item "bullet37 ap" 20 {cell 4 0}}
				{item "bullet37 ap" 20 {cell 4 1}}
				{item "bullet37 ap" 20 {cell 4 2}}
				{item "bullet37 ap" 20 {cell 4 3}}
			}
		}
		{Player 1}
		{MID 32}
		
	}
	{Entity "isuzu-ammo" 0x8020
		{Position 761.632 143.142 1.07512}
		{Turn -78.7213}
		{Extender "inventory"
			{box
				{clear}
				{item "bullet47 ap" 10 {cell 4 0}}
				{item "bullet47 ap" 10 {cell 4 1}}
				{item "bullet47 ap" 10 {cell 4 2}}
				{item "bullet47 ap" 10 {cell 0 0}}
				{item "bullet47 ap" 10 {cell 0 1}}
				{item "bullet47 ap" 10 {cell 0 2}}
				{item "bullet47 ap" 10 {cell 0 3}}
				{item "bullet47 ap" 10 {cell 4 3}}
			}
		}
		{Player 1}
		{MID 33}
		
	}
	{Entity "isuzu-ammo2" 0x8021
		{Position 1029.71 347.098 0.938721}
		{Turn -124.897}
		{Extender "inventory"
			{box
				{clear}
				{item "bullet57 ap" 10 {cell 0 0}}
				{item "bullet57 ap" 10 {cell 3 0}}
				{item "bullet57 ap" 10 {cell 0 1}}
				{item "bullet57 ap" 10 {cell 0 3}}
				{item "bullet57 ap" 10 {cell 0 2}}
				{item "bullet57 ap" 10 {cell 3 1}}
				{item "bullet57 ap" 10 {cell 3 2}}
				{item "bullet57 ap" 10 {cell 3 3}}
				{item "ammo mgun" 150 {cell 6 0}}
				{item "ammo mgun" 150 {cell 6 2}}
				{item "ammo mgun" 150 {cell 6 1}}
				{item "ammo mgun" 150 {cell 6 3}}
			}
		}
		{Player 1}
		{MID 34}
		
	}
	{Entity "isuzu94-engin" 0x8022
		{Position -1828.83 1815.35 -7}
		{Turn 139.465}
		{Extender "inventory"
			{box
				{clear}
				{item 0x80dc "box" {cell 0 0}}
				{item 0x80dd "small_box" {cell 4 0}}
				{item "eg" {cell 5 2}}
			}
		}
		{Player 1}
		{MID 35}
		
	}
	{Entity "flag_jap2" 0x8023
		{Position -2035.76 1947.69 -7}
	}
	{Entity "flag_jap2" 0x8024
		{Position 1139.53 182.498 -1}
	}
	{Entity "flag_jap2" 0x8025
		{Position 2257.93 26.1046 0}
	}
	{Entity "watch-tower-big" 0x8026
		{Position 1979.57 -557.31 0.699555}
		{Turn -161.735}
	}
	{Entity "searchlight" 0x8027
		{Position 1932.11 -549.836 131.194}
		{Orientation
			 -0.949617  -0.313412   0.000000
			  0.313412  -0.949617   0.000000
			  0.000000   0.000000   1.000000
		}
		{DisableObstacles}
		{Player 1}
		{MID 36}
	}
	{Entity "type1_tower" 0x8028
		{Position 1945.2 -589.334 131.194}
		{Orientation
			 -0.949617  -0.313412   0.000000
			  0.313412  -0.949617   0.000000
			  0.000000   0.000000   1.000000
		}
		{DisableObstacles}
		{Player 1}
		{MID 37}
	}
	{Entity "isuzu-ammo" 0x8029
		{Position 2552.92 -25.9618 0}
		{Turn 150.471}
		{Extender "inventory"
			{box
				{clear}
				{item "bullet75 fg" 10 {cell 4 3}}
				{item "bullet75 fg" 10 {cell 4 2}}
				{item "bullet75 fg" 10 {cell 0 3}}
				{item "bullet75 fg" 10 {cell 0 1}}
				{item "bullet75 fg" 10 {cell 0 2}}
				{item "bullet75 fg" 10 {cell 4 0}}
				{item "bullet75 fg" 10 {cell 4 1}}
				{item "bullet75 fg" 10 {cell 0 0}}
			}
		}
		{Player 1}
		{MID 38}
		
	}
	{Entity "isuzu-ammo" 0x802a
		{Position 2449.88 -73.9027 0}
		{Turn 148.457}
		{Extender "inventory"
			{box
				{clear}
				{item "bullet47 fg" 10 {cell 5 3}}
				{item "bullet47 fg" 10 {cell 0 3}}
				{item "bullet47 fg" 10 {cell 5 2}}
				{item "bullet47 fg" 10 {cell 5 1}}
				{item "bullet47 fg" 10 {cell 0 2}}
				{item "bullet47 fg" 10 {cell 5 0}}
				{item "bullet47 fg" 10 {cell 0 1}}
				{item "bullet47 fg" 10 {cell 0 0}}
			}
		}
		{Player 1}
		{MID 39}
		
	}
	{Entity "isuzu-ammo" 0x802b
		{Position 2454.81 -649.821 0}
		{Turn 36.9665}
		{Extender "inventory"
			{box
				{clear}
				{item "bullet75 ap" 10 {cell 4 3}}
				{item "bullet75 ap" 10 {cell 4 2}}
				{item "bullet75 ap" 10 {cell 4 1}}
				{item "bullet75 ap" 10 {cell 4 0}}
				{item "bullet75 ap" 10 {cell 0 2}}
				{item "bullet75 ap" 10 {cell 0 3}}
				{item "bullet75 ap" 10 {cell 0 0}}
				{item "bullet75 ap" 10 {cell 0 1}}
			}
		}
		{Player 1}
		{MID 40}
		
	}
	{Entity "isuzu-ammo" 0x802c
		{Position 2847.68 -553.141 0}
		{Turn -111.94}
		{Extender "inventory"
			{box
				{clear}
				{item "bullet20 zenite" 20 {cell 6 0}}
				{item "bullet20 zenite" 20 {cell 0 2}}
				{item "bullet20 zenite" 20 {cell 6 2}}
				{item "bullet20 zenite" 20 {cell 4 2}}
				{item "bullet20 zenite" 20 {cell 2 2}}
				{item "bullet20 zenite" 20 {cell 4 0}}
				{item "bullet20 zenite" 20 {cell 2 0}}
				{item "bullet20 zenite" 20 {cell 0 0}}
			}
		}
		{Player 1}
		{MID 41}
		
	}
	{Entity "isuzu-ammo2" 0x802d
		{Position 2320.59 -318.275 0}
		{Turn 6.84118}
		{Extender "inventory"
			{box
				{clear}
				{item "ammo mgun" 20 {cell 6 0}}
				{item "ammo mgun" 20 {cell 6 1}}
				{item "ammo mgun" 20 {cell 6 3}}
				{item "ammo mgun" 20 {cell 6 2}}
				{item "ammo mgun" 20 {cell 4 3}}
				{item "ammo mgun" 20 {cell 4 2}}
				{item "ammo mgun" 20 {cell 4 1}}
				{item "ammo mgun" 20 {cell 4 0}}
				{item "ammo pistol" 30 {cell 0 0}}
				{item "ammo pistol" 30 {cell 2 0}}
				{item "ammo pistol" 30 {cell 0 1}}
				{item "ammo pistol" 30 {cell 2 1}}
				{item "ammo pistol" 30 {cell 0 2}}
				{item "ammo pistol" 30 {cell 2 2}}
				{item "ammo pistol" 30 {cell 0 3}}
				{item "ammo pistol" 30 {cell 2 3}}
			}
		}
		{Player 1}
		{MID 42}
		
	}
	{Entity "bmw-r12j" 0x802e
		{Position 3537.65 -312.384 0.230141}
		{Turn 177.774}
		{Player 1}
		{MID 43}
		
	}
	{Entity "type93" 0x802f
		{Position 3607.59 -317.417 0.0237376}
		{Turn 176.944}
		{Player 1}
		{MID 44}
		
	}
	{Human "jap.crewman" 0x8030
		{Position 3607.59 -317.417 0.0237376}
		{Orientation
			 -0.998578   0.053310   0.001017
			  0.053312   0.998577   0.001396
			  0.000941  -0.001449   0.999999
		}
		{Player 1}
		{MID 45}
		{NameId 18 26}
		{LastItem "type26"}
		{FsmState "board"}
	}
	{Human "jap.crewman" 0x8031
		{Position 3607.59 -317.417 0.0237376}
		{Orientation
			 -0.998578   0.053310   0.001017
			  0.053312   0.998577   0.001396
			  0.000941  -0.001449   0.999999
		}
		{Player 1}
		{MID 46}
		{NameId 2 11}
		{LastItem "type26"}
		{FsmState "board"}
	}
	{Human "jap.crewman" 0x8032
		{Position 3607.59 -317.417 0.0237376}
		{Orientation
			 -0.998578   0.053310   0.001017
			  0.053312   0.998577   0.001396
			  0.000941  -0.001449   0.999999
		}
		{Player 1}
		{MID 47}
		{NameId 61 20}
		{LastItem "type26"}
		{FsmState "board"}
	}
	{Human "jap.crewman" 0x8033
		{Position 3607.59 -317.417 0.0237376}
		{Orientation
			 -0.998578   0.053310   0.001017
			  0.053312   0.998577   0.001396
			  0.000941  -0.001449   0.999999
		}
		{Extender "inventory"
			{box
				{clear}
				{item "ammo pistol" 30 {cell 6 0}}
				{item "type100" filling "ammo pistol" 30 {cell 0 0}}
			}
		}
		{Player 1}
		{MID 48}
		{NameId 73 79}
		{LastItem "type100"}
		{FsmState "board"}
	}
	{Human "jap.soldier" 0x9000
		{Position 3543.21 -306.126 -0.543289}
		{Orientation
			 -0.993994   0.040053  -0.101957
			 -0.038872  -0.999153  -0.013536
			 -0.102413  -0.009492   0.994709
		}
		{Extender "inventory"
			{box
				{clear}
				{item "ammo pistol" 30 {cell 6 0}}
				{item "type100" filling "ammo pistol" 30 {cell 0 0}}
			}
		}
		{DisableObstacles}
		{Player 1}
		{MID 49}
		{NameId 68 33}
		{LastItem "type100"}
		{FsmState "board"}
	}
	{Human "jap.soldier" 0x9001
		{Position 3545.85 -320.883 0.415342}
		{Orientation
			 -0.999245   0.038867   0.000644
			 -0.038872  -0.999151  -0.013636
			  0.000113  -0.013651   0.999908
		}
		{Extender "inventory"
			{box
				{clear}
				{item "ammo pistol" 30 {cell 6 0}}
				{item "type100" filling "ammo pistol" 30 {cell 0 0}}
			}
		}
		{DisableObstacles}
		{Player 1}
		{MID 50}
		{NameId 31 52}
		{LastItem "type100"}
		{FsmState "board"}
	}
	{Entity "mine_tablet" 0x8034
		{Position 3157.56 -2545.71 5.24676}
		{Turn 21.9729}
		{TexMod "3"}
	}
	{Entity "mine_tablet" 0x8035
		{Position 2883.72 -2271.05 24.7899}
		{Turn 39.6283}
		{TexMod "8"}
	}
	{Entity "mine_tablet" 0x8036
		{Position 2670.25 -1983.52 28.0099}
		{Turn 39.5774}
		{TexMod "3"}
	}
	{Entity "mine_tablet" 0x8037
		{Position 2363.24 -1553.94 18.8599}
		{Turn 31.1788}
		{TexMod "8"}
	}
	{Entity "mine_tablet" 0x8038
		{Position 2268.84 -1024.74 0}
		{Turn 33.9774}
		{TexMod "8"}
	}
	{Entity "mine_antipersonnel" 0x8039
		{Position 3216.42 -2629.57 20.5009}
		{Extender "mine"
			{Mined}
			{Miner 1}
		}
	}
	{Entity "mine_antipersonnel" 0x803a
		{Position 3246.93 -2585.29 4.69148}
		{Extender "mine"
			{Mined}
			{Miner 1}
		}
	}
	{Entity "mine_antipersonnel" 0x803b
		{Position 3245.08 -2522.02 1.30588}
		{Extender "mine"
			{Mined}
			{Miner 1}
		}
	}
	{Entity "mine_antipersonnel" 0x803c
		{Position 3165.76 -2512.86 2.58876}
		{Extender "mine"
			{Mined}
			{Miner 1}
		}
	}
	{Entity "mine_antipersonnel" 0x803d
		{Position 3166.85 -2445.61 2.94714}
		{Extender "mine"
			{Mined}
			{Miner 1}
		}
	}
	{Entity "mine_antipersonnel" 0x803e
		{Position 3086.72 -2477.02 4}
		{Extender "mine"
			{Mined}
			{Miner 1}
		}
	}
	{Entity "mine_antipersonnel" 0x803f
		{Position 3120.36 -2441.4 2.96399}
		{Extender "mine"
			{Mined}
			{Miner 1}
		}
	}
	{Entity "mine_antipersonnel" 0x8040
		{Position 3059.3 -2428.02 5.2541}
		{Extender "mine"
			{Mined}
			{Miner 1}
		}
	}
	{Entity "mine_antipersonnel" 0x8041
		{Position 3088.16 -2383.49 4.71521}
		{Extender "mine"
			{Mined}
			{Miner 1}
		}
	}
	{Entity "mine_antipersonnel" 0x8042
		{Position 3010.55 -2370.75 13.799}
		{Extender "mine"
			{Mined}
			{Miner 1}
		}
	}
	{Entity "mine_antipersonnel" 0x8043
		{Position 3030.91 -2330.01 12.908}
		{Extender "mine"
			{Mined}
			{Miner 1}
		}
	}
	{Entity "mine_antipersonnel" 0x8044
		{Position 2949.16 -2292.43 28.9592}
		{Extender "mine"
			{Mined}
			{Miner 1}
		}
	}
	{Entity "mine_antipersonnel" 0x8045
		{Position 2992.96 -2274.12 23.1759}
		{Extender "mine"
			{Mined}
			{Miner 1}
		}
	}
	{Entity "mine_antipersonnel" 0x8046
		{Position 2933.39 -2227.3 32}
		{Extender "mine"
			{Mined}
			{Miner 1}
		}
	}
	{Entity "mine_antipersonnel" 0x8047
		{Position 2890.22 -2230.44 31.021}
		{Extender "mine"
			{Mined}
			{Miner 1}
		}
	}
	{Entity "mine_antipersonnel" 0x8048
		{Position 2875.05 -2179.81 32.505}
		{Extender "mine"
			{Mined}
			{Miner 1}
		}
	}
	{Entity "mine_antipersonnel" 0x8049
		{Position 2904.42 -2168.32 34.442}
		{Extender "mine"
			{Mined}
			{Miner 1}
		}
	}
	{Entity "mine_antipersonnel" 0x804a
		{Position 2960.34 -2184.32 35.5827}
		{Extender "mine"
			{Mined}
			{Miner 1}
		}
	}
	{Entity "mine_antipersonnel" 0x804b
		{Position 2840.9 -2142.38 29.09}
		{Extender "mine"
			{Mined}
			{Miner 1}
		}
	}
	{Entity "mine_antipersonnel" 0x804c
		{Position 2797.02 -2108.58 24.6878}
		{Extender "mine"
			{Mined}
			{Miner 1}
		}
	}
	{Entity "mine_antipersonnel" 0x804d
		{Position 2758.27 -2056.59 26.7909}
		{Extender "mine"
			{Mined}
			{Miner 1}
		}
	}
	{Entity "mine_antipersonnel" 0x804e
		{Position 2752.99 -2014.17 34.7638}
		{Extender "mine"
			{Mined}
			{Miner 1}
		}
	}
	{Entity "mine_antipersonnel" 0x804f
		{Position 2823.37 -2075.89 31.1385}
		{Extender "mine"
			{Mined}
			{Miner 1}
		}
	}
	{Entity "mine_antipersonnel" 0x8050
		{Position 2880.37 -2124.99 33.037}
		{Extender "mine"
			{Mined}
			{Miner 1}
		}
	}
	{Entity "mine_antipersonnel" 0x8051
		{Position 2825.27 -2012.02 38.798}
		{Extender "mine"
			{Mined}
			{Miner 1}
		}
	}
	{Entity "mine_antipersonnel" 0x8052
		{Position 2735.56 -1941.78 50.5649}
		{Extender "mine"
			{Mined}
			{Miner 1}
		}
	}
	{Entity "mine_antipersonnel" 0x8053
		{Position 2707.07 -1986.88 35.3498}
		{Extender "mine"
			{Mined}
			{Miner 1}
		}
	}
	{Entity "mine_antipersonnel" 0x8054
		{Position 2641.4 -1925.79 38.6827}
		{Extender "mine"
			{Mined}
			{Miner 1}
		}
	}
	{Entity "mine_antipersonnel" 0x8055
		{Position 2670.33 -1903.36 52.0359}
		{Extender "mine"
			{Mined}
			{Miner 1}
		}
	}
	{Entity "mine_antipersonnel" 0x8056
		{Position 2681.52 -1862.21 60.7435}
		{Extender "mine"
			{Mined}
			{Miner 1}
		}
	}
	{Entity "mine_antipersonnel" 0x8057
		{Position 3206.36 -2690.48 11.4438}
		{Extender "mine"
			{Mined}
			{Miner 1}
		}
	}
	{Entity "mine_antipersonnel" 0x8058
		{Position 3285.54 -2685.03 10.5055}
		{Extender "mine"
			{Mined}
			{Miner 1}
		}
	}
	{Entity "mine_antipersonnel" 0x8059
		{Position 3304.16 -2641.22 3.58405}
		{Extender "mine"
			{Mined}
			{Miner 1}
		}
	}
	{Entity "mine_antipersonnel" 0x805a
		{Position 3207.55 -2559.25 4.15168}
		{Extender "mine"
			{Mined}
			{Miner 1}
		}
	}
	{Entity "mine_antipersonnel" 0x805b
		{Position 3219.44 -2476.95 2.59287}
		{Extender "mine"
			{Mined}
			{Miner 1}
		}
	}
	{Entity "mine_antipersonnel" 0x805c
		{Position 2607.73 -1879.13 42.4256}
		{Extender "mine"
			{Mined}
			{Miner 1}
		}
	}
	{Entity "mine_antipersonnel" 0x805d
		{Position 2644.81 -1857.44 54.8317}
		{Extender "mine"
			{Mined}
			{Miner 1}
		}
	}
	{Entity "mine_antipersonnel" 0x805e
		{Position 2588.83 -1830.91 44.3497}
		{Extender "mine"
			{Mined}
			{Miner 1}
		}
	}
	{Entity "mine_antipersonnel" 0x805f
		{Position 2570.24 -1787.01 41.3709}
		{Extender "mine"
			{Mined}
			{Miner 1}
		}
	}
	{Entity "mine_antipersonnel" 0x8060
		{Position 2616.41 -1760.49 52.69}
		{Extender "mine"
			{Mined}
			{Miner 1}
		}
	}
	{Entity "mine_antipersonnel" 0x8061
		{Position 2525.37 -1769.77 27.6445}
		{Extender "mine"
			{Mined}
			{Miner 1}
		}
	}
	{Entity "mine_antipersonnel" 0x8062
		{Position 2491.01 -1717.13 25.2019}
		{Extender "mine"
			{Mined}
			{Miner 1}
		}
	}
	{Entity "mine_antipersonnel" 0x8063
		{Position 2539.8 -1720.89 34.8709}
		{Extender "mine"
			{Mined}
			{Miner 1}
		}
	}
	{Entity "mine_antipersonnel" 0x8064
		{Position 2591.4 -1717.3 45.0099}
		{Extender "mine"
			{Mined}
			{Miner 1}
		}
	}
	{Entity "mine_antipersonnel" 0x8065
		{Position 2563.21 -1674.24 37.5601}
		{Extender "mine"
			{Mined}
			{Miner 1}
		}
	}
	{Entity "mine_antipersonnel" 0x8066
		{Position 2516.04 -1683.69 32.0767}
		{Extender "mine"
			{Mined}
			{Miner 1}
		}
	}
	{Entity "mine_antipersonnel" 0x8067
		{Position 2468.44 -1660.93 24.5948}
		{Extender "mine"
			{Mined}
			{Miner 1}
		}
	}
	{Entity "mine_antipersonnel" 0x8068
		{Position 2493.09 -1620.33 30}
		{Extender "mine"
			{Mined}
			{Miner 1}
		}
	}
	{Entity "mine_antipersonnel" 0x8069
		{Position 2536.76 -1620.2 32.676}
		{Extender "mine"
			{Mined}
			{Miner 1}
		}
	}
	{Entity "mine_antipersonnel" 0x806a
		{Position 2487.04 -1557.65 24.3036}
		{Extender "mine"
			{Mined}
			{Miner 1}
		}
	}
	{Entity "mine_antipersonnel" 0x806b
		{Position 2446.11 -1598.52 25.611}
		{Extender "mine"
			{Mined}
			{Miner 1}
		}
	}
	{Entity "mine_antipersonnel" 0x806c
		{Position 2447.15 -1557.33 23.733}
		{Extender "mine"
			{Mined}
			{Miner 1}
		}
	}
	{Entity "mine_antipersonnel" 0x806d
		{Position 2480.52 -1488.69 13.8622}
		{Extender "mine"
			{Mined}
			{Miner 1}
		}
	}
	{Entity "mine_antipersonnel" 0x806e
		{Position 2404.36 -1530.73 20.5959}
		{Extender "mine"
			{Mined}
			{Miner 1}
		}
	}
	{Entity "mine_antipersonnel" 0x806f
		{Position 2400.11 -1473.62 13.355}
		{Extender "mine"
			{Mined}
			{Miner 1}
		}
	}
	{Entity "mine_antipersonnel" 0x8070
		{Position 2345.05 -1496.54 20.149}
		{Extender "mine"
			{Mined}
			{Miner 1}
		}
	}
	{Entity "mine_antipersonnel" 0x8071
		{Position 2368.66 -1406.5 4.78409}
		{Extender "mine"
			{Mined}
			{Miner 1}
		}
	}
	{Entity "mine_antipersonnel" 0x8072
		{Position 2300.68 -1484.3 20.7684}
		{Extender "mine"
			{Mined}
			{Miner 1}
		}
	}
	{Entity "mine_antipersonnel" 0x8073
		{Position 2326.15 -1437.3 16.5002}
		{Extender "mine"
			{Mined}
			{Miner 1}
		}
	}
	{Entity "mine_antipersonnel" 0x8074
		{Position 2304.6 -1379.51 8.98212}
		{Extender "mine"
			{Mined}
			{Miner 1}
		}
	}
	{Entity "mine_antipersonnel" 0x8075
		{Position 2266.45 -1436.29 20.5374}
		{Extender "mine"
			{Mined}
			{Miner 1}
		}
	}
	{Entity "mine_antipersonnel" 0x8076
		{Position 2375.96 -1353.58 0}
		{Extender "mine"
			{Mined}
			{Miner 1}
		}
	}
	{Entity "mine_antipersonnel" 0x8077
		{Position 2319.92 -1319.11 0.00733995}
		{Extender "mine"
			{Mined}
			{Miner 1}
		}
	}
	{Entity "mine_antipersonnel" 0x8078
		{Position 2371.72 -1241.3 0}
		{Extender "mine"
			{Mined}
			{Miner 1}
		}
	}
	{Entity "mine_antipersonnel" 0x8079
		{Position 2287.69 -1252.58 0}
		{Extender "mine"
			{Mined}
			{Miner 1}
		}
	}
	{Entity "mine_antipersonnel" 0x807a
		{Position 2287.72 -1302.26 0.226028}
		{Extender "mine"
			{Mined}
			{Miner 1}
		}
	}
	{Entity "mine_antipersonnel" 0x807b
		{Position 2340.83 -1212.85 0}
		{Extender "mine"
			{Mined}
			{Miner 1}
		}
	}
	{Entity "mine_antipersonnel" 0x807c
		{Position 2391.9 -1180.68 0}
		{Extender "mine"
			{Mined}
			{Miner 1}
		}
	}
	{Entity "mine_antipersonnel" 0x807d
		{Position 2302.02 -1186.9 0}
		{Extender "mine"
			{Mined}
			{Miner 1}
		}
	}
	{Entity "mine_antipersonnel" 0x807e
		{Position 2421.43 -1116.31 0}
		{Extender "mine"
			{Mined}
			{Miner 1}
		}
	}
	{Entity "mine_antipersonnel" 0x807f
		{Position 2425.25 -1073.72 0}
		{Extender "mine"
			{Mined}
			{Miner 1}
		}
	}
	{Entity "mine_antipersonnel" 0x8080
		{Position 2377.64 -1081.86 0}
		{Extender "mine"
			{Mined}
			{Miner 1}
		}
	}
	{Entity "mine_antipersonnel" 0x8081
		{Position 2311.84 -1094.88 0}
		{Extender "mine"
			{Mined}
			{Miner 1}
		}
	}
	{Entity "mine_antipersonnel" 0x8082
		{Position 2318.81 -1033.7 0}
		{Extender "mine"
			{Mined}
			{Miner 1}
		}
	}
	{Entity "mine_antipersonnel" 0x8083
		{Position 2323.5 -991.296 0}
		{Extender "mine"
			{Mined}
			{Miner 1}
		}
	}
	{Entity "mine_antipersonnel" 0x8084
		{Position 2296.04 -939.685 0}
		{Extender "mine"
			{Mined}
			{Miner 1}
		}
	}
	{Entity "mine_antipersonnel" 0x8085
		{Position 2296.34 -875.401 0.751414}
		{Extender "mine"
			{Mined}
			{Miner 1}
		}
	}
	{Entity "mine_antipersonnel" 0x8086
		{Position 2259.54 -866.554 1.34456}
		{Extender "mine"
			{Mined}
			{Miner 1}
		}
	}
	{Entity "mine_antipersonnel" 0x8087
		{Position 2335.55 -921.471 0}
		{Extender "mine"
			{Mined}
			{Miner 1}
		}
	}
	{Entity "mine_antipersonnel" 0x8088
		{Position 2386.2 -949.13 0}
		{Extender "mine"
			{Mined}
			{Miner 1}
		}
	}
	{Entity "mine_antipersonnel" 0x8089
		{Position 2429.69 -935.273 0}
		{Extender "mine"
			{Mined}
			{Miner 1}
		}
	}
	{Entity "mine_antipersonnel" 0x808a
		{Position 2339.81 -1159.92 0}
		{Extender "mine"
			{Mined}
			{Miner 1}
		}
	}
	{Entity "mine_antipersonnel" 0x808b
		{Position 2656.79 -1795.9 59.269}
		{Extender "mine"
			{Mined}
			{Miner 1}
		}
	}
	{Entity "mine_antipersonnel" 0x808c
		{Position 2394.37 -1292.74 0}
		{Extender "mine"
			{Mined}
			{Miner 1}
		}
	}
	{Entity "watch-tower" 0x808d
		{Position 3466.93 -2280.44 32.324}
		{Turn 177.23}
	}
	{Entity "type1_tower" 0x808e
		{Position 3466.56 -2281.49 153.673}
		{Orientation
			 -0.998832   0.048327   0.000000
			 -0.048327  -0.998832   0.000000
			  0.000000   0.000000   1.000000
		}
		{DisableObstacles}
		{Player 1}
		{MID 51}
		
	}
	{Entity "watch-tower" 0x808f
		{Position 2809.9 3867.03 91}
		{Turn -140.806}
	}
	{Entity "type1_tower" 0x8090
		{Position 2810.32 3866 212.349}
		{Orientation
			 -0.775011  -0.631948   0.000000
			  0.631948  -0.775011   0.000000
			  0.000000   0.000000   1.000000
		}
		{DisableObstacles}
		{Player 1}
		{MID 52}
		
	}
	{Entity "defence" 0x8091
		{Position 2698.19 3915.71 92}
		{Turn -115.177}
	}
	{Entity "defence" 0x8092
		{Position 2698.09 3853.17 93}
		{Turn -62.5554}
	}
	{Entity "defence" 0x8093
		{Position 2724.06 3804.05 94.8356}
		{Turn -61.4885}
	}
	{Entity "defence" 0x8094
		{Position 2769.5 3767.75 93.05}
		{Turn -12.7218}
	}
	{Entity "defence2" 0x8095
		{Position 2830.37 3771.88 92}
		{Turn 10.3662}
	}
	{Entity "defence" 0x8096
		{Position 2979.31 60.907 -4.90933}
		{Turn 174.423}
		{Constrain surface}
	}
	{Entity "defence" 0x8097
		{Position 3070.5 10.8648 -3.86793}
		{Turn 125.652}
	}
	{Entity "defence2" 0x8098
		{Position 2922.58 37.0166 -9.2984}
		{Turn -146.817}
	}
	{Entity "defence2" 0x8099
		{Position 1942.14 -593.186 -0.318634}
		{Turn -47.7809}
	}
	{Entity "defence2" 0x809a
		{Position 1924.03 -540.741 0}
		{Turn -96.534}
	}
	{Human "jap.infantry_rifle" 0x809b
		{Position 3480.78 -2282.4 154.242}
		{Turn 177.23}
		{DisableObstacles}
		{Player 1}
		{MID 53}
		{NameId 18 27}
		{FsmState "board"}
	}
	{Human "jap.infantry_smg" 0x809c
		{Position 3353.26 -2256.87 27.2109}
		{Turn 136.2}
		{Player 1}
		{MID 54}
		{NameId 2 12}
		{FsmState "stand"}
	}
	{Human "jap.infantry_smg" 0x809d
		{Position 3359.27 -2235.95 28.4346}
		{Turn -155.921}
		{Extender "inventory"
			{box
				{clear}
				{item "type100" filling "ammo pistol" 30 {cell 0 0}}
				{item "ammo pistol" 90 {cell 6 0}}
			}
		}
		{Player 1}
		{MID 55}
		{NameId 61 21}
		{FsmState "stand"}
	}
	{Human "jap.infantry_rifle" 0x809e
		{Position 3278.69 -2289.3 32.1399}
		{Turn 158.448}
		{Extender "inventory"
			{box
				{clear}
				{item "arisaka" filling "ammo rifle" 5 {cell 0 0}}
				{item "bayonet" {cell 7 0}}
				{item "ammo rifle" 25 {cell 6 0}}
			}
		}
		{Player 1}
		{MID 56}
		{NameId 73 80}
		{FsmState "stand"}
	}
	{Human "jap.infantry_rifle" 0x809f
		{Position 3307.66 -2310.15 27}
		{Turn 152.052}
		{Player 1}
		{MID 57}
		{NameId 68 34}
		{FsmState "stand"}
	}
	{Human "jap.infantry_rifle" 0x80a0
		{Position 3340.49 -2330.34 24.9983}
		{Turn 147.897}
		{Extender "inventory"
			{box
				{clear}
				{item "arisaka" filling "ammo rifle" 5 {cell 0 0}}
				{item "bayonet" {cell 7 0}}
				{item "ammo rifle" 25 {cell 6 0}}
			}
		}
		{Player 1}
		{MID 58}
		{NameId 31 53}
		{FsmState "stand"}
	}
	{Human "jap.infantry_rifle" 0x80a1
		{Position 3209.9 -977.815 115}
		{Turn -64.3438}
		{Player 1}
		{MID 59}
		{NameId 1 46}
		{Cover
			{sector 3209.9 -977.815 {type "squat_lie"}
				{wall 0 0 3235.66 -973.207 3203.69 -988.563}
			}
		}
		{FsmState "squat"}
	}
	{Human "jap.infantry_smg" 0x80a2
		{Position 3195.68 -952.083 115}
		{Turn 137.661}
		{Player 1}
		{MID 60}
		{NameId 13 88}
		{Cover
			{sector 3195.68 -952.083 {type "squat_lie"}
				{wall 0 0 3185.12 -953.281 3196.57 -940.715}
			}
		}
		{FsmState "squat"}
	}
	{Human "jap.oficer" 0x80a3
		{Position 3194.65 -972.005 115}
		{Turn -144.336}
		{Extender "inventory"
			{box
				{clear}
				{item "bino" {cell 6 0}}
				{item "ammo pistol" 30 {cell 4 0}}
				{item "type100" filling "ammo pistol" 30 {cell 0 0}}
			}
		}
		{Player 1}
		{MID 61}
		{NameId 18 28}
		{Cover
			{sector 3194.65 -972.005 {type "squat_lie"}
				{wall 0 0 3193.65 -982.614 3183.69 -968.735}
			}
		}
		{FsmState "squat"}
	}
	{Human "jap.soldier" 0x80a4
		{Position 3164.22 -447.104 0}
		{Player 1}
		{MID 62}
		{NameId 2 13}
		{FsmState "stand"}
	}
	{Human "jap.soldier" 0x80a5
		{Position 2914.89 -59.1016 -1.62462}
		{Player 1}
		{MID 63}
		{NameId 61 22}
		{FsmState "stand"}
	}
	{Human "jap.infantry_mgun" 0x80a6
		{Position 2977.04 46.7687 -6.09567}
		{Turn 111.323}
		{Extender "inventory"
			{box
				{clear}
				{item "type97" filling "ammo mgun" 20 {cell 0 0}}
				{item "ammo mgun" 80 {cell 6 0}}
			}
		}
		{Player 1}
		{MID 64}
		{NameId 73 81}
		{Cover
			{sector 2977.04 46.7687 {type "snipe_cover"}
				{wall 0 0 2949.2 43.4168 2984.04 57.0166}
			}
		}
		{FsmState "snipe"}
	}
	{Human "jap.infantry_rifle" 0x80a7
		{Position 3042.39 13.851 -4.61493}
		{Turn 58.061}
		{Player 1}
		{MID 65}
		{NameId 68 35}
		{Cover
			{sector 3042.39 13.851 {type "snipe_cover"}
				{wall 0 0 3038.46 24.5525 3070.2 4.76611}
			}
		}
		{FsmState "snipe"}
	}
	{Human "jap.infantry_rifle" 0x80a8
		{Position 2942.4 28.7919 -9.90992}
		{Turn 123.185}
		{Player 1}
		{MID 66}
		{NameId 31 54}
		{Cover
			{sector 2942.4 28.7919 {type "snipe_cover"}
				{wall 0 0 2894.39 5.76203 2962.27 50.156}
			}
		}
		{FsmState "snipe"}
	}
	{Human "jap.infantry_mgun" 0x80a9
		{Position 2418.44 793.585 21.8999}
		{Turn 105.955}
		{Extender "inventory"
			{box
				{clear}
				{item "ammo mgun" 80 {cell 6 0}}
			}
		}
		{Player 1}
		{MID 67}
		{Weaponry
			{State
				{Mounted "type97"}
				{Weapon
					{Ammo "ammo mgun" 20}
				}
			}
		}
		{NameId 1 47}
		{Cover
			{sector 2418.44 793.585 {type "squat_lie"}
				{wall 0 0 2404.63 796.918 2429.6 804.057}
			}
		}
		{FsmState "squat"}
	}
	{Human "jap.oficer" 0x80aa
		{Position 2408.03 781.895 20.9627}
		{Turn 168.958}
		{Player 1}
		{MID 68}
		{NameId 13 89}
		{Cover
			{sector 2408.03 781.895 {type "squat_lie"}
				{wall 0 0 2399.73 775.904 2402.97 792.507}
			}
		}
		{FsmState "squat"}
	}
	{Human "jap.infantry_rifle" 0x80ab
		{Position 2449.36 704.007 18.3623}
		{Extender "inventory"
			{box
				{clear}
				{item "grenade type23" {cell 7 0}}
				{item "ammo rifle" 25 {cell 6 0}}
				{item "arisaka_kn" filling "ammo rifle" 5 {cell 0 0}}
			}
		}
		{Player 1}
		{MID 69}
		{NameId 0 88}
		{FsmState "stand"}
	}
	{Human "jap.infantry_rifle" 0x80ac
		{Position 2436.73 780.43 22}
		{Turn 66.0033}
		{Extender "inventory"
			{box
				{clear}
				{item "arisaka" filling "ammo rifle" 5 {cell 0 0}}
				{item "bayonet" {cell 7 0}}
				{item "ammo rifle" 25 {cell 6 0}}
			}
		}
		{Player 1}
		{MID 70}
		{NameId 88 58}
		{FsmState "stand"}
	}
	{Human "jap.oficer" 0x80ad
		{Position 2298.19 -476.517 0}
		{Turn -86.9874}
		{Player 1}
		{MID 71}
		{NameId 66 100}
		{FsmState "stand"}
	}
	{Human "jap.soldier" 0x80ae
		{Position 2243.96 -68.0455 0}
		{Turn -57.6025}
		{Extender "inventory"
			{box
				{clear}
				{item "ammo rifle" 20 {cell 4 0}}
			}
		}
		{Player 1}
		{MID 72}
		{Weaponry
			{State
				{Mounted "arisaka_kn"}
				{Weapon
					{Ammo "ammo rifle" 5}
				}
			}
		}
		{NameId 52 51}
		{FsmState "stand"}
	}
	{Human "jap.soldier" 0x80af
		{Position 2267.03 -91.4293 0}
		{Turn -125.634}
		{Extender "inventory"
			{box
				{clear}
				{item "ammo rifle" 20 {cell 4 0}}
			}
		}
		{Player 1}
		{MID 73}
		{Weaponry
			{State
				{Mounted "arisaka_kn"}
				{Weapon
					{Ammo "ammo rifle" 5}
				}
			}
		}
		{NameId 52 46}
		{FsmState "stand"}
	}
	{Human "jap.soldier" 0x80b0
		{Position 2224.33 -97.1036 0}
		{Turn -31.0461}
		{Extender "inventory"
			{box
				{clear}
				{item "ammo rifle" 20 {cell 4 0}}
			}
		}
		{Player 1}
		{MID 74}
		{Weaponry
			{State
				{Mounted "arisaka_kn"}
				{Weapon
					{Ammo "ammo rifle" 5}
				}
			}
		}
		{NameId 81 91}
		{FsmState "stand"}
	}
	{Human "jap.soldier" 0x80b1
		{Position 2214.26 -127.788 0}
		{Turn -21.5962}
		{Extender "inventory"
			{box
				{clear}
				{item "ammo rifle" 20 {cell 4 0}}
			}
		}
		{Player 1}
		{MID 75}
		{Weaponry
			{State
				{Mounted "arisaka_kn"}
				{Weapon
					{Ammo "ammo rifle" 5}
				}
			}
		}
		{NameId 37 35}
		{FsmState "stand"}
	}
	{Human "jap.soldier" 0x80b2
		{Position 2240.04 -444.52 0}
		{Player 1}
		{MID 76}
		{NameId 3 53}
		{FsmState "stand"}
	}
	{Human "jap.soldier" 0x80b3
		{Position 2242.98 -472.73 0}
		{Turn 12.8143}
		{Player 1}
		{MID 77}
		{NameId 29 72}
		{FsmState "stand"}
	}
	{Human "jap.soldier" 0x80b4
		{Position 2245.85 -500.41 0}
		{Turn 12.8143}
		{Player 1}
		{MID 78}
		{NameId 90 8}
		{FsmState "stand"}
	}
	{Human "jap.soldier" 0x80b5
		{Position 2246.16 -530.562 0}
		{Turn 12.8143}
		{Player 1}
		{MID 79}
		{NameId 34 1}
		{FsmState "stand"}
	}
	{Human "jap.soldier" 0x80b6
		{Position 2248.76 -558.61 0}
		{Turn 3.17303}
		{Player 1}
		{MID 80}
		{NameId 26 86}
		{FsmState "stand"}
	}
	{Human "jap.soldier" 0x80b7
		{Position 2105.34 -354.489 0}
		{Turn 84.7422}
		{Player 1}
		{MID 81}
		{NameId 42 71}
		{FsmState "stand"}
	}
	{Human "jap.soldier" 0x80b8
		{Position 2195.82 -711.446 17.418}
		{Turn 139.42}
		{Player 1}
		{MID 82}
		{NameId 8 47}
		{FsmState "stand"}
	}
	{Human "jap.soldier" 0x80b9
		{Position 1941.66 -532.935 131.194}
		{Turn -141.736}
		{DisableObstacles}
		{Player 1}
		{MID 83}
		{NameId 54 87}
		{FsmState "board"}
	}
	{Human "jap.soldier" 0x80ba
		{Position 1958.8 -585.082 131.762}
		{Turn -161.735}
		{DisableObstacles}
		{Player 1}
		{MID 84}
		{NameId 29 16}
		{FsmState "board"}
	}
	{Human "jap.soldier" 0x80bb
		{Position 2558.05 99.7772 0}
		{Turn -99.2339}
		{Player 1}
		{MID 85}
		{NameId 83 53}
		{FsmState "stand"}
	}
	{Human "jap.soldier" 0x80bc
		{Position 2539.07 77.7931 0}
		{Player 1}
		{MID 86}
		{NameId 88 6}
		{FsmState "stand"}
	}
	{Human "jap.soldier" 0x80bd
		{Position 2570.05 66.1386 0}
		{Turn 131.49}
		{Player 1}
		{MID 87}
		{NameId 70 76}
		{FsmState "stand"}
	}
	{Human "jap.soldier" 0x80be
		{Position 2614.54 -667.3 0}
		{Turn -157.468}
		{Player 1}
		{MID 88}
		{NameId 40 15}
		{FsmState "stand"}
	}
	{Human "jap.soldier" 0x80bf
		{Position 2592.4 -674.098 0}
		{Player 1}
		{MID 89}
		{NameId 15 98}
		{FsmState "stand"}
	}
	{Human "jap.soldier" 0x80c0
		{Position 2536.8 -663.083 0}
		{Player 1}
		{MID 90}
		{NameId 7 8}
		{FsmState "stand"}
	}
	{Human "jap.soldier" 0x80c1
		{Position 2551.36 -691.789 0}
		{Turn 83.926}
		{Player 1}
		{MID 91}
		{NameId 75 57}
		{FsmState "stand"}
	}
	{Human "jap.medic" 0x80c2
		{Position 2399.98 146.053 -0.60403}
		{Turn 177.362}
		{Extender "inventory"
			{box
				{clear}
				{item "nambu" filling "ammo pistol" 8 {cell 0 0}}
				{item "ammo pistol" 24 {cell 2 0}}
				{item "knife" {cell 4 0}}
				{item "bandage" 5 {cell 6 0}}
				{item "bandage" 5 {cell 6 1}}
				{item "morphine" 2 {cell 6 2}}
			}
			{hand_right
				{Item 0x8137 "medkit"}
			}
		}
		{Player 1}
		{MID 92}
		{NameId 79 30}
		{FsmState "stand"}
	}
	{Human "jap.rifleat" 0x80c3
		{Position 2759.83 -570.34 0}
		{Turn -156.464}
		{Extender "inventory"
			{box
				{clear}
				{item "type97at" filling "ammo ptr20" 7 {cell 0 0}}
				{item "ammo ptr20" 7 {cell 0 2}}
			}
		}
		{Player 1}
		{MID 93}
		{NameId 38 5}
		{FsmState "stand"}
	}
	{Human "jap.engineer" 0x80c4
		{Position 2749.18 -592.007 0}
		{Turn 84.7417}
		{Extender "inventory"
			{box
				{clear}
				{item "type100" filling "ammo pistol" 30 {cell 0 0}}
				{item "ammo pistol" 90 {cell 4 0}}
				{item "dynamite" {cell 6 0}}
				{item "dynamite" {cell 6 2}}
				{item "grenade type23" {cell 5 1}}
			}
		}
		{Player 1}
		{MID 94}
		{NameId 86 93}
		{FsmState "stand"}
	}
	{Human "jap.engineer" 0x80c5
		{Position 2373.85 142.102 0}
		{Extender "inventory"
			{box
				{clear}
				{item "type100" filling "ammo pistol" 30 {cell 0 0}}
				{item "ammo pistol" 90 {cell 4 0}}
				{item "dynamite" {cell 6 0}}
