;Exported by: shevchenko
;Date:        Thu Apr 22 13:51:07 2004
;File:        D:\-Projects-\-3DWork-\sheva\SK\lighthouse1_x_new.max
{Skeleton
	{animation
		{sequence "crush" {speed 0.4}}
	}
	{bone "lighthouse1"
		{parameters "CommonMesh;"}
		{Orientation
			1.0000	0.0000	0.0000
			0.0000	-1.0000	0.0000
			0.0000	0.0000	1.0000
		}
		{VolumeView "lighthouse1.ply"}
		{bone "Sub_piece8"
			{Matrix34
				-0.0000	-1.0000	0.0000
				1.0000	-0.0000	0.0000
				0.0000	0.0000	1.0000
				9.7364	-96.1257	105.5869
			}
			{VolumeView "Sub_piece8.ply"}
		}
		{bone "Piece5"
			{Matrix34
				-0.0000	-1.0000	0.0000
				1.0000	-0.0000	0.0000
				0.0000	0.0000	1.0000
				-14.9905	-96.1257	104.9260
			}
			{VolumeView "Piece5.ply"}
		}
		{bone "Piece3"
			{Matrix34
				0.0000	1.0000	0.0000
				-1.0000	0.0000	0.0000
				0.0000	0.0000	1.0000
				13.0893	17.2041	104.9260
			}
			{VolumeView "Piece3.ply"}
		}
		{bone "Piece4"
			{Matrix34
				0.0000	1.0000	0.0000
				-1.0000	0.0000	0.0000
				0.0000	0.0000	1.0000
				-21.2088	17.2041	101.0557
			}
			{VolumeView "Piece4.ply"}
		}
		{bone "Piece0"
			{Matrix34
				-0.0000	-1.0000	0.0000
				1.0000	-0.0000	0.0000
				0.0000	0.0000	1.0000
				29.0358	-96.1257	101.8285
			}
			{VolumeView "Piece0.ply"}
		}
		{bone "Piece7"
			{Matrix34
				-0.0000	-1.0000	0.0000
				1.0000	-0.0000	0.0000
				0.0000	0.0000	1.0000
				-1.0265	-96.1257	118.1430
			}
			{VolumeView "Piece7.ply"}
		}
		{bone "Piece8"
			{Position 52.5174	-84.1813	72.1234}
			{VolumeView "Piece8.ply"}
		}
		{bone "Piece9"
			{Position 52.5174	-26.1797	66.6031}
			{VolumeView "Piece9.ply"}
		}
		{bone "Piece10"
			{Matrix34
				0.0000	1.0000	0.0000
				-1.0000	0.0000	0.0000
				0.0000	0.0000	1.0000
				-8.5132	17.2041	115.8343
			}
			{VolumeView "Piece10.ply"}
		}
		{bone "Piece1"
			{Position 52.9004	-0.3076	80.6783}
			{VolumeView "Piece1.ply"}
		}
		{bone "Piece11"
			{Position 52.9004	-51.4797	81.0073}
			{VolumeView "Piece11.ply"}
		}
		{bone "Piece6"
			{Matrix34
				-0.0000	-1.0000	-0.0000
				0.8192	-0.0000	0.5736
				-0.5736	0.0000	0.8192
				33.8394	-96.1663	73.7939
			}
			{VolumeView "Piece6.ply"}
		}
		{bone "Piece12"
			{Matrix34
				-0.0000	-1.0000	0.0000
				1.0000	-0.0000	0.0000
				0.0000	0.0000	1.0000
				-31.8769	-96.4869	76.2013
			}
			{VolumeView "Piece12.ply"}
		}
		{bone "Piece13"
			{Matrix34
				-0.0000	-1.0000	0.0000
				1.0000	-0.0000	0.0000
				0.0000	0.0000	1.0000
				41.9047	-96.4869	48.1298
			}
			{VolumeView "Piece13.ply"}
		}
		{bone "Piece14"
			{Matrix34
				-1.0000	0.0000	0.0000
				-0.0000	-1.0000	0.0000
				0.0000	0.0000	1.0000
				-53.0838	3.1072	72.1234
			}
			{VolumeView "Piece14.ply"}
		}
		{bone "Sub_piece0"
			{Matrix34
				-1.0000	0.0000	0.0000
				-0.0000	-1.0000	0.0000
				0.0000	0.0000	1.0000
				-53.4668	-24.3421	46.7734
			}
			{VolumeView "Sub_piece0.ply"}
		}
		{bone "Sub_piece1"
			{Matrix34
				-1.0000	0.0000	0.0000
				-0.0000	-1.0000	0.0000
				0.0000	0.0000	1.0000
				-53.0838	-89.5592	77.9498
			}
			{VolumeView "Sub_piece1.ply"}
		}
		{bone "Piece2"
			{Matrix34
				-1.0000	0.0000	0.0000
				-0.0000	-1.0000	0.0000
				0.0000	0.0000	1.0000
				-53.4668	-42.1832	68.7844
			}
			{VolumeView "Piece2.ply"}
		}
		{bone "Sub_piece3"
			{Position 13.7918	68.2246	48.0526}
			{VolumeView "Sub_piece3.ply"}
		}
		{bone "Sub_piece4"
			{Matrix34
				-1.0000	0.0000	0.0000
				-0.0000	-1.0000	0.0000
				0.0000	0.0000	1.0000
				-40.2968	55.5356	58.1232
			}
			{VolumeView "Sub_piece4.ply"}
		}
		{bone "Sub_piece5"
			{Matrix34
				0.0000	1.0000	0.0000
				-1.0000	0.0000	0.0000
				0.0000	0.0000	1.0000
				-8.9471	16.9860	77.5820
			}
			{VolumeView "Sub_piece5.ply"}
		}
		{bone "Sub_piece2"
			{Matrix34
				0.0000	1.0000	0.0000
				-1.0000	0.0000	0.0000
				0.0000	0.0000	1.0000
				16.9251	16.6031	63.5067
			}
			{VolumeView "Sub_piece2.ply"}
		}
		{bone "Sub_piece6"
			{Matrix34
				0.0000	1.0000	0.0000
				-1.0000	0.0000	0.0000
				0.0000	0.0000	1.0000
				43.5716	16.6030	69.0270
			}
			{VolumeView "Sub_piece6.ply"}
		}
		{bone "Sub_piece7"
			{Matrix34
				-1.0000	0.0000	0.0000
				-0.0000	-0.9063	-0.4226
				-0.0000	-0.4226	0.9063
				-40.2149	76.0513	49.6704
			}
			{VolumeView "Sub_piece7.ply"}
		}
		{bone "exterior"
			{Position 0.0063	-0.6507	104.3701}
		}
	}
}
{Obstacle "body9"
	{Obb2
		{Center -53.56 80.9185}
		{Extent 3.44488 17.4614}
		{Axis 1 0}
	}
	{Rotate}
}
{Obstacle "body8"
	{Obb2
		{Center 13.6018 -67.3767}
		{Extent 3.44489 12.7763}
		{Axis 1 0}
	}
	{Rotate}
}
{Obstacle "body7"
	{Obb2
		{Center 13.6018 -27.4539}
		{Extent 3.44488 5.94248}
		{Axis 1 0}
	}
	{Rotate}
}
{Obstacle "body6"
	{Obb2
		{Center 32.9514 -18.2802}
		{Extent 16.9785 3.44488}
		{Axis 1 0}
	}
	{Rotate}
}
{Obstacle "body5"
	{Obb2
		{Center 53.375 78.2521}
		{Extent 3.44488 6.08001}
		{Axis 1 0}
	}
	{Rotate}
}
{Obstacle "body4"
	{Obb2
		{Center 53.375 26.3458}
		{Extent 3.44488 21.6073}
		{Axis 1 0}
	}
	{Rotate}
}
{Obstacle "body3"
	{Obb2
		{Center 53.375 -7.29425}
		{Extent 3.44488 12.126}
		{Axis 1 0}
	}
	{Rotate}
}
{Obstacle "body2"
	{Obb2
		{Center 53.375 60.1034}
		{Extent 3.44488 12.126}
		{Axis 1 0}
	}
	{Rotate}
}
{Obstacle "body1"
	{Obb2
		{Center 53.375 92.1144}
		{Extent 3.44488 7.87402}
		{Axis 1 0}
	}
	{Rotate}
}
{Obstacle "body13"
	{Obb2
		{Center -29.5828 97.06}
		{Extent 18.5066 3.44489}
		{Axis 1 0}
	}
	{Rotate}
}
{Obstacle "body12"
	{Obb2
		{Center -41.3468 -72.3485}
		{Extent 3.44488 19.0565}
		{Axis 1 0}
	}
	{Rotate}
}
{Obstacle "body11"
	{Obb2
		{Center -41.3468 -36.5041}
		{Extent 3.44488 16.5709}
		{Axis 1 0}
	}
	{Rotate}
}
{Obstacle "body10"
	{Obb2
		{Center -50.1725 -8.46941}
		{Extent 4.75394 11.3499}
		{Axis 1 0}
	}
	{Rotate}
}
{Volume "body9"
	{Box 6.88976 34.9228 60.1613}
	{Bone "lighthouse1"}
	{Position -53.5600	-80.9185	30.0807}
}
{Volume "body8"
	{Box 6.88976 25.5527 32.3929}
	{Bone "lighthouse1"}
	{Matrix34
		-1.0000	0.0000	0.0000
		-0.0000	-1.0000	0.0000
		0.0000	0.0000	1.0000
		13.6018	67.3767	16.1965
	}
}
{Volume "body7"
	{Box 6.88976 11.885 39.5036}
	{Bone "lighthouse1"}
	{Matrix34
		-1.0000	0.0000	0.0000
		-0.0000	-1.0000	0.0000
		0.0000	0.0000	1.0000
		13.6018	27.4539	19.7518
	}
}
{Volume "body6"
	{Box 6.88976 33.957 39.5036}
	{Bone "lighthouse1"}
	{Matrix34
		-0.0000	-1.0000	0.0000
		1.0000	-0.0000	0.0000
		0.0000	0.0000	1.0000
		32.9514	18.2802	19.7518
	}
}
{Volume "body5"
	{Box 6.88976 12.16 16.5459}
	{Bone "lighthouse1"}
	{Position 53.3750	-78.2521	8.2729}
}
{Volume "body4"
	{Box 6.88976 43.2146 21.7709}
	{Bone "lighthouse1"}
	{Position 53.3750	-26.3458	10.8854}
}
{Volume "body3"
	{Box 6.88976 24.252 48.7698}
	{Bone "lighthouse1"}
	{Position 53.3750	7.2943	24.3849}
}
{Volume "body2"
	{Box 6.88976 24.252 35.5984}
	{Bone "lighthouse1"}
	{Position 53.3750	-60.1034	17.7992}
}
{Volume "body1"
	{Box 6.88976 15.748 25.9843}
	{Bone "lighthouse1"}
	{Position 53.3750	-92.1144	12.9921}
}
{Volume "body13"
	{Box 6.88976 37.0131 60.0454}
	{Bone "lighthouse1"}
	{Matrix34
		-0.0000	-1.0000	0.0000
		1.0000	-0.0000	0.0000
		0.0000	0.0000	1.0000
		-29.5828	-97.0600	30.0227
	}
}
{Volume "body12"
	{Box 6.88976 38.113 16.8452}
	{Bone "lighthouse1"}
	{Position -41.3468	72.3485	8.4226}
}
{Volume "body11"
	{Box 6.88976 33.1418 60.1613}
	{Bone "lighthouse1"}
	{Position -41.3468	36.5041	30.0807}
}
{Volume "body10"
	{Box 9.50787 22.6998 60.1613}
	{Bone "lighthouse1"}
	{Position -50.1725	8.4694	30.0807}
}
{Volume "Sub_piece7"
	{Box 4.29672 22.946 22.6743}
	{Bone "Sub_piece7"}
	{Matrix34
		1.0000	-0.0000	0.0000
		-0.0000	0.9063	0.4226
		0.0000	-0.4226	0.9063
		-0.0000	-0.5319	1.1406
	}
}
{Volume "Sub_piece6"
	{Box 4.29671 18.9423 17.0056}
	{Bone "Sub_piece6"}
	{Matrix34
		1.0000	0.0000	-0.0000
		-0.0000	0.6428	0.7660
		-0.0000	-0.7660	0.6428
		0.0000	-0.6538	1.6312
	}
}
{Volume "Sub_piece2"
	{Box 4.29671 16.7052 22.5797}
	{Bone "Sub_piece2"}
	{Matrix34
		1.0000	-0.0000	0.0000
		-0.0000	0.9848	-0.1736
		-0.0000	0.1736	0.9848
		-0.0000	-0.2673	-1.5161
	}
}
{Volume "Sub_piece5"
	{Box 4.29671 31.2624 21.4607}
	{Bone "Sub_piece5"}
	{Position 0.0000	-0.0000	-1.3262}
}
{Volume "Sub_piece4"
	{Box 4.29671 16.7566 16.1956}
	{Bone "Sub_piece4"}
	{Matrix34
		1.0000	-0.0000	0.0000
		0.0000	0.8192	0.5736
		0.0000	-0.5736	0.8192
		0.0000	-0.5486	1.5292
	}
}
{Volume "Sub_piece3"
	{Box 4.29671 17.1176 22.8362}
	{Bone "Sub_piece3"}
	{Position -0.0000	0.0000	-1.4112}
}
{Volume "Piece2"
	{Box 4.29672 26.052 19.5316}
	{Bone "Piece2"}
	{Position 0.0000	0.0000	-2.2907}
}
{Volume "Sub_piece1"
	{Box 4.29672 15.2615 22.5797}
	{Bone "Sub_piece1"}
	{Matrix34
		1.0000	-0.0000	0.0000
		-0.0000	0.9848	-0.1736
		-0.0000	0.1736	0.9848
		0.0000	-0.2673	-1.5161
	}
}
{Volume "Sub_piece0"
	{Box 4.29672 18.7366 24.024}
	{Bone "Sub_piece0"}
	{Matrix34
		1.0000	-0.0000	0.0000
		0.0000	0.7071	0.7071
		0.0000	-0.7071	0.7071
		0.0000	-5.3877	1.8000
	}
}
{Volume "Piece14"
	{Box 4.29671 16.5138 14.0968}
	{Bone "Piece14"}
	{Matrix34
		1.0000	-0.0000	-0.0000
		-0.0000	0.7660	0.6428
		-0.0000	-0.6428	0.7660
		0.0000	-0.2746	1.2024
	}
}
{Volume "Piece13"
	{Box 4.29671 17.4852 15.6631}
	{Bone "Piece13"}
	{Matrix34
		1.0000	0.0000	0.0000
		0.0000	0.6428	0.7660
		0.0000	-0.7660	0.6428
		0.0000	0.6403	0.9510
	}
}
{Volume "Piece12"
	{Box 4.29671 18.6994 16.3344}
	{Bone "Piece12"}
	{Matrix34
		1.0000	0.0000	0.0000
		0.0000	0.6428	0.7660
		0.0000	-0.7660	0.6428
		0.0000	-0.1614	0.8247
	}
}
{Volume "Piece6"
	{Box 4.29671 28.8576 19.2905}
	{Bone "Piece6"}
	{Position 0.0000	0.6774	-1.5459}
}
{Volume "Piece11"
	{Box 4.29671 23.4406 20.5149}
	{Bone "Piece11"}
	{Matrix34
		1.0000	0.0000	0.0000
		0.0000	0.5736	-0.8192
		0.0000	0.8192	0.5736
		0.0000	-4.7449	0.8098
	}
}
{Volume "Piece1"
	{Box 4.29671 24.4488 19.2905}
	{Bone "Piece1"}
	{Position -0.0000	4.0992	-2.4113}
}
{Volume "Piece10"
	{Box 4.29671 24.9241 21.8645}
	{Bone "Piece10"}
	{Matrix34
		1.0000	0.0000	0.0000
		0.0000	0.8192	0.5736
		0.0000	-0.5736	0.8192
		0.0000	-3.2350	2.6287
	}
}
{Volume "Piece9"
	{Box 4.29671 16.2927 22.3231}
	{Bone "Piece9"}
	{Position 0.0000	0.0000	-1.6678}
}
{Volume "Piece8"
	{Box 4.29671 14.0853 16.1106}
	{Bone "Piece8"}
	{Matrix34
		1.0000	0.0000	0.0000
		0.0000	0.7071	-0.7071
		0.0000	0.7071	0.7071
		0.0000	-0.6204	1.0413
	}
}
{Volume "Piece7"
	{Box 4.29671 18.7674 15.2156}
	{Bone "Piece7"}
	{Matrix34
		1.0000	0.0000	0.0000
		0.0000	0.7660	0.6428
		0.0000	-0.6428	0.7660
		0.0000	-0.5124	1.2140
	}
}
{Volume "Piece0"
	{Box 4.29671 15.2615 21.5533}
	{Bone "Piece0"}
	{Matrix34
		1.0000	0.0000	0.0000
		0.0000	0.9659	-0.2588
		0.0000	0.2588	0.9659
		0.0000	-1.3896	-3.6563
	}
}
{Volume "Piece4"
	{Box 4.29671 29.6592 21.2195}
	{Bone "Piece4"}
	{Position 0.0000	-0.0000	-1.4468}
}
{Volume "Piece3"
	{Box 4.29671 36.5962 24.2089}
	{Bone "Piece3"}
	{Position 0.0000	-3.1607	-3.8225}
}
{Volume "Piece5"
	{Box 4.29671 32.8488 24.2089}
	{Bone "Piece5"}
	{Matrix34
		1.0000	0.0000	-0.0000
		0.0000	0.9659	0.2588
		-0.0000	-0.2588	0.9659
		0.0000	-2.3930	-3.6922
	}
}
{Volume "Sub_piece8"
	{Box 4.29671 18.5387 30.5214}
	{Bone "Sub_piece8"}
	{Position -0.0000	3.4247	-1.3270}
}
