;Exported by: shevchenko
;Date:        Fri Feb 13 19:20:42 2004
;File:        D:\-Projects-\-3DWork-\sheva\river-wall1.max
{Skeleton
	{bone "river-wall_curve1"
		{Orientation
			1.0000	0.0000	0.0000
			0.0000	-1.0000	0.0000
			0.0000	0.0000	1.0000
		}
		{VolumeView "river-wall_curve1.ply"}
	}
}
{Obstacle "body1"
	{Obb2
		{Center -57.1274 17.5022}
		{Extent 13.2108 31.0378}
		{Axis 0.174345 0.984685}
	}
	{Rotate}
}
{Obstacle "body2"
	{Obb2
		{Center -10.685 -9.42301}
		{Extent 13.1943 31.5526}
		{Axis 0.743393 0.668854}
	}
	{Rotate}
}
{Obstacle "body3"
	{Obb2
		{Center 14.5227 -58.8119}
		{Extent 13.1596 31.0194}
		{Axis 0.984823 0.173561}
	}
	{Rotate}
}
{Volume "body1"
	{Box 61.9095 26.0236 56.6967}
	{Bone "river-wall_curve1"}
	{Matrix34
		-0.9835	-0.1807	0.0000
		0.1807	-0.9835	0.0000
		0.0000	0.0000	1.0000
		-57.1274	-17.5022	-12.2501
	}
}
{Volume "body2"
	{Box 62.9522 26.0162 56.6967}
	{Bone "river-wall_curve1"}
	{Matrix34
		0.6644	0.7473	0.0000
		-0.7473	0.6644	0.0000
		0.0000	0.0000	1.0000
		-10.6850	9.4230	-12.2501
	}
}
{Volume "body3"
	{Box 61.9121 26.0162 56.6967}
	{Bone "river-wall_curve1"}
	{Matrix34
		0.1784	0.9840	0.0000
		-0.9840	0.1784	0.0000
		0.0000	0.0000	1.0000
		14.5228	58.8118	-12.2501
	}
}
