;Exported by: shevchenko
;Date:        Mon Apr 19 11:38:02 2004
;File:        D:\-Projects-\-3DWork-\sheva\wall3a_x1_next_x.max
{Skeleton
	{animation
		{sequence "crush" {speed 0.8}}
	}
	{bone "house_euro1_corner1_x"
		{parameters "CommonMesh;"}
		{Orientation
			1.0000	0.0000	0.0000
			0.0000	-1.0000	0.0000
			0.0000	0.0000	1.0000
		}
		{VolumeView "house_euro1_corner1_x.ply"}
		{bone "piece0"
			{Position 20.4812	-42.5590	67.5155}
			{VolumeView "piece0.ply"}
		}
		{bone "piece1"
			{Matrix34
				-0.0000	-0.0000	-1.0000
				0.0000	1.0000	-0.0000
				1.0000	-0.0000	0.0000
				39.1473	-20.1126	35.9700
			}
			{VolumeView "piece1.ply"}
		}
		{bone "piece2"
			{Matrix34
				-0.0000	-0.0000	-1.0000
				0.0000	1.0000	-0.0000
				1.0000	-0.0000	0.0000
				39.1473	4.6432	91.1632
			}
			{VolumeView "piece2.ply"}
		}
		{bone "piece3"
			{Matrix34
				-0.0000	-0.0000	-1.0000
				0.0000	1.0000	-0.0000
				1.0000	-0.0000	0.0000
				39.1473	-9.1588	149.6779
			}
			{VolumeView "piece3.ply"}
		}
		{bone "piece4"
			{Position -5.1394	-42.5590	101.4834}
			{VolumeView "piece4.ply"}
		}
		{bone "piece5"
			{Position 34.2832	-42.5590	104.9546}
			{VolumeView "piece5.ply"}
		}
		{bone "piece6"
			{Position -4.2054	-42.5590	17.8953}
			{VolumeView "piece6.ply"}
		}
		{bone "sub_piece0"
			{Position 34.9919	-42.5590	14.1401}
			{VolumeView "sub_piece0.ply"}
		}
		{bone "sub_piece1"
			{Matrix34
				-0.0000	-0.0000	-1.0000
				0.0000	1.0000	-0.0000
				1.0000	-0.0000	0.0000
				39.1473	16.5362	160.7559
			}
			{VolumeView "sub_piece1.ply"}
		}
		{bone "sub_piece2"
			{Position 34.0984	-42.5590	38.8014}
			{VolumeView "sub_piece2.ply"}
		}
		{bone "sub_piece3"
			{Position -3.5192	-42.5590	46.9941}
			{VolumeView "sub_piece3.ply"}
		}
		{bone "sub_piece4"
			{Position -14.2727	-42.5590	71.8942}
			{VolumeView "sub_piece4.ply"}
		}
		{bone "sub_piece5"
			{Matrix34
				0.0000	0.0000	-1.0000
				0.0000	1.0000	0.0000
				1.0000	-0.0000	-0.0000
				39.1473	1.6782	13.2062
			}
			{VolumeView "sub_piece5.ply"}
		}
		{bone "sub_piece6"
			{Matrix34
				-0.0000	-0.0000	-1.0000
				0.0000	1.0000	-0.0000
				1.0000	-0.0000	0.0000
				39.1473	-23.5858	73.0899
			}
			{VolumeView "sub_piece6.ply"}
		}
		{bone "sub_piece7"
			{Matrix34
				-0.0000	-0.0000	-1.0000
				0.0000	1.0000	-0.0000
				1.0000	-0.0000	0.0000
				39.1473	7.4206	54.8520
			}
			{VolumeView "sub_piece7.ply"}
		}
		{bone "sub_piece8"
			{Matrix34
				-0.0000	-0.0000	-1.0000
				0.0000	1.0000	-0.0000
				1.0000	-0.0000	0.0000
				39.1473	-24.2866	114.0858
			}
			{VolumeView "sub_piece8.ply"}
		}
		{bone "sub_piece9"
			{Matrix34
				-0.0000	-0.0000	-1.0000
				0.0000	1.0000	-0.0000
				1.0000	-0.0000	0.0000
				39.1473	5.5161	119.7264
			}
			{VolumeView "sub_piece9.ply"}
		}
	}
}
{Volume "sub_piece9"
	{Box 9.84252 10.4685 17.3238}
	{Bone "sub_piece9"}
	{Matrix34
		0.0000	-0.0000	-1.0000
		0.0000	-1.0000	0.0000
		-1.0000	-0.0000	0.0000
		-1.6740	-0.4453	-0.0031
	}
}
{Volume "sub_piece8"
	{Box 9.84252 13.1604 16.0507}
	{Bone "sub_piece8"}
	{Matrix34
		0.0000	-0.0000	-1.0000
		0.3704	-0.9289	0.0000
		-0.9289	-0.3704	0.0000
		-0.1879	-0.6578	-0.0031
	}
}
{Volume "sub_piece7"
	{Box 9.84252 11.6649 15.8703}
	{Bone "sub_piece7"}
	{Matrix34
		0.0000	-0.0000	-1.0000
		0.2046	-0.9789	0.0000
		-0.9789	-0.2046	0.0000
		-0.7201	-1.2131	-0.0031
	}
}
{Volume "sub_piece6"
	{Box 9.84252 17.6977 17.1327}
	{Bone "sub_piece6"}
	{Matrix34
		0.0000	-0.0000	-1.0000
		0.2458	-0.9693	0.0000
		-0.9693	-0.2458	0.0000
		-0.8408	-0.6233	-0.0031
	}
}
{Volume "sub_piece5"
	{Box 9.84252 18.245 16.9524}
	{Bone "sub_piece5"}
	{Matrix34
		0.0000	0.0000	-1.0000
		-0.0000	-1.0000	-0.0000
		-1.0000	0.0000	0.0000
		-1.9933	0.0438	-0.0031
	}
}
{Volume "sub_piece4"
	{Box 14.1505 9.84252 14.0262}
	{Bone "sub_piece4"}
	{Matrix34
		0.9419	0.0000	-0.3359
		0.0000	1.0000	0.0000
		0.3359	0.0000	0.9419
		0.1637	0.0557	-0.6130
	}
}
{Volume "sub_piece3"
	{Box 10.8019 9.84252 15.3323}
	{Bone "sub_piece3"}
	{Matrix34
		0.9968	0.0000	-0.0803
		0.0000	1.0000	0.0000
		0.0803	0.0000	0.9968
		-1.2570	0.0557	-0.1213
	}
}
{Volume "sub_piece2"
	{Box 10.4419 9.84252 7.66616}
	{Bone "sub_piece2"}
	{Position 0.2871	0.0557	0.7016}
}
{Volume "sub_piece1"
	{Box 9.84252 11.964 14.0669}
	{Bone "sub_piece1"}
	{Matrix34
		0.0000	-0.0000	-1.0000
		0.0000	-1.0000	0.0000
		-1.0000	-0.0000	0.0000
		0.1110	-1.0599	-0.0031
	}
}
{Volume "sub_piece0"
	{Box 10.8019 9.84252 14.7645}
	{Bone "sub_piece0"}
	{Position -0.7167	0.0557	-0.3569}
}
{Volume "piece6"
	{Box 12.2422 9.84252 13.0609}
	{Bone "piece6"}
	{Position -1.0456	0.0557	-0.6755}
}
{Volume "piece5"
	{Box 18.0032 9.84252 33.3308}
	{Bone "piece5"}
	{Position 0.6184	0.0558	-1.5747}
}
{Volume "piece4"
	{Box 19.4435 9.84252 30.3807}
	{Bone "piece4"}
	{Position 0.1356	0.0557	-1.6195}
}
{Volume "piece3"
	{Box 9.84252 24.227 27.0517}
	{Bone "piece3"}
	{Matrix34
		0.0000	-0.0000	-1.0000
		0.1465	-0.9892	0.0000
		-0.9892	-0.1465	0.0000
		-3.9949	-0.0373	-0.0031
	}
}
{Volume "piece2"
	{Box 9.84252 29.9099 25.4286}
	{Bone "piece2"}
	{Matrix34
		0.0000	-0.0000	-1.0000
		0.3113	-0.9503	0.0000
		-0.9503	-0.3113	0.0000
		-2.4403	-1.1292	-0.0031
	}
}
{Volume "piece1"
	{Box 9.84252 19.4414 27.232}
	{Bone "piece1"}
	{Matrix34
		-0.0000	-0.0000	-1.0000
		-0.4525	-0.8918	0.0000
		-0.8918	0.4525	-0.0000
		1.1038	-3.1493	-0.0031
	}
}
{Volume "piece0"
	{Box 30.6054 9.84252 30.6646}
	{Bone "piece0"}
	{Position -0.4434	0.0557	0.0097}
}
