;Exported by: shevchenko
;Date:        Fri Feb 13 19:31:59 2004
;File:        D:\-Projects-\-3DWork-\sheva\river-wall2_curve_new.max
{Skeleton
	{bone "river-wall_curve1"
		{Orientation
			1.0000	0.0000	0.0000
			0.0000	-1.0000	0.0000
			0.0000	0.0000	1.0000
		}
		{VolumeView "river-wall_curve1.ply"}
		{bone "piece0"
			{Position -66.4593	-14.4160	8.3621}
			{VolumeView "piece0.ply"}
		}
		{bone "piece1"
			{Position 17.9827	83.5038	10.1677}
			{VolumeView "piece1.ply"}
		}
		{bone "piece2"
			{Position -1.1732	17.4510	-21.3504}
			{VolumeView "piece2.ply"}
		}
		{bone "piece3"
			{Position 12.4880	56.6159	8.3661}
			{VolumeView "piece3.ply"}
		}
		{bone "piece4"
			{Position -31.0224	-2.8778	8.3661}
			{VolumeView "piece4.ply"}
		}
		{bone "piece5"
			{Position -2.7299	22.3944	8.3661}
			{VolumeView "piece5.ply"}
		}
		{bone "piece6"
			{Position -26.9312	-5.8697	-24.7461}
			{VolumeView "piece6.ply"}
		}
		{bone "piece7"
			{Position -78.2447	-22.8629	-13.1930}
			{VolumeView "piece7.ply"}
		}
		{bone "FX_dust1"
			{Matrix34
				0.0000	-0.0000	1.0000
				0.7483	-0.6633	-0.0000
				0.6633	0.7483	0.0000
				-13.7345	5.0587	8.2522
			}
		}
		{bone "FX_dust1a"
			{Matrix34
				0.0000	-0.0000	1.0000
				0.7483	-0.6633	-0.0000
				0.6633	0.7483	0.0000
				14.1959	59.2747	8.2522
			}
		}
		{bone "FX_dust1b"
			{Matrix34
				0.0000	-0.0000	1.0000
				0.7483	-0.6633	-0.0000
				0.6633	0.7483	0.0000
				18.1900	72.3150	8.2522
			}
		}
		{bone "FX_stone1"
			{Matrix34
				0.0000	-0.0000	1.0000
				0.7483	-0.6633	-0.0000
				0.6633	0.7483	0.0000
				-12.1687	2.9973	-4.7764
			}
		}
		{bone "FX_stone1a"
			{Matrix34
				0.0000	-0.0000	1.0000
				0.7483	-0.6633	-0.0000
				0.6633	0.7483	0.0000
				-57.6804	-14.8777	8.1702
			}
		}
		{bone "FX_stone1b"
			{Matrix34
				0.0000	-0.0000	1.0000
				0.7483	-0.6633	-0.0000
				0.6633	0.7483	0.0000
				-48.4262	-10.5505	0.9630
			}
		}
	}
}
{Volume "piece7"
	{Polyhedron "piece7.vol"}
	{Bone "piece7"}
	{Matrix34
		-0.9994	-0.0211	0.0277
		0.0266	-0.9754	0.2190
		0.0224	0.2196	0.9753
		-1.1254	-5.3188	-10.1877
	}
}
{Volume "piece6"
	{Polyhedron "piece6.vol"}
	{Bone "piece6"}
	{Matrix34
		0.8349	0.5496	0.0288
		-0.5354	0.8233	-0.1884
		-0.1273	0.1418	0.9817
		4.4011	-7.0136	-15.8523
	}
}
{Volume "piece5"
	{Box 37.1655 12.3435 14.7397}
	{Bone "piece5"}
	{Matrix34
		-0.5878	-0.8090	0.0000
		0.8090	-0.5878	0.0000
		0.0000	0.0000	1.0000
		0.0685	0.7209	-0.0157
	}
}
{Volume "piece4"
	{Box 40.8412 12.3435 14.7397}
	{Bone "piece4"}
	{Matrix34
		-0.8604	-0.5095	0.0000
		0.5095	-0.8604	0.0000
		0.0000	0.0000	1.0000
		-0.3644	0.5576	-0.0157
	}
}
{Volume "piece3"
	{Box 40.882 12.3435 14.7397}
	{Bone "piece3"}
	{Matrix34
		-0.2113	-0.9774	0.0000
		0.9774	-0.2113	0.0000
		0.0000	0.0000	1.0000
		-0.1186	1.7563	-0.0157
	}
}
{Volume "piece2"
	{Polyhedron "piece2.vol"}
	{Bone "piece2"}
	{Matrix34
		-0.6236	-0.7801	0.0510
		0.7737	-0.6064	0.1837
		-0.1124	0.1540	0.9817
		6.6911	-5.1223	-19.2481
	}
}
{Volume "piece1"
	{Box 19.2145 12.3435 16.0839}
	{Bone "piece1"}
	{Matrix34
		-1.0000	0.0053	0.0000
		-0.0053	-1.0000	0.0000
		0.0000	0.0000	1.0000
		0.1081	-0.0140	1.5896
	}
}
{Volume "piece0"
	{Box 40.8412 12.3435 14.7397}
	{Bone "piece0"}
	{Matrix34
		-0.9940	-0.1097	0.0000
		0.1097	-0.9940	0.0000
		0.0000	0.0000	1.0000
		-2.4782	-0.5279	-0.0118
	}
}
{Volume "body1"
	{Box 58.1949 18.2165 44.2234}
	{Bone "river-wall_curve1"}
	{Matrix34
		-0.9835	-0.1807	0.0000
		0.1807	-0.9835	0.0000
		0.0000	0.0000	1.0000
		-58.6822	-14.1214	-18.4867
	}
}
{Volume "body2"
	{Box 62.9522 16.4371 44.7904}
	{Bone "river-wall_curve1"}
	{Matrix34
		0.7124	0.7018	0.0000
		-0.7018	0.7124	0.0000
		0.0000	0.0000	1.0000
		-11.9084	10.5075	-18.2033
	}
}
{Volume "body3"
	{Box 63.1317 18.7317 48.9406}
	{Bone "river-wall_curve1"}
	{Matrix34
		0.1784	0.9840	0.0000
		-0.9840	0.1784	0.0000
		0.0000	0.0000	1.0000
		13.6631	58.6635	-16.1282
	}
}
