;Exported by: ubrashaev
;Date:        Mon Apr 05 20:38:44 2004
;File:        D:\-Projects-\-work-\3d\construction\e-house24\corner7_x.max
{Skeleton
	{animation
		{sequence "crush" {speed 0.4}}
	}
	{bone "wall2_x"
		{parameters " ;"}
		{Orientation
			1.0000	0.0000	0.0000
			0.0000	-1.0000	0.0000
			0.0000	0.0000	1.0000
		}
		{VolumeView "wall2_x.ply"}
		{bone "roof"
			{parameters "CommonMesh;"}
			{Position -21.5830	-8.1646	4.7889}
			{VolumeView "roof.ply"}
		}
		{bone "piece1"
			{Position 19.4315	34.0469	174.8885}
			{VolumeView "piece1.ply"}
		}
		{bone "piece2"
			{Position 1.9087	45.9168	128.0241}
			{VolumeView "piece2.ply"}
		}
		{bone "piece3"
			{Matrix34
				0.8772	0.0000	-0.4801
				0.4800	-0.0141	0.8771
				-0.0068	-0.9999	-0.0124
				20.6950	42.7851	84.0504
			}
			{VolumeView "piece3.ply"}
		}
		{bone "piece4"
			{Matrix34
				0.8772	0.0000	-0.4801
				0.4800	-0.0141	0.8771
				-0.0068	-0.9999	-0.0124
				-11.2020	42.7846	99.8876
			}
			{VolumeView "piece4.ply"}
		}
		{bone "piece5"
			{Position -10.2786	0.7798	43.6549}
			{VolumeView "piece5.ply"}
		}
		{bone "piece6"
			{Matrix34
				0.8772	0.0000	-0.4801
				0.4800	-0.0141	0.8771
				-0.0068	-0.9999	-0.0124
				-34.6032	31.7317	96.6928
			}
			{VolumeView "piece6.ply"}
		}
		{bone "piece7"
			{Matrix34
				0.8772	0.0000	-0.4801
				0.4800	-0.0141	0.8771
				-0.0068	-0.9999	-0.0124
				-39.1886	1.4533	95.6429
			}
			{VolumeView "piece7.ply"}
		}
		{bone "piece8"
			{Position -39.5429	0.9928	35.5127}
			{VolumeView "piece8.ply"}
		}
		{bone "piece9"
			{Matrix34
				0.8772	0.0000	-0.4801
				0.4800	-0.0141	0.8771
				-0.0068	-0.9999	-0.0124
				-39.6412	35.9807	61.9833
			}
			{VolumeView "piece9.ply"}
		}
		{bone "piece10"
			{Matrix34
				0.8772	0.0000	-0.4801
				0.4800	-0.0141	0.8771
				-0.0068	-0.9999	-0.0124
				-39.5674	-33.1442	53.0522
			}
			{VolumeView "piece10.ply"}
		}
		{bone "piece11"
			{Position -5.2434	42.7850	40.6402}
			{VolumeView "piece11.ply"}
		}
	}
}
{Volume "piece11"
	{Box 16.0999 5.42279 27.8941}
	{Bone "piece11"}
	{Position -0.4828	0.4071	-0.3094}
}
{Volume "piece10"
	{Box 7.67386 18.858 33.8152}
	{Bone "piece10"}
	{Matrix34
		0.8772	0.4800	-0.0068
		0.0000	-0.0141	-0.9999
		-0.4801	0.8771	-0.0124
		2.3175	-4.2270	1.4462
	}
}
{Volume "piece9"
	{Box 8.60145 24.0969 32.5978}
	{Bone "piece9"}
	{Matrix34
		0.8772	0.4800	-0.0068
		0.0000	-0.0141	-0.9999
		-0.4801	0.8771	-0.0124
		0.6026	0.0082	0.1393
	}
}
{Volume "piece8"
	{Box 9.13011 28.1331 54.2927}
	{Bone "piece8"}
	{Position 0.1690	-1.4250	11.3068}
}
{Volume "piece7"
	{Box 7.67386 21.1177 26.0248}
	{Bone "piece7"}
	{Matrix34
		0.8772	0.4800	-0.0068
		0.0000	-0.0141	-0.9999
		-0.4801	0.8771	-0.0124
		-1.2782	1.5533	1.3493
	}
}
{Volume "piece6"
	{Box 6.42322 24.1034 25.1142}
	{Bone "piece6"}
	{Matrix34
		0.8772	0.4800	-0.0068
		0.0000	-0.0141	-0.9999
		-0.4801	0.8771	-0.0124
		-5.5637	-1.5300	-2.8976
	}
}
{Volume "piece5"
	{Box 7.02429 7.81482 16.9735}
	{Bone "piece5"}
	{Position 0.0000	0.0000	2.7412}
}
{Volume "piece4"
	{Box 22.6089 5.42279 24.6589}
	{Bone "piece4"}
	{Matrix34
		0.8772	0.4800	-0.0068
		0.0000	-0.0141	-0.9999
		-0.4801	0.8771	-0.0124
		1.8211	-1.2456	0.0172
	}
}
{Volume "piece3"
	{Box 14.8436 5.42279 54.1385}
	{Bone "piece3"}
	{Matrix34
		0.4125	0.9109	-0.0128
		-0.0000	-0.0141	-0.9999
		-0.9110	0.4125	-0.0058
		2.0408	-2.4840	0.0351
	}
}
{Volume "piece2"
	{Box 16.8598 4.81726 35}
	{Bone "piece2"}
	{Matrix34
		0.7057	0.0000	-0.7085
		0.0000	1.0000	0.0000
		0.7085	0.0000	0.7057
		3.1458	0.0000	-4.9478
	}
}
{Volume "piece1"
	{Box 18.0632 8.17511 26.6664}
	{Bone "piece1"}
	{Position -0.6954	-0.7759	0.0000}
}
