;Exported by: garry
;Date:        Wed Jun 02 13:57:09 2004
;File:        \\gamer2\d$\-Projects-\-3DWork-\Танки\flakpanzer1\panzerflak.max
{Skeleton
	{animation
		{sequence "start"}
		{sequence "stop"}
		{sequence "fire"}
		{sequence "open" {resume}}
	}
	{bone "Basis"
		{Orientation
			1.0000	0.0000	0.0000
			0.0000	-1.0000	0.0000
			0.0000	0.0000	1.0000
		}
		{bone "WheelsL"
			{parameters "ID=trackleft;"}
			{Matrix34
				-1.0000	-0.0000	0.0000
				-0.0000	0.0000	-1.0000
				-0.0000	1.0000	0.0000
				1.1138	16.7192	9.7191
			}
			{VolumeView "WheelsL.ply"}
			{bone revolute "WheelL6"
				{parameters "ID=trackleft;"}
				{Matrix34
					-1.0000	0.0000	-0.0000
					0.0000	1.0000	-0.0000
					-0.0000	-0.0000	-1.0000
					24.2993	3.6373	-1.4653
				}
				{VolumeView "WheelL6.ply"}
			}
			{bone revolute "WheelL5"
				{parameters "ID=trackleft;"}
				{Matrix34
					-1.0000	0.0000	-0.0000
					0.0000	1.0000	-0.0000
					-0.0000	-0.0000	-1.0000
					12.1915	3.9252	-1.7223
				}
				{VolumeView "WheelL5.ply"}
			}
			{bone revolute "WheelL4"
				{parameters "ID=trackleft;"}
				{Matrix34
					-1.0000	0.0000	-0.0000
					0.0000	1.0000	-0.0000
					-0.0000	-0.0000	-1.0000
					0.9890	3.9252	-1.8559
				}
				{VolumeView "WheelL4.ply"}
			}
			{bone revolute "WheelL3"
				{parameters "ID=trackleft;"}
				{Matrix34
					-1.0000	0.0000	-0.0000
					0.0000	1.0000	-0.0000
					-0.0000	-0.0000	-1.0000
					-12.3287	3.9252	-1.7234
				}
				{VolumeView "WheelL3.ply"}
			}
			{bone revolute "WheelL2"
				{parameters "ID=trackleft;"}
				{Matrix34
					-1.0000	0.0000	-0.0000
					0.0000	1.0000	-0.0000
					-0.0000	-0.0000	-1.0000
					-23.6383	3.9252	-1.6855
				}
				{VolumeView "WheelL2.ply"}
			}
			{bone "FXtraceL1"
				{Matrix34
					1.0000	0.0000	-0.0000
					0.0000	-0.0000	-1.0000
					0.0000	-1.0000	-0.0000
					-23.0059	5.6784	0.2097
				}
			}
			{bone "FXtraceL2"
				{Matrix34
					0.9397	-0.3420	-0.0000
					-0.0000	0.0000	-1.0000
					-0.3420	-0.9397	-0.0000
					30.7765	8.1312	0.2210
				}
			}
			{bone "TrackL"
				{parameters "ID=trackleft;"}
				{Matrix34
					1.0000	0.0000	-0.0000
					0.0000	-1.0000	-0.0000
					-0.0000	-0.0000	1.0000
					-5.6537	1.6631	-0.3796
				}
				{VolumeView "TrackL.ply"}
			}
		}
		{bone "WheelsR"
			{parameters "ID=trackright;"}
			{Matrix34
				-1.0000	0.0000	-0.0000
				0.0000	0.0000	-1.0000
				-0.0000	-1.0000	-0.0000
				1.1138	-17.0738	9.7191
			}
			{VolumeView "WheelsR.ply"}
			{bone revolute "WheelR2"
				{parameters "ID=trackright;"}
				{Matrix34
					-1.0000	0.0000	-0.0000
					0.0000	1.0000	-0.0000
					-0.0000	-0.0000	-1.0000
					-23.6383	3.9252	-1.6855
				}
				{VolumeView "WheelR2.ply"}
			}
			{bone revolute "WheelR3"
				{parameters "ID=trackright;"}
				{Matrix34
					-1.0000	0.0000	-0.0000
					0.0000	1.0000	-0.0000
					-0.0000	-0.0000	-1.0000
					-12.3287	3.9252	-1.7234
				}
				{VolumeView "WheelR3.ply"}
			}
			{bone revolute "WheelR4"
				{parameters "ID=trackright;"}
				{Matrix34
					-1.0000	0.0000	-0.0000
					0.0000	1.0000	-0.0000
					-0.0000	-0.0000	-1.0000
					0.9890	3.9252	-1.8559
				}
				{VolumeView "WheelR4.ply"}
			}
			{bone revolute "WheelR5"
				{parameters "ID=trackright;"}
				{Matrix34
					-1.0000	0.0000	-0.0000
					0.0000	1.0000	-0.0000
					-0.0000	-0.0000	-1.0000
					12.1915	3.9252	-1.7223
				}
				{VolumeView "WheelR5.ply"}
			}
			{bone revolute "WheelR6"
				{parameters "ID=trackright;"}
				{Matrix34
					-1.0000	0.0000	-0.0000
					0.0000	1.0000	-0.0000
					-0.0000	-0.0000	-1.0000
					24.2993	3.6373	-1.4653
				}
				{VolumeView "WheelR6.ply"}
			}
			{bone "TrackR"
				{parameters "ID=trackright;"}
				{Matrix34
					1.0000	-0.0000	0.0000
					-0.0000	-1.0000	-0.0000
					-0.0000	-0.0000	1.0000
					-5.6537	1.6631	-0.8772
				}
				{VolumeView "TrackR.ply"}
			}
			{bone "FXtraceR1"
				{Matrix34
					1.0000	-0.0000	-0.0000
					0.0000	0.0000	1.0000
					-0.0000	-1.0000	-0.0000
					-23.0059	5.6784	-0.1117
				}
			}
			{bone "FXtraceR2"
				{Matrix34
					0.9397	-0.3420	-0.0000
					0.0000	0.0000	1.0000
					-0.3420	-0.9397	0.0000
					30.7765	8.1312	-0.1231
				}
			}
		}
		{bone "Body"
			{parameters "ID=body;"}
			{animation
				{sequence "repair" {file "body_r.anm"} {speed 0.5}}
			}
			{Matrix34
				0.0000	1.0000	0.0000
				0.0000	-0.0000	1.0000
				1.0000	-0.0000	-0.0000
				4.1733	0.0453	5.2514
			}
			{VolumeView "Body.ply"}
			{bone "FXfire1"
				{Matrix34
					0.0000	1.0000	-0.0018
					1.0000	-0.0000	-0.0000
					-0.0000	-0.0018	-1.0000
					0.0011	11.0417	-29.3876
				}
			}
			{bone "FXfire2"
				{Matrix34
					0.0000	1.0000	-0.0018
					1.0000	-0.0000	-0.0000
					-0.0000	-0.0018	-1.0000
					-0.0266	17.8363	-0.8105
				}
			}
			{bone "FXsmoke1"
				{Matrix34
					0.0002	0.0872	-0.9962
					1.0000	-0.0018	-0.0000
					-0.0018	-0.9962	-0.0872
					16.6764	13.8135	-35.1429
				}
			}
			{bone "FXsmoke2"
				{Matrix34
					0.0002	0.0872	-0.9962
					1.0000	-0.0018	-0.0000
					-0.0018	-0.9962	-0.0872
					-16.7177	13.8135	-35.1429
				}
			}
			{bone "board3"
				{Matrix34
					1.0000	0.0000	-0.0000
					0.0000	0.0000	1.0000
					0.0000	-1.0000	0.0000
					-0.0000	15.4129	-34.0989
				}
				{VolumeView "board3.ply"}
			}
			{bone revolute "turret"
				{parameters "CommonMesh;ID=Turret;"}
				{animation
					{sequence "repair" {file "turret_r.anm"} {speed 0.5}}
				}
				{speed 0.0200}
				{Matrix34
					0.0000	-0.0000	1.0000
					1.0000	-0.0000	-0.0000
					0.0000	1.0000	0.0000
					-0.0580	18.3724	-4.7883
				}
				{VolumeView "turret.ply"}
					{bone revolute "Gun_rot"
						{parameters "ID=gun;"}
						{limits -20.0000 10.0000}
						{speed 0.0200}
						{Matrix34
							0.9997	-0.0262	-0.0000
							0.0000	0.0000	1.0000
							-0.0262	-0.9997	0.0000
							7.2601	-8.1422	9.7938
						}
						{VolumeView "Gun_rot.ply"}
						{bone "Gun"
							{parameters "ID=gun;"}
							{Matrix34
								-0.0262	-0.0000	-0.9997
								0.0000	1.0000	0.0000
								0.9997	-0.0000	-0.0262
								-1.9932	-0.0000	0.0522
							}
							{VolumeView "Gun.ply"}
							{bone "Foresight1"
								{Matrix34
									-0.0000	-0.0000	1.0000
									-0.0000	1.0000	0.0000
									1.0000	0.0000	0.0000
									8.2316	-0.1629	37.3221
								}
							}
						}
					}
					{bone "gunner"
						{Matrix34
							0.8192	-0.0000	0.5736
							0.0000	1.0000	-0.0000
							-0.5736	0.0000	0.8192
							-0.3860	-7.5335	-1.6458
						}
					}
					{bone "charger"
						{Matrix34
							0.5481	-0.6087	0.5736
							0.7431	0.6691	0.0000
							-0.3838	0.4263	0.8192
							1.5141	10.3876	-1.6458
						}
					}
				{bone "FXshell1"
					{Matrix34
						-0.7660	-0.0000	0.6428
						-0.6428	0.0000	-0.7660
						0.0000	1.0000	0.0000
						6.1646	0.0895	9.6309
					}
				}
				{bone revolute "shield_right"
					{parameters "ID=shield_right;"}
					{Position 12.5991	-2.4872	1.1899}
					{VolumeView "shield_right.ply"}
				}
				{bone revolute "shield_left"
					{parameters "ID=shield_left;"}
					{Position 12.5174	2.3852	1.4869}
					{VolumeView "shield_left.ply"}
				}
				{bone "Visor1"
					{Matrix34
						1.0000	-0.0000	0.0000
						-0.0000	-1.0000	-0.0000
						-0.0000	-0.0000	1.0000
						15.1273	-9.4423	14.1325
					}
				}
			}
			{bone revolute "WheelR1"
				{parameters "ID=trackright;"}
				{Matrix34
					0.0005	-0.0020	1.0000
					-0.0853	-0.9964	-0.0019
					0.9964	-0.0853	-0.0007
					-15.4864	4.5853	32.1786
				}
				{VolumeView "WheelR1.ply"}
			}
			{bone "commander"
				{Matrix34
					-0.0084	0.9659	-0.2588
					-1.0000	-0.0087	0.0000
					-0.0023	0.2588	0.9659
					-5.5589	-0.9826	7.8037
				}
			}
			{bone revolute "WheelL1"
				{parameters "ID=trackleft;"}
				{Matrix34
					-0.0000	0.0000	1.0000
					0.0000	-1.0000	0.0000
					-1.0000	-0.0000	-0.0000
					16.6739	4.6791	32.1613
				}
				{VolumeView "WheelL1.ply"}
			}
			{bone "cover"
				{parameters "CommonMesh;"}
				{Position 0.0035	19.0312	-3.8093}
				{VolumeView "cover.ply"}
			}
			{bone "driver"
				{Matrix34
					-0.0084	0.9659	-0.2588
					-1.0000	-0.0087	0.0000
					-0.0023	0.2588	0.9659
					6.8472	-0.9826	7.8037
				}
			}
			{bone "Visor2"
				{Matrix34
					0.0000	-0.0000	1.0000
					-1.0000	-0.0000	0.0000
					-0.0000	1.0000	0.0000
					8.5388	17.8797	17.0106
				}
			}
			{bone "engine"
				{Matrix34
					0.0000	1.0000	-0.0018
					1.0000	-0.0000	-0.0000
					-0.0000	-0.0018	-1.0000
					-0.0185	8.0168	-21.2391
				}
			}
		}
		{bone "emit1"
			{Matrix34
				-0.0000	-1.0000	0.0000
				1.0000	-0.0000	0.0000
				0.0000	0.0000	1.0000
				26.9985	33.0237	0.0000
			}
			{visibility 0}
		}
		{bone "emit2"
			{Matrix34
				-0.0000	1.0000	0.0000
				-1.0000	-0.0000	0.0000
				0.0000	0.0000	1.0000
				29.2832	-33.0244	0.0000
			}
			{visibility 0}
		}
		{bone "emit3"
			{Matrix34
				-0.0000	-1.0000	0.0000
				1.0000	-0.0000	0.0000
				0.0000	0.0000	1.0000
				-16.4824	33.3873	0.0000
			}
			{visibility 0}
		}
		{bone "emit4"
			{Matrix34
				-0.0000	1.0000	0.0000
				-1.0000	-0.0000	0.0000
				0.0000	0.0000	1.0000
				-15.9595	-33.0244	0.0000
			}
			{visibility 0}
		}
	}
}
{Volume "Engine"
	{Box 11.951 20.5983 10.1541}
	{Bone "engine"}
	{Matrix34
		0.0000	-0.0000	-1.0000
		0.0000	1.0000	0.0000
		1.0000	-0.0000	-0.0000
		0.6894	-0.0000	-0.0040
	}
}
{Volume "Body2"
	{Polyhedron "Body2.vol"}
	{Bone "Body"}
	{Matrix34
		-0.0000	0.0000	1.0000
		1.0000	-0.0000	0.0000
		0.0000	1.0000	-0.0000
		-0.1154	8.8909	0.8214
	}
}
{Volume "Body1"
	{Polyhedron "Body1.vol"}
	{Bone "Body"}
	{Matrix34
		-0.0000	0.0000	1.0000
		1.0000	-0.0000	0.0000
		0.0000	1.0000	-0.0000
		-0.1154	-0.1560	0.8214
	}
}
{Volume "Fuel"
	{Box 28.7829 20.6464 6.21977}
	{Bone "Body"}
	{Matrix34
		0.0000	0.0018	1.0000
		1.0000	0.0000	-0.0000
		0.0000	1.0000	-0.0018
		-0.0185	11.4523	2.5590
	}
}
{Volume "shield_left"
	{Polyhedron "shield_left.vol"}
	{Bone "shield_left"}
	{Matrix34
		0.9971	-0.0000	0.0756
		0.0000	1.0000	-0.0000
		-0.0756	0.0000	0.9971
		0.1204	5.3347	0.4836
	}
}
{Volume "shield_right"
	{Polyhedron "shield_right.vol"}
	{Bone "shield_right"}
	{Matrix34
		0.9962	-0.0000	-0.0872
		0.0000	1.0000	-0.0000
		0.0872	-0.0000	0.9962
		0.5904	-5.7361	0.5350
	}
}
{Volume "turret"
	{Box 17.0778 4.97126 15.568}
	{Bone "turret"}
	{Matrix34
		1.0000	0.0000	0.0018
		-0.0000	1.0000	0.0000
		-0.0018	0.0000	1.0000
		3.8121	0.0450	7.2691
	}
}
{Volume "Gun"
	{Box 1.5748 1.5748 25.8936}
	{Bone "Gun"}
	{Matrix34
		-1.0000	-0.0000	-0.0000
		0.0000	-1.0000	0.0000
		-0.0000	0.0000	1.0000
		8.1592	-0.1280	23.4015
	}
}
{Volume "Inventory"
	{Box 28.7829 20.6464 6.21977}
	{Bone "Body"}
	{Matrix34
		0.0000	0.0018	1.0000
		1.0000	0.0000	-0.0000
		0.0000	1.0000	-0.0018
		-0.0185	4.5674	2.5590
	}
}
{Volume "trackright"
	{Box 73.3642 6.0351 15.9477}
	{Bone "WheelsR"}
	{Matrix34
		-1.0000	0.0000	-0.0000
		0.0000	0.0000	-1.0000
		-0.0000	-1.0000	-0.0000
		-4.7846	1.7452	-0.7121
	}
}
{Volume "trackleft"
	{Box 73.3642 6.0351 15.9477}
	{Bone "WheelsL"}
	{Matrix34
		1.0000	0.0000	0.0000
		-0.0000	0.0000	1.0000
		-0.0000	-1.0000	0.0000
		-4.7846	1.7452	-0.3408
	}
}
