;Exported by: Dinsen y Albus
;Date:  Ene 2010      
{Skeleton
	{bone "Basis"
		{parameters "WheelRadius=0.50;SteerMax=21;"}
		{Orientation
			1.0000	0.0000	0.0000
			0.0000	-1.0000	0.0000
			0.0000	0.0000	1.0000
		}
		{bone "body"
			{parameters "ID=body;"}
			{Matrix34
				-1.0000	0.0000	0.0000
				0.0000	0.0000	1.0000
				0.0000	1.0000	0.0000
				1.1110	-0.1883	10.2616
			}
			{VolumeView "body.ply"}
			{bone "engine"
				{parameters "CommonMesh;ID=engine;"}
				{Matrix34
					-1.0000	0.0000	0.0000
					0.0000	0.0000	1.0000
					0.0000	1.0000	0.0000
					-21.2141	10.5121	-0.2000
				}
				{VolumeView "engine.ply"}
			}
			{bone revolute "Turret"
				{parameters "ID=turret;"}
				{speed 0.0175}
				{Matrix34
					-1.0000	0.0000	0.0000
					0.0000	0.0000	1.0000
					0.0000	1.0000	0.0000
					18.0000	28.5000	0.0000
				}
				{VolumeView "Turret.ply"}
				{bone revolute "gun_rot"
					{limits -10.0000 15.0000}
					{speed 0.0150}
					{Matrix34
						1.0000	0.0000	0.0000
						0.0000	0.0000	1.0000
						0.0000	-1.0000	0.0000
						9.0000	0.0000	3.8106
					}
					{VolumeView "gun_rot.ply"}
				}
				{bone "FXfire2"
					{Matrix34
						0.0287	0.0025	0.9996
						-0.0029	-1.0000	0.0026
						-0.9996	0.0029	0.0287
						-0.7251	1.2937	3.4804
					}
				}
			}
			{bone "pi"
				{Matrix34
					0.9996	0.0270	-0.0076
					0.0279	-0.9861	0.1632
					-0.0030	-0.1634	-0.9865
					-5.5893	26.2388	-0.3209
				}
				{bone "part1"
					{parameters "ID=body;"}
					{Matrix34
						-0.9999	-0.0161	0.0000
						-0.0158	0.9843	0.1760
						-0.0028	0.1760	-0.9844
						2.0500	13.7556	-11.8723
					}
					{VolumeView "part1.ply"}
				}
			}
			{bone "pd"
				{Matrix34
					0.9998	-0.0006	-0.0130
					-0.0035	-0.9733	-0.2290
					-0.0124	0.2291	-0.9732
					-4.6798	22.1470	0.7040
				}
				{bone "part2"
					{parameters "ID=body;"}
					{Matrix34
						-1.0000	-0.0015	0.0000
						-0.0015	0.9856	-0.1689
						-0.0003	0.1689	0.9856
						2.0500	13.7556	11.5733
					}
					{VolumeView "part2.ply"}
				}
			}
			{bone "part3"
				{parameters "ID=body;"}
				{Matrix34
					-1.0000	0.0000	0.0000
					0.0000	0.0000	1.0000
					0.0000	1.0000	0.0000
					-39.4100	8.8000	4.8600
				}
				{VolumeView "part3.ply"}
			}
			{bone revolute "mgun_rot"
				{limits -15.0000 15.0000}
				{Matrix34
					-1.0000	0.0000	0.0000
					0.0000	0.0000	1.0000
					0.0000	1.0000	0.0000
					-1.5900	21.6000	-7.8000
				}
				{VolumeView "mgun_rot.ply"}
			}
			{bone "FXfire1"
				{Matrix34
					-0.0287	0.9996	-0.0037
					0.0037	-0.0036	-1.0000
					0.9996	0.0287	0.0036
					-15.2219	11.3596	1.1964
				}
			}
		}
		{bone "Pivot_front"
			{Position 27.7496	-2.8274	8.8083}
			{bone revolute "steer_L1"
				{Matrix34
					-1.0000	0.0000	0.0000
					0.0000	1.0000	0.0000
					0.0000	0.0000	-1.0000
					0.1183	11.9325	0.0048
				}
				{bone revolute "WheelL1"
					{parameters "ID=wheelleft1;"}
					{Matrix34
						1.0000	0.0000	0.0000
						0.0000	0.0000	-1.0000
						0.0000	1.0000	0.0000
						-7.9301	4.8943	0.2453
					}
					{VolumeView "WheelL1.ply"}
				}
			}
			{bone revolute "steer_R1"
				{Matrix34
					-1.0000	0.0000	0.0000
					0.0000	1.0000	0.0000
					0.0000	0.0000	-1.0000
					0.0963	-11.4906	0.0048
				}
				{bone revolute "WheelR1"
					{parameters "ID=wheelright1;"}
					{Matrix34
						-1.0000	0.0000	0.0000
						0.0000	0.0000	1.0000
						0.0000	1.0000	0.0000
						-7.9301	-0.0943	0.2453
					}
					{VolumeView "WheelR1.ply"}
				}
			}
		}
		{bone "Pivot_back"
			{Position -18.1787	-0.0274	8.8083}
			{bone revolute "WheelR2"
				{parameters "ID=wheelright2;"}
				{Matrix34
					-1.0000	0.0000	0.0000
					0.0000	0.0000	1.0000
					0.0000	1.0000	0.0000
					3.9832	-16.5266	-0.2404
				}
				{VolumeView "WheelR2.ply"}
			}
			{bone revolute "WheelR3"
				{parameters "ID=wheelright3;"}
				{Matrix34
					-1.0000	0.0000	0.0000
					0.0000	0.0000	1.0000
					0.0000	1.0000	0.0000
					-14.9832	-16.5266	-0.2404
				}
				{VolumeView "WheelR3.ply"}
			}
			{bone revolute "WheelL2"
				{parameters "ID=wheelleft2;"}
				{Matrix34
					-1.0000	0.0000	0.0000
					0.0000	0.0000	1.0000
					0.0000	1.0000	0.0000
					3.9832	16.5266	-0.2404
				}
				{VolumeView "WheelL2.ply"}
			}
			{bone revolute "WheelL3"
				{parameters "ID=wheelleft3;"}
				{Matrix34
					-1.0000	0.0000	0.0000
					0.0000	0.0000	1.0000
					0.0000	1.0000	0.0000
					-14.9832	16.5266	-0.2404
				}
				{VolumeView "WheelL3.ply"}
			}
		}
	}
}
{Volume "body1"
	{Box 46.7966 28.7251 26.0099}
	{Bone "body"}
	{Matrix34
		1.0000	0.0000	0.0000
		0.0000	0.0000	1.0000
		0.0000	1.0000	0.0000
		19.7700	15.1700	0.0000
	}
}
{Volume "body2"
	{Box 36.7966 24.7251 16.0099}
	{Bone "body"}
	{Matrix34
		1.0000	0.0000	0.0000
		0.0000	0.0000	1.0000
		0.0000	1.0000	0.0000
		-21.6000	9.4000	0.0000
	}
}
{Volume "turret"
	{Cylinder 8.95597 7.44243}
	{Bone "Turret"}
	{Matrix34
		1.0000	0.0000	0.0000
		0.0000	1.0000	0.0000
		0.0000	0.0000	1.0000
		0.0000	0.0000	3.5000
	}
}
{Volume "wheelright1"
	{Cylinder 8.95597 4.24243}
	{Bone "WheelR1"}
	{Position 0.0835	0.0644	0.0000}
}
{Volume "wheelleft1"
	{Cylinder 8.95597 4.24243}
	{Bone "WheelL1"}
	{Position 0.0835	0.0644	0.0000}
}
{Volume "wheelleft2"
	{Cylinder 8.95597 4.44243}
	{Bone "wheelL2"}
	{Position 0.0835	0.0644	0.0000}
}
{Volume "wheelright2"
	{Cylinder 8.95597 4.44243}
	{Bone "WheelR2"}
	{Position 0.0835	0.0644	0.0000}
}
{Volume "wheelleft3"
	{Cylinder 8.95597 4.44243}
	{Bone "wheelL3"}
	{Position 0.0835	0.0644	0.0000}
}
{Volume "wheelright3"
	{Cylinder 8.95597 4.44243}
	{Bone "WheelR3"}
	{Position 0.0835	0.0644	0.0000}
}
{Volume "engine"
	{Box 16.7966 9.9251 8.0099}
	{Bone "engine"}
	{Position 3.6000	0.0000	-2.0000}
}
{Volume "part1"
	{Box 11.7966 20.9251 1.0099}
	{Bone "part1"}
	{Position -5.0000	0.0000	0.0000}
}
{Volume "part2"
	{Box 11.7966 20.9251 1.0099}
	{Bone "part2"}
	{Position -5.0000	-4.0000	0.0000}
}
{Volume "part3"
	{Box 1.2966 8.9251 17.0099}
	{Bone "part3"}
	{Position 0.0000	0.0000	0.0000}
}
