;Exported by: garry
;Date:        Tue Jun 01 15:39:27 2004
;File:        \\gamer2\d$\-Projects-\-3DWork-\Танки\PZ-6 Tiger2\Tiger_2.max
{Skeleton
	{animation
		{sequence "start" {speed 0.7}}
		{sequence "stop" {speed 0.7}}
		{sequence "fire"}
		{sequence "open" {resume}}
	}
	{bone "Basis"
		{Orientation
			1.0000	0.0000	0.0000
			0.0000	-1.0000	0.0000
			0.0000	0.0000	1.0000
		}
		{bone "FXshot"
			{Matrix34
				0.0000	0.0000	1.0000
				0.0000	1.0000	0.0000
				-1.0000	0.0000	0.0000
				-10.2672	-0.3995	18.1590
			}
		}
		{bone "emit2"
			{Matrix34
				0.0000	1.0000	0.0000
				-1.0000	0.0000	0.0000
				0.0000	0.0000	1.0000
				29.8829	-51.0151	0.3149
			}
		}
		{bone "emit1"
			{Matrix34
				0.0000	-1.0000	0.0000
				1.0000	0.0000	0.0000
				0.0000	0.0000	1.0000
				29.8829	49.5474	0.3149
			}
		}
		{bone "Body"
			{parameters "ID=body;"}
			{animation
				{sequence "repair" {file "body_r.anm"} {speed 0.8}}
			}
			{Position -8.1355	-0.0595	11.1345}
			{VolumeView "Body.ply"}
				{bone "FXfire1"
					{Matrix34
						0.0000	0.0000	1.0000
						-0.0000	1.0000	-0.0000
						-1.0000	-0.0000	0.0000
						-46.6973	-0.3400	23.6781
					}
				}
				{bone "FXsmoke1"
					{Matrix34
						-0.4226	0.0000	0.9063
						-0.0000	1.0000	-0.0000
						-0.9063	-0.0000	-0.4226
						-72.4760	7.8986	28.3109
					}
				}
				{bone "FXsmoke2"
					{Matrix34
						-0.4226	0.0000	0.9063
						-0.0000	1.0000	-0.0000
						-0.9063	-0.0000	-0.4226
						-72.4760	-8.0654	28.3109
					}
				}
				{bone revolute "Turret"
					{parameters "ID=Turret;"}
					{animation
						{sequence "repair" {file "turret_r.anm"} {speed 0.8}}
					}
					{speed 0.0030}
					{Position 3.2474	-0.5580	25.7476}
					{VolumeView "Turret.ply"}
						{bone "Cower"
							{Matrix34
								0.9848	-0.1736	-0.0000
								0.1736	0.9848	-0.0000
								0.0000	0.0000	1.0000
								-2.3159	-2.1255	22.4931
							}
							{VolumeView "Cower.ply"}
						}
						{bone revolute "Gun_rot"
							{parameters "ID=gun;"}
							{limits -5.0000 15.0000}
							{speed 0.0100}
							{Matrix34
								1.0000	0.0000	0.0000
								0.0000	0.0000	1.0000
								0.0000	-1.0000	0.0000
								27.8591	0.2738	8.1787
							}
							{VolumeView "Gun_rot.ply"}
							{bone "Gun"
								{parameters "ID=gun;"}
								{Matrix34
									1.0000	0.0000	0.0000
									0.0000	0.0000	-1.0000
									0.0000	1.0000	0.0000
									65.5072	-0.3850	-0.0000
								}
								{VolumeView "Gun.ply"}
								{bone "Foresight1"
									{Position 40.8621	0.1520	0.4528}
								}
							}
							{bone "Foresight3"
								{Position 3.7667	0.5061	-8.9827}
							}
						}
					{bone "Visor1"
						{Position 1.3347	-9.0361	21.5094}
					}
					{bone "FXfire2"
						{Matrix34
							0.0000	0.0000	1.0000
							-0.0000	1.0000	0.0000
							-1.0000	-0.0000	0.0000
							-5.3791	0.2180	11.0438
						}
					}
				}
			{bone revolute "wheelL1"
				{parameters "ID=body;"}
				{Matrix34
					1.0000	0.0000	-0.0082
					-0.0082	-0.0000	-1.0000
					0.0000	-1.0000	0.0000
					60.8562	28.8232	4.1322
				}
				{VolumeView "wheelL1.ply"}
			}
			{bone revolute "WheelL2"
				{parameters "ID=body;"}
				{Matrix34
					1.0000	0.0000	-0.0082
					-0.0082	-0.0000	-1.0000
					0.0000	-1.0000	0.0000
					-49.4527	28.8232	2.6434
				}
				{VolumeView "WheelL2.ply"}
			}
			{bone revolute "wheelR1"
				{parameters "ID=body;"}
				{Matrix34
					1.0000	0.0000	-0.0082
					-0.0082	0.0000	-1.0000
					0.0000	1.0000	0.0000
					60.8562	-29.6089	4.1322
				}
				{VolumeView "wheelR1.ply"}
			}
			{bone revolute "WheelR2"
				{parameters "ID=body;"}
				{Matrix34
					1.0000	0.0000	-0.0082
					-0.0082	0.0000	-1.0000
					0.0000	1.0000	0.0000
					-49.4527	-29.6089	2.6434
				}
				{VolumeView "WheelR2.ply"}
			}
			{bone "Visor2"
				{Position 59.0957	-10.7595	23.6550}
			}
			{bone "Seat01"
				{Matrix34
					0.6266	-0.7598	0.1736
					0.7715	0.6362	0.0000
					-0.1105	0.1340	0.9848
					-34.4042	-29.1341	18.6138
				}
			}
			{bone "Seat02"
				{Matrix34
					0.5577	-0.8117	0.1736
					0.8242	0.5663	0.0000
					-0.0983	0.1431	0.9848
					-49.8510	-29.1341	18.6138
				}
			}
			{bone "Seat03"
				{Matrix34
					0.0000	0.9848	0.1736
					-1.0000	0.0000	0.0000
					-0.0000	-0.1736	0.9848
					-34.4042	29.3689	17.3433
				}
			}
			{bone "Seat04"
				{Matrix34
					0.0000	0.9848	0.1736
					-1.0000	0.0000	0.0000
					-0.0000	-0.1736	0.9848
					-49.8510	29.3689	17.3433
				}
			}
			{bone "engine"
				{Matrix34
					0.0000	0.0000	1.0000
					-0.0000	1.0000	-0.0000
					-1.0000	-0.0000	0.0000
					-39.2946	-0.1383	15.5903
				}
			}
		}
		{bone "WheelsR"
			{parameters "ID=trackright;"}
			{Matrix34
				1.0000	0.0000	0.0000
				0.0000	-0.0000	1.0000
				0.0000	-1.0000	-0.0000
				1.4887	-25.3137	10.0383
			}
			{VolumeView "WheelsR.ply"}
			{bone "TrackR"
				{parameters "ID=trackright;"}
				{Matrix34
					-1.0000	-0.0000	0.0000
					-0.0000	1.0000	-0.0000
					0.0000	0.0000	1.0000
					-3.8527	2.3065	1.5902
				}
				{VolumeView "TrackR.ply"}
				{bone "FXtraceR1"
					{Matrix34
						1.0000	0.0000	-0.0000
						0.0000	0.0000	1.0000
						-0.0000	1.0000	0.0000
						-29.5238	-11.7935	0.9244
					}
				}
				{bone "FXtraceR2"
					{Matrix34
						1.0000	0.0000	-0.0000
						0.0000	0.0000	1.0000
						-0.0000	1.0000	0.0000
						32.2414	-11.2803	0.9244
					}
				}
				{bone "FXtraceR3"
					{Matrix34
						0.9911	0.1331	-0.0000
						0.0000	0.0000	1.0000
						-0.1331	0.9911	0.0000
						39.3188	-11.6646	0.9244
					}
				}
			}
		}
		{bone "WheelsL"
			{parameters "ID=trackleft;"}
			{Matrix34
				1.0000	0.0000	0.0000
				0.0000	-0.0000	1.0000
				0.0000	1.0000	0.0000
				1.4887	25.7247	10.0383
			}
			{VolumeView "WheelsL.ply"}
			{bone "TrackL"
				{parameters "ID=trackleft;"}
				{Matrix34
					-1.0000	0.0000	0.0000
					-0.0000	1.0000	-0.0000
					0.0000	0.0000	1.0000
					-3.8527	2.3065	-0.2752
				}
				{VolumeView "TrackL.ply"}
				{bone "FXtraceL1"
					{Matrix34
						1.0000	0.0000	-0.0000
						-0.0000	0.0000	-1.0000
						0.0000	1.0000	0.0000
						-29.5238	-11.7935	2.2832
					}
				}
				{bone "FXtraceL2"
					{Matrix34
						1.0000	0.0000	-0.0000
						-0.0000	0.0000	-1.0000
						0.0000	1.0000	0.0000
						32.2414	-11.2803	2.2832
					}
				}
				{bone "FXtraceL3"
					{Matrix34
						0.9911	0.1331	-0.0000
						-0.0000	0.0000	-1.0000
						-0.1331	0.9911	0.0000
						39.3188	-11.6646	2.2832
					}
				}
			}
		}
		{bone "emit3"
			{parameters "Group=passengers;"}
			{Matrix34
				0.0000	1.0000	0.0000
				-1.0000	0.0000	0.0000
				0.0000	0.0000	1.0000
				-41.1398	-51.0151	1.6677
			}
			{visibility 0}
		}
		{bone "emit5"
			{parameters "Group=passengers;"}
			{Matrix34
				-0.0000	-1.0000	0.0000
				1.0000	-0.0000	0.0000
				0.0000	0.0000	1.0000
				-42.7535	49.5474	1.6677
			}
			{visibility 0}
		}
		{bone "emit4"
			{parameters "Group=passengers;"}
			{Matrix34
				0.0000	1.0000	0.0000
				-1.0000	0.0000	0.0000
				0.0000	0.0000	1.0000
				-64.4636	-51.0151	1.6677
			}
			{visibility 0}
		}
		{bone "emit6"
			{parameters "Group=passengers;"}
			{Matrix34
				-0.0000	-1.0000	0.0000
				1.0000	-0.0000	0.0000
				0.0000	0.0000	1.0000
				-63.9363	49.5474	1.6677
			}
			{visibility 0}
		}
	}
}
{Volume "Trackleft"
	{Box 126.496 17.067 24.8946}
	{Bone "WheelsL"}
	{Matrix34
		-1.0000	-0.0000	0.0000
		0.0000	-0.0000	1.0000
		-0.0000	1.0000	0.0000
		-4.0772	2.3897	1.2110
	}
}
{Volume "Trackright"
	{Box 126.496 16.0459 24.4501}
	{Bone "WheelsR"}
	{Matrix34
		1.0000	0.0000	-0.0000
		-0.0000	0.0000	-1.0000
		-0.0000	1.0000	-0.0000
		-4.1434	2.1674	2.7373
	}
}
{Volume "Engine"
	{Box 28.6797 34.4107 13.8825}
	{Bone "engine"}
	{Matrix34
		0.0000	-0.0000	-1.0000
		0.0000	1.0000	-0.0000
		1.0000	-0.0000	0.0000
		0.0000	0.0000	1.0063
	}
}
{Volume "Turret"
	{Polyhedron "Turret.vol"}
	{Bone "Turret"}
	{Position -5.9521	0.4197	-0.5583}
}
{Volume "Gun"
	{Cylinder 2.15281 105.951}
	{Bone "Gun"}
	{Matrix34
		-0.0000	-1.0000	-0.0000
		-0.0000	-0.0000	1.0000
		-1.0000	0.0000	-0.0000
		-13.6890	0.0000	0.1084
	}
}
{Volume "Body2"
	{Polyhedron "Body2.vol"}
	{Bone "Body"}
	{Position 2.4791	-0.5432	0.1104}
}
{Volume "Body1"
	{Polyhedron "Body1.vol"}
	{Bone "Body"}
	{Position 2.4791	-0.5432	-2.1803}
}
{Volume "inventory"
	{Box 17.6388 34.4107 18.8328}
	{Bone "Body"}
	{Position -15.1790	-0.1383	13.3490}
}
{Volume "Crew"
	{Box 17.6388 17.9211 27.2107}
	{Bone "Body"}
	{Position 5.3228	-0.1383	19.0137}
}
