;Exported by: garry
;Date:        Wed Feb 11 12:17:00 2004
;File:        D:\-Projects-\-3DWork-\Model\mashines\Kubel\Kubel_temp_x.max
{Skeleton
	{bone "Basis"
		{parameters "WheelRadius=0.2;"}
		{Orientation
			1.0000	0.0000	0.0000
			0.0000	-1.0000	0.0000
			0.0000	0.0000	1.0000
		}
		{bone "pivot_back"
			{Position -22.9213	-0.4269	6.6687}
			{bone revolute "spring_L2"
				{Matrix34
					-1.0000	0.0000	-0.0000
					-0.0000	1.0000	0.0000
					0.0000	0.0000	-1.0000
					0.0453	12.3674	-0.0597
				}
				{bone revolute "WheelL2"
					{parameters "ID=wheelleft2;"}
					{Matrix34
						-0.4924	0.0000	0.8704
						0.8704	-0.0000	0.4924
						0.0000	1.0000	0.0000
						0.0000	2.0922	0.0000
					}
					{VolumeView "WheelL2.ply"}
				}
			}
			{bone revolute "spring_R2"
				{Matrix34
					-1.0000	0.0000	-0.0000
					-0.0000	1.0000	0.0000
					0.0000	0.0000	-1.0000
					0.0453	-11.0557	-0.0597
				}
				{bone revolute "WheelR2"
					{parameters "ID=wheelright2;"}
					{Matrix34
						0.0000	0.0000	-1.0000
						-1.0000	0.0000	-0.0000
						0.0000	1.0000	0.0000
						-0.0000	-2.4239	0.0000
					}
					{VolumeView "WheelR2.ply"}
				}
			}
		}
		{bone "pivot_front"
			{Position 24.2384	-0.4269	6.6687}
			{bone revolute "rot_rul"
				{Matrix34
					-0.5878	0.0000	-0.8090
					0.0000	1.0000	0.0000
					0.8090	0.0000	-0.5878
					-13.1435	7.4051	14.0956
				}
				{visibility 0}
				{bone "wheel_arm"
					{parameters "ID=body;"}
					{Matrix34
						-0.0000	-1.0000	-0.0000
						-0.3987	-0.0000	0.9171
						-0.9171	0.0000	-0.3987
						-0.0000	0.0000	-1.9922
					}
					{visibility 0}
					{VolumeView "wheel_arm.ply"}
				}
			}
			{bone revolute "steer_L1"
				{Matrix34
					-1.0000	0.0000	-0.0000
					-0.0000	1.0000	0.0000
					0.0000	0.0000	-1.0000
					-0.0029	12.3674	-0.0597
				}
				{bone revolute "WheelL1"
					{parameters "ID=wheelleft1;"}
					{Matrix34
						0.0000	0.0000	1.0000
						1.0000	-0.0000	0.0000
						0.0000	1.0000	-0.0000
						0.0000	2.2926	0.0000
					}
					{VolumeView "WheelL1.ply"}
				}
			}
			{bone revolute "steer_R1"
				{Matrix34
					-1.0000	0.0000	-0.0000
					-0.0000	1.0000	0.0000
					0.0000	0.0000	-1.0000
					-0.0029	-11.0557	-0.0597
				}
				{bone revolute "wheelR1"
					{parameters "ID=wheelright1;"}
					{Matrix34
						-0.9997	0.0175	-0.0175
						-0.0174	0.0003	0.9998
						0.0175	0.9998	0.0000
						-0.0000	-3.1169	0.0000
					}
					{VolumeView "wheelR1.ply"}
				}
			}
		}
		{bone "Body"
			{parameters "ID=body;"}
			{animation
				{sequence "break" {file "body.anm"}}
			}
			{Matrix34
				-0.0000	-1.0000	0.0000
				1.0000	-0.0000	0.0000
				0.0000	0.0000	1.0000
				-0.7313	0.0392	6.7935
			}
			{VolumeView "Body.ply"}
			{bone "DoorL"
				{parameters "ID=body;"}
				{Matrix34
					-0.0000	1.0000	-0.0000
					-0.0000	-0.0000	1.0000
					-1.0000	-0.0000	-0.0000
					-13.5127	0.1790	9.8474
				}
				{VolumeView "DoorL.ply"}
			}
			{bone "DoorL1"
				{parameters "ID=body;"}
				{Matrix34
					0.0000	-1.0000	0.0000
					0.0000	-0.0000	1.0000
					-1.0000	-0.0000	0.0000
					-13.8257	0.1790	9.8474
				}
				{VolumeView "DoorL1.ply"}
			}
			{bone "DoorR1"
				{parameters "ID=body;"}
				{Matrix34
					0.0000	-1.0000	0.0000
					0.0000	0.0000	1.0000
					1.0000	0.0000	-0.0000
					13.8085	0.1790	9.8474
				}
				{VolumeView "DoorR1.ply"}
			}
			{bone "DoorR"
				{parameters "ID=body;"}
				{Matrix34
					-0.0000	1.0000	-0.0000
					0.0000	0.0000	1.0000
					1.0000	0.0000	-0.0000
					13.5237	0.1790	9.8474
				}
				{VolumeView "DoorR.ply"}
			}
			{bone "bodyback"
				{parameters "ID=bodyback;"}
				{Position 1.5898	-22.4075	18.7807}
				{VolumeView "bodyback.ply"}
			}
			{bone "engine"
				{parameters "CommonMesh;ID=engine;"}
				{animation
					{sequence "break" {file "engine.anm"}}
				}
				{Matrix34
					1.0000	0.0000	0.0000
					-0.0000	-0.0000	1.0000
					0.0000	-1.0000	-0.0000
					0.0589	-31.8630	14.9191
				}
				{VolumeView "engine.ply"}
			}
		}
	}
}
{Volume "wheelright1"
	{Cylinder 4.87519 2.7}
	{Bone "wheelR1"}
	{Matrix34
		0.9997	0.0174	-0.0175
		0.0175	-0.9998	-0.0000
		-0.0175	-0.0003	-0.9998
		-0.1008	-0.0018	0.0018
	}
}
{Volume "wheelleft1"
	{Cylinder 4.87519 2.7}
	{Bone "WheelL1"}
	{Matrix34
		0.0000	-1.0000	-0.0000
		-1.0000	-0.0000	-0.0000
		0.0000	0.0000	-1.0000
		0.0000	-0.0000	-0.0026
	}
}
{Volume "wheelright2"
	{Cylinder 4.87519 2.7}
	{Bone "WheelR2"}
	{Matrix34
		-0.0000	1.0000	-0.0000
		1.0000	0.0000	-0.0000
		-0.0000	-0.0000	-1.0000
		0.0616	0.0317	-0.5848
	}
}
{Volume "wheelleft2"
	{Cylinder 4.87519 2.7}
	{Bone "WheelL2"}
	{Matrix34
		0.0000	-1.0000	-0.0000
		-1.0000	-0.0000	-0.0000
		0.0000	0.0000	-1.0000
		-0.1196	0.0292	0.0579
	}
}
