;MDL File generated by SOEdit
;Model created by: <your name here>
;PLY Geometry by: <insert modeler name>
;VOL Geometry by: <insert modeler name>
{Skeleton
    {Animation
        {sequence "recoil" {speed 0.7}}
    }
    {bone revolute "Basis"
        {speed 0.0100}
        {Orientation
            1.0000 0.0000 0.0000
            0.0000 -1.0000 0.0000
            0.0000 0.0000 1.0000
        }
        {bone "body"
            {parameters "CommonMesh;ID=body;"}
            {Animation
                {sequence "repair" {speed 0.8} {file "body_r.anm"}}
            }
            {Position -21.3858 -0.0899 6.3716}
            {VolumeView "body.ply"}
            {bone revolute "WheelR"
                {parameters "ID=wheelright;"}
                {Matrix34
                    1.0000 0.0000 0.0000
                    0.0000 -0.5793 -0.8151
                    0.0000 0.8151 -0.5793
                    30.1571 -15.9579 0.3566
                }
                {VolumeView "WheelR.ply"}
            }
            {bone revolute "WheelL"
                {parameters "ID=wheelleft;"}
                {Matrix34
                    0.9766 -0.1555 0.1484
                    0.0331 -0.5732 -0.8188
                    0.2124 0.8046 -0.5546
                    29.8665 17.3616 0.5716
                }
                {VolumeView "WheelL.ply"}
            }
            {bone revolute "turret"
                {parameters "ID=turret;"}
                {Animation
                    {sequence "repair" {file "turret_r.anm"}}
                }
                {limits -15.0000 15.0000}
                {speed 0.0100}
                {Matrix34
                    -0.0175 0.9541 0.2988
                    -0.9688 0.0578 -0.2412
                    -0.2474 -0.2937 0.9233
                    29.7597 0.6376 0.4001
                }
                {VolumeView "turret.ply"}
                {bone revolute "gun_rot"
                    {parameters "ID=gun;"}
                    {limits -10.0000 25.0000}
                    {speed 0.0100}
                    {Matrix34
                        0.0137 -0.9835 -0.1805
                        0.0339 -0.1800 0.9831
                        -0.9993 -0.0196 0.0309
                        2.8097 4.1400 9.3709
                    }
                    {VolumeView "gun_rot.ply"}
                    {bone "For1"
                        {Matrix34
                            0.9892 -0.0115 0.1458
                            0.1461 0.1254 -0.9813
                            -0.0070 0.9921 0.1257
                            -8.7741 4.5804 0.5100
                        }
                        {bone "Gun"
                            {parameters "ID=Turret;"}
                            {Position -9.1055 0.4582 0.0000}
                            {VolumeView "Gun.ply"}
                        }
                    }
                }
            }
        }
    }
}
{Obstacle "Obstacle3"
    {Obb2
        {Center 3.8216 -0.0489}
        {Extent 6.8466 17.7277}
        {Axis 0 0}
    }
    {Rotate}
}
{Volume "turret"
    {Polyhedron "turret.vol"}
    {Bone "turret"}
    {Matrix34
        0.0000 -1.0000 0.0000
        1.0000 0.0000 0.0000
        0.0000 0.0000 1.0000
        0.0000 -3.7380 4.8812
    }
}
{Volume "gun"
    {Cylinder 1.02623 46.02360}
    {Bone "gun"}
    {Matrix34
        0.0008 0.9996 0.0298
        0.0017 -0.0298 0.9996
        1.0000 -0.0007 -0.0018
        36.0018 -0.0793 0.0164
    }
}
{Volume "body2"
    {Cylinder 1.99170 54.16730}
    {Bone "body"}
    {Matrix34
        -0.7313 0.8574 -0.0445
        -0.1035 -0.0426 0.8800
        0.4274 0.3681 0.0681
        12.8969 -15.1048 4.7417
    }
}
{Volume "body1"
    {Cylinder 1.99170 54.16730}
    {Bone "body"}
    {Matrix34
        -0.1123 -0.9578 -0.1178
        0.1188 0.1003 -0.9427
        0.8075 -0.0156 0.0878
        6.5804 3.5584 4.3411
    }
}
{Volume "wheelleft"
    {Cylinder 6.84871 3.60311}
    {Bone "WheelL"}
    {Matrix34
        0.9962 0.0872 0.0000
        0.0872 -0.9962 0.0000
        0.0000 0.0000 -1.0000
        0.0000 0.0000 -0.0280
    }
}
{Volume "wheelright"
    {Cylinder 6.84871 3.60311}
    {Bone "WheelR"}
    {Matrix34
        1.0000 0.0000 0.0000
        0.0000 -1.0000 0.0000
        0.0000 0.0000 -1.0000
        0.0000 0.0000 0.0461
    }
}
