;Exported by: sk
;Date:        Fri Mar 12 19:36:16 2004
;File:        D:\-Projects-\-3DWork-\Constructions\Aerodrome\barrels.max
{Skeleton
	{bone "coil5"
		{Orientation
			1.0000	0.0000	0.0000
			0.0000	-1.0000	0.0000
			0.0000	0.0000	1.0000
		}
		{VolumeView "coil5.ply"}
	}
}
{Volume "fire2"
	{Cylinder 22.26 5.29756}
	{Bone "coil5"}
	{Matrix34
		0.9906	-0.1371	0.0000
		0.1371	0.9906	-0.0000
		-0.0000	0.0000	1.0000
		-0.0405	0.1213	24.5504
	}
}
{Volume "fire1"
	{Cylinder 14.9142 18.1706}
	{Bone "coil5"}
	{Matrix34
		0.9906	-0.1371	0.0000
		0.1371	0.9906	-0.0000
		-0.0000	0.0000	1.0000
		-0.0405	0.1213	13.6672
	}
}
{Volume "fire0"
	{Cylinder 22.26 5.29756}
	{Bone "coil5"}
	{Matrix34
		0.9906	-0.1371	0.0000
		0.1371	0.9906	-0.0000
		-0.0000	0.0000	1.0000
		-0.0405	0.1213	2.6488
	}
}
{Volume "body"
	{Cylinder 19.046 23.9585}
	{Bone "coil5"}
	{Matrix34
		-0.9916	-0.1290	-0.0000
		-0.1290	0.9916	-0.0000
		0.0000	-0.0000	-1.0000
		-0.0405	0.1213	11.9617
	}
}
