;Exported by: garry
;Date:        Wed Feb 25 15:53:33 2004
;File:        D:\-Projects-\-3DWork-\Model\mashines\Kubel\Kubel_temp_xx.max
{Skeleton
	{bone "Basis"
		{parameters "WheelRadius=0.2;"}
		{Orientation
			1.0000	0.0000	0.0000
			0.0000	-1.0000	0.0000
			0.0000	0.0000	1.0000
		}
		{bone "pivot_back"
			{Position -22.9213	-0.4269	6.6687}
			{bone revolute "spring_L2"
				{Matrix34
					-1.0000	0.0000	-0.0000
					-0.0000	1.0000	0.0000
					0.0000	0.0000	-1.0000
					0.0453	12.3674	-0.0597
				}
				{bone revolute "WheelL2"
					{parameters "ID=wheelleft2;"}
					{Matrix34
						-0.4924	0.0000	0.8704
						0.8704	-0.0000	0.4924
						0.0000	1.0000	0.0000
						0.0000	2.0922	0.0000
					}
					{VolumeView "WheelL2.ply"}
				}
			}
			{bone revolute "spring_R2"
				{Matrix34
					-1.0000	0.0000	-0.0000
					-0.0000	1.0000	0.0000
					0.0000	0.0000	-1.0000
					0.0453	-11.0557	-0.0597
				}
				{bone revolute "WheelR2"
					{parameters "ID=wheelright2;"}
					{Matrix34
						0.0000	0.0000	-1.0000
						-1.0000	0.0000	-0.0000
						0.0000	1.0000	0.0000
						-0.0000	-2.4239	0.0000
					}
					{VolumeView "WheelR2.ply"}
				}
			}
		}
		{bone "pivot_front"
			{Position 24.2384	-0.4269	6.6687}
			{bone revolute "steer_L1"
				{Matrix34
					-1.0000	0.0000	-0.0000
					-0.0000	1.0000	0.0000
					0.0000	0.0000	-1.0000
					-0.0029	12.3674	-0.0597
				}
				{bone revolute "WheelL1"
					{parameters "ID=wheelleft1;"}
					{Matrix34
						0.0000	0.0000	1.0000
						1.0000	-0.0000	0.0000
						0.0000	1.0000	-0.0000
						0.0000	2.2926	1.0698
					}
					{VolumeView "WheelL1.ply"}
				}
			}
			{bone revolute "steer_R1"
				{Matrix34
					-1.0000	0.0000	-0.0000
					-0.0000	1.0000	0.0000
					0.0000	0.0000	-1.0000
					-0.0029	-11.0557	-0.0597
				}
				{bone revolute "wheelR1"
					{parameters "ID=wheelright1;"}
					{Matrix34
						-0.9997	0.0175	-0.0175
						-0.0174	0.0003	0.9998
						0.0175	0.9998	0.0000
						-0.0000	-3.1169	0.0000
					}
					{VolumeView "wheelR1.ply"}
				}
			}
		}
		{bone "Body"
			{parameters "ID=body;"}
			{animation
				{sequence "break" {file "body.anm"}}
			}
			{Matrix34
				-0.0000	-1.0000	0.0000
				0.9990	-0.0000	-0.0436
				0.0436	-0.0000	0.9990
				-0.7313	0.0392	6.2670
			}
			{VolumeView "Body.ply"}
			{bone "engine"
				{parameters "CommonMesh;ID=engine;"}
				{animation
					{sequence "break" {file "engine.anm"}}
				}
				{Matrix34
					1.0000	-0.0000	-0.0000
					-0.0000	-0.0000	1.0000
					0.0000	-1.0000	-0.0000
					0.0589	-31.7857	13.1475
				}
				{VolumeView "engine.ply"}
			}
			{bone "part1"
				{Position 14.1417	24.6580	2.5821}
				{VolumeView "part1.ply"}
			}
			{bone "Part2"
				{Matrix34
					-0.3166	0.9447	-0.0856
					0.0249	0.0985	0.9948
					-0.9482	-0.3128	0.0547
					-13.5127	0.2563	8.0758
				}
				{VolumeView "Part2.ply"}
			}
			{bone "bodyback"
				{parameters "ID=bodyback;"}
				{Position 1.5898	-22.3394	17.2202}
				{VolumeView "bodyback.ply"}
			}
		}
	}
}
{Volume "Body"
	{Polyhedron "Body.vol"}
	{Bone "Body"}
	{Matrix34
		-0.0000	1.0000	-0.0000
		-1.0000	-0.0000	-0.0000
		-0.0000	0.0000	1.0000
		0.1150	0.7885	-2.0968
	}
}
{Volume "part2"
	{Box 12.1733 13.1097 2.57512}
	{Bone "Part2"}
	{Matrix34
		0.9981	-0.0264	-0.0556
		0.0298	0.9977	0.0604
		-0.0539	0.0619	-0.9966
		6.9865	-0.1276	-0.1036
	}
}
{Volume "part1"
	{Box 19.0641 8.13286 6.07131}
	{Bone "part1"}
	{Matrix34
		-0.0000	0.9563	0.2924
		-1.0000	-0.0000	-0.0000
		0.0000	-0.2924	0.9563
		0.3655	-0.9306	1.0526
	}
}
{Volume "wheelright1"
	{Cylinder 4.87519 2.7}
	{Bone "wheelR1"}
	{Matrix34
		0.9891	0.0173	0.0025
		0.0173	-0.9891	-0.0000
		-0.0025	-0.0000	-1.1331
		0.0061	0.0001	-0.1832
	}
}
{Volume "wheelleft1"
	{Cylinder 4.87519 2.7}
	{Bone "WheelL1"}
	{Matrix34
		0.0000	-1.0000	-0.0000
		-1.0000	-0.0000	-0.0000
		0.0000	0.0000	-1.0000
		0.0000	0.0000	-0.0026
	}
}
{Volume "wheelright2"
	{Cylinder 4.87519 2.7}
	{Bone "WheelR2"}
	{Matrix34
		-0.0000	1.0000	-0.0000
		1.0000	0.0000	-0.0000
		-0.0000	-0.0000	-1.0000
		0.0616	0.0317	-0.5848
	}
}
{Volume "wheelleft2"
	{Cylinder 4.87519 2.7}
	{Bone "WheelL2"}
	{Matrix34
		0.0000	-1.0000	-0.0000
		-1.0000	-0.0000	-0.0000
		0.0000	0.0000	-1.0000
		-0.1196	0.0292	0.0579
	}
}
