{map
	{WorldBound 309.996 -420.004 6660 8850}
	{CameraBound 394.393 -328.15 6569.43 8707.82}
	{PatherBound 362.193 -367.284 6600.59 8746}
	{MapRegistry
		{season "default"}
	}
	{Camera
		{Position 3545.55 4463.09}
		{Distance 531 750 1200}
		{ViewAngle 0.694642 30 42}
	}
	{Entity "land300x400:extra3" 0x0
		{Position 3003.5 3953.65 0}
	}
	{Entity "bush8" 0x873
		{Position 3289.42 4312.74 -31.2169}
		{Turn 24.444}
	}
	{Entity "bush10" 0x872
		{Position 3378 4036.38 -24}
		{Turn 24.444}
	}
	{Entity "bush8" 0x871
		{Position 3344.85 4186.15 -26.773}
		{Turn 24.444}
	}
	{Entity "bush8" 0x870
		{Position 3587.2 3736.47 -15.6475}
		{Turn 24.444}
	}
	{Entity "bush9b" 0x86f
		{Position 3588.92 3756.74 -18.747}
		{Turn 24.444}
	}
	{Entity "bush10" 0x86e
		{Position 3682.57 3659.03 -7.80688}
		{Turn 24.444}
	}
	{Entity "bush2" 0x86d
		{Position 3987.27 3483.51 0}
		{Turn 24.444}
	}
	{Entity "bush9a" 0x86c
		{Position 3537.62 4323.53 0}
		{Turn 24.444}
	}
	{Entity "bush9b" 0x86b
		{Position 3551.31 4324.78 1.13144}
		{Turn 24.444}
	}
	{Entity "bush9a" 0x86a
		{Position 3515.77 4366.38 -0.422546}
		{Turn 24.444}
	}
	{Entity "bush10" 0x869
		{Position 3976.32 3481.15 0}
		{Turn 24.444}
	}
	{Entity "fence4_snackbar" 0x85c
		{Position 3790.67 3397.54 1.40714}
		{Turn 116.565}
	}
	{Entity "fence_snackbar" 0x85b
		{Position 3860.19 3432.67 -1}
		{Turn 116.565}
	}
	{Entity "fence_snackbar" 0x85a
		{Position 3921.45 3496.25 0}
		{Turn -97.5947}
	}
	{Entity "fence1_snackbar" 0x859
		{Position 3927.38 3473.22 0}
		{Turn -148.57}
	}
	{Entity "fence_snackbar" 0x858
		{Position 3849.6 3515.84 0.0164356}
		{Turn -113.629}
	}
	{Entity "fence_snackbar" 0x857
		{Position 3785.46 3558.79 3.45355}
		{Turn -130.236}
	}
	{Entity "fence_snackbar" 0x856
		{Position 3723.86 3606.18 0}
		{Turn -130.236}
	}
	{Entity "fence1_snackbar" 0x855
		{Position 3663.08 3655.48 -6.71759}
		{Turn -45}
	}
	{Entity "fence4_snackbar" 0x854
		{Position 3609.15 3711.14 -13.1144}
		{Turn 40.2364}
	}
	{Entity "fence5_snackbar" 0x6c6
		{Position 3559.92 3768.4 -20.8404}
		{Turn -142.431}
	}
	{Entity "fence4_snackbar" 0x6bf
		{Position 3513.83 3830.84 -26}
		{Turn -145.008}
	}
	{Entity "fence3_snackbar" 0x6be
		{Position 3460.15 3844.79 -26}
		{Turn -145.008}
	}
	{Entity "fence3a_snackbar" 0x6bc
		{Position 3402.22 3937.59 -22.813}
		{Turn -149.036}
	}
	{Entity "fence4_snackbar" 0x6bb
		{Position 3410.13 3992.1 -25.2211}
		{Turn 30.2564}
	}
	{Entity "fence2_snackbar" 0x6ba
		{Position 3376 4062.55 -24.6004}
		{Turn -61.3895}
	}
	{Entity "fence2_snackbar" 0x6b9
		{Position 3252.56 4308.17 -26.1478}
		{Turn 19.44}
	}
	{Entity "fence_snackbar" 0x6b8
		{Position 3344.86 4130.92 -20.9933}
		{Turn 19.44}
	}
	{Entity "fence4_snackbar" 0x6b7
		{Position 3299.52 4282.62 -29.4298}
		{Turn 13.2405}
	}
	{Entity "fence_snackbar" 0x6b6
		{Position 3321.12 4206.18 -22.8863}
		{Turn 13.2405}
	}
	{Entity "topol02" 0x853
		{Position 4746.94 3561.45 0}
		{Turn -64.6538}
		{Volume "crown"
			{Able {visible 0}}
		}
	}
	{Entity "forecount_plant1" 0x852
		{Position 3252.29 3675.14 -7}
		{Turn -86.2343}
	}
	{Entity "forecount_plant1" 0x851
		{Position 3171.81 3729.44 -2.18146}
		{Turn -130.236}
	}
	{Entity "forecount_plant1" 0x850
		{Position 3302.64 3589.07 -1.90744}
		{Turn -130.236}
	}
	{Entity "forecount_plant1" 0x84f
		{Position 3241.82 3579.51 0}
		{Turn -130.236}
	}
	{Entity "bush9b" 0x84e
		{Position 3213.55 3594.22 0}
		{Turn -130.236}
	}
	{Entity "ling" 0x84d
		{Position 3151.46 3656.69 -0.669434}
		{Turn -130.236}
	}
	{Entity "forecount_plant1" 0x84c
		{Position 3145.98 3679.04 -1}
		{Turn -130.236}
	}
	{Entity "forecount_plant1" 0x84b
		{Position 3161.12 3704.43 -2}
		{Turn -130.236}
	}
	{Entity "forecount_plant1" 0x84a
		{Position 3237.6 3578.53 0}
		{Turn -130.236}
	}
	{Entity "forecount_plant1" 0x849
		{Position 3216.14 3596.27 0}
		{Turn -130.236}
	}
	{Entity "forecount_plant1" 0x848
		{Position 3201.71 3607.82 0}
		{Turn -130.236}
	}
	{Entity "forecount_plant1" 0x846
		{Position 3174.66 3693.72 -2.46643}
		{Turn -130.236}
	}
	{Entity "forecount_plant1b" 0x842
		{Position 3279.3 3624.49 -5.37988}
		{Turn -86.2343}
	}
	{Entity "forecount_plant1b" 0x841
		{Position 3273.72 3609.48 -3.32086}
		{Turn -86.2343}
	}
	{Entity "lilac" 0x83e
		{Position 3170.13 3728.75 -2.01343}
		{Turn -130.236}
	}
	{Entity "lilac" 0x837
		{Position 3295.49 3592.87 -2.28745}
		{Turn -130.236}
	}
	{Entity "oak1" 0x835
		{Position 3199.33 3612.92 0}
		{Turn -130.236}
		{Volume "crown"
			{Able {visible 0}}
		}
	}
	{Entity "pla01" 0x840
		{Position 3133.46 3695.36 -0.346436}
		{Turn -130.236}
	}
	{Entity "pla01" 0x83f
		{Position 3257.23 3643.72 -5.72345}
		{Turn -86.2343}
	}
	{Entity "bush9" 0x83d
		{Position 3266.81 3575.21 -0.355328}
		{Turn -130.236}
	}
	{Entity "ling" 0x83c
		{Position 3249.36 3565.91 0}
		{Turn -130.236}
	}
	{Entity "lilac" 0x83b
		{Position 3470.18 3829.4 -25}
		{Turn -130.236}
	}
	{Entity "lilac" 0x83a
		{Position 3392.03 3958.15 -23.1659}
		{Turn -130.236}
	}
	{Entity "lilac" 0x839
		{Position 3176.31 3637.53 -0.475757}
		{Turn -130.236}
	}
	{Entity "lilac" 0x838
		{Position 3260.49 3643.89 -6.01925}
		{Turn -86.2343}
	}
	{Entity "bush9a" 0x836
		{Position 3256.63 3571.24 0}
		{Turn -130.236}
	}
	{Entity "bush9a" 0x834
		{Position 3244.23 3791.39 -4.42343}
		{Turn -130.236}
	}
	{Entity "bush9a" 0x833
		{Position 3257.18 3797.71 -5}
		{Turn -130.236}
	}
	{Entity "bush9a" 0x832
		{Position 3285.7 3774.11 -7.57043}
		{Turn -130.236}
	}
	{Entity "bush9a" 0x831
		{Position 3267.8 3647.81 -6.60987}
		{Turn -86.2343}
	}
	{Entity "crate2" 0x82d
		{Position 3138.74 3833.36 0}
		{Turn 7.59464}
	}
	{Entity "bags_big" 0x6d0
		{Position 2288.59 3985.09 -20.65}
		{Turn 127.499}
	}
	{Entity "bags1" 0x6cf
		{Position 2712.85 4321.39 -16.854}
		{Turn 88.4047}
	}
	{Entity "bags1" 0x6ce
		{Position 2330.6 4194.17 -28}
		{Turn 18.9606}
	}
	{Entity "bags3" 0x6cd
		{Position 2379.68 4246.67 -23.3537}
		{Turn 18.9606}
	}
	{Entity "bags_big2" 0x6cc
		{Position 3769.07 2935.41 -1.50867}
		{Turn -159.444}
	}
	{Entity "bags3" 0x6cb
		{Position 3793.35 2978.86 0.297357}
		{Turn -159.444}
	}
	{Entity "bags_big" 0x6ca
		{Position 3758.89 2973.94 -0.538606}
		{Turn -159.444}
	}
	{Entity "bags1" 0x6c9
		{Position 3855.04 3217.64 -0.881168}
		{Turn -91.1322}
	}
	{Entity "defence1" 0x6c7
		{Position 4214.61 3158.46 19.5441}
		{Turn -141.966}
	}
	{Entity "build-03_wall2" 0x6bd
		{Position 4481.15 3833.59 0}
		{Turn 36.2538}
	}
	{Entity "topol01" 0x42d
		{Position 5136.44 3775.96 12.5004}
		{Turn -145.305}
		{Volume "crown"
			{Able {visible 0}}
		}
	}
	{Entity "topol01" 0x42c
		{Position 5066.09 3756.26 13.7806}
		{Turn -145.305}
		{Volume "crown"
			{Able {visible 0}}
		}
	}
	{Entity "topol01" 0x42b
		{Position 4979.54 3755.11 1.95444}
		{Turn -145.305}
		{Volume "crown"
			{Able {visible 0}}
		}
	}
	{Entity "topol01" 0x82a
		{Position 4957.91 3128.86 0}
		{Turn -145.305}
		{Volume "crown"
			{Able {visible 0}}
		}
	}
	{Entity "topol01" 0x829
		{Position 4955.58 3249.05 2.55844}
		{Turn -145.305}
		{Volume "crown"
			{Able {visible 0}}
		}
	}
	{Entity "topol01" 0x828
		{Position 4936.14 3378.42 5.28963}
		{Turn -145.305}
		{Volume "crown"
			{Able {visible 0}}
		}
	}
	{Entity "topol01" 0x827
		{Position 4903.2 3550.59 0.320465}
		{Turn -145.305}
		{Volume "crown"
			{Able {visible 0}}
		}
	}
	{Entity "topol01" 0x826
		{Position 4828.39 3691.52 0}
		{Turn -145.305}
		{Volume "crown"
			{Able {visible 0}}
		}
	}
	{Entity "topol01" 0x825
		{Position 4806.03 3379.11 0}
		{Turn -145.305}
		{Volume "crown"
			{Able {visible 0}}
		}
	}
	{Entity "topol01" 0x824
		{Position 4824.17 3223.8 0}
		{Turn -145.305}
		{Volume "crown"
			{Able {visible 0}}
		}
	}
	{Entity "topol01" 0x81a
		{Position 4834.82 3082.65 0}
		{Turn -145.305}
		{Volume "crown"
			{Able {visible 0}}
		}
	}
	{Entity "topol02" 0x819
		{Position 4151.75 4052.91 0}
		{Turn -145.305}
		{Volume "crown"
			{Able {visible 0}}
		}
	}
	{Entity "topol02" 0x7fd
		{Position 4221.06 4050.48 0}
		{Turn -145.305}
		{Volume "crown"
			{Able {visible 0}}
		}
	}
	{Entity "topol02" 0x7fc
		{Position 4149.28 4129.81 0}
		{Turn -145.305}
		{Volume "crown"
			{Able {visible 0}}
		}
	}
	{Entity "topol02" 0x823
		{Position 4996.07 4080.17 0}
		{Turn -145.305}
		{Volume "crown"
			{Able {visible 0}}
		}
	}
	{Entity "topol02" 0x822
		{Position 5027.86 4124.39 0}
		{Turn -145.305}
		{Volume "crown"
			{Able {visible 0}}
		}
	}
	{Entity "topol02" 0x821
		{Position 5017.23 4201.5 0}
		{Turn -145.305}
		{Volume "crown"
			{Able {visible 0}}
		}
	}
	{Entity "topol02" 0x81f
		{Position 4891.7 4223.47 0}
		{Turn -145.305}
		{Volume "crown"
			{Able {visible 0}}
		}
	}
	{Entity "topol02" 0x81e
		{Position 4973.54 4233.69 0}
		{Turn -145.305}
		{Volume "crown"
			{Able {visible 0}}
		}
	}
	{Entity "topol02" 0x820
		{Position 4911.98 4069.34 0}
		{Turn -145.305}
		{Volume "crown"
			{Able {visible 0}}
		}
	}
	{Entity "border_tree3" 0x81d
		{Position 4914.57 4070.13 0}
		{Turn -145.305}
	}
	{Entity "border_tree3" 0x81c
		{Position 4996.45 4080.7 0}
		{Turn -145.305}
	}
	{Entity "border_tree3" 0x81b
		{Position 5028.89 4126.78 0}
		{Turn -145.305}
	}
	{Entity "border_tree3" 0x818
		{Position 5019.24 4205.73 0}
		{Turn -145.305}
	}
	{Entity "border_tree3" 0x817
		{Position 4974.55 4236.81 0}
		{Turn -145.305}
	}
	{Entity "border_tree3" 0x816
		{Position 4892.15 4224.6 0}
		{Turn -145.305}
	}
	{Entity "crate5" 0x815
		{Position 4314.02 3749.9 0}
		{Turn -145.305}
	}
	{Entity "crate4" 0x814
		{Position 3923.69 4018.89 0}
		{Turn -145.305}
	}
	{Entity "crate4" 0x813
		{Position 3973.98 3998.86 0}
		{Turn 173.66}
	}
	{Entity "crate2" 0x811
		{Position 4165.42 3976.65 0}
	}
	{Entity "bags_big2" 0x810
		{Position 4323.97 4078.78 0}
	}
	{Entity "bags3" 0x80f
		{Position 4394.06 3987.52 0}
	}
	{Entity "house_floor3e" 0x80d
		{Position 3086.96 4010.51 -0.339392}
		{Turn 49.7636}
	}
	{Entity "house_floor5" 0x80c
		{Position 4991.75 3921.67 2.17545}
		{Turn 3.57633}
	}
	{Entity "house_floor5" 0x806
		{Position 4914.44 3916.49 0}
		{Turn 8.74616}
	}
	{Entity "house_floor1c" 0x80b
		{Position 3962.03 4032.36 0}
		{Turn -47.1211}
	}
	{Entity "house_floor1c" 0x80a
		{Position 3917.74 3993.7 0}
		{Turn -47.1211}
	}
	{Entity "ground3" 0x809
		{Position 3930.99 4625.98 0}
		{Turn 47.7263}
	}
	{Entity "ground3" 0x808
		{Position 3756.1 4536.4 0}
		{Turn -47.1211}
	}
	{Entity "ground3" 0x807
		{Position 3859.08 4431.4 0}
		{Turn -47.1211}
	}
	{Entity "ground3" 0x805
		{Position 4114.09 4412.88 0}
		{Turn 45}
	}
	{Entity "ground3" 0x804
		{Position 3964 4324.49 0}
		{Turn -47.1211}
	}
	{Entity "concrete_fence_destroy" 0x803
		{Position 4754.35 4154.45 0}
		{Turn -47.1211}
	}
	{Entity "pla01b" 0x7ff
		{Position 5112.77 4153.27 0}
		{Turn -47.1211}
	}
	{Entity "topol01" 0x7fe
		{Position 5086.45 3952.14 10.0141}
		{Turn -47.1211}
		{Volume "crown"
			{Able {visible 0}}
		}
	}
	{Entity "bush10a" 0x7fb
		{Position 4145.46 4133.51 0}
		{Turn -47.1211}
	}
	{Entity "bush10" 0x7fa
		{Position 4217.54 4041.75 0}
		{Turn -47.1211}
	}
	{Entity "crater_big_tank" 0x7f9
		{Position 4462.78 4200.05 0}
		{Orientation
			  0.999758  -0.022022   0.000000
			  0.022022   0.999758   0.000000
			  0.000000   0.000000   1.000000
		}
		{AreaDisable "cut"}
	}
	{Entity "border_tree1" 0x7f8
		{Position 4142.66 4129.24 0}
		{Turn -47.1211}
	}
	{Entity "border_tree1" 0x7f7
		{Position 4213.69 4052.26 0}
		{Turn -47.1211}
	}
	{Entity "build-21_corner4" 0x7f6
		{Position 3146.64 3932.61 0}
		{Turn -128.66}
	}
	{Entity "destroy_trash4" 0x7f5
		{Position 2684.2 3241.17 0}
		{Turn 167.471}
	}
	{Entity "destroy_trash3" 0x7f4
		{Position 2696.04 3381.05 0}
		{Turn 167.471}
	}
	{Entity "destroy_trash1" 0x7f3
		{Position 2607.69 3349.04 0}
		{Turn 167.471}
	}
	{Entity "pool2" 0x7f2
		{Position 3186.17 2784.76 0}
		{Turn 167.471}
	}
	{Entity "pool3" 0x7f1
		{Position 4280.54 3862.28 0}
		{Turn 167.471}
	}
	{Entity "bush10b" 0x7f0
		{Position 2765.83 3383.63 0}
		{Turn 167.471}
	}
	{Entity "bay_bush" 0x7ef
		{Position 2445.81 3314.92 0}
		{Turn 167.471}
	}
	{Entity "wall1" 0x7eb
		{Position 3094.41 4152.22 -7.78104}
		{Turn 50.9061}
	}
	{Entity "wall2" 0x5bd
		{Position 3170.16 4242.25 -10.209}
		{Turn 50.9061}
	}
	{Entity "barrels1" 0x7e7
		{Position 4592.42 4008.18 0}
		{Turn -59.0362}
	}
	{Entity "bags3" 0x7e5
		{Position 4805.37 3904.51 0}
		{Turn -176.82}
	}
	{Entity "bags2" 0x7e4
		{Position 4773.96 3939.63 0}
		{Turn -176.82}
	}
	{Entity "bags1" 0x7e3
		{Position 4812.19 3973.52 0}
		{Turn -176.82}
	}
	{Entity "bags_big2" 0x7e2
		{Position 4809.83 3944.07 0}
		{Turn -176.82}
	}
	{Entity "bags1" 0x7e1
		{Position 3663.77 4949.63 -5.81732}
		{Turn -169.38}
	}
	{Entity "crate3" 0x7e0
		{Position 3821.19 4765.88 0}
		{Turn -169.38}
	}
	{Entity "defence1" 0x7df
		{Position 3675.82 4930.52 1.0906}
		{Turn -156.101}
	}
	{Entity "defence1_08" 0x7de
		{Position 3658.68 4855.68 4.86844}
		{Turn -43.5538}
	}
	{Entity "stuff2" 0x7dd
		{Position 5221.55 4435.12 1.15543}
		{Turn 6.34019}
	}
	{Entity "wires" 0x7dc
		{Position 3551.37 3241.29 0}
		{Turn -156.423}
	}
	{Entity "wires" 0x7db
		{Position 3690.28 3323.74 0}
		{Turn -144.442}
	}
	{Entity "wires1" 0x7d9
		{Position 2891.25 4957.54 -21.629}
		{Turn 167.757}
	}
	{Entity "wires1" 0x7da
		{Position 4947.17 4595.76 -2.41354}
		{Turn -171.87}
	}
	{Entity "defence1" 0x71a
		{Position 4435.71 4462.22 0}
		{Turn -154.799}
	}
	{Entity "defence1" 0x7d8
		{Position 4545.37 4252.36 0}
		{Turn 12.0948}
	}
	{Entity "eg" 0x7d7
		{Position 4594.94 4570.98 -0.592896}
		{Turn -122.735}
	}
	{Entity "defence1" 0x7cf
		{Position 4784.66 5005.43 -7.7465}
		{Turn -137.726}
	}
	{Entity "crate" 0x7d6
		{Position 4944.66 4898.31 -5.61217}
		{Turn -137.726}
	}
	{Entity "bags2" 0x7d5
		{Position 4976.95 4889.18 -5.02483}
		{Turn -137.726}
	}
	{Entity "bags3" 0x7d4
		{Position 5223.72 4874.18 0}
		{Turn -137.726}
	}
	{Entity "bags3" 0x7d3
		{Position 5229.22 4901.5 0}
		{Turn -63.4349}
	}
	{Entity "bags3" 0x7d2
		{Position 4976.22 5091.33 0}
		{Turn -63.4349}
	}
	{Entity "bags1" 0x7d1
		{Position 4964.38 5034.61 0}
		{Turn -63.4349}
	}
	{Entity "fountain1" 0x7ce
		{Position 4182.95 4087.99 0}
		{Turn -47.1211}
	}
	{Entity "hedgehog" 0x7cd
		{Position 4708.98 5519.99 -2}
		{Turn 79.6952}
	}
	{Entity "hedgehog" 0x7cc
		{Position 5006.25 5429.63 0}
	}
	{Entity "hedgehog" 0x7cb
		{Position 5309.73 5621.17 0}
	}
	{Entity "hedgehog" 0x7ca
		{Position 5765.78 5726.23 2.3606}
	}
	{Entity "hedgehog" 0x7c9
		{Position 5541.89 5799.53 0}
	}
	{Entity "hedgehog" 0x7c8
		{Position 5628.35 5908.34 2}
		{Turn -63.4349}
	}
	{Entity "hedgehog" 0x7c7
		{Position 4881.99 5526.95 0}
		{Turn -145.305}
	}
	{Entity "hedgehog" 0x7c6
		{Position 4545.4 5358.65 -10.0618}
	}
	{Entity "hedgehog" 0x7c5
		{Position 4745.53 5427.43 -1}
	}
	{Entity "hedgehog" 0x7c4
		{Position 5216.85 5560.64 0}
		{Turn -79.6952}
	}
	{Entity "hedgehog" 0x7c3
		{Position 5473.52 5658.55 0}
		{Turn -167.905}
	}
	{Entity "hedgehog" 0x7c2
		{Position 5021.9 5627.45 0}
		{Turn 10.3048}
	}
	{Entity "hedgehog" 0x7c1
		{Position 5219.2 5697.67 0}
		{Turn 90}
	}
	{Entity "newspaper" 0x7c0
		{Position 4575.2 4277.37 0}
		{Turn -150.945}
	}
	{Entity "newspaper" 0x5bb
		{Position 4553.2 4351.74 0}
		{Turn 42.2737}
	}
	{Entity "des_rock01" 0x7bc
		{Position 5077.6 5869.47 0}
		{Turn 42.2737}
	}
	{Entity "stone_norm10" 0x79f
		{Position 5179.83 4908.06 0}
		{Turn -108.435}
	}
	{Entity "poplar_white3b" 0x79e
		{Position 3500.73 3163.3 0}
		{Turn -47.1211}
		{Volume "crown"
			{Able {visible 0}}
		}
	}
	{Entity "pla02" 0x79d
		{Position 3397.35 3433.99 4.57656}
		{Turn -47.1211}
	}
	{Entity "pla02b" 0x7b0
		{Position 4158.76 3769.43 0}
		{Turn -47.1211}
	}
	{Entity "bush10a" 0x7af
		{Position 4355.28 3751.3 0}
		{Turn -47.1211}
	}
	{Entity "bush10" 0x40e
		{Position 4376.62 3768.19 0}
		{Turn -47.1211}
	}
	{Entity "bush10" 0x240
		{Position 4345.13 3754.66 0}
		{Turn -47.1211}
	}
	{Entity "border_tree3" 0x7ae
		{Position 4541.44 3664.85 0}
		{Turn -47.1211}
	}
	{Entity "oak1osen" 0x7ad
		{Position 4537.83 3667.73 0}
		{Turn -47.1211}
		{Volume "crown"
			{Able {visible 0}}
		}
	}
	{Entity "border_tree3" 0x7ac
		{Position 3420.31 4340.09 -28.8777}
		{Turn -47.1211}
	}
	{Entity "border_tree3" 0x7ab
		{Position 3585.99 3968.5 -18.1003}
		{Turn -47.1211}
	}
	{Entity "border_tree3" 0x7aa
		{Position 3799.31 3737.9 -6.06854}
		{Turn -47.1211}
	}
	{Entity "border_tree3" 0x7a9
		{Position 3982.86 3630.17 0}
		{Turn -47.1211}
	}
	{Entity "border_tree3" 0x7a8
		{Position 4281.55 3584.89 0}
		{Turn -47.1211}
	}
	{Entity "treed2" 0x7a7
		{Position 3251.72 4057.03 -3.46899}
		{Turn -47.1211}
		{Volume "crown"
			{Able {visible 0}}
		}
	}
	{Entity "plantree3" 0x7a6
		{Position 4282.83 3584.65 0}
		{Turn -47.1211}
		{Volume "crown"
			{Able {visible 0}}
		}
	}
	{Entity "poplar_white3" 0x7a5
		{Position 3420.41 4346.76 -26.8744}
		{Turn -47.1211}
		{Volume "crown"
			{Able {visible 0}}
		}
	}
	{Entity "poplar_white3" 0x7a4
		{Position 3586.16 3968.33 -18.1003}
		{Turn -47.1211}
		{Volume "crown"
			{Able {visible 0}}
		}
	}
	{Entity "poplar_white3" 0x7a3
		{Position 3799.11 3738.04 -6.08856}
		{Turn -47.1211}
		{Volume "crown"
			{Able {visible 0}}
		}
	}
	{Entity "poplar_white3" 0x7a2
		{Position 3982.84 3630.63 0}
		{Turn -47.1211}
		{Volume "crown"
			{Able {visible 0}}
		}
	}
	{Entity "grass1" 0x7a1
		{Position 3805.42 4026.27 3.45758}
		{Turn -99.4623}
		{Volume "crown"
			{Able {visible 1}}
		}
	}
	{Entity "grass2" 0x79c
		{Position 3987.3 3870.28 0}
		{Turn -99.4623}
	}
	{Entity "grass1" 0x79b
		{Position 4025.3 3855.82 0}
		{Turn -99.4623}
		{Volume "crown"
			{Able {visible 1}}
		}
	}
	{Entity "grass1" 0x79a
		{Position 3957.29 3885.96 0}
		{Turn -47.1211}
		{Volume "crown"
			{Able {visible 1}}
		}
	}
	{Entity "bush9b" 0x799
		{Position 2797.9 3705.15 -1}
		{Turn -99.4623}
	}
	{Entity "bush9b" 0x798
		{Position 2829.34 3717.81 -0.781433}
		{Turn -146.444}
	}
	{Entity "bush9b" 0x797
		{Position 2721.67 3717.46 -4.62145}
		{Turn -99.4623}
	}
	{Entity "bush9" 0x796
		{Position 2843.26 3750.99 -0.673553}
		{Turn -99.4623}
	}
	{Entity "bush9" 0x795
		{Position 2932.29 3670.1 0}
		{Turn -131.345}
	}
	{Entity "birch2" 0x794
		{Position 2951.11 3678.43 0}
		{Turn -131.345}
		{Volume "crown"
			{Able {visible 0}}
		}
	}
	{Entity "birch5" 0x793
		{Position 3104.91 4142.51 -5.75998}
		{Turn -99.4623}
		{Volume "crown"
			{Able {visible 0}}
		}
	}
	{Entity "bush8" 0x792
		{Position 3064.14 4117.84 -6.91066}
		{Turn -99.4623}
	}
	{Entity "trench_g1" 0x78f
		{Position 2653.31 4186.77 0}
		{Turn 126.28}
	}
	{Entity "trench_g1" 0x78e
		{Position 2891 4542.15 -9}
		{Turn -138.716}
	}
	{Entity "trench_g1" 0x78d
		{Position 2160.9 3967.74 -21.7744}
		{Turn -136.595}
	}
	{Entity "trench_g1" 0x78c
		{Position 3508.84 2851.2 0}
		{Turn -128.66}
	}
	{Entity "trench_g1" 0x78b
		{Position 3917.28 3017.62 10.7285}
		{Turn 128.66}
	}
	{Entity "trench_g1" 0x789
		{Position 4791.27 4968.72 -9.12756}
		{Turn -122.735}
	}
	{Entity "trench_g1" 0x788
		{Position 5841.96 4993.48 4.84796}
		{Turn -171.87}
	}
	{Entity "trench_g1" 0x787
		{Position 5639.1 4837.74 1}
		{Turn -90}
	}
	{Entity "bush10" 0x786
		{Position 3814.3 3031.36 4.05873}
		{Turn -140.194}
	}
	{Entity "bush10" 0x785
		{Position 3651.91 2899.19 -3.08057}
		{Turn -140.194}
	}
	{Entity "bush10" 0x784
		{Position 3764.31 3140.36 0.415736}
		{Turn -140.194}
	}
	{Entity "bush10" 0x783
		{Position 4086.55 2877.62 36.2375}
		{Turn 127.283}
	}
	{Entity "bush10" 0x782
		{Position 4026.75 3148.59 5.09494}
		{Turn -140.194}
	}
	{Entity "bush10a" 0x781
		{Position 3942.85 3136.08 4.39154}
		{Turn -140.194}
	}
	{Entity "bush9" 0x780
		{Position 3563.33 2967.22 2.7774}
		{Turn -79.0786}
	}
	{Entity "bush9" 0x77f
		{Position 3545.17 2951.24 1.87652}
		{Turn -140.194}
	}
	{Entity "bush9" 0x77e
		{Position 3780.61 3020.77 1.06146}
		{Turn -140.194}
	}
	{Entity "bush9b" 0x77d
		{Position 3592.84 2881.45 0.50548}
		{Turn -140.194}
	}
	{Entity "bush9b" 0x77c
		{Position 3811.03 3030.76 4.00791}
		{Turn -140.194}
	}
	{Entity "bush9" 0x77b
		{Position 4101.11 2872.98 36.325}
		{Turn 127.283}
	}
	{Entity "bush9" 0x77a
		{Position 4011.8 3131.66 5.15042}
		{Turn -140.194}
	}
	{Entity "bush9" 0x779
		{Position 3956.04 3142.76 3.72357}
		{Turn -140.194}
	}
	{Entity "trench_g1a" 0x774
		{Position 3567.65 2871.11 -0.680133}
		{Orientation
			  0.995893  -0.090536   0.000000
			  0.090536   0.995893   0.000000
			  0.000000   0.000000   1.000000
		}
	}
	{Entity "trench_g1a" 0x773
		{Position 3528.14 2910.84 0}
		{Orientation
			  0.267644  -0.963518   0.000000
			  0.963518   0.267644   0.000000
			  0.000000   0.000000   1.000000
		}
	}
	{Entity "trench_g1a" 0x772
		{Position 3551.09 2954.62 0}
		{Orientation
			 -0.543248  -0.839572   0.000000
			  0.839572  -0.543248   0.000000
			  0.000000   0.000000   1.000000
		}
	}
	{Entity "trench_g1" 0x771
		{Position 3610.65 3020.37 0}
		{Turn -137.291}
	}
	{Entity "trench_g1a" 0x770
		{Position 3684.99 3080.63 0}
		{Turn -124.27}
	}
	{Entity "trench_g1a" 0x76f
		{Position 3731.85 3119.98 0}
		{Orientation
			 -0.811380  -0.584519   0.000000
			  0.584519  -0.811380   0.000000
			  0.000000   0.000000   1.000000
		}
	}
	{Entity "trench_g1" 0x76e
		{Position 3797.28 3175.79 0}
		{Turn -139.086}
	}
	{Entity "trench_g1a" 0x76d
		{Position 3864.87 3224.9 -1}
		{Orientation
			 -0.838652  -0.544668   0.000000
			  0.544668  -0.838652   0.000000
			  0.000000   0.000000   1.000000
		}
	}
	{Entity "trench_g1a" 0x76c
		{Position 3921.91 3232.83 0}
		{Turn 156.172}
	}
	{Entity "trench_g1a" 0x769
		{Position 3904.75 3079.74 7.48885}
		{Orientation
			  0.254494   0.967075   0.000000
			 -0.967075   0.254494   0.000000
			  0.000000   0.000000   1.000000
		}
	}
	{Entity "trench_g1a" 0x768
		{Position 3854.56 3039.83 7.43991}
	}
	{Entity "trench_g1" 0x767
		{Position 3634.34 2895.08 -2.21355}
		{Turn 37.5686}
	}
	{Entity "trench_g1" 0x766
		{Position 3708.89 2954.87 0}
		{Turn 37.5686}
	}
	{Entity "trench_g1" 0x765
		{Position 3791.22 3027.6 2.09311}
		{Turn 37.5686}
	}
	{Entity "trench_g1" 0x764
		{Position 3930.28 3145.82 3.41754}
		{Turn 47.2906}
	}
	{Entity "trench_g1" 0x763
		{Position 3869.97 3162.55 0}
		{Orientation
			  0.784418   0.620232   0.000000
			 -0.620232   0.784418   0.000000
			  0.000000   0.000000   1.000000
		}
	}
	{Entity "trench_ground_exit2" 0x762
		{Position 3560.78 2908.88 0}
		{Orientation
			 -0.658506   0.752576   0.000000
			 -0.752576  -0.658506   0.000000
			  0.000000   0.000000   1.000000
		}
		{AreaDisable "cut"}
	}
	{Entity "trench_ground" 0x761
		{Position 3639.38 2974.43 0}
		{Orientation
			  0.771930   0.635708   0.000000
			 -0.635708   0.771930   0.000000
			  0.000000   0.000000   1.000000
		}
		{AreaDisable "cut"}
	}
	{Entity "trench_ground_exit2" 0x75e
		{Position 3901.67 3186.56 0}
		{Orientation
			  0.645943  -0.763386   0.000000
			  0.763386   0.645943   0.000000
			  0.000000   0.000000   1.000000
		}
		{AreaDisable "cut"}
	}
	{Entity "trench_ground_exit" 0x75d
		{Position 3825.43 3126.45 0.192674}
		{Orientation
			 -0.780867  -0.624697   0.000000
			  0.624697  -0.780867   0.000000
			  0.000000   0.000000   1.000000
		}
		{AreaDisable "cut"}
	}
	{Entity "trench_g1" 0x75c
		{Position 2261.1 4128.14 -30}
		{Orientation
			 -0.777080  -0.629402   0.000000
			  0.629402  -0.777080   0.000000
			  0.000000   0.000000   1.000000
		}
	}
	{Entity "trench_g1a" 0x75b
		{Position 2213.33 3987.27 -24.7274}
		{Orientation
			  0.958689  -0.284455   0.000000
			  0.284455   0.958689   0.000000
			  0.000000   0.000000   1.000000
		}
	}
	{Entity "trench_g1a" 0x75a
		{Position 2191.35 4043.3 -29}
		{Orientation
			 -0.413566  -0.910474   0.000000
			  0.910474  -0.413566   0.000000
			  0.000000   0.000000   1.000000
		}
	}
	{Entity "trench_g1a" 0x759
		{Position 2424.35 4266.12 -22}
		{Orientation
			 -0.413566  -0.910474   0.000000
			  0.910474  -0.413566   0.000000
			  0.000000   0.000000   1.000000
		}
	}
	{Entity "trench_g1a" 0x758
		{Position 2463.01 4295.58 -20.6986}
		{Orientation
			 -0.985659  -0.168747   0.000000
			  0.168747  -0.985659   0.000000
			  0.000000   0.000000   1.000000
		}
	}
	{Entity "trench_g" 0x757
		{Position 2371.07 4207.24 -27.2755}
		{Orientation
			 -0.781074  -0.624439   0.000000
			  0.624439  -0.781074   0.000000
			  0.000000   0.000000   1.000000
		}
	}
	{Entity "trench_g" 0x756
		{Position 2522.49 4318.75 -19.6571}
		{Orientation
			 -0.781074  -0.624439   0.000000
			  0.624439  -0.781074   0.000000
			  0.000000   0.000000   1.000000
		}
	}
	{Entity "trench_g1" 0x755
		{Position 2745.63 4491.14 -14.05}
		{Turn -141.359}
	}
	{Entity "trench_g1a" 0x754
		{Position 2604.33 4397.38 -19}
		{Orientation
			 -0.447947  -0.894060   0.000000
			  0.894060  -0.447947   0.000000
			  0.000000   0.000000   1.000000
		}
	}
	{Entity "trench_g1a" 0x753
		{Position 2647.08 4429.99 -17.2919}
		{Orientation
			 -0.993503  -0.113810   0.000000
			  0.113810  -0.993503   0.000000
			  0.000000   0.000000   1.000000
		}
	}
	{Entity "trench_g1a" 0x752
		{Position 2831.91 4527.68 -10}
		{Orientation
			 -0.995089   0.098989   0.000000
			 -0.098989  -0.995089   0.000000
			  0.000000   0.000000   1.000000
		}
	}
	{Entity "trench_g1a" 0x751
		{Position 2871.03 4492.81 -10.6442}
		{Orientation
			 -0.289700   0.957117   0.000000
			 -0.957117  -0.289700   0.000000
			  0.000000   0.000000   1.000000
		}
	}
	{Entity "trench_g1" 0x750
		{Position 2845.44 4433.27 -13}
		{Orientation
			  0.797955   0.602717   0.000000
			 -0.602717   0.797955   0.000000
			  0.000000   0.000000   1.000000
		}
	}
	{Entity "trench_g1" 0x74f
		{Position 2793.25 4385.63 -13.8166}
		{Turn 37.0647}
	}
	{Entity "trench_g1" 0x74e
		{Position 2708.03 4320.34 -17.0344}
		{Turn 37.0647}
	}
	{Entity "trench_g1a" 0x74d
		{Position 2647.86 4258.37 -9.67493}
		{Orientation
			 -0.136874   0.990589   0.000000
			 -0.990589  -0.136874   0.000000
			  0.000000   0.000000   1.000000
		}
	}
	{Entity "trench_g1a" 0x74c
		{Position 2608.92 4209.75 -5.21251}
		{Orientation
			  0.968801   0.247840   0.000000
			 -0.247840   0.968801   0.000000
			  0.000000   0.000000   1.000000
		}
	}
	{Entity "trench_g1" 0x74b
		{Position 2539.62 4191.37 -15.0376}
		{Turn 40.9146}
	}
	{Entity "trench_g1" 0x74a
		{Position 2485.23 4154.43 -22.4766}
		{Turn 40.9146}
	}
	{Entity "trench_g1" 0x749
		{Position 2392.69 4086.13 -25.6134}
		{Turn 40.9146}
	}
	{Entity "trench_g1" 0x748
		{Position 2291.58 4012.63 -22.2634}
		{Orientation
			  0.755687   0.654933   0.000000
			 -0.654933   0.755687   0.000000
			  0.000000   0.000000   1.000000
		}
	}
	{Entity "trench_g1a" 0x747
		{Position 4813.14 4999.35 -6.04427}
		{Orientation
			 -0.341742  -0.939794   0.000000
			  0.939794  -0.341742   0.000000
			  0.000000   0.000000   1.000000
		}
	}
	{Entity "trench_g1a" 0x746
		{Position 4818.86 4955.64 -8.54913}
		{Orientation
			  0.591363  -0.806405   0.000000
			  0.806405   0.591363   0.000000
			  0.000000   0.000000   1.000000
		}
	}
	{Entity "trench_g1a" 0x745
		{Position 5773.96 5023.29 0.265815}
		{Orientation
			 -0.755694   0.654925   0.000000
			 -0.654925  -0.755694   0.000000
			  0.000000   0.000000   1.000000
		}
	}
	{Entity "trench_g1a" 0x744
		{Position 5787.91 4968.07 3.15241}
		{Turn 78.6901}
	}
	{Entity "trench_g1" 0x743
		{Position 4880.54 4929.96 -5.9491}
		{Turn -6.00901}
	}
	{Entity "trench_g1" 0x742
		{Position 4965.31 4929.47 -3.05255}
		{Turn 7.12502}
	}
	{Entity "trench_g1a" 0x741
		{Position 5049.37 4903.49 -4.02186}
		{Orientation
			  0.763386  -0.645943   0.000000
			  0.645943   0.763386   0.000000
			  0.000000   0.000000   1.000000
		}
	}
	{Entity "trench_g1a" 0x740
		{Position 5607.62 4894.01 0}
		{Orientation
			  0.832050  -0.554701   0.000000
			  0.554701   0.832050   0.000000
			  0.000000   0.000000   1.000000
		}
	}
	{Entity "trench_g1a" 0x73f
		{Position 5110.81 4896.64 0}
		{Turn 31.6075}
	}
	{Entity "trench_g1a" 0x73e
		{Position 5678.3 4904.92 0}
		{Orientation
			  0.490260   0.871576   0.000000
			 -0.871576   0.490260   0.000000
			  0.000000   0.000000   1.000000
		}
	}
	{Entity "trench_g1" 0x73d
		{Position 5191.5 4922.27 0}
	}
	{Entity "trench_g1" 0x73c
		{Position 5301.5 4926.84 0}
	}
	{Entity "trench_g1" 0x73b
		{Position 5422.45 4924.19 0}
	}
	{Entity "trench_g1" 0x73a
		{Position 5543.16 4927.08 0}
		{Turn 8.1301}
	}
	{Entity "trench_g1" 0x739
		{Position 5729.8 4936.89 1.98649}
		{Orientation
			  0.986394   0.164399   0.000000
			 -0.164399   0.986394   0.000000
			  0.000000   0.000000   1.000000
		}
	}
	{Entity "trench_g" 0x738
		{Position 4867.61 5038.66 -2.03186}
		{Orientation
			 -1.000000  -0.000000   0.000000
			  0.000000  -1.000000   0.000000
			  0.000000   0.000000   1.000000
		}
	}
	{Entity "trench_g" 0x737
		{Position 4962.96 5038.91 0}
		{Turn -180}
	}
	{Entity "trench_g" 0x736
		{Position 5086.87 5035.9 0}
		{Orientation
			 -1.000000  -0.000000   0.000000
			  0.000000  -1.000000   0.000000
			  0.000000   0.000000   1.000000
		}
	}
	{Entity "trench_g1" 0x735
		{Position 5294.63 5040.11 0}
		{Turn -180}
	}
	{Entity "trench_g1a" 0x734
		{Position 5194.2 5059.67 0}
		{Orientation
			 -0.998275  -0.058714   0.000000
			  0.058714  -0.998275   0.000000
			  0.000000   0.000000   1.000000
		}
	}
	{Entity "trench_g1a" 0x733
		{Position 5405.83 5058.75 0}
		{Orientation
			 -1.000000  -0.000000   0.000000
			  0.000000  -1.000000   0.000000
			  0.000000   0.000000   1.000000
		}
	}
	{Entity "trench_g1" 0x732
		{Position 5491.9 5041.17 0}
		{Turn -180}
	}
	{Entity "trench_g1" 0x731
		{Position 5545.6 5041.98 0}
		{Turn -180}
	}
	{Entity "trench_g1a" 0x730
		{Position 5640.51 4887.29 0}
		{Turn 3.81408}
	}
	{Entity "trench_g1" 0x72f
		{Position 5670.38 5042.34 0}
		{Turn 173.29}
	}
	{Entity "trench_g1" 0x72e
		{Position 5071.84 4845.37 -2}
		{Turn -97.5947}
	}
	{Entity "netting" 0x72d
		{Position 2937.34 4384.38 -12}
		{Turn 34.6587}
	}
	{Entity "netting" 0x72c
		{Position 2482.52 3971.07 -20.7747}
		{Turn 37.7729}
	}
	{Entity "netting" 0x72b
		{Position 4876.11 4979.35 -12.5103}
	}
	{Entity "netting" 0x72a
		{Position 4978.35 4978.28 -14.1716}
	}
	{Entity "netting" 0x729
		{Position 5316.19 4976.62 -21.3806}
		{Turn 0.975794}
	}
	{Entity "netting" 0x728
		{Position 3126 3834.25 0}
		{Turn 52.0978}
	}
	{Entity "netting1" 0x727
		{Position 2412.64 3914.82 -15.61}
		{Turn 128.221}
	}
	{Entity "netting1" 0x726
		{Position 2551.25 4028.74 -13.0001}
		{Turn -52.9484}
	}
	{Entity "netting1" 0x725
		{Position 3013.62 4430.75 -13.4106}
		{Turn -56.0517}
	}
	{Entity "netting" 0x720
		{Position 5636.64 4983.56 -13.784}
		{Turn 3.36646}
	}
	{Entity "defence1" 0x71e
		{Position 4354.13 3250.99 36.825}
		{Turn -150.614}
	}
	{Entity "defence1" 0x71d
		{Position 4477.53 3298.76 36.2161}
		{Turn -173.897}
	}
	{Entity "defence" 0x719
		{Position 4626.87 4527.93 0}
		{Turn 144.462}
	}
	{Entity "crate1" 0x718
		{Position 5534.61 4885.73 0}
		{Turn 129.289}
	}
	{Entity "bush9" 0x717
		{Position 2301.64 4188.27 -28.1442}
		{Turn -52.3063}
	}
	{Entity "bush9b" 0x716
		{Position 2660.08 4313.18 -11.0727}
		{Turn -52.3063}
	}
	{Entity "bush9b" 0x715
		{Position 2839.01 4581.71 -10}
		{Turn -52.3063}
	}
	{Entity "bush9b" 0x714
		{Position 2790.54 4527.18 -11.9847}
		{Turn -52.3063}
	}
	{Entity "bush9b" 0x713
		{Position 2199.33 4077.02 -29.9334}
		{Turn -52.3063}
	}
	{Entity "bush9b" 0x712
		{Position 2179.94 4037.28 -27.734}
		{Turn -52.3063}
	}
	{Entity "bush9b" 0x711
		{Position 2203.74 3956.41 -20.8816}
		{Turn -52.3063}
	}
	{Entity "bush9b" 0x710
		{Position 2304.46 4151.03 -28.1995}
		{Turn -52.3063}
	}
	{Entity "bush9" 0x70f
		{Position 2513.32 4311.23 -19.1258}
		{Turn -52.3063}
	}
	{Entity "bush9" 0x70e
		{Position 2649.71 4425.13 -14.0823}
		{Turn -52.3063}
	}
	{Entity "bush9" 0x70d
		{Position 2475.32 4290.39 -17.6298}
		{Turn -52.3063}
	}
	{Entity "bush10a" 0x70c
		{Position 2836.91 4564.29 -10}
		{Turn -52.3063}
	}
	{Entity "bush10a" 0x70b
		{Position 2856.6 4580.68 -10}
		{Turn -52.3063}
	}
	{Entity "bush10a" 0x70a
		{Position 2814.78 4530.93 -10.5663}
		{Turn -52.3063}
	}
	{Entity "bush10b" 0x709
		{Position 2863.51 4467.97 -10.0368}
		{Turn -52.3063}
	}
	{Entity "bush10b" 0x708
		{Position 2643.42 4290.01 -14.024}
		{Turn -52.3063}
	}
	{Entity "bush9a" 0x707
		{Position 2458 4140 -25.7984}
		{Turn -52.3063}
	}
	{Entity "bush9" 0x706
		{Position 2361.84 4194.95 -27.2163}
		{Turn -52.3063}
	}
	{Entity "bush10a" 0x705
		{Position 2660.54 4420.6 -13.2418}
		{Turn -52.3063}
	}
	{Entity "bush10a" 0x704
		{Position 2344.9 4056.68 -23.1562}
		{Turn -52.3063}
	}
	{Entity "bush10a" 0x703
		{Position 2501.47 4165.65 -20.2231}
		{Turn -52.3063}
	}
	{Entity "bush10a" 0x702
		{Position 2380.19 4217.72 -26.2187}
		{Turn -52.3063}
	}
	{Entity "bush10a" 0x701
		{Position 2255.22 4128.1 -30}
		{Turn -52.3063}
	}
	{Entity "bush10" 0x700
		{Position 5139.69 4924.3 0}
		{Turn 129.289}
	}
	{Entity "bush10" 0x6fc
		{Position 5246.06 5046.92 0}
		{Turn 129.289}
	}
	{Entity "bush10a" 0x6ef
		{Position 4837.45 5022.99 -2.55399}
		{Turn 129.289}
	}
	{Entity "bush10" 0x6ff
		{Position 5550.89 4939.14 3.73954}
		{Turn 129.289}
	}
	{Entity "bush10" 0x6fe
		{Position 5757.47 5043.62 0}
		{Turn 129.289}
	}
	{Entity "bush9b" 0x6fd
		{Position 5134.11 5033.8 0.619568}
		{Turn 129.289}
	}
	{Entity "bush8a" 0x6fb
		{Position 4763.68 5031.34 -6.8656}
		{Turn 129.289}
	}
	{Entity "bush9" 0x6fa
		{Position 4699.57 5022.89 -12.7655}
		{Turn 129.289}
	}
	{Entity "bush9" 0x6f9
		{Position 4756.68 5016.25 -8.58193}
		{Turn 129.289}
	}
	{Entity "bush9" 0x6f8
		{Position 4805.97 5024.56 -4.7273}
		{Turn 129.289}
	}
	{Entity "bush9" 0x6f7
		{Position 4827.38 4941.18 -9.05562}
		{Turn 129.289}
	}
	{Entity "bush9" 0x6f6
		{Position 5014.78 4933.93 -3.42627}
		{Turn 129.289}
	}
	{Entity "bush9" 0x6f5
		{Position 4984.38 5026.6 1.50701}
		{Turn 129.289}
	}
	{Entity "bush9" 0x6f4
		{Position 5107.34 5034.28 0}
		{Turn 129.289}
	}
	{Entity "bush9b" 0x6f3
		{Position 5458.47 5033.75 0}
		{Turn 129.289}
	}
	{Entity "bush9b" 0x6f2
		{Position 5299.08 4917.92 0}
		{Turn 129.289}
	}
	{Entity "bush9b" 0x6f1
		{Position 5584.91 4914.42 0}
		{Turn 129.289}
	}
	{Entity "bush9" 0x6f0
		{Position 5666.56 5054.58 0}
		{Turn 129.289}
	}
	{Entity "trench_ground_exit2" 0x6ee
		{Position 2821.67 4480.22 -12}
		{Orientation
			  0.611440  -0.791291   0.000000
			  0.791291   0.611440   0.000000
			  0.000000   0.000000   1.000000
		}
		{AreaDisable "cut"}
	}
	{Entity "trench_ground" 0x6ed
		{Position 2747.92 4425.09 -14.1018}
		{Orientation
			  0.803217   0.595687   0.000000
			 -0.595687   0.803217   0.000000
			  0.000000   0.000000   1.000000
		}
		{AreaDisable "cut"}
	}
	{Entity "trench_ground_mgun" 0x6ec
		{Position 2661.03 4359.48 -18.9484}
		{Orientation
			  0.803217   0.595687   0.000000
			 -0.595687   0.803217   0.000000
			  0.000000   0.000000   1.000000
		}
		{AreaDisable "cut"}
	}
	{Entity "trench_ground_exit" 0x6eb
		{Position 2570.96 4293.44 -17}
		{Orientation
			 -0.777080  -0.629402   0.000000
			  0.629402  -0.777080   0.000000
			  0.000000   0.000000   1.000000
		}
		{AreaDisable "cut"}
	}
	{Entity "trench_ground_mgun" 0x6ea
		{Position 2481.94 4226.8 -21.2574}
		{Orientation
			  0.777084   0.629396   0.000000
			 -0.629396   0.777084   0.000000
			  0.000000   0.000000   1.000000
		}
		{AreaDisable "cut"}
	}
	{Entity "trench_ground_exit2" 0x6e9
		{Position 2227.63 4029.54 -27.2258}
		{Orientation
			 -0.654939   0.755682   0.000000
			 -0.755682  -0.654939   0.000000
			  0.000000   0.000000   1.000000
		}
		{AreaDisable "cut"}
	}
	{Entity "trench_ground" 0x6e8
		{Position 2297.39 4083.49 -28.3494}
		{Orientation
			 -0.791288  -0.611444   0.000000
			  0.611444  -0.791288   0.000000
			  0.000000   0.000000   1.000000
		}
		{AreaDisable "cut"}
	}
	{Entity "trench_ground" 0x6e7
		{Position 2398.89 4159.16 -29.9164}
		{Orientation
			 -0.791288  -0.611444   0.000000
			  0.611444  -0.791288   0.000000
			  0.000000   0.000000   1.000000
		}
		{AreaDisable "cut"}
	}
	{Entity "trench_ground" 0x6e6
		{Position 4949.13 4983.12 -0.714612}
		{Orientation
			 -1.000000  -0.000000   0.000000
			  0.000000  -1.000000   0.000000
			  0.000000   0.000000   1.000000
		}
		{AreaDisable "cut"}
	}
	{Entity "trench_ground_mgun" 0x6db
		{Position 5190.22 4980.48 0}
		{AreaDisable "cut"}
	}
	{Entity "destroy_trash4" 0x6e5
		{Position 4093.36 3789.24 0}
		{Turn 36.2538}
	}
	{Entity "ground3" 0x6e4
		{Position 4224.13 4290.49 0}
		{Turn 36.2538}
	}
	{Entity "monument_base1" 0x6e3
		{Position 4945.42 4152.06 0}
		{Turn 7.59464}
	}
	{Entity "town_ground2_4house" 0x6e2
		{Position 5126.91 4298.25 0}
		{Turn 36.8699}
	}
	{Entity "trench_ground_exit2" 0x6e1
		{Position 4861.14 4985.47 -5.88846}
		{Orientation
			  0.000000   1.000000   0.000000
			 -1.000000   0.000000   0.000000
			  0.000000   0.000000   1.000000
		}
		{AreaDisable "cut"}
	}
	{Entity "trench_ground_exit" 0x6e0
		{Position 5082.08 4982.97 -1.93799}
		{Orientation
			 -1.000000  -0.000000   0.000000
			  0.000000  -1.000000   0.000000
			  0.000000   0.000000   1.000000
		}
		{AreaDisable "cut"}
	}
	{Entity "trench_ground_mgun" 0x6df
		{Position 5405.52 4981.55 0}
		{AreaDisable "cut"}
	}
	{Entity "trench_ground_exit2" 0x6de
		{Position 5738.99 4987.3 0}
		{Orientation
			  0.058723  -0.998274   0.000000
			  0.998274   0.058723   0.000000
			  0.000000   0.000000   1.000000
		}
		{AreaDisable "cut"}
	}
	{Entity "trench_ground_exit" 0x6dd
		{Position 5636.99 4983.63 0}
		{Orientation
			 -1.000000  -0.000000   0.000000
			  0.000000  -1.000000   0.000000
			  0.000000   0.000000   1.000000
		}
		{AreaDisable "cut"}
	}
	{Entity "trench_ground" 0x6dc
		{Position 5298.31 4980.01 0}
		{AreaDisable "cut"}
	}
	{Entity "trench_ground" 0x6da
		{Position 5509.51 4981.22 0}
		{AreaDisable "cut"}
	}
	{Entity "brick_red" 0x6d9
		{Position 4458.87 4211.78 -9.79694}
		{Turn 131.186}
	}
	{Entity "house_floor5" 0x6d8
		{Position 4396.38 4258.12 0}
		{Turn 131.186}
	}
	{Entity "house_floor5" 0x6d7
		{Position 4307.71 4357.91 0}
		{Turn 132.51}
	}
	{Entity "house_floor4a" 0x6d6
		{Position 4105.52 3836.5 0}
		{Turn -135}
	}
	{Entity "house_floor3a" 0x6d5
		{Position 4434.46 3900.03 0}
		{Turn -52.4314}
	}
	{Entity "crater_norm" 0x6d4
		{Position 4825.38 4451.08 0}
		{Orientation
			 -0.249669   0.968331   0.000000
			 -0.968331  -0.249669   0.000000
			  0.000000   0.000000   1.000000
		}
		{AreaDisable "cut"}
	}
	{Entity "brick_red" 0x6d3
		{Position 4800.86 4412.66 2.61932}
	}
	{Entity "e-wall2b" 0x6b5
		{Position 3472.65 3174.2 0}
	}
	{Entity "e-wall2a" 0x6b4
		{Position 3343.83 3181.49 0}
	}
	{Entity "e-house3a" 0x6b3
		{Position 2902.19 3589.42 0}
		{Turn -179.876}
	}
	{Entity "e_house29_wall2" 0x6b2
		{Position 3336.69 3358.73 0}
		{Turn 3.01279}
	}
	{Entity "e_house29_wall1" 0x6b1
		{Position 3266.76 3374.47 0}
		{Turn 3.01279}
	}
	{Entity "e_house29_corner4" 0x6b0
		{Position 3332.06 3417.78 0}
		{Turn 3.01279}
	}
	{Entity "e_house29_corner3" 0x3a9
		{Position 3337.2 3303.56 0}
		{Turn 3.01279}
	}
	{Entity "e_house29_corner2" 0x27c
		{Position 3267.29 3417.21 0}
		{Turn 3.01279}
	}
	{Entity "e_house29_corner1" 0xec
		{Position 3277.51 3298.61 0}
		{Turn 3.01279}
	}
	{Entity "chapel1-part2" 0x6af
		{Position 5246.75 4044.97 -5.67545}
		{Turn 49.7636}
	}
	{Entity "chapel1-part1" 0x69b
		{Position 5283.54 4175.8 -4.83917}
		{Turn 49.7636}
	}
	{Entity "cellar1" 0x69a
		{Position 3203.34 4148.9 -1}
		{Turn 49.7636}
	}
	{Entity "cafe" 0x1ba
		{Position 3007.83 4063.98 -7.61499}
		{Turn 50.9061}
	}
	{Entity "build-21_corner5" 0x699
		{Position 3203.17 3952.1 0}
		{Turn -128.66}
	}
	{Entity "build-21_corner3" 0x5bc
		{Position 3103.61 4031.6 0}
		{Turn -128.66}
	}
	{Entity "build-21_corner2" 0x5ba
		{Position 3089.2 3972.66 0}
		{Turn -128.66}
	}
	{Entity "build-21_corner1" 0x235
		{Position 3053.34 4057.71 0}
		{Turn -128.66}
	}
	{Entity "build-21_corner" 0x1d5
		{Position 3040.05 4001.79 0}
		{Turn -128.66}
	}
	{Entity "build-05_wall1" 0x6ae
