;Exported by: garry
;Date:        Sat May 15 13:25:57 2004
;File:        D:\-Projects-\-3DWork-\Model\Авто-мото\SDKFZ\SdKfz251_10\SdKfz251_10_x.max
{Skeleton
	{bone "Basis"
		{Orientation
			1.0000	0.0000	0.0000
			0.0000	-1.0000	0.0000
			0.0000	0.0000	1.0000
		}
		{bone "Body"
			{parameters "CommonMesh;ID=body;"}
			{animation
				{sequence "break" {file "body_b.anm"}}
			}
			{Position 0.2965	-0.6054	9.4601}
			{VolumeView "Body.ply"}
			{bone "engine"
				{parameters "CommonMesh;ID=engine;"}
				{animation
					{sequence "break" {file "engine.anm"}}
				}
				{Position 34.7047	0.0322	10.9730}
				{VolumeView "engine.ply"}
			}
			{bone revolute "turret"
				{parameters "ID=turret;"}
				{limits -30.0000 30.0000}
				{speed 0.0500}
				{Matrix34
					0.9999	-0.0158	0.0000
					0.0158	0.9999	0.0000
					0.0000	0.0000	1.0000
					-17.9762	0.0000	24.8582
				}
				{VolumeView "turret.ply"}
				{bone revolute "rot_vert"
					{limits -15.0000 15.0000}
					{speed 0.0200}
					{Matrix34
						-0.9999	-0.0158	0.0000
						0.0158	-0.9999	0.0000
						0.0000	0.0000	1.0000
						23.0046	0.3686	3.1923
					}
					{bone revolute "MGun"
						{parameters "ID=body;"}
						{limits -10.0000 15.0000}
						{speed 0.0200}
						{Matrix34
							-1.0000	-0.0000	0.0017
							0.0017	0.0000	1.0000
							-0.0000	1.0000	-0.0000
							0.0481	0.0005	-0.0277
						}
					}
				}
			}
		}
		{bone "pivot_front"
			{Position 45.2624	-0.4769	10.4543}
			{bone revolute "steer_R1"
				{Matrix34
					1.0000	0.0000	0.0000
					0.0000	-1.0000	-0.0000
					0.0000	0.0000	-1.0000
					2.5370	-13.1632	-0.1690
				}
				{bone revolute "WheelR1"
					{parameters "ID=wheelright1;"}
					{Matrix34
						-0.0000	-0.2079	-0.9781
						1.0000	-0.0000	0.0000
						-0.0000	-0.9781	0.2079
						0.0000	3.5141	2.0602
					}
					{VolumeView "WheelR1.ply"}
				}
			}
			{bone revolute "steer_L1"
				{Matrix34
					1.0000	0.0000	0.0000
					0.0000	-1.0000	-0.0000
					0.0000	0.0000	-1.0000
					2.5370	12.9952	-0.1690
				}
				{bone revolute "WheelL1"
					{parameters "ID=wheelleft1;"}
					{Matrix34
						0.0000	0.1608	-0.9870
						1.0000	-0.0000	-0.0000
						-0.0000	-0.9870	-0.1608
						0.0000	-3.4684	2.0602
					}
					{VolumeView "WheelL1.ply"}
				}
			}
		}
		{bone "Pivot_back"
			{Position -27.6406	0.0037	6.7853}
			{bone revolute "spring_R"
				{parameters "ID=trackright;"}
				{animation
					{sequence "break" {file "trackR_b.anm"} {speed 0.8}}
				}
				{Matrix34
					1.0000	0.0000	0.0000
					0.0000	0.0175	0.9998
					0.0000	-0.9998	0.0175
					0.1990	-12.0706	2.3384
				}
				{bone "TrackR"
					{parameters "CommonMesh;ID=trackright;"}
					{Matrix34
						-1.0000	0.0037	0.0001
						-0.0000	-0.0175	0.9998
						0.0037	0.9998	0.0175
						26.8720	-7.2566	5.8486
					}
					{VolumeView "TrackR.ply"}
				}
				{bone revolute "wheelL2"
					{parameters "ID=wheelleft2;"}
					{Matrix34
						-1.0000	-0.0000	-0.0000
						-0.0000	0.9998	0.0175
						0.0000	0.0175	-0.9998
						51.9773	1.1983	-11.7870
					}
					{VolumeView "wheelL2.ply"}
				}
				{bone revolute "WheelL3"
					{parameters "ID=wheelleft3;"}
					{Matrix34
						-0.9395	-0.3425	-0.0060
						-0.3425	0.9394	0.0164
						0.0000	0.0175	-0.9998
						30.8158	-2.2539	-11.6882
					}
					{VolumeView "WheelL3.ply"}
				}
				{bone revolute "WheelL4"
					{parameters "ID=wheelleft4;"}
					{Matrix34
						-0.9744	-0.2247	-0.0039
						-0.2247	0.9743	0.0170
						0.0000	-0.0175	0.9998
						15.9874	-2.2526	-11.7657
					}
					{VolumeView "WheelL4.ply"}
				}
				{bone revolute "WheelL5"
					{parameters "ID=wheelleft4;"}
					{Matrix34
						-1.0000	-0.0000	0.0000
						0.0000	0.9998	0.0175
						0.0000	-0.0175	0.9998
						1.3587	-2.2525	-11.7686
					}
					{VolumeView "WheelL5.ply"}
				}
			}
			{bone revolute "spring_L"
				{parameters "ID=trackleft;"}
				{animation
					{sequence "break" {file "trackL_b.anm"} {speed 0.7}}
				}
				{Matrix34
					1.0000	0.0000	0.0000
					0.0000	0.0175	0.9998
					0.0000	-0.9998	0.0175
					0.1990	11.9811	1.9186
				}
				{bone revolute "WheelR2"
					{parameters "ID=wheelright2;"}
					{Matrix34
						-0.8261	0.5634	0.0098
						0.5635	0.8260	0.0144
						0.0000	0.0175	-0.9998
						37.9333	-1.8721	12.2147
					}
					{VolumeView "WheelR2.ply"}
				}
				{bone revolute "WheelR3"
					{parameters "ID=wheelright3;"}
					{Matrix34
						-0.9712	-0.2382	-0.0042
						-0.2382	0.9711	0.0169
						0.0000	0.0175	-0.9998
						24.2468	-2.2523	12.2702
					}
					{VolumeView "WheelR3.ply"}
				}
				{bone revolute "WheelR4"
					{parameters "ID=wheelright4;"}
					{Matrix34
						-0.5000	-0.8659	-0.0151
						-0.8660	0.4999	0.0087
						-0.0000	0.0175	-0.9998
						9.1845	-2.7062	12.2929
					}
					{VolumeView "WheelR4.ply"}
				}
				{bone revolute "WheelR5"
					{parameters "ID=wheelright5;"}
					{Matrix34
						-0.7071	0.7070	0.0123
						0.7071	0.7070	0.0123
						-0.0000	-0.0175	0.9998
						-6.8409	-1.8454	12.1443
					}
					{VolumeView "WheelR5.ply"}
				}
				{bone "TrackL"
					{parameters "CommonMesh;ID=trackleft;"}
					{Matrix34
						-1.0000	0.0037	0.0001
						-0.0000	-0.0175	0.9998
						0.0037	0.9998	0.0175
						26.8720	-6.7033	-1.7969
					}
					{VolumeView "TrackL.ply"}
				}
			}
		}
	}
}
{Volume "wheelleft1"
	{Cylinder 5.18903 4.47757}
	{Bone "WheelL1"}
	{Matrix34
		0.0000	-1.0000	0.0000
		0.9858	0.0000	0.1681
		-0.1681	0.0000	0.9858
		-0.4231	0.1019	0.0966
	}
}
{Volume "wheelright1"
	{Cylinder 5.16101 4.47757}
	{Bone "WheelR1"}
	{Matrix34
		0.0000	-1.0000	0.0000
		0.9781	-0.0000	-0.2084
		0.2084	0.0000	0.9781
		0.4197	0.1019	0.1352
	}
}
