;Model created by: Dinsen & Albus
;date : Dec 2008
{Skeleton
	{bone "Basis"
		{parameters "SteerMax=35;WheelRadius=0.4;"}
		{Orientation
			1.0000	0.0000	0.0000
			0.0000	-1.0000	0.0000
			0.0000	0.0000	1.0000
		}
		{bone "FXsmoke1"
			{Matrix34
				-0.6428	-0.7660	0.0000
				0.7660	-0.6428	0.0000
				0.0000	0.0000	1.0000
				-47.5224	-12.0501	9.2196
			}
		}
		{bone "FXfire1"
			{Matrix34
				-0.0130	0.0035	0.9999
				-0.4066	0.9135	-0.0085
				-0.9135	-0.4067	-0.0104
				-19.8770	0.9359	12.5467
			}
		}
		{bone "Body"
			{parameters "ID=body;"}
			{Position 0.5192	0.4972	18.4095}
			{VolumeView "Body.ply"}
			{bone "visor"
				{Position 50.3682	10.0739	24.5406}
			}
			{bone "Engine"
				{parameters "ID=engine;"}
				{Matrix34
					0.0000	-1.0000	0.0000
					0.0000	0.0000	1.0000
					-1.0000	0.0000	0.0000
					6.6541	0.0000	-22.0535
				}
				{VolumeView "Engine.ply"}
			}
			{bone "commander"
				{Matrix34
					0.7071	0.7071	-0.0023
					-0.7071	0.7071	0.0000
					0.0016	0.0016	1.0000
					24.5824	-7.6005	1.7990
				}
			}
			{bone "Driver"
				{Matrix34
					0.0000	-1.0000	0.0000
					1.0000	0.0000	0.0000
					0.0000	0.0000	1.0000
					23.9498	8.3070	2.0801
				}
			}
			{bone "passenger1"
				{Matrix34
					0.0000	1.0000	0.0000
					-1.0000	0.0000	0.0000
					0.0000	0.0000	1.0000
					-20.9500	-8.9510	1.7990
				}
			}
			{bone "passenger2"
				{Matrix34
					0.0000	-1.0000	0.0000
					1.0000	0.0000	0.0000
					0.0000	0.0000	1.0000
					-20.5824	9.6005	1.7990
				}
			}
			{bone "passenger3"
				{Matrix34
					0.0000	1.0000	0.0000
					-1.0000	0.0000	0.0000
					0.0000	0.0000	1.0000
					-14.9500	-8.9510	1.7990
				}
			}
			{bone "passenger4"
				{Matrix34
					0.0000	-1.0000	0.0000
					1.0000	0.0000	0.0000
					0.0000	0.0000	1.0000
					-14.5824	9.6005	1.7990
				}
			}
			{bone "passenger5"
				{Matrix34
					0.0000	-1.0000	0.0000
					1.0000	0.0000	0.0000
					0.0000	0.0000	1.0000
					-8.5824	9.6005	1.7990
				}
			}
			{bone "latas1"
				{parameters "ID=body;"}
				{Matrix34
					0.0000	-0.5678	-0.8231
					0.0000	-0.8231	0.5678
					-1.0000	0.0000	0.0000
					15.6541	24.2592	35.5111
				}
				{VolumeView "latas1.ply"}
			}
			{bone "latas2"
				{parameters "ID=body;"}
				{Matrix34
					0.0000	-0.9603	-0.2789
					0.0000	-0.2789	0.9603
					-1.0000	0.0000	0.0000
					29.8541	-20.1296	33.4947
				}
				{VolumeView "latas2.ply"}
			}
			{bone "box1"
				{parameters "ID=body;"}
				{Matrix34
					0.0000	-0.8796	0.4756
					1.0000	0.0000	0.0000
					0.0000	0.4756	0.8796
					24.8000	18.1216	34.5247
				}
				{VolumeView "box1.ply"}
			}
			{bone "box2"
				{parameters "ID=body;"}
				{Matrix34
					0.0000	-0.8972	-0.4415
					1.0000	0.0000	0.0000
					0.0000	-0.4415	0.8972
					9.1541	-18.2670	34.3743
				}
				{VolumeView "box2.ply"}
			}
			{bone "box3"
				{parameters "ID=body;"}
				{Matrix34
					0.0000	-0.8813	-0.4725
					1.0000	0.0000	0.0000
					0.0000	-0.4725	0.8813
					40.5000	-17.0461	34.5912
				}
				{VolumeView "box3.ply"}
			}
		}
		{bone "Pivot_back"
			{Matrix34
				0.0000	1.0000	0.0000
				0.0000	0.0000	1.0000
				1.0000	0.0000	0.0000
				-34.3997	-3.7405	12.4940
			}
			{VolumeView "Pivot_back.ply"}
			{bone "spring_L"
				{Matrix34
					0.0000	0.0000	1.0000
					1.0000	0.0000	0.0000
					0.0000	1.0000	0.0000
					24.5411	-3.1024	1.6189
				}
				{bone revolute "WheelL2"
					{parameters "ID=wheelleft2;"}
					{Matrix34
						-1.0000	0.0000	0.0000
						0.0000	0.0000	1.0000
						0.0000	1.0000	0.0000
						0.5536	0.0000	2.0359
					}
					{VolumeView "WheelL2.ply"}
				}
				{bone "FXTraceL2"
					{Matrix34
						-1.0000	0.0000	0.0000
						0.0000	0.0000	1.0000
						0.0000	1.0000	0.0000
						-10.3810	0.1661	-7.4159
					}
				}
			}
			{bone "spring_R"
				{Matrix34
					0.0000	0.0000	1.0000
					1.0000	0.0000	0.0000
					0.0000	1.0000	0.0000
					-16.5411	-3.1024	1.6189
				}
				{bone revolute "WheelR2"
					{parameters "ID=wheelright2;"}
					{Matrix34
						-1.0000	0.0000	0.0000
						0.0000	0.0000	1.0000
						0.0000	1.0000	0.0000
						0.5535	0.0000	2.0359
					}
					{VolumeView "WheelR2.ply"}
				}
				{bone "FXTraceR2"
					{Matrix34
						-1.0000	0.0000	0.0000
						0.0000	0.0000	1.0000
						0.0000	1.0000	0.0000
						-10.381	0.1661	-7.4159
					}
				}
			}
		}
		{bone "Pivot_front"
			{Matrix34
				0.0000	1.0000	0.0000
				0.0000	0.0000	1.0000
				1.0000	0.0000	0.0000
				44.3997	-3.7405	12.4940
			}
			{VolumeView "Pivot_front.ply"}
			{bone revolute "steer_L"
				{Matrix34
					0.0000	0.0000	-1.0000
					1.0000	0.0000	0.0000
					0.0000	-1.0000	0.0000
					24.8751	-2.8135	0.3794
				}
				{bone revolute "WheelL1"
					{parameters "ID=wheelleft1;"}
					{Matrix34
						1.0000	0.0000	0.0000
						0.0000	0.0000	-1.0000
						0.0000	1.0000	0.0000
						0.0247	0.0000	-1.4154
					}
					{VolumeView "WheelL1.ply"}
				}
				{bone "FXTraceL1"
					{Matrix34
						0.9998	-0.0087	0.0175
						0.0175	0.0000	-0.9998
						0.0087	1.0000	0.0002
						5.9361	-0.1626	5.3563
					}
				}
			}
			{bone revolute "steer_R"
				{Matrix34
					0.0000	0.0000	-1.0000
					1.0000	0.0000	0.0000
					0.0000	-1.0000	0.0000
					-16.8751	-2.8134	0.3794
				}
				{bone revolute "WheelR1"
					{parameters "ID=wheelright1;"}
					{Matrix34
						1.0000	0.0000	0.0000
						0.0000	0.0000	-1.0000
						0.0000	1.0000	0.0000
						0.0000	0.0000	-1.4156
					}
					{VolumeView "WheelR1.ply"}
				}
				{bone "FXTraceR1"
					{Matrix34
						1.0000	-0.0087	0.0004
						0.0000	-0.0436	-0.9990
						0.0087	0.9990	-0.0436
						6.5430	0.0870	5.2242
					}
				}
			}
		}
		{bone "emit1"
			{Matrix34
				0.0000	-1.0000	0.0000
				1.0000	0.0000	0.0000
				0.0000	0.0000	1.0000
				21.9740	32.3238	0.0000
			}
		}
		{bone "emit2"
			{Matrix34
				0.7037	0.7105	0.0000
				-0.7105	0.7037	0.0000
				0.0000	0.0000	1.0000
				24.3555	-30.5976	0.0000
			}
		}
		{bone "emit3"
			{Matrix34
				0.9185	-0.3955	0.0000
				0.3955	0.9185	0.0000
				0.0000	-0.0000	1.0000
				-60.9123	10.4958	0.0000
			}
			{visibility 0}
		}
		{bone "emit4"
			{Matrix34
				0.8918	0.4524	0.0000
				-0.4524	0.8918	0.0000
				0.0000	0.0000	1.0000
				-60.9123	-10.9581	0.0000
			}
			{visibility 0}
		}
	}
}
{Volume "wheelright1"
	{Cylinder 11.43538 8.00067}
	{Bone "WheelR1"}
	{Matrix34
		-1.0000	0.0000	0.0000
		0.0000	1.0000	0.0000
		0.0000	0.0000	-1.0000
		0.0000	0.0000	0.2500
	}
}
{Volume "wheelleft1"
	{Cylinder 11.43538 8.00067}
	{Bone "WheelL1"}
	{Matrix34
		-1.0000	0.0000	0.0000
		0.0000	1.0000	0.0000
		0.0000	0.0000	-1.0000
		0.0000	0.0000	0.2500
	}
}
{Volume "wheelright2"
	{Cylinder 11.43538 8.00067}
	{Bone "WheelR2"}
	{Matrix34
		-1.0000	0.0000	0.0000
		0.0000	1.0000	0.0000
		0.0000	0.0000	-1.0000
		0.0000	0.0000	0.2500
	}
}
{Volume "wheelleft2"
	{Cylinder 11.43538 8.00067}
	{Bone "WheelL2"}
	{Matrix34
		-1.0000	0.0000	0.0000
		0.0000	1.0000	0.0000
		0.0000	0.0000	-1.0000
		0.0000	0.0000	0.2500
	}
}
{Volume "fuel"
	{Box 14.7505 20.334 15.61947}
	{Bone "Body"}
	{Position -2.5297	-0.0173	0.1270}
}
{Volume "inventory"
	{Box 14.7505 15.334 3.61947}
	{Bone "Body"}
	{Position -29.5297	0.0000	17.9270}
}
{Volume "body"
	{Box 98.1443 50.3492 35.3963}
	{Bone "Body"}
	{Position -3.8697	-0.0173	20.7462}
}
{Volume "engine"
	{Box 30.484 50.4767 26.2208}
	{Bone "Engine"}
	{Matrix34
		0.0000	-1.0000	0.0000
		1.0000	0.0000	0.0000
		0.0000	0.0000	1.0000
		0.5354	28.7915	-50.8306
	}
}
