;Exported by: shevchenko
;Date:        Tue May 18 12:33:14 2004
;File:        D:\-Projects-\-3DWork-\sheva\Dima Danjko\shed-france-x.max
{Skeleton
	{animation
		{sequence "crush" {speed 0.5}}
	}
	{bone "w5"
		{parameters "CommonMesh;"}
		{Orientation
			1.0000	0.0000	0.0000
			0.0000	-1.0000	0.0000
			0.0000	0.0000	1.0000
		}
		{VolumeView "w5.ply"}
		{bone "Piece5"
			{Position 26.0472	-61.0821	41.7059}
			{VolumeView "Piece5.ply"}
		}
		{bone "Piece7"
			{Matrix34
				1.0000	0.0000	0.0000
				0.0000	-0.0000	1.0000
				0.0000	-1.0000	-0.0000
				67.9371	-6.8898	60.6675
			}
			{VolumeView "Piece7.ply"}
		}
		{bone "Piece1"
			{Matrix34
				1.0000	0.0000	-0.0000
				0.0000	-0.0000	1.0000
				-0.0000	-1.0000	-0.0000
				-28.6858	-8.4897	35.5684
			}
			{VolumeView "Piece1.ply"}
		}
		{bone "Piece2"
			{Matrix34
				1.0000	0.0000	-0.0000
				0.0000	-0.0000	1.0000
				-0.0000	-1.0000	-0.0000
				-3.2445	-8.4897	64.7053
			}
			{VolumeView "Piece2.ply"}
		}
		{bone "Piece3"
			{Matrix34
				-0.0000	-1.0000	-0.0000
				-0.0000	-0.0000	1.0000
				-1.0000	0.0000	-0.0000
				-26.1877	-46.2367	44.8463
			}
			{VolumeView "Piece3.ply"}
		}
		{bone "Piece4"
			{Matrix34
				1.0000	0.0000	-0.0000
				0.0000	-0.0000	1.0000
				-0.0000	-1.0000	-0.0000
				1.8339	-61.5261	64.1816
			}
			{VolumeView "Piece4.ply"}
		}
		{bone "Piece6"
			{Matrix34
				1.0000	0.0000	-0.0000
				0.0000	-0.0000	1.0000
				-0.0000	-1.0000	-0.0000
				27.5598	-61.5261	58.4572
			}
			{VolumeView "Piece6.ply"}
		}
		{bone "exterior"
			{Position 14.2900	-9.3307	87.9724}
		}
	}
}
{Volume "Piece6"
	{Box 8.60703 17.0323 24.9843}
	{Bone "Piece6"}
	{Matrix34
		-0.0000	0.0000	-1.0000
		-0.9397	-0.3420	-0.0000
		-0.3420	0.9397	0.0000
		-0.0199	11.5456	-1.9069
	}
}
{Volume "Piece4"
	{Box 8.60703 12.7743 24.2347}
	{Bone "Piece4"}
	{Matrix34
		0.0000	0.0000	-1.0000
		-0.9659	0.2588	0.0000
		0.2588	0.9659	0.0000
		-2.4193	13.5920	-1.9069
	}
}
{Volume "Piece3"
	{Box 8.60703 23.8453 16.2148}
	{Bone "Piece3"}
	{Matrix34
		0.0000	0.0000	-1.0000
		-0.9659	0.2588	-0.0000
		0.2588	0.9659	0.0000
		-0.1206	2.8538	-0.2571
	}
}
{Volume "Piece2"
	{Box 8.60703 24.9741 12.6611}
	{Bone "Piece2"}
	{Matrix34
		0.0000	0.0000	-1.0000
		-0.9962	0.0872	0.0000
		0.0872	0.9962	0.0000
		-8.2132	3.9179	-1.5142
	}
}
{Volume "Piece1"
	{Box 8.60703 35.1748 23.4465}
	{Bone "Piece1"}
	{Matrix34
		-0.0000	0.0000	-1.0000
		-0.9063	-0.4226	-0.0000
		-0.4226	0.9063	0.0000
		-3.0002	7.8357	-1.5142
	}
}
{Volume "Piece7"
	{Box 8.60703 27.4715 30.5133}
	{Bone "Piece7"}
	{Matrix34
		-0.0000	-0.0000	-1.0000
		-0.8192	0.5736	-0.0000
		0.5736	0.8192	-0.0000
		0.4298	1.9056	0.0857
	}
}
{Volume "Piece5"
	{Box 8.60703 42.5808 29.4814}
	{Bone "Piece5"}
	{Matrix34
		-0.0000	1.0000	0.0000
		-1.0000	-0.0000	0.0000
		0.0000	0.0000	1.0000
		5.8156	1.4628	-0.7453
	}
}
