; made by Dinsen & Albus Jan 2009
{Skeleton
	{bone "Basis"
		{Orientation
			1.0000	0.0000	0.0000
			0.0000	-1.0000	0.0000
			0.0000	0.0000	1.0000
		}
		{bone "Body"
			{parameters "ID=body;"}
			{Matrix34
				0.0000	1.0000	0.0000
				-1.0000	0.0000	0.0000
				0.0000	0.0000	1.0000
				6.1510	0.0635	18.8147
			}
			{VolumeView "Body.ply"}
			{bone "Engine"
				{parameters "ID=engine;"}
				{Position 0.0000	-25.0000	2.0000}
			}
			{bone "part1"
				{Matrix34
					-0.9825	-0.1177	0.1441
					-0.1747	0.3172	-0.9321
					0.0639	-0.9410	-0.3322
					-0.2613	42.3406	0.6477
				}
				{VolumeView "part1.ply"}
			}
			{bone "part2"
				{Matrix34
					0.9844	-0.1748	0.0181
					0.1758	0.9804	-0.0893
					-0.0021	0.0912	0.9958
					-12.6064	18.7604	2.5191
				}
				{VolumeView "part2.ply"}
			}
		}
		{bone "pivot_back"
			{Matrix34
				-1.0000	0.0000	0.0000
				-0.0000	-1.0000	0.0000
				0.0000	0.0000	1.0000
				-23.1973	-0.2788	11.3254
			}
			{bone "spring_L2"
				{Matrix34
					1.0000	0.0000	-0.0000
					0.0000	-1.0000	0.0000
					-0.0000	-0.0000	-1.0000
					0.0090	-11.3297	-5.5229
				}
				{bone revolute "WheelL2"
					{parameters "ID=wheelleft2;"}
					{Matrix34
						0.4226	0.0000	-0.9063
						-0.9063	0.0000	-0.4226
						0.0000	1.0000	0.0000
						-0.2668	0.9663	0.7686
					}
					{VolumeView "WheelL2.ply"}
				}
			}
			{bone "spring_R2"
				{Matrix34
					1.0000	0.0000	-0.0000
					0.0000	-1.0000	0.0000
					-0.0000	-0.0000	-1.0000
					0.0421	10.5495	-5.5229
				}
				{bone revolute "WheelR2"
					{parameters "ID=wheelright2;"}
					{Matrix34
						-1.0000	0.0000	0.0000
						0.0000	0.0000	1.0000
						0.0000	1.0000	0.0000
						-2.7111	-5.2166	-5.8159
					}
					{VolumeView "WheelR2.ply"}
				}
			}
		}
		{bone "pivot_front"
			{Position 44.7105	0.0871	5.8025}
			{bone revolute "steer_R"
				{Matrix34
					-1.0000	0.0000	0.0000
					0.0000	1.0000	0.0000
					0.0000	0.0000	-1.0000
					0.0000	-10.9154	0.0000
				}
				{bone revolute "WheelR1"
					{parameters "ID=wheelright1;"}
					{Matrix34
						0.1736	-0.5291	0.8306
						0.9848	0.0933	-0.1465
						0.0000	0.8434	0.5373
						3.1563	-3.3138	-7.3334
					}
					{VolumeView "WheelR1.ply"}
				}
			}
			{bone revolute "steer_L"
				{Matrix34
					-1.0000	0.0000	0.0000
					0.0000	1.0000	0.0000
					0.0000	0.0000	-1.0000
					0.0000	10.9638	0.0000
				}
				{bone revolute "WheelL1"
					{parameters "ID=wheelleft1;"}
					{Matrix34
						0.8406	0.0000	-0.5417
						-0.3638	-0.7408	-0.5646
						-0.4013	0.6717	-0.6227
						1.7010	3.4051	-2.5414
					}
					{VolumeView "WheelL1.ply"}
				}
			}
		}
	}
}
{Volume "Body"
	{Polyhedron "Body.vol"}
	{Bone "Body"}
	{Matrix34
		-0.0000	1.0000	0.0000
		-1.0000	0.0000	0.0000
		0.0000	0.0000	1.0000
		0.3125	13.7795	-6.2098
	}
}
{Volume "part1"
	{Cylinder 8.58034 3.20294}
	{Bone "part1"}
	{Matrix34
		1.0000	0.0000	0.0000
		0.0000	1.0000	0.0000
		0.0000	0.0000	-1.0000
		0.0535	0.0485	-0.1472
	}
}
{Volume "part2"
	{Box 24.2058 2.2985 25.7234}
	{Bone "part2"}
	{Matrix34
		-0.0609	0.9943	0.0893
		-0.9981	-0.0600	-0.0075
		-0.0093	-0.0884	0.9960
		2.3452	-19.7463	2.8104
	}
}
{Volume "wheelleft1"
	{Cylinder 6.68034 3.20294}
	{Bone "WheelL1"}
	{Matrix34
		-0.8192	0.5736	0.0000
		-0.5736	-0.8192	0.0000
		0.0000	0.0000	1.0000
		-1.3655	-0.6525	-0.0439
	}
}
{Volume "wheellright1"
	{Cylinder 6.68034 3.20294}
	{Bone "WheelR1"}
	{Matrix34
		0.1736	0.9848	0.0000
		-0.9832	0.1734	0.0574
		-0.0566	0.0100	-0.9983
		1.1175	0.0380	0.1682
	}
}
{Volume "wheelright2"
	{Cylinder 6.68034 3.20294}
	{Bone "WheelR2"}
	{Matrix34
		1.0000	-0.0000	-0.0000
		0.0000	1.0000	0.0000
		-0.0000	0.0000	-1.0000
		0.0535	0.0485	-0.1472
	}
}
{Volume "wheelleft2"
	{Cylinder 3.67021 1.85771}
	{Bone "WheelL2"}
	{Matrix34
		-0.4226	0.9063	0.0000
		-0.9063	-0.4226	0.0000
		0.0000	-0.0000	1.0000
		-0.0000	0.0000	-0.1040
	}
}
