;Exported by: ubrashaev
;Date:        Mon Dec 08 11:53:22 2003
;File:        D:\-Projects-\-work-\3d\Cafe.max
{Skeleton
	{bone "post_euro5"
		{Orientation
			1.0000	0.0000	0.0000
			0.0000	-1.0000	0.0000
			0.0000	0.0000	1.0000
		}
		{VolumeView "post_euro5.ply"}
		{bone "light_point"
			{Matrix34
				0.0000	-0.0000	-1.0000
				0.0000	-1.0000	0.0000
				-1.0000	-0.0000	-0.0000
				-0.6994	0.2774	86.4196
			}
		}
		{bone "lamp_glass1"
			{Matrix34
				-0.0000	-0.0000	-1.0000
				-0.3130	0.9497	0.0000
				0.9497	0.3130	-0.0000
				-0.9576	17.6836	90.1873
			}
			{VolumeView "lamp_glass1.ply"}
		}
		{bone "lamp_glass2"
			{Matrix34
				0.0000	0.0000	-1.0000
				-0.0201	0.9998	-0.0000
				0.9998	0.0201	0.0000
				-1.1508	-17.2549	89.5344
			}
			{VolumeView "lamp_glass2.ply"}
		}
		{bone "lamp_light_point2"
			{Matrix34
				0.0000	0.0000	-1.0000
				0.0378	0.9993	0.0000
				0.9993	-0.0378	0.0000
				-0.9483	-17.2562	89.9988
			}
			{VolumeView "lamp_light_point2.ply"}
		}
		{bone "lamp_light_point1"
			{Matrix34
				-0.0000	-0.0000	-1.0000
				-0.3787	0.9255	0.0000
				0.9255	0.3787	-0.0000
				-0.9577	17.6917	89.8998
			}
			{VolumeView "lamp_light_point1.ply"}
		}
	}
}
{Obstacle "body_vol"
	{Obb2
		{Center -0.907852 -0.242729}
		{Extent 1.9685 1.9685}
		{Axis 1 0}
	}
	{Rotate}
}
{Volume "lamp2"
	{Box 6.9195 7.10334 6.61864}
	{Bone "post_euro5"}
	{Position -0.9749	-17.4670	90.1947}
}
{Volume "lamp1"
	{Box 5.80896 7.10334 7.12005}
	{Bone "post_euro5"}
	{Position -1.0369	17.7082	90.7601}
}
{Volume "body"
	{Box 3.93701 3.93701 88.636}
	{Bone "post_euro5"}
	{Position -0.9079	0.2427	44.3180}
}
