;Exported by: shevchenko
;Date:        Sat Apr 17 16:44:04 2004
;File:        D:\-Projects-\-3DWork-\sheva\SK\mill_water_x.max
{Skeleton
	{animation
		{sequence "crush" {speed 0.4}}
	}
	{bone "mill_water4a_x"
		{parameters "CommonMesh;"}
		{Orientation
			1.0000	0.0000	0.0000
			0.0000	-1.0000	0.0000
			0.0000	0.0000	1.0000
		}
		{VolumeView "mill_water4a_x.ply"}
		{bone "Piece6"
			{Position -48.3494	29.1555	33.5672}
			{VolumeView "Piece6.ply"}
		}
		{bone "Piece8"
			{Position -48.3494	27.1832	54.4420}
			{VolumeView "Piece8.ply"}
		}
		{bone "Piece0"
			{Position -48.3494	28.5978	73.1439}
			{VolumeView "Piece0.ply"}
		}
		{bone "Piece1"
			{Position 13.9919	35.3476	49.5100}
			{VolumeView "Piece1.ply"}
		}
		{bone "Piece2"
			{Position 37.3145	35.3476	35.2477}
			{VolumeView "Piece2.ply"}
		}
		{bone "Piece3"
			{Position -2.3817	35.3476	68.1747}
			{VolumeView "Piece3.ply"}
		}
		{bone "Piece4"
			{Position -40.2386	35.3476	47.6077}
			{VolumeView "Piece4.ply"}
		}
		{bone "Piece5"
			{Position -39.1997	35.3476	67.3194}
			{VolumeView "Piece5.ply"}
		}
		{bone "Piece7"
			{Position -48.3494	-19.8886	43.6804}
			{VolumeView "Piece7.ply"}
		}
		{bone "Piece9"
			{Position -48.3494	-43.2889	51.3929}
			{VolumeView "Piece9.ply"}
		}
		{bone "Piece10"
			{Position -48.3494	-17.2614	67.8497}
			{VolumeView "Piece10.ply"}
		}
		{bone "Piece11"
			{Position -48.3494	5.5063	62.4993}
			{VolumeView "Piece11.ply"}
		}
		{bone "Piece12"
			{Position 30.7033	35.3476	73.7103}
			{VolumeView "Piece12.ply"}
		}
		{bone "Piece13"
			{Position -16.5788	35.3476	43.4562}
			{VolumeView "Piece13.ply"}
		}
	}
}
{Volume "Piece13"
	{Box 18.853 7.87402 17.784}
	{Bone "Piece13"}
	{Matrix34
		-0.0872	0.0000	0.9962
		-0.0000	-1.0000	0.0000
		-0.9962	-0.0000	-0.0872
		1.5072	-0.0775	-0.9483
	}
}
{Volume "Piece12"
	{Box 19.6181 7.87402 8.85001}
	{Bone "Piece12"}
	{Matrix34
		0.9962	-0.0000	-0.0872
		-0.0000	-1.0000	-0.0000
		0.0872	-0.0000	0.9962
		-1.0066	-0.0775	0.1559
	}
}
{Volume "Piece11"
	{Box 15.68 7.87402 20.6284}
	{Bone "Piece11"}
	{Matrix34
		0.0000	0.7071	0.7071
		1.0000	-0.0000	0.0000
		-0.0000	-0.7071	0.7071
		0.0018	-0.8184	-1.1416
	}
}
{Volume "Piece10"
	{Box 11.967 7.87402 19.0974}
	{Bone "Piece10"}
	{Matrix34
		0.0000	1.0000	0.0000
		1.0000	-0.0000	-0.0000
		0.0000	-0.0000	1.0000
		0.0018	0.8086	-0.0097
	}
}
{Volume "Piece9"
	{Box 9.79998 7.87402 20.6284}
	{Bone "Piece9"}
	{Matrix34
		0.0000	0.9063	0.4226
		1.0000	0.0000	-0.0000
		0.0000	-0.4226	0.9063
		0.0018	-0.4519	-1.8528
	}
}
{Volume "Piece7"
	{Box 19.738 7.87402 19.3989}
	{Bone "Piece7"}
	{Matrix34
		0.0000	0.9063	-0.4226
		1.0000	-0.0000	-0.0000
		0.0000	0.4226	0.9063
		0.0018	1.3362	0.5548
	}
}
{Volume "Piece5"
	{Box 19.6181 7.87402 16.5355}
	{Bone "Piece5"}
	{Matrix34
		1.0000	-0.0000	0.0000
		-0.0000	-1.0000	-0.0000
		-0.0000	-0.0000	1.0000
		-2.7766	-0.0775	1.3001
	}
}
{Volume "Piece4"
	{Box 19.6181 7.87402 11.6447}
	{Bone "Piece4"}
	{Matrix34
		1.0000	-0.0000	0.0000
		-0.0000	-1.0000	-0.0000
		-0.0000	-0.0000	1.0000
		-0.8847	-0.0775	0.1465
	}
}
{Volume "Piece3"
	{Box 19.6181 7.87402 18.0237}
	{Bone "Piece3"}
	{Matrix34
		1.0000	-0.0000	0.0000
		-0.0000	-1.0000	-0.0000
		-0.0000	-0.0000	1.0000
		-2.1731	-0.0775	0.1832
	}
}
{Volume "Piece2"
	{Box 16.7852 7.87402 12.4364}
	{Bone "Piece2"}
	{Matrix34
		-0.9659	0.0000	0.2588
		-0.0000	-1.0000	0.0000
		-0.2588	-0.0000	-0.9659
		-1.4568	-0.0775	0.0462
	}
}
{Volume "Piece1"
	{Box 18.853 7.87402 17.784}
	{Bone "Piece1"}
	{Matrix34
		1.0000	-0.0000	0.0000
		-0.0000	-1.0000	-0.0000
		-0.0000	-0.0000	1.0000
		-0.8653	-0.0775	-1.5502
	}
}
{Volume "Piece0"
	{Box 17.4719 7.87402 6.87506}
	{Bone "Piece0"}
	{Matrix34
		0.0000	0.9397	0.3420
		1.0000	-0.0000	-0.0000
		0.0000	-0.3420	0.9397
		0.0018	-0.3545	1.1487
	}
}
{Volume "Piece8"
	{Box 17.4719 7.87402 12.8564}
	{Bone "Piece8"}
	{Matrix34
		0.0000	0.9848	-0.1736
		1.0000	-0.0000	-0.0000
		0.0000	0.1736	0.9848
		0.0018	2.3261	-1.6797
	}
}
{Volume "Piece6"
	{Box 13.8028 7.87402 20.6987}
	{Bone "Piece6"}
	{Matrix34
		0.0000	1.0000	0.0000
		1.0000	-0.0000	-0.0000
		0.0000	-0.0000	1.0000
		0.0018	2.1113	-1.5533
	}
}
