;Exported by: shevchenko
;Date:        Sun May 09 12:04:41 2004
;File:        D:\-Projects-\-3DWork-\sheva\Train\tradevan\new\tradevan.max
{Skeleton
	{animation
		{sequence "doorright" {speed 0.4}}
		{sequence "doorleft" {speed 0.5}}
	}
	{bone "Basis"
		{Orientation
			1.0000	0.0000	0.0000
			0.0000	-1.0000	0.0000
			0.0000	0.0000	1.0000
		}
		{bone "body"
			{parameters "ID=body;"}
			{Position -11.4497	1.4310	43.0816}
			{VolumeView "body.ply"}
			{bone "link1"
				{Position 102.5495	-0.8815	-17.6054}
			}
			{bone "link2"
				{Position -102.3387	-0.8815	-17.6054}
			}
			{bone "DoorL"
				{parameters "ID=body;"}
				{Position 11.3172	-30.0679	8.6958}
				{VolumeView "DoorL.ply"}
			}
			{bone "DoorR"
				{parameters "ID=body;"}
				{Position 8.7676	30.1421	8.6958}
				{VolumeView "DoorR.ply"}
			}
			{bone "seat01"
				{Matrix34
					-0.0934	-0.9794	0.1790
					0.9956	-0.0917	0.0174
					-0.0007	0.1799	0.9837
					-9.5527	-8.4797	-9.6996
				}
			}
			{bone "seat02"
				{Matrix34
					-0.0225	-0.9834	0.1802
					0.9997	-0.0197	0.0175
					-0.0137	0.1806	0.9835
					-19.5144	-8.4825	-8.8899
				}
			}
			{bone "seat03"
				{Matrix34
					0.0671	-0.9957	0.0643
					0.9973	0.0688	0.0257
					-0.0300	0.0624	0.9976
					-29.4290	-8.0366	-10.1023
				}
			}
			{bone "seat04"
				{Matrix34
					-0.0934	-0.9794	0.1790
					0.9956	-0.0917	0.0174
					-0.0007	0.1799	0.9837
					-40.9964	-8.4797	-9.6355
				}
			}
			{bone "seat05"
				{Matrix34
					0.1234	-0.9754	0.1828
					0.9915	0.1287	0.0174
					-0.0405	0.1791	0.9830
					-52.1176	-8.9785	-10.4455
				}
			}
			{bone "seat06"
				{Matrix34
					0.0932	0.9788	0.1823
					-0.9950	0.0980	-0.0174
					-0.0349	-0.1797	0.9831
					-50.8853	8.7682	-10.4239
				}
			}
			{bone "seat07"
				{Matrix34
					0.0224	0.9832	0.1810
					-0.9995	0.0260	-0.0175
					-0.0219	-0.1806	0.9833
					-40.9584	8.7088	-9.2657
				}
			}
			{bone "seat08"
				{Matrix34
					-0.0630	0.9961	0.0621
					-0.9980	-0.0626	-0.0093
					-0.0054	-0.0625	0.9980
					-31.0103	8.2008	-10.1300
				}
			}
			{bone "seat09"
				{Matrix34
					0.0932	0.9788	0.1823
					-0.9950	0.0980	-0.0174
					-0.0349	-0.1797	0.9831
					-19.4639	8.5717	-9.2581
				}
			}
			{bone "seat10"
				{Matrix34
					-0.1237	0.9761	0.1785
					-0.9923	-0.1225	-0.0174
					0.0049	-0.1793	0.9838
					-8.3182	9.0009	-9.6779
				}
			}
			{bone "seat11"
				{Matrix34
					-0.0934	-0.9794	0.1790
					0.9956	-0.0917	0.0174
					-0.0007	0.1799	0.9837
					51.9314	-8.4797	-9.6996
				}
			}
			{bone "seat12"
				{Matrix34
					-0.0225	-0.9834	0.1802
					0.9997	-0.0197	0.0175
					-0.0137	0.1806	0.9835
					41.9697	-8.4824	-8.8899
				}
			}
			{bone "seat13"
				{Matrix34
					0.0671	-0.9957	0.0643
					0.9973	0.0688	0.0257
					-0.0300	0.0624	0.9976
					32.0551	-8.0366	-10.1023
				}
			}
			{bone "seat14"
				{Matrix34
					-0.0934	-0.9794	0.1790
					0.9956	-0.0917	0.0174
					-0.0007	0.1799	0.9837
					20.4877	-8.4797	-9.6355
				}
			}
			{bone "seat15"
				{Matrix34
					0.1234	-0.9754	0.1828
					0.9915	0.1287	0.0174
					-0.0405	0.1791	0.9830
					9.3665	-8.9785	-10.4455
				}
			}
			{bone "seat16"
				{Matrix34
					0.0932	0.9788	0.1823
					-0.9950	0.0980	-0.0174
					-0.0349	-0.1797	0.9831
					10.5988	8.7682	-10.4239
				}
			}
			{bone "seat17"
				{Matrix34
					0.0224	0.9832	0.1810
					-0.9995	0.0260	-0.0175
					-0.0219	-0.1806	0.9833
					20.5257	8.7088	-9.2657
				}
			}
			{bone "seat18"
				{Matrix34
					-0.0630	0.9961	0.0621
					-0.9980	-0.0626	-0.0093
					-0.0054	-0.0625	0.9980
					30.4738	8.2008	-10.1300
				}
			}
			{bone "seat19"
				{Matrix34
					0.0932	0.9788	0.1823
					-0.9950	0.0980	-0.0174
					-0.0349	-0.1797	0.9831
					42.0202	8.5717	-9.2581
				}
			}
			{bone "seat20"
				{Matrix34
					-0.1237	0.9761	0.1785
					-0.9923	-0.1225	-0.0174
					0.0049	-0.1793	0.9838
					53.1659	9.0009	-9.6779
				}
			}
		}
		{bone "pivot_back"
			{parameters "ID=body;"}
			{Position -52.1428	0.5407	9.5827}
			{VolumeView "pivot_back.ply"}
			{bone revolute "wheel_R2"
				{parameters "ID=wheelright2;"}
				{Matrix34
					-0.9998	0.0001	0.0175
					0.0175	-0.0000	0.9998
					0.0001	1.0000	0.0000
					-0.0955	-17.2502	-0.0517
				}
				{VolumeView "wheel_R2.ply"}
			}
			{bone revolute "wheel_L2"
				{parameters "ID=wheelleft2;"}
				{Matrix34
					-0.9998	-0.0001	0.0175
					0.0175	0.0000	0.9998
					0.0001	-1.0000	-0.0000
					-0.0955	17.4258	-0.0517
				}
				{VolumeView "wheel_L2.ply"}
			}
		}
		{bone "pivot_front"
			{parameters "ID=body;"}
			{Position 42.3094	0.5407	9.5827}
			{VolumeView "pivot_front.ply"}
			{bone revolute "wheel_L1"
				{parameters "ID=wheelleft1;"}
				{Matrix34
					-0.9998	-0.0001	0.0175
					0.0175	0.0000	0.9998
					0.0001	-1.0000	-0.0000
					-0.0955	17.4258	-0.0517
				}
				{VolumeView "wheel_L1.ply"}
			}
			{bone revolute "wheel_R1"
				{parameters "ID=wheelright1;"}
				{Matrix34
					-0.9998	0.0001	0.0175
					0.0175	-0.0000	0.9998
					0.0001	1.0000	0.0000
					-0.0955	-17.2502	-0.0517
				}
				{VolumeView "wheel_R1.ply"}
			}
		}
		{bone "emit2"
			{Matrix34
				-0.0000	-1.0000	0.0000
				1.0000	-0.0000	0.0000
				0.0000	0.0000	1.0000
				-10.5847	38.1562	0.4508
			}
			{visibility 0}
		}
		{bone "emit3"
			{Matrix34
				-0.0000	-1.0000	0.0000
				1.0000	-0.0000	0.0000
				0.0000	0.0000	1.0000
				10.4253	38.1562	0.4508
			}
			{visibility 0}
		}
		{bone "emit4"
			{Matrix34
				-0.0000	-1.0000	0.0000
				1.0000	-0.0000	0.0000
				0.0000	0.0000	1.0000
				31.4353	38.1562	0.4508
			}
			{visibility 0}
		}
		{bone "emit1"
			{Matrix34
				-0.0000	-1.0000	0.0000
				1.0000	-0.0000	0.0000
				0.0000	0.0000	1.0000
				-31.5947	38.1562	0.4508
			}
			{visibility 0}
		}
		{bone "emit6"
			{Matrix34
				-0.0000	1.0000	0.0000
				-1.0000	-0.0000	0.0000
				0.0000	0.0000	1.0000
				-9.5302	-31.1223	-0.1143
			}
			{visibility 0}
		}
		{bone "emit7"
			{Matrix34
				-0.0000	1.0000	0.0000
				-1.0000	-0.0000	0.0000
				0.0000	0.0000	1.0000
				11.1433	-31.1223	-0.1143
			}
			{visibility 0}
		}
		{bone "emit8"
			{Matrix34
				-0.0000	1.0000	0.0000
				-1.0000	-0.0000	0.0000
				0.0000	0.0000	1.0000
				31.4152	-31.1223	-0.1143
			}
			{visibility 0}
		}
		{bone "emit5"
			{Matrix34
				-0.0000	1.0000	0.0000
				-1.0000	-0.0000	0.0000
				0.0000	0.0000	1.0000
				-30.2227	-31.1223	-0.1143
			}
			{visibility 0}
		}
		{bone "Visor1"
			{Matrix34
				0.0000	-1.0000	0.0000
				1.0000	0.0000	0.0000
				0.0000	0.0000	1.0000
				11.0857	-36.4728	60.0496
			}
		}
		{bone "Visor2"
			{Matrix34
				0.0000	1.0000	0.0000
				-1.0000	0.0000	0.0000
				0.0000	0.0000	1.0000
				11.0857	39.7161	60.0496
			}
		}
	}
}
{Volume "wheelright1"
	{Cylinder 9.5318 3.6991}
	{Bone "wheel_R1"}
	{Matrix34
		-0.9998	0.0175	0.0000
		0.0175	0.9998	-0.0000
		-0.0000	-0.0000	-1.0000
		-0.3616	0.0192	0.8517
	}
}
{Volume "wheelleft1"
	{Cylinder 9.5318 3.6991}
	{Bone "wheel_L1"}
	{Matrix34
		-0.9998	0.0175	-0.0000
		0.0175	0.9998	-0.0000
		-0.0000	-0.0000	-1.0000
		-0.3616	0.0192	0.8517
	}
}
{Volume "wheelleft2"
	{Cylinder 9.5318 3.6991}
	{Bone "wheel_L2"}
	{Matrix34
		-0.9998	0.0175	-0.0000
		0.0175	0.9998	-0.0000
		-0.0000	-0.0000	-1.0000
		-0.3616	0.0192	0.8517
	}
}
{Volume "wheelright2"
	{Cylinder 9.5318 3.6991}
	{Bone "wheel_R2"}
	{Matrix34
		-0.9998	0.0175	0.0000
		0.0175	0.9998	-0.0000
		-0.0000	-0.0000	-1.0000
		-0.3616	0.0192	0.8517
	}
}
{Volume "body"
	{Box 178.701 60.2091 62.3767}
	{Bone "body"}
	{Matrix34
		-1.0000	-0.0000	0.0000
		0.0000	-1.0000	0.0000
		0.0000	0.0000	1.0000
		-0.2991	-0.0561	10.1088
	}
}
