;Exported by: shevchenko
;Date:        Fri Jan 16 10:52:08 2004
;File:        D:\-Projects-\-3DWork-\sheva\kuznja_1_x.max
{Skeleton
	{animation
		{sequence "crush" {speed 0.8}}
	}
	{bone "kuznja_coner2_x"
		{parameters "CommonMesh;"}
		{Orientation
			1.0000	0.0000	0.0000
			0.0000	-1.0000	0.0000
			0.0000	0.0000	1.0000
		}
		{VolumeView "kuznja_coner2_x.ply"}
		{bone "piece0"
			{Matrix34
				1.0000	0.0000	0.0000
				0.0000	-0.0000	1.0000
				0.0000	-1.0000	-0.0000
				-3.7400	89.0065	26.3404
			}
			{VolumeView "piece0.ply"}
		}
		{bone "piece1"
			{Matrix34
				1.0000	0.0000	0.0000
				0.0000	-0.0000	1.0000
				0.0000	-1.0000	-0.0000
				46.1581	27.6025	73.7073
			}
			{VolumeView "piece1.ply"}
		}
		{bone "piece2"
			{Matrix34
				1.0000	0.0000	0.0000
				0.0000	-0.0000	1.0000
				0.0000	-1.0000	-0.0000
				46.1581	-13.1294	88.1092
			}
			{VolumeView "piece2.ply"}
		}
		{bone "piece3"
			{Matrix34
				1.0000	0.0000	0.0000
				0.0000	-0.0000	1.0000
				0.0000	-1.0000	-0.0000
				-0.2092	91.9593	59.7166
			}
			{VolumeView "piece3.ply"}
		}
		{bone "piece4"
			{Matrix34
				1.0000	0.0000	0.0000
				0.0000	-0.0000	1.0000
				0.0000	-1.0000	-0.0000
				46.1581	-9.4291	41.3386
			}
			{VolumeView "piece4.ply"}
		}
		{bone "piece5"
			{Matrix34
				1.0000	0.0000	0.0000
				0.0000	-0.0000	1.0000
				0.0000	-1.0000	-0.0000
				46.1580	50.3689	48.0840
			}
			{VolumeView "piece5.ply"}
		}
		{bone "piece6"
			{Matrix34
				1.0000	0.0000	0.0000
				0.0000	-0.0000	1.0000
				0.0000	-1.0000	-0.0000
				46.1581	61.5858	19.0537
			}
			{VolumeView "piece6.ply"}
		}
		{bone "piece7"
			{Matrix34
				1.0000	0.0000	0.0000
				0.0000	-0.0000	1.0000
				0.0000	-1.0000	-0.0000
				24.8033	89.0065	88.5827
			}
			{VolumeView "piece7.ply"}
		}
		{bone "piece8"
			{Matrix34
				1.0000	0.0000	0.0000
				0.0000	-0.0000	1.0000
				0.0000	-1.0000	-0.0000
				-14.5668	89.0065	104.6118
			}
			{VolumeView "piece8.ply"}
		}
		{bone "piece9"
			{Matrix34
				1.0000	0.0000	0.0000
				0.0000	-0.0000	1.0000
				0.0000	-1.0000	-0.0000
				19.4758	89.0065	51.8426
			}
			{VolumeView "piece9.ply"}
			{bone "sub_piece9"
				{Position -20.6693	7.8740	-0.0000}
				{VolumeView "sub_piece9.ply"}
			}
		}
	}
}
{Volume "sub_piece9"
	{Box 5.90551 17.1264 24.7984}
	{Bone "sub_piece9"}
	{Matrix34
		-0.0000	0.0000	-1.0000
		-0.9814	-0.1920	-0.0000
		-0.1920	0.9814	0.0000
		1.9174	-1.5012	0.0006
	}
}
{Volume "piece9"
	{Box 5.90551 16.6276 27.251}
	{Bone "piece9"}
	{Matrix34
		-0.0000	0.0000	-1.0000
		-1.0000	-0.0000	-0.0000
		-0.0000	1.0000	0.0000
		-1.2478	2.2439	0.0007
	}
}
{Volume "piece8"
	{Box 5.90551 31.3939 14.2743}
	{Bone "piece8"}
	{Matrix34
		-0.0000	0.0000	-1.0000
		-0.9575	0.2886	0.0000
		0.2886	0.9575	0.0000
		-0.9779	-0.6397	0.0007
	}
}
{Volume "piece7"
	{Box 5.90551 12.4087 11.5622}
	{Bone "piece7"}
	{Matrix34
		-0.0000	0.0000	-1.0000
		-0.8661	0.4999	0.0000
		0.4999	0.8661	0.0000
		-0.1430	0.0746	0.0007
	}
}
{Volume "piece6"
	{Box 5.90551 31.8583 13.8744}
	{Bone "piece6"}
	{Matrix34
		1.0000	0.0000	0.0000
		0.0000	-0.2902	-0.9570
		0.0000	0.9570	-0.2902
		-0.0000	-0.5769	-0.5589
	}
}
{Volume "piece5"
	{Box 5.90551 17.4016 8.16143}
	{Bone "piece5"}
	{Matrix34
		1.0000	0.0000	0.0000
		0.0000	0.3290	-0.9443
		0.0000	0.9443	0.3290
		0.0000	-0.3504	-0.6854
	}
}
{Volume "piece4"
	{Box 5.90551 12.4087 43.2556}
	{Bone "piece4"}
	{Matrix34
		1.0000	0.0000	0.0000
		0.0000	-0.0000	-1.0000
		0.0000	1.0000	-0.0000
		-0.0000	0.1773	-0.7413
	}
}
{Volume "piece3"
	{Box 5.90551 31.8583 13.8744}
	{Bone "piece3"}
	{Matrix34
		1.0000	0.0000	0.0000
		0.0000	-0.8729	-0.4879
		0.0000	0.4879	-0.8729
		46.3673	17.0649	17.0914
	}
}
{Volume "piece2"
	{Box 5.90551 13.0753 10.7731}
	{Bone "piece2"}
	{Matrix34
		1.0000	0.0000	0.0000
		0.0000	-0.3076	-0.9515
		0.0000	0.9515	-0.3076
		-0.0000	-0.5902	-0.2581
	}
}
{Volume "piece1"
	{Box 5.90551 36.9449 16.5269}
	{Bone "piece1"}
	{Matrix34
		1.0000	0.0000	0.0000
		0.0000	-0.3645	-0.9312
		0.0000	0.9312	-0.3645
		-0.0000	0.2814	-0.1839
	}
}
{Volume "piece0"
	{Box 5.90551 17.7444 11.9904}
	{Bone "piece0"}
	{Matrix34
		-0.0000	0.0000	-1.0000
		-0.8458	0.5334	0.0000
		0.5334	0.8458	0.0000
		-0.4479	-0.9725	0.0007
	}
}
