;Modified by: Albus
;Date:        Tue May 27 23:11:15 2008
{Skeleton
	{bone "Basis"
		{Orientation
			1.0000	0.0000	0.0000
			0.0000	-1.0000	0.0000
			0.0000	0.0000	1.0000
		}
		{bone "Body"
			{parameters "ID=body;"}
			{Position -6.6957	-0.6105	-1.9403}
			{VolumeView "Body.ply"}
			{bone revolute "Turret"
				{parameters "ID=Turret;"}
				{Matrix34
					0.9874	0.0152	0.1574
					0.0041	0.9926	-0.1217
					-0.1581	0.1208	0.9800
					0.9616	-0.1736	2.5801
				}
				{VolumeView "Turret.ply"}
				{bone revolute "Gun_rot"
					{parameters "ID=gun;"}
					{Matrix34
						0.7986	0.0063	0.6018
						-0.6018	0.0082	0.7986
						0.0001	-0.9999	0.0103
						9.7561	-7.8366	9.4866
					}
					{VolumeView "Gun_rot.ply"}
					{bone "Gun"
						{parameters "ID=gun;"}
						{Matrix34
							-0.0000	-0.0000	-1.0000
							-0.0000	1.0000	0.0000
							1.0000	0.0000	-0.0000
							-5.6957	-0.0000	-0.0000
						}
						{VolumeView "Gun.ply"}
					}
				}
				{bone "shield_right"
					{parameters "ID=shield_right;"}
					{Matrix34
						0.9765	-0.0475	-0.2101
						0.0491	0.9988	0.0023
						0.2098	-0.0126	0.9777
						8.8817	-2.2215	-1.9785
					}
					{VolumeView "shield_right.ply"}
				}
				{bone "shield_left"
					{parameters "ID=shield_left;"}
					{Matrix34
						0.9940	-0.1079	0.0157
						0.1090	0.9808	-0.1615
						0.0020	0.1623	0.9867
						9.5375	3.3027	-1.4641
					}
					{VolumeView "shield_left.ply"}
				}
			}
			{bone "part1"
				{Matrix34
					0.9874	0.0152	0.1574
					0.0041	0.9926	-0.1217
					-0.1581	0.1208	0.9800
					-11.4781	1.2496	11.2683
				}
				{VolumeView "part1.ply"}
			}
			{bone "part2"
				{Matrix34
					0.9874	0.0152	0.1574
					0.0041	0.9926	-0.1217
					-0.1581	0.1208	0.9800
					-12.1800	-6.5418	6.1989
				}
				{VolumeView "part2.ply"}
			}
			{bone "part3"
				{Matrix34
					0.9874	0.0152	0.1574
					0.0041	0.9926	-0.1217
					-0.1581	0.1208	0.9800
					0.4339	-6.4186	18.2152
				}
				{VolumeView "part3.ply"}
			}
			{bone "part4"
				{Matrix34
					0.9786	-0.0901	0.1850
					0.1372	0.9557	-0.2605
					-0.1533	0.2803	0.9476
					7.7644	11.3736	10.5511
				}
				{VolumeView "part4.ply"}
			}
			{bone "part5"
				{Position 2.4113	-9.7600	0.5019}
				{VolumeView "part5.ply"}
			}
		}
	}
}
{Volume "part5"
	{Box 15.7315 7.82371 0.610754}
	{Bone "part5"}
	{Matrix34
		1.0000	0.0000	0.0000
		0.0000	0.9691	0.2467
		0.0000	-0.2467	0.9691
		-0.0139	-0.0644	0.0029
	}
}
{Volume "part4"
	{Box 1.25179 12.4506 17.1354}
	{Bone "part4"}
	{Matrix34
		0.9920	0.0456	0.1178
		-0.0425	0.9987	-0.0286
		-0.1190	0.0234	0.9926
		0.0942	0.3362	-0.2599
	}
}
{Volume "part3"
	{Box 13.8355 6.81749 0.573471}
	{Bone "part3"}
	{Matrix34
		-0.4396	-0.8958	0.0656
		-0.5730	0.3360	0.7475
		-0.6916	0.2910	-0.6610
		0.2784	0.0663	-0.6558
	}
}
{Volume "part2"
	{Polyhedron "part2.vol"}
	{Bone "part2"}
	{Matrix34
		0.9874	0.0041	-0.1581
		0.0152	0.9926	0.1208
		0.1574	-0.1217	0.9800
		-0.4977	0.1809	-4.0515
	}
}
{Volume "part1"
	{Box 4.16928 6.89832 2.39759}
	{Bone "part1"}
	{Matrix34
		0.9973	0.0669	-0.0297
		-0.0731	0.8931	-0.4438
		-0.0031	0.4448	0.8956
		-0.0944	0.1276	-0.0087
	}
}
{Volume "body"
	{Polyhedron "body.vol"}
	{Bone "Body"}
	{Position -6.7935	0.0501	-2.3403}
}
{Volume "turret"
    {Box 14.4960 6.4367 10.8293}
    {Bone "Turret"}
    {Position 1.7933 0.0109 11.6123}
}
{Volume "shield_left"
	{Box 1.86594 1.70104 14.3783}
	{Bone "shield_left"}
	{Matrix34
		1.0647	-0.0000	0.0807
		0.0000	1.0677	-0.0000
		-0.0807	0.0000	1.0647
		-1.4262	-0.3871	10.4396
	}
}
{Volume "shield_right"
	{Box 3.45544 11.3402 14.3783}
	{Bone "shield_right"}
	{Matrix34
		1.0677	-0.0000	0.0000
		0.0000	1.0677	0.0000
		-0.0000	0.0000	1.0677
		-0.0452	-6.1955	7.1177
	}
}
{Volume "gun"
    {Cylinder 0.47952 28.30390}
    {Bone "Gun"}
    {Matrix34
        0.8159 0.0000 0.0000
        0.0000 1.2948 0.0000
        0.0000 0.0000 1.6630
        11.4883 6.6000 29.5839
    }
}