;Exported by: grechishkin
;Date:        Thu Nov 06 19:37:17 2003
;File:        D:\-Projects-\-3DWork-\Model\car-dead1\xxx1.max
{Skeleton
	{bone "Body"
		{Orientation
			-1.0000	-0.0000	-0.0000
			-0.0000	0.9887	-0.1497
			-0.0000	0.1497	0.9887
		}
		{VolumeView "Body.ply"}
	}
}
{Volume "body1"
	{Box 46.2313 31.7169 36.0174}
	{Bone "Body"}
	{Matrix34
		-1.0000	-0.0000	-0.0000
		0.0000	-0.9887	-0.1497
		0.0000	-0.1497	0.9887
		13.5419	-2.1433	19.9003
	}
}
{Volume "body2"
	{Box 32.496 26.112 23.1124}
	{Bone "Body"}
	{Matrix34
		-1.0000	-0.0000	-0.0000
		0.0000	-0.9887	-0.1497
		0.0000	-0.1497	0.9887
		-25.6595	-1.1757	13.5172
	}
}
