;Exported by: Yurov
;Date:        Tue Apr 06 15:40:59 2004
;File:        D:\-Projects-\-3DWork-\Model\Horch\Horch.max
{Skeleton
	{animation
		{sequence "start"}
		{sequence "stop"}
		{sequence "doorright"}
		{sequence "doorleft"}
		{sequence "doorleft_passenger"}
		{sequence "doorleft_close"}
	}
	{bone "Basis"
		{parameters "SteerMax=35;WheelRadius=0.4;"}
		{Orientation
			1.0000	0.0000	0.0000
			0.0000	-1.0000	0.0000
			0.0000	0.0000	1.0000
		}
		{bone "pivot_back"
			{Matrix34
				-1.0000	0.0000	0.0000
				-0.0000	-1.0000	0.0000
				0.0000	0.0000	1.0000
				-23.1973	-0.2788	11.3254
			}
			{bone "spring_L2"
				{Matrix34
					1.0000	0.0000	0.0000
					0.0000	-1.0000	0.0000
					-0.0000	-0.0000	-1.0000
					0.0090	-11.3297	-5.5229
				}
				{bone revolute "WheelL2"
					{parameters "ID=wheelleft2;"}
					{Matrix34
						1.0000	0.0000	-0.0000
						-0.0000	-0.0000	-1.0000
						0.0000	1.0000	-0.0000
						0.1343	3.8082	-1.9400
					}
					{VolumeView "WheelL2.ply"}
				}
				{bone "FXtraceL2"
					{Matrix34
						0.9397	0.0000	-0.3420
						0.0000	-1.0000	-0.0000
						-0.3420	0.0000	-0.9397
						4.0698	3.9590	4.8466
					}
				}
			}
			{bone "spring_R2"
				{Matrix34
					1.0000	0.0000	0.0000
					0.0000	-1.0000	0.0000
					-0.0000	-0.0000	-1.0000
					0.0421	10.5495	-5.5229
				}
				{bone revolute "WheelR2"
					{parameters "ID=wheelright2;"}
					{Matrix34
						1.0000	0.0000	-0.0000
						-0.0000	0.0000	-1.0000
						0.0000	-1.0000	-0.0000
						-0.0854	-3.9039	-1.9400
					}
					{VolumeView "WheelR2.ply"}
				}
				{bone "FXtraceR2"
					{Matrix34
						0.9397	0.0000	-0.3420
						0.0000	-1.0000	-0.0000
						-0.3420	0.0000	-0.9397
						3.8875	-3.8484	4.8466
					}
				}
			}
		}
		{bone "Body"
			{parameters "ID=body;"}
			{animation
				{sequence "repair" {file "body_r.anm"} {speed 0.8}}
			}
			{Matrix34
				0.0000	1.0000	0.0000
				-1.0000	0.0000	0.0000
				0.0000	0.0000	1.0000
				6.1510	0.0635	18.8147
			}
			{VolumeView "Body.ply"}
			{bone "glass"
				{parameters "ID=glass;"}
				{VolumeView "glass.ply"}
			}
			{bone "Engine"
				{parameters "ID=engine;"}
				{animation
					{sequence "repair" {file "engine_r.anm"} {speed 0.8}}
				}
				{VolumeView "Engine.ply"}
			}
			{bone revolute "steer_B"
				{Matrix34
					-0.0000	-0.1864	0.9825
					-1.0000	-0.0000	-0.0000
					0.0000	-0.9825	-0.1864
					6.9414	-1.8913	1.0249
				}
				{bone "wheel_hand"
					{parameters "ID=body;"}
					{Matrix34
						-0.0000	-1.0000	0.0000
						1.0000	-0.0000	-0.0046
						0.0046	-0.0000	1.0000
						0.0809	-0.1969	0.4679
					}
					{VolumeView "wheel_hand.ply"}
				}
			}
			{bone "FXstop1"
				{Matrix34
					-0.0000	1.0000	0.0000
					-1.0000	-0.0000	0.0000
					0.0000	0.0000	1.0000
					-14.5909	42.8210	-5.3228
				}
			}
			{bone "FXstop2"
				{Matrix34
					-0.0000	1.0000	0.0000
					-1.0000	-0.0000	0.0000
					0.0000	0.0000	1.0000
					14.4989	43.1193	-5.3228
				}
			}
			{bone "FXsmoke"
				{Matrix34
					-0.0000	1.0000	0.0000
					-1.0000	-0.0000	0.0000
					0.0000	0.0000	1.0000
					-8.4746	47.5323	-13.4920
				}
			}
			{bone "seat02"
				{Matrix34
					0.8660	-0.5000	-0.0000
					0.5000	0.8660	-0.0000
					0.0000	0.0000	1.0000
					-6.7874	22.6425	-8.4700
				}
			}
			{bone "seat01"
				{Matrix34
					0.6382	-0.7605	0.1196
					0.7697	0.6271	-0.1196
					0.0160	0.1684	0.9856
					5.7516	22.4910	-8.4700
				}
			}
			{bone "driver"
				{Matrix34
					-0.0000	-0.9903	0.1392
					1.0000	0.0000	0.0001
					-0.0001	0.1392	0.9903
					5.7901	5.7843	-13.3699
				}
			}
			{bone "commander"
				{Matrix34
					0.0000	-0.9903	0.1392
					1.0000	0.0000	0.0001
					-0.0001	0.1392	0.9903
					-8.0506	5.6224	-13.3699
				}
			}
			{bone "visor"
				{Matrix34
					0.0087	-1.0000	-0.0000
					1.0000	0.0087	0.0000
					0.0000	-0.0000	1.0000
					-0.3423	-7.4985	10.0072
				}
			}
			{bone revolute "DoorL"
				{parameters "ID=body;"}
				{Matrix34
					0.9982	-0.0047	-0.0595
					0.0000	0.9969	-0.0788
					0.0597	0.0786	0.9951
					15.5787	17.6986	-3.2215
				}
				{VolumeView "DoorL.ply"}
			}
			{bone revolute "DoorR"
				{parameters "ID=body;"}
				{Matrix34
					0.9954	0.0096	0.0948
					-0.0000	0.9949	-0.1005
					-0.0953	0.1000	0.9904
					-15.5634	17.7055	-3.2501
				}
				{VolumeView "DoorR.ply"}
			}
		}
		{bone "pivot_front"
			{Position 44.7105	0.0871	5.8025}
			{bone revolute "steer_R"
				{Matrix34
					-1.0000	0.0000	0.0000
					0.0000	1.0000	0.0000
					-0.0000	0.0000	-1.0000
					-0.0000	-10.9154	-0.0000
				}
				{bone revolute "WheelR1"
					{parameters "ID=wheelright1;"}
					{Matrix34
						1.0000	0.0000	-0.0000
						-0.0000	0.0000	-1.0000
						0.0000	-1.0000	-0.0000
						-0.0529	-3.9039	-1.9400
					}
					{VolumeView "WheelR1.ply"}
				}
				{bone "FXtraceR1"
					{Matrix34
						0.9397	-0.0000	-0.3420
						-0.0000	-1.0000	-0.0000
						-0.3420	0.0000	-0.9397
						4.3917	-4.1467	4.6154
					}
				}
			}
			{bone revolute "steer_L"
				{Matrix34
					-1.0000	0.0000	-0.0000
					0.0000	1.0000	0.0000
					0.0000	0.0000	-1.0000
					-0.0000	10.9638	0.0000
				}
				{bone revolute "WheelL1"
					{parameters "ID=wheelleft1;"}
					{Matrix34
						1.0000	-0.0000	0.0000
						0.0000	-0.0000	-1.0000
						-0.0000	1.0000	-0.0000
						-0.0529	3.8082	-1.9400
					}
					{VolumeView "WheelL1.ply"}
				}
				{bone "FXtraceL1"
					{Matrix34
						0.9397	-0.0000	-0.3420
						-0.0000	-1.0000	-0.0000
						-0.3420	0.0000	-0.9397
						4.6901	3.9590	4.6154
					}
				}
			}
		}
		{bone "emit4"
			{parameters "Group=passenger;"}
			{Matrix34
				0.0000	1.0000	-0.0000
				-1.0000	0.0000	0.0000
				0.0000	0.0000	1.0000
				-13.7607	-22.4370	0.4077
			}
			{visibility 0}
		}
		{bone "emit3"
			{parameters "Group=driver;"}
			{Matrix34
				0.0000	-1.0000	-0.0000
				1.0000	0.0000	0.0000
				-0.0000	-0.0000	1.0000
				-13.0498	23.4467	0.4077
			}
			{visibility 0}
		}
		{bone "emit1"
			{parameters "Group=driver;"}
			{Matrix34
				0.0000	-1.0000	-0.0000
				1.0000	0.0000	0.0000
				-0.0000	-0.0000	1.0000
				12.3368	26.0807	0.0000
			}
			{visibility 0}
		}
		{bone "emit2"
			{parameters "Group=passenger;"}
			{Matrix34
				0.0000	1.0000	-0.0000
				-1.0000	0.0000	0.0000
				0.0000	0.0000	1.0000
				11.5104	-26.0807	0.0000
			}
			{visibility 0}
		}
	}
}
{Volume "wheelleft1"
	{Cylinder 7.78034 3.20294}
	{Bone "WheelL1"}
	{Position 0.0534	0.0485	-0.0936}
}
{Volume "wheelright1"
	{Cylinder 7.78034 3.20294}
	{Bone "WheelR1"}
	{Matrix34
		-1.0000	-0.0000	0.0000
		0.0000	-1.0000	-0.0000
		-0.0000	-0.0000	-1.0000
		-0.0079	-0.0485	-0.1473
	}
}
{Volume "fuel"
	{Box 2.42266 17.1854 3.58029}
	{Bone "Body"}
	{Matrix34
		-0.0000	1.0000	-0.0000
		-1.0000	-0.0000	0.0000
		0.0000	0.0000	1.0000
		-0.7056	39.4903	-5.3403
	}
}
{Volume "engine"
	{Box 32.3927 19.6998 16.928}
	{Bone "Engine"}
	{Matrix34
		-0.0000	1.0000	-0.0000
		-1.0000	-0.0000	-0.0000
		0.0000	-0.0000	1.0000
		0.4821	-23.9062	-3.4586
	}
}
{Volume "Body"
	{Polyhedron "Body.vol"}
	{Bone "Body"}
	{Matrix34
		-0.0000	1.0000	0.0000
		-1.0000	-0.0000	0.0000
		0.0000	0.0000	1.0000
		0.2241	19.5795	-14.0098
	}
}
{Volume "Glass"
	{Box 2.04228 24.5136 6.19091}
	{Bone "glass"}
	{Matrix34
		-0.0000	0.7894	-0.6139
		-1.0000	-0.0000	-0.0000
		-0.0000	0.6139	0.7894
		-0.1390	-4.1527	7.7254
	}
}
{Volume "wheelright2"
	{Cylinder 7.78034 3.20294}
	{Bone "WheelR2"}
	{Matrix34
		1.0000	-0.0000	-0.0000
		0.0000	1.0000	0.0000
		-0.0000	0.0000	-1.0000
		0.0535	0.0485	-0.1472
	}
}
{Volume "wheelleft2"
	{Cylinder 7.78034 3.20294}
	{Bone "WheelL2"}
	{Position -0.1332	0.0485	-0.0937}
}
