;Exported by: vic
;Date:        Thu Jan 29 13:55:29 2004
;File:        D:\-Projects-\Celpo\Selsovet_new_x.max
{Skeleton
	{animation
		{sequence "crush" {speed 0.8}}
	}
	{bone "selsovet_corner4_x"
		{parameters "CommonMesh;"}
		{Orientation
			1.0000	0.0000	0.0000
			0.0000	-1.0000	0.0000
			0.0000	0.0000	1.0000
		}
		{VolumeView "selsovet_corner4_x.ply"}
		{bone "exterior"
			{parameters "CommonMesh;"}
			{Position -2.3460	3.2253	77.5400}
			{VolumeView "exterior.ply"}
		}
		{bone "piece0"
			{Matrix34
				1.0000	0.0000	0.0000
				0.0000	-0.0000	1.0000
				0.0000	-1.0000	-0.0000
				-11.9029	-41.9918	12.6082
			}
			{VolumeView "piece0.ply"}
		}
		{bone "piece1"
			{Matrix34
				1.0000	0.0000	0.0000
				0.0000	-0.0000	1.0000
				0.0000	-1.0000	-0.0000
				19.8868	-41.9918	39.7498
			}
			{VolumeView "piece1.ply"}
		}
		{bone "piece2"
			{Matrix34
				1.0000	0.0000	0.0000
				0.0000	-0.0000	1.0000
				0.0000	-1.0000	-0.0000
				-12.5614	-41.9918	70.9613
			}
			{VolumeView "piece2.ply"}
		}
		{bone "piece3"
			{Matrix34
				1.0000	0.0000	0.0000
				0.0000	-0.0000	1.0000
				0.0000	-1.0000	-0.0000
				14.6032	-41.9918	89.0415
			}
			{VolumeView "piece3.ply"}
		}
		{bone "piece4"
			{Matrix34
				-0.0000	1.0000	0.0000
				0.0000	0.0000	1.0000
				1.0000	0.0000	-0.0000
				-26.3210	-2.0881	10.7044
			}
			{VolumeView "piece4.ply"}
		}
		{bone "piece5"
			{Matrix34
				-0.0000	1.0000	0.0000
				0.0000	0.0000	1.0000
				1.0000	0.0000	-0.0000
				-26.3210	-34.7303	41.0800
			}
			{VolumeView "piece5.ply"}
		}
		{bone "piece6"
			{Matrix34
				-0.0000	1.0000	0.0000
				0.0000	0.0000	1.0000
				1.0000	0.0000	-0.0000
				-26.3210	27.6107	38.8871
			}
			{VolumeView "piece6.ply"}
		}
		{bone "sub_piece0"
			{Matrix34
				1.0000	0.0000	0.0000
				0.0000	-0.0000	1.0000
				0.0000	-1.0000	-0.0000
				16.7608	-41.9918	10.4314
			}
			{VolumeView "sub_piece0.ply"}
		}
		{bone "sub_piece1"
			{Matrix34
				1.0000	0.0000	0.0000
				0.0000	-0.0000	1.0000
				0.0000	-1.0000	-0.0000
				-19.9031	-41.9918	40.5095
			}
			{VolumeView "sub_piece1.ply"}
		}
		{bone "sub_piece2"
			{Matrix34
				1.0000	0.0000	0.0000
				0.0000	-0.0000	1.0000
				0.0000	-1.0000	-0.0000
				-3.9653	-41.9918	54.2587
			}
			{VolumeView "sub_piece2.ply"}
		}
		{bone "sub_piece3"
			{Matrix34
				1.0000	0.0000	0.0000
				0.0000	-0.0000	1.0000
				0.0000	-1.0000	-0.0000
				17.4518	-41.9918	68.4159
			}
			{VolumeView "sub_piece3.ply"}
		}
		{bone "sub_piece4"
			{Matrix34
				-0.0000	1.0000	0.0000
				0.0000	0.0000	1.0000
				1.0000	0.0000	-0.0000
				-26.3210	1.6374	48.0975
			}
			{VolumeView "sub_piece4.ply"}
		}
		{bone "sub_piece5"
			{Matrix34
				-0.0000	1.0000	0.0000
				0.0000	0.0000	1.0000
				1.0000	0.0000	-0.0000
				-26.3210	1.7626	31.1419
			}
			{VolumeView "sub_piece5.ply"}
		}
		{bone "sub_piece6"
			{Matrix34
				-0.0000	1.0000	0.0000
				0.0000	0.0000	1.0000
				1.0000	0.0000	-0.0000
				-26.3210	33.1778	10.2018
			}
			{VolumeView "sub_piece6.ply"}
		}
		{bone "sub_piece7"
			{Matrix34
				-0.0000	1.0000	0.0000
				0.0000	0.0000	1.0000
				1.0000	0.0000	-0.0000
				-26.3210	-32.2736	9.4164
			}
			{VolumeView "sub_piece7.ply"}
		}
	}
}
{Volume "sub_piece7"
	{Box 7.87402 13.0622 12.0465}
	{Bone "sub_piece7"}
	{Matrix34
		-0.0000	0.0000	1.0000
		0.7489	0.6627	0.0000
		-0.6627	0.7489	-0.0000
		-0.3226	0.2973	0.0622
	}
}
{Volume "sub_piece6"
	{Box 7.87402 13.0622 11.4234}
	{Bone "sub_piece6"}
	{Matrix34
		-0.0000	0.0000	1.0000
		0.7016	0.7126	-0.0000
		-0.7126	0.7016	-0.0000
		-0.2863	0.6987	0.0623
	}
}
{Volume "sub_piece5"
	{Box 7.87402 11.401 12.2542}
	{Bone "sub_piece5"}
	{Matrix34
		-0.0000	0.0000	1.0000
		0.9936	0.1130	0.0000
		-0.1130	0.9936	-0.0000
		1.1521	-0.3405	0.0622
	}
}
{Volume "sub_piece4"
	{Box 7.87402 11.0527 10.3849}
	{Bone "sub_piece4"}
	{Matrix34
		-0.0000	0.0000	1.0000
		0.7241	0.6897	0.0000
		-0.6897	0.7241	-0.0000
		-0.9768	0.6751	0.0623
	}
}
{Volume "sub_piece3"
	{Box 11.3649 7.87402 9.36614}
	{Bone "sub_piece3"}
	{Matrix34
		0.9815	0.1913	-0.0000
		0.0000	-0.0000	-1.0000
		-0.1913	0.9815	-0.0000
		1.1299	-0.4907	-0.0045
	}
}
{Volume "sub_piece2"
	{Box 13.0362 7.87402 7.83071}
	{Bone "sub_piece2"}
	{Matrix34
		0.9925	0.1220	0.0000
		0.0000	-0.0000	-1.0000
		-0.1220	0.9925	-0.0000
		0.9183	0.0852	-0.0045
	}
}
{Volume "sub_piece1"
	{Box 15.7103 7.87402 11.2087}
	{Bone "sub_piece1"}
	{Matrix34
		0.5020	0.8649	-0.0000
		0.0000	-0.0000	-1.0000
		-0.8649	0.5020	-0.0000
		-0.0555	0.2236	-0.0045
	}
}
{Volume "sub_piece0"
	{Box 11.3649 7.87402 12.437}
	{Bone "sub_piece0"}
	{Matrix34
		0.7526	0.6585	0.0000
		0.0000	-0.0000	-1.0000
		-0.6585	0.7526	-0.0000
		-1.3925	-0.7855	-0.0045
	}
}
{Volume "piece6"
	{Box 7.87402 22.4403 24.9237}
	{Bone "piece6"}
	{Matrix34
		-0.0000	0.0000	1.0000
		0.9835	-0.1808	0.0000
		0.1808	0.9835	-0.0000
		-0.0119	-0.1714	0.0622
	}
}
{Volume "piece5"
	{Box 7.87402 18.0862 29.7008}
	{Bone "piece5"}
	{Matrix34
		-0.0000	0.0000	1.0000
		1.0000	-0.0000	0.0000
		0.0000	1.0000	-0.0000
		0.7291	-1.7060	0.0622
	}
}
{Volume "piece4"
	{Box 7.87402 33.4929 17.4466}
	{Bone "piece4"}
	{Matrix34
		-0.0000	0.0000	1.0000
		1.0000	-0.0000	0.0000
		0.0000	1.0000	-0.0000
		0.2945	-0.3294	0.0622
	}
}
{Volume "piece3"
	{Box 25.7382 7.87402 16.2756}
	{Bone "piece3"}
	{Matrix34
		0.9302	0.3670	-0.0000
		0.0000	-0.0000	-1.0000
		-0.3670	0.9302	-0.0000
		0.2657	-1.7570	-0.0045
	}
}
{Volume "piece2"
	{Box 21.3928 7.87402 16.7362}
	{Bone "piece2"}
	{Matrix34
		0.9924	0.1229	0.0000
		0.0000	-0.0000	-1.0000
		-0.1229	0.9924	-0.0000
		0.1182	-2.0720	-0.0045
	}
}
{Volume "piece1"
	{Box 17.8362 7.87402 34.2402}
	{Bone "piece1"}
	{Matrix34
		0.9985	-0.0540	-0.0000
		-0.0000	-0.0000	-1.0000
		0.0540	0.9985	-0.0000
		-1.1076	-0.4888	-0.0045
	}
}
{Volume "piece0"
	{Box 21.9855 7.87402 18.0902}
	{Bone "piece0"}
	{Matrix34
		0.9911	-0.1330	0.0000
		-0.0000	-0.0000	-1.0000
		0.1330	0.9911	-0.0000
		0.4215	-2.1456	-0.0045
	}
}
