;MDL File generated by SOEdit 0.41r
;Model created by: <A.G.(ирјр)>
;Date:        Apr 18 2006
{Skeleton
	{bone "Basis"
		{Orientation
			1.0000	0.0000	0.0000
			0.0000	-1.0000	0.0000
			0.0000	0.0000	1.0000
		}
		{bone "WheelsL"
			{parameters "ID=trackleft;"}
			{Matrix34
				-1.0000	0.0000	0.0000
				0.0000	0.0000	1.0000
				0.0000	1.0000	-0.0000
				7.1100	25.6094	9.8020
			}
			{bone revolute "wheelL3"
				{Position -32.7042	0.3260	-0.4000}
				{VolumeView "wheelL3.ply"}
			}
			{bone revolute "wheelL4"
				{Position -14.3933	0.3260	-0.4000}
				{VolumeView "wheelL4.ply"}
			}
			{bone revolute "wheelL5"
				{Position 5.4000	0.3260	-0.4000}
				{VolumeView "wheelL3.ply"}
			}
			{bone revolute "wheelL6"
				{Position 23.3237	0.3260	-0.4000}
				{VolumeView "wheelL4.ply"}
			}
			{bone revolute "wheelL7"
				{Position 40.7225	0.3260	-0.4000}
				{VolumeView "wheelL3.ply"}
			}
			{bone "TrackL"
				{parameters "ID=trackleft;"}
				{Matrix34
					1.0000	0.0000	0.0000
					0.0000	0.0000	-1.0000
					0.0000	1.0000	-0.0000
					0.4763	1.1479	-2.2322
				}
				{VolumeView "TrackL.ply"}
			}
		}
		{bone "Body"
			{parameters "ID=body;"}
			{animation
				{sequence "repair" {file "body.anm"}}
			}			
			{Position -2.9689	-2.0423	17.6603}
			{VolumeView "Body.ply"}
			{bone "luk"
				{Matrix34
					0.8648	0.0210	-0.5012
					-0.0545	0.9969	-0.0524
					0.4985	0.0727	0.8635
					44.2035	21.3657	-12.1562
				}
				{bone "Cower2"
					{Matrix34
						1.0000	0.0000	-0.0000
						0.0000	0.9962	0.0872
						0.0000	-0.0872	0.9962
						-12.3947	-13.4848	16.5510
					}
					{VolumeView "Cower2.ply"}
				}
			}
			{bone revolute "MGturret"
				{limits -10.0000 20.0000}
				{speed 0.0200}
				{Position 49.8260	-8.0627	7.8999}
				{bone revolute "MGun_rot"
					{parameters "ID=Mgun;"}
					{limits -3.0000 10.0000}
					{speed 0.0100}
					{Matrix34
						1.0000	0.0000	0.0000
						0.0000	0.0000	-1.0000
						0.0000	1.0000	0.0000
						1.5150	0.1367	-1.4071
					}
					{VolumeView "MGun_rot.ply"}
					{bone "MGun"
						{parameters "ID=Mgun;"}
						{Matrix34
							1.0000	0.0000	0.0000
							0.0000	0.0000	-1.0000
							0.0000	1.0000	0.0000
							2.6482	0.0115	0.2783
						}
						{VolumeView "MGun.ply"}
					}
				}
			}
			{bone "Antenna"
				{parameters "ID=body;"}
				{Matrix34
					0.9994	-0.0000	0.0349
					0.0000	1.0000	-0.0000
					-0.0349	0.0000	0.9994
					-33.3866	-17.3129	5.6958
				}
				{VolumeView "Antenna.ply"}
			}
			{bone revolute "Turret"
				{parameters "ID=turret;"}
				{animation
					{sequence "repair" {file "turret.anm"}}
				}
				{speed 0.0300}
				{Matrix34
					1.0000	0.0000	0.0023
					-0.0000	1.0000	0.0000
					-0.0023	-0.0000	1.0000
					17.0179	1.6753	16.7348
				}
				{VolumeView "Turret.ply"}
				{bone revolute "gun_rot"
					{parameters "ID=gun;"}
					{limits -45.0000 1.0000}
					{speed 0.0300}
					{Matrix34
						0.8794	0.0000	0.3701
						-0.3701	0.0000	0.8794
						0.0000	-1.0000	0.0000
						7.6532	0.4139	5.8194
					}
					{VolumeView "gun_rot.ply"}
					{bone "gun2"
						{parameters "ID=gun;"}
						{Matrix34
							-0.0000	-0.9994	0.0349
							-0.0000	-0.0349	-0.9994
							1.0000	-0.0000	-0.0000
							7.5159	2.4136	4.9879
						}
						{VolumeView "gun2.ply"}
					}
					{bone "gun4"
						{parameters "ID=gun;"}
						{Matrix34
							0.0000	0.9994	-0.0349
							-0.0000	-0.0349	-0.9994
							1.0000	-0.0000	-0.0000
							7.5159	2.4136	-5.1763
						}
						{VolumeView "gun4.ply"}
					}
					{bone "gun3"
						{parameters "ID=gun;"}
						{Matrix34
							0.0000	0.9994	-0.0349
							-0.0000	-0.0349	-0.9994
							1.0000	-0.0000	-0.0000
							7.5159	-3.5217	-5.3329
						}
						{VolumeView "gun3.ply"}
					}
					{bone "gun1"
						{parameters "ID=gun;"}
						{Matrix34
							-0.0000	-0.9994	0.0349
							-0.0000	-0.0349	-0.9994
							1.0000	-0.0000	-0.0000
							7.5159	-3.5217	5.1446
						}
						{VolumeView "gun1.ply"}
					}
				}
			}
			{bone revolute "WheelL2"
				{parameters "ID=trackleft;"}
				{Matrix34
					-1.0000	0.0000	0.0000
					0.0000	0.0000	1.0000
					0.0000	1.0000	-0.0000
					-46.0817	24.4148	-4.3421
				}
				{VolumeView "WheelL2.ply"}
			}
			{bone revolute "WheelR2"
				{parameters "ID=trackright;"}
				{Matrix34
					-1.0000	-0.0000	0.0000
					0.0000	-0.0000	1.0000
					0.0000	-1.0000	-0.0000
					-46.0817	-20.2611	-4.3421
				}
				{VolumeView "WheelR2.ply"}
			}
			{bone revolute "WheelR1"
				{parameters "ID=trackright;"}
				{Matrix34
					-1.0000	-0.0000	0.0000
					0.0000	-0.0000	1.0000
					0.0000	-1.0000	-0.0000
					57.1184	-20.2307	-4.0421
				}
				{VolumeView "WheelR1.ply"}
			}
			{bone revolute "WheelL1"
				{parameters "ID=trackleft;"}
				{Matrix34
					-1.0000	0.0000	0.0000
					0.0000	0.0000	1.0000
					0.0000	1.0000	-0.0000
					57.1184	24.5726	-4.0421
				}
				{VolumeView "WheelL1.ply"}
			}
			{bone "engine"
				{Matrix34
					1.0000	0.0000	-0.0000
					0.0000	-1.0000	-0.0000
					0.0000	-0.0000	-1.0000
					-28.6481	1.2552	7.2958
				}
			}
		}
		{bone "WheelsR"
			{parameters "ID=trackright;"}
			{Matrix34
				-1.0000	0.0000	0.0000
				0.0000	0.0000	1.0000
				-0.0000	-1.0000	0.0000
				7.1100	-25.8037	10.0020
			}
			{bone revolute "wheelR3"
				{Position -32.7042	0.4000	0.6000}
				{VolumeView "wheelR3.ply"}
			}
			{bone revolute "wheelR4"
				{Position -14.3933	0.4000	0.6000}
				{VolumeView "wheelR4.ply"}
			}
			{bone revolute "wheelR5"
				{Position 5.4000	0.4000	0.6000}
				{VolumeView "wheelR3.ply"}
			}
			{bone revolute "wheelR6"
				{Position 23.3237	0.4000	0.6000}
				{VolumeView "wheelR4.ply"}
			}
			{bone revolute "wheelR7"
				{Position 40.7225	0.4000	0.6000}
				{VolumeView "wheelR3.ply"}
			}
			{bone "TrackR"
				{parameters "ID=trackright;"}
				{Matrix34
					1.0000	-0.0000	0.0000
					0.0000	-0.0000	-1.0000
					0.0000	-1.0000	-0.0000
					0.4763	1.1479	-2.0322
				}
				{VolumeView "TrackR.ply"}
			}
		}
	}
}
