;Modified by: Albus
;Date:        Dec 24 14:49:13 2010
{Skeleton
	{bone "Basis"
		{Orientation
			1.0000	0.0000	0.0000
			0.0000	-1.0000	0.0000
			0.0000	0.0000	1.0000
		}
		{bone "body"
			{parameters "CommonMesh;ID=body;"}
			{Matrix34
				1.0000	0.0000	-0.0024
				-0.0000	1.0000	0.0000
				0.0024	-0.0000	1.0000
				5.8607	-2.0641	32.7917
			}
			{VolumeView "body.ply"}
			{bone "part3"
				{Position 73.4000	-9.9000	-4.6000}
				{VolumeView "part3.ply"}
			}
			{bone "part4"
				{Matrix34
					-0.9997	-0.0262	-0.0024
					0.0262	-0.9997	0.0001
					-0.0024	0.0000	1.0000
					-57.2617	0.6086	5.1730
				}
				{VolumeView "part4.ply"}
			}
			{bone "part5"
				{Matrix34
					1.0000	0.0000	0.0024
					0.0000	1.0000	0.0000
					-0.0024	0.0000	1.0000
					51.3318	-3.5779	-7.2638
				}
				{VolumeView "part5.ply"}
			}
			{bone "part6"
				{Position 66.2000	6.5000	-4.6000}
				{VolumeView "part6.ply"}
			}
			{bone "FX_exp3"
				{Matrix34
					0.0000	0.0000	1.0000
					0.0000	1.0000	0.0000
					-1.0000	0.0000	0.0000
					-45.0003	3.1354	-10.1359
				}
			}
			{bone "FX_die_platform1"
				{Position 41.3801	2.3354	-12.3701}
			}
		}
		{bone revolute "pivot_back"
			{parameters "ID=body;"}
			{Matrix34
				0.9998	0.0175	0.0000
				-0.0175	0.9998	0.0000
				0.0000	0.0000	1.0000
				-39.3142	-1.4946	12.8385
			}
			{VolumeView "pivot_back.ply"}
			{bone "part1"
				{Matrix34
					-0.9997	0.0175	0.0175
					0.0175	-0.0003	0.9998
					0.0175	0.9998	0.0000
					0.4494	14.6094	-3.2554
				}
				{VolumeView "part1.ply"}
			}
			{bone "part2"
				{Matrix34
					-0.9997	0.0175	0.0175
					0.0175	-0.0003	0.9998
					0.0175	0.9998	0.0000
					-0.1136	-16.1120	-3.2554
				}
				{VolumeView "part2.ply"}
			}
		}
		{bone revolute "pivot_front"
			{parameters "ID=body;"}
			{Matrix34
				0.9998	0.0175	0.0000
				-0.0175	0.9998	0.0000
				0.0000	0.0000	1.0000
				53.3939	-1.6450	12.5585
			}
			{VolumeView "pivot_front.ply"}
			{bone revolute "wheel_L1"
				{parameters "ID=wheelleft1;"}
				{Matrix34
					-0.9997	0.0175	0.0175
					0.0175	-0.0003	0.9998
					0.0175	0.9998	0.0000
					0.0858	14.6571	-3.0000
				}
				{VolumeView "wheel_L1.ply"}
			}
			{bone revolute "wheel_R1"
				{parameters "ID=wheelright1;"}
				{Matrix34
					-0.9997	0.0175	0.0175
					0.0175	-0.0003	0.9998
					0.0175	0.9998	0.0000
					-0.5539	-15.7089	-3.0000
				}
				{VolumeView "wheel_R1.ply"}
			}
		}
	}
}
{Volume "body1"
	{Box 184.111 63.2057 16.7743}
	{Bone "body"}
	{Matrix34
		1.0000	0.0000	0.0024
		0.0000	1.0000	0.0000
		-0.0024	0.0000	1.0000
		0.8897	0.1692	-12.0183
	}
}
{Volume "part1"
	{Cylinder 10.5318 3.6991}
	{Bone "part1"}
	{Matrix34
		-0.9998	0.0175	0.0000
		0.0175	0.9998	0.0000
		0.0000	0.0000	-1.0000
		-0.0020	0.0129	1.7193
	}
}
{Volume "part2"
	{Cylinder 10.5318 3.84358}
	{Bone "part2"}
	{Matrix34
		-0.9998	0.0175	0.0000
		0.0175	0.9998	0.0000
		0.0000	0.0000	-1.0000
		-0.1187	0.0538	0.7427
	}
}
{Volume "part3"
	{Cylinder 9.0318 24.87454}
	{Bone "part3"}
	{Matrix34
		-0.9998	0.0175	0.0000
		0.0175	0.9998	0.0000
		0.0000	0.0000	-1.0000
		-0.0631	-0.0716	10.7562
	}
}
{Volume "wheelleft1"
	{Cylinder 9.5318 3.87454}
	{Bone "wheel_L1"}
	{Matrix34
		-0.9998	0.0175	0.0000
		0.0175	0.9998	0.0000
		0.0000	0.0000	-1.0000
		-0.0945	0.0534	1.6640
	}
}
{Volume "part6"
	{Cylinder 9.0318 24.87454}
	{Bone "part6"}
	{Matrix34
		-0.9998	0.0175	0.0000
		0.0175	0.9998	0.0000
		0.0000	0.0000	-1.0000
		-0.0631	-0.0716	10.7562
	}
}
{Volume "part4"
	{Box 23.111 23.5057 23.7743}
	{Bone "part4"}
	{Position -0.5000	12.0000	0.0000}
}
{Volume "part5"
	{Box 17.111 17.5057 24.7743}
	{Bone "part5"}
	{Position -0.1000	0.0000	11.7500}
}
