;Exported by: shevchenko
;Date:        Sun May 16 13:30:32 2004
;File:        D:\-Projects-\-3DWork-\sheva\SK\Crate1_5.max
{Skeleton
	{bone "crate5"
		{Orientation
			1.0000	0.0000	0.0000
			0.0000	-1.0000	0.0000
			0.0000	0.0000	1.0000
		}
		{VolumeView "crate5.ply"}
	}
}
{Volume "fire1"
	{Box 33.9634 53.0969 54.9149}
	{Bone "crate5"}
	{Matrix34
		0.9996	-0.0294	0.0000
		0.0294	0.9996	0.0000
		0.0000	0.0000	1.0000
		15.2769	-0.3885	27.5325
	}
}
{Volume "fire0"
	{Box 34.0907 50.8579 27.4113}
	{Bone "crate5"}
	{Matrix34
		0.9983	0.0579	0.0000
		-0.0579	0.9983	0.0000
		0.0000	0.0000	1.0000
		-16.9034	0.8040	13.7807
	}
}
{Volume "Body2"
	{Box 18.8108 25.1186 12.3223}
	{Bone "crate5"}
	{Matrix34
		0.9801	-0.1986	0.0000
		0.1986	0.9801	0.0000
		0.0000	0.0000	1.0000
		-16.5415	-0.6599	31.1998
	}
}
{Volume "Body1"
	{Box 30.8225 46.6824 24.9527}
	{Bone "crate5"}
	{Matrix34
		0.9983	0.0579	0.0000
		-0.0579	0.9983	0.0000
		0.0000	0.0000	1.0000
		-16.6959	0.8172	12.5514
	}
}
{Volume "Body"
	{Box 32.51 48.6022 50.9238}
	{Bone "crate5"}
	{Matrix34
		0.9996	-0.0294	0.0000
		0.0294	0.9996	0.0000
		0.0000	0.0000	1.0000
		15.1394	-0.4558	25.5369
	}
}
