;сборка: инженер Ден
;дата:        июль 2006
{Skeleton
	{animation
		{sequence "start"}
		{sequence "stop"}
		{sequence "open" {speed 0.5} {resume}}
		{sequence "hit"}
	}
	{bone "Basis"
		{Orientation
			1.0000	0.0000	0.0000
			0.0000	-1.0000	0.0000
			0.0000	0.0000	1.0000
		}
		{bone "Body"
			{parameters "ID=body;"}
			{animation
				{sequence "repair" {file "body_r.anm"}}
			}
			{Matrix34
				1.0000	0.0000	0.0000
				0.0000	0.0000	1.0000
				0.0000	-1.0000	0.0000
				-8.1730	-0.0546	20.1466
			}
			{VolumeView "Body.ply"}					
			{bone "armor"
				{parameters "ID=body;"}
				{Position 1.5279	-1.3490	-11.8081}
				{VolumeView "armor.ply"}
			}
			{bone "FXsmoke1"
				{Matrix34
					-0.9031	0.1695	-0.3945
					0.1400	0.9848	0.1028
					0.4059	0.0376	-0.9132
					-41.5849	-5.4827	12.5000
				}
			}
			{bone "FXshot"
				{Matrix34
					1.0000	-0.0087	0.0000
					0.0087	1.0000	0.0000
					0.0000	0.0000	1.0000
					1.6847	-1.3940	-0.4992
				}
			}
			{bone "FXfire1"
				{Matrix34
					-0.0087	1.0000	0.0000
					-1.0000	-0.0087	0.0000
					0.0000	0.0000	1.0000
					-22.4445	-1.4480	7.8665
				}
			}
			{bone "FXsmoke2"
				{Matrix34
					-0.9031	0.2746	-0.3301
					0.1400	0.9151	0.3782
					0.4059	0.2954	-0.8649
					-41.5849	-5.4827	12.5000
				}
			}
			{bone revolute "Turret2"
				{limits -78.0000 180.0000}
				{parameters "ID=turret2;"}
				{speed 0.0350}
				{Matrix34
					0.8424	0.0047	-0.5387
					-0.5387	0.0087	-0.8424
					0.0000	1.0000	0.0087
					3.2480	11.9123	-10.2000
				}
				{VolumeView "Turret2.ply"}
				{bone "Cove2"
					{parameters "ID=turret2;"}
					{Matrix34
						-1.0000	-0.0013	0.0001
						0.0001	0.0087	1.0000
						-0.0013	1.0000	-0.0087
						0.23392	0.0225	14.6656
					}
					{VolumeView "Cover.ply"}
				}
				{bone revolute "Gun_rot2"
					{parameters "ID=mgun;"}
					{limits -15.0000 15.0000}
					{speed 0.0100}
					{Matrix34
						1.0000	0.0000	0.0000
						0.0000	0.0000	1.0000
						0.0000	-1.0000	0.0000
						8.9899	0.0532	6.1582
					}
					{VolumeView "Gun_rot.ply"}
					{bone "mgun"
						{parameters "ID=mgun;"}
						{Matrix34
							1.0000	0.0000	0.0000
							0.0000	1.0000	0.0000
							0.0000	0.0000	1.0000
							1.1126	-0.5405	0.0539
						}
						{VolumeView "Gun.ply"}
						{bone "Foresight3"
							{Position 9.783	0.0081	-0.0330}
						}
					}					
				}
				{bone "Visor1"
					{Matrix34
						1.0000	0.0000	0.0000
						0.0000	0.9997	-0.0262
						0.0000	0.0262	0.9997
						4.4553	0.4041	12.9562
					}
				}
				{bone "FXfire2"
					{Matrix34
						-0.0069	0.0087	0.9999
						-1.0000	-0.0001	-0.0069
						0.0000	-1.0000	0.0087
						-2.3172	0.5668	7.5265
					}
				}
				{bone "commander"
					{Matrix34
						1.0000	0.0000	-0.0013
						0.0000	1.0000	0.0001
						0.0013	-0.0001	1.0000
						-0.5833	-1.17149	-21.6508
					}
				}
			}
			{bone revolute "Turret"
				{limits -180.0000 78.0000}
				{parameters "ID=turret;"}
				{speed 0.0350}
				{Matrix34
					0.7660	-0.0055	0.6427
					0.6427	0.0066	-0.7660
					0.0000	1.0000	0.0087
					3.2480	11.9123	10.2000
				}
				{VolumeView "Turret2.ply"}
				{bone "Cover"
					{parameters "ID=turret;"}
					{Matrix34
						-1.0000	-0.0013	0.0001
						0.0001	0.0087	1.0000
						-0.0013	1.0000	-0.0087
						0.2339	0.0225	14.6656
					}
					{VolumeView "Cover.ply"}
				} 
				{bone revolute "Gun_rot"
					{parameters "ID=mgun;"}
					{limits -15.0000 15.0000}
					{speed 0.0100}
					{Matrix34
						1.0000	0.0000	0.0000
						0.0000	0.0000	1.0000
						0.0000	-1.0000	0.0000
						8.9899	0.0531	6.1582
					}
					{VolumeView "Gun_rot.ply"}
					{bone "mgun2"
						{parameters "ID=mgun;"}
						{Matrix34
							1.0000	0.0000	0.0000
							0.0000	1.0000	0.0000
							0.0000	0.0000	1.0000
							1.1126	-0.5405	0.0539
						}
						{VolumeView "Gun.ply"}
						{bone "Foresight2"
							{Position 9.7830	-0.6919	-0.0330}
						}
					}					
				}
				{bone "Visor3"
					{Matrix34
						1.0000	0.0000	0.0000
						0.0000	0.9997	-0.0262
						0.0000	0.0262	0.9997
						4.4553	0.4041	12.9562
					}
				}
				{bone "gunner"
					{Matrix34
						1.0000	0.0000	-0.0013
						0.0000	1.0000	0.0001
						0.0013	-0.0001	1.0000
						-3.7930	-0.0715	-21.0466
					}
				}
			}
			{bone "Visor2"
				{Matrix34
					1.0000	0.0000	0.0000
					0.0000	-0.0175	-0.9998
					-0.0000	0.9998	-0.0175
					18.2874	8.2074	9.3433
				}
			}
			{bone revolute "WheelL2"
				{parameters "ID=trackleft;"}
				{Matrix34
					-1.0000	0.0000	0.0000
					0.0000	1.0000	0.0000
					0.0000	0.0000	1.0000
					-35.4001	-10.1527	-18.0373
				}
				{VolumeView "WheelL2.ply"}
			}
			{bone revolute "WheelR2"
				{parameters "ID=trackright;"}
				{Matrix34
					-1.0000	0.0000	0.0000
					0.0000	1.0000	0.0000
					0.0000	0.0000	-1.0000
					-35.3809	-10.2359	20.9560
				}
				{VolumeView "WheelR2.ply"}
			}
			{bone revolute "WheelR1"
				{parameters "ID=trackright;"}
				{Matrix34
					-1.0000	0.0000	0.0000
					0.0000	1.0000	0.0000
					0.0000	0.0000	-1.0000
					38.8099	-3.2814	17.9881
				}
				{VolumeView "WheelR1.ply"}
			}
			{bone revolute "WheelL1"
				{parameters "ID=trackleft;"}
				{Matrix34
					-1.0000	0.0000	0.0000
					0.0000	1.0000	0.0000
					0.0000	0.0000	1.0000
					38.8509	-3.4923	-17.8612
				}
				{VolumeView "WheelL1.ply"}
			}
			{bone "engine"
				{Matrix34
					1.0000	0.0000	0.0000
					0.0000	0.0000	-1.0000
					0.0000	1.0000	0.0000
					-26.3827	-6.0433	-0.0527
				}				
				{bone "FXlight"
					{Matrix34
						1.0000	0.0000	0.0000
						0.0000	1.0000	0.0000
						0.0000	0.0000	1.0000
						47.9467	1.0883	13.9192
					}
				}				
			}
			{bone "Seat04"
				{Matrix34
					0.0481	0.1507	0.9874
					0.9845	-0.1743	-0.0213
					0.1689	0.9731	-0.1568
					-36.4131	-4.5000	19.7596
				}
			}
			{bone "Seat03"
				{Matrix34
					-0.2997	0.2107	-0.9305
					-0.9447	0.0704	0.3202
					0.1330	0.9750	0.1779
					-36.5743	-4.5000	-19.7866
				}
			}
			{bone "Seat02"
				{Matrix34
					0.0481	0.1507	0.9874
					0.9845	-0.1743	-0.0213
					0.1689	0.9731	-0.1568
					-22.4131	-3.1092	19.7596
				}
			}
			{bone "Seat01"
				{Matrix34
					-0.2997	0.2107	-0.9305
					-0.9447	0.0704	0.3202
					0.1330	0.9750	0.1779
					-22.5743	-3.1092	-19.7866
				}
			}
		}
		{bone "WheelsL"
			{parameters "ID=trackleft;"}
			{Matrix34
				-1.0000	0.0000	0.0000
				0.0000	0.0000	1.0000
				0.0000	1.0000	0.0000
				-7.2359	18.1342	10.7890
			}
			{VolumeView "WheelsL.ply"}
			{bone "TrackL"
				{parameters "ID=trackleft;"}
				{Matrix34
					-1.0000	0.0000	0.0000
					0.0000	1.0000	0.0000
					0.0000	0.0000	-1.0000
					6.8522	1.4419	0.7738
				}
				{VolumeView "TrackL.ply"}
			}
			{bone "FXtraceL1"
				{Matrix34
					1.0000	0.0000	0.0087
					0.0087	0.0000	-1.0000
					0.0000	1.0000	0.0000
					-25.7192	-9.8286	2.2399
				}
			}
			{bone "FXtraceL2"
				{Matrix34
					0.9848	0.1736	0.0086
					0.0087	0.0000	-1.0000
					-0.1736	0.9848	-0.0015
					25.3450	-9.8286	1.7447
				}
			}
		}
		{bone "WheelsR"
			{parameters "ID=trackright;"}
			{Matrix34
				1.0000	0.0000	0.0000
				0.0000	0.0000	-1.0000
				0.0000	1.0000	0.0000
				-7.2359	-18.2374	10.7890
			}
			{VolumeView "WheelsR.ply"}
			{bone "TrackR"
				{parameters "ID=trackright;"}
				{Matrix34
					1.0000	0.0000	0.0000
					0.0000	-1.0000	0.0000
					0.0000	0.0000	-1.0000
					-6.8522	-1.4419	-1.3428
				}
				{VolumeView "TrackR.ply"}
			}
			{bone "FXtraceR1"
				{Matrix34
					-1.0000	0.0000	0.0087
					-0.0087	0.0000	-1.0000
					0.0000	-1.0000	0.0000
					25.4729	9.8286	-1.9679
				}
			}
			{bone "FXtraceR2"
				{Matrix34
					-0.9848	-0.1736	0.0086
					-0.0087	0.0000	-1.0000
					0.1736	-0.9848	-0.0015
					-25.5831	9.8286	-1.5223
				}
			}
		}
		{bone "emit2"
			{parameters "Group=crew;"}
			{Matrix34
				0.0000	1.0000	0.0000
				-1.0000	0.0000	0.0000
				0.0000	0.0000	1.0000
				13.6885	-35.4119	0.0000
			}
			{visibility 0}
		}
		{bone "emit1"
			{parameters "Group=crew;"}
			{Matrix34
				0.0000	-1.0000	0.0000
				1.0000	0.0000	0.0000
				0.0000	0.0000	1.0000
				13.6919	35.1261	0.0000
			}
			{visibility 0}
		}
		{bone "emit3"
			{Matrix34
				0.0000	-1.0000	0.0000
				1.0000	0.0000	0.0000
				0.0000	0.0000	1.0000
				-35.6107	34.4732	0.0000
			}
			{visibility 0}
		}
		{bone "emit4"
			{Matrix34
				0.0000	1.0000	0.0000
				-1.0000	0.0000	0.0000
				0.0000	0.0000	1.0000
				-38.6712	-34.7025	0.0000
			}
			{visibility 0}
		}
	}	
}
{Volume "trackright"
	{Box 83.7008 4.8622 19.685}
	{Bone "WheelsR"}
	{Matrix34
		-1.0387	0.0000	0.0000
		0.0000	0.0000	1.0387
		0.0000	-1.0387	0.0000
		0.6407	0.3795	-1.5505
	}
}
{Volume "trackleft"
	{Box 83.6916 4.86651 19.685}
	{Bone "WheelsL"}
	{Matrix34
		-1.0387	0.0000	0.0000
		0.0000	0.0000	1.0387
		0.0000	1.0387	0.0000
		-0.6407	-0.2933	1.5453
	}
}
{Volume "Engine"
	{Box 19.6814 23.55 9.87474}
	{Bone "engine"}
	{Orientation
		-0.0087	-1.0000	0.0000
		0.0000	0.0000	-1.0000
		1.0000	-0.0087	0.0000
	}
}
{Volume "Crew"
	{Box 12.6945 14.3339 28.3124}
	{Bone "Body"}
	{Matrix34
		1.0000	0.0000	0.0000
		0.0000	0.0000	-1.0000
		0.0000	1.0000	0.0000
		2.0876	3.4468	-2.6665
	}
}
{Volume "Turret"
	{Cylinder 10.15755 13.1881}
	{Bone "Turret"}
	{Matrix34
		1.0000	0.0000	0.0000
		0.0000	1.0000	-0.0087
		0.0000	0.0087	1.0000
		0.2077	-0.16078	6.51224
	}
}
{Volume "turret2"
	{Cylinder 10.15755 13.1881}
	{Bone "turret2"}
	{Matrix34
		-0.2535	-0.9673	-0.0042
		0.9672	-0.2535	-0.0082
		0.0068	-0.0062	0.9999
		0.1645	0.3618	7.2758
	}
}
{Volume "Inventory"
	{Box 9.80752 16.7815 13.7627}
	{Bone "Body"}
	{Matrix34
		1.0000	0.0000	0.0000
		0.0000	0.0000	-1.0000
		0.0000	1.0000	0.0000
		13.7253	-4.3130	0.6390
	}
}
{Volume "Body2"
	{Box 31.4667 29.8829 11.5687}
	{Bone "Body"}
	{Matrix34
		1.0000	0.0000	0.0000
		0.0000	0.0000	-1.0000
		0.0000	1.0000	0.0000
		3.7336	5.8173	-0.0527
	}
}
{Volume "Body1"
	{Polyhedron "Body1.vol"}
	{Bone "Body"}
	{Matrix34
		1.0000	0.0000	0.0000
		0.0000	0.0000	-1.0000
		0.0000	1.0000	0.0000
		0.5036	-4.9570	-0.4461
	}
}
{Volume "FXlight"
	{Cylinder 2.24252 1.9685}
	{Bone "FXlight"}
	{Matrix34
		0.0000	-1.0000	0.0000
		0.0000	0.0000	-1.0000
		1.0000	0.0000	0.0000
		-2.92121	0.1693	-0.5827
	}
}