;Exported by: shevchenko
;Date:        Fri Feb 13 19:37:23 2004
;File:        D:\-Projects-\-3DWork-\sheva\river-wall2_curve_new.max
{Skeleton
	{bone "river-wall_curve3"
		{Orientation
			1.0000	0.0000	0.0000
			0.0000	-1.0000	0.0000
			0.0000	0.0000	1.0000
		}
		{VolumeView "river-wall_curve3.ply"}
		{bone "piece0"
			{Position 52.6200	55.4945	8.3661}
			{VolumeView "piece0.ply"}
		}
		{bone "piece1"
			{Position 37.6369	5.8512	7.2836}
			{VolumeView "piece1.ply"}
		}
		{bone "piece2"
			{Position 6.1724	-29.7094	7.5583}
			{VolumeView "piece2.ply"}
		}
		{bone "piece3"
			{Position -35.7962	-41.1468	7.2943}
			{VolumeView "piece3.ply"}
		}
		{bone "piece4"
			{Position -66.3842	-41.2162	9.6933}
			{VolumeView "piece4.ply"}
		}
		{bone "piece5"
			{Position -5.8037	-32.0507	-16.9660}
			{VolumeView "piece5.ply"}
		}
		{bone "piece6"
			{Position -24.4376	-34.7947	-16.9660}
			{VolumeView "piece6.ply"}
		}
		{bone "piece7"
			{Position 40.0338	34.0960	-15.2929}
			{VolumeView "piece7.ply"}
		}
		{bone "piece8"
			{Position 30.3058	0.9481	-15.2473}
			{VolumeView "piece8.ply"}
		}
		{bone "FX_dust1"
			{Matrix34
				0.0000	0.0000	1.0000
				-0.6274	0.7787	0.0000
				-0.7787	-0.6274	0.0000
				45.5701	20.1070	8.2522
			}
		}
		{bone "FX_dust1a"
			{Matrix34
				0.0000	0.0000	1.0000
				-0.6274	0.7787	0.0000
				-0.7787	-0.6274	0.0000
				13.5569	-20.8336	8.2522
			}
		}
		{bone "FX_dust1b"
			{Matrix34
				0.0000	0.0000	1.0000
				-0.6274	0.7787	0.0000
				-0.7787	-0.6274	0.0000
				-58.8958	-41.3477	8.2522
			}
		}
		{bone "FX_stone1"
			{Matrix34
				0.0000	0.0000	1.0000
				-0.6274	0.7787	0.0000
				-0.7787	-0.6274	0.0000
				40.9332	16.4761	-0.2299
			}
		}
		{bone "FX_stone1a"
			{Matrix34
				0.0000	0.0000	1.0000
				-0.6274	0.7787	0.0000
				-0.7787	-0.6274	0.0000
				-13.5407	-31.8339	-0.2299
			}
		}
		{bone "FX_stone1b"
			{Matrix34
				0.0000	0.0000	1.0000
				-0.6274	0.7787	0.0000
				-0.7787	-0.6274	0.0000
				-59.7063	-41.8953	7.6063
			}
		}
	}
}
{Volume "piece8"
	{Box 33.138 8.75758 29.1685}
	{Bone "piece8"}
	{Matrix34
		-0.6030	-0.7977	0.0000
		0.7977	-0.6030	0.0000
		0.0000	0.0000	1.0000
		-2.3636	0.4075	2.2875
	}
}
{Volume "piece7"
	{Polyhedron "piece7.vol"}
	{Bone "piece7"}
	{Matrix34
		-0.2058	-0.9786	0.0000
		0.9786	-0.2058	0.0000
		0.0000	0.0000	1.0000
		2.6785	-0.7884	-12.1525
	}
}
{Volume "piece6"
	{Polyhedron "piece6.vol"}
	{Bone "piece6"}
	{Matrix34
		-0.9631	-0.2692	0.0000
		0.2692	-0.9631	0.0000
		0.0000	0.0000	1.0000
		-1.1692	-1.0715	-15.9591
	}
}
{Volume "piece5"
	{Box 15.7784 13.293 26.6833}
	{Bone "piece5"}
	{Matrix34
		0.9468	0.3219	-0.0002
		-0.3218	0.9467	-0.0129
		-0.0039	0.0123	0.9999
		1.5845	1.8053	4.6099
	}
}
{Volume "piece4"
	{Box 18.8581 11.5716 17.7761}
	{Bone "piece4"}
	{Matrix34
		0.0098	1.0000	0.0000
		-1.0000	0.0098	0.0000
		0.0000	0.0000	1.0000
		-0.0608	-0.5499	1.2364
	}
}
{Volume "piece3"
	{Box 47.1453 12.8573 14.8134}
	{Bone "piece3"}
	{Matrix34
		-0.9970	-0.0776	0.0000
		0.0776	-0.9970	0.0000
		0.0000	0.0000	1.0000
		-0.3961	-0.3019	1.0868
	}
}
{Volume "piece2"
	{Box 38.6437 12.8573 14.8134}
	{Bone "piece2"}
	{Matrix34
		-0.8679	-0.4967	0.0000
		0.4967	-0.8679	0.0000
		0.0000	0.0000	1.0000
		-0.8993	-0.2535	0.8229
	}
}
{Volume "piece1"
	{Box 54.4277 12.8573 14.8134}
	{Bone "piece1"}
	{Matrix34
		-0.5184	-0.8551	0.0000
		0.8551	-0.5184	0.0000
		0.0000	0.0000	1.0000
		1.1109	-0.6565	1.0976
	}
}
{Volume "piece0"
	{Box 47.3284 11.3782 14.8134}
	{Bone "piece0"}
	{Matrix34
		-0.0469	-0.9989	0.0000
		0.9989	-0.0469	0.0000
		0.0000	0.0000	1.0000
		-0.0497	-0.0390	0.0150
	}
}
{Volume "body1"
	{Box 87.6452 18.3519 45.8336}
	{Bone "river-wall_curve3"}
	{Matrix34
		-0.1495	-0.9888	0.0000
		0.9888	-0.1495	0.0000
		0.0000	0.0000	1.0000
		47.5695	36.8095	-17.6817
	}
}
{Volume "body2"
	{Box 62.1457 18.3465 45.8268}
	{Bone "river-wall_curve3"}
	{Matrix34
		-0.7787	-0.6274	0.0000
		0.6274	-0.7787	0.0000
		0.0000	0.0000	1.0000
		16.4644	-19.9982	-17.6851
	}
}
{Volume "body3"
	{Box 71.2008 18.3465 45.8268}
	{Bone "river-wall_curve3"}
	{Matrix34
		-0.9995	-0.0312	0.0000
		0.0312	-0.9995	0.0000
		0.0000	0.0000	1.0000
		-37.3213	-39.0059	-17.6851
	}
}
