;Exported by: ubrashaev
;Date:        Mon Apr 19 11:44:41 2004
;File:        D:\-Projects-\-work-\3d\construction\city\Административное здание_x.max
{Skeleton
	{animation
		{sequence "crush" {speed 0.4}}
	}
	{bone "office_block_c3_x"
		{parameters "CommonMesh;"}
		{Orientation
			1.0000	0.0000	0.0000
			0.0000	-1.0000	0.0000
			0.0000	0.0000	1.0000
		}
		{VolumeView "office_block_c3_x.ply"}
		{bone "Piece14"
			{Matrix34
				-1.0000	0.0000	0.0000
				-0.0000	-0.0000	-1.0000
				-0.0000	-1.0000	0.0000
				-14.6764	52.1671	122.5782
			}
			{VolumeView "Piece14.ply"}
		}
		{bone "Piece0"
			{Matrix34
				-1.0000	0.0000	0.0000
				-0.0000	-0.0000	-1.0000
				-0.0000	-1.0000	0.0000
				74.1951	-30.7160	100.9952
			}
			{VolumeView "Piece0.ply"}
		}
		{bone "Piece4"
			{Matrix34
				0.0000	1.0000	0.0000
				-0.0000	0.0000	-1.0000
				-1.0000	0.0000	0.0000
				2.3462	3.8142	185.5790
			}
			{VolumeView "Piece4.ply"}
		}
		{bone "Piece8"
			{Matrix34
				0.0000	1.0000	0.0000
				-0.0000	0.0000	-1.0000
				-1.0000	0.0000	0.0000
				2.3462	41.2692	159.1622
			}
			{VolumeView "Piece8.ply"}
		}
		{bone "Piece7"
			{Matrix34
				-1.0000	0.0000	0.0000
				-0.0000	-0.0000	-1.0000
				-0.0000	-1.0000	0.0000
				-28.8081	50.3608	79.7792
			}
			{VolumeView "Piece7.ply"}
		}
		{bone "Piece12"
			{Matrix34
				-1.0000	0.0000	0.0000
				-0.0000	-0.0000	-1.0000
				-0.0000	-1.0000	0.0000
				10.3569	52.1671	67.4645
			}
			{VolumeView "Piece12.ply"}
		}
		{bone "Piece1"
			{Matrix34
				0.0000	1.0000	0.0000
				-0.0000	0.0000	-1.0000
				-1.0000	0.0000	0.0000
				2.3462	42.3854	183.9667
			}
			{VolumeView "Piece1.ply"}
		}
		{bone "Piece5"
			{Matrix34
				-1.0000	0.0000	0.0000
				-0.0000	-0.0000	-1.0000
				-0.0000	-1.0000	0.0000
				21.0566	52.1671	117.4302
			}
			{VolumeView "Piece5.ply"}
		}
		{bone "Piece9"
			{Matrix34
				-1.0000	0.0000	0.0000
				-0.0000	-0.0000	-1.0000
				-0.0000	-1.0000	0.0000
				74.1951	48.7106	95.2902
			}
			{VolumeView "Piece9.ply"}
		}
		{bone "Piece3"
			{Matrix34
				-1.0000	0.0000	0.0000
				-0.0000	-0.0000	-1.0000
				-0.0000	-1.0000	0.0000
				64.4612	52.1671	93.1034
			}
			{VolumeView "Piece3.ply"}
		}
		{bone "Piece13"
			{Matrix34
				-1.0000	0.0000	0.0000
				-0.0000	-0.0000	-1.0000
				-0.0000	-1.0000	0.0000
				74.1951	47.4704	129.3965
			}
			{VolumeView "Piece13.ply"}
		}
		{bone "Piece2"
			{Matrix34
				-1.0000	0.0000	0.0000
				-0.0000	-0.0000	-1.0000
				-0.0000	-1.0000	0.0000
				66.7828	52.1671	117.7330
			}
			{VolumeView "Piece2.ply"}
		}
		{bone "Piece6"
			{Matrix34
				-1.0000	0.0000	0.0000
				-0.0000	-0.0000	-1.0000
				-0.0000	-1.0000	0.0000
				74.1951	-25.7178	146.8838
			}
			{VolumeView "Piece6.ply"}
		}
		{bone "Piece10"
			{Matrix34
				-1.0000	0.0000	0.0000
				-0.0000	-0.0000	-1.0000
				-0.0000	-1.0000	0.0000
				74.1951	-37.6049	71.9738
			}
			{VolumeView "Piece10.ply"}
		}
		{bone "Sub_piece0"
			{Matrix34
				-1.0000	0.0000	0.0000
				-0.0000	-0.0000	-1.0000
				-0.0000	-1.0000	0.0000
				74.1951	-24.6245	199.6729
			}
			{VolumeView "Sub_piece0.ply"}
		}
		{bone "Sub_piece1"
			{Matrix34
				-1.0000	0.0000	0.0000
				-0.0000	-0.8192	-0.5736
				-0.0000	-0.5736	0.8192
				74.1951	11.7415	147.0869
			}
			{VolumeView "Sub_piece1.ply"}
		}
		{bone "Sub_piece2"
			{Matrix34
				-1.0000	0.0000	0.0000
				-0.0000	-0.3420	-0.9397
				-0.0000	-0.9397	0.3420
				74.1951	-36.7050	169.8597
			}
			{VolumeView "Sub_piece2.ply"}
		}
		{bone "Sub_piece3"
			{Matrix34
				-1.0000	0.0000	0.0000
				-0.0000	-0.0000	-1.0000
				-0.0000	-1.0000	0.0000
				74.1951	18.3978	97.7590
			}
			{VolumeView "Sub_piece3.ply"}
		}
	}
}
{Volume "Sub_piece3"
	{Box 10.2362 36.4405 19.422}
	{Bone "Sub_piece3"}
	{Position -0.0251	0.0000	1.3626}
}
{Volume "Sub_piece2"
	{Box 9.84251 19.5312 17.6212}
	{Bone "Sub_piece2"}
	{Matrix34
		1.0000	-0.0000	-0.0000
		-0.0000	0.7071	-0.7071
		-0.0000	0.7071	0.7071
		0.0000	-0.2096	-1.4343
	}
}
{Volume "Sub_piece1"
	{Box 9.84251 24.8046 17.1152}
	{Bone "Sub_piece1"}
	{Position 0.0000	2.3048	1.6139}
}
{Volume "Sub_piece0"
	{Box 9.84251 23.614 14.3048}
	{Bone "Sub_piece0"}
	{Matrix34
		1.0000	-0.0000	0.0000
		0.0000	0.9659	0.2588
		0.0000	-0.2588	0.9659
		0.0000	0.4921	0.9772
	}
}
{Volume "Piece10"
	{Box 13.3054 21.7363 17.145}
	{Bone "Piece10"}
	{Matrix34
		1.0000	0.0000	0.0000
		0.0000	0.9063	-0.4226
		0.0000	0.4226	0.9063
		-1.7314	-1.4089	-4.1381
	}
}
{Volume "Piece6"
	{Box 9.84251 22.1381 14.4859}
	{Bone "Piece6"}
	{Matrix34
		1.0000	-0.0000	0.0000
		0.0000	0.9397	0.3420
		0.0000	-0.3420	0.9397
		0.0000	0.6193	1.1121
	}
}
{Volume "Piece2"
	{Box 24.6296 18.5731 9.84252}
	{Bone "Piece2"}
	{Position -0.0000	-0.0000	2.8137}
}
{Volume "Piece13"
	{Box 9.84251 16.639 19.0996}
	{Bone "Piece13"}
	{Position 0.0000	-1.7523	2.8137}
}
{Volume "Piece3"
	{Box 27.3025 19.6229 9.84252}
	{Bone "Piece3"}
	{Position 0.0000	-0.0000	2.8137}
}
{Volume "Piece9"
	{Box 9.84251 31.0058 17.1152}
	{Bone "Piece9"}
	{Position 0.0000	-0.0000	2.8137}
}
{Volume "Piece5"
	{Box 18.5994 17.2548 13.5232}
	{Bone "Piece5"}
	{Position -0.0000	2.0403	0.9733}
}
{Volume "Piece1"
	{Box 23.3164 20.8972 12.5}
	{Bone "Piece1"}
	{Position -2.8137	1.1903	0.0000}
}
{Volume "Piece12"
	{Box 25.5205 15.4157 11.5781}
	{Bone "Piece12"}
	{Position 0.2435	-0.0000	-2.5567}
}
{Volume "Piece7"
	{Box 16.9959 17.56 13.8382}
	{Bone "Piece7"}
	{Position -2.1210	0.0991	2.6221}
}
{Volume "Piece8"
	{Box 16.0337 16.2966 12.5}
	{Bone "Piece8"}
	{Matrix34
		0.4226	-0.9063	-0.0000
		0.9063	0.4226	0.0000
		0.0000	-0.0000	1.0000
		-1.8222	0.1778	0.0000
	}
}
{Volume "Piece4"
	{Box 22.2101 18.6753 12.5}
	{Bone "Piece4"}
	{Position -2.8137	1.3320	0.0000}
}
{Volume "Piece0"
	{Box 10.2362 35.5624 20.0918}
	{Bone "Piece0"}
	{Position -0.0251	0.0000	1.6975}
}
{Volume "Piece14"
	{Box 34.118 10.0941 10.3976}
	{Bone "Piece14"}
	{Position 0.0000	-0.0000	2.7081}
}
