{Skeleton
	{bone "Boxes"
		{Orientation
			0.8616	-0.5075	0.0000
			-0.5075	-0.8616	0.0000
			0.0000	0.0000	1.0000
		}
		{VolumeView "Boxes.ply"}
		{bone "FX_wood1"
			{Matrix34
				-0.0000	-0.0000	1.0000
				0.5075	0.8616	0.0000
				-0.8616	0.5075	-0.0000
				1.5156	0.5608	5.8756
			}
		}
	}
}


{Volume "Body"
	{Box 14.8058 33.588 13.1508}
	{Bone "Boxes"}
	{Matrix34
		0.8616	-0.5075	0.0000
		0.5075	0.8616	0.0000
		0.0000	0.0000	1.0000
		0.7570	0.2926	6.6469
	}
}

