;Exported by: garry
;Date:        Fri May 14 13:20:26 2004
;File:        D:\-Projects-\-3DWork-\Model\Пушки\ZIS3\zis-3_xx.max
{Skeleton
	{bone revolute "Basis"
		{Orientation
			1.0000	0.0000	0.0000
			0.0000	-1.0000	0.0000
			0.0000	0.0000	1.0000
		}
		{bone "Body"
			{parameters "ID=body;"}
			{Matrix34
				0.9968	-0.0174	-0.0785
				0.0175	0.9998	0.0000
				0.0784	-0.0014	0.9969
				-59.3499	0.9704	0.6016
			}
			{VolumeView "Body.ply"}
			{bone "WheelL"
				{parameters "ID=wheelleft;"}
				{Matrix34
					-0.9956	0.0754	-0.0565
					0.0565	0.9578	0.2818
					0.0754	0.2773	-0.9578
					59.4028	16.5479	9.0833
				}
				{VolumeView "WheelL.ply"}
			}
			{bone "WheelR"
				{parameters "ID=wheelright;"}
				{Matrix34
					-1.0000	0.0062	-0.0005
					0.0005	0.1577	0.9875
					-0.0062	-0.9875	0.1577
					59.4029	-16.3292	9.0833
				}
				{VolumeView "WheelR.ply"}
			}
			{bone revolute "Turret"
				{parameters "ID=turret;"}
				{Matrix34
					0.9999	-0.0104	0.0007
					-0.0007	-0.1320	-0.9913
					0.0104	0.9912	-0.1320
					59.8792	0.0318	12.7928
				}
				{VolumeView "Turret.ply"}
			}
			{bone revolute "gun_rot"
				{parameters "ID=gun;"}
				{Matrix34
					0.9473	-0.0000	0.3204
					0.3204	-0.0000	-0.9473
					-0.0000	1.0000	-0.0000
					61.5493	-0.0000	11.5954
				}
				{VolumeView "gun_rot.ply"}
					{bone "gun"
						{parameters "ID=gun;"}
						{Matrix34
							1.0000	0.0000	0.0000
							-0.0000	0.0000	1.0000
							-0.0000	-1.0000	0.0000
							-3.6082	-6.5605	0.4618
						}
						{VolumeView "gun.ply"}
					}
			}
			{bone "Part1"
				{Matrix34
					0.0000	1.0000	-0.0000
					-0.3204	0.0000	0.9473
					0.9473	0.0000	0.3204
					21.9897	-0.0002	6.7374
				}
				{VolumeView "Part1.ply"}
			}
			{bone "part2"
				{Matrix34
					-0.7079	0.2631	-0.6555
					0.3689	0.9291	-0.0255
					0.6023	-0.2598	-0.7548
					3.0141	32.7237	4.3838
				}
				{VolumeView "part2.ply"}
			}
			{bone revolute "part3"
				{Matrix34
					0.2958	0.9548	0.0291
					-0.1264	0.0089	0.9919
					0.9468	-0.2971	0.1233
					48.6595	5.7142	10.6824
				}
				{VolumeView "part3.ply"}
			}
			{bone "part4"
				{Matrix34
					0.9274	0.0398	0.3720
					0.0104	0.9912	-0.1320
					-0.3739	0.1262	0.9188
					44.3774	14.4248	20.1803
				}
				{VolumeView "part4.ply"}
			}
			{bone "part5"
				{Matrix34
					-0.0000	1.0000	0.0000
					0.8415	-0.0000	0.5403
					0.5403	-0.0000	-0.8415
					59.3813	-0.0303	5.4098
				}
				{VolumeView "part5.ply"}
			}
		}
	}
}
{Volume "part5"
	{Box 5.7379 30.937 0.4}
	{Bone "part5"}
	{Matrix34
		-0.0000	0.9996	-0.0276
		1.0000	-0.0000	-0.0000
		0.0000	-0.0276	-0.9996
		-0.0002	-0.1137	-0.0613
	}
}
{Volume "part4"
	{Box 2.08395 4.0053 7.95}
	{Bone "part4"}
	{Matrix34
		1.0000	0.0015	0.0007
		-0.0015	1.0000	-0.0065
		-0.0007	0.0065	1.0000
		-0.0123	-0.0276	-0.0390
	}
}
{Volume "part3"
	{Polyhedron "part3.vol"}
	{Bone "part3"}
	{Matrix34
		0.9999	0.0118	-0.0057
		-0.0119	0.9999	-0.0081
		0.0056	0.0081	1.0000
		-0.0446	0.0871	-5.1231
	}
}
{Volume "part2"
	{Polyhedron "part2.vol"}
	{Bone "part2"}
	{Matrix34
		0.9829	0.0966	-0.1569
		-0.1566	-0.0104	-0.9876
		-0.0970	0.9953	0.0049
		1.2325	-5.3063	-2.0264
	}
}
{Volume "part1"
	{Box 10.9681 6.69782 7.95}
	{Bone "Part1"}
	{Matrix34
		-0.0005	0.0005	1.0000
		1.0000	-0.0001	0.0005
		0.0001	1.0000	-0.0005
		-0.0132	0.0570	-0.5808
	}
}
{Volume "body2"
	{Cylinder 2.33309 65.7309}
	{Bone "Body"}
	{Matrix34
		0.4169	-0.9076	0.0489
		0.1164	0.0000	-0.9932
		0.9014	0.4198	0.1057
		29.7314	-19.7387	6.1066
	}
}
{Volume "body1"
	{Cylinder 2.33309 65.7309}
	{Bone "Body"}
	{Matrix34
		0.4170	0.9076	0.0486
		-0.1159	-0.0000	0.9933
		0.9015	-0.4198	0.1052
		29.7293	20.9988	6.1241
	}
}
{Volume "gun"
	{Cylinder 0.805254 76.4335}
	{Bone "gun"}
	{Matrix34
		0.0000	1.0000	0.0000
		0.0000	0.0000	1.0000
		1.0000	0.0000	0.0000
		5.4501	-0.3326	0.5552
	}
}
{Volume "turret"
	{Box 1.29978 35.0348 34.2122}
	{Bone "Turret"}
	{Matrix34
		0.8459	-0.4951	0.1982
		-0.2057	0.0400	0.9778
		-0.4920	-0.8679	-0.0680
		-6.0144	-4.7666	-1.1323
	}
}
{Volume "wheelright"
	{Cylinder 10.7852 3.72717}
	{Bone "WheelR"}
	{Position 0.0000	-0.0000	1.8636}
}
{Volume "wheelleft"
	{Cylinder 10.7821 4.39142}
	{Bone "WheelL"}
	{Matrix34
		1.0000	0.0000	0.0000
		0.0000	1.0000	-0.0000
		0.0000	-0.0000	1.0000
		0.0000	-0.0000	1.7868
	}
}
