;Exported by: sk
;Date:        Sat Oct 11 15:11:15 2003
;File:        D:\-PROJE~1\-3DWork-\CONSTR~1\Mayak\mayak_IK.max
{Skeleton
	{bone "lighthouse"
		{Orientation
			1.0000	0.0000	0.0000
			0.0000	-1.0000	0.0000
			0.0000	0.0000	1.0000
		}
		{VolumeView "lighthouse.ply"}
		{bone "glass"
			{Position -0.0000	-0.0000	282.5883}
			{VolumeView "glass.ply"}
		}
		{bone revolute "light_rot"
			{speed 0.0100}
			{Position -0.1434	0.1231	294.1679}
			{bone revolute "FX_light"
				{limits -40.0000 40.0000}
				{speed 0.0100}
				{Matrix34
					-0.0000	0.9659	-0.2588
					0.0000	0.2588	0.9659
					1.0000	0.0000	-0.0000
					0.0000	10.1747	0.0000
				}
			}
			{bone revolute "FX_spot"
				{limits -40.0000 40.0000}
				{speed 0.0100}
				{Matrix34
					-0.0000	1.0000	0.0000
					0.0000	-0.0000	1.0000
					1.0000	0.0000	-0.0000
					0.0000	10.1074	0.0000
				}
			}
		}
		{bone "window3"
			{Matrix34
				1.0000	0.0000	0.0000
				0.0000	-0.0000	-1.0000
				0.0000	1.0000	-0.0000
				-0.2526	31.4423	183.2579
			}
			{VolumeView "window3.ply"}
			{bone "FX_glass3"
				{Matrix34
					0.0000	0.0000	1.0000
					1.0000	0.0000	0.0000
					0.0000	-1.0000	0.0000
					-0.3620	0.5759	1.1365
				}
			}
		}
		{bone "window5"
			{Matrix34
				1.0000	0.0000	0.0000
				0.0000	0.0000	-1.0000
				0.0000	1.0000	0.0000
				-0.9574	36.6738	102.2752
			}
			{VolumeView "window5.ply"}
			{bone "FX_glass5"
				{Matrix34
					0.0000	0.0000	1.0000
					1.0000	0.0000	0.0000
					0.0000	-1.0000	0.0000
					0.3427	0.2984	0.5662
				}
			}
		}
		{bone "window2"
			{Matrix34
				1.0000	0.0000	-0.0000
				-0.0000	0.0000	-1.0000
				0.0000	-1.0000	-0.0000
				-0.2526	-31.2545	183.2579
			}
			{VolumeView "window2.ply"}
			{bone "FX_glass2"
				{Matrix34
					0.0000	-0.0000	1.0000
					-1.0000	0.0000	0.0000
					-0.0000	-1.0000	0.0000
					-0.3620	0.5759	1.3241
				}
			}
		}
		{bone "window4"
			{Matrix34
				1.0000	0.0000	0.0000
				-0.0000	0.0000	-1.0000
				0.0000	-1.0000	-0.0000
				-0.9574	-36.6320	102.2752
			}
			{VolumeView "window4.ply"}
			{bone "FX_glass4"
				{Matrix34
					0.0000	-0.0000	1.0000
					-1.0000	0.0000	0.0000
					-0.0000	-1.0000	0.0000
					0.3427	0.2984	0.4478
				}
			}
		}
		{bone "FX_light_high2"
			{Matrix34
				0.0000	-0.9397	-0.3420
				-1.0000	-0.0000	-0.0000
				-0.0000	-0.3420	0.9397
				-0.6147	-32.5786	183.3018
			}
			{bone "win_light2"
				{Matrix34
					0.9962	-0.0000	0.0872
					0.0872	-0.0000	-0.9962
					0.0000	1.0000	-0.0000
					0.0619	-0.3620	-0.0241
				}
				{VolumeView "win_light2.ply"}
			}
		}
		{bone "FX_light_high3"
			{Matrix34
				-0.0000	0.9659	-0.2588
				-1.0000	-0.0000	0.0000
				-0.0000	0.2588	0.9659
				-0.6147	32.7430	183.3018
			}
			{bone "win_light3"
				{Matrix34
					1.0000	0.0000	0.0000
					-0.0000	-0.0000	-1.0000
					-0.0000	1.0000	-0.0000
					-0.0134	-0.3620	-0.0489
				}
				{VolumeView "win_light3.ply"}
			}
		}
		{bone "FX_light_high5"
			{Matrix34
				-0.0000	0.9659	-0.2588
				-1.0000	-0.0000	0.0000
				-0.0000	0.2588	0.9659
				-0.6147	37.2351	102.2672
			}
			{bone "win_light5"
				{Matrix34
					1.0000	0.0000	0.0000
					-0.0000	-0.0000	-1.0000
					-0.0000	1.0000	-0.0000
					1.4057	0.3427	-1.9518
				}
				{VolumeView "win_light5.ply"}
			}
		}
		{bone "FX_light_high4"
			{Matrix34
				0.0000	-0.9397	-0.3420
				-1.0000	-0.0000	-0.0000
				-0.0000	-0.3420	0.9397
				-0.6147	-37.1483	101.9270
			}
			{bone "win_light4"
				{Matrix34
					0.9962	-0.0000	0.0872
					0.0872	-0.0000	-0.9962
					0.0000	1.0000	-0.0000
					1.5097	0.3427	-1.4819
				}
				{VolumeView "win_light4.ply"}
			}
		}
	}
}
{Volume "window4"
	{Cylinder 4.94625 1.49511}
	{Bone "window4"}
		{Matrix34
			1.0000	-0.0000	0.0000
			-0.0000	-1.0000	0.0000
			-0.0000	0.0000	1.0000
			0.0388	0.1864	0.4948
		}
}
{Volume "window2"
	{Box 10.0447 2.99395 27.6109}
	{Bone "window2"}
		{Matrix34
			1.0000	-0.0000	0.0000
			0.0000	0.0000	-1.0000
			-0.0000	-1.0000	-0.0000
			-0.3890	0.4110	2.5619
		}
}
{Volume "window5"
	{Cylinder 4.94625 1.49511}
	{Bone "window5"}
		{Matrix34
			1.0000	-0.0000	-0.0000
			-0.0000	-1.0000	-0.0000
			0.0000	0.0000	-1.0000
			0.0388	0.1864	0.5612
		}
}
{Volume "window3"
	{Box 10.0447 2.99395 27.6109}
	{Bone "window3"}
		{Matrix34
			1.0000	0.0000	0.0000
			0.0000	-0.0000	1.0000
			0.0000	-1.0000	-0.0000
			-0.3890	0.4110	2.4251
		}
}
{Volume "body1"
	{Cylinder 34.0742 195.736}
	{Bone "lighthouse"}
		{Position -0.0000	0.0000	164.9539}
}
{Volume "body"
	{Cylinder 54.9584 72.2273}
	{Bone "lighthouse"}
		{Position -0.0000	0.0000	32.2212}
}
