{mission
	{Camera
		{Position 6877.24 -3659.46}
		{Distance 901.722}
		{ViewAngle 0.681699}
		{YawAngle -4.23064}
	}
	{Environment "day1"}
	{User 1}
	{GameProgress 0 0}
	{Entity "bmw-r12" 0x803e
		{Position 1654.81 -543.084 0}
		{Turn -47.2753}
		{Player 2}
		{MID 57}
	}
	{Entity "bmw-r12" 0x803f
		{Position 1411.8 -356.451 0}
		{Turn -41.7193}
		{Player 2}
		{MID 58}
	}
	{Entity "_infantry2_rus" 0x8040
		{Position 1410.87 -344.679 0.3124}
		{Turn -41.7193}
		{Extender "inventory"
			{box
				{clear}
				{item "mp40" {cell 0 0}}
				{item "ammo pistol" 40 {cell 4 0}}
				{item "grenade m39" {cell 6 0}}
			}
		}
		{DisableObstacles}
		{Player 2}
		{MID 59}
		{Breed "ger.infantry_smg"}
		{FsmState "board"}
	}
	{Entity "_infantry2_rus" 0x8041
		{Position 1403.53 -357.732 -0.8506}
		{Orientation
			  0.742383  -0.661888  -0.103900
			  0.665482   0.746414   0.000000
			  0.077552  -0.069144   0.994600
		}
		{Extender "inventory"
			{box
				{clear}
				{item "mp40" {cell 0 0}}
				{item "ammo pistol" 40 {cell 4 0}}
				{item "grenade m24" {cell 6 0}}
			}
		}
		{DisableObstacles}
		{Player 2}
		{MID 60}
		{Breed "ger.infantry_smg"}
		{FsmState "board"}
	}
	{Entity "_infantry2_rus" 0x8042
		{Position 1655.03 -531.277 0.3124}
		{Turn -47.2753}
		{Extender "inventory"
			{box
				{clear}
				{item "mp40" {cell 0 0}}
				{item "ammo pistol" 40 {cell 4 0}}
				{item "grenade m24" {cell 6 0}}
			}
		}
		{DisableObstacles}
		{Player 2}
		{MID 61}
		{Breed "ger.infantry_smg"}
		{FsmState "board"}
	}
	{Entity "_infantry2_rus" 0x8043
		{Position 1646.46 -543.559 -0.8506}
		{Orientation
			  0.674813  -0.730655  -0.103900
			  0.734622   0.678476   0.000000
			  0.070494  -0.076327   0.994600
		}
		{Extender "inventory"
			{box
				{clear}
				{item "mp40" {cell 0 0}}
				{item "ammo pistol" 40 {cell 4 0}}
				{item "grenade m24" {cell 6 0}}
			}
		}
		{DisableObstacles}
		{Player 2}
		{MID 62}
		{Breed "ger.infantry_smg"}
		{FsmState "board"}
	}
	{Entity "_infantry2_rus" 0x8016
		{Position 4934.21 -2847.38 0}
		{Turn -18.7351}
		{Extender "inventory"
			{box
				{clear}
				{item "grenade m24" {cell 1 1}}
				{item "ammo mgun" 100 {cell 0 0}}
			}
		}
		{Player 2}
		{MID 14}
		{Weaponry
			{State
				{Mounted "mg34"}
				{Weapon
					{Ammo "ammo mgun" 50}
				}
			}
		}
		{Breed "ger.infantry_smg"}
		{Cover
			{sector 4934.21 -2847.38 {type "snipe_cover"}
				{wall 0 0 4952.91 -2814.04 4927.69 -2888.4}
			}
		}
		{FsmState "snipe"}
	}
	{Entity "_infantry2_rus" 0x8017
		{Position 4837.45 -2874.83 0}
		{Extender "inventory"
			{box
				{clear}
				{item "ammo pistol" 40 {cell 0 1}}
				{item "grenade m24" {cell 2 0}}
			}
		}
		{Player 2}
		{MID 15}
		{Weaponry
			{State
				{Mounted "mp40"}
				{Weapon
					{Ammo "ammo pistol" 32}
				}
			}
		}
		{Breed "ger.infantry_smg"}
		{FsmState "stand"}
	}
	{Entity "_infantry2_rus" 0x8018
		{Position 5177.4 -2524.68 2.06396}
		{Turn -34.5221}
		{Extender "inventory"
			{box
				{clear}
				{item "ammo mgun" 100 {cell 0 0}}
				{item "grenade m39" {cell 2 0}}
			}
		}
		{Player 2}
		{MID 16}
		{Weaponry
			{State
				{Mounted "mg34"}
				{Weapon
					{Ammo "ammo mgun" 50}
				}
			}
		}
		{Breed "ger.infantry_smg"}
		{FsmState "stand"}
	}
	{Entity "_infantry2_rus" 0x8019
		{Position 4824.14 -2879.37 0}
		{Extender "inventory"
			{box
				{clear}
				{item "ammo pistol" 72 {cell 0 1}}
				{item "mp40" {cell 4 0}}
				{item "grenade m24x5" {cell 0 0}}
			}
			{hand_right
				{Item 0x9002 "grenade m24x5"}
			}
		}
		{Player 2}
		{MID 17}
		{Breed "ger.infantry_smg"}
		{LastThrowItem "grenade m24x5"}
		{FsmState "stand"}
	}
	{Entity "_infantry2_rus" 0x8013
		{Position 4970.36 -2649.61 0}
		{Turn -14.509}
		{Extender "inventory"
			{box
				{clear}
				{item "mp40" {cell 0 0}}
				{item "ammo pistol" 40 {cell 4 0}}
				{item "grenade m24x5" {cell 6 0}}
			}
			{hand_right
				{Item 0x9001 "grenade m24x5"}
			}
		}
		{Player 2}
		{MID 18}
		{Breed "ger.infantry_smg"}
		{LastThrowItem "grenade m24x5"}
		{FsmState "stand"}
	}
	{Entity "_infantry2_rus" 0x801a
		{Position 1640.87 -537.513 6.953}
		{Orientation
			  0.668164  -0.723456   0.173600
			  0.734622   0.678476   0.000000
			 -0.117784   0.127530   0.984800
		}
		{Extender "inventory"
			{box
				{clear}
				{item "mp40" {cell 0 0}}
				{item "ammo pistol" 40 {cell 4 0}}
				{item "grenade m39" {cell 6 0}}
			}
		}
		{DisableObstacles}
		{Player 2}
		{MID 19}
		{Breed "ger.infantry_smg"}
		{FsmState "board"}
	}
	{Entity "_infantry2_rus" 0x800e
		{Position 5497.57 -2385.25 -19.4096}
		{Turn -23.9106}
		{Extender "inventory"
			{box
				{clear}
				{item "ammo pistol" 40 {cell 0 1}}
				{item "grenade m39" {cell 0 0}}
			}
		}
		{Player 2}
		{MID 12}
		{Weaponry
			{State
				{Mounted "mp40"}
				{Weapon
					{Ammo "ammo pistol" 32}
				}
			}
		}
		{Breed "ger.infantry_smg"}
		{Cover
			{sector 5497.57 -2385.25 {type "snipe_cover"}
				{wall 0 0 5541.47 -2303.5 5481.63 -2438.47}
			}
		}
		{FsmState "snipe"}
	}
	{Entity "_infantry2_rus" 0x8011
		{Position 5375.62 -2552.71 -19.0903}
		{Turn -29.9721}
		{Extender "inventory"
			{box
				{clear}
				{item "ammo pistol" 40 {cell 0 1}}
				{item "grenade m24" {cell 2 0}}
				{item "mp40" filling "ammo pistol" 27 {cell 4 0}}
			}
			{hand_right
				{Item 0x9000 "grenade m24x5"}
			}
		}
		{Player 2}
		{MID 13}
		{Breed "ger.infantry_smg"}
		{LastThrowItem "grenade m24x5"}
		{Cover
			{sector 5375.62 -2552.71 {type "snipe_cover"}
				{wall 0 0 5402.41 -2520.26 5335.98 -2635.45}
			}
		}
		{FsmState "snipe"}
	}
	{Entity "sdkfz-223" 0x801c
		{Position 4062.72 -2338.77 0}
		{Player 2}
		{MID 20}
		{Weaponry
			{State
				{Weapon
					{Ammo "ammo mgun" 50}
				}
			}
		}
	}
	{Entity "_infantry2_rus" 0x801d
		{Position 4079.95 -2344.81 9.2704}
		{Orientation
			  0.920900   0.000000   0.389700
			  0.000000   1.000000   0.000000
			 -0.389700   0.000000   0.920900
		}
		{Extender "inventory"
			{box
				{clear}
				{item "mp41" {cell 0 0}}
				{item "ammo pistol" 60 {cell 4 0}}
			}
		}
		{DisableObstacles}
		{Player 2}
		{MID 21}
		{Breed "ger.tankman"}
		{FsmState "board"}
	}
	{Entity "_infantry2_rus" 0x801e
		{Position 4052.99 -2338.77 19.0236}
		{Extender "inventory"
			{box
				{clear}
				{item "mp41" {cell 0 0}}
				{item "ammo pistol" 60 {cell 4 0}}
			}
		}
		{DisableObstacles}
		{Player 2}
		{MID 22}
		{Breed "ger.tankman"}
		{FsmState "board"}
	}
	{Entity "_infantry2_rus" 0x801f
		{Position 4593.98 -2077.28 60.5439}
		{Turn 70.1861}
		{Extender "inventory"
			{box
				{clear}
				{item "mp40" {cell 0 0}}
				{item "ammo pistol" 40 {cell 4 0}}
			}
			{hand_right
				{Item 0x9003 "grenade m24x5"}
			}
		}
		{Player 2}
		{MID 23}
		{Breed "ger.infantry_smg"}
		{LastThrowItem "grenade m24x5"}
		{FsmState "stand"}
	}
	{Entity "_infantry2_rus" 0x8020
		{Position 4606.9 -2073.01 61.3979}
		{Turn 59.9999}
		{Extender "inventory"
			{box
				{clear}
				{item "mp40" {cell 0 0}}
				{item "ammo pistol" 40 {cell 4 0}}
			}
			{hand_right
				{Item 0x8021 "grenade m24"}
			}
		}
		{Player 2}
		{MID 24}
		{Breed "ger.infantry_smg"}
		{LastThrowItem "grenade m24"}
		{FsmState "stand"}
	}
	{Entity "grenade_m24" 0x8021
		{Position 4602.68 -2067.66 74.995}
		{Orientation
			  0.059243   0.233561  -0.970536
			  0.361638   0.901178   0.238945
			  0.930435  -0.365139  -0.031076
		}
		{DisableObstacles}
	}
	{Entity "_infantry2_rus" 0x8023
		{Position 5059.29 -3170.03 0}
		{Extender "inventory"
			{box
				{clear}
				{item "mp40" {cell 0 0}}
				{item "ammo pistol" 40 {cell 4 0}}
				{item "grenade m39" {cell 6 0}}
			}
		}
		{Player 2}
		{MID 25}
		{Breed "ger.infantry_smg"}
		{FsmState "stand"}
	}
	{Entity "_infantry2_rus" 0x8024
		{Position 4873.12 -2768.59 0}
		{Turn -4.43915}
		{Extender "inventory"
			{box
				{clear}
				{item "mauzer" {cell 0 0}}
				{item "ammo rifle" 6 {cell 4 0}}
			}
		}
		{Player 2}
		{MID 26}
		{Breed "ger.infantry_rifle"}
		{Cover
			{sector 4873.12 -2768.59 {type "squat_lie"}
				{wall 0 0 4880.91 -2758.59 4879.14 -2781.39}
			}
		}
		{FsmState "squat"}
	}
	{Entity "_infantry2_rus" 0x8025
		{Position 5046.84 -2299.49 46}
		{Turn -108.233}
		{Extender "inventory"
			{box
				{clear}
				{item "ammo pistol" 40 {cell 0 1}}
				{item "grenade m39" {cell 0 0}}
			}
		}
		{Player 2}
		{MID 27}
		{Weaponry
			{State
				{Mounted "mp40"}
				{Weapon
					{Ammo "ammo pistol" 32}
				}
			}
		}
		{Breed "ger.infantry_smg"}
		{Cover
			{sector 5046.84 -2299.49 {type "squat_lie"}
				{wall 0 0 5085.44 -2319.58 4980.68 -2285.07}
			}
		}
		{FsmState "squat"}
	}
	{Entity "_infantry2_rus" 0x8026
		{Position 5098.76 -2238.1 46}
		{Turn -18.2305}
		{Extender "inventory"
			{box
				{clear}
				{item "ammo pistol" 40 {cell 0 1}}
				{item "grenade m24" {cell 2 0}}
			}
		}
		{Player 2}
		{MID 28}
		{Weaponry
			{State
				{Mounted "mp40"}
				{Weapon
					{Ammo "ammo pistol" 32}
				}
			}
		}
		{Breed "ger.infantry_smg"}
		{Cover
			{sector 5098.76 -2238.1 {type "squat_lie"}
				{wall 0 0 5114.18 -2213.66 5078.98 -2320.53}
			}
		}
		{FsmState "squat"}
	}
	{Entity "_infantry2_rus" 0x802b
		{Position 5749.5 -349.766 -6.04888}
		{Extender "inventory"
			{box
				{clear}
				{item "mp40" {cell 0 0}}
				{item "ammo pistol" 40 {cell 4 0}}
				{item "grenade m24" {cell 6 0}}
			}
		}
		{Player 2}
		{MID 33}
		{Breed "ger.infantry_smg"}
		{FsmState "stand"}
	}
	{Entity "_infantry2_rus" 0x802c
		{Position 5776.44 -348.761 -4}
		{Turn 171.407}
		{Extender "inventory"
			{box
				{clear}
				{item "mp40" {cell 0 0}}
				{item "ammo pistol" 40 {cell 4 0}}
				{item "grenade m39" {cell 6 0}}
			}
		}
		{Player 2}
		{MID 34}
		{Breed "ger.infantry_smg"}
		{FsmState "stand"}
	}
	{Entity "pz-2f" 0x802d
		{Position 4907.72 312.82 74.8852}
		{Turn -104.606}
		{Placer
			{State "seat4" {Broken}}
		}
		{Player 2}
		{MID 35}
	}
	{Entity "_infantry2_rus" 0x802e
		{Position 4907.72 312.82 74.8852}
		{Orientation
			 -0.252158  -0.967664  -0.006496
			 -0.966417   0.252165  -0.049507
			 -0.049544   0.006206   0.998753
		}
		{Extender "inventory"
			{box
				{clear}
				{item "mp41" {cell 0 0}}
				{item "ammo pistol" 60 {cell 4 0}}
			}
		}
		{Player 2}
		{MID 36}
		{Breed "ger.tankman"}
		{FsmState "board"}
	}
	{Entity "_infantry2_rus" 0x802f
		{Position 4907.72 312.82 74.8852}
		{Orientation
			 -0.252158  -0.967664  -0.006496
			 -0.966417   0.252165  -0.049507
			 -0.049544   0.006206   0.998753
		}
		{Extender "inventory"
			{box
				{clear}
				{item "mp41" {cell 0 0}}
				{item "ammo pistol" 60 {cell 4 0}}
			}
		}
		{Player 2}
		{MID 37}
		{Breed "ger.tankman"}
		{FsmState "board"}
	}
	{Entity "_infantry2_rus" 0x8030
		{Position 4907.72 312.82 74.8852}
		{Orientation
			 -0.252158  -0.967664  -0.006496
			 -0.966417   0.252165  -0.049507
			 -0.049544   0.006206   0.998753
		}
		{Extender "inventory"
			{box
				{clear}
				{item "mp41" {cell 0 0}}
				{item "ammo pistol" 60 {cell 4 0}}
			}
		}
		{Player 2}
		{MID 38}
		{Breed "ger.tankman"}
		{FsmState "board"}
	}
	{Entity "_infantry2_rus" 0x8031
		{Position 4907.72 312.82 74.8852}
		{Orientation
			 -0.252158  -0.967664  -0.006496
			 -0.966417   0.252165  -0.049507
			 -0.049544   0.006206   0.998753
		}
		{Extender "inventory"
			{box
				{clear}
				{item "mp41" {cell 0 0}}
				{item "ammo pistol" 60 {cell 4 0}}
			}
		}
		{Player 2}
		{MID 39}
		{Breed "ger.tankman"}
		{FsmState "board"}
	}
	{Entity "_infantry2_rus" 0x8032
		{Position 4892.88 337.182 96.365}
		{Orientation
			 -0.968001   0.016702   0.250550
			 -0.022569  -0.999494  -0.020741
			  0.250082  -0.025781   0.967858
		}
		{Extender "inventory"
			{box
				{clear}
				{item "mp40" {cell 0 0}}
				{item "ammo pistol" 40 {cell 4 0}}
				{item "grenade m39" {cell 6 0}}
			}
		}
		{DisableObstacles}
		{Player 2}
		{MID 40}
		{Breed "ger.infantry_smg"}
		{FsmState "board"}
	}
	{Entity "_infantry2_rus" 0x8033
		{Position 4896.88 352.511 96.4679}
		{Orientation
			 -0.968001   0.016702   0.250550
			 -0.022569  -0.999494  -0.020741
			  0.250082  -0.025781   0.967858
		}
		{Extender "inventory"
			{box
				{clear}
				{item "mp40" {cell 0 0}}
				{item "ammo pistol" 40 {cell 4 0}}
				{item "grenade m24" {cell 6 0}}
			}
		}
		{DisableObstacles}
		{Player 2}
		{MID 48}
		{Breed "ger.infantry_smg"}
		{FsmState "board"}
	}
	{Entity "_infantry2_rus" 0x8034
		{Position 5893.05 -721.445 -21.4054}
		{Turn 151.857}
		{Extender "inventory"
			{box
				{clear}
				{item "mp40" {cell 0 0}}
				{item "ammo pistol" 40 {cell 4 0}}
				{item "grenade m39" {cell 6 0}}
			}
		}
		{Player 2}
		{MID 49}
		{Breed "ger.infantry_smg"}
		{FsmState "stand"}
	}
	{Entity "_infantry2_rus" 0x8035
		{Position 5868.94 -712.295 -19.9183}
		{Turn 0.242661}
		{Extender "inventory"
			{box
				{clear}
				{item "mp40" {cell 0 0}}
				{item "ammo pistol" 40 {cell 4 0}}
				{item "grenade m39" {cell 6 0}}
			}
		}
		{Player 2}
		{MID 50}
		{Breed "ger.infantry_smg"}
		{FsmState "stand"}
	}
	{Entity "sdkfz251_1" 0x8036
		{Position 3416.05 1162.92 0}
		{Turn -98.6851}
		{Player 2}
		{MID 51}
	}
	{Entity "_infantry2_rus" 0x8037
		{Position 3409.81 1151.72 10.5485}
		{Orientation
			 -0.141370  -0.925465   0.351600
			  0.988533  -0.151004   0.000000
			  0.053093   0.347568   0.936200
		}
		{Extender "inventory"
			{box
				{clear}
				{item "mp41" {cell 0 0}}
				{item "ammo pistol" 60 {cell 4 0}}
			}
		}
		{DisableObstacles}
		{Player 2}
		{MID 52}
		{Breed "ger.tankman"}
		{FsmState "board"}
	}
	{Entity "_infantry2_rus" 0x8038
		{Position 3417.38 1166.53 16.6882}
		{Turn -97.7798}
		{Extender "inventory"
			{box
				{clear}
				{item "mp41" {cell 0 0}}
				{item "ammo pistol" 60 {cell 4 0}}
			}
		}
		{DisableObstacles}
		{Player 2}
		{MID 53}
		{Breed "ger.tankman"}
		{FsmState "board"}
	}
	{Entity "_infantry2_rus" 0x8039
		{Position 3428.32 1205.7 16.7896}
		{Orientation
			 -0.973507   0.148709   0.173600
			 -0.151004  -0.988533   0.000000
			  0.171609  -0.026214   0.984800
		}
		{Extender "inventory"
			{box
				{clear}
				{item "mp40" {cell 0 0}}
				{item "ammo pistol" 40 {cell 4 0}}
				{item "grenade m39" {cell 6 0}}
			}
		}
		{DisableObstacles}
		{Player 2}
		{MID 54}
		{Breed "ger.infantry_smg"}
		{FsmState "board"}
	}
	{Entity "_infantry2_rus" 0x803a
		{Position 3426.65 1194.75 16.7896}
		{Orientation
			 -0.973507   0.148709   0.173600
			 -0.151004  -0.988533   0.000000
			  0.171609  -0.026214   0.984800
		}
		{Extender "inventory"
			{box
				{clear}
				{item "mp40" {cell 0 0}}
				{item "ammo pistol" 40 {cell 4 0}}
				{item "grenade m24" {cell 6 0}}
			}
		}
		{DisableObstacles}
		{Player 2}
		{MID 55}
		{Breed "ger.infantry_smg"}
		{FsmState "board"}
	}
	{Entity "_infantry2_rus" 0x803b
		{Position 3416.19 1195.17 14.957}
		{Orientation
			  0.973689  -0.147522   0.173600
			  0.149818   0.988714   0.000000
			 -0.171640   0.026017   0.984800
		}
		{Extender "inventory"
			{box
				{clear}
				{item "mp40" {cell 0 0}}
				{item "ammo pistol" 40 {cell 4 0}}
				{item "grenade m39" {cell 6 0}}
			}
		}
		{DisableObstacles}
		{Player 2}
		{MID 56}
		{Breed "ger.infantry_smg"}
		{FsmState "board"}
	}
	{Entity "_infantry2_rus" 0x803c
		{Position 3424.99 1183.89 16.7896}
		{Orientation
			 -0.973507   0.148709   0.173600
			 -0.151004  -0.988533   0.000000
			  0.171609  -0.026214   0.984800
		}
		{Extender "inventory"
			{box
				{clear}
				{item "mp40" {cell 0 0}}
				{item "ammo pistol" 40 {cell 4 0}}
				{item "grenade m24" {cell 6 0}}
			}
		}
		{DisableObstacles}
		{Player 2}
		{MID 63}
		{Breed "ger.infantry_smg"}
		{FsmState "board"}
	}
	{Entity "_infantry2_rus" 0x803d
		{Position 3412.77 1172.57 14.957}
		{Orientation
			  0.973689  -0.147522   0.173600
			  0.149818   0.988714   0.000000
			 -0.171640   0.026017   0.984800
		}
		{Extender "inventory"
			{box
				{clear}
				{item "mg34" {cell 0 0}}
				{item "ammo mgun" 100 {cell 6 0}}
				{item "ammo mgun" 100 {cell 6 1}}
				{item "grenade m24" {cell 0 2}}
			}
		}
		{DisableObstacles}
		{Player 2}
		{MID 64}
		{Breed "ger.infantry_mgun"}
		{FsmState "board"}
	}
	{Entity "_infantry2_rus" 0x8044
		{Position 3414.46 1183.71 14.957}
		{Orientation
			  0.973689  -0.147522   0.173600
			  0.149818   0.988714   0.000000
			 -0.171640   0.026017   0.984800
		}
		{Extender "inventory"
			{box
				{clear}
				{item "mg34" {cell 0 0}}
				{item "ammo mgun" 100 {cell 6 0}}
				{item "ammo mgun" 100 {cell 6 1}}
				{item "grenade m39" {cell 5 0}}
			}
		}
		{DisableObstacles}
		{Player 2}
		{MID 65}
		{Breed "ger.infantry_mgun"}
		{FsmState "board"}
	}
	{Entity "_infantry2_rus" 0x8045
		{Position 3417.72 1205.24 14.957}
		{Orientation
			  0.973689  -0.147522   0.173600
			  0.149818   0.988714   0.000000
			 -0.171640   0.026017   0.984800
		}
		{Extender "inventory"
			{box
				{clear}
				{item "mp40" {cell 0 0}}
				{item "ammo pistol" 40 {cell 4 0}}
				{item "grenade m24" {cell 6 0}}
			}
		}
		{DisableObstacles}
		{Player 2}
		{MID 66}
		{Breed "ger.infantry_smg"}
		{FsmState "board"}
	}
	{Entity "pz-1b" 0x8046
		{Position 3391.79 -481.964 0}
		{Player 2}
		{MID 67}
	}
	{Entity "sdkfz232" 0x800d
		{Position 5620.96 -2555.5 0}
		{Turn -70.4359}
		{Player 2}
		{MID 3}
	}
	{Entity "_infantry2_rus" 0x800f
		{Position 5620.96 -2555.5 0}
		{Orientation
			  0.334861  -0.942267   0.000000
			 -0.942267  -0.334861   0.000000
			  0.000000   0.000000   1.000000
		}
		{Extender "inventory"
			{box
				{clear}
				{item "mp41" {cell 0 0}}
				{item "ammo pistol" 60 {cell 4 0}}
			}
		}
		{Player 2}
		{MID 68}
		{Breed "ger.tankman"}
		{FsmState "board"}
	}
	{Entity "_infantry2_rus" 0x8010
		{Position 5620.96 -2555.5 0}
		{Orientation
			  0.334861  -0.942267   0.000000
			 -0.942267  -0.334861   0.000000
			  0.000000   0.000000   1.000000
		}
		{Extender "inventory"
			{box
				{clear}
				{item "mp41" {cell 0 0}}
				{item "ammo pistol" 60 {cell 4 0}}
			}
		}
		{Player 2}
		{MID 69}
		{Breed "ger.tankman"}
		{FsmState "board"}
	}
	{Entity "_infantry2_rus" 0x8014
		{Position 5620.96 -2555.5 0}
		{Orientation
			  0.334861  -0.942267   0.000000
			 -0.942267  -0.334861   0.000000
			  0.000000   0.000000   1.000000
		}
		{Extender "inventory"
			{box
				{clear}
				{item "mp41" {cell 0 0}}
				{item "ammo pistol" 60 {cell 4 0}}
			}
		}
		{Player 2}
		{MID 70}
		{Breed "ger.tankman"}
		{FsmState "board"}
	}
	{Entity "_infantry2_rus" 0x8015
		{Position 5620.96 -2555.5 0}
		{Orientation
			  0.334861  -0.942267   0.000000
			 -0.942267  -0.334861   0.000000
			  0.000000   0.000000   1.000000
		}
		{Extender "inventory"
			{box
				{clear}
				{item "mp41" {cell 0 0}}
				{item "ammo pistol" 60 {cell 4 0}}
			}
		}
		{Player 2}
		{MID 71}
		{Breed "ger.tankman"}
		{FsmState "board"}
	}
	{Entity "_infantry2_rus" 0x8047
		{Position 4406.22 -1690.78 94}
		{Turn -17.2781}
		{Extender "inventory"
			{box
				{clear}
				{item "ammo pistol" 40 {cell 0 1}}
				{item "grenade m24" {cell 2 0}}
			}
		}
		{Player 2}
		{MID 4}
		{Weaponry
			{State
				{Mounted "mp40"}
				{Weapon
					{Ammo "ammo pistol" 32}
				}
			}
		}
		{Breed "ger.infantry_smg"}
		{Cover
			{sector 4406.22 -1690.78 {type "snipe_cover"}
				{wall 0 0 4423.27 -1659.55 4379.96 -1798.79}
			}
		}
		{FsmState "snipe"}
	}
	{Entity "_infantry2_rus" 0x8048
		{Position 4389.47 -1744.64 92.947}
		{Turn -17.2781}
		{Extender "inventory"
			{box
				{clear}
				{item "mp40" {cell 0 0}}
				{item "ammo pistol" 40 {cell 4 0}}
				{item "grenade m24" {cell 6 0}}
			}
		}
		{Player 2}
		{MID 5}
		{Breed "ger.infantry_smg"}
		{Cover
			{sector 4389.47 -1744.64 {type "snipe_cover"}
				{wall 0 0 4423.27 -1659.55 4379.96 -1798.79}
			}
		}
		{FsmState "snipe"}
	}
	{Entity "panzerflak" 0x8027
		{Position 5791.32 -266.346 -1.72802}
		{Turn -5.55811}
		{Player 2}
		{MID 9}
		{Weaponry
			{State
				{Weapon
					{Ammo "bullet20 zenite" 48}
				}
			}
		}
	}
	{Entity "_infantry2_rus" 0x8028
		{Position 5791.32 -266.346 -1.72802}
		{Orientation
			  0.994184  -0.096747   0.047306
			 -0.095735  -0.995136  -0.023210
			 -0.049322  -0.018547   0.998611
		}
		{Extender "inventory"
			{box
				{clear}
				{item "mp41" {cell 0 0}}
				{item "ammo pistol" 60 {cell 4 0}}
			}
		}
		{Player 2}
		{MID 10}
		{Breed "ger.tankman"}
		{FsmState "board"}
	}
	{Entity "_infantry2_rus" 0x8029
		{Position 5790.14 -277.165 20.0212}
		{Orientation
			  0.574895   0.542074   0.612860
			 -0.674722   0.737738  -0.019623
			 -0.462784  -0.402289   0.790011
		}
		{Extender "inventory"
			{box
				{clear}
				{item "mp41" {cell 0 0}}
				{item "ammo pistol" 60 {cell 4 0}}
			}
		}
		{DisableObstacles}
		{Player 2}
		{MID 29}
		{Breed "ger.tankman"}
		{FsmState "board"}
	}
	{Entity "_infantry2_rus" 0x802a
		{Position 3391.79 -481.964 0}
		{Orientation
			  1.000000   0.000000   0.000000
			  0.000000  -1.000000   0.000000
			  0.000000   0.000000   1.000000
		}
		{Extender "inventory"
			{box
				{clear}
				{item "mp41" {cell 0 0}}
				{item "ammo pistol" 60 {cell 4 0}}
			}
		}
		{Player 2}
		{MID 72}
		{Breed "ger.tankman"}
		{FsmState "board"}
	}
	{Entity "_infantry2_rus" 0x8049
		{Position 3391.79 -481.964 0}
		{Orientation
			  1.000000   0.000000   0.000000
			  0.000000  -1.000000   0.000000
			  0.000000   0.000000   1.000000
		}
		{Extender "inventory"
			{box
				{clear}
				{item "mp41" {cell 0 0}}
				{item "ammo pistol" 60 {cell 4 0}}
			}
		}
		{Player 2}
		{MID 73}
		{Breed "ger.tankman"}
		{FsmState "board"}
	}
	{Entity "_infantry2_rus" 0x804a
		{Position 3254.69 -179.344 0}
		{Extender "inventory"
			{box
				{clear}
				{item "mp40" {cell 0 0}}
				{item "ammo pistol" 40 {cell 4 0}}
				{item "grenade m24" {cell 6 0}}
			}
		}
		{Player 2}
		{MID 74}
		{Breed "ger.infantry_smg"}
		{FsmState "stand"}
	}
	{Entity "_infantry2_rus" 0x804b
		{Position 3233.54 -217.074 0}
		{Extender "inventory"
			{box
				{clear}
				{item "mp40" {cell 0 0}}
				{item "ammo pistol" 40 {cell 4 0}}
				{item "grenade m24" {cell 6 0}}
			}
		}
		{Player 2}
		{MID 75}
		{Breed "ger.infantry_smg"}
		{FsmState "stand"}
	}
	{Entity "pz-2f" 0x804c
		{Position 1598.45 -1812.38 0}
		{Turn -21.4174}
		{Placer
			{State "seat4" {Broken}}
		}
		{Player 2}
		{MID 76}
	}
	{Entity "_infantry2_rus" 0x804d
		{Position 1598.45 -1812.38 0}
		{Orientation
			  0.930945  -0.365160   0.000000
			 -0.365160  -0.930945   0.000000
			  0.000000   0.000000   1.000000
		}
		{Extender "inventory"
			{box
				{clear}
				{item "mp41" {cell 0 0}}
				{item "ammo pistol" 59 {cell 4 0}}
			}
		}
		{Player 2}
		{MID 77}
		{Breed "ger.tankman"}
		{FsmState "board"}
	}
	{Entity "_infantry2_rus" 0x804e
		{Position 1598.45 -1812.38 0}
		{Orientation
			  0.930945  -0.365160   0.000000
			 -0.365160  -0.930945   0.000000
			  0.000000   0.000000   1.000000
		}
		{Extender "inventory"
			{box
				{clear}
				{item "mp41" {cell 0 0}}
				{item "ammo pistol" 60 {cell 4 0}}
			}
		}
		{Player 2}
		{MID 78}
		{Breed "ger.tankman"}
		{FsmState "board"}
	}
	{Entity "_infantry2_rus" 0x804f
		{Position 1598.45 -1812.38 0}
		{Orientation
			  0.930945  -0.365160   0.000000
			 -0.365160  -0.930945   0.000000
			  0.000000   0.000000   1.000000
		}
		{Extender "inventory"
			{box
				{clear}
				{item "mp41" {cell 0 0}}
				{item "ammo pistol" 60 {cell 4 0}}
			}
		}
		{Player 2}
		{MID 79}
		{Breed "ger.tankman"}
		{FsmState "board"}
	}
	{Entity "_infantry2_rus" 0x8050
		{Position 1598.45 -1812.38 0}
		{Orientation
			  0.930945  -0.365160   0.000000
			 -0.365160  -0.930945   0.000000
			  0.000000   0.000000   1.000000
		}
		{Extender "inventory"
			{box
				{clear}
				{item "mp41" {cell 0 0}}
				{item "ammo pistol" 60 {cell 4 0}}
			}
		}
		{Player 2}
		{MID 80}
		{Breed "ger.tankman"}
		{FsmState "board"}
	}
	{Entity "zis-5" 0x8012
		{Position 5290.41 -2427.9 4.07853}
		{SkeletonSrc "zis-5_xx"}
		{Turn 72.4317}
		{Volume "wheelright1"
			{Able {touch 0}}
		}
		{Volume "wheelleft1"
			{Able {touch 0}}
		}
		{Volume "wheelleft2"
			{Able {touch 0}}
		}
		{Volume "wheelright2"
			{Able {touch 0}}
		}
		{Volume "body"
			{Able {touch 0}}
		}
		{Volume "cabin"
			{Able {touch 0}}
		}
		{Volume "bodyback"
			{Able {touch 0}}
		}
		{Placer
			{State "driver" {Broken}}
			{State "commander" {Broken}}
			{State "seat1" {Broken}}
			{State "seat2" {Broken}}
			{State "seat3" {Broken}}
			{State "seat4" {Broken}}
			{State "seat5" {Broken}}
			{State "seat6" {Broken}}
			{State "seat7" {Broken}}
			{State "seat8" {Broken}}
			{State "seat9" {Broken}}
			{State "seat10" {Broken}}
		}
		{Slicer
			{"part1" 0xffff}
			{"part2" 0xffff}
			{"part3" 0xffff}
		}
		{AreaDisable "obstacle2"}
		{AreaDisable "obstacle1"}
		{Player 2}
		{MID 81}
		{Able {select 0}}
		{Chassis
			{Broken}
			{FuelBag
				{Remain 0}
			}
		}
		{Component "body"
			{Able {work 0}{repair 0}}
		}
		{Component "bodyback"
			{Able {work 0}{repair 0}}
		}
		{Component "cabin"
			{Able {work 0}}
		}
		{Component "engine"
			{Able {work 0}{repair 0}}
		}
		{Component "fuel"
			{Able {work 0}}
		}
		{Component "wheelleft1"
			{Able {work 0}{repair 0}}
		}
		{Component "wheelleft2"
			{Able {work 0}{repair 0}}
		}
		{Component "wheelright1"
			{Able {work 0}{repair 0}}
		}
		{Component "wheelright2"
			{Able {work 0}{repair 0}}
		}
	}
	{Entity "_infantry2_rus" 0x8000
		{Position 4312.9 -1675.6 97.2701}
		{Extender "inventory"
			{box
				{clear}
				{item "ammo pistol" 40 {cell 0 1}}
				{item "grenade m24" {cell 2 0}}
				{item "mp40" filling "ammo pistol" 32 {cell 4 0}}
				{item "grenade m24x5" {cell 0 0}}
			}
			{hand_right
				{Item 0x9007 "grenade m24x5"}
			}
		}
		{Player 2}
		{MID 1}
		{Breed "ger.infantry_smg"}
		{LastThrowItem "grenade m24x5"}
		{FsmState "stand"}
	}
	{Entity "_infantry2_rus" 0x8002
		{Position 4325.63 -1679.79 96.4161}
		{Turn -105.467}
		{Extender "inventory"
			{box
				{clear}
				{item "ammo pistol" 40 {cell 0 1}}
				{item "grenade molotov_coctail" {cell 0 0}}
				{item "grenade molotov_coctail" {cell 2 0}}
				{item "mp40" filling "ammo pistol" 32 {cell 4 0}}
			}
			{hand_right
				{Item 0x9006 "grenade m24x5"}
			}
		}
		{Player 2}
		{MID 30}
		{Breed "ger.infantry_smg"}
		{LastThrowItem "grenade m24x5"}
		{FsmState "stand"}
	}
	{Entity "_infantry2_rus" 0x8005
		{Position 5985.66 -357.87 0}
		{Extender "inventory"
			{box
				{clear}
				{item "ammo pistol" 40 {cell 4 0}}
				{item "grenade m24" {cell 6 0}}
				{item "mp41" {cell 0 0}}
			}
		}
		{Player 2}
		{MID 31}
		{Breed "ger.infantry_smg"}
		{FsmState "stand"}
	}
	{Entity "_infantry2_rus" 0x8051
		{Position 5962.53 -363.413 0}
		{Extender "inventory"
			{box
				{clear}
				{item "mp40" {cell 0 0}}
				{item "ammo pistol" 65 {cell 4 0}}
				{item "grenade m39" {cell 6 0}}
			}
		}
		{Player 2}
		{MID 32}
		{Breed "ger.infantry_smg"}
		{FsmState "stand"}
	}
	{Entity "_infantry2_rus" 0x8052
		{Position 1572.77 -1823.17 22.3394}
		{Orientation
			 -0.127940  -0.945901   0.298300
			  0.989504  -0.141928  -0.025800
			  0.066790   0.291866   0.954100
		}
		{Extender "inventory"
			{box
				{clear}
				{item "mp40" {cell 0 0}}
				{item "ammo pistol" 40 {cell 4 0}}
				{item "grenade m39" {cell 6 0}}
			}
		}
		{DisableObstacles}
		{Player 2}
		{MID 41}
		{Breed "ger.infantry_smg"}
		{FsmState "board"}
	}
	{Entity "_infantry2_rus" 0x8053
		{Position 1558.02 -1817.38 22.3394}
		{Orientation
			 -0.127940  -0.945901   0.298300
			  0.989504  -0.141928  -0.025800
			  0.066790   0.291866   0.954100
		}
		{Extender "inventory"
			{box
				{clear}
				{item "mp40" {cell 0 0}}
				{item "ammo pistol" 40 {cell 4 0}}
				{item "grenade m24x5" {cell 6 0}}
			}
		}
		{DisableObstacles}
		{Player 2}
		{MID 42}
		{Breed "ger.infantry_smg"}
		{LastItem "grenade m24x5"}
		{LastThrowItem "grenade m24x5"}
		{FsmState "board"}
	}
	{Entity "_infantry2_rus" 0x8054
		{Position 4375.56 -1683 92.8668}
		{Extender "inventory"
			{box
				{clear}
				{item "mp40" {cell 0 0}}
				{item "ammo pistol" 40 {cell 4 0}}
				{item "grenade m24x5" {cell 6 0}}
			}
			{hand_right
				{Item 0x9004 "grenade m24x5"}
			}
		}
		{Player 2}
		{MID 43}
		{Breed "ger.infantry_smg"}
		{LastThrowItem "grenade m24x5"}
		{FsmState "stand"}
	}
	{Entity "_infantry2_rus" 0x8055
		{Position 4369.73 -1712.34 92.027}
		{Extender "inventory"
			{box
				{clear}
				{item "mp40" {cell 0 0}}
				{item "ammo pistol" 40 {cell 4 0}}
				{item "grenade m24x5" {cell 6 0}}
			}
			{hand_right
				{Item 0x9005 "grenade m24x5"}
			}
		}
		{Player 2}
		{MID 44}
		{Breed "ger.infantry_smg"}
		{LastThrowItem "grenade m24x5"}
		{FsmState "stand"}
	}
	{Entity "bmw-r12" 0x8058
		{Position 4189.65 -1794.92 82.6975}
		{Turn -118.679}
		{Player 2}
		{MID 82}
	}
	{Entity "_infantry2_rus" 0x8059
		{Position 4276.97 -1639.76 96.7042}
		{Turn -115.122}
		{Extender "inventory"
			{box
				{clear}
				{item "mp40" {cell 0 0}}
				{item "ammo pistol" 40 {cell 4 0}}
				{item "grenade m39" {cell 6 0}}
			}
		}
		{Player 2}
		{MID 83}
		{Breed "ger.infantry_smg"}
		{FsmState "stand"}
	}
	{Entity "flag_ger" 0x805a
		{Position 4308.07 -1628.42 97}
	}
	{Entity "pz-4d" 0x805b
		{Position 1565.87 -303.011 0}
		{Turn -29.9739}
		{Player 2}
		{MID 84}
	}
	{Entity "_infantry2_rus" 0x805c
		{Position 1565.87 -303.011 0}
		{Orientation
			  0.866253  -0.499605   0.000000
			 -0.499605  -0.866253   0.000000
			  0.000000   0.000000   1.000000
		}
		{Extender "inventory"
			{box
				{clear}
				{item "mp41" {cell 0 0}}
				{item "ammo pistol" 60 {cell 4 0}}
			}
		}
		{Player 2}
		{MID 85}
		{Breed "ger.tankman"}
		{FsmState "board"}
	}
	{Entity "_infantry2_rus" 0x805d
		{Position 1565.87 -303.011 0}
		{Orientation
			  0.866253  -0.499605   0.000000
			 -0.499605  -0.866253   0.000000
			  0.000000   0.000000   1.000000
		}
		{Extender "inventory"
			{box
				{clear}
				{item "mp41" {cell 0 0}}
				{item "ammo pistol" 60 {cell 4 0}}
			}
		}
		{Player 2}
		{MID 86}
		{Breed "ger.tankman"}
		{FsmState "board"}
	}
	{Entity "_infantry2_rus" 0x805e
		{Position 1565.87 -303.011 0}
		{Orientation
			  0.866253  -0.499605   0.000000
			 -0.499605  -0.866253   0.000000
			  0.000000   0.000000   1.000000
		}
		{Extender "inventory"
			{box
				{clear}
				{item "mp41" {cell 0 0}}
				{item "ammo pistol" 60 {cell 4 0}}
			}
		}
		{Player 2}
		{MID 87}
		{Breed "ger.tankman"}
		{FsmState "board"}
	}
	{Entity "_infantry2_rus" 0x805f
		{Position 1565.87 -303.011 0}
		{Orientation
			  0.866253  -0.499605   0.000000
			 -0.499605  -0.866253   0.000000
			  0.000000   0.000000   1.000000
		}
		{Extender "inventory"
			{box
				{clear}
				{item "mp41" {cell 0 0}}
				{item "ammo pistol" 60 {cell 4 0}}
			}
		}
		{Player 2}
		{MID 88}
		{Breed "ger.tankman"}
		{FsmState "board"}
	}
	{Entity "_infantry2_rus" 0x8060
		{Position 1517.72 -301.615 27.688}
		{Orientation
			 -0.492011  -0.853086   0.173600
			  0.866253  -0.499605   0.000000
			  0.086732   0.150382   0.984800
		}
		{Extender "inventory"
			{box
				{clear}
				{item "mp40" {cell 0 0}}
				{item "ammo pistol" 40 {cell 4 0}}
				{item "grenade m24" {cell 6 0}}
			}
		}
		{DisableObstacles}
		{Player 2}
		{MID 89}
		{Breed "ger.infantry_smg"}
		{FsmState "board"}
	}
	{Entity "_infantry2_rus" 0x8061
		{Position 1530.72 -309.112 27.688}
		{Orientation
			 -0.255053  -0.952232   0.167900
			  0.963018  -0.265776  -0.044200
			  0.086732   0.150382   0.984800
		}
		{Extender "inventory"
			{box
				{clear}
				{item "mp40" {cell 0 0}}
				{item "ammo pistol" 40 {cell 4 0}}
				{item "grenade m39" {cell 6 0}}
			}
		}
		{DisableObstacles}
		{Player 2}
		{MID 90}
		{Breed "ger.infantry_smg"}
		{FsmState "board"}
	}
	{Entity "_infantry2_rus" 0x8062
		{Position 5209.66 -2830.47 -11.0795}
		{Turn -29.7828}
		{Extender "inventory"
			{box
				{clear}
				{item "ammo pistol" 40 {cell 0 1}}
				{item "grenade m24" {cell 2 0}}
			}
		}
		{Player 2}
		{MID 91}
		{Weaponry
			{State
				{Mounted "mp40"}
				{Weapon
					{Ammo "ammo pistol" 32}
				}
			}
		}
		{Breed "ger.infantry_smg"}
		{Cover
			{sector 5209.66 -2830.47 {type "snipe_cover"}
				{wall 0 0 5228.27 -2812.03 5162.22 -2927.44}
			}
		}
		{FsmState "snipe"}
	}
	{Entity "sdkfz251_1" 0x8064
		{Position 4284.02 -1892.91 83.8838}
		{Turn -104.914}
		{Player 2}
		{MID 93}
	}
	{Entity "pz-2f" 0x8063
		{Position 1516.73 -129.248 0}
		{Turn -19.1855}
		{TexMod "ambush1"}
		{Placer
			{State "seat4" {Broken}}
		}
		{Player 2}
		{MID 92}
	}
	{Entity "_infantry2_rus" 0x8065
		{Position 1516.73 -129.248 0}
		{Orientation
			  0.944460  -0.328628   0.000000
			 -0.328628  -0.944460   0.000000
			  0.000000   0.000000   1.000000
		}
		{Extender "inventory"
			{box
				{clear}
				{item "mp41" {cell 0 0}}
				{item "ammo pistol" 60 {cell 4 0}}
			}
		}
		{Player 2}
		{MID 94}
		{Breed "ger.tankman"}
		{FsmState "board"}
	}
	{Entity "_infantry2_rus" 0x8066
		{Position 1516.73 -129.248 0}
		{Orientation
			  0.944460  -0.328628   0.000000
			 -0.328628  -0.944460   0.000000
			  0.000000   0.000000   1.000000
		}
		{Extender "inventory"
			{box
				{clear}
				{item "mp41" {cell 0 0}}
				{item "ammo pistol" 60 {cell 4 0}}
			}
		}
		{Player 2}
		{MID 95}
		{Breed "ger.tankman"}
		{FsmState "board"}
	}
	{Entity "_infantry2_rus" 0x8067
		{Position 1516.73 -129.248 0}
		{Orientation
			  0.944460  -0.328628   0.000000
			 -0.328628  -0.944460   0.000000
			  0.000000   0.000000   1.000000
		}
		{Extender "inventory"
			{box
				{clear}
				{item "mp41" {cell 0 0}}
				{item "ammo pistol" 60 {cell 4 0}}
			}
		}
		{Player 2}
		{MID 96}
		{Breed "ger.tankman"}
		{FsmState "board"}
	}
	{Entity "_infantry2_rus" 0x8068
		{Position 1516.73 -129.248 0}
		{Orientation
			  0.944460  -0.328628   0.000000
			 -0.328628  -0.944460   0.000000
			  0.000000   0.000000   1.000000
		}
		{Extender "inventory"
			{box
				{clear}
				{item "mp41" {cell 0 0}}
				{item "ammo pistol" 60 {cell 4 0}}
			}
		}
		{Player 2}
		{MID 97}
		{Breed "ger.tankman"}
		{FsmState "board"}
	}
	{Entity "_infantry2_rus" 0x8069
		{Position 4247.68 -1449.87 94.755}
		{Turn -168}
		{Extender "inventory"
			{box
				{clear}
				{item "mp40" {cell 0 0}}
				{item "ammo pistol" 40 {cell 4 0}}
				{item "grenade m24" {cell 6 0}}
			}
		}
		{Player 2}
		{MID 98}
		{Breed "ger.infantry_smg"}
		{FsmState "stand"}
	}
	{Entity "_infantry2_rus" 0x806a
		{Position 5445.37 -2465.53 -12}
		{Turn -40.5378}
		{Extender "inventory"
			{box
				{clear}
				{item "ammo rifle" 6 {cell 0 1}}
				{item "grenade m24x5" {cell 0 0}}
				{item "grenade m24x5" {cell 2 0}}
			}
		}
		{Player 2}
		{MID 99}
		{Weaponry
			{State
				{Mounted "mauzer"}
				{Weapon
					{Ammo "ammo rifle" 5}
				}
			}
		}
		{Breed "ger.infantry_rifle"}
		{Cover
			{sector 5445.37 -2465.53 {type "snipe_cover"}
				{wall 0 0 5482.53 -2432.85 5396.11 -2533.9}
			}
		}
		{FsmState "snipe"}
	}
	{Entity "_infantry2_rus" 0x806c
		{Position 5183.06 -445.657 4.13287}
		{Extender "inventory"
			{box
				{clear}
				{item "mp40" {cell 0 0}}
				{item "ammo pistol" 63 {cell 4 0}}
				{item "grenade m24" {cell 6 0}}
			}
		}
		{Player 2}
		{MID 101}
		{Breed "ger.infantry_smg"}
		{FsmState "stand"}
	}
	{Entity "_infantry2_rus" 0x8071
		{Position 6873.79 -3566.23 0}
		{Turn -147.606}
		{Extender "vitality"
			{Health
				{Max 200}
				{Current 200}
			}
		}
		{Extender "inventory"
			{box
				{clear}
				{item "ammo pistol" 100 {cell 0 1}}
				{item "ammo pistol" 92 {cell 0 0}}
				{item "grenade f1" {cell 0 2}}
				{item "grenade f1" {cell 2 0}}
				{item "grenade f1" {cell 3 0}}
			}
		}
		{Player 1}
		{MID 104}
		{Weaponry
			{State
				{Mounted "ppsh"}
				{Weapon
					{Ammo "ammo pistol" 71}
				}
			}
		}
		{Breed "rus.infantry_smg"}
		{FsmState "stand"}
	}
	{Entity "_infantry2_rus" 0x8072
		{Position 6775.64 -3706.43 0}
		{Turn 138.199}
		{Extender "vitality"
			{Health
				{Max 200}
				{Current 200}
			}
		}
		{Extender "inventory"
			{box
				{clear}
				{item "grenade f1" {cell 0 2}}
				{item "dt" {cell 0 0}}
				{item "ammo mgun" 100 {cell 5 0}}
				{item "ammo mgun" 100 {cell 5 1}}
				{item "grenade rpg43" {cell 1 2}}
				{item "grenade rpg40" {cell 3 2}}
				{item "grenade rpg43" {cell 5 2}}
				{item "bandage" 5 {cell 0 3}}
			}
		}
		{Player 1}
		{MID 105}
		{Breed "rus.infantry_smg"}
		{FsmState "stand"}
	}
	{Entity "chicken" 0x806b
		{Position 5017.36 -2506.26 3.37396}
		{Turn -22.0081}
		{Player 0}
		{MID 100}
	}
	{Entity "chicken" 0x8070
		{Position 4087.6 -1783.48 76.0245}
		{Turn 48.0575}
		{Player 0}
		{MID 102}
	}
	{Entity "chicken" 0x8073
		{Position 3899.49 -1545.95 7.33328}
		{Turn 140.092}
		{TexMod "2"}
		{Player 0}
		{MID 103}
	}
	{Entity "chicken" 0x8074
		{Position 4690.18 -1568.87 87}
		{Turn 114.717}
		{Player 0}
		{MID 106}
	}
	{Entity "cow" 0x8075
		{Position 5384.35 -830.907 24.1301}
		{Turn 43.5596}
		{TexMod "1"}
		{Player 0}
		{MID 107}
	}
	{Entity "chicken" 0x8076
		{Position 4775.12 -1517.18 87}
		{Turn 2.20426}
		{Player 0}
		{MID 108}
	}
	{Entity "chicken" 0x8077
		{Position 4563.03 -1468.34 87}
		{Turn 71.9583}
		{Player 0}
		{MID 109}
	}
	{Entity "chicken" 0x8078
		{Position 4077.05 -1660.87 74.6793}
		{Turn 27.6665}
		{TexMod "2"}
		{Player 0}
		{MID 110}
	}
	{Entity "chicken" 0x8079
		{Position 4498.05 -1366.79 93.516}
		{Turn 57.0454}
		{TexMod "3"}
		{Player 0}
		{MID 111}
	}
	{Entity "dog" 0x807a
		{Position 4320.25 -1549.8 96.0005}
		{Turn 5.91315}
		{Player 0}
		{MID 112}
	}
	{Entity "pz-4g" 0x806d
		{Position 1541.36 -1648.2 0}
		{Player 2}
		{MID 113}
	}
	{Entity "_infantry2_rus" 0x807b
		{Position 1541.36 -1648.2 0}
		{Orientation
			  1.000000   0.000000   0.000000
			  0.000000  -1.000000   0.000000
			  0.000000   0.000000   1.000000
		}
		{Extender "inventory"
			{box
				{clear}
				{item "ammo pistol" 40 {cell 0 0}}
				{item "grenade m24" {cell 2 0}}
				{item "grenade m24" {cell 4 0}}
				{item "mp40" {cell 0 1}}
			}
		}
		{Player 2}
		{MID 118}
		{Breed "ger.tank_crew"}
		{FsmState "board"}
	}
	{Entity "_infantry2_rus" 0x807c
		{Position 1541.36 -1648.2 0}
		{Orientation
			  1.000000   0.000000   0.000000
			  0.000000  -1.000000   0.000000
			  0.000000   0.000000   1.000000
		}
		{Extender "inventory"
			{box
				{clear}
				{item "ammo pistol" 40 {cell 0 0}}
				{item "grenade m24" {cell 2 0}}
				{item "grenade m24" {cell 4 0}}
				{item "mp40" {cell 0 1}}
			}
		}
		{Player 2}
		{MID 119}
		{Breed "ger.tank_crew"}
		{FsmState "board"}
	}
	{Entity "_infantry2_rus" 0x807d
		{Position 1541.36 -1648.2 0}
		{Orientation
			  1.000000   0.000000   0.000000
			  0.000000  -1.000000   0.000000
			  0.000000   0.000000   1.000000
		}
		{Extender "inventory"
			{box
				{clear}
				{item "ammo pistol" 40 {cell 0 0}}
				{item "grenade m24" {cell 2 0}}
				{item "grenade m24" {cell 4 0}}
				{item "mp40" {cell 0 1}}
			}
		}
		{Player 2}
		{MID 120}
		{Breed "ger.tank_crew"}
		{FsmState "board"}
	}
	{Entity "_infantry2_rus" 0x807e
		{Position 1541.36 -1648.2 0}
		{Orientation
			  1.000000   0.000000   0.000000
			  0.000000  -1.000000   0.000000
			  0.000000   0.000000   1.000000
		}
		{Extender "inventory"
			{box
				{clear}
				{item "ammo pistol" 40 {cell 0 0}}
				{item "grenade m24" {cell 2 0}}
				{item "grenade m24" {cell 4 0}}
				{item "mp40" {cell 0 1}}
			}
		}
		{Player 2}
		{MID 121}
		{Breed "ger.tank_crew"}
		{FsmState "board"}
	}
	{Entity "pz-3g" 0x807f
		{Position 1458.74 8.38411 0}
		{Turn -31.5381}
		{Player 2}
		{MID 122}
		{Weaponry
			{Number 1}
			{State "gun"
				{Weapon
					{Ammo "bullet50 ap" 1}
				}
			}
			{State "mgun"
				{Weapon
					{Ammo "ammo mgun" 50}
				}
			}
		}
	}
	{Entity "_infantry2_rus" 0x8080
		{Position 1458.74 8.38411 0}
		{Orientation
			  0.852293  -0.523065   0.000000
			 -0.523065  -0.852293   0.000000
			  0.000000   0.000000   1.000000
		}
		{Extender "inventory"
			{box
				{clear}
				{item "ammo pistol" 60 {cell 0 0}}
				{item "knife hand" {cell 2 0}}
				{item "valter" {cell 4 0}}
			}
		}
		{Player 2}
		{MID 123}
		{Breed "ger.tank_com"}
		{FsmState "board"}
	}
	{Entity "_infantry2_rus" 0x8081
		{Position 1458.74 8.38411 0}
		{Orientation
