;Exported by: dinsen
;Date:        Sat Jun 25 12:35:40 2011
;File:        C:\Archivos de programa\Autodesk\3dsMax8\scenes\pendientes\abuelo.max
{Skeleton
	{extension "/properties/animation/human/human_anm.ext"}
	{bone revolute "Basis"
		{limits -30.0000 30.0000}
		{speed 0.1000}
		{Orientation
			1.0000	0.0000	0.0000
			0.0000	-1.0000	0.0000
			0.0000	0.0000	1.0000
		}
		{bone "Body"
			{Matrix34
				0.0000	-0.0000	1.0000
				0.0000	-1.0000	-0.0000
				1.0000	0.0000	0.0000
				0.8295	0.0345	19.9224
			}
			{bone "foot1L"
				{Matrix34
					-0.9933	-0.0287	0.1117
					0.1116	0.0039	0.9937
					0.0290	-0.9996	0.0007
					-0.1435	-2.1310	-0.4890
				}
				{bone "foot2L"
					{Matrix34
						0.9842	-0.1772	-0.0004
						0.1772	0.9842	0.0026
						-0.0001	-0.0027	1.0000
						9.3784	-0.0472	0.0000
					}
					{bone "foot3L"
						{Matrix34
							0.0906	0.9796	0.1793
							0.0035	-0.1804	0.9836
							0.9959	-0.0885	-0.0197
							9.2003	-0.3463	-0.0730
						}
					}
				}
			}
			{bone "foot1R"
				{Matrix34
					-0.9934	0.0230	0.1126
					0.1126	-0.0030	0.9936
					0.0232	0.9997	0.0004
					-0.1435	2.1710	-0.4888
				}
				{bone "foot2R"
					{Matrix34
						0.9836	-0.1805	-0.0003
						0.1805	0.9836	0.0015
						-0.0000	-0.0015	1.0000
						9.3783	-0.0472	0.0000
					}
					{bone "foot3R"
						{Matrix34
							0.0880	0.9747	0.2053
							0.0072	0.2054	-0.9786
							-0.9961	0.0876	0.0111
							9.2003	-0.3463	-0.0730
						}
					}
				}
			}
			{bone revolute "IK_LeftRight"
				{limits -20.0000 20.0000}
				{speed 0.1000}
				{Matrix34
					0.0000	0.0000	1.0000
					-0.0000	-1.0000	0.0000
					1.0000	-0.0000	0.0000
					1.9037	0.0345	0.0000
				}
				{bone revolute "IK_UpDown"
					{limits -40.0000 20.0000}
					{speed 0.1000}
					{Matrix34
						1.0000	0.0000	-0.0000
						-0.0000	-0.0000	1.0000
						-0.0000	-1.0000	0.0000
						0.0000	-0.0000	1.6680
					}
					{bone "Head"
						{Matrix34
							1.0000	-0.0000	-0.0000
							0.0000	-0.0000	-1.0000
							-0.0000	1.0000	0.0000
							0.0000	7.2146	0.0000
						}
						{bone "VISOR"
							{Matrix34
								1.0000	0.0000	-0.0000
								-0.0000	1.0000	0.0000
								-0.0000	-0.0000	1.0000
								2.3192	0.0000	2.3329
							}
						}
					}
					{bone "Gun_back"
						{Matrix34
							0.0065	0.9961	0.0885
							-0.1064	0.0887	-0.9904
							-0.9943	-0.0030	0.1065
							-4.1677	-4.2536	2.4259
						}
					}
					{bone "Hand1R"
						{Matrix34
							-0.1399	-0.8903	0.4333
							0.8542	-0.3298	-0.4019
							0.5008	0.3139	0.8067
							-0.0888	5.8989	3.6777
						}
						{bone "Hand2R"
							{Matrix34
								0.9416	0.3368	-0.0000
								-0.3368	0.9416	-0.0000
								-0.0000	-0.0000	1.0000
								6.2681	-0.0000	-0.0000
							}
							{bone "right_hand"
								{Matrix34
									0.9972	0.0751	0.0003
									-0.0691	0.9160	0.3952
									0.0294	-0.3941	0.9186
									6.2642	1.3994	0.3370
								}
							}
						}
					}
					{bone "Hand1L"
						{Matrix34
							-0.1757	-0.8911	-0.4184
							0.8505	-0.3515	0.3914
							-0.4958	-0.2871	0.8196
							-0.0888	5.8989	-3.6756
						}
						{bone "Hand2L"
							{Matrix34
								0.8893	0.4439	-0.1098
								-0.4431	0.8959	0.0328
								0.1129	0.0195	0.9934
								6.2681	-0.0000	-0.0000
							}
							{bone "left_hand"
								{Matrix34
									0.2757	0.8235	-0.4958
									0.0042	-0.5168	-0.8561
									-0.9612	0.2339	-0.1459
									5.9978	-0.6673	0.4099
								}
							}
						}
					}
				}
			}
			{bone revolute "placement"
				{Matrix34
					-0.0000	1.0000	-0.0000
					-1.0000	-0.0000	-0.0000
					-0.0000	0.0000	1.0000
					0.7831	0.0000	0.0000
				}
			}
		}
		{bone revolute "Foresight2rot"
			{limits -20.0000 20.0000}
			{speed 0.1000}
			{Position 14.5724	0.0247	27.5947}
		}
		{bone "skin"
			{Position 1.1845	0.0000	17.3634}
			{VolumeView "skin.ply"}
		}
	}
}
