;Exported by: garry
;Date:        Mon May 10 16:53:13 2004
;File:        D:\-Projects-\-3DWork-\Model\Авто-мото\Opel\Blitz-Fuel\Blitz-Fuel.max
{Skeleton
	{animation
		{sequence "start"}
		{sequence "stop"}
		{sequence "doorright" {file "doorR.anm"}}
		{sequence "doorleft" {file "doorL.anm"}}
	}
	{bone "Basis"
		{parameters "SteerMax=30;WheelRadius=0.5;"}
		{Orientation
			1.0000	0.0000	0.0000
			0.0000	-1.0000	0.0000
			0.0000	0.0000	1.0000
		}
		{bone "body"
			{parameters "ID=body;"}
			{Position -1.9803	-0.1993	21.1051}
			{VolumeView "body.ply"}
			{bone "FXsmoke1"
				{Matrix34
					-0.7071	0.7071	0.0000
					0.0000	-0.0000	1.0000
					0.7071	0.7071	0.0000
					1.4537	15.5858	-7.2546
				}
			}
			{bone "driver"
				{Matrix34
					0.9788	-0.0000	0.2046
					0.0000	1.0000	0.0000
					-0.2046	-0.0000	0.9788
					24.3825	5.0786	-3.7933
				}
			}
			{bone "FXstop2"
				{Matrix34
					-1.0000	0.0000	0.0000
					0.0000	-0.0000	1.0000
					0.0000	1.0000	0.0000
					-64.6587	11.1932	1.3246
				}
			}
			{bone "FXstop1"
				{Matrix34
					-1.0000	0.0000	0.0000
					0.0000	-0.0000	1.0000
					0.0000	1.0000	0.0000
					-64.8150	-12.2805	1.3246
				}
			}
			{bone "bodyback"
				{parameters "ID=bodyback;"}
				{Matrix34
					-0.0000	1.0000	0.0000
					0.0000	0.0000	1.0000
					1.0000	0.0000	-0.0000
					8.7406	-0.5747	15.0493
				}
				{VolumeView "bodyback.ply"}
			}
			{bone "engine"
				{parameters "ID=engine;"}
				{animation
					{sequence "repair" {file "engine_r.anm"}}
				}
				{Position 20.8339	-0.0000	-0.0000}
				{VolumeView "engine.ply"}
				{bone "FXfire1"
					{Matrix34
						0.0063	-0.0063	1.0000
						0.7071	-0.7071	-0.0089
						0.7071	0.7071	-0.0000
						16.6031	0.2273	-7.2546
					}
				}
				{bone "HeadlightR"
					{Matrix34
						1.0000	-0.0000	0.0000
						0.0000	-0.0000	1.0000
						0.0000	-1.0000	-0.0000
						38.6353	-17.3453	3.5045
					}
				}
				{bone "HeadlightL"
					{Matrix34
						1.0000	-0.0000	0.0000
						0.0000	-0.0000	1.0000
						0.0000	-1.0000	-0.0000
						38.6353	16.4728	3.5045
					}
				}
				{bone "FXlight"
					{Matrix34
						1.0000	-0.0000	0.0000
						0.0000	-0.0000	1.0000
						0.0000	-1.0000	-0.0000
						43.1587	-0.2843	11.8246
					}
				}
				{bone "FXsteam"
					{Matrix34
						-0.0504	0.0000	0.9987
						0.9987	0.0000	0.0504
						-0.0000	1.0000	-0.0000
						29.4023	-0.2647	13.5186
					}
				}
			}
			{bone "cabin"
				{parameters "ID=cabin;"}
				{animation
					{sequence "repair" {file "cabin_r.anm"}}
				}
				{Matrix34
					0.9998	-0.0001	0.0196
					0.0001	1.0000	-0.0000
					-0.0196	0.0000	0.9998
					20.8494	-0.0011	-0.3323
				}
				{VolumeView "cabin.ply"}
				{bone "Visor"
					{Matrix34
						1.0000	0.0001	-0.0021
						-0.0001	1.0000	0.0000
						0.0021	-0.0000	1.0000
						10.3504	-0.2632	31.6255
					}
				}
				{bone "glass"
					{Matrix34
						0.9997	0.0001	0.0244
						-0.0001	1.0000	0.0000
						-0.0244	-0.0000	0.9997
						11.1531	-0.5732	23.2353
					}
					{VolumeView "glass.ply"}
				}
				{bone "commander"
					{Matrix34
						0.9839	0.0000	0.1786
						-0.0001	1.0000	0.0000
						-0.1786	-0.0000	0.9839
						3.4651	-8.2084	-3.5296
					}
				}
				{bone "DoorL"
					{parameters "ID=cabin;"}
					{Matrix34
						0.9998	-0.0025	-0.0196
						0.0025	1.0000	-0.0000
						0.0196	-0.0000	0.9998
						13.0936	15.8228	12.3170
					}
					{VolumeView "DoorL.ply"}
				}
				{bone "DoorR"
					{parameters "ID=cabin;"}
					{Matrix34
						0.9998	0.0001	-0.0196
						0.0001	-1.0000	-0.0000
						0.0196	-0.0000	0.9998
						13.0953	-16.5631	12.3169
					}
					{VolumeView "DoorR.ply"}
				}
			}
		}
		{bone "pivot_front"
			{Position 41.5227	-0.7740	10.6202}
			{VolumeView "pivot_front.ply"}
			{bone revolute "steer_L"
				{Matrix34
					-0.9998	-0.0000	0.0175
					0.0000	1.0000	-0.0000
					-0.0175	0.0000	-0.9998
					0.0985	14.8029	-1.9376
				}
				{bone "FXtraceL1"
					{Matrix34
						0.9998	0.0000	0.0175
						0.0175	-0.0000	-0.9998
						-0.0000	1.0000	-0.0000
						4.9302	4.0230	5.4390
					}
				}
				{bone revolute "wheelL1"
					{parameters "ID=wheelleft1;"}
					{Matrix34
						0.9998	0.0000	0.0175
						0.0175	-0.0000	-0.9998
						-0.0000	1.0000	-0.0000
						-0.0803	4.0149	-1.4665
					}
					{VolumeView "wheelL1.ply"}
				}
			}
			{bone revolute "steer_R"
				{Matrix34
					-1.0000	0.0000	0.0000
					0.0000	1.0000	-0.0000
					-0.0000	0.0000	-1.0000
					0.1120	-14.9170	-1.9466
				}
				{bone "FXtraceR1"
					{Matrix34
						1.0000	-0.0087	0.0000
						0.0000	-0.0000	-1.0000
						-0.0087	-1.0000	0.0000
						5.7620	-4.0695	4.8390
					}
				}
				{bone revolute "wheelR1"
					{parameters "ID=wheelright1;"}
					{Matrix34
						1.0000	0.0000	0.0000
						-0.0000	0.0000	-1.0000
						-0.0000	1.0000	0.0000
						-0.0924	-3.8768	-1.4739
					}
					{VolumeView "wheelR1.ply"}
				}
			}
		}
		{bone "pivot_back"
			{parameters "ID=body;"}
			{Position -39.7542	-0.7740	10.1207}
			{VolumeView "pivot_back.ply"}
			{bone revolute "spring_R"
				{Matrix34
					0.9998	-0.0000	0.0175
					0.0000	1.0000	-0.0000
					-0.0175	-0.0000	0.9998
					-0.7338	-10.6728	-1.6240
				}
				{bone "FXtraceR2"
					{Matrix34
						-0.9998	0.0000	0.0175
						0.0175	-0.0000	0.9998
						0.0000	1.0000	0.0000
						-3.9450	-7.0308	-2.0206
					}
				}
				{bone revolute "wheelR2"
					{parameters "ID=wheelright2;"}
					{Matrix34
						-0.9998	0.0000	0.0175
						0.0175	0.0000	0.9998
						0.0000	1.0000	-0.0000
						0.0823	-7.3448	1.6495
					}
					{VolumeView "wheelR2.ply"}
				}
			}
			{bone revolute "spring_L"
				{Matrix34
					0.9998	-0.0000	0.0175
					-0.0000	1.0000	-0.0000
					-0.0175	-0.0000	0.9998
					-0.7272	12.0909	-1.3720
				}
				{bone "FXtraceL2"
					{Matrix34
						-0.9998	0.0000	0.0175
						0.0175	-0.0000	0.9998
						0.0000	1.0000	0.0000
						-4.6347	6.6509	-2.2605
					}
				}
				{bone revolute "wheelL2"
					{parameters "ID=wheelleft2;"}
					{Matrix34
						-0.9998	0.0000	0.0175
						0.0175	0.0000	0.9998
						0.0000	1.0000	-0.0000
						0.0713	7.5031	1.3978
					}
					{VolumeView "wheelL2.ply"}
				}
			}
		}
		{bone "emit1"
			{Matrix34
				0.0000	-1.0000	0.0000
				1.0000	0.0000	0.0000
				0.0000	0.0000	1.0000
				10.2661	31.7831	0.0026
			}
			{visibility 0}
		}
		{bone "emit2"
			{Matrix34
				0.0000	1.0000	0.0000
				-1.0000	0.0000	0.0000
				0.0000	0.0000	1.0000
				10.4411	-33.2552	0.0026
			}
			{visibility 0}
		}
	}
}
{Volume "wheelleft2"
	{Cylinder 10.1037 8.94553}
	{Bone "wheelL2"}
	{Matrix34
		-0.9998	0.0175	0.0000
		0.0175	0.9998	-0.0000
		-0.0000	-0.0000	-1.0000
		0.0000	-0.0000	-0.0000
	}
}
{Volume "wheelright2"
	{Cylinder 10.1037 8.94553}
	{Bone "wheelR2"}
	{Matrix34
		-0.9998	0.0175	0.0000
		0.0175	0.9998	-0.0000
		-0.0000	-0.0000	-1.0000
		-0.0000	-0.0000	0.0381
	}
}
{Volume "wheelright1"
	{Cylinder 10.485 4.7615}
	{Bone "wheelR1"}
	{Matrix34
		0.6946	0.7194	-0.0000
		-0.7194	0.6946	0.0000
		0.0000	0.0000	1.0000
		-0.0000	-0.0000	-0.1418
	}
}
{Volume "wheelleft1"
	{Cylinder 10.485 4.95941}
	{Bone "wheelL1"}
	{Matrix34
		-0.7194	-0.6946	0.0000
		-0.6946	0.7194	-0.0000
		0.0000	-0.0000	-1.0000
		0.0000	0.0000	-0.0515
	}
}
{Volume "cabin"
	{Box 20.9995 34.4692 33.0145}
	{Bone "cabin"}
	{Matrix34
		0.9998	0.0001	-0.0196
		-0.0001	1.0000	0.0000
		0.0196	-0.0000	0.9998
		0.8536	-0.5737	16.1223
	}
}
{Volume "glass"
	{Box 33.9799 11.6622 2.51703}
	{Bone "glass"}
	{Matrix34
		-0.0000	1.0000	-0.0000
		-0.3658	-0.0000	0.9307
		0.9307	0.0000	0.3658
		-0.0020	1.5720	0.0177
	}
}
{Volume "engine"
	{Box 28.0755 20.5527 17.3543}
	{Bone "engine"}
	{Matrix34
		0.9984	-0.0000	-0.0567
		0.0000	1.0000	-0.0000
		0.0567	-0.0000	0.9984
		26.2487	-0.5748	4.8953
	}
}
{Volume "body"
	{Box 125.863 20.469 8.62423}
	{Bone "body"}
	{Position -2.1071	-0.6497	-1.3157}
}
{Volume "Bodyback"
	{Cylinder 18.4843 72.3021}
	{Bone "bodyback"}
	{Matrix34
		-1.0000	0.0000	-0.0000
		-0.0000	1.0000	-0.0000
		0.0000	-0.0000	-1.0000
		-0.0185	-0.5365	-36.1325
	}
}
{Volume "fuel"
	{Box 16.679 27.0599 5.78822}
	{Bone "body"}
	{Matrix34
		1.0000	-0.0000	-0.0000
		0.0000	1.0000	0.0000
		0.0000	-0.0000	1.0000
		20.1214	-0.5748	-4.2911
	}
}
