;Exported by: SK
;Date:        Wed Jun 11 18:36:06 2003

{Skeleton
	{bone "hous-beam1"
		{Orientation
			1.0000	0.0000	0.0000
			0.0000	-1.0000	0.0000
			0.0000	0.0000	1.0000
		}
		{VolumeView "hous-beam1.ply"}
	}
}
{Volume "fire9"
	{Box 15.3748 3.55555 21.8699}
	{Bone "hous-beam1"}
		{Position -28.9936	49.0749	29.1358}
}
{Volume "fire8"
	{Box 15.3748 3.55555 21.8699}
	{Bone "hous-beam1"}
		{Matrix34
			0.0000	1.0000	0.0000
			-1.0000	0.0000	0.0000
			0.0000	0.0000	1.0000
			-67.9763	22.8615	29.1358
		}
}
{Volume "fire7"
	{Box 15.3748 3.55555 21.8699}
	{Bone "hous-beam1"}
		{Matrix34
			0.0000	1.0000	0.0000
			-1.0000	0.0000	0.0000
			0.0000	0.0000	1.0000
			-67.9763	-21.6470	29.1358
		}
}
{Volume "fire6"
	{Box 19.7997 3.55555 23.516}
	{Bone "hous-beam1"}
		{Matrix34
			-1.0000	0.0000	0.0000
			-0.0000	-1.0000	0.0000
			0.0000	0.0000	1.0000
			-32.2341	-50.2099	28.4912
		}
}
{Volume "fire5"
	{Box 15.1675 3.55555 21.9338}
	{Bone "hous-beam1"}
		{Matrix34
			-0.0000	-1.0000	0.0000
			1.0000	-0.0000	0.0000
			0.0000	0.0000	1.0000
			66.3218	-23.0271	29.7534
		}
}
{Volume "fire4"
	{Box 15.1675 3.55555 21.9338}
	{Bone "hous-beam1"}
		{Matrix34
			-0.0000	-1.0000	0.0000
			1.0000	-0.0000	0.0000
			0.0000	0.0000	1.0000
			66.3218	21.9984	29.7534
		}
}
{Volume "fire3"
	{Box 87.3937 1.67111 22.8546}
	{Bone "hous-beam1"}
		{Matrix34
			1.0000	0.0000	0.0000
			0.0000	0.2588	0.9659
			0.0000	-0.9659	0.2588
			22.2585	67.1687	42.7621
		}
}
{Volume "fire2"
	{Box 132.839 2.45333 51.4309}
	{Bone "hous-beam1"}
		{Matrix34
			1.0000	-0.0000	-0.0000
			-0.0000	-0.6088	0.7934
			0.0000	0.7934	0.6088
			0.6056	-34.3552	62.6733
		}
}
{Volume "fire1"
	{Box 132.839 2.45333 51.4309}
	{Bone "hous-beam1"}
		{Matrix34
			1.0000	0.0000	0.0000
			0.0000	0.6088	0.7934
			0.0000	-0.7934	0.6088
			0.6056	32.9303	62.6733
		}
}
{Volume "fire0"
	{Box 24.0754 3.55555 37.8169}
	{Bone "hous-beam1"}
		{Position 31.7704	49.5398	18.9084}
}
{Volume "Body"
	{Polyhedron "Body.vol"}
	{Bone "hous-beam1"}
		{Position -0.8610	-0.2640	0.0000}
}
