;MDL File generated by SOEdit 0.41r
;Model created by: <A.G.(ирјр)>
;Date:        Nov 17 2005
{Skeleton
	{bone "Basis"
		{Orientation
			1.0000	0.0000	0.0000
			0.0000	-1.0000	0.0000
			0.0000	0.0000	1.0000
		}
		{bone "Body"
			{parameters "ID=body;"}
			{Position 1.3827	-1.0005	19.8671}
			{VolumeView "Body.ply"}
				{bone "luk2"
					{parameters "ID=body;"}
					{Matrix34
						0.9177	-0.0029	0.3971
						0.0360	0.9964	-0.07596
						-0.3955	0.0840	0.9145
						3.1783	2.0231	5.2961
					}
					{bone "Cower2"
						{parameters "ID=body;"}
						{Matrix34
							1.0000	0.0000	-0.0000
							0.0000	0.9962	0.0872
							0.0000	-0.0872	0.9962
							-12.3947	-13.4848	16.5510
						}
						{VolumeView "Cower2.ply"}
					}
				}
				{bone revolute "turret"
					{parameters "ID=turret;"}
					{Matrix34
						-0.0000	-1.0000	0.0000
						0.9999	-0.0000	-0.0103
						0.0103	-0.0000	0.9999
						3.6383	12.4214	23.9449
					}
					{VolumeView "Turret.ply"}
				}
			{bone revolute "part1"
				{Matrix34
					0.9932	-0.0859	0.0774
					0.0873	0.9960	-0.0145
					-0.0758	0.0212	0.9968
					-44.7964	1.5496	4.0121
				}
				{VolumeView "part1.ply"}
			}
			{bone revolute "part2"
				{Matrix34
					0.0000	-0.0000	1.0000
					1.0000	0.0000	-0.0000
					-0.0000	1.0000	0.0000
					44.2574	27.4906	-5.7479
				}
				{VolumeView "part2.ply"}
			}
			{bone revolute "part3"
				{Matrix34
					1.0000	-0.0000	0.0000
					0.0000	1.0000	-0.0000
					-0.0000	0.0000	1.0000
					-37.3426	-3.0094	8.5921
				}
				{VolumeView "part3.ply"}
			}
			{bone revolute "WheelR1"
				{parameters "ID=trackright;"}
				{Matrix34
					0.0000	0.0000	1.0000
					1.0000	0.0000	0.0000
					-0.0000	-1.0000	0.0000
					44.2574	-27.7770	-5.7479
				}
				{VolumeView "WheelR1.ply"}
			}
			{bone revolute "WheelR2"
				{parameters "ID=trackright;"}
				{Matrix34
					0.0000	0.0000	1.0000
					1.0000	0.0000	0.0000
					-0.0000	-1.0000	0.0000
					-43.5190	-27.9770	-6.2977
				}
				{VolumeView "WheelR2.ply"}
			}
			{bone revolute "WheelL2"
				{parameters "ID=trackleft;"}
				{Matrix34
					0.0000	-0.0000	1.0000
					1.0000	0.0000	0.0000
					-0.0000	1.0000	0.0000
					-43.5190	26.8870	-6.0077
				}
				{VolumeView "WheelL2.ply"}
			}
			{bone "shield_left"
				{parameters "ID=shield_left;"}
				{Matrix34
					-0.9588	0.0268	-0.2830
					-0.2835	-0.0166	0.9588
					0.0210	0.9995	0.0235
					-2.1619	31.0146	-13.1873
				}
				{VolumeView "board_left.ply"}
			}
			{bone "shield_right"
				{parameters "ID=shield_right;"}
				{Matrix34
					-0.9999	0.0003	0.0126
					0.0126	0.1445	0.9894
					0.0015	-0.9895	0.1445
					-4.0535	-31.3263	3.3256
				}
				{VolumeView "board_right.ply"}
			}
			{bone revolute "gun_rot"
				{parameters "ID=gun;"}
				{limits -15.0000 10.0000}
				{Matrix34
					-0.9743	0.0000	0.2249
					0.2249	0.0000	0.9743
					0.0000	1.0000	-0.0000
					35.0275	-7.7364	11.6638
				}
				{VolumeView "gun_rot.ply"}
				{bone "gun"
					{parameters "ID=gun;"}
					{Matrix34
						1.0000	-0.0080	-0.0000
						0.0080	1.0000	-0.0000
						-0.0000	-0.0000	1.0000
						-23.4754	0.4310	-0.0449
					}
					{VolumeView "gun.ply"}
				}
			}
		}
		{bone "WheelsL"
			{parameters "ID=trackleft;"}
			{Matrix34
				-1.0000	0.0000	-0.0000
				0.0000	0.0000	1.0000
				0.0000	1.0000	-0.0000
				3.6125	26.4901	11.4531
			}
			{VolumeView "WheelsL.ply"}
			{bone revolute "wheelL4"
				{Position -7.5933	-3.0740	-2.3000}
				{VolumeView "wheelL4.ply"}
			}
			{bone revolute "wheelL5"
				{Position 12.8000	-2.6740	-2.4000}
				{VolumeView "wheelL5.ply"}
			}
			{bone revolute "wheelL6"
				{Position 31.5237	-2.6740	-2.3000}
				{VolumeView "wheelL6.ply"}
			}
		}
		{bone "WheelsR"
			{parameters "ID=trackright;"}
			{Matrix34
				-1.0000	0.0000	-0.0000
				-0.0000	0.0000	1.0000
				-0.0000	-1.0000	0.0000
				3.6125	-28.7775	11.4531
			}
			{VolumeView "WheelsR.ply"}
			{bone revolute "wheelR3"
				{Position -27.1933	-2.4000	-2.4000}
				{VolumeView "wheelR3.ply"}
			}
			{bone revolute "wheelR4"
				{Position -7.5000	-2.4000	-2.4000}
				{VolumeView "wheelR4.ply"}
			}
		}
	}
}
{Volume "Part1"
	{Cylinder 2.24196 24.0494}
	{Bone "Part1"}
	{Matrix34
		1.0000	-0.0000	-0.0000
		0.0000	-0.0000	1.0000
		-0.0000	1.0000	0.0000
		0.0406	-0.0558	0.0528
	}
}
{Volume "shield_right"
	{Box 75.799 1.00075 10.872}
	{Bone "shield_right"}
	{Matrix34
		-1.0000	0.0000	-0.0000
		-0.0000	-0.0050	1.0000
		0.0000	1.0000	0.0050
		-9.6454	-2.5237	-0.0920
	}
}
{Volume "shield_left"
	{Box 75.799 1.00075 10.872}
	{Bone "shield_left"}
	{Matrix34
		-1.0000	0.0000	0.0000
		0.0000	0.0086	1.0000
		0.0000	1.0000	-0.0086
		-9.6454	-2.5237	0.0920
	}
}
{Volume "Part2"
	{Cylinder 8.24196 6.0494}
	{Bone "Part2"}
	{Matrix34
		1.0000	-0.0000	-0.0000
		0.0000	1.0000	0.0000
		-0.0000	0.0000	1.0000
		0.0406	-0.0558	-3.3472
	}
}
{Volume "Part3"
	{Cylinder 1.11196 20.0494}
	{Bone "Part3"}
	{Matrix34
		0.3710	-0.9284	0.0153
		-0.4120	-0.1497	0.8987
		0.8322	0.3398	0.4381
		0.0406	-0.0558	0.0528
	}
}
{Volume "Body2"
	{Polyhedron "Body2.vol"}
	{Bone "Body"}
	{Matrix34
		-1.0314	-0.0000	-0.0000
		0.0000	-0.9966	-0.0000
		-0.3000	-0.0000	0.8237
		20.6406	-0.4558	0.8528
	}
}
{Volume "Body1"
	{Box 96.5433 40.5386 14.4252}
	{Bone "Body"}
	{Matrix34
		1.0000	-0.0000	-0.0000
		0.0000	1.0000	-0.0000
		0.5000	-0.0000	1.0000
		0.8779	-0.0001	-6.2399
	}
}