{mission
	{Camera
		{Position 2864.62 942.659}
		{Distance 2279.42}
		{ViewAngle 0.530567}
		{YawAngle 34.6196}
	}
	{Environment "daynw3"}
	{User 2}
	{GameProgress 0 0}
	{Entity "lci" 0x8000
		{Position 2369.23 331.55 0}
		{Turn 102.025}
		{Player 3}
		{MID 1}
		
	}
	{Entity "oerlikon" 0x8001
		{Position 2308.18 642.176 62.588}
		{Orientation
			 -0.208458   0.977999  -0.007927
			 -0.977025  -0.207863   0.047875
			  0.045174   0.017725   0.998860
		}
		{DisableObstacles}
		{Player 3}
		{MID 2}
		
	}
	{Entity "oerlikon" 0x8002
		{Position 2404.14 60.1506 47.9298}
		{Orientation
			 -0.678889  -0.732898   0.043710
			  0.732847  -0.680061  -0.021057
			  0.045174   0.017725   0.998860
		}
		{DisableObstacles}
		{Player 3}
		{MID 3}
		
	}
	{Entity "oerlikon" 0x8003
		{Position 2454.72 61.2933 45.6237}
		{Orientation
			  0.860992  -0.507726  -0.029856
			  0.506655   0.861365  -0.038136
			  0.045174   0.017725   0.998860
		}
		{DisableObstacles}
		{Player 3}
		{MID 4}
		
	}
	{Entity "oerlikon" 0x8004
		{Position 2396.95 217.063 83.39}
		{Orientation
			  0.208458  -0.977999   0.007927
			  0.976240   0.207576  -0.062652
			  0.059628   0.020799   0.998033
		}
		{DisableObstacles}
		{Player 3}
		{MID 5}
		
	}
	{Entity "lci" 0x8005
		{Position 3302.31 338.838 0}
		{Turn 88.1059}
		{TexMod "n88"}
		{Player 2}
		{MID 6}
		
	}
	{Entity "oerlikon" 0x8006
		{Position 3317.78 655.028 62.588}
		{Orientation
			  0.032922   0.999426  -0.007927
			 -0.998338   0.033266   0.047875
			  0.048111   0.006338   0.998860
		}
		{DisableObstacles}
		{Player 3}
		{MID 7}
		
	}
	{Entity "oerlikon" 0x8007
		{Position 3270.91 67.0108 47.9298}
		{Orientation
			 -0.835254  -0.548070   0.043710
			  0.547738  -0.836379  -0.021057
			  0.048111   0.006338   0.998860
		}
		{DisableObstacles}
		{Player 3}
		{MID 8}
		
	}
	{Entity "oerlikon" 0x8008
		{Position 3320.28 55.9523 45.6237}
		{Orientation
			  0.713575  -0.699930  -0.029856
			  0.698980   0.714195  -0.038136
			  0.048111   0.006338   0.998860
		}
		{DisableObstacles}
		{Player 3}
		{MID 9}
		
	}
	{Entity "oerlikon" 0x8009
		{Position 3301.68 221.044 83.39}
		{Orientation
			 -0.032922  -0.999426   0.007927
			  0.997507  -0.033356  -0.062652
			  0.062880   0.005845   0.998033
		}
		{DisableObstacles}
		{Player 3}
		{MID 10}
		
	}
	{Human "usa.marine.all" 0x800a
		{Position 3307.2 68.8761 46.005}
		{Orientation
			  0.713513  -0.699939  -0.031154
			  0.698976   0.714195  -0.038236
			  0.048969   0.005357   0.998825
		}
		{Extender "inventory"
			{box
				{clear}
				{item "m2_carbine" filling "ammo rifle" 15 {cell 0 0}}
				{item "ammo rifle" 45 {cell 7 0}}
			}
			{armor "body"
				{Item "usa_equip"}
			}
		}
		{DisableObstacles}
		{Player 3}
		{MID 11}
		{NameId 69 61}
		{FsmState "board"}
	}
	{Human "usa.marine.all" 0x800b
		{Position 2416.67 73.5782 46.9592}
		{Orientation
			 -0.678948  -0.732921   0.042412
			  0.732843  -0.680063  -0.021157
			  0.044218   0.016840   0.998919
		}
		{Extender "inventory"
			{box
				{clear}
				{item "m2_carbine" filling "ammo rifle" 15 {cell 0 0}}
				{item "ammo rifle" 45 {cell 7 0}}
			}
			{armor "body"
				{Item "usa_equip"}
			}
		}
		{DisableObstacles}
		{Player 3}
		{MID 12}
		{NameId 125 12}
		{FsmState "board"}
	}
	{Human "usa.marine.all" 0x800c
		{Position 2438.91 70.6908 46.005}
		{Orientation
			  0.860933  -0.507749  -0.031154
			  0.506650   0.861363  -0.038236
			  0.046242   0.016979   0.998825
		}
		{Extender "inventory"
			{box
				{clear}
				{item "m2_carbine" filling "ammo rifle" 15 {cell 0 0}}
				{item "ammo rifle" 45 {cell 7 0}}
			}
			{armor "body"
				{Item "usa_equip"}
			}
		}
		{DisableObstacles}
		{Player 3}
		{MID 13}
		{NameId 102 99}
		{FsmState "board"}
	}
	{Human "usa.marine.all" 0x800d
		{Position 3286.3 77.0297 46.9592}
		{Orientation
			 -0.835317  -0.548078   0.042412
			  0.547734  -0.836380  -0.021157
			  0.046970   0.005709   0.998919
		}
		{Extender "inventory"
			{box
				{clear}
				{item "m2_carbine" filling "ammo rifle" 15 {cell 0 0}}
				{item "ammo rifle" 45 {cell 7 0}}
			}
			{armor "body"
				{Item "usa_equip"}
			}
		}
		{DisableObstacles}
		{Player 3}
		{MID 14}
		{NameId 87 22}
		{FsmState "board"}
	}
	{Human "usa.marine2.all" 0x800e
		{Position 2311.94 624.17 62.5721}
		{Orientation
			 -0.208517   0.977976  -0.009226
			 -0.977030  -0.207865   0.047775
			  0.045000   0.019017   0.998845
		}
		{DisableObstacles}
		{Player 3}
		{MID 15}
		{NameId 99 40}
		{FsmState "board"}
	}
	{Human "usa.marine2.all" 0x800f
		{Position 2393.18 235.062 83.0747}
		{Orientation
			  0.208381  -0.978026   0.006630
			  0.976234   0.207574  -0.062752
			  0.059801   0.019507   0.998050
		}
		{DisableObstacles}
		{Player 3}
		{MID 16}
		{NameId 74 27}
		{FsmState "board"}
	}
	{Human "usa.marine2.all" 0x8010
		{Position 3317.09 636.647 62.5721}
		{Orientation
			  0.032860   0.999418  -0.009226
			 -0.998343   0.033265   0.047775
			  0.048254   0.007634   0.998845
		}
		{DisableObstacles}
		{Player 3}
		{MID 17}
		{NameId 144 91}
		{FsmState "board"}
	}
	{Human "usa.marine2.all" 0x8011
		{Position 3302.35 239.422 83.0747}
		{Orientation
			 -0.033004  -0.999434   0.006630
			  0.997501  -0.033356  -0.062752
			  0.062738   0.004549   0.998050
		}
		{DisableObstacles}
		{Player 3}
		{MID 18}
		{NameId 135 23}
		{FsmState "board"}
	}
	{Human "usa.marine.mgun" 0x8012
		{Position 2348.65 517.421 37.6808}
		{Orientation
			 -0.976240  -0.207576   0.062652
			  0.208458  -0.977999   0.007927
			  0.059628   0.020799   0.998033
		}
		{DisableObstacles}
		{Player 3}
		{MID 19}
		{NameId 145 49}
		{LastItem "weapon bar"}
		{FsmState "board"}
	}
	{Human "usa.marine.rifle" 0x8013
		{Position 2354.64 491.98 37.8732}
		{Orientation
			 -0.976240  -0.207576   0.062652
			  0.208458  -0.977999   0.007927
			  0.059628   0.020799   0.998033
		}
		{DisableObstacles}
		{Player 3}
		{MID 20}
		{NameId 130 41}
		{LastItem "m1"}
		{FsmState "board"}
	}
	{Human "usa.marine.rifle" 0x8014
		{Position 2359.69 468.26 38.0655}
		{Orientation
			 -0.976240  -0.207576   0.062652
			  0.208458  -0.977999   0.007927
			  0.059628   0.020799   0.998033
		}
		{DisableObstacles}
		{Player 3}
		{MID 21}
		{NameId 105 13}
		{LastItem "m1"}
		{FsmState "board"}
	}
	{Human "usa.marine.smg" 0x8015
		{Position 2357.22 342.511 68.2329}
		{Orientation
			 -0.208458   0.977999  -0.007927
			 -0.976240  -0.207576   0.062652
			  0.059628   0.020799   0.998033
		}
		{DisableObstacles}
		{Player 3}
		{MID 22}
		{NameId 67 26}
		{LastItem "thompson"}
		{FsmState "board"}
	}
	{Human "usa.marine_medic" 0x8016
		{Position 2343.51 538.995 37.5188}
		{Orientation
			 -0.985434  -0.158210   0.062200
			  0.159102  -0.987179   0.009290
			  0.059905   0.019018   0.998051
		}
		{DisableObstacles}
		{Player 3}
		{MID 23}
		{NameId 88 66}
		{FsmState "board"}
	}
	{Human "usa.marine.rifle" 0x8017
		{Position 2316.57 530.339 38.2864}
		{Orientation
			  0.991109   0.132503   0.010465
			 -0.132443   0.991117  -0.009987
			 -0.011655   0.008484   0.999896
		}
		{DisableObstacles}
		{Player 3}
		{MID 24}
		{NameId 132 74}
		{LastItem "m1"}
		{FsmState "board"}
	}
	{Human "usa.marine.rifle" 0x8018
		{Position 2364.65 444.198 38.316}
		{Orientation
			 -0.976240  -0.207576   0.062652
			  0.208458  -0.977999   0.007927
			  0.059628   0.020799   0.998033
		}
		{DisableObstacles}
		{Player 3}
		{MID 25}
		{NameId 93 83}
		{LastItem "m1"}
		{FsmState "board"}
	}
	{Human "usa.marine2.smg" 0x8019
		{Position 2383.81 348.173 67.5135}
		{Orientation
			 -0.208458   0.977999  -0.007927
			 -0.976240  -0.207576   0.062652
			  0.059628   0.020799   0.998033
		}
		{DisableObstacles}
		{Player 3}
		{MID 26}
		{NameId 31 53}
		{LastItem "m3a"}
		{FsmState "board"}
	}
	{Human "usa.tankman" 0x801a
		{Position 2369.47 345.118 67.9016}
		{Orientation
			 -0.208458   0.977999  -0.007927
			 -0.976240  -0.207576   0.062652
			  0.059628   0.020799   0.998033
		}
		{DisableObstacles}
		{Player 3}
		{MID 27}
		{NameId 69 62}
		{LastItem "m3a"}
		{FsmState "board"}
	}
	{Human "usa.marine2.all" 0x801b
		{Position 2368.49 275.989 85.693}
		{Orientation
			  0.991109   0.132503   0.010465
			 -0.132443   0.991117  -0.009987
			 -0.011655   0.008484   0.999896
		}
		{DisableObstacles}
		{Player 3}
		{MID 28}
		{NameId 104 41}
		{LastItem "m3a"}
		{FsmState "board"}
	}
	{Human "usa.marine2.all" 0x801c
		{Position 2341.78 549.881 37.4164}
		{Orientation
			 -0.985434  -0.158210   0.062200
			  0.159102  -0.987179   0.009290
			  0.059905   0.019018   0.998051
		}
		{DisableObstacles}
		{Player 3}
		{MID 29}
		{NameId 17 1}
		{LastItem "m3a"}
		{FsmState "board"}
	}
	{Human "usa.marine2.smg" 0x801d
		{Position 2373.93 254.816 85.9088}
		{Turn 20.1136}
		{Extender "inventory"
			{box
				{clear}
				{item "ammo pistol" 90 {cell 6 0}}
				{item "m3a" filling "ammo pistol" 30 {cell 0 0}}
			}
			{armor "head"
				{Item "helmet1_usa"}
			}
		}
		{DisableObstacles}
		{Player 3}
		{MID 30}
		{NameId 30 29}
		{LastItem "m3a"}
		{FsmState "board"}
	}
	{Human "usa.marine.rifle" 0x801e
		{Position 2318.84 517.345 38.4038}
		{Orientation
			  0.991906   0.126845   0.010526
			 -0.126688   0.991934  -0.010124
			 -0.011696   0.008679   0.999895
		}
		{DisableObstacles}
		{Player 3}
		{MID 31}
		{NameId 54 81}
		{LastItem "m1"}
		{FsmState "board"}
	}
	{Human "eng.soldier_elite4" 0x801f
		{Position 3326.74 498.067 37.8732}
		{Orientation
			 -0.997507   0.033356   0.062652
			 -0.032922  -0.999426   0.007927
			  0.062880   0.005845   0.998033
		}
		{DisableObstacles}
		{Player 2}
		{MID 32}
		{NameId 70 49}
		{LastItem "enfieldmk3"}
		{FsmState "board"}
	}
	{Human "eng.soldier_elite5" 0x8020
		{Position 3325.94 473.828 38.0655}
		{Orientation
			 -0.997507   0.033356   0.062652
			 -0.032922  -0.999426   0.007927
			  0.062880   0.005845   0.998033
		}
		{DisableObstacles}
		{Player 2}
		{MID 33}
		{NameId 72 49}
		{LastItem "sten"}
		{FsmState "board"}
	}
	{Human "eng.soldier_elite4" 0x8021
		{Position 3324.96 449.281 38.316}
		{Orientation
			 -0.997507   0.033356   0.062652
			 -0.032922  -0.999426   0.007927
			  0.062880   0.005845   0.998033
		}
		{DisableObstacles}
		{Player 2}
		{MID 34}
		{NameId 50 13}
		{LastItem "enfieldmk3"}
		{FsmState "board"}
	}
	{Human "eng.soldier_elite5" 0x8022
		{Position 3327.25 546.378 37.5188}
		{Orientation
			 -0.994556   0.083484   0.062200
			 -0.083038  -0.996464   0.009290
			  0.062721   0.004049   0.998051
		}
		{DisableObstacles}
		{Player 2}
		{MID 35}
		{NameId 13 66}
		{LastItem "sten"}
		{FsmState "board"}
	}
	{Human "eng.soldier_elite6" 0x8023
		{Position 3298.1 531.298 38.4038}
		{Orientation
			  0.993293  -0.115484   0.010526
			  0.115643   0.993282  -0.010124
			 -0.009265   0.011238   0.999895
		}
		{DisableObstacles}
		{Player 2}
		{MID 36}
		{NameId 44 42}
		{LastItem "bren"}
		{FsmState "board"}
	}
	{Human "eng.soldier_elite4" 0x8024
		{Position 3327.04 524.202 37.6808}
		{Orientation
			 -0.997507   0.033356   0.062652
			 -0.032922  -0.999426   0.007927
			  0.062880   0.005845   0.998033
		}
		{DisableObstacles}
		{Player 2}
		{MID 37}
		{NameId 79 92}
		{LastItem "enfieldmk3"}
		{FsmState "board"}
	}
	{Human "usa.tankman" 0x8025
		{Position 3305.8 351.951 67.9016}
		{Orientation
			  0.032922   0.999426  -0.007927
			 -0.997507   0.033356   0.062652
			  0.062880   0.005845   0.998033
		}
		{DisableObstacles}
		{Player 2}
		{MID 38}
		
		{NameId 125 13}
		{FsmState "board"}
	}
	{Human "usa.marine.rifle" 0x8026
		{Position 3293.29 352.366 68.2329}
		{Orientation
			  0.032922   0.999426  -0.007927
			 -0.997507   0.033356   0.062652
			  0.062880   0.005845   0.998033
		}
		{DisableObstacles}
		{Player 2}
		{MID 39}
		
		{NameId 102 0}
		{FsmState "board"}
	}
	{Human "usa.marine.rifle" 0x8027
		{Position 3320.46 351.465 67.5135}
		{Orientation
			  0.032922   0.999426  -0.007927
			 -0.997507   0.033356   0.062652
			  0.062880   0.005845   0.998033
		}
		{DisableObstacles}
		{Player 2}
		{MID 40}
		
		{NameId 87 23}
		{FsmState "board"}
	}
	{Human "usa.marine.smg" 0x8028
		{Position 3299.02 544.456 38.2864}
		{Orientation
			  0.993880  -0.109801   0.010465
			  0.109861   0.993874  -0.009987
			 -0.009272   0.011038   0.999896
		}
		{DisableObstacles}
		{Player 2}
		{MID 41}
		
		{NameId 99 41}
		{FsmState "board"}
	}
	{Human "usa.marine.rifle" 0x8029
		{Position 3328.18 557.362 37.4164}
		{Orientation
			 -0.994556   0.083484   0.062200
			 -0.083038  -0.996464   0.009290
			  0.062721   0.004049   0.998051
		}
		{DisableObstacles}
		{Player 2}
		{MID 42}
		
		{NameId 74 28}
		{FsmState "board"}
	}
	{Human "usa.marine.mgun" 0x802a
		{Position 3288.42 263.226 85.9088}
		{Turn 6.19453}
		{DisableObstacles}
		{Player 2}
		{MID 43}
		
		{NameId 144 92}
		{FsmState "board"}
	}
	{Human "usa.marine2.smg" 0x802b
		{Position 3288.23 285.085 85.693}
		{Orientation
			  0.993880  -0.109801   0.010465
			  0.109861   0.993874  -0.009987
			 -0.009272   0.011038   0.999896
		}
		{DisableObstacles}
		{Player 2}
		{MID 44}
		
		{NameId 135 24}
		{FsmState "board"}
	}
	{Human "eng.soldier_elite5" 0x802c
		{Position 3373.09 1966.77 6.87251}
		{Turn 87.515}
		{Extender "inventory"
			{box
				{clear}
				{item "grenade mk1" {cell 7 1}}
				{item "grenade mk1" {cell 6 1}}
				{item "bandage" 2 {cell 6 3}}
				{item "ammo pistol" 64 {cell 4 1}}
				{item "ammo pistol" 64 {cell 4 0}}
				{item "knife" {cell 6 0}}
				{item "grenade n73at" {cell 6 2}}
			}
		}
		{Player 2}
		{MID 45}
		{Weaponry
			{State
				{Mounted "sten"}
				{Weapon
					{Ammo "ammo pistol" 32}
				}
			}
		}
		{NameId 64 64}
		{LastItem "bren"}
		{FsmState "stand"}
	}
	{Human "eng.soldier_elite4" 0x802d
		{Position 3386.24 1942.31 5.06707}
		{Turn 87.515}
		{Extender "inventory"
			{box
				{clear}
				{item "ammo rifle" 40 {cell 5 0}}
				{item "morphine" 5 {cell 6 0}}
				{item "bandage" 3 {cell 6 2}}
				{item "grenade mk1" {cell 7 3}}
				{item "grenade mk1" {cell 6 3}}
				{item "pala" {cell 4 3}}
				{item "knife" {cell 4 2}}
			}
		}
		{Player 2}
		{MID 46}
		{Weaponry
			{State
				{Mounted "enfieldmk3"}
				{Weapon
					{Ammo "ammo rifle" 10}
				}
			}
		}
		{NameId 57 0}
		{LastItem "bren"}
		{FsmState "stand"}
	}
	{Human "eng.soldier_elite6" 0x802e
		{Position 3334.32 1919.61 3.91094}
		{Turn 87.515}
		{Extender "inventory"
			{box
				{clear}
				{item "ammo mgun" 60 {cell 6 0}}
				{item "grenade mk1" {cell 5 0}}
				{item "ammo mgun" 60 {cell 6 1}}
				{item "bandage" 5 {cell 6 2}}
			}
		}
		{Player 2}
		{MID 47}
		{Weaponry
			{State
				{Mounted "bren"}
				{Weapon
					{Ammo "ammo mgun" 30}
				}
			}
		}
		{NameId 57 99}
		{FsmState "stand"}
	}
	{Human "eng.soldier_elite5" 0x802f
		{Position 3374.93 1917.26 2.4581}
		{Turn 78.279}
		{Extender "inventory"
			{box
				{clear}
				{item "grenade mk1" {cell 6 1}}
				{item "bandage" 5 {cell 6 3}}
				{item "grenade mk1" {cell 7 1}}
				{item "ammo pistol" 64 {cell 6 0}}
				{item "ammo pistol" 64 {cell 4 0}}
				{item "knife" {cell 0 2}}
				{item "pala" {cell 0 3}}
				{item "grenade smoke" {cell 6 2}}
				{item "morphine" 5 {cell 2 2}}
				{item "matchbox" 4 {cell 7 2}}
			}
		}
		{Player 2}
		{MID 48}
		{Weaponry
			{State
				{Mounted "sten"}
				{Weapon
					{Ammo "ammo pistol" 32}
				}
			}
		}
		{NameId 10 14}
		{LastItem "bren"}
		{FsmState "stand"}
	}
	{Human "eng.soldier_elite4" 0x8030
		{Position 3350.75 1943.93 5.39609}
		{Turn 87.515}
		{Extender "inventory"
			{box
				{clear}
				{item "ammo rifle" 40 {cell 5 0}}
				{item "bandage" 5 {cell 6 0}}
				{item "grenade mk1" {cell 7 2}}
				{item "dynamite" {cell 5 2}}
				{item "knife" {cell 6 1}}
				{item "pala" {cell 4 1}}
				{item "grenade mk1" {cell 7 3}}
			}
		}
		{Player 2}
		{MID 49}
		{Weaponry
			{State
				{Mounted "enfieldmk3"}
				{Weapon
					{Ammo "ammo rifle" 10}
				}
			}
		}
		{NameId 44 41}
		{FsmState "stand"}
	}
	{Human "eng.soldier_elite4" 0x8031
		{Position 3342.99 1974.59 8}
		{Turn 87.515}
		{Extender "inventory"
			{box
				{clear}
				{item "ammo rifle" 40 {cell 5 0}}
				{item "bandage" 5 {cell 6 0}}
				{item "grenade mk1" {cell 7 2}}
				{item "knife" {cell 6 1}}
				{item "dynamite" {cell 5 2}}
				{item "grenade mk1" {cell 7 3}}
				{item "pala" {cell 4 1}}
			}
		}
		{Player 2}
		{MID 50}
		{Weaponry
			{State
				{Mounted "enfieldmk3"}
				{Weapon
					{Ammo "ammo rifle" 10}
				}
			}
		}
		{NameId 49 27}
		{FsmState "stand"}
	}
	{Human "usa.marine.rifle" 0x8032
		{Position 2070.06 1840.42 11.0451}
		{Turn 94.9121}
		{Extender "vitality"
			{Health
				{Max 10}
				{Current 10}
			}
		}
		{Extender "inventory"
			{box
				{clear}
				{item "ammo rifle" 40 {cell 4 0}}
				{item "grenade m61" {cell 5 0}}
			}
		}
		{Player 3}
		{MID 51}
		{Weaponry
			{State
				{Mounted "m1"}
				{Weapon
					{Ammo "ammo rifle" 8}
				}
			}
		}
		{NameId 69 63}
		{FsmState "stand"}
	}
	{Human "usa.marine.rifle" 0x8033
		{Position 2046.02 1802.25 8.22807}
		{Turn 94.9121}
		{Extender "vitality"
			{Health
				{Max 10}
				{Current 10}
			}
		}
		{Extender "inventory"
			{box
				{clear}
				{item "ammo rifle" 40 {cell 4 0}}
				{item "grenade m61" {cell 5 0}}
			}
		}
		{Player 3}
		{MID 52}
		{Weaponry
			{State
				{Mounted "m1"}
				{Weapon
					{Ammo "ammo rifle" 8}
				}
			}
		}
		{NameId 125 14}
		{FsmState "stand"}
	}
	{Human "usa.marine.rifle" 0x8034
		{Position 2074.23 1805.66 8.56909}
		{Turn 94.9121}
		{Extender "vitality"
			{Health
				{Max 10}
				{Current 10}
			}
		}
		{Extender "inventory"
			{box
				{clear}
				{item "ammo rifle" 40 {cell 4 0}}
				{item "grenade m61" {cell 5 0}}
			}
		}
		{Player 3}
		{MID 53}
		{Weaponry
			{State
				{Mounted "m1"}
				{Weapon
					{Ammo "ammo rifle" 8}
				}
			}
		}
		{NameId 102 1}
		{FsmState "stand"}
	}
	{Human "usa.marine.rifle" 0x8035
		{Position 2075.58 1774.42 6.44507}
		{Turn 94.9121}
		{Extender "vitality"
			{Health
				{Max 10}
				{Current 10}
			}
		}
		{Extender "inventory"
			{box
				{clear}
				{item "ammo rifle" 40 {cell 4 0}}
				{item "grenade m61" {cell 5 0}}
			}
		}
		{Player 3}
		{MID 54}
		{Weaponry
			{State
				{Mounted "m1"}
				{Weapon
					{Ammo "ammo rifle" 8}
				}
			}
		}
		{NameId 87 24}
		{FsmState "stand"}
	}
	{Human "usa.marine.mgun" 0x8036
		{Position 2080.54 1736.6 1.32617}
		{Turn 94.9121}
		{Extender "vitality"
			{Health
				{Max 10}
				{Current 10}
			}
		}
		{Extender "inventory"
			{box
				{clear}
				{item "ammo mgun" 80 {cell 5 0}}
				{item "grenade m61" {cell 7 0}}
			}
		}
		{Player 3}
		{MID 55}
		{Weaponry
			{State
				{Mounted "weapon bar"}
				{Weapon
					{Ammo "ammo mgun" 20}
				}
			}
		}
		{NameId 99 42}
		{FsmState "stand"}
	}
	{Human "usa.marine.smg" 0x8037
		{Position 2098.95 1846.66 11}
		{Turn 94.9121}
		{Extender "vitality"
			{Health
				{Max 10}
				{Current 10}
			}
		}
		{Extender "inventory"
			{box
				{clear}
				{item "ammo pistol" 90 {cell 4 0}}
				{item "grenade m61" {cell 6 0}}
				{item "grenade m61" {cell 7 0}}
			}
		}
		{Player 3}
		{MID 56}
		{Weaponry
			{State
				{Mounted "thompson"}
				{Weapon
					{Ammo "ammo pistol" 30}
				}
			}
		}
		{NameId 74 29}
		{FsmState "stand"}
	}
	{Human "usa.marine2.smg" 0x8038
		{Position 2102.94 1813.29 9.20473}
		{Turn 94.9121}
		{Extender "vitality"
			{Health
				{Max 10}
				{Current 10}
			}
		}
		{Extender "inventory"
			{box
				{clear}
				{item "ammo pistol" 90 {cell 3 0}}
			}
		}
		{Player 3}
		{MID 57}
		{Weaponry
			{State
				{Mounted "m3a"}
				{Weapon
					{Ammo "ammo pistol" 30}
				}
			}
		}
		{NameId 144 93}
		{FsmState "stand"}
	}
	{Human "usa.marine.rifle" 0x8039
		{Position 2053.04 1752.58 3.52216}
		{Turn 94.9121}
		{Extender "vitality"
			{Health
				{Max 10}
				{Current 10}
			}
		}
		{Extender "inventory"
			{box
				{clear}
				{item "ammo rifle" 40 {cell 4 0}}
				{item "grenade m61" {cell 5 0}}
			}
		}
		{Player 3}
		{MID 58}
		{Weaponry
			{State
				{Mounted "m1"}
				{Weapon
					{Ammo "ammo rifle" 8}
				}
			}
		}
		{NameId 135 25}
		{FsmState "stand"}
	}
	{Human "usa.marine2.all" 0x803a
		{Position 2105.6 1776.16 6.61909}
		{Turn 94.9121}
		{Extender "vitality"
			{Health
				{Max 10}
				{Current 10}
			}
		}
		{Extender "inventory"
			{box
				{clear}
				{item "ammo pistol" 60 {cell 3 0}}
				{item "grenade m61" {cell 5 0}}
			}
		}
		{Player 3}
		{MID 59}
		{Weaponry
			{State
				{Mounted "m3a"}
				{Weapon
					{Ammo "ammo pistol" 30}
				}
			}
		}
		{NameId 145 50}
		{FsmState "stand"}
	}
	{Human "usa.marine2.all" 0x803b
		{Position 2117 1752.89 3.58417}
		{Turn 94.9121}
		{Extender "vitality"
			{Health
				{Max 10}
				{Current 10}
			}
		}
		{Extender "inventory"
			{box
				{clear}
				{item "ammo pistol" 60 {cell 3 0}}
				{item "grenade m61" {cell 5 0}}
			}
		}
		{Player 3}
		{MID 60}
		{Weaponry
			{State
				{Mounted "m3a"}
				{Weapon
					{Ammo "ammo pistol" 30}
				}
			}
		}
		{NameId 130 42}
		{FsmState "stand"}
	}
	{Entity "pointer_small" 0x803c
		{Position 4209.68 8489.9 266.993}
		{Turn -83.8075}
		{TexMod "2"}
	}
	{Entity "pointer_small" 0x803d
		{Position 6484.79 8802.03 267}
		{Turn -83.8075}
		{TexMod "2"}
	}
	{Entity "ohka i-13" 0x803e
		{Position 6819.8 12491.7 600}
		{Turn -90.4082}
		{DisableObstacles}
		{Player 1}
		{MID 61}
		
		{Chassis
			{AirborneMode 1}
			{TargetAlt 600}
		}
	}
	{Human "jap.pilot" 0x803f
		{Position 6818.71 12502.1 613.173}
		{Orientation
			  0.001407  -0.995535   0.094100
			  1.000035   0.001375   0.000000
			 -0.000130   0.094103   0.995600
		}
		{DisableObstacles}
		{Player 1}
		{MID 62}
		{NameId 18 25}
		{FsmState "board"}
	}
	{Human "jap.soldier" 0x8040
		{Position 4633.01 4557.95 0}
		{Turn -141.089}
		{Extender "inventory"
			{box
				{clear}
				{item "ammo rifle" 20 {cell 7 0}}
				{item "arisaka" filling "ammo rifle" 5 {cell 0 0}}
			}
		}
		{Player 1}
		{MID 63}
		{NameId 18 26}
		{FsmState "squat"}
	}
	{Human "jap.soldier" 0x8041
		{Position 4558.26 4582.32 0}
		{Turn 173.476}
		{Extender "inventory"
			{box
				{clear}
				{item "ammo rifle" 20 {cell 6 0}}
				{item "bayonet" {cell 7 0}}
				{item "arisaka" filling "ammo rifle" 5 {cell 0 0}}
			}
		}
		{Player 1}
		{MID 64}
		{NameId 2 10}
		{FsmState "stand"}
	}
	{Entity "boxes3" 0x8042
		{Position 4679.77 4615.59 0}
		{Extender "inventory"
			{box
				{clear}
				{item "arisaka" {cell 0 0}}
				{item "arisaka" {cell 0 2}}
				{item "ammo rifle" 5 {cell 4 0}}
				{item "ammo rifle" 5 {cell 5 0}}
				{item "ammo rifle" 5 {cell 6 0}}
				{item "ammo rifle" 5 {cell 7 0}}
				{item "ammo rifle" 5 {cell 4 1}}
				{item "ammo rifle" 5 {cell 5 1}}
				{item "ammo rifle" 5 {cell 6 1}}
				{item "ammo rifle" 5 {cell 7 1}}
				{item "ammo rifle" 5 {cell 4 2}}
				{item "ammo rifle" 5 {cell 4 3}}
				{item "ammo rifle" 5 {cell 5 2}}
				{item "ammo rifle" 5 {cell 5 3}}
				{item "ammo rifle" 5 {cell 6 2}}
				{item "ammo rifle" 5 {cell 7 2}}
				{item "ammo rifle" 5 {cell 6 3}}
				{item "ammo rifle" 5 {cell 7 3}}
				{item "grenade type23" {cell 4 4}}
				{item "grenade type23" {cell 5 4}}
				{item "grenade type23" {cell 4 5}}
				{item "grenade type23" {cell 5 5}}
				{item "grenade type3at" {cell 6 4}}
				{item "pala" {cell 2 5}}
				{item "grenade molotov_coctail" {cell 6 5}}
				{item "helmet3_jap" {cell 0 4}}
			}
		}
	}
	{Entity "cube" 0x8043
		{Position 4666.07 4644.01 0}
	}
	{Entity "shoulderbag" 0x8044
		{Position 4622.01 4601.34 0}
		{Turn 77.6979}
		{Extender "inventory"
			{box
				{clear}
				{item "maps1" {cell 0 0}}
				{item "maps2" {cell 2 0}}
			}
		}
	}
	{Entity "mine_antipersonnel" 0x8045
		{Position 7907.85 7993.57 200.235}
		{Extender "mine"
			{Mined}
			{Miner 1}
		}
	}
	{Entity "mine_antipersonnel" 0x8046
		{Position 7905.97 8257.35 240.656}
		{Extender "mine"
			{Mined}
			{Miner 1}
		}
	}
	{Entity "mine_antipersonnel" 0x8047
		{Position 7859.49 8128.74 215.754}
		{Extender "mine"
			{Mined}
			{Miner 1}
		}
	}
	{Entity "mine_antipersonnel" 0x8048
		{Position 7768.62 8206.41 227.288}
		{Extender "mine"
			{Mined}
			{Miner 1}
		}
	}
	{Entity "mine_antipersonnel" 0x8049
		{Position 7785.32 8042.33 200.472}
		{Extender "mine"
			{Mined}
			{Miner 1}
		}
	}
	{Entity "mine_antipersonnel" 0x804a
		{Position 7685.6 8067.72 202.279}
		{Extender "mine"
			{Mined}
			{Miner 1}
		}
	}
	{Entity "mine_antipersonnel" 0x804b
		{Position 7712.07 8150.46 217.098}
		{Extender "mine"
			{Mined}
			{Miner 1}
		}
	}
	{Entity "mine_antipersonnel" 0x804c
		{Position 7648.98 8244.2 234.846}
		{Extender "mine"
			{Mined}
			{Miner 1}
		}
	}
	{Entity "mine_antipersonnel" 0x804d
		{Position 7577.72 8015.63 191.566}
		{Extender "mine"
			{Mined}
			{Miner 1}
		}
	}
	{Entity "mine_antipersonnel" 0x804e
		{Position 7731.55 7963.33 187.834}
		{Extender "mine"
			{Mined}
			{Miner 1}
		}
	}
	{Entity "mine_antipersonnel" 0x804f
		{Position 7521.5 7967.23 184.452}
		{Extender "mine"
			{Mined}
			{Miner 1}
		}
	}
	{Entity "mine_antipersonnel" 0x8050
		{Position 7555.3 8113.8 207.766}
		{Extender "mine"
			{Mined}
			{Miner 1}
		}
	}
	{Entity "mine_antipersonnel" 0x8051
		{Position 7611.9 8164.57 218.92}
		{Extender "mine"
			{Mined}
			{Miner 1}
		}
	}
	{Entity "mine_antipersonnel" 0x8052
		{Position 7538.62 8237.03 232.412}
		{Extender "mine"
			{Mined}
			{Miner 1}
		}
	}
	{Entity "mine_antipersonnel" 0x8053
		{Position 7420.81 8158.14 215.634}
		{Extender "mine"
			{Mined}
			{Miner 1}
		}
	}
	{Entity "mine_antipersonnel" 0x8054
		{Position 7463.84 8063.14 198.317}
		{Extender "mine"
			{Mined}
			{Miner 1}
		}
	}
	{Entity "mine_antipersonnel" 0x8055
		{Position 7446.07 8002.32 189.235}
		{Extender "mine"
			{Mined}
			{Miner 1}
		}
	}
	{Entity "mine_antipersonnel" 0x8056
		{Position 7334.74 7998.05 188.808}
		{Extender "mine"
			{Mined}
			{Miner 1}
		}
	}
	{Entity "mine_antipersonnel" 0x8057
		{Position 7293.58 8108.56 206.718}
		{Extender "mine"
			{Mined}
			{Miner 1}
		}
	}
	{Entity "mine_antipersonnel" 0x8058
		{Position 7381.84 8255.15 229.518}
		{Extender "mine"
			{Mined}
			{Miner 1}
		}
	}
	{Entity "mine_antipersonnel" 0x8059
		{Position 7285.93 8230.49 226.052}
		{Extender "mine"
			{Mined}
			{Miner 1}
		}
	}
	{Entity "mine_antipersonnel" 0x805a
		{Position 7210.1 8080.39 201.084}
		{Extender "mine"
			{Mined}
			{Miner 1}
		}
	}
	{Entity "mine_antipersonnel" 0x805b
		{Position 7270.37 7953 182.303}
		{Extender "mine"
			{Mined}
			{Miner 1}
		}
	}
	{Entity "mine_antipersonnel" 0x805c
		{Position 7309.19 7880.81 169.168}
		{Extender "mine"
			{Mined}
			{Miner 1}
		}
	}
	{Entity "mine_antipersonnel" 0x805d
		{Position 7196.96 7845.25 162.056}
		{Extender "mine"
			{Mined}
			{Miner 1}
		}
	}
	{Entity "mine_antipersonnel" 0x805e
		{Position 7139.73 7909.47 174.9}
		{Extender "mine"
			{Mined}
			{Miner 1}
		}
	}
	{Entity "mine_antipersonnel" 0x805f
		{Position 7077.85 8001.66 190.338}
		{Extender "mine"
			{Mined}
			{Miner 1}
		}
	}
	{Entity "mine_antipersonnel" 0x8060
		{Position 7171.64 8027.3 193.466}
		{Extender "mine"
			{Mined}
			{Miner 1}
		}
	}
	{Entity "mine_antipersonnel" 0x8061
		{Position 7139.68 8172.03 223.206}
		{Extender "mine"
			{Mined}
			{Miner 1}
		}
	}
	{Entity "mine_antipersonnel" 0x8062
		{Position 7085.46 7872.16 168.438}
		{Extender "mine"
			{Mined}
			{Miner 1}
		}
	}
	{Entity "mine_antipersonnel" 0x8063
		{Position 7011.4 7917.42 177.49}
		{Extender "mine"
			{Mined}
			{Miner 1}
		}
	}
	{Entity "mine_antipersonnel" 0x8064
		{Position 6940.37 8004.63 192.932}
		{Extender "mine"
			{Mined}
			{Miner 1}
		}
	}
	{Entity "mine_antipersonnel" 0x8065
		{Position 6945.38 8103.48 208.702}
		{Extender "mine"
			{Mined}
			{Miner 1}
		}
	}
	{Entity "mine_antipersonnel" 0x8066
		{Position 7024.55 8118.83 212.658}
		{Extender "mine"
			{Mined}
			{Miner 1}
		}
	}
	{Entity "mine_antipersonnel" 0x8067
		{Position 6973.61 7836.27 162.26}
		{Extender "mine"
			{Mined}
			{Miner 1}
		}
	}
	{Entity "mine_antipersonnel" 0x8068
		{Position 6889.89 7887.42 172.49}
		{Extender "mine"
			{Mined}
			{Miner 1}
		}
	}
	{Entity "mine_antipersonnel" 0x8069
		{Position 6871.03 8014.18 193.842}
		{Extender "mine"
			{Mined}
			{Miner 1}
		}
	}
	{Entity "mine_antipersonnel" 0x806a
		{Position 6796.42 7808.02 157.805}
		{Extender "mine"
			{Mined}
			{Miner 1}
		}
	}
	{Entity "mine_antipersonnel" 0x806b
		{Position 6924.07 7767.83 150.572}
		{Extender "mine"
			{Mined}
			{Miner 1}
		}
	}
	{Entity "mine_antipersonnel" 0x806c
		{Position 6796.74 7734.11 144.414}
		{Extender "mine"
			{Mined}
			{Miner 1}
		}
	}
	{Entity "mine_antipersonnel" 0x806d
		{Position 6705.37 7727.71 143.548}
		{Extender "mine"
			{Mined}
			{Miner 1}
		}
	}
	{Entity "mine_antipersonnel" 0x806e
		{Position 6675.44 7816.66 160.338}
		{Extender "mine"
			{Mined}
			{Miner 1}
		}
	}
	{Entity "mine_antipersonnel" 0x806f
		{Position 6752.16 7849.16 164.894}
		{Extender "mine"
			{Mined}
			{Miner 1}
		}
	}
	{Entity "mine_antipersonnel" 0x8070
		{Position 6778.22 7945.71 182.574}
		{Extender "mine"
			{Mined}
			{Miner 1}
		}
	}
	{Entity "mine_antipersonnel" 0x8071
		{Position 6670.3 7924.3 179.433}
		{Extender "mine"
			{Mined}
			{Miner 1}
		}
	}
	{Entity "mine_antipersonnel" 0x8072
		{Position 6674.18 8111.31 210.268}
		{Extender "mine"
			{Mined}
			{Miner 1}
		}
	}
	{Entity "mine_antipersonnel" 0x8073
		{Position 6824.48 8231.6 230.163}
		{Extender "mine"
			{Mined}
			{Miner 1}
		}
	}
	{Entity "mine_antipersonnel" 0x8074
		{Position 6762.12 8176.35 222.638}
		{Extender "mine"
			{Mined}
			{Miner 1}
		}
	}
	{Entity "mine_antipersonnel" 0x8075
		{Position 6667.9 8236.32 230.635}
		{Extender "mine"
			{Mined}
			{Miner 1}
		}
	}
	{Entity "mine_antipersonnel" 0x8076
		{Position 6284.89 8337.91 248.588}
		{Extender "mine"
			{Mined}
			{Miner 1}
		}
	}
	{Entity "mine_antipersonnel" 0x8077
		{Position 6554.68 8138.8 215.766}
		{Extender "mine"
			{Mined}
			{Miner 1}
		}
	}
	{Entity "mine_antipersonnel" 0x8078
		{Position 7040.41 8222.15 230}
		{Extender "mine"
			{Mined}
			{Miner 1}
		}
	}
	{Entity "mine_antipersonnel" 0x8079
		{Position 6629.83 7668.42 131.69}
		{Extender "mine"
			{Mined}
			{Miner 1}
		}
	}
	{Entity "mine_antipersonnel" 0x807a
		{Position 6546.5 7663.38 130.023}
		{Extender "mine"
			{Mined}
			{Miner 1}
		}
	}
	{Entity "mine_antipersonnel" 0x807b
		{Position 6375.33 7653.23 126.978}
		{Extender "mine"
			{Mined}
			{Miner 1}
		}
	}
	{Entity "mine_antipersonnel" 0x807c
		{Position 6479.3 7733.52 143.71}
		{Extender "mine"
			{Mined}
			{Miner 1}
		}
	}
	{Entity "mine_antipersonnel" 0x807d
		{Position 6447.24 7819.84 160.974}
		{Extender "mine"
			{Mined}
			{Miner 1}
		}
	}
	{Entity "mine_antipersonnel" 0x807e
		{Position 6523.51 7881.59 171.324}
		{Extender "mine"
			{Mined}
			{Miner 1}
		}
	}
	{Entity "mine_antipersonnel" 0x807f
		{Position 6607.41 7736.78 145.362}
		{Extender "mine"
			{Mined}
			{Miner 1}
		}
	}
	{Entity "mine_antipersonnel" 0x8080
		{Position 6634.03 7864.52 168.91}
		{Extender "mine"
			{Mined}
			{Miner 1}
		}
	}
	{Entity "mine_antipersonnel" 0x8081
		{Position 7236.86 8277.25 232.728}
		{Extender "mine"
			{Mined}
			{Miner 1}
		}
	}
	{Entity "mine_antipersonnel" 0x8082
		{Position 6321.44 7683.04 134.614}
		{Extender "mine"
			{Mined}
			{Miner 1}
		}
	}
	{Entity "mine_antipersonnel" 0x8083
		{Position 6311.67 7746.56 146.318}
		{Extender "mine"
			{Mined}
			{Miner 1}
		}
	}
	{Entity "mine_antipersonnel" 0x8084
		{Position 5999.96 8322.18 246.221}
		{Extender "mine"
			{Mined}
			{Miner 1}
		}
	}
	{Entity "mine_antipersonnel" 0x8085
		{Position 5910.52 8361.7 251.198}
		{Extender "mine"
			{Mined}
			{Miner 1}
		}
	}
	{Entity "mine_antipersonnel" 0x8086
		{Position 6452.06 7977.69 187.544}
		{Extender "mine"
			{Mined}
			{Miner 1}
		}
	}
	{Entity "mine_antipersonnel" 0x8087
		{Position 6554.04 8055.03 201.012}
		{Extender "mine"
			{Mined}
			{Miner 1}
		}
	}
	{Entity "mine_antipersonnel" 0x8088
		{Position 6500.51 8182.02 222.41}
		{Extender "mine"
			{Mined}
			{Miner 1}
		}
	}
	{Entity "mine_antipersonnel" 0x8089
		{Position 6177.82 8326.03 246.606}
		{Extender "mine"
			{Mined}
			{Miner 1}
		}
	}
	{Entity "mine_antipersonnel" 0x808a
		{Position 6294.02 8219.23 229.852}
		{Extender "mine"
			{Mined}
			{Miner 1}
		}
	}
	{Entity "mine_antipersonnel" 0x808b
		{Position 6352.24 8079.03 206.812}
		{Extender "mine"
			{Mined}
			{Miner 1}
		}
	}
	{Entity "mine_antipersonnel" 0x808c
		{Position 6478.49 8060.29 202.064}
		{Extender "mine"
			{Mined}
			{Miner 1}
		}
	}
	{Entity "mine_antipersonnel" 0x808d
		{Position 6271.41 7916.24 179.254}
		{Extender "mine"
			{Mined}
			{Miner 1}
		}
	}
	{Entity "mine_antipersonnel" 0x808e
		{Position 6178.85 7938.35 181.676}
		{Extender "mine"
			{Mined}
			{Miner 1}
		}
	}
	{Entity "mine_antipersonnel" 0x808f
		{Position 6074.2 7933.66 180.738}
		{Extender "mine"
			{Mined}
			{Miner 1}
		}
	}
	{Entity "mine_antipersonnel" 0x8090
		{Position 5970.36 7967.58 184.761}
		{Extender "mine"
			{Mined}
			{Miner 1}
		}
	}
	{Entity "mine_antipersonnel" 0x8091
		{Position 6046.8 7833.52 166.71}
		{Extender "mine"
			{Mined}
			{Miner 1}
		}
	}
	{Entity "mine_antipersonnel" 0x8092
		{Position 5999.41 7763.66 150.738}
		{Extender "mine"
			{Mined}
			{Miner 1}
		}
	}
	{Entity "mine_antipersonnel" 0x8093
		{Position 6113.57 7730.63 145.066}
		{Extender "mine"
			{Mined}
			{Miner 1}
		}
	}
	{Entity "mine_antipersonnel" 0x8094
		{Position 6202.17 7717.9 141.586}
		{Extender "mine"
			{Mined}
			{Miner 1}
		}
	}
	{Entity "mine_antipersonnel" 0x8095
		{Position 6258.39 7683.85 134.776}
		{Extender "mine"
			{Mined}
			{Miner 1}
		}
	}
	{Entity "mine_antipersonnel" 0x8096
		{Position 6147.87 7648.01 126.412}
		{Extender "mine"
			{Mined}
			{Miner 1}
		}
	}
	{Entity "mine_antipersonnel" 0x8097
		{Position 6063.66 7632.98 120.903}
		{Extender "mine"
			{Mined}
			{Miner 1}
		}
	}
	{Entity "mine_antipersonnel" 0x8098
		{Position 6047.85 7694.77 136.96}
		{Extender "mine"
			{Mined}
			{Miner 1}
		}
	}
	{Entity "mine_antipersonnel" 0x8099
		{Position 6002.48 7672.17 129.924}
		{Extender "mine"
			{Mined}
			{Miner 1}
		}
	}
	{Entity "mine_antipersonnel" 0x809a
		{Position 5961.25 7654.07 124.23}
		{Extender "mine"
			{Mined}
			{Miner 1}
		}
	}
	{Entity "mine_antipersonnel" 0x809b
		{Position 5832.42 7663.66 123.861}
		{Extender "mine"
			{Mined}
			{Miner 1}
		}
	}
	{Entity "mine_antipersonnel" 0x809c
		{Position 5745.3 7702.44 130.494}
		{Extender "mine"
			{Mined}
			{Miner 1}
		}
	}
	{Entity "mine_antipersonnel" 0x809d
		{Position 5722.12 7783.94 147.794}
		{Extender "mine"
			{Mined}
			{Miner 1}
		}
	}
	{Entity "mine_antipersonnel" 0x809e
		{Position 5710.52 7859 161.806}
		{Extender "mine"
			{Mined}
			{Miner 1}
		}
	}
	{Entity "mine_antipersonnel" 0x809f
		{Position 5722.08 7913.08 172.622}
		{Extender "mine"
			{Mined}
			{Miner 1}
		}
	}
	{Entity "mine_antipersonnel" 0x80a0
		{Position 5842.69 7941.01 179.208}
		{Extender "mine"
			{Mined}
			{Miner 1}
		}
	}
	{Entity "mine_antipersonnel" 0x80a1
		{Position 5855.61 7837.1 160.426}
		{Extender "mine"
			{Mined}
			{Miner 1}
		}
	}
	{Entity "mine_antipersonnel" 0x80a2
		{Position 5904.87 7748.9 145.786}
		{Extender "mine"
			{Mined}
			{Miner 1}
		}
	}
	{Entity "mine_antipersonnel" 0x80a3
		{Position 5797.8 7755.6 144.069}
		{Extender "mine"
			{Mined}
			{Miner 1}
		}
	}
	{Entity "mine_antipersonnel" 0x80a4
		{Position 5931.02 7826.34 159.466}
		{Extender "mine"
			{Mined}
			{Miner 1}
		}
	}
	{Entity "mine_antipersonnel" 0x80a5
		{Position 5895.02 7693.52 132.71}
		{Extender "mine"
			{Mined}
			{Miner 1}
		}
	}
	{Entity "mine_antipersonnel" 0x80a6
		{Position 5677.41 7716.48 132.302}
		{Extender "mine"
			{Mined}
			{Miner 1}
		}
	}
	{Entity "mine_antipersonnel" 0x80a7
		{Position 5544.99 7700.58 126.183}
		{Extender "mine"
			{Mined}
			{Miner 1}
		}
	}
	{Entity "mine_antipersonnel" 0x80a8
		{Position 5492.62 7690.11 123.028}
		{Extender "mine"
			{Mined}
			{Miner 1}
		}
	}
	{Entity "mine_antipersonnel" 0x80a9
		{Position 5385.14 7706.44 124.941}
		{Extender "mine"
			{Mined}
			{Miner 1}
		}
	}
	{Entity "mine_antipersonnel" 0x80aa
		{Position 5312.98 7726.81 131.052}
		{Extender "mine"
			{Mined}
			{Miner 1}
		}
	}
	{Entity "mine_antipersonnel" 0x80ab
		{Position 5638.43 7725.69 134.144}
		{Extender "mine"
			{Mined}
			{Miner 1}
		}
	}
	{Entity "mine_antipersonnel" 0x80ac
		{Position 5622.43 7785.63 147.132}
		{Extender "mine"
			{Mined}
			{Miner 1}
		}
	}
	{Entity "mine_antipersonnel" 0x80ad
		{Position 5561.41 7821.47 153.3}
		{Extender "mine"
			{Mined}
			{Miner 1}
		}
	}
	{Entity "mine_antipersonnel" 0x80ae
		{Position 5509.72 7778.31 144.668}
		{Extender "mine"
			{Mined}
			{Miner 1}
		}
	}
	{Entity "mine_antipersonnel" 0x80af
		{Position 5493.93 7809.33 150.388}
		{Extender "mine"
			{Mined}
			{Miner 1}
		}
	}
	{Entity "mine_antipersonnel" 0x80b0
		{Position 5575.21 7938.26 176.269}
		{Extender "mine"
			{Mined}
			{Miner 1}
		}
	}
	{Entity "mine_antipersonnel" 0x80b1
		{Position 5605.21 7976.75 184.356}
		{Extender "mine"
			{Mined}
			{Miner 1}
		}
	}
	{Entity "mine_antipersonnel" 0x80b2
		{Position 5576.44 8062.53 201.512}
		{Extender "mine"
			{Mined}
			{Miner 1}
		}
	}
	{Entity "mine_antipersonnel" 0x80b3
		{Position 5453.86 7992.07 186.42}
		{Extender "mine"
			{Mined}
			{Miner 1}
		}
	}
	{Entity "mine_antipersonnel" 0x80b4
		{Position 5530.04 7952.88 178.582}
		{Extender "mine"
			{Mined}
			{Miner 1}
		}
	}
	{Entity "mine_antipersonnel" 0x80b5
		{Position 5431.38 7947.98 176.602}
		{Extender "mine"
			{Mined}
			{Miner 1}
		}
	}
	{Entity "mine_antipersonnel" 0x80b6
		{Position 5356.66 7946.51 176.224}
		{Extender "mine"
			{Mined}
			{Miner 1}
		}
	}
	{Entity "mine_antipersonnel" 0x80b7
		{Position 5339.03 7886.65 163.336}
		{Extender "mine"
			{Mined}
			{Miner 1}
		}
	}
	{Entity "mine_antipersonnel" 0x80b8
		{Position 5284.28 7924.99 171.004}
		{Extender "mine"
			{Mined}
			{Miner 1}
		}
	}
	{Entity "mine_antipersonnel" 0x80b9
		{Position 5203.66 7980.52 183.11}
		{Extender "mine"
			{Mined}
			{Miner 1}
		}
	}
	{Entity "mine_antipersonnel" 0x80ba
		{Position 6274.35 8037.3 198.466}
		{Extender "mine"
			{Mined}
			{Miner 1}
		}
	}
	{Entity "mine_antipersonnel" 0x80bb
		{Position 6305.88 8130.79 215.164}
		{Extender "mine"
			{Mined}
			{Miner 1}
		}
	}
	{Entity "mine_antipersonnel" 0x80bc
		{Position 6219.34 8113.26 212.658}
		{Extender "mine"
			{Mined}
			{Miner 1}
		}
	}
	{Entity "mine_antipersonnel" 0x80bd
		{Position 6157.66 8024.26 195.858}
		{Extender "mine"
			{Mined}
			{Miner 1}
		}
	}
	{Entity "mine_antipersonnel" 0x80be
		{Position 6102.87 8028.77 196.76}
		{Extender "mine"
			{Mined}
			{Miner 1}
		}
	}
	{Entity "mine_antipersonnel" 0x80bf
		{Position 5966.16 8081.07 206.22}
		{Extender "mine"
			{Mined}
			{Miner 1}
		}
	}
	{Entity "mine_antipersonnel" 0x80c0
		{Position 6049.7 8092.01 209.408}
		{Extender "mine"
			{Mined}
			{Miner 1}
		}
	}
	{Entity "mine_antipersonnel" 0x80c1
		{Position 6145.19 8184.69 223.944}
		{Extender "mine"
			{Mined}
			{Miner 1}
		}
	}
	{Entity "mine_antipersonnel" 0x80c2
		{Position 6222 8239.34 232.874}
		{Extender "mine"
			{Mined}
			{Miner 1}
		}
	}
	{Entity "mine_antipersonnel" 0x80c3
		{Position 6058.29 8240.11 233.028}
		{Extender "mine"
			{Mined}
			{Miner 1}
		}
	}
	{Entity "mine_antipersonnel" 0x80c4
		{Position 5937.57 8199.99 225.004}
		{Extender "mine"
			{Mined}
			{Miner 1}
		}
	}
	{Entity "mine_antipersonnel" 0x80c5
		{Position 5904.44 8098.74 208.877}
		{Extender "mine"
			{Mined}
			{Miner 1}
		}
	}
	{Entity "mine_antipersonnel" 0x80c6
		{Position 5868.57 8250.6 233.063}
		{Extender "mine"
			{Mined}
			{Miner 1}
		}
	}
	{Entity "mine_antipersonnel" 0x80c7
		{Position 5725.05 8273.73 235.376}
		{Extender "mine"
			{Mined}
			{Miner 1}
		}
	}
	{Entity "mine_antipersonnel" 0x80c8
		{Position 5802.1 8160.99 218.204}
		{Extender "mine"
			{Mined}
			{Miner 1}
		}
	}
	{Entity "mine_antipersonnel" 0x80c9
		{Position 5760.04 8091.83 208.372}
		{Extender "mine"
			{Mined}
			{Miner 1}
		}
	}
