;Exported by: vic
;Date:        Tue Oct 14 19:58:02 2003
;File:        D:\-Projects-\-3DWork-\Constructions\NEW\Маяк\mayak_IK_vic.max
{Skeleton
	{animation
		{sequence "crush" {speed 1}}
	}
	{bone "lighthouse"
		{parameters "CommonMesh;"}
		{Orientation
			1.0000	0.0000	0.0000
			0.0000	-1.0000	0.0000
			0.0000	0.0000	1.0000
		}
		{VolumeView "lighthouse.ply"}
		{bone "piece1"
			{Position -8.8617	-26.4985	206.0232}
			{VolumeView "piece1.ply"}
			{bone "sub_piece7"
				{Position -20.5586	14.3064	44.9113}
				{VolumeView "sub_piece7.ply"}
			}
			{bone "sub_piece8"
				{Position 32.7776	8.0181	11.0057}
				{VolumeView "sub_piece8.ply"}
			}
			{bone "sub_piece9"
				{Position 16.2198	-8.3888	46.2001}
				{VolumeView "sub_piece9.ply"}
			}
		}
		{bone "piece2"
			{Position 33.7047	-0.6872	131.0075}
			{VolumeView "piece2.ply"}
			{bone "sub_piece10"
				{Position -9.9624	-18.2232	24.6542}
				{VolumeView "sub_piece10.ply"}
			}
		}
		{bone "Piece3"
			{Position 25.0453	-18.6563	261.2320}
			{VolumeView "Piece3.ply"}
		}
		{bone "Piece4"
			{Position -32.8954	11.3167	256.7118}
			{VolumeView "Piece4.ply"}
		}
		{bone "FX_dust2"
			{Position -0.2994	-0.1176	74.1008}
		}
		{bone "FX_glass"
			{Matrix34
				-0.0000	0.0000	1.0000
				0.0000	1.0000	0.0000
				-1.0000	0.0000	-0.0000
				-0.2994	-0.1176	276.2241
			}
		}
		{bone "FX_stone"
			{Position -0.2994	-0.1176	155.8186}
		}
		{bone "FX_rock"
			{Position -0.2994	-0.1176	173.3120}
		}
		{bone "FX_board"
			{Position -0.2994	-0.1176	281.8069}
		}
		{bone "piece0"
			{Position -9.3237	27.4177	170.6056}
			{VolumeView "piece0.ply"}
			{bone "sub_piece0"
				{Position 29.9588	-0.2031	-0.8816}
				{VolumeView "sub_piece0.ply"}
			}
			{bone "sub_piece1"
				{Position -21.1231	-26.9004	10.0199}
				{VolumeView "sub_piece1.ply"}
			}
			{bone "sub_piece2"
				{Position -7.2859	-3.8955	42.7169}
				{VolumeView "sub_piece2.ply"}
			}
			{bone "sub_piece3"
				{Position 40.1297	-27.1832	23.6963}
				{VolumeView "sub_piece3.ply"}
			}
			{bone "sub_piece4"
				{Position 31.0455	-10.3169	42.7169}
				{VolumeView "sub_piece4.ply"}
			}
			{bone "sub_piece5"
				{Position 33.5742	-9.2054	90.6264}
				{VolumeView "sub_piece5.ply"}
			}
			{bone "sub_piece6"
				{Position -0.4845	-0.6515	82.1122}
				{VolumeView "sub_piece6.ply"}
			}
		}
		{bone "FX_dust_long"
			{Position -0.2994	-0.1176	169.3913}
		}
		{bone "FX_dust_long1"
			{Position -0.2994	-0.1175	15.8211}
		}
		{bone "FX_fire"
			{Position -0.2994	-0.1176	88.0594}
		}
		{bone "FX_fire1"
			{Position -0.2994	-0.1176	125.8628}
		}
	}
}
{Volume "body1"
	{Cylinder 40.1196 75.3463}
	{Bone "lighthouse"}
		{Position 0.6759	-0.3683	106.2081}
}
{Volume "piece0"
	{Box 36.4252 7.39063 55.588}
	{Bone "piece0"}
		{Matrix34
			0.9417	0.3365	0.0000
			-0.3365	0.9417	0.0000
			0.0000	0.0000	1.0000
			0.0774	1.1127	-1.2094
		}
}
{Volume "sub_piece6"
	{Box 38.4902 10.1916 19.6628}
	{Bone "sub_piece6"}
		{Matrix34
			0.9544	0.2987	0.0000
			-0.2987	0.9544	0.0000
			0.0000	0.0000	1.0000
			0.7268	1.8050	0.0813
		}
}
{Volume "sub_piece5"
	{Box 10.5523 34.6974 19.5843}
	{Bone "sub_piece5"}
		{Matrix34
			0.8075	0.5899	0.0000
			-0.5899	0.8075	0.0000
			0.0000	0.0000	1.0000
			0.0567	-1.3059	-8.4032
		}
}
{Volume "sub_piece4"
	{Box 6.43869 33.6242 34.1608}
	{Bone "sub_piece4"}
		{Matrix34
			0.8179	0.5754	0.0000
			-0.5754	0.8179	0.0000
			0.0000	0.0000	1.0000
			1.2427	-0.5457	12.5446
		}
}
{Volume "sub_piece3"
	{Box 5.88023 36.2837 45.5717}
	{Bone "sub_piece3"}
		{Position -1.5251	-0.4756	0.2256}
}
{Volume "sub_piece2"
	{Box 47.6232 7.83136 34.3437}
	{Bone "sub_piece2"}
		{Matrix34
			0.8029	0.5961	0.0000
			-0.5961	0.8029	0.0000
			0.0000	0.0000	1.0000
			3.7845	-5.0421	6.3866
		}
}
{Volume "sub_piece1"
	{Box 8.71038 73.7525 29.5282}
	{Bone "sub_piece1"}
		{Matrix34
			1.0000	0.0000	0.0000
			0.0000	0.2507	-0.9681
			0.0000	0.9681	0.2507
			1.3124	2.0664	0.1747
		}
}
{Volume "sub_piece0"
	{Box 5.36507 21.8929 57.1016}
	{Bone "sub_piece0"}
		{Matrix34
			0.6592	0.7520	0.0000
			-0.7520	0.6592	0.0000
			0.0000	0.0000	1.0000
			-1.2624	-0.8865	-1.1802
		}
}
{Volume "body"
	{Cylinder 54.9584 72.2273}
	{Bone "lighthouse"}
		{Position 0.6759	-0.3683	32.2212}
}
{Volume "Piece4"
	{Box 6.31965 22.5133 11.5407}
	{Bone "Piece4"}
		{Matrix34
			0.9310	-0.3585	0.0691
			0.3560	0.9334	0.0458
			-0.0809	-0.0181	0.9966
			0.1159	-1.2241	-0.0935
		}
}
{Volume "Piece3"
	{Box 9.87446 40.9333 18.0323}
	{Bone "Piece3"}
		{Matrix34
			0.8066	-0.5552	-0.2027
			0.5227	0.8302	-0.1939
			0.2760	0.0504	0.9598
			2.7775	-0.8040	-5.0429
		}
}
{Volume "sub_piece10"
	{Box 24.1196 6.52649 68.3266}
	{Bone "sub_piece10"}
		{Matrix34
			0.8357	0.5491	0.0000
			-0.5491	0.8357	0.0000
			0.0000	0.0000	1.0000
			-3.8150	-8.7143	0.7420
		}
}
{Volume "piece2"
	{Box 6.67264 22.1791 58.751}
	{Bone "piece2"}
		{Matrix34
			1.0000	0.0000	0.0000
			0.0000	0.9854	-0.1700
			0.0000	0.1700	0.9854
			-1.1462	-4.8112	0.6298
		}
}
{Volume "piece1"
	{Box 26.9442 5.60226 66.0772}
	{Bone "piece1"}
		{Matrix34
			0.9323	-0.3282	0.1521
			0.3322	0.9432	-0.0011
			-0.1431	0.0515	0.9884
			2.9901	-1.7489	-3.8288
		}
}
{Volume "sub_piece9"
	{Box 22.4511 8.17432 15.503}
	{Bone "sub_piece9"}
		{Matrix34
			0.9980	0.0634	0.0000
			-0.0634	0.9980	0.0000
			0.0000	0.0000	1.0000
			-6.3128	2.4514	0.5417
		}
}
{Volume "sub_piece8"
	{Box 22.5498 5.00604 48.7527}
	{Bone "sub_piece8"}
		{Matrix34
			0.8045	0.5939	0.0000
			-0.5939	0.8045	0.0000
			0.0000	0.0000	1.0000
			-4.6365	-5.2627	0.9647
		}
}
{Volume "sub_piece7"
	{Box 9.30179 42.8815 29.482}
	{Bone "sub_piece7"}
		{Matrix34
			0.9547	0.2977	0.0000
			-0.2977	0.9547	0.0000
			0.0000	0.0000	1.0000
			2.4779	1.7245	-2.5171
		}
}
