;Exported by: vic
;Date:        Fri Feb 20 16:37:33 2004
;File:        D:\-Projects-\-3DWork-\Constructions\SK\store_vic1.max
{Skeleton
	{bone "store2"
		{Orientation
			1.0000	0.0000	0.0000
			0.0000	-1.0000	0.0000
			0.0000	0.0000	1.0000
		}
		{VolumeView "store2.ply"}
		{bone "exterior"
			{Position 34.9678	-27.0983	94.2306}
			{VolumeView "exterior.ply"}
		}
		{bone "window1"
			{Matrix34
				1.0000	0.0000	0.0000
				0.0000	-0.0000	1.0000
				0.0000	-1.0000	-0.0000
				68.0238	39.3481	57.3677
			}
			{VolumeView "window1.ply"}
			{bone "FX_glass1"
				{Matrix34
					-0.0000	0.0000	-1.0000
					-1.0000	-0.0000	-0.0000
					-0.0000	1.0000	0.0000
					-0.4638	0.3505	-0.6191
				}
			}
		}
		{bone "window1_x"
			{Matrix34
				1.0000	0.0000	0.0000
				0.0000	-0.0000	1.0000
				0.0000	-1.0000	-0.0000
				68.0238	38.2195	57.3677
			}
			{VolumeView "window1_x.ply"}
		}
		{bone "window2"
			{Matrix34
				-0.0000	1.0000	0.0000
				0.0000	0.0000	1.0000
				1.0000	0.0000	-0.0000
				-48.4718	10.7508	46.6244
			}
			{VolumeView "window2.ply"}
			{bone "FX_glass2"
				{Matrix34
					-0.0000	0.0000	-1.0000
					-1.0000	-0.0000	-0.0000
					-0.0000	1.0000	0.0000
					-0.4638	0.3505	-0.6191
				}
			}
		}
		{bone "window2_x"
			{Matrix34
				-0.0000	1.0000	0.0000
				0.0000	0.0000	1.0000
				1.0000	0.0000	-0.0000
				-47.3432	10.7508	46.6244
			}
			{VolumeView "window2_x.ply"}
		}
	}
}
{Obstacle "Obstacle1"
	{Obb2
		{Center -47.336 65.4612}
		{Extent 2.81796 30.8214}
		{Axis -1 0}
	}
	{Rotate}
}
{Obstacle "Obstacle"
	{Obb2
		{Center -47.3359 -13.5296}
		{Extent 2.81795 28.6198}
		{Axis -1 0}
	}
	{Rotate}
}
{Obstacle "post1"
	{Obb2
		{Center 105.12 -97.6868}
		{Extent 1.49356 1.46178}
		{Axis 1 0}
	}
	{Rotate}
}
{Obstacle "post"
	{Obb2
		{Center -46.8784 -97.6868}
		{Extent 1.49356 1.46178}
		{Axis 1 0}
	}
	{Rotate}
}
{Area "interior"
	{Obb2
		{Center 32.7019 27.0876}
		{Extent 79.6823 64.4564}
		{Axis -1 0}
	}
	{Rotate}
}
{Obstacle "door4"
	{Obb2
		{Center -11.3686 -44.1965}
		{Extent 0.50132 14.8456}
		{Axis 0.342602 0.939481}
	}
	{Rotate}
}
{Obstacle "door3"
	{Obb2
		{Center 33.1558 -53.9009}
		{Extent 14.5532 0.503075}
		{Axis 0.0879049 0.996129}
	}
	{Rotate}
}
{Obstacle "door2"
	{Obb2
		{Center -54.6723 30.509}
		{Extent 10.8036 0.494514}
		{Axis 0.906401 0.422418}
	}
	{Rotate}
}
{Obstacle "door1"
	{Obb2
		{Center 51.4157 104.296}
		{Extent 0.501968 20.2286}
		{Axis 0.573975 0.818873}
	}
	{Rotate}
}
{Obstacle "door"
	{Obb2
		{Center 0.804867 108.792}
		{Extent 19.2372 0.501484}
		{Axis 0.573975 0.818873}
	}
	{Rotate}
}
{Obstacle "body7"
	{Obb2
		{Center 88.8761 93.5075}
		{Extent 20.7476 2.51685}
		{Axis 1 0}
	}
	{Rotate}
}
{Obstacle "body5"
	{Obb2
		{Center -27.4198 93.5075}
		{Extent 17.1654 2.51685}
		{Axis 1 0}
	}
	{Rotate}
}
{Obstacle "body3"
	{Obb2
		{Center -35.1525 -39.6257}
		{Extent 9.73499 2.51685}
		{Axis 1 0}
	}
	{Rotate}
}
{Obstacle "body"
	{Obb2
		{Center 71.6472 -39.5542}
		{Extent 37.4397 2.51685}
		{Axis 1 0}
	}
	{Rotate}
}
{Volume "Hole3"
	{Box 19.5411 15.748 39.211}
	{Bone "store2"}
	{Matrix34
		-0.0000	1.0000	0.0000
		-1.0000	-0.0000	0.0000
		0.0000	0.0000	1.0000
		-47.9324	-24.8479	35.4450
	}
}
{Volume "window2"
	{Box 30.986 1.9685 17.4271}
	{Bone "window2"}
	{Matrix34
		1.0000	-0.0000	0.0000
		-0.0000	-0.0000	-1.0000
		-0.0000	1.0000	-0.0000
		-0.0230	0.0167	0.5395
	}
}
{Volume "window1"
	{Box 33.9194 1.9685 17.4271}
	{Bone "window1"}
	{Matrix34
		1.0000	0.0000	0.0000
		0.0000	-0.0000	-1.0000
		0.0000	1.0000	-0.0000
		-0.0230	0.0167	0.5395
	}
}
{Volume "roof3"
	{Box 37.2139 1.61775 27.3473}
	{Bone "store2"}
	{Matrix34
		-0.0000	1.0000	-0.0000
		-0.2183	-0.0000	0.9759
		0.9759	0.0000	0.2183
		-60.9284	-24.4336	68.5792
	}
}
{Volume "roof2"
	{Box 167.963 1.61775 77.9528}
	{Bone "store2"}
	{Matrix34
		1.0000	0.0000	0.0000
		0.0000	0.2588	-0.9659
		0.0000	0.9659	0.2588
		27.4109	-64.3903	87.6625
	}
}
{Volume "roof1"
	{Box 167.963 1.61775 77.9528}
	{Bone "store2"}
	{Matrix34
		1.0000	0.0000	0.0000
		0.0000	0.2588	0.9659
		0.0000	-0.9659	0.2588
		27.4109	10.3962	87.6625
	}
}
{Volume "roof"
	{Box 165.838 1.61775 61.1845}
	{Bone "store2"}
	{Matrix34
		1.0000	0.0000	0.0000
		0.0000	0.0872	0.9962
		0.0000	-0.9962	0.0872
		26.1753	72.5204	75.0662
	}
}
{Volume "post1"
	{Box 2.98712 2.92356 72.8558}
	{Bone "store2"}
	{Position 105.1205	97.6868	36.4279}
}
{Volume "post"
	{Box 2.98712 2.92356 72.8558}
	{Bone "store2"}
	{Position -46.8784	97.6868	36.4279}
}
{Volume "Hole2"
	{Box 31.2059 15.748 17.4271}
	{Bone "store2"}
	{Matrix34
		-0.0000	1.0000	0.0000
		-1.0000	-0.0000	0.0000
		0.0000	0.0000	1.0000
		-47.9324	10.7278	46.6410
	}
}
{Volume "Hole1"
	{Box 33.9194 15.748 17.4271}
	{Bone "store2"}
	{Position 68.0007	38.8086	57.3843}
}
{Volume "door4"
	{Box 29.6906 0.984252 48.2437}
	{Bone "store2"}
	{Matrix34
		0.9397	0.3420	0.0000
		-0.3420	0.9397	0.0000
		0.0000	0.0000	1.0000
		-11.3686	44.1965	39.8520
	}
}
{Volume "door3"
	{Box 29.1056 0.984252 48.2437}
	{Bone "store2"}
	{Matrix34
		0.0872	-0.9962	0.0000
		0.9962	0.0872	0.0000
		0.0000	0.0000	1.0000
		33.1558	53.9009	39.8520
	}
}
{Volume "door2"
	{Box 21.607 0.984252 39.6089}
	{Bone "store2"}
	{Matrix34
		0.9063	-0.4226	0.0000
		0.4226	0.9063	0.0000
		0.0000	0.0000	1.0000
		-54.6723	-30.5090	35.5825
	}
}
{Volume "door1"
	{Box 40.4568 0.984252 57.9841}
	{Bone "store2"}
	{Matrix34
		0.8192	0.5736	0.0000
		-0.5736	0.8192	0.0000
		0.0000	0.0000	1.0000
		51.4157	-104.2960	28.9921
	}
}
{Volume "door"
	{Box 38.474 0.984252 57.9841}
	{Bone "store2"}
	{Matrix34
		0.5736	-0.8192	0.0000
		0.8192	0.5736	0.0000
		0.0000	0.0000	1.0000
		0.8049	-108.7924	28.9921
	}
}
{Volume "body7"
	{Box 41.4951 5.0337 78.3962}
	{Bone "store2"}
	{Position 88.8761	-93.5075	39.1981}
}
{Volume "body6"
	{Box 78.7115 5.0337 20.4597}
	{Bone "store2"}
	{Position 29.1020	-93.5075	68.1134}
}
{Volume "body5"
	{Box 34.3308 5.0337 78.3962}
	{Bone "store2"}
	{Position -27.4198	-93.5075	39.1981}
}
{Volume "body4"
	{Polyhedron "body4.vol"}
	{Bone "store2"}
	{Position -47.3650	-27.0100	0.0000}
}
{Volume "body3"
	{Box 19.47 5.0337 78.3962}
	{Bone "store2"}
	{Position -35.1525	39.6257	39.1981}
}
{Volume "body2"
	{Box 60.5931 5.0337 14.5994}
	{Bone "store2"}
	{Position 4.5472	39.5606	71.2540}
}
{Volume "body1"
	{Box 60.5931 5.0337 15.6635}
	{Bone "store2"}
	{Position 4.5472	39.5606	7.9026}
}
{Volume "body"
	{Box 74.8793 5.0337 78.3962}
	{Bone "store2"}
	{Position 71.6472	39.5542	39.1981}
}
