;Exported by: shevchenko
;Date:        Mon Apr 19 11:53:05 2004
;File:        D:\-Projects-\-3DWork-\sheva\kuznja_1_x.max
{Skeleton
	{animation
		{sequence "crush" {speed 0.8}}
	}
	{bone "kuznja_coner3_x"
		{parameters "CommonMesh;"}
		{Orientation
			1.0000	0.0000	0.0000
			0.0000	-1.0000	0.0000
			0.0000	0.0000	1.0000
		}
		{VolumeView "kuznja_coner3_x.ply"}
		{bone "piece1"
			{Matrix34
				-0.0000	1.0000	0.0000
				0.0000	0.0000	1.0000
				1.0000	0.0000	-0.0000
				-52.9208	-28.3721	57.0866
			}
			{VolumeView "piece1.ply"}
		}
		{bone "piece10"
			{Matrix34
				-0.0000	1.0000	0.0000
				0.0000	0.0000	1.0000
				1.0000	0.0000	-0.0000
				33.7160	86.3014	87.6290
			}
			{VolumeView "piece10.ply"}
		}
		{bone "piece11"
			{Matrix34
				-0.0000	1.0000	0.0000
				0.0000	0.0000	1.0000
				1.0000	0.0000	-0.0000
				55.9756	86.3014	61.0236
			}
			{VolumeView "piece11.ply"}
		}
		{bone "piece2"
			{Matrix34
				-0.0000	1.0000	0.0000
				0.0000	0.0000	1.0000
				1.0000	0.0000	-0.0000
				-52.9208	-24.9409	84.6457
			}
			{VolumeView "piece2.ply"}
		}
		{bone "piece3"
			{Matrix34
				-0.0000	1.0000	0.0000
				0.0000	0.0000	1.0000
				1.0000	0.0000	-0.0000
				-52.9208	10.7150	74.8278
			}
			{VolumeView "piece3.ply"}
		}
		{bone "piece4"
			{Matrix34
				-0.0000	1.0000	0.0000
				0.0000	0.0000	1.0000
				1.0000	0.0000	-0.0000
				-52.9208	49.0410	76.5543
			}
			{VolumeView "piece4.ply"}
		}
		{bone "piece5"
			{Matrix34
				-0.0000	1.0000	0.0000
				0.0000	0.0000	1.0000
				1.0000	0.0000	-0.0000
				-52.9208	47.1789	33.6405
			}
			{VolumeView "piece5.ply"}
		}
		{bone "piece6"
			{Matrix34
				-0.0000	1.0000	0.0000
				0.0000	0.0000	1.0000
				1.0000	0.0000	-0.0000
				-21.1297	68.5627	43.3071
			}
			{VolumeView "piece6.ply"}
		}
		{bone "piece7"
			{Matrix34
				-0.0000	1.0000	0.0000
				0.0000	0.0000	1.0000
				1.0000	0.0000	-0.0000
				-18.1769	68.5627	94.7772
			}
			{VolumeView "piece7.ply"}
		}
		{bone "piece8"
			{Matrix34
				-0.0000	1.0000	0.0000
				0.0000	0.0000	1.0000
				1.0000	0.0000	-0.0000
				-1.4446	68.5627	69.8819
			}
			{VolumeView "piece8.ply"}
		}
		{bone "piece12"
			{Matrix34
				-0.0000	1.0000	0.0000
				0.0000	0.0000	1.0000
				1.0000	0.0000	-0.0000
				32.0200	86.3014	48.7309
			}
			{VolumeView "piece12.ply"}
		}
		{bone "piece14"
			{Matrix34
				-0.0000	1.0000	0.0000
				0.0000	0.0000	1.0000
				1.0000	0.0000	-0.0000
				61.5475	84.3329	18.7008
			}
			{VolumeView "piece14.ply"}
		}
	}
}
{Volume "piece14"
	{Box 13.7795 14.8425 11.6063}
	{Bone "piece14"}
	{Matrix34
		1.0000	-0.0000	-0.0000
		-0.0000	0.5081	-0.8613
		0.0000	0.8613	0.5081
		0.0306	-0.3303	-0.6324
	}
}
{Volume "piece12"
	{Box 9.84252 19.7661 32.961}
	{Bone "piece12"}
	{Matrix34
		1.0000	-0.0000	-0.0000
		-0.0000	-0.5131	-0.8583
		-0.0000	0.8583	-0.5131
		-0.0258	1.1373	-1.5855
	}
}
{Volume "piece8"
	{Box 5.90551 13.6229 8.66142}
	{Bone "piece8"}
	{Matrix34
		1.0000	-0.0000	0.0000
		-0.0000	0.2791	-0.9603
		0.0000	0.9603	0.2791
		0.0012	0.2503	-0.2667
	}
}
{Volume "piece7"
	{Box 5.90551 33.6033 12.5984}
	{Bone "piece7"}
	{Matrix34
		1.0000	-0.0000	0.0000
		-0.0000	-0.2329	-0.9725
		-0.0000	0.9725	-0.2329
		0.0012	-0.0612	0.8466
	}
}
{Volume "piece6"
	{Box 5.90551 20.5858 33.6614}
	{Bone "piece6"}
	{Matrix34
		1.0000	0.0000	-0.0000
		0.0000	-0.3376	-0.9413
		0.0000	0.9413	-0.3376
		0.0012	-1.2746	-0.9612
	}
}
{Volume "piece5"
	{Box 5.90551 17.6432 28.1496}
	{Bone "piece5"}
	{Matrix34
		-0.0000	0.0000	1.0000
		0.9658	0.2592	0.0000
		-0.2592	0.9658	-0.0000
		-0.0892	-0.6320	-0.0007
	}
}
{Volume "piece4"
	{Box 5.90551 15.4393 26.1811}
	{Bone "piece4"}
	{Matrix34
		-0.0000	0.0000	1.0000
		0.6854	-0.7282	0.0000
		0.7282	0.6854	0.0000
		-1.3989	0.9214	-0.0006
	}
}
{Volume "piece3"
	{Box 5.90551 11.5038 23.4252}
	{Bone "piece3"}
	{Matrix34
		0.0000	-0.0000	1.0000
		0.9553	-0.2955	-0.0000
		0.2955	0.9553	0.0000
		1.1822	0.7611	-0.0007
	}
}
{Volume "piece2"
	{Box 5.90551 26.035 11.6142}
	{Bone "piece2"}
	{Matrix34
		-0.0000	0.0000	1.0000
		0.7727	-0.6348	0.0000
		0.6348	0.7727	-0.0000
		-0.6613	0.1829	-0.0007
	}
}
{Volume "piece11"
	{Box 9.84252 21.545 34.9387}
	{Bone "piece11"}
	{Matrix34
		1.0000	0.0000	-0.0000
		-0.0000	-0.2226	-0.9749
		-0.0000	0.9749	-0.2226
		-0.0258	-1.0485	0.1453
	}
}
{Volume "piece10"
	{Box 9.84252 14.7047 15.3307}
	{Bone "piece10"}
	{Matrix34
		1.0000	-0.0000	-0.0000
		-0.0000	0.7091	-0.7051
		0.0000	0.7051	0.7091
		-0.0258	-0.6438	-0.3717
	}
}
{Volume "piece1"
	{Box 5.90551 9.68742 8.85827}
	{Bone "piece1"}
	{Matrix34
		-0.0000	0.0000	1.0000
		0.9490	0.3153	0.0000
		-0.3153	0.9490	-0.0000
		-0.1030	-0.1641	-0.0007
	}
}
