{mission
	{Camera
		{Position -669.342 12093.5}
		{Distance 1000}
		{ViewAngle 0.256061}
		{YawAngle 43.1119}
	}
	{Environment "dayend3"}
	{User 2}
	{GameProgress 0 0}
	{Human "usa.marine.smg" 0x8000
		{Position -1007.92 12342.2 1.77991}
		{Turn -26.5828}
		{Extender "inventory"
			{box
				{clear}
				{item "ammo pistol" 50 {cell 4 0}}
				{item "grenade m61" {cell 6 0}}
				{item "grenade m61" {cell 7 0}}
				{item "bandage" 4 {cell 6 1}}
				{item "tommy" filling "ammo pistol" 50 {cell 0 0}}
				{item "ammo pistol" 50 {cell 6 2}}
				{item "ammo pistol" 50 {cell 4 1}}
			}
		}
		{Player 2}
		{MID 1}
		{NameId 69 61}
		{FsmState "squat"}
	}
	{Human "usa.marine.oficer" 0x8001
		{Position -971.665 12318.4 5.01962}
		{Turn -32.4328}
		{Extender "inventory"
			{box
				{clear}
				{item "colt" filling "ammo pistol" 7 {cell 4 0}}
				{item "ammo pistol" 90 {cell 6 0}}
				{item "bino" {cell 4 1}}
			}
		}
		{Player 2}
		{MID 2}
		{Weaponry
			{State
				{Mounted "thompson"}
				{Weapon
					{Ammo "ammo pistol" 30}
				}
			}
		}
		{NameId 69 62}
		{FsmState "squat"}
	}
	{Human "usa.marine.rifle" 0x8002
		{Position -1074.75 12355.4 1.93533}
		{Turn -88.9236}
		{Extender "inventory"
			{box
				{clear}
				{item "ammo rifle" 40 {cell 4 0}}
				{item "grenade m61" {cell 5 0}}
				{item "pala" {cell 6 0}}
				{item "grenade n73at" {cell 4 1}}
				{item "bandage" 3 {cell 6 1}}
			}
		}
		{Player 2}
		{MID 3}
		
		{Weaponry
			{State
				{Mounted "m1"}
				{Weapon
					{Ammo "ammo rifle" 8}
				}
			}
		}
		{NameId 102 99}
		{FsmState "squat"}
	}
	{Human "usa.marine.rifle" 0x8003
		{Position -983.395 12374.6 0}
		{Turn -23.6462}
		{Extender "inventory"
			{box
				{clear}
				{item "ammo rifle" 40 {cell 4 0}}
				{item "grenade m61" {cell 5 0}}
				{item "pala" {cell 6 0}}
				{item "grenade an_m14" {cell 4 1}}
				{item "bandage" 3 {cell 6 1}}
			}
		}
		{Player 2}
		{MID 4}
		
		{Weaponry
			{State
				{Mounted "m1"}
				{Weapon
					{Ammo "ammo rifle" 8}
				}
			}
		}
		{NameId 87 22}
		{FsmState "lie"}
	}
	{Human "usa.marine_medic" 0x8004
		{Position -1045.11 12310.5 5.94995}
		{Turn -71.3814}
		{Extender "inventory"
			{box
				{clear}
				{item "bandage" 5 {cell 6 0}}
				{item "bandage" 5 {cell 6 1}}
				{item "morphine" 6 {cell 6 2}}
				{item "morphine" 6 {cell 4 2}}
				{item "bandage" 5 {cell 4 0}}
				{item "bandage" 5 {cell 4 1}}
				{item "ammo rifle" 30 {cell 3 3}}
				{item "knife" {cell 1 3}}
			}
		}
		{Player 2}
		{MID 5}
		
		{Weaponry
			{State
				{Mounted "m2_carbine"}
				{Weapon
					{Ammo "ammo rifle" 15}
				}
			}
		}
		{NameId 99 40}
		{FsmState "squat"}
	}
	{Human "usa.marine.all" 0x8005
		{Position -992.148 12281 9.7998}
		{Turn -6.37568}
		{Extender "inventory"
			{box
				{clear}
				{item "dynamite" {cell 0 2}}
				{item "dynamite" {cell 2 2}}
				{item "dynamite" {cell 4 2}}
				{item "mine_detector" {cell 6 0}}
				{item "ammo pistol" 90 {cell 3 0}}
				{item "grenade m61" {cell 5 0}}
				{item "knife" {cell 4 1}}
			}
		}
		{Player 2}
		{MID 6}
		
		{Weaponry
			{State
				{Mounted "m3a"}
				{Weapon
					{Ammo "ammo pistol" 30}
				}
			}
		}
		{NameId 74 27}
		{FsmState "lie"}
	}
	{Entity "lcvp" 0x8006
		{Position -1075.76 12566 0}
		{Turn -84.2966}
		{Player 2}
		{MID 7}
		
	}
	{Entity "lcvp" 0x8007
		{Position -541.957 12476.7 0}
		{Turn -64.9445}
		{Player 0}
		{MID 8}
		
	}
	{Human "usa.marine.rifle" 0x8008
		{Position -594.687 12311.9 4.72058}
		{Turn -50.9469}
		{Extender "inventory"
			{box
				{clear}
				{item "ammo rifle" 40 {cell 6 0}}
				{item "grenade m61" {cell 6 3}}
				{item "grenade m61" {cell 5 2}}
				{item "knife" {cell 6 1}}
				{item "grenade smoke" {cell 2 3}}
			}
		}
		{Player 0}
		{MID 9}
		{Weaponry
			{State
				{Mounted "m1"}
				{Weapon
					{Ammo "ammo rifle" 8}
				}
			}
		}
		{NameId 125 13}
		{FsmState "squat"}
	}
	{Human "usa.marine.rifle" 0x8009
		{Position -362.634 12152.6 15}
		{Turn -59.4516}
		{Extender "inventory"
			{box
				{clear}
				{item "ammo rifle" 40 {cell 6 0}}
				{item "pala" {cell 0 3}}
				{item "bandage" 2 {cell 6 1}}
			}
		}
		{Player 0}
		{MID 10}
		{Weaponry
			{State
				{Mounted "m1"}
				{Weapon
					{Ammo "ammo rifle" 8}
				}
			}
		}
		{NameId 102 0}
		{FsmState "lie"}
	}
	{Human "usa.marine.rifle" 0x800a
		{Position -445.426 12341 2.8999}
		{Turn -30.8142}
		{Extender "inventory"
			{box
				{clear}
				{item "grenade m61" {cell 5 2}}
				{item "ammo rifle" 40 {cell 7 0}}
				{item "knife" {cell 6 1}}
				{item "bandage" 2 {cell 2 3}}
			}
		}
		{Player 0}
		{MID 11}
		{Weaponry
			{State
				{Mounted "m1"}
				{Weapon
					{Ammo "ammo rifle" 8}
				}
			}
		}
		{NameId 87 23}
		{FsmState "stand"}
	}
	{Human "usa.marine2.smg" 0x800b
		{Position -358.225 12278.5 11.1499}
		{Turn -60.3901}
		{Extender "inventory"
			{box
				{clear}
				{item "ammo pistol" 90 {cell 5 0}}
				{item "ammo pistol" 90 {cell 5 1}}
				{item "grenade n73at" {cell 4 2}}
			}
		}
		{Player 0}
		{MID 12}
		{Weaponry
			{State
				{Mounted "m3a"}
				{Weapon
					{Ammo "ammo pistol" 30}
				}
			}
		}
		{NameId 99 41}
		{FsmState "stand"}
	}
	{Human "usa.marine.smg" 0x800c
		{Position -287.797 12156.3 15}
		{Turn -52.765}
		{Extender "inventory"
			{box
				{clear}
				{item "ammo pistol" 90 {cell 4 0}}
				{item "grenade m61" {cell 6 3}}
				{item "grenade m61" {cell 4 2}}
				{item "bandage" 3 {cell 6 0}}
			}
		}
		{Player 0}
		{MID 13}
		{Weaponry
			{State
				{Mounted "thompson"}
				{Weapon
					{Ammo "ammo pistol" 30}
				}
			}
		}
		{NameId 74 28}
		{FsmState "stand"}
	}
	{Human "usa.marine.all" 0x800d
		{Position -247.44 12177.1 14.2899}
		{Turn -48.3035}
		{Extender "inventory"
			{box
				{clear}
				{item "ammo pistol" 74 {cell 6 0}}
				{item "ammo pistol" {cell 6 1}}
				{item "bandage" 3 {cell 4 0}}
			}
		}
		{Player 0}
		{MID 14}
		{Weaponry
			{State
				{Mounted "m3a"}
				{Weapon
					{Ammo "ammo pistol" 30}
				}
			}
		}
		{NameId 144 91}
		{FsmState "stand"}
	}
	{Human "usa.marine.all" 0x800e
		{Position -231.678 11899.8 15}
		{Turn -36.0556}
		{Extender "inventory"
			{box
				{clear}
				{item "ammo mgun" 97 {cell 6 0}}
				{item "ammo mgun" {cell 4 0}}
				{item "ammo mgun" {cell 4 1}}
				{item "ammo mgun" {cell 6 1}}
			}
		}
		{Player 0}
		{MID 15}
		{Weaponry
			{State
				{Mounted "weapon bar"}
				{Weapon
					{Ammo "ammo mgun" 20}
				}
			}
		}
		{NameId 135 23}
		{FsmState "squat"}
	}
	{Human "usa.marine.all" 0x800f
		{Position -446.969 12050.7 15}
		{Turn -67.0629}
		{Extender "inventory"
			{box
				{clear}
				{item "ammo rifle" 30 {cell 7 0}}
				{item "grenade m61" {cell 6 2}}
				{item "grenade m61" {cell 6 0}}
				{item "pala" {cell 6 3}}
				{item "grenade m18" {cell 7 2}}
				{item "bandage" 2 {cell 4 3}}
			}
		}
		{Player 0}
		{MID 16}
		{Weaponry
			{State
				{Mounted "springfield"}
				{Weapon
					{Ammo "ammo rifle" 5}
				}
			}
		}
		{NameId 145 49}
		{FsmState "stand"}
	}
	{Human "usa.marine.all" 0x8010
		{Position -298.572 11772.6 15}
		{Turn -67.7905}
		{Extender "inventory"
			{box
				{clear}
				{item "ammo pistol" 90 {cell 6 0}}
				{item "ammo pistol" 90 {cell 4 0}}
				{item "grenade m61" {cell 7 1}}
				{item "pala" {cell 6 3}}
				{item "bandage" 2 {cell 6 2}}
				{item "dynamite" {cell 4 2}}
			}
		}
		{Player 0}
		{MID 17}
		{Weaponry
			{State
				{Mounted "m3a"}
				{Weapon
					{Ammo "ammo pistol" 30}
				}
			}
		}
		{NameId 130 41}
		{FsmState "squat"}
	}
	{Human "usa.marine.all" 0x8011
		{Position -473.68 12300.5 7.8999}
		{Turn -16.4923}
		{Extender "inventory"
			{box
				{clear}
				{item "maps2" {cell 2 2}}
				{item "knife" {cell 5 1}}
				{item "pala" {cell 6 3}}
				{item "ammo pistol" 90 {cell 6 0}}
			}
		}
		{Player 0}
		{MID 18}
		{Weaponry
			{State
				{Mounted "thompson"}
				{Weapon
					{Ammo "ammo pistol" 30}
				}
			}
		}
		{NameId 105 13}
		{FsmState "lie"}
	}
	{Entity "lci" 0x8012
		{Position -863.557 12839.3 0}
		{Turn -0.237281}
		{Player 0}
		{MID 19}
		
	}
	{Entity "oerlikon" 0x8013
		{Position -548.215 12833.7 71.6818}
		{Orientation
			  0.999771  -0.004481   0.020909
			  0.003924   0.999677   0.026601
			 -0.021021  -0.026513   0.999466
		}
		{DisableObstacles}
		{Player 0}
		{MID 20}
		
	}
	{Entity "oerlikon" 0x8014
		{Position -1136.65 12863.4 39.4591}
		{Orientation
			 -0.572260   0.819979   0.009718
			 -0.819772  -0.571765  -0.032391
			 -0.021021  -0.026513   0.999466
		}
		{DisableObstacles}
		{Player 0}
		{MID 21}
		
	}
	{Entity "oerlikon" 0x8015
		{Position -1146.25 12813.7 37.9404}
		{Orientation
			 -0.678540  -0.733781  -0.033664
			  0.734278  -0.678920  -0.002503
			 -0.021021  -0.026513   0.999466
		}
		{DisableObstacles}
		{Player 0}
		{MID 22}
		
	}
	{Entity "oerlikon" 0x8016
		{Position -982.898 12837.8 79.9109}
		{Orientation
			 -0.999771   0.004481  -0.020909
			 -0.003613  -0.999166  -0.041390
			 -0.021077  -0.041305   0.998953
		}
		{DisableObstacles}
		{Player 0}
		{MID 23}
		
	}
	{Human "usa.tankman" 0x8017
		{Position -851.536 12837.1 68.2047}
		{Orientation
			  0.999771  -0.004481   0.020909
			  0.003613   0.999166   0.041390
			 -0.021077  -0.041305   0.998953
		}
		{DisableObstacles}
		{Player 0}
		{MID 24}
		{NameId 55 52}
		{FsmState "board"}
	}
	{Human "usa.marine.all" 0x8018
		{Position -1133.71 12827.1 38.3942}
		{Orientation
			 -0.678512  -0.733747  -0.034963
			  0.734280  -0.678918  -0.002603
			 -0.021977  -0.027399   0.999422
		}
		{DisableObstacles}
		{Player 0}
		{MID 25}
		{NameId 142 49}
		{FsmState "board"}
	}
	{Human "usa.marine.all" 0x8019
		{Position -964.507 12837.6 80.1274}
		{Orientation
			 -0.999744   0.004535  -0.022208
			 -0.003611  -0.999161  -0.041490
			 -0.022376  -0.041199   0.998930
		}
		{DisableObstacles}
		{Player 0}
		{MID 26}
		{NameId 67 26}
		{FsmState "board"}
	}
	{Human "usa.marine.all" 0x801a
		{Position -1126.18 12848.2 39.1128}
		{Orientation
			 -0.572232   0.820013   0.008418
			 -0.819770  -0.571762  -0.032491
			 -0.021683  -0.025390   0.999482
		}
		{DisableObstacles}
		{Player 0}
		{MID 27}
		{NameId 88 66}
		{FsmState "board"}
	}
	{Human "usa.marine.all" 0x801b
		{Position -566.6 12833.8 71.1339}
		{Orientation
			  0.999799  -0.004447   0.019610
			  0.003927   0.999680   0.026501
			 -0.019722  -0.026619   0.999490
		}
		{DisableObstacles}
		{Player 0}
		{MID 28}
		{NameId 132 74}
		{FsmState "board"}
	}
	{Human "usa.marine.mgun" 0x801c
		{Position -677.961 12820.1 43.3182}
		{Orientation
			  0.003613   0.999166   0.041390
			 -0.999771   0.004481  -0.020909
			 -0.021077  -0.041305   0.998953
		}
		{DisableObstacles}
		{Player 0}
		{MID 29}
		{NameId 93 83}
		{FsmState "board"}
	}
	{Human "usa.marine.oficer" 0x801d
		{Position -671.701 12849.3 43.5972}
		{Orientation
			 -0.087896  -0.995737   0.029338
			  0.996010  -0.087373   0.020379
			 -0.017761   0.030988   0.999363
		}
		{DisableObstacles}
		{Player 0}
		{MID 30}
		{NameId 31 53}
		{FsmState "board"}
	}
	{Human "usa.marine.rifle" 0x801e
		{Position -704.089 12819.7 42.7688}
		{Orientation
			  0.003613   0.999166   0.041390
			 -0.999771   0.004481  -0.020909
			 -0.021077  -0.041305   0.998953
		}
		{DisableObstacles}
		{Player 0}
		{MID 31}
		{NameId 135 20}
		{FsmState "board"}
	}
	{Human "usa.marine.rifle" 0x801f
		{Position -655.793 12820.5 43.7844}
		{Orientation
			  0.053796   0.997641   0.042414
			 -0.998253   0.054679  -0.020577
			 -0.022876  -0.041197   0.998918
		}
		{DisableObstacles}
		{Player 0}
		{MID 32}
		{NameId 104 41}
		{FsmState "board"}
	}
	{Human "usa.marine.rifle" 0x8020
		{Position -851.481 12849.6 68.2696}
		{Orientation
			  0.999771  -0.004481   0.020909
			  0.003613   0.999166   0.041390
			 -0.021077  -0.041305   0.998953
		}
		{DisableObstacles}
		{Player 0}
		{MID 33}
		{NameId 17 1}
		{FsmState "board"}
	}
	{Human "usa.marine.rifle" 0x8021
		{Position -752.898 12820.1 41.8003}
		{Orientation
			  0.003613   0.999166   0.041390
			 -0.999771   0.004481  -0.020909
			 -0.021077  -0.041305   0.998953
		}
		{DisableObstacles}
		{Player 0}
		{MID 34}
		{NameId 30 29}
		{FsmState "board"}
	}
	{Human "usa.marine.smg" 0x8022
		{Position -728.337 12819.8 42.2617}
		{Orientation
			  0.003613   0.999166   0.041390
			 -0.999771   0.004481  -0.020909
			 -0.021077  -0.041305   0.998953
		}
		{DisableObstacles}
		{Player 0}
		{MID 35}
		{NameId 54 81}
		{FsmState "board"}
	}
	{Human "usa.marine.smg" 0x8023
		{Position -851.6 12822.4 68.1289}
		{Orientation
			  0.999771  -0.004481   0.020909
			  0.003613   0.999166   0.041390
			 -0.021077  -0.041305   0.998953
		}
		{DisableObstacles}
		{Player 0}
		{MID 36}
		{NameId 9 78}
		{FsmState "board"}
	}
	{Human "usa.marine.smg" 0x8024
		{Position -644.788 12819.9 44.0116}
		{Orientation
			  0.053796   0.997641   0.042414
			 -0.998253   0.054679  -0.020577
			 -0.022876  -0.041197   0.998918
		}
		{DisableObstacles}
		{Player 0}
		{MID 37}
		{NameId 39 99}
		{FsmState "board"}
	}
	{Human "usa.marine.rifle" 0x8025
		{Position -658.525 12848.7 43.8703}
		{Orientation
			 -0.082199  -0.996163   0.029450
			  0.996436  -0.081574   0.020403
			 -0.017961   0.030989   0.999359
		}
		{DisableObstacles}
		{Player 0}
		{MID 38}
		{NameId 112 16}
		{FsmState "board"}
	}
	{Human "usa.marine.mgun" 0x8026
		{Position -919.351 12853.1 83.7143}
		{Orientation
			 -0.082199  -0.996163   0.029450
			  0.996436  -0.081574   0.020403
			 -0.017961   0.030989   0.999359
		}
		{DisableObstacles}
		{Player 0}
		{MID 39}
		{NameId 92 16}
		{FsmState "board"}
	}
	{Human "usa.marine2.smg" 0x8027
		{Position -941.194 12852.3 83.3195}
		{Orientation
			  0.135382  -0.990237   0.034037
			  0.990489   0.136176   0.021415
			 -0.025860   0.030825   0.999189
		}
		{DisableObstacles}
		{Player 0}
		{MID 40}
		{NameId 113 89}
		{FsmState "board"}
	}
	{Entity "lvt4" 0x8028
		{Position -9.10565 12331.2 3.26296}
		{Orientation
			  0.889723  -0.450063   0.076392
			  0.456391   0.880622  -0.127324
			 -0.009968   0.148148   0.988915
		}
		{Player 0}
		{MID 41}
		
	}
	{Entity "lcvp" 0x8029
		{Position -244.33 12534.5 0}
		{Turn -86.0698}
		{Player 0}
		{MID 42}
		
	}
	{Human "usa.tankman" 0x802a
		{Position -9.10565 12331.2 3.26296}
		{Orientation
			  0.889723  -0.450063   0.076392
			 -0.456391  -0.880622   0.127324
			 -0.009968   0.148148   0.988915
		}
		{Player 0}
		{MID 43}
		{NameId 69 63}
		{FsmState "board"}
	}
	{Human "usa.tankman" 0x802b
		{Position -9.10565 12331.2 3.26296}
		{Orientation
			  0.889723  -0.450063   0.076392
			 -0.456391  -0.880622   0.127324
			 -0.009968   0.148148   0.988915
		}
		{Player 0}
		{MID 44}
		{NameId 125 12}
		{FsmState "board"}
	}
	{Human "usa.tankman" 0x802c
		{Position -9.10565 12331.2 3.26296}
		{Orientation
			  0.889723  -0.450063   0.076392
			 -0.456391  -0.880622   0.127324
			 -0.009968   0.148148   0.988915
		}
		{Player 0}
		{MID 45}
		{NameId 102 1}
		{FsmState "board"}
	}
	{Human "usa.tankman" 0x802d
		{Position -29.0071 12349.6 24.76}
		{Orientation
			  0.889723  -0.450063   0.076392
			  0.456314   0.881763  -0.119709
			 -0.013482   0.141367   0.989895
		}
		{DisableObstacles}
		{Player 0}
		{MID 46}
		{NameId 87 24}
		{FsmState "board"}
	}
	{Human "usa.marine.rifle" 0x802e
		{Position -221.062 12305.9 3.81982}
		{Turn -26.8806}
		{Extender "inventory"
			{box
				{clear}
				{item "ammo rifle" 40 {cell 4 0}}
				{item "grenade m61" {cell 5 0}}
			}
		}
		{Player 0}
		{MID 47}
		{Weaponry
			{State
				{Mounted "m1"}
				{Weapon
					{Ammo "ammo rifle" 8}
				}
			}
		}
		{NameId 69 64}
		{FsmState "stand"}
	}
	{Human "usa.marine.rifle" 0x802f
		{Position -180.922 12316.2 0.759766}
		{Turn -21.8007}
		{Extender "inventory"
			{box
				{clear}
				{item "ammo rifle" 40 {cell 4 0}}
				{item "grenade m61" {cell 5 0}}
			}
		}
		{Player 0}
		{MID 48}
		{Weaponry
			{State
				{Mounted "m1"}
				{Weapon
					{Ammo "ammo rifle" 8}
				}
			}
		}
		{NameId 125 14}
		{FsmState "stand"}
	}
	{Human "usa.marine.rifle" 0x8030
		{Position -226.522 12274.4 10.1196}
		{Turn -37.6859}
		{Extender "inventory"
			{box
				{clear}
				{item "ammo rifle" 40 {cell 4 0}}
				{item "grenade m61" {cell 5 0}}
			}
		}
		{Player 0}
		{MID 49}
		{Weaponry
			{State
				{Mounted "m1"}
				{Weapon
					{Ammo "ammo rifle" 8}
				}
			}
		}
		{NameId 102 2}
		{FsmState "stand"}
	}
	{Human "usa.marine.smg" 0x8031
		{Position -166.609 12268.4 11.3198}
		{Turn -49.7765}
		{Extender "inventory"
			{box
				{clear}
				{item "ammo pistol" 90 {cell 4 0}}
				{item "grenade m61" {cell 6 0}}
				{item "grenade m61" {cell 7 0}}
			}
		}
		{Player 0}
		{MID 50}
		{Weaponry
			{State
				{Mounted "thompson"}
				{Weapon
					{Ammo "ammo pistol" 30}
				}
			}
		}
		{NameId 87 25}
		{FsmState "stand"}
	}
	{Human "usa.marine_medic" 0x8032
		{Position -248.854 12329.1 0.0899658}
		{Turn -41.4322}
		{Extender "inventory"
			{box
				{clear}
				{item "ammo pistol" 21 {cell 2 0}}
				{item "bandage" 5 {cell 6 0}}
				{item "bandage" 5 {cell 6 1}}
				{item "knife" {cell 0 1}}
				{item "medkit" {cell 5 2}}
			}
		}
		{Player 0}
		{MID 51}
		{Weaponry
			{State
				{Mounted "colt"}
				{Weapon
					{Ammo "ammo pistol" 7}
				}
			}
		}
		{NameId 99 42}
		{FsmState "stand"}
	}
	{Entity "type96_150" 0x8033
		{Position 7892.8 2530.57 189.256}
		{Orientation
			  0.271450   0.953784   0.128884
			 -0.962122   0.265406   0.062287
			  0.025202  -0.140910   0.989702
		}
		{Player 1}
		{MID 52}
		
		{Chassis
			{FuelBag
				{Remain 20}
			}
		}
	}
	{Entity "type96_150" 0x8034
		{Position 6346.91 2516.37 184.508}
		{Turn 96.317}
		{Player 1}
		{MID 53}
		
		{Chassis
			{FuelBag
				{Remain 20}
			}
		}
	}
	{Entity "type96_150" 0x8035
		{Position 4998.57 2367.53 133.463}
		{Turn 90.9954}
		{Player 1}
		{MID 54}
		
		{Chassis
			{FuelBag
				{Remain 20}
			}
		}
	}
	{Entity "type96_150" 0x8036
		{Position 4245.02 2359.22 138.813}
		{Turn 100.22}
		{Player 1}
		{MID 55}
		
		{Chassis
			{FuelBag
				{Remain 20}
			}
		}
	}
	{Entity "type93_stan" 0x8037
		{Position 2632.99 2072.21 197.597}
		{Turn 76.8461}
		{Player 1}
		{MID 56}
	}
	{Entity "type96_150" 0x8038
		{Position 3421.99 2134.14 145.324}
		{Orientation
			  0.135038   0.959697   0.246466
			 -0.990819   0.129144   0.040003
			  0.006561  -0.249605   0.968326
		}
		{Player 1}
		{MID 57}
		
		{Chassis
			{FuelBag
				{Remain 20}
			}
		}
	}
	{Entity "type96_150" 0x8039
		{Position -455.889 1720.94 147.252}
		{Turn 79.3347}
		{Extender "inventory"
			{box
				{clear}
				{item "bullet150 fg" {cell 0 0}}
			}
		}
		{Player 1}
		{MID 58}
		
		{Chassis
			{FuelBag
				{Remain 20}
			}
		}
	}
	{Entity "type96_150" 0x803a
		{Position 226.593 1880.94 141.027}
		{Turn 99.2151}
		{Extender "inventory"
			{box
				{clear}
				{item "bullet150 fg" {cell 0 0}}
			}
		}
		{Player 1}
		{MID 59}
		
		{Chassis
			{FuelBag
				{Remain 20}
			}
		}
	}
	{Entity "type96_150" 0x803b
		{Position 1031.86 2202.79 141}
		{Turn 91.4595}
		{Extender "inventory"
			{box
				{clear}
				{item "bullet150 fg" {cell 0 0}}
			}
		}
		{Player 1}
		{MID 60}
		
		{Chassis
			{FuelBag
				{Remain 20}
			}
		}
	}
	{Entity "type97_81" 0x803c
		{Position 1287.18 6962.12 77.2121}
		{Turn 133.061}
		{Player 1}
		{MID 61}
		
	}
	{Entity "type97_81" 0x803d
		{Position 1448.23 7104.2 74.9254}
		{Turn 127.221}
		{Player 1}
		{MID 62}
		
	}
	{Human "jap.soldier" 0x803e
		{Position 1308.63 6952.35 77.517}
		{Orientation
			 -0.682709   0.730554  -0.014000
			 -0.730627  -0.682777   0.000000
			 -0.009559   0.010229   0.999900
		}
		{DisableObstacles}
		{Player 1}
		{MID 63}
		{NameId 18 25}
		{FsmState "board"}
	}
	{Human "jap.soldier" 0x803f
		{Position 1468.57 7092.3 75.2304}
		{Orientation
			 -0.604831   0.796228  -0.014000
			 -0.796308  -0.604891   0.000000
			 -0.008468   0.011148   0.999900
		}
		{DisableObstacles}
		{Player 1}
		{MID 64}
		{NameId 2 10}
		{FsmState "board"}
	}
	{Human "jap.soldier" 0x8040
		{Position 1150.18 7012.45 101.018}
		{Turn 137.072}
		{Extender "inventory"
			{box
				{clear}
				{item "ammo rifle" 20 {cell 4 0}}
			}
		}
		{Player 1}
		{MID 65}
		{Weaponry
			{State
				{Mounted "arisaka_kn"}
				{Weapon
					{Ammo "ammo rifle" 5}
				}
			}
		}
		{NameId 61 19}
		{Cover
			{sector 1150.18 7012.45 {type "squat_lie"}
				{wall 0 0 1138.93 7010.63 1193.67 7069.48}
			}
		}
		{FsmState "squat"}
	}
	{Human "jap.soldier" 0x8041
		{Position 1205.04 7070.37 101.988}
		{Turn 135.423}
		{Extender "inventory"
			{box
				{clear}
				{item "ammo rifle" 20 {cell 4 0}}
			}
		}
		{Player 1}
		{MID 66}
		{Weaponry
			{State
				{Mounted "arisaka_kn"}
				{Weapon
					{Ammo "ammo rifle" 5}
				}
			}
		}
		{NameId 73 78}
		{Cover
			{sector 1205.04 7070.37 {type "squat_lie"}
				{wall 0 0 1176.45 7051.33 1232.86 7108.58}
			}
		}
		{FsmState "squat"}
	}
	{Human "jap.soldier" 0x8042
		{Position 1125.9 6934.91 100.688}
		{Turn -167.57}
		{Extender "inventory"
			{box
				{clear}
				{item "ammo rifle" 20 {cell 4 0}}
			}
		}
		{Player 1}
		{MID 67}
		{Weaponry
			{State
				{Mounted "arisaka_kn"}
				{Weapon
					{Ammo "ammo rifle" 5}
				}
			}
		}
		{NameId 68 32}
		{Cover
			{sector 1125.9 6934.91 {type "squat_lie"}
				{wall 0 0 1129.78 6884.82 1112.48 6963.31}
			}
		}
		{FsmState "squat"}
	}
	{Human "jap.soldier" 0x8043
		{Position 1136.13 6891.25 100.048}
		{Turn -165.217}
		{Extender "inventory"
			{box
				{clear}
				{item "ammo rifle" 20 {cell 4 0}}
			}
		}
		{Player 1}
		{MID 68}
		{Weaponry
			{State
				{Mounted "arisaka_kn"}
				{Weapon
					{Ammo "ammo rifle" 5}
				}
			}
		}
		{NameId 31 51}
		{Cover
			{sector 1136.13 6891.25 {type "squat_lie"}
				{wall 0 0 1149.69 6812.43 1112.02 6955.18}
			}
		}
		{FsmState "squat"}
	}
	{Human "jap.soldier" 0x8044
		{Position 1543.48 7271.25 100.652}
		{Turn 59.8609}
		{Extender "inventory"
			{box
				{clear}
				{item "ammo rifle" 20 {cell 4 0}}
			}
		}
		{Player 1}
		{MID 69}
		{Weaponry
			{State
				{Mounted "arisaka_kn"}
				{Weapon
					{Ammo "ammo rifle" 5}
				}
			}
		}
		{NameId 1 45}
		{Cover
			{sector 1543.48 7271.25 {type "squat_lie"}
				{wall 0 0 1525.33 7289.88 1653.01 7215.75}
			}
		}
		{FsmState "squat"}
	}
	{Human "jap.soldier" 0x8045
		{Position 1149.65 6840 101.035}
		{Turn -165.217}
		{Extender "inventory"
			{box
				{clear}
				{item "ammo rifle" 20 {cell 4 0}}
			}
		}
		{Player 1}
		{MID 70}
		{Weaponry
			{State
				{Mounted "arisaka_kn"}
				{Weapon
					{Ammo "ammo rifle" 5}
				}
			}
		}
		{NameId 13 87}
		{Cover
			{sector 1149.65 6840 {type "squat_lie"}
				{wall 0 0 1149.69 6812.43 1112.02 6955.18}
			}
		}
		{FsmState "squat"}
	}
	{Human "jap.soldier" 0x8046
		{Position 1683.25 7070.41 92.351}
		{Turn 10.5535}
		{Extender "inventory"
			{box
				{clear}
				{item "ammo rifle" 20 {cell 4 0}}
			}
		}
		{Player 1}
		{MID 71}
		{Weaponry
			{State
				{Mounted "arisaka_kn"}
				{Weapon
					{Ammo "ammo rifle" 5}
				}
			}
		}
		{NameId 0 87}
		{Cover
			{sector 1683.25 7070.41 {type "squat_lie"}
				{wall 0 0 1681.18 7119.75 1695.9 7040.74}
			}
		}
		{FsmState "squat"}
	}
	{Human "jap.soldier" 0x8047
		{Position 1674.96 7121.06 90.4519}
		{Turn 10.3601}
		{Extender "inventory"
			{box
				{clear}
				{item "ammo rifle" 20 {cell 4 0}}
			}
		}
		{Player 1}
		{MID 72}
		{Weaponry
			{State
				{Mounted "arisaka_kn"}
				{Weapon
					{Ammo "ammo rifle" 5}
				}
			}
		}
		{NameId 88 57}
		{Cover
			{sector 1674.96 7121.06 {type "squat_lie"}
				{wall 0 0 1670.01 7187.05 1696.56 7041.82}
			}
		}
		{FsmState "squat"}
	}
	{Human "jap.soldier" 0x8048
		{Position 1626.75 7222.9 97.8044}
		{Turn 59.8609}
		{Extender "inventory"
			{box
				{clear}
				{item "ammo rifle" 20 {cell 4 0}}
			}
		}
		{Player 1}
		{MID 73}
		{Weaponry
			{State
				{Mounted "arisaka_kn"}
				{Weapon
					{Ammo "ammo rifle" 5}
				}
			}
		}
		{NameId 66 99}
		{Cover
			{sector 1626.75 7222.9 {type "squat_lie"}
				{wall 0 0 1525.33 7289.88 1653.01 7215.75}
			}
		}
		{FsmState "squat"}
	}
	{Human "jap.soldier" 0x8049
		{Position 1585.12 7247.08 97.7803}
		{Turn 59.8609}
		{Extender "inventory"
			{box
				{clear}
				{item "ammo rifle" 20 {cell 4 0}}
			}
		}
		{Player 1}
		{MID 74}
		{Weaponry
			{State
				{Mounted "arisaka_kn"}
				{Weapon
					{Ammo "ammo rifle" 5}
				}
			}
		}
		{NameId 52 50}
		{Cover
			{sector 1585.12 7247.08 {type "squat_lie"}
				{wall 0 0 1525.33 7289.88 1653.01 7215.75}
			}
		}
		{FsmState "squat"}
	}
	{Human "jap.soldier" 0x804a
		{Position 1242.65 7108.73 103.217}
		{Turn 133.897}
		{Extender "inventory"
			{box
				{clear}
				{item "ammo rifle" 20 {cell 4 0}}
			}
		}
		{Player 1}
		{MID 75}
		{Weaponry
			{State
				{Mounted "arisaka_kn"}
				{Weapon
					{Ammo "ammo rifle" 5}
				}
			}
		}
		{NameId 52 45}
		{Cover
			{sector 1242.65 7108.73 {type "squat_lie"}
				{wall 0 0 1218.35 7095.06 1324.74 7197.43}
			}
		}
		{FsmState "squat"}
	}
	{Human "jap.soldier" 0x804b
		{Position 1319.02 7182.55 98.3284}
		{Turn 129.432}
		{Extender "inventory"
			{box
				{clear}
				{item "ammo rifle" 20 {cell 4 0}}
			}
		}
		{Player 1}
		{MID 76}
		{Weaponry
			{State
				{Mounted "arisaka_kn"}
				{Weapon
					{Ammo "ammo rifle" 5}
				}
			}
		}
		{NameId 81 90}
		{Cover
			{sector 1319.02 7182.55 {type "squat_lie"}
				{wall 0 0 1291.89 7169.3 1353.97 7220.35}
			}
		}
		{FsmState "squat"}
	}
	{Human "jap.soldier" 0x804c
		{Position 1378.14 7228.01 98}
		{Turn 124.398}
		{Extender "inventory"
			{box
				{clear}
				{item "ammo rifle" 20 {cell 4 0}}
			}
		}
		{Player 1}
		{MID 77}
		{Weaponry
			{State
				{Mounted "arisaka_kn"}
				{Weapon
					{Ammo "ammo rifle" 5}
				}
			}
		}
		{NameId 37 34}
		{Cover
			{sector 1378.14 7228.01 {type "squat_lie"}
				{wall 0 0 1333.14 7205.68 1399.45 7251.08}
			}
		}
		{FsmState "squat"}
	}
	{Human "jap.soldier" 0x804d
		{Position 1455.1 7278.22 97.241}
		{Turn 123.947}
		{Extender "inventory"
			{box
				{clear}
				{item "ammo rifle" 20 {cell 4 0}}
			}
		}
		{Player 1}
		{MID 78}
		{Weaponry
			{State
				{Mounted "arisaka_kn"}
				{Weapon
					{Ammo "ammo rifle" 5}
				}
			}
		}
		{NameId 3 52}
		{Cover
			{sector 1455.1 7278.22 {type "squat_lie"}
				{wall 0 0 1426.83 7267.62 1493.5 7312.5}
			}
		}
		{FsmState "squat"}
	}
	{Human "jap.soldier" 0x804e
		{Position 1663.07 6991.11 97.0771}
		{Turn -42.0734}
		{Extender "inventory"
			{box
				{clear}
				{item "ammo rifle" 20 {cell 4 0}}
			}
		}
		{Player 1}
		{MID 79}
		{Weaponry
			{State
				{Mounted "arisaka_kn"}
				{Weapon
					{Ammo "ammo rifle" 5}
				}
			}
		}
		{NameId 29 71}
		{Cover
			{sector 1663.07 6991.11 {type "squat_lie"}
				{wall 0 0 1688.39 7008.7 1589.46 6899.11}
			}
		}
		{FsmState "squat"}
	}
	{Human "jap.soldier" 0x804f
		{Position 1615.5 6940.31 97.0311}
		{Turn -44.4402}
		{Extender "inventory"
			{box
				{clear}
				{item "ammo rifle" 20 {cell 4 0}}
			}
		}
		{Player 1}
		{MID 80}
		{Weaponry
			{State
				{Mounted "arisaka_kn"}
				{Weapon
					{Ammo "ammo rifle" 5}
				}
			}
		}
		{NameId 90 7}
		{Cover
			{sector 1615.5 6940.31 {type "squat_lie"}
				{wall 0 0 1655.33 6970.93 1599.06 6913.55}
			}
		}
		{FsmState "squat"}
	}
	{Human "jap.soldier" 0x8050
		{Position 1578.04 6904.47 93.6071}
		{Turn -48.4653}
		{Extender "inventory"
			{box
				{clear}
				{item "ammo rifle" 20 {cell 4 0}}
			}
		}
		{Player 1}
		{MID 81}
		{Weaponry
			{State
				{Mounted "arisaka_kn"}
				{Weapon
					{Ammo "ammo rifle" 5}
				}
			}
		}
		{NameId 34 0}
		{Cover
			{sector 1578.04 6904.47 {type "squat_lie"}
				{wall 0 0 1618.05 6930.56 1557.89 6877.27}
			}
		}
		{FsmState "squat"}
	}
	{Human "jap.soldier" 0x8051
		{Position 1488.29 6830.27 96.1715}
		{Turn -53.1783}
		{Extender "inventory"
			{box
				{clear}
				{item "ammo rifle" 20 {cell 4 0}}
			}
		}
		{Player 1}
		{MID 82}
		{Weaponry
			{State
				{Mounted "arisaka_kn"}
				{Weapon
					{Ammo "ammo rifle" 5}
				}
			}
		}
		{NameId 26 85}
		{Cover
			{sector 1488.29 6830.27 {type "squat_lie"}
				{wall 0 0 1535.65 6856.99 1471.31 6808.82}
			}
		}
		{FsmState "squat"}
	}
	{Human "jap.soldier" 0x8052
		{Position 1428.51 6794.16 98.9195}
		{Turn -61.3721}
		{Extender "inventory"
			{box
				{clear}
				{item "ammo rifle" 20 {cell 4 0}}
			}
		}
		{Player 1}
		{MID 83}
		{Weaponry
			{State
				{Mounted "arisaka_kn"}
				{Weapon
					{Ammo "ammo rifle" 5}
				}
			}
		}
		{NameId 42 71}
		{Cover
			{sector 1428.51 6794.16 {type "squat_lie"}
				{wall 0 0 1493.66 6821.75 1423.11 6783.24}
			}
		}
		{FsmState "squat"}
	}
	{Human "jap.soldier" 0x8053
		{Position 1284.03 6752.6 98.1554}
		{Turn -112.008}
		{Extender "inventory"
			{box
				{clear}
				{item "ammo rifle" 20 {cell 4 0}}
			}
		}
		{Player 1}
		{MID 84}
		{Weaponry
			{State
				{Mounted "arisaka_kn"}
				{Weapon
					{Ammo "ammo rifle" 5}
				}
			}
		}
		{NameId 8 47}
		{Cover
			{sector 1284.03 6752.6 {type "squat_lie"}
				{wall 0 0 1289.75 6742.74 1215.23 6772.86}
			}
		}
		{FsmState "squat"}
	}
	{Human "jap.soldier" 0x8054
		{Position 1200.13 6783.18 99.9915}
		{Turn -109.797}
		{Extender "inventory"
			{box
				{clear}
				{item "ammo rifle" 20 {cell 4 0}}
			}
		}
		{Player 1}
		{MID 85}
		{Weaponry
			{State
				{Mounted "arisaka_kn"}
				{Weapon
					{Ammo "ammo rifle" 5}
				}
			}
		}
		{NameId 54 87}
		{Cover
			{sector 1200.13 6783.18 {type "squat_lie"}
				{wall 0 0 1244.56 6759.74 1168.94 6786.96}
			}
		}
		{FsmState "squat"}
	}
	{Human "jap.soldier" 0x8055
		{Position 1381.28 6766.02 95.1275}
		{Turn -62.1089}
		{Extender "inventory"
			{box
				{clear}
				{item "ammo rifle" 20 {cell 4 0}}
			}
		}
		{Player 1}
		{MID 86}
		{Weaponry
			{State
				{Mounted "arisaka_kn"}
				{Weapon
					{Ammo "ammo rifle" 5}
				}
			}
		}
		{NameId 29 16}
		{Cover
			{sector 1381.28 6766.02 {type "squat_lie"}
				{wall 0 0 1410.52 6773.57 1339.48 6735.97}
			}
		}
		{FsmState "squat"}
	}
	{Human "jap.soldier" 0x8056
		{Position 1328.02 6818.9 91.3298}
		{Turn 140.978}
		{Extender "inventory"
			{box
				{clear}
				{item "ammo rifle" 20 {cell 7 0}}
				{item "grenade type23" {cell 6 0}}
				{item "arisaka" filling "ammo rifle" 5 {cell 0 0}}
			}
		}
		{Player 1}
		{MID 87}
		{NameId 83 53}
		{FsmState "stand"}
	}
	{Human "jap.soldier" 0x8057
		{Position 1431.74 7006.43 78}
		{Turn -44.4879}
		{Extender "inventory"
			{box
				{clear}
				{item "ammo rifle" 20 {cell 6 0}}
				{item "bayonet" {cell 7 0}}
			}
		}
		{Player 1}
		{MID 88}
		{Weaponry
			{State
				{Mounted "arisaka"}
				{Weapon
					{Ammo "ammo rifle" 5}
				}
			}
		}
		{NameId 88 6}
		{FsmState "stand"}
	}
	{Human "jap.soldier" 0x8058
		{Position 1398.85 6957.52 78}
		{Turn -52.8211}
		{Extender "inventory"
			{box
				{clear}
				{item "ammo pistol" 60 {cell 6 0}}
			}
			{armor "body"
				{Removed}
			}
		}
		{Player 1}
		{MID 89}
		{Weaponry
			{State
				{Mounted "type100"}
				{Weapon
					{Ammo "ammo pistol" 30}
				}
			}
		}
		{NameId 70 76}
		{FsmState "stand"}
	}
	{Human "jap.soldier" 0x8059
		{Position 1411.51 6973.8 78}
		{Turn -50.4691}
		{Extender "inventory"
			{box
				{clear}
				{item "ammo rifle" 20 {cell 6 0}}
				{item "bayonet" {cell 7 0}}
			}
		}
		{Player 1}
		{MID 90}
		{Weaponry
			{State
				{Mounted "arisaka"}
				{Weapon
					{Ammo "ammo rifle" 5}
				}
			}
		}
		{NameId 40 15}
		{FsmState "stand"}
	}
	{Human "jap.soldier" 0x805a
		{Position 1422.35 6989.6 78}
		{Turn -43.2029}
		{Extender "inventory"
			{box
				{clear}
				{item "ammo pistol" 60 {cell 6 0}}
				{item "grenade type23" {cell 5 0}}
			}
			{armor "body"
				{Item "jap_equip2"}
			}
		}
		{Player 1}
		{MID 91}
		{Weaponry
			{State
				{Mounted "type100"}
				{Weapon
					{Ammo "ammo pistol" 30}
				}
			}
		}
		{NameId 15 98}
		{FsmState "stand"}
	}
	{Human "jap.oficer" 0x805b
		{Position 1450.26 6953.22 81.3813}
		{Turn 141.804}
		{Player 1}
		{MID 92}
		{NameId 7 8}
		{FsmState "stand"}
	}
	{Human "jap.oficer" 0x805c
		{Position 1281.53 7146.14 101.847}
		{Turn 133.897}
		{Extender "inventory"
			{box
				{clear}
				{item "bino" {cell 6 0}}
				{item "ammo pistol" 60 {cell 4 0}}
			}
		}
		{Player 1}
		{MID 93}
		{Weaponry
			{State
				{Mounted "type100"}
				{Weapon
					{Ammo "ammo pistol" 30}
				}
			}
		}
		{NameId 75 57}
		{Cover
			{sector 1281.53 7146.14 {type "squat_lie"}
				{wall 0 0 1218.35 7095.06 1324.74 7197.43}
			}
		}
		{FsmState "squat"}
	}
	{Human "jap.oficer" 0x805d
		{Position 1534.54 6867.39 94}
		{Turn -51.4915}
		{Extender "inventory"
			{box
				{clear}
				{item "ammo pistol" 24 {cell 2 0}}
				{item "bino" {cell 4 0}}
			}
		}
		{Player 1}
		{MID 94}
		{Weaponry
			{State
				{Mounted "nambu"}
				{Weapon
					{Ammo "ammo pistol" 8}
				}
			}
		}
		{NameId 79 30}
		{Cover
			{sector 1534.54 6867.39 {type "squat_lie"}
				{wall 0 0 1577.82 6892.88 1514.93 6842.84}
			}
		}
		{FsmState "squat"}
	}
	{Human "jap.oficer" 0x805e
		{Position 1242.37 6769.44 98.9441}
		{Turn -112.008}
		{Extender "inventory"
			{box
				{clear}
				{item "ammo pistol" 24 {cell 2 0}}
				{item "bino" {cell 4 0}}
			}
		}
		{Player 1}
		{MID 95}
		{Weaponry
			{State
				{Mounted "nambu"}
				{Weapon
					{Ammo "ammo pistol" 8}
				}
			}
		}
		{NameId 38 5}
		{Cover
			{sector 1242.37 6769.44 {type "squat_lie"}
				{wall 0 0 1289.75 6742.74 1215.23 6772.86}
			}
		}
		{FsmState "squat"}
	}
	{Human "jap.oficer" 0x805f
		{Position 1665.31 7173.87 95.1443}
		{Turn 10.3601}
		{Extender "inventory"
			{box
				{clear}
				{item "ammo pistol" 24 {cell 2 0}}
				{item "bino" {cell 4 0}}
			}
		}
		{Player 1}
		{MID 96}
		{Weaponry
			{State
				{Mounted "nambu"}
				{Weapon
					{Ammo "ammo pistol" 8}
				}
			}
		}
		{NameId 86 93}
		{Cover
			{sector 1665.31 7173.87 {type "squat_lie"}
				{wall 0 0 1670.01 7187.05 1696.56 7041.82}
			}
		}
		{FsmState "squat"}
	}
	{Entity "pointer_small" 0x8060
		{Position 1381.08 7012.75 78}
	}
	{Entity "type90" 0x8061
		{Position -788.641 4112.72 58.041}
		{Turn 38.8146}
		{Extender "inventory"
			{box
				{clear}
				{item "bullet75 fg" 6 {cell 0 0}}
				{item "bullet75 ap" 4 {cell 4 0}}
			}
		}
		{Player 1}
		{MID 97}
		
		{Weaponry
			{State
				{Weapon
					{Ammo "bullet75 fg" 1}
				}
			}
		}
		{Chassis
			{FuelBag
				{Remain 10}
			}
		}
	}
	{Entity "type90" 0x8062
		{Position -964.69 4291.93 58}
		{Turn 56.9458}
		{Extender "inventory"
			{box
				{clear}
				{item "bullet75 fg" 5 {cell 0 0}}
				{item "bullet75 ap" 5 {cell 4 0}}
			}
		}
		{Player 1}
		{MID 98}
		{Weaponry
			{State
				{Weapon
					{Ammo "bullet75 fg" 1}
				}
			}
		}
		{Chassis
			{FuelBag
				{Remain 10}
			}
		}
	}
	{Entity "crate3" 0x8063
		{Position 554.724 10064 91.245}
		{Turn 90.7297}
		{TexMod "5"}
		{Extender "inventory"
			{box
				{clear}
				{item "ammo 81mm_mine" {cell 1 5}}
				{item "ammo 81mm_mine" {cell 1 4}}
				{item "ammo 81mm_mine" {cell 4 5}}
				{item "ammo 81mm_mine" {cell 4 4}}
				{item "ammo mgun" 20 {cell 0 3}}
				{item "ammo mgun" 20 {cell 2 3}}
				{item "ammo mgun" 20 {cell 4 3}}
				{item "ammo mgun" 20 {cell 6 3}}
				{item "ammo mgun" 20 {cell 2 2}}
				{item "ammo mgun" 20 {cell 4 2}}
				{item "ammo pistol" 30 {cell 0 0}}
				{item "ammo pistol" 30 {cell 0 2}}
				{item "ammo pistol" 30 {cell 0 1}}
				{item "ammo pistol" 30 {cell 6 2}}
				{item "ammo pistol" 30 {cell 6 1}}
				{item "ammo pistol" 30 {cell 6 0}}
				{item "ammo rifle" 5 {cell 2 0}}
				{item "ammo rifle" 5 {cell 3 0}}
				{item "ammo rifle" 5 {cell 4 0}}
				{item "ammo rifle" 5 {cell 5 0}}
				{item "ammo rifle" 5 {cell 2 1}}
				{item "ammo rifle" 5 {cell 3 1}}
				{item "ammo rifle" 5 {cell 4 1}}
				{item "ammo rifle" 5 {cell 5 1}}
			}
		}
	}
	{Entity "crate3" 0x8064
		{Position -546.458 7482.48 32.6463}
		{Turn -154.83}
		{TexMod "5"}
		{Extender "inventory"
			{box
				{clear}
				{item "ammo mgun" 20 {cell 0 3}}
				{item "ammo mgun" 20 {cell 2 3}}
				{item "ammo mgun" 20 {cell 4 3}}
				{item "ammo mgun" 20 {cell 6 3}}
				{item "ammo mgun" 20 {cell 2 2}}
				{item "ammo mgun" 20 {cell 4 2}}
				{item "ammo pistol" 30 {cell 0 0}}
				{item "ammo pistol" 30 {cell 0 2}}
				{item "ammo pistol" 30 {cell 0 1}}
				{item "ammo pistol" 30 {cell 6 2}}
				{item "ammo pistol" 30 {cell 6 1}}
				{item "ammo pistol" 30 {cell 6 0}}
				{item "ammo rifle" 5 {cell 2 0}}
				{item "ammo rifle" 5 {cell 3 0}}
				{item "ammo rifle" 5 {cell 4 0}}
				{item "ammo rifle" 5 {cell 5 0}}
				{item "ammo rifle" 5 {cell 2 1}}
				{item "ammo rifle" 5 {cell 3 1}}
				{item "ammo rifle" 5 {cell 4 1}}
				{item "ammo rifle" 5 {cell 5 1}}
				{item "ammo pistol" 30 {cell 0 4}}
				{item "ammo pistol" 30 {cell 0 5}}
				{item "ammo pistol" 30 {cell 6 4}}
				{item "ammo pistol" 30 {cell 6 5}}
				{item "ammo rifle" 5 {cell 2 4}}
				{item "ammo rifle" 5 {cell 2 5}}
				{item "ammo rifle" 5 {cell 3 4}}
				{item "ammo rifle" 5 {cell 4 4}}
				{item "ammo rifle" 5 {cell 5 4}}
				{item "ammo rifle" 5 {cell 3 5}}
				{item "ammo rifle" 5 {cell 4 5}}
				{item "ammo rifle" 5 {cell 5 5}}
			}
		}
	}
	{Entity "crate3" 0x8065
		{Position 1365.59 6831.45 89.6456}
		{Turn 127.922}
		{TexMod "5"}
		{Extender "inventory"
			{box
				{clear}
				{item "ammo 81mm_mine" {cell 1 5}}
				{item "ammo 81mm_mine" {cell 1 4}}
				{item "ammo 81mm_mine" {cell 4 5}}
				{item "ammo 81mm_mine" {cell 4 4}}
				{item "ammo mgun" 20 {cell 0 3}}
				{item "ammo mgun" 20 {cell 2 3}}
				{item "ammo mgun" 20 {cell 4 3}}
				{item "ammo mgun" 20 {cell 6 3}}
				{item "ammo mgun" 20 {cell 2 2}}
				{item "ammo mgun" 20 {cell 4 2}}
				{item "ammo pistol" 30 {cell 0 0}}
				{item "ammo pistol" 30 {cell 0 2}}
				{item "ammo pistol" 30 {cell 0 1}}
				{item "ammo pistol" 30 {cell 6 2}}
				{item "ammo pistol" 30 {cell 6 1}}
				{item "ammo pistol" 30 {cell 6 0}}
				{item "ammo rifle" 5 {cell 2 0}}
				{item "ammo rifle" 5 {cell 3 0}}
				{item "ammo rifle" 5 {cell 4 0}}
				{item "ammo rifle" 5 {cell 5 0}}
				{item "ammo rifle" 5 {cell 2 1}}
				{item "ammo rifle" 5 {cell 3 1}}
				{item "ammo rifle" 5 {cell 4 1}}
				{item "ammo rifle" 5 {cell 5 1}}
			}
		}
	}
	{Entity "crate3" 0x8066
		{Position 1401.69 6865.05 84.3269}
		{Turn 126.283}
		{TexMod "5"}
		{Extender "inventory"
			{box
				{clear}
				{item "ammo 81mm_mine" {cell 1 5}}
				{item "ammo 81mm_mine" {cell 1 4}}
				{item "ammo 81mm_mine" {cell 4 5}}
				{item "ammo 81mm_mine" {cell 4 4}}
				{item "ammo mgun" 20 {cell 0 3}}
				{item "ammo mgun" 20 {cell 2 3}}
				{item "ammo mgun" 20 {cell 4 3}}
				{item "ammo mgun" 20 {cell 6 3}}
				{item "ammo mgun" 20 {cell 2 2}}
				{item "ammo mgun" 20 {cell 4 2}}
				{item "ammo pistol" 30 {cell 0 0}}
				{item "ammo pistol" 30 {cell 0 2}}
				{item "ammo pistol" 30 {cell 0 1}}
				{item "ammo pistol" 30 {cell 6 2}}
				{item "ammo pistol" 30 {cell 6 1}}
				{item "ammo pistol" 30 {cell 6 0}}
				{item "ammo rifle" 5 {cell 2 0}}
				{item "ammo rifle" 5 {cell 3 0}}
				{item "ammo rifle" 5 {cell 4 0}}
				{item "ammo rifle" 5 {cell 5 0}}
				{item "ammo rifle" 5 {cell 2 1}}
				{item "ammo rifle" 5 {cell 3 1}}
				{item "ammo rifle" 5 {cell 4 1}}
				{item "ammo rifle" 5 {cell 5 1}}
			}
		}
	}
	{Entity "crate3" 0x8067
		{Position 1573.67 7035.09 79.7148}
		{TexMod "5"}
		{Extender "inventory"
			{box
				{clear}
				{item "ammo 81mm_mine" {cell 1 5}}
				{item "ammo 81mm_mine" {cell 1 4}}
				{item "ammo 81mm_mine" {cell 4 5}}
				{item "ammo 81mm_mine" {cell 4 4}}
				{item "ammo mgun" 20 {cell 0 3}}
				{item "ammo mgun" 20 {cell 2 3}}
				{item "ammo mgun" 20 {cell 4 3}}
				{item "ammo mgun" 20 {cell 6 3}}
				{item "ammo mgun" 20 {cell 2 2}}
				{item "ammo mgun" 20 {cell 4 2}}
				{item "ammo pistol" 30 {cell 0 0}}
				{item "ammo pistol" 30 {cell 0 2}}
				{item "ammo pistol" 30 {cell 0 1}}
				{item "ammo pistol" 30 {cell 6 2}}
				{item "ammo pistol" 30 {cell 6 1}}
				{item "ammo pistol" 30 {cell 6 0}}
				{item "ammo rifle" 5 {cell 2 0}}
				{item "ammo rifle" 5 {cell 3 0}}
				{item "ammo rifle" 5 {cell 4 0}}
				{item "ammo rifle" 5 {cell 5 0}}
				{item "ammo rifle" 5 {cell 2 1}}
				{item "ammo rifle" 5 {cell 3 1}}
				{item "ammo rifle" 5 {cell 4 1}}
