;Exported by: vic
;Date:        Wed Nov 26 17:37:57 2003
;File:        D:\-Projects-\-3DWork-\Constructions\NEW\Ruini\elements town10_xx.max
{Skeleton
	{bone "e-house105_x"
		{Orientation
			1.0000	0.0000	0.0000
			0.0000	-1.0000	0.0000
			0.0000	0.0000	1.0000
		}
		{bone "piece2"
			{Matrix34
				1.0000	0.0000	0.0000
				0.0000	-0.0000	1.0000
				0.0000	-1.0000	-0.0000
				22.1291	24.6202	30.5118
			}
			{VolumeView "piece2.ply"}
		}
		{bone "piece0"
			{Matrix34
				-1.0000	0.0000	0.0000
				-0.0000	-1.0000	0.0000
				0.0000	0.0000	1.0000
				-50.5587	24.6257	91.7025
			}
			{VolumeView "piece0.ply"}
		}
		{bone "piece1"
			{Matrix34
				-0.0000	-1.0000	0.0000
				1.0000	-0.0000	0.0000
				0.0000	0.0000	1.0000
				-62.9585	8.2974	81.1323
			}
			{VolumeView "piece1.ply"}
		}
		{bone "piece3"
			{Matrix34
				1.0000	-0.0000	-0.0000
				-0.0000	-1.0000	0.0000
				-0.0000	0.0000	-1.0000
				-55.8071	24.6256	17.1823
			}
			{VolumeView "piece3.ply"}
		}
		{bone "piece4"
			{Matrix34
				-0.0000	-0.0000	-1.0000
				1.0000	-0.0000	0.0000
				-0.0000	-1.0000	0.0000
				-62.8950	-12.5062	9.6253
			}
			{VolumeView "piece4.ply"}
		}
		{bone "piece5"
			{Matrix34
				0.0000	1.0000	-0.0000
				1.0000	-0.0000	0.0000
				-0.0000	-0.0000	-1.0000
				-62.8511	-2.4862	53.5018
			}
			{VolumeView "piece5.ply"}
		}
		{bone "piece6"
			{Matrix34
				-1.0000	0.0000	0.0000
				-0.0000	-1.0000	0.0000
				0.0000	0.0000	1.0000
				-32.3917	24.6564	26.1756
			}
			{VolumeView "piece6.ply"}
		}
		{bone "sub_piece0"
			{Matrix34
				-1.0000	0.0000	0.0000
				-0.0000	-1.0000	0.0000
				0.0000	0.0000	1.0000
				-3.4511	24.8030	12.9437
			}
			{VolumeView "sub_piece0.ply"}
		}
		{bone "sub_piece1"
			{Matrix34
				0.6428	-0.0000	-0.7660
				-0.0000	-1.0000	0.0000
				-0.7660	0.0000	-0.6428
				-34.0960	24.8030	71.4601
			}
			{VolumeView "sub_piece1.ply"}
		}
		{bone "sub_piece2"
			{Matrix34
				1.0000	0.0000	0.0000
				0.0000	-0.0000	1.0000
				0.0000	-1.0000	-0.0000
				-0.0000	24.6202	75.7874
			}
			{VolumeView "sub_piece2.ply"}
		}
		{bone "sub_piece3"
			{Matrix34
				1.0000	0.0000	0.0000
				0.0000	-0.0000	1.0000
				0.0000	-1.0000	-0.0000
				51.1722	24.6202	12.7953
			}
			{VolumeView "sub_piece3.ply"}
		}
		{bone "sub_piece4"
			{Matrix34
				-0.1736	0.0000	0.9848
				-0.0000	-1.0000	0.0000
				0.9848	-0.0000	0.1736
				-57.2942	24.7354	55.3473
			}
			{VolumeView "sub_piece4.ply"}
		}
		{bone "sub_piece5"
			{Matrix34
				-0.0000	-0.1736	0.9848
				1.0000	-0.0000	0.0000
				0.0000	0.9848	0.1736
				-62.8100	9.3352	27.1045
			}
			{VolumeView "sub_piece5.ply"}
		}
	}
}
{Volume "sub_piece5"
	{Box 12.5539 7.87402 13.374}
	{Bone "sub_piece5"}
	{Matrix34
		0.9848	-0.0000	0.1736
		-0.0000	1.0000	-0.0000
		-0.1736	-0.0000	0.9848
		-0.2889	-0.0279	-0.8066
	}
}
{Volume "sub_piece4"
	{Box 12.5539 7.87402 13.374}
	{Bone "sub_piece4"}
	{Matrix34
		0.9848	0.0000	0.1736
		0.0000	1.0000	0.0000
		-0.1736	-0.0000	0.9848
		-0.2889	-0.0279	-0.8066
	}
}
{Volume "sub_piece3"
	{Box 26.9071 8.74016 24.97}
	{Bone "sub_piece3"}
	{Matrix34
		-1.0000	-0.0000	-0.0000
		-0.0000	0.0000	1.0000
		-0.0000	1.0000	-0.0000
		1.2296	0.1417	-0.0435
	}
}
{Volume "sub_piece2"
	{Box 30.5762 8.74016 14.0614}
	{Bone "sub_piece2"}
	{Matrix34
		-1.0000	-0.0000	-0.0000
		-0.0000	0.0000	1.0000
		-0.0000	1.0000	-0.0000
		-3.2831	-9.9426	-0.0435
	}
}
{Volume "sub_piece1"
	{Box 7.87402 7.87402 9.84252}
	{Bone "sub_piece1"}
	{Position -1.1004	-0.0279	0.0282}
}
{Volume "sub_piece0"
	{Box 7.87402 7.87402 9.84252}
	{Bone "sub_piece0"}
	{Position -1.1004	-0.0279	0.0282}
}
{Volume "piece6"
	{Box 14.0904 7.87402 18.1482}
	{Bone "piece6"}
	{Position 1.0789	-0.0073	0.0399}
}
{Volume "piece5"
	{Box 16.368 9.84252 19.685}
	{Bone "piece5"}
	{Position 0.7383	-0.4199	1.7054}
}
{Volume "piece4"
	{Box 14.0904 7.87402 18.1482}
	{Bone "piece4"}
	{Position 1.0789	-0.0073	0.0400}
}
{Volume "piece3"
	{Box 16.368 9.84252 19.685}
	{Bone "piece3"}
	{Position 0.7383	-0.4199	1.7054}
}
{Volume "piece1"
	{Box 16.368 9.84252 19.685}
	{Bone "piece1"}
	{Position 0.7383	-0.4199	1.7054}
}
{Volume "piece0"
	{Box 16.368 9.84252 19.685}
	{Bone "piece0"}
	{Position 0.7383	-0.4199	1.7054}
}
{Volume "piece2"
	{Box 30.5762 8.74016 30.0843}
	{Bone "piece2"}
	{Matrix34
		-1.0000	-0.0000	-0.0000
		-0.0000	0.0000	1.0000
		-0.0000	1.0000	-0.0000
		0.5656	10.0648	-0.0435
	}
}
