;Exported by: garry
;Date:        Mon May 10 16:57:29 2004
;File:        D:\-Projects-\-3DWork-\Model\Авто-мото\bm-13\zis-6.max
{Skeleton
	{animation
		{sequence "stop"}
		{sequence "start"}
		{sequence "doorright"}
		{sequence "doorleft"}
		{sequence "move1"}
		{sequence "move2"}
	}
	{bone "Basis"
		{parameters "SteerMax=30;WheelRadius=0.5;"}
		{Orientation
			1.0000	0.0000	0.0000
			0.0000	-1.0000	0.0000
			0.0000	0.0000	1.0000
		}
		{bone "Body"
			{parameters "ID=body;"}
			{Matrix34
				0.9998	-0.0000	-0.0175
				0.0000	1.0000	0.0000
				0.0175	-0.0000	0.9998
				-4.0486	0.0000	16.4862
			}
			{VolumeView "Body.ply"}
			{bone "FXsmoke"
				{Matrix34
					-0.5000	0.8660	-0.0000
					-0.8660	-0.5000	0.0000
					0.0000	0.0000	1.0000
					-9.7938	2.8778	-5.5165
				}
			}
			{bone "Emit3"
				{parameters "Group=gunner;"}
				{Matrix34
					0.9998	0.0000	0.0175
					0.0003	0.9998	-0.0175
					-0.0175	0.0175	0.9997
					-44.6280	41.0361	-16.1860
				}
				{visibility 0}
			}
			{bone "Cabin"
				{parameters "ID=cabin;"}
				{animation
					{sequence "repair" {file "repair_r.anm"}}
				}
				{Position 9.6261	-0.0000	13.9554}
				{VolumeView "Cabin.ply"}
				{bone "glass"
					{parameters "ID=glass;"}
					{Matrix34
						-0.0000	1.0000	0.0000
						-0.0175	-0.0000	0.9998
						0.9998	0.0000	0.0175
						10.8817	-0.5175	3.8316
					}
					{VolumeView "glass.ply"}
				}
				{bone "commander"
					{Matrix34
						0.9802	-0.0000	0.1978
						0.0000	1.0000	-0.0000
						-0.1978	0.0000	0.9802
						-2.5658	-6.3712	-15.9290
					}
				}
				{bone "driver"
					{Matrix34
						0.9998	-0.0000	0.0175
						0.0000	1.0000	-0.0000
						-0.0175	0.0000	0.9998
						-2.3192	5.0606	-15.7462
					}
				}
				{bone "Visor"
					{Matrix34
						0.9998	-0.0000	0.0175
						0.0000	1.0000	-0.0000
						-0.0175	0.0000	0.9998
						13.2205	0.3100	8.8445
					}
				}
				{bone "Door_L"
					{parameters "ID=cabin;"}
					{Matrix34
						0.9998	-0.0000	0.0175
						-0.0175	0.0000	0.9998
						0.0000	1.0000	-0.0000
						9.5860	12.0535	-0.3611
					}
					{VolumeView "Door_L.ply"}
				}
				{bone "Door_R"
					{parameters "ID=cabin;"}
					{Matrix34
						0.9998	-0.0000	0.0175
						-0.0175	-0.0000	0.9998
						0.0000	-1.0000	-0.0000
						9.5860	-12.0448	-0.3611
					}
					{VolumeView "Door_R.ply"}
				}
			}
			{bone "Engine"
				{parameters "ID=engine;"}
				{animation
					{sequence "repair" {file "engine_r.anm"}}
				}
				{Position 33.5427	-0.1378	4.9020}
				{VolumeView "Engine.ply"}
				{bone "FXsteam"
					{Matrix34
						-0.0504	-0.0000	0.9987
						0.9987	0.0000	0.0504
						-0.0000	1.0000	0.0000
						12.1300	0.4478	7.0721
					}
				}
			}
			{bone revolute "turret"
				{parameters "ID=turret;"}
				{limits -25.0000 25.0000}
				{speed 0.0020}
				{Matrix34
					0.9998	-0.0014	0.0175
					0.0014	1.0000	0.0000
					-0.0175	-0.0000	0.9998
					-47.6329	0.0179	2.4777
				}
				{VolumeView "turret.ply"}
				{bone revolute "gun"
					{parameters "ID=gun;"}
					{limits 3.0000 15.0000}
					{speed 0.0010}
					{Matrix34
						1.0000	0.0000	-0.0000
						-0.0000	-0.0000	1.0000
						0.0000	-1.0000	-0.0000
						0.0207	-0.2322	6.5107
					}
					{VolumeView "gun.ply"}
					{bone "shooter01"
						{Matrix34
							0.9927	0.1207	-0.0014
							-0.0014	0.0000	-1.0000
							-0.1207	0.9927	0.0002
							-18.4158	18.1844	-14.5847
						}
						{bone "rocket01"
							{Matrix34
								0.0016	0.7136	-0.7005
								-0.0016	0.7005	0.7136
								1.0000	-0.0000	0.0023
								-11.9385	0.1764	0.9663
							}
							{VolumeView "rocket01.ply"}
						}
					}
					{bone "shooter02"
						{Matrix34
							0.9927	0.1207	-0.0014
							-0.0014	0.0000	-1.0000
							-0.1207	0.9927	0.0002
							-18.4073	18.1844	-8.6217
						}
						{bone "rocket02"
							{Matrix34
								0.0016	0.7136	-0.7005
								-0.0016	0.7005	0.7136
								1.0000	-0.0000	0.0023
								-11.9385	0.3272	0.9663
							}
							{VolumeView "rocket02.ply"}
						}
					}
					{bone "shooter03"
						{Matrix34
							0.9927	0.1207	-0.0014
							-0.0014	0.0000	-1.0000
							-0.1207	0.9927	0.0002
							-18.3994	18.1844	-3.0562
						}
						{bone "rocket03"
							{Matrix34
								0.0016	0.7136	-0.7005
								-0.0016	0.7005	0.7136
								1.0000	-0.0000	0.0023
								-11.9385	0.0805	0.9663
							}
							{VolumeView "rocket03.ply"}
						}
					}
					{bone "shooter04"
						{Matrix34
							0.9927	0.1207	-0.0014
							-0.0014	0.0000	-1.0000
							-0.1207	0.9927	0.0002
							-18.3910	18.1844	2.8882
						}
						{bone "rocket04"
							{Matrix34
								0.0016	0.7136	-0.7005
								-0.0016	0.7005	0.7136
								1.0000	-0.0000	0.0023
								-11.9385	0.2126	0.9663
							}
							{VolumeView "rocket04.ply"}
						}
					}
					{bone "shooter05"
						{Matrix34
							0.9927	0.1207	-0.0014
							-0.0014	0.0000	-1.0000
							-0.1207	0.9927	0.0002
							-18.3830	18.1844	8.5183
						}
						{bone "rocket05"
							{Matrix34
								0.0016	0.7136	-0.7005
								-0.0016	0.7005	0.7136
								1.0000	-0.0000	0.0023
								-11.9385	0.0305	0.9663
							}
							{VolumeView "rocket05.ply"}
						}
					}
					{bone "shooter06"
						{Matrix34
							0.9927	0.1207	-0.0014
							-0.0014	0.0000	-1.0000
							-0.1207	0.9927	0.0002
							-18.3749	18.1844	14.2040
						}
						{bone "rocket06"
							{Matrix34
								0.0016	0.7136	-0.7005
								-0.0016	0.7005	0.7136
								1.0000	-0.0000	0.0023
								-11.9385	-0.0961	0.9663
							}
							{VolumeView "rocket06.ply"}
						}
					}
					{bone "shooter07"
						{Matrix34
							0.9927	0.1207	-0.0014
							-0.0014	0.0000	-1.0000
							-0.1207	0.9927	0.0002
							-18.3670	18.1844	19.7511
						}
						{bone "rocket07"
							{Matrix34
								0.0016	0.7136	-0.7005
								-0.0016	0.7005	0.7136
								1.0000	-0.0000	0.0023
								-11.9385	-0.3611	0.9663
							}
							{VolumeView "rocket07.ply"}
						}
					}
					{bone "shooter00"
						{Matrix34
							0.9927	0.1207	-0.0014
							-0.0014	0.0000	-1.0000
							-0.1207	0.9927	0.0002
							-18.4239	18.1844	-20.2984
						}
						{bone "rocket00"
							{Matrix34
								0.0016	0.7136	-0.7005
								-0.0016	0.7005	0.7136
								1.0000	-0.0000	0.0023
								-11.9385	0.2750	0.9663
							}
							{VolumeView "rocket00.ply"}
						}
					}
					{bone "shooter09"
						{Matrix34
							0.9927	0.1207	-0.0014
							-0.0014	0.0000	-1.0000
							-0.1207	0.9927	0.0002
							-17.6828	12.1561	-14.5858
						}
						{bone "rocket09"
							{Matrix34
								0.0016	0.7136	-0.7005
								-0.0016	0.7005	0.7136
								1.0000	-0.0000	0.0023
								-11.4816	0.1764	-0.3337
							}
							{VolumeView "rocket09.ply"}
						}
					}
					{bone "shooter10"
						{Matrix34
							0.9927	0.1207	-0.0014
							-0.0014	0.0000	-1.0000
							-0.1207	0.9927	0.0002
							-17.6743	12.1561	-8.6227
						}
						{bone "rocket10"
							{Matrix34
								0.0016	0.7136	-0.7005
								-0.0016	0.7005	0.7136
								1.0000	-0.0000	0.0023
								-11.4816	0.3272	-0.3337
							}
							{VolumeView "rocket10.ply"}
						}
					}
					{bone "shooter11"
						{Matrix34
							0.9927	0.1207	-0.0014
							-0.0014	0.0000	-1.0000
							-0.1207	0.9927	0.0002
							-17.6664	12.1561	-3.0572
						}
						{bone "rocket11"
							{Matrix34
								0.0016	0.7136	-0.7005
								-0.0016	0.7005	0.7136
								1.0000	-0.0000	0.0023
								-11.4816	0.0805	-0.3337
							}
							{VolumeView "rocket11.ply"}
						}
					}
					{bone "shooter12"
						{Matrix34
							0.9927	0.1207	-0.0014
							-0.0014	0.0000	-1.0000
							-0.1207	0.9927	0.0002
							-17.6580	12.1561	2.8871
						}
						{bone "rocket12"
							{Matrix34
								0.0016	0.7136	-0.7005
								-0.0016	0.7005	0.7136
								1.0000	-0.0000	0.0023
								-11.4816	0.2126	-0.3337
							}
							{VolumeView "rocket12.ply"}
						}
					}
					{bone "shooter13"
						{Matrix34
							0.9927	0.1207	-0.0014
							-0.0014	0.0000	-1.0000
							-0.1207	0.9927	0.0002
							-17.6500	12.1561	8.5173
						}
						{bone "rocket13"
							{Matrix34
								0.0016	0.7136	-0.7005
								-0.0016	0.7005	0.7136
								1.0000	-0.0000	0.0023
								-11.4816	0.0305	-0.3337
							}
							{VolumeView "rocket13.ply"}
						}
					}
					{bone "shooter14"
						{Matrix34
							0.9927	0.1207	-0.0014
							-0.0014	0.0000	-1.0000
							-0.1207	0.9927	0.0002
							-17.6419	12.1561	14.2029
						}
						{bone "rocket14"
							{Matrix34
								0.0016	0.7136	-0.7005
								-0.0016	0.7005	0.7136
								1.0000	-0.0000	0.0023
								-11.4816	-0.0961	-0.3337
							}
							{VolumeView "rocket14.ply"}
						}
					}
					{bone "shooter15"
						{Matrix34
							0.9927	0.1207	-0.0014
							-0.0014	0.0000	-1.0000
							-0.1207	0.9927	0.0002
							-17.6340	12.1561	19.7501
						}
						{bone "rocket15"
							{Matrix34
								0.0016	0.7136	-0.7005
								-0.0016	0.7005	0.7136
								1.0000	-0.0000	0.0023
								-11.4816	-0.3611	-0.3337
							}
							{VolumeView "rocket15.ply"}
						}
					}
					{bone "shooter08"
						{Matrix34
							0.9927	0.1207	-0.0014
							-0.0014	0.0000	-1.0000
							-0.1207	0.9927	0.0002
							-17.6909	12.1561	-20.2995
						}
						{bone "rocket08"
							{Matrix34
								0.0016	0.7136	-0.7005
								-0.0016	0.7005	0.7136
								1.0000	-0.0000	0.0023
								-11.4816	0.2750	-0.3337
							}
							{VolumeView "rocket08.ply"}
						}
					}
					{bone "foresight"
						{Matrix34
							0.9927	0.1207	-0.0014
							-0.0014	0.0000	-1.0000
							-0.1207	0.9927	0.0002
							19.7452	20.1825	0.2229
						}
					}
				}
			}
			{bone "gunner"
				{Matrix34
					-0.9998	0.0000	-0.0175
					-0.0000	-1.0000	-0.0000
					-0.0175	0.0000	0.9998
					-15.3272	13.9254	0.8691
				}
			}
		}
		{bone "pivot_back"
			{parameters "ID=body;"}
			{Matrix34
				0.9998	0.0000	-0.0175
				0.0000	1.0000	0.0000
				0.0175	0.0000	0.9998
				-37.5997	0.0000	9.2075
			}
			{VolumeView "pivot_back.ply"}
			{bone revolute "wheel_R2"
				{parameters "ID=wheelright2;"}
				{Matrix34
					-1.0000	0.0000	0.0000
					0.0000	0.0000	1.0000
					0.0000	1.0000	-0.0000
					9.3555	-16.4738	0.0872
				}
				{VolumeView "wheel_R2.ply"}
			}
			{bone revolute "wheel_L2"
				{parameters "ID=wheelleft2;"}
				{Matrix34
					-1.0000	0.0000	-0.0000
					-0.0000	0.0000	1.0000
					0.0000	1.0000	-0.0000
					9.3555	16.0241	0.0872
				}
				{VolumeView "wheel_L2.ply"}
			}
			{bone "FXtraceL2"
				{Matrix34
					-1.0000	-0.0000	0.0000
					0.0000	-0.0000	1.0000
					-0.0000	1.0000	0.0000
					-0.8047	16.2247	-5.9219
				}
			}
			{bone "FXtraceR2"
				{Matrix34
					-1.0000	-0.0000	0.0000
					-0.0000	-0.0000	1.0000
					-0.0000	1.0000	0.0000
					-0.8047	-17.1384	-5.9219
				}
			}
			{bone revolute "wheel_L3"
				{parameters "ID=wheelleft3;"}
				{Matrix34
					-1.0000	0.0000	-0.0000
					-0.0000	0.0000	1.0000
					0.0000	1.0000	-0.0000
					-11.3583	16.0241	0.0335
				}
				{VolumeView "wheel_L3.ply"}
			}
			{bone revolute "wheel_R3"
				{parameters "ID=wheelright3;"}
				{Matrix34
					-1.0000	0.0000	0.0000
					0.0000	0.0000	1.0000
					0.0000	1.0000	-0.0000
					-11.3583	-16.4738	0.0335
				}
				{VolumeView "wheel_R3.ply"}
			}
			{bone "FXdust"
				{Matrix34
					-0.9984	-0.0000	-0.0561
					-0.0561	-0.0000	0.9984
					-0.0000	1.0000	0.0000
					-0.9500	0.1614	-1.3311
				}
			}
		}
		{bone "pivot_front"
			{Matrix34
				0.9998	0.0000	-0.0175
				0.0000	1.0000	0.0000
				0.0175	0.0000	0.9998
				37.9237	0.0000	7.8265
			}
			{bone revolute "steer_L"
				{Matrix34
					-1.0000	0.0000	-0.0000
					0.0000	1.0000	0.0000
					0.0000	0.0000	-1.0000
					-0.1840	12.5795	-0.5833
				}
				{bone revolute "wheel_L1"
					{parameters "ID=wheelleft1;"}
					{Matrix34
						1.0000	0.0000	-0.0000
						-0.0000	0.0000	-1.0000
						-0.0000	1.0000	0.0000
						0.0000	0.7637	-1.9685
					}
					{VolumeView "wheel_L1.ply"}
				}
				{bone "FXtraceL1"
					{Matrix34
						0.9997	-0.0000	0.0262
						0.0262	0.0000	-0.9997
						0.0000	1.0000	0.0000
						-4.7951	2.8931	1.2470
					}
				}
			}
			{bone revolute "steer_R"
				{Matrix34
					-1.0000	0.0000	-0.0000
					0.0000	1.0000	0.0000
					0.0000	0.0000	-1.0000
					-0.1840	-12.4917	-0.5833
				}
				{bone revolute "wheel_R1"
					{parameters "ID=wheelright1;"}
					{Matrix34
						1.0000	0.0000	-0.0000
						-0.0000	0.0000	-1.0000
						-0.0000	1.0000	0.0000
						-0.0000	-4.4849	-1.9685
					}
					{VolumeView "wheel_R1.ply"}
				}
				{bone "FXtraceR1"
					{Matrix34
						0.9998	-0.0000	0.0175
						0.0175	0.0000	-0.9998
						0.0000	1.0000	0.0000
						-5.3775	-2.5934	1.9044
					}
				}
			}
		}
		{bone "emit2"
			{parameters "Group=crew;"}
			{Matrix34
				-0.0000	1.0000	0.0000
				-1.0000	-0.0000	0.0000
				0.0000	0.0000	1.0000
				-0.0701	-27.5591	-0.0001
			}
			{visibility 0}
		}
		{bone "emit1"
			{parameters "Group=crew;"}
			{Matrix34
				-0.0000	-1.0000	0.0000
				1.0000	-0.0000	-0.0000
				0.0000	-0.0000	1.0000
				-0.0701	27.5591	-0.0001
			}
			{visibility 0}
		}
	}
}
{Volume "wheelright1"
	{Cylinder 9.5318 3.87454}
	{Bone "wheel_R1"}
	{Matrix34
		-0.9998	0.0175	0.0000
		0.0175	0.9998	-0.0000
		-0.0000	-0.0000	-1.0000
		0.0203	-0.0171	1.7780
	}
}
{Volume "wheelleft1"
	{Cylinder 9.5318 3.87454}
	{Bone "wheel_L1"}
	{Matrix34
		-0.9998	0.0175	0.0000
		0.0175	0.9998	-0.0000
		-0.0000	-0.0000	-1.0000
		0.0203	-0.0171	1.9149
	}
}
{Volume "wheelright3"
	{Cylinder 9.5318 8.05904}
	{Bone "wheel_R3"}
	{Matrix34
		-0.9998	0.0175	0.0000
		0.0175	0.9998	-0.0000
		-0.0000	-0.0000	-1.0000
		0.0145	-0.2473	0.0628
	}
}
{Volume "wheelleft3"
	{Cylinder 9.5318 8.05904}
	{Bone "wheel_L3"}
	{Matrix34
		-0.9998	0.0175	-0.0000
		0.0175	0.9998	-0.0000
		-0.0000	-0.0000	-1.0000
		0.0145	-0.2473	0.2005
	}
}
{Volume "wheelleft2"
	{Cylinder 9.5318 8.05904}
	{Bone "wheel_L2"}
	{Matrix34
		-0.9998	0.0175	0.0000
		0.0175	0.9998	-0.0000
		-0.0000	-0.0000	-1.0000
		0.0144	0.0619	0.2005
	}
}
{Volume "wheelright2"
	{Cylinder 9.5318 8.05904}
	{Bone "wheel_R2"}
	{Matrix34
		-0.9998	0.0175	0.0000
		0.0175	0.9998	-0.0000
		-0.0000	-0.0000	-1.0000
		0.0144	0.0619	0.0628
	}
}
{Volume "gun"
	{Polyhedron "gun.vol"}
	{Bone "gun"}
	{Matrix34
		1.0000	0.0000	0.0000
		-0.0000	-0.0000	-1.0000
		-0.0000	1.0000	-0.0000
		12.5924	-7.4619	-0.4795
	}
}
{Volume "engine"
	{Box 26.2057 19.4956 17.6984}
	{Bone "Engine"}
	{Position 0.5574	0.0629	-0.7298}
}
{Volume "glass"
	{Box 2.42645 21.8234 12.6655}
	{Bone "glass"}
	{Matrix34
		-0.0000	-0.0175	0.9998
		1.0000	0.0000	0.0000
		-0.0000	0.9998	0.0175
		0.4426	1.7395	0.8051
	}
}
{Volume "cabin"
	{Box 24.2645 29.0979 33.3304}
	{Bone "Cabin"}
	{Position 0.2972	-0.0749	-1.9673}
}
{Volume "body"
	{Box 113.085 16.5073 7.49933}
	{Bone "Body"}
	{Position -7.4846	-0.0749	-1.4522}
}
{Volume "fuel"
	{Box 15.7719 16.5073 7.49933}
	{Bone "Body"}
	{Position 0.6532	-0.0749	-3.9690}
}
