;Exported by: shevchenko
;Date:        Wed Mar 03 15:52:10 2004
;File:        D:\-Projects-\-3DWork-\sheva\SK\store_1_2_4_x.max
{Skeleton
	{animation
		{sequence "crush" {speed 0.4}}
	}
	{bone "store1"
		{parameters "CommonMesh;"}
		{Orientation
			1.0000	0.0000	0.0000
			0.0000	-1.0000	0.0000
			0.0000	0.0000	1.0000
		}
		{VolumeView "store1.ply"}
		{bone "FX_dust1"
			{Matrix34
				-0.0000	0.0000	1.0000
				0.0000	1.0000	0.0000
				-1.0000	0.0000	-0.0000
				85.1051	-18.9770	26.0324
			}
		}
		{bone "FX_dust1a"
			{Matrix34
				-0.0000	0.0000	1.0000
				0.0000	1.0000	0.0000
				-1.0000	0.0000	-0.0000
				-40.6510	-18.9770	8.3296
			}
		}
		{bone "FX_dust1b"
			{Matrix34
				-0.0000	0.0000	1.0000
				0.0000	1.0000	0.0000
				-1.0000	0.0000	-0.0000
				43.9076	49.4161	26.0324
			}
		}
		{bone "FX_stone1"
			{Matrix34
				-0.0000	0.0000	1.0000
				0.0000	1.0000	0.0000
				-1.0000	0.0000	-0.0000
				85.1051	-68.2070	54.0257
			}
		}
		{bone "FX_stone1a"
			{Matrix34
				-0.0000	0.0000	1.0000
				0.0000	1.0000	0.0000
				-1.0000	0.0000	-0.0000
				85.1051	27.0546	53.6542
			}
		}
		{bone "FX_stone1b"
			{Matrix34
				-0.0000	0.0000	1.0000
				0.0000	1.0000	0.0000
				-1.0000	0.0000	-0.0000
				58.6522	-85.7344	39.3534
			}
		}
		{bone "FX_wood1"
			{Matrix34
				-0.0000	0.0000	1.0000
				0.0000	1.0000	0.0000
				-1.0000	0.0000	-0.0000
				58.6522	-96.1969	10.8480
			}
		}
		{bone "FX_wood1a"
			{Matrix34
				-0.0000	0.0000	1.0000
				0.0000	1.0000	0.0000
				-1.0000	0.0000	-0.0000
				49.2606	-18.9770	98.2439
			}
		}
		{bone "FX_wood1b"
			{Matrix34
				-0.0000	0.0000	1.0000
				0.0000	1.0000	0.0000
				-1.0000	0.0000	-0.0000
				-53.4539	-18.9770	98.2439
			}
		}
		{bone "FX_wood2"
			{Matrix34
				-0.0000	0.0000	1.0000
				0.0000	1.0000	0.0000
				-1.0000	0.0000	-0.0000
				6.3259	-18.9770	86.5170
			}
		}
		{bone "piece0"
			{Matrix34
				1.0000	0.0000	0.0000
				0.0000	-0.0000	1.0000
				0.0000	-1.0000	-0.0000
				70.2614	-84.9852	51.3332
			}
			{VolumeView "piece0.ply"}
		}
		{bone "piece1"
			{Matrix34
				1.0000	0.0000	0.0000
				0.0000	-0.0000	1.0000
				0.0000	-1.0000	-0.0000
				60.8513	-84.9852	18.4161
			}
		}
		{bone "piece2"
			{Matrix34
				1.0000	0.0000	0.0000
				0.0000	-0.0000	1.0000
				0.0000	-1.0000	-0.0000
				45.2594	-84.9852	50.2288
			}
			{bone "sub_piece2"
				{Position -6.1689	-15.2543	-0.0000}
			}
		}
		{bone "piece3"
			{Matrix34
				1.0000	0.0000	0.0000
				0.0000	-0.0000	1.0000
				0.0000	-1.0000	-0.0000
				5.8900	-84.9852	67.2344
			}
		}
		{bone "piece4"
			{Matrix34
				1.0000	0.0000	0.0000
				0.0000	-0.0000	1.0000
				0.0000	-1.0000	-0.0000
				-41.5923	-84.9852	66.6119
			}
		}
		{bone "piece5"
			{Matrix34
				1.0000	0.0000	0.0000
				0.0000	-0.0000	1.0000
				0.0000	-1.0000	-0.0000
				-61.3696	-84.9852	29.5276
			}
		}
		{bone "piece6"
			{Matrix34
				1.0000	0.0000	0.0000
				0.0000	-0.0000	1.0000
				0.0000	-1.0000	-0.0000
				57.5392	48.1876	21.5992
			}
			{VolumeView "piece6.ply"}
		}
		{bone "piece7"
			{Matrix34
				1.0000	0.0000	0.0000
				0.0000	-0.0000	1.0000
				0.0000	-1.0000	-0.0000
				72.0567	48.1876	59.6880
			}
			{VolumeView "piece7.ply"}
			{bone "sub_piece7"
				{Position -5.4681	-15.0847	0.0000}
				{VolumeView "sub_piece7.ply"}
			}
		}
		{bone "piece8"
			{Matrix34
				1.0000	0.0000	0.0000
				0.0000	-0.0000	1.0000
				0.0000	-1.0000	-0.0000
				24.9744	48.1876	28.1776
			}
			{VolumeView "piece8.ply"}
		}
		{bone "piece9"
			{Matrix34
				1.0000	0.0000	0.0000
				0.0000	-0.0000	1.0000
				0.0000	-1.0000	-0.0000
				15.6610	48.1876	71.7605
			}
			{VolumeView "piece9.ply"}
		}
		{bone "piece10"
			{Matrix34
				1.0000	0.0000	0.0000
				0.0000	-0.0000	1.0000
				0.0000	-1.0000	-0.0000
				-60.5334	48.1876	66.6119
			}
			{VolumeView "piece10.ply"}
		}
		{bone "piece11"
			{Matrix34
				1.0000	0.0000	0.0000
				0.0000	-0.0000	1.0000
				0.0000	-1.0000	-0.0000
				-61.3696	48.1876	39.2988
			}
			{VolumeView "piece11.ply"}
		}
		{bone "piece12"
			{Matrix34
				-0.0000	-1.0000	0.0000
				-0.0000	0.0000	1.0000
				-1.0000	0.0000	-0.0000
				82.9299	17.3603	25.5906
			}
			{VolumeView "piece12.ply"}
		}
		{bone "piece13"
			{Matrix34
				-0.0000	-1.0000	0.0000
				-0.0000	0.0000	1.0000
				-1.0000	0.0000	-0.0000
				82.9299	-17.0885	75.7874
			}
			{VolumeView "piece13.ply"}
		}
		{bone "piece14"
			{Matrix34
				-0.0000	-1.0000	0.0000
				-0.0000	0.0000	1.0000
				-1.0000	0.0000	-0.0000
				82.9299	-52.5216	25.5906
			}
			{VolumeView "piece14.ply"}
			{bone "sub_piece14"
				{Position -25.0792	15.6536	-0.0000}
				{VolumeView "sub_piece14.ply"}
			}
		}
		{bone "exterior"
			{Position -5.2672	-6.2617	78.7402}
		}
	}
}
{Area "interior"
	{Obb2
		{Center 0.45343 18.5857}
		{Extent 79.6823 64.4564}
		{Axis -1 0}
	}
	{Rotate}
}
{Volume "sub_piece14"
	{Box 19.6159 5.90552 12.611}
	{Bone "sub_piece14"}
	{Matrix34
		-0.8283	0.5603	0.0000
		0.0000	0.0000	1.0000
		0.5603	0.8283	-0.0000
		-0.0677	-1.7516	0.0265
	}
}
{Volume "piece14"
	{Box 34.3278 5.90552 16.7772}
	{Bone "piece14"}
	{Matrix34
		-0.8458	0.5335	-0.0000
		0.0000	0.0000	1.0000
		0.5335	0.8458	-0.0000
		-1.7201	-1.7705	0.0265
	}
}
{Volume "piece13"
	{Box 34.666 5.90552 21.0559}
	{Bone "piece13"}
	{Matrix34
		-1.0000	-0.0000	0.0000
		0.0000	0.0000	1.0000
		-0.0000	1.0000	-0.0000
		0.2800	0.8638	0.0265
	}
}
{Volume "piece12"
	{Box 28.2401 5.90552 18.4661}
	{Bone "piece12"}
	{Matrix34
		-0.9821	0.1885	-0.0000
		0.0000	0.0000	1.0000
		0.1885	0.9821	-0.0000
		0.0163	1.0539	0.0266
	}
}
{Volume "piece11"
	{Box 12.5136 5.90552 26.6858}
	{Bone "piece11"}
	{Matrix34
		0.9484	0.3172	0.0000
		0.0000	-0.0000	-1.0000
		-0.3172	0.9484	-0.0000
		-1.4756	-0.0924	-0.0207
	}
}
{Volume "piece10"
	{Box 16.9102 5.90552 11.2598}
	{Bone "piece10"}
	{Matrix34
		1.0000	0.0000	0.0000
		0.0000	-0.0000	-1.0000
		0.0000	1.0000	-0.0000
		-0.5486	0.8828	-0.0207
	}
}
{Volume "piece9"
	{Box 21.7827 5.90552 11.0236}
	{Bone "piece9"}
	{Matrix34
		1.0000	0.0000	0.0000
		0.0000	-0.0000	-1.0000
		0.0000	1.0000	-0.0000
		-0.5331	-0.7436	-0.0207
	}
}
{Volume "piece8"
	{Box 14.3307 5.90552 22.5197}
	{Bone "piece8"}
	{Matrix34
		0.7083	0.7059	0.0000
		0.0000	-0.0000	-1.0000
		-0.7059	0.7083	-0.0000
		0.3456	-1.5820	-0.0207
	}
}
{Volume "sub_piece7"
	{Box 14.3307 5.90552 11.8898}
	{Bone "sub_piece7"}
	{Matrix34
		0.9470	-0.3213	-0.0000
		-0.0000	-0.0000	-1.0000
		0.3213	0.9470	-0.0000
		-0.1292	-0.7787	-0.0207
	}
}
{Volume "piece7"
	{Box 18.0567 5.90552 21.9685}
	{Bone "piece7"}
	{Matrix34
		0.9439	-0.3303	0.0000
		-0.0000	-0.0000	-1.0000
		0.3303	0.9439	-0.0000
		0.0510	0.1944	-0.0207
	}
}
{Volume "piece6"
	{Box 13.041 5.90552 12.0472}
	{Bone "piece6"}
	{Matrix34
		0.9848	0.1736	0.0000
		0.0000	-0.0000	-1.0000
		-0.1736	0.9848	-0.0000
		0.4519	0.3260	-0.0207
	}
}
{Volume "piece5"
	{Box 12.5136 5.90552 26.6858}
	{Bone "piece5"}
	{Matrix34
		0.9484	0.3172	0.0000
		0.0000	-0.0000	-1.0000
		-0.3172	0.9484	-0.0000
		-1.4686	-0.4446	-0.0008
	}
}
{Volume "piece4"
	{Box 16.9102 5.90552 11.2598}
	{Bone "piece4"}
	{Matrix34
		1.0000	0.0000	0.0000
		0.0000	-0.0000	-1.0000
		0.0000	1.0000	-0.0000
		-0.8201	0.8829	-0.0008
	}
}
{Volume "piece3"
	{Box 21.7827 5.90552 11.0236}
	{Bone "piece3"}
	{Matrix34
		1.0000	0.0000	0.0000
		0.0000	-0.0000	-1.0000
		0.0000	1.0000	-0.0000
		-0.5084	-0.3294	-0.0008
	}
}
{Volume "sub_piece2"
	{Box 14.3307 5.90552 11.8898}
	{Bone "sub_piece2"}
	{Matrix34
		0.9470	-0.3213	-0.0000
		-0.0000	-0.0000	-1.0000
		0.3213	0.9470	-0.0000
		0.2731	-0.6527	-0.0008
	}
}
{Volume "piece2"
	{Box 18.0567 5.90552 21.9685}
	{Bone "piece2"}
	{Matrix34
		0.9439	-0.3303	0.0000
		-0.0000	-0.0000	-1.0000
		0.3303	0.9439	-0.0000
		-0.2475	0.1508	-0.0008
	}
}
{Volume "piece1"
	{Box 14.3307 5.90552 22.5197}
	{Bone "piece1"}
	{Matrix34
		0.7083	0.7059	0.0000
		0.0000	-0.0000	-1.0000
		-0.7059	0.7083	-0.0000
		0.0974	-1.2437	-0.0008
	}
}
{Volume "piece0"
	{Box 13.041 5.90552 12.0472}
	{Bone "piece0"}
	{Matrix34
		0.9848	0.1736	0.0000
		0.0000	-0.0000	-1.0000
		-0.1736	0.9848	-0.0000
		0.8914	-0.0440	-0.0008
	}
}
