;Exported by: garry
;Date:        Fri May 07 16:39:44 2004
;File:        D:\-Projects-\-3DWork-\Model\Авто-мото\SDKFZ\SdKfz234_2_Puma\Puma_xx.max
{Skeleton
	{bone "Basis"
		{parameters "WheelRadius=0.1;"}
		{Orientation
			1.0000	0.0000	0.0000
			0.0000	-1.0000	0.0000
			0.0000	0.0000	1.0000
		}
		{bone "pivot_back"
			{Position -26.6012	0.1286	10.4543}
			{bone revolute "spring_L3"
				{Matrix34
					1.0000	0.0000	0.0000
					0.0000	-1.0000	-0.0000
					0.0000	0.0000	-1.0000
					12.7462	14.7209	-0.0124
				}
			}
			{bone revolute "spring_L4"
				{Matrix34
					1.0000	0.0000	0.0000
					0.0000	-1.0000	-0.0000
					0.0000	0.0000	-1.0000
					-12.6002	14.7209	-0.0124
				}
				{bone revolute "WheelL4"
					{parameters "ID=wheelleft4;"}
					{Matrix34
						-0.8501	-0.0187	0.5263
						-0.5219	0.1637	-0.8371
						-0.0705	-0.9863	-0.1489
						0.0000	-5.0366	0.0000
					}
					{VolumeView "WheelL4.ply"}
				}
			}
			{bone revolute "spring_R3"
				{Matrix34
					-1.0000	0.0000	-0.0000
					0.0000	1.0000	0.0000
					0.0000	0.0000	-1.0000
					12.7462	-14.8747	-0.0124
				}
				{bone revolute "WheelR3"
					{parameters "ID=wheelright3;"}
					{Matrix34
						0.0000	0.0000	-1.0000
						-1.0000	-0.0000	-0.0000
						-0.0000	1.0000	-0.0000
						0.0000	-4.6961	0.0000
					}
					{VolumeView "WheelR3.ply"}
				}
			}
			{bone revolute "spring_R4"
				{Matrix34
					-1.0000	0.0000	-0.0000
					0.0000	1.0000	0.0000
					0.0000	0.0000	-1.0000
					-12.6002	-14.8747	-0.0124
				}
				{bone revolute "WheelR4"
					{parameters "ID=wheelright4;"}
					{Matrix34
						0.0000	-0.1197	-0.9928
						-1.0000	-0.0000	0.0000
						-0.0000	0.9928	-0.1197
						-0.0000	-4.6961	0.0000
					}
					{VolumeView "WheelR4.ply"}
				}
			}
		}
		{bone "pivot_front"
			{Position 26.7135	0.1286	10.4543}
			{bone revolute "steer_L1"
				{Matrix34
					1.0000	0.0000	0.0000
					0.0000	-1.0000	-0.0000
					0.0000	0.0000	-1.0000
					12.6033	14.7209	-0.0124
				}
			}
			{bone revolute "steer_L2"
				{Matrix34
					1.0000	0.0000	0.0000
					0.0000	-1.0000	-0.0000
					0.0000	0.0000	-1.0000
					-12.7705	14.7209	-0.0124
				}
				{bone revolute "WheelL2"
					{parameters "ID=wheelleft2;"}
					{Matrix34
						-0.0000	0.3424	-0.9395
						0.9742	-0.2122	-0.0773
						-0.2258	-0.9153	-0.3336
						-0.0000	-2.8627	1.0753
					}
					{VolumeView "WheelL2.ply"}
				}
				{bone revolute "WheelL1"
					{parameters "ID=wheelleft1;"}
					{Matrix34
						0.0000	-0.0000	-1.0000
						1.0000	0.0000	0.0000
						0.0000	-1.0000	0.0000
						25.3738	-5.0366	0.0000
					}
					{VolumeView "WheelL1.ply"}
				}
			}
			{bone revolute "steer_R1"
				{Matrix34
					-1.0000	0.0000	-0.0000
					0.0000	1.0000	0.0000
					0.0000	0.0000	-1.0000
					12.6033	-14.8747	-0.0124
				}
				{bone revolute "WheelR1"
					{parameters "ID=wheelright1;"}
					{Matrix34
						0.0000	0.0000	-1.0000
						-1.0000	-0.0000	-0.0000
						-0.0000	1.0000	-0.0000
						-0.0000	-4.6961	0.0000
					}
					{VolumeView "WheelR1.ply"}
				}
			}
			{bone revolute "steer_R2"
				{Matrix34
					-1.0000	0.0000	-0.0000
					0.0000	1.0000	0.0000
					0.0000	0.0000	-1.0000
					-12.7705	-14.8747	-0.0124
				}
				{bone "WheelR2"
					{parameters "ID=wheelright2;"}
					{Matrix34
						1.0000	0.0000	-0.0000
						-0.0000	-0.0000	-1.0000
						-0.0000	1.0000	-0.0000
						0.2303	-7.2325	0.0911
					}
					{VolumeView "WheelR2.ply"}
				}
			}
		}
		{bone "Body"
			{parameters "CommonMesh;ID=body;"}
			{Matrix34
				0.9997	0.0101	-0.0228
				-0.0118	0.9973	-0.0729
				0.0220	0.0732	0.9971
				-2.6736	-0.1450	6.0855
			}
			{VolumeView "Body.ply"}
				{bone revolute "Turret"
					{parameters "CommonMesh;ID=turret;"}
					{Matrix34
						0.1789	-0.9838	-0.0081
						0.9825	0.1782	0.0541
						-0.0518	-0.0176	0.9985
						6.0672	1.7448	26.6908
					}
					{VolumeView "Turret.ply"}
					{bone "cower"
						{Matrix34
							0.0000	-1.0000	-0.0000
							-0.0000	0.0000	1.0000
							-1.0000	0.0000	-0.0000
							-5.4393	-5.5176	11.2577
						}
						{VolumeView "cower.ply"}
					}
					{bone revolute "Gun_rot"
						{limits -10.0000 12.0000}
						{speed 0.0100}
						{Matrix34
							0.3959	0.2066	0.8948
							0.0000	0.9744	-0.2250
							-0.9183	0.0891	0.3857
							1.5183	14.9057	4.9413
						}
						{VolumeView "Gun_rot.ply"}
						{bone "Gun"
							{parameters "Aim;"}
							{Matrix34
								0.0000	-0.0000	-1.0000
								-0.0000	1.0000	-0.0000
								1.0000	0.0000	0.0000
								0.2934	14.0850	1.2632
							}
							{VolumeView "Gun.ply"}
						}
					}
				}
				{bone "engine"
					{parameters "CommonMesh;ID=engine;"}
					{Matrix34
						0.0000	-1.0000	0.0000
						1.0000	0.0000	-0.0000
						-0.0000	-0.0000	1.0000
						-29.5012	0.0000	15.8686
					}
					{VolumeView "engine.ply"}
				}
			{bone "WheelL3"
				{parameters "ID=wheelleft3;"}
				{Matrix34
					-0.9997	0.0118	-0.0220
					-0.0228	-0.0729	0.9971
					0.0101	0.9973	0.0732
					-11.1922	12.9275	3.9634
				}
				{VolumeView "WheelL3.ply"}
			}
			{bone "part1"
				{Matrix34
					-0.0101	-0.9973	-0.0732
					0.9997	-0.0118	0.0220
					-0.0228	-0.0729	0.9971
					52.1652	16.4724	18.4746
				}
				{VolumeView "part1.ply"}
			}
			{bone "part2"
				{Matrix34
					-0.0101	-0.9973	-0.0732
					0.9997	-0.0118	0.0220
					-0.0228	-0.0729	0.9971
					36.3225	16.9768	18.6285
				}
				{VolumeView "part2.ply"}
			}
			{bone "part3"
				{Matrix34
					0.0357	-0.9992	-0.0152
					0.8620	0.0385	-0.5055
					0.5057	0.0049	0.8627
					49.3640	1.3462	-0.7427
				}
				{VolumeView "part3.ply"}
			}
		}
	}
}
{Volume "part3"
	{Polyhedron "part3.vol"}
	{Bone "part3"}
	{Matrix34
		0.9973	-0.0101	-0.0732
		0.0569	-0.5265	0.8483
		-0.0471	-0.8501	-0.5245
		0.2183	6.1870	20.4337
	}
}
{Volume "part2"
	{Polyhedron "part2.vol"}
	{Bone "part2"}
	{Matrix34
		-0.0000	0.9099	-0.4149
		-1.0000	-0.0000	0.0000
		-0.0000	0.4149	0.9099
		0.1681	-0.2591	-0.6931
	}
}
{Volume "part1"
	{Box 9.9821 5.92688 3.89302}
	{Bone "part1"}
	{Matrix34
		-0.0000	0.5629	-0.8265
		-1.0000	-0.0000	0.0000
		-0.0000	0.8265	0.5629
		-0.0379	-0.0385	-0.0386
	}
}
{Volume "Body2"
	{Polyhedron "Body2.vol"}
	{Bone "Body"}
	{Matrix34
		0.9994	-0.0158	-0.0319
		0.0188	0.9952	0.0963
		0.0303	-0.0968	0.9948
		4.0257	-1.3602	13.6068
	}
}
{Volume "Body1"
	{Polyhedron "Body1.vol"}
	{Bone "Body"}
	{Matrix34
		0.9994	-0.0158	-0.0319
		0.0188	0.9952	0.0963
		0.0303	-0.0968	0.9948
		4.0257	-1.3602	0.5061
	}
}
{Volume "WheelL3"
	{Cylinder 6.3164 5.30735}
	{Bone "WheelL3"}
	{Position 0.2896	0.0911	2.5727}
}
{Volume "Turret"
	{Polyhedron "Turret.vol"}
	{Bone "Turret"}
	{Matrix34
		-0.0000	1.0000	0.0000
		-1.0000	-0.0000	0.0000
		0.0000	0.0000	1.0000
		-0.3436	0.7492	-0.0940
	}
}
{Volume "Gun"
	{Box 45.6185 2.83465 2.82582}
	{Bone "Gun"}
	{Matrix34
		-0.0000	1.0000	-0.0000
		-1.0000	0.0000	-0.0000
		0.0000	-0.0000	1.0000
		0.0377	12.6825	0.2372
	}
}
{Volume "WheelR1"
	{Cylinder 8.42187 5.94424}
	{Bone "WheelR1"}
	{Matrix34
		0.0000	-1.0000	-0.0000
		1.0000	0.0000	0.0000
		-0.0000	-0.0000	1.0000
		0.0000	-0.0000	0.0385
	}
}
{Volume "WheelL2"
	{Cylinder 5.45088 5.30735}
	{Bone "WheelL2"}
	{Matrix34
		0.0000	-1.0000	0.0000
		1.0000	-0.0000	-0.0000
		-0.0000	-0.0000	1.0000
		-0.0000	-0.1447	0.0000
	}
}
{Volume "WheelR4"
	{Cylinder 5.47523 5.94424}
	{Bone "WheelR4"}
	{Matrix34
		0.0000	-1.0000	-0.0000
		1.0000	0.0000	0.0000
		-0.0000	-0.0000	1.0000
		0.0000	0.0741	0.0385
	}
}
{Volume "WheelR3"
	{Cylinder 7.61013 5.94424}
	{Bone "WheelR3"}
	{Matrix34
		0.0000	-1.0000	-0.0000
		1.0000	0.0000	0.0000
		-0.0000	-0.0000	1.0000
		0.0000	0.0667	0.0385
	}
}
{Volume "WheelL4"
	{Cylinder 6.01504 5.30735}
	{Bone "WheelL4"}
	{Matrix34
		-0.0000	-1.0000	0.0000
		1.0000	0.0000	0.0000
		0.0000	0.0000	1.0000
		0.0000	0.0741	-0.0000
	}
}
