;MDL File generated by SOEdit
;Model created by: serh
;PLY Geometry by:  serh
;VOL Geometry by: <insert modeler name>
{Skeleton
    {animation
        {sequence "recoil" {speed 0.7}}
    }
    {bone revolute "Basis"
				{limits -0.0000 0.0000}
				{speed 0.010}

        {Orientation
            1.0000 0.0000 0.0000
            0.0000 -1.0000 0.0000
            0.0000 0.0000 1.0000
        }
        {bone "emit1"
            {Matrix34
                0.9336 -0.3584 0.0000
                0.3584 0.9336 0.0000
                0.0000 0.0000 1.0000
                -32.7803 14.9472 0.0000
            }
            {visibility 0}
        }
        {bone "emit2"
            {Matrix34
                0.9998 -0.0175 0.0000
                0.0175 0.9998 0.0000
                0.0000 0.0000 1.0000
                -112.76 56.573 0.0000
            }
            {visibility 0}
        }
        {bone "emit3"
            {Matrix34
                0.9336 -0.3584 0.0000
                0.3584 0.9336 0.0000
                0.0000 0.0000 1.0000
                -58.7803 8.0000 0.0000
            }
            {visibility 0}
        }
        {bone "emit4"
            {Matrix34
                0.9998 -0.0175 0.0000
                0.0175 0.9998 0.0000
                0.0000 0.0000 1.0000
                -108.362 -58.5287 0.0000
            }
            {visibility 0}
        }
        {bone "Body"
            {parameters "ID=body;"}
            {Matrix34
                1.0000 0.0000 0.0000
                0.0000 1.0000 0.0000
                0.0000 0.0000 1.0000
                -59.3499 0.9704 0.6016
            }

            {VolumeView "Body.ply"}
            {bone revolute "WheelL"
                {parameters "ID=wheelleft;"}
                {Matrix34
                    -1.0000 0.0000 0.0000
                    0.0000 0.0000 1.0000
                    0.0000 1.0000 0.0000
                    59.4028 16.5479 9.0833
                }
                {VolumeView "WheelL.ply"}
                	{bone "FXtrace2"
                		{Matrix34
                    -1.0000 0.0000 0.0000
                    0.0000 0.0000 -1.0000
                    0.0000 1.0000 0.0000
                    0.0000 -10.0000 2.0000
                		}
                }
            }
            {bone revolute "WheelR"
                {parameters "ID=wheelright;"}
                {Matrix34
                    -1.0000 0.0000 0.0000
                    0.0000 0.0000 1.0000
                    0.0000 -1.0000 0.0000
                    59.4029 -16.3292 9.0833
                }
                {VolumeView "WheelR.ply"}
                	{bone "FXtrace1"
                		{Matrix34
                    -1.0000 0.0000 0.0000
                    0.0000 0.0000 -1.0000
                    0.0000 1.0000 0.0000
                    0.0000 -10.0000 2.0000
                		}
            			}
            }
			{VolumeView "body.ply"}
			{bone "attach_vehicle"
				{Matrix34
					1.0000	0.0000	0.0024
					0.0000	1.0000	-0.0000
					-0.0024	-0.0000	1.0000
					0.0219	-0.3438	-9.1931
				}
			}
			{bone "link1"
				{Matrix34
					1.0000	0.0000	0.0024
					0.0000	1.0000	-0.0000
					-0.0024	-0.0000	1.0000
					-50.9535	0.4191	-0.9609
				}
			}
)
            {bone "commander"
                {Matrix34
                    0.9563 0.2924 0.0000
                    -0.2922 0.9557 0.0347
                    0.0101 -0.0332 0.9994
                    -30.9009 -57.3439 -1.06182
                }
            }           
            {bone "driver"
                {Matrix34
                    0.9563 0.2924 0.0000
                    -0.2922 0.9557 0.0347
                    0.0101 -0.0332 0.9994
                    -37.1326 49.1289 1.54068
                }
            }
            {bone revolute "Turret_rot"
							{limits -27.0000 27.0000}
							{speed 0.0200}
						  {Matrix34
                 	1.0000 0.0000 0.0000
                 	0.0000 1.0000 0.0000
                 	0.0000 0.0000 1.0000
                 	60.0000 0.0000 12.0000
              }
              {bone "gunner"
                {Matrix34
                    0.9063 -0.4226 0.0000
                    0.4226 0.9063 0.0000
                    0.0000 0.0000 1.0000
                    -20.00 10.000 -5.0000
                }
            	}
            	{bone "charger"
                {Matrix34
                    0.9563 0.2924 0.0000
                    -0.2922 0.9557 0.0347
                    0.0101 -0.0332 0.9994
                    -20.00 -10.00 -5.0000
                }
            	}
              {bone "Turret"
                {parameters "ID=turret;"}
                {Matrix34
                    1.0000 0.0000 0.0000
                    0.0000 0.0000 -1.0000
                    0.0000 1.0000 0.0000
                    0.0000 0.0000 0.0000
                }
                {VolumeView "Turret.ply"}
                {bone "Visor"
                    {Matrix34
                        0.9998 -0.0175 -0.0087
                        0.0087 0.0000 1.0000
                        -0.0175 -0.9998 0.0002
                        -7.0916 -16.5085 7.6327
                    }
                }
                	{bone revolute "gun_rot"
               			{parameters "ID=gun;"}
                		{limits -37.0000 2.0000}
             	  		{speed 0.0050}
                		{Matrix34
                   		1.0000 0.0000 0.0000
                   		0.0000 1.0000 0.0000
                   		0.0000 0.0000 1.0000
                   		0.0000 0.0000 0.0000
                		}
                		{VolumeView "gun_rot.ply"}
                			{bone "gun"
                   			{parameters "ID=gun;"}
                   			{Matrix34
                     			1.0000 0.0000 0.0000
                     			0.0000 0.0000 1.0000
                     			0.0000 -1.0000 0.0000
                     			22.3589 -6.5605 0.4618
                   			}
                   			{VolumeView "gun.ply"}
                   				{bone "Foresight1"
                       			{Matrix34
                           		1.0000 -0.0001 -0.0087
                           		0.0000 1.0000 -0.0096
                           		0.0087 0.0096 0.9999
                           		73.7583 -0.0000 0.0000
                       			}
                   				}
               				}
            			}
           		}
           }
        }   
    }
}
{Obstacle "Rectangle02"
    {Obb2
        {Center 0.5600 0.7573}
        {Extent 7.2577 22.4004}
        {Axis -0.999848 -0.0174522}
    }
    {Rotate}
}
{Volume "gun"
    {Cylinder 0.80525 76.43350}
    {Bone "gun_rot"}
    {Matrix34
        0.0000 0.0000 1.0000
        0.0000 -1.0000 0.0000
        1.0000 0.0000 0.0000
        26.0724 -7.1156 0.1292
    }
}
{Volume "turret"
    {Box 1.2998 41.6915 33.5279}
    {Bone "Turret"}
    {Matrix34
        0.9285 -0.3713 0.0000
        0.0000 0.0000 1.0000
        -0.3713 -0.9285 0.0000
        -3.8227 -5.4852 0.0316
    }
}
{Volume "wheelright"
    {Cylinder 10.78520 3.72717}
    {Bone "WheelR"}
    {Position 0.0000 0.0000 1.8636}
}
{Volume "wheelleft"
    {Cylinder 10.78210 4.39142}
    {Bone "WheelL"}
    {Matrix34
        1.0000 0.0000 0.0000
        0.0000 1.0000 0.0000
        0.0000 0.0000 1.0000
        0.0000 0.0000 1.7868
    }
}
{Volume "body2"
    {Cylinder 2.33309 65.73090}
    {Bone "Body"}
    {Matrix34
        0.4169 -0.9076 0.0489
        0.1164 0.0000 -0.9932
        0.9014 0.4198 0.1057
        29.7314 -19.7387 6.1066
    }
}
{Volume "body1"
    {Cylinder 2.33309 65.73090}
    {Bone "Body"}
    {Matrix34
        0.4170 0.9076 0.0486
        -0.1159 0.0000 0.9933
        0.9015 -0.4198 0.1052
        29.7293 20.9988 6.1241
    }
}
