{Skeleton
	{bone "depot"
		{Orientation
			1.0000	0.0000	0.0000
			0.0000	-1.0000	0.0000
			0.0000	0.0000	1.0000
		}
		{VolumeView "depot.ply"}
		{bone "exterior_roof"
			{Position 12.3296	-26.0507	134.7192}
			{VolumeView "exterior_roof.ply"}
		}
		{bone "window8"
			{Matrix34
				-0.5000	0.8660	0.0000
				0.8660	0.5000	0.0000
				0.0000	0.0000	-1.0000
				-59.7357	-121.8353	85.3235
			}
			{VolumeView "window8.ply"}
			{bone "FX_glass08"
				{Matrix34
					-0.8365	-0.4830	0.2588
					-0.5000	0.8660	0.0000
					-0.2241	-0.1294	-0.9659
					-0.8280	1.5142	-3.1938
				}
			}
		}
		{bone "window9"
			{Matrix34
				-0.5000	0.8660	0.0000
				0.8660	0.5000	0.0000
				0.0000	0.0000	-1.0000
				78.0838	-121.8472	85.3975
			}
			{VolumeView "window9.ply"}
			{bone "FX_glass09"
				{Matrix34
					-0.8365	-0.4830	0.2588
					-0.5000	0.8660	0.0000
					-0.2241	-0.1294	-0.9659
					-0.4062	0.8075	-3.1197
				}
			}
		}
		{bone "window1"
			{Matrix34
				-0.5000	0.8660	0.0000
				0.8660	0.5000	0.0000
				0.0000	0.0000	-1.0000
				-197.1908	69.8576	85.3235
			}
			{VolumeView "window1.ply"}
			{bone "FX_glass01"
				{Matrix34
					0.8365	0.4830	0.2588
					0.5000	-0.8660	0.0000
					0.2241	0.1294	-0.9659
					-0.9286	1.7507	-3.1938
				}
			}
		}
		{bone "window4"
			{Matrix34
				-0.5000	0.8660	0.0000
				0.8660	0.5000	0.0000
				0.0000	0.0000	-1.0000
				-59.8166	69.8576	85.3235
			}
			{VolumeView "window4.ply"}
			{bone "FX_glass04"
				{Matrix34
					0.8365	0.4830	0.2588
					0.5000	-0.8660	0.0000
					0.2241	0.1294	-0.9659
					-0.6127	1.2035	-3.1938
				}
			}
		}
		{bone "window5"
			{Matrix34
				-0.5000	0.8660	0.0000
				0.8660	0.5000	0.0000
				0.0000	0.0000	-1.0000
				78.0897	69.8576	85.3235
			}
			{VolumeView "window5.ply"}
			{bone "FX_glass05"
				{Matrix34
					0.8365	0.4830	0.2588
					0.5000	-0.8660	0.0000
					0.2241	0.1294	-0.9659
					-7.8516	13.7418	-3.1938
				}
			}
		}
		{bone "window7"
			{Matrix34
				-0.5000	0.8660	0.0000
				0.8660	0.5000	0.0000
				0.0000	0.0000	-1.0000
				-197.4536	-121.5378	85.3975
			}
			{VolumeView "window7.ply"}
			{bone "FX_glass07"
				{Matrix34
					-0.8365	-0.4830	0.2588
					-0.5000	0.8660	0.0000
					-0.2241	-0.1294	-0.9659
					0.1508	-0.4547	-3.1197
				}
			}
		}
		{bone "window14"
			{Matrix34
				-0.5000	0.8660	0.0000
				0.8660	0.5000	0.0000
				0.0000	0.0000	-1.0000
				215.7944	-121.7588	85.3975
			}
			{VolumeView "window14.ply"}
			{bone "FX_glass14"
				{Matrix34
					-0.8365	-0.4830	0.2588
					-0.5000	0.8660	0.0000
					-0.2241	-0.1294	-0.9659
					-4.5368	7.7849	-3.1197
				}
			}
		}
		{bone "window6"
			{Matrix34
				-0.5000	0.8660	0.0000
				0.8660	0.5000	0.0000
				0.0000	0.0000	-1.0000
				215.7462	69.8576	85.3235
			}
			{VolumeView "window6.ply"}
			{bone "FX_glass06"
				{Matrix34
					0.8365	0.4830	0.2588
					0.5000	-0.8660	0.0000
					0.2241	0.1294	-0.9659
					-3.3498	5.9445	-3.1938
				}
			}
		}
	}
}
{Obstacle "Obstacle07"
	{Obb2
		{Center 284.17 26.1868}
		{Extent 9.79078 6.85543}
		{Axis 0 1}
	}
	{Rotate}
}
{Obstacle "Obstacle06"
	{Obb2
		{Center -125.623 -77.2462}
		{Extent 9.79078 9.9354}
		{Axis 0 1}
	}
	{Rotate}
}
{Obstacle "Obstacle05"
	{Obb2
		{Center -257.042 -71.6853}
		{Extent 8.36819 8.93545}
		{Axis 0 1}
	}
	{Rotate}
}
{Obstacle "Obstacle04"
	{Obb2
		{Center -259.111 25.8156}
		{Extent 10.3055 6.18942}
		{Axis 0 1}
	}
	{Rotate}
}
{Obstacle "Obstacle01"
	{Obb2
		{Center 148.035 -75.1536}
		{Extent 8.48372 144.091}
		{Axis 0 1}
	}
	{Rotate}
}
{Obstacle "Obstacle"
	{Obb2
		{Center 1.8241 124.521}
		{Extent 8.48372 288.477}
		{Axis 4.21546e-008 1}
	}
	{Rotate}
}
{Area "Interior"
	{Obb2
		{Center 12.8964 22.1157}
		{Extent 93.6603 279.853}
		{Axis 4.07291e-008 1}
	}
	{Rotate}
}
{Volume "window6"
	{Box 67.4965 1.16913 19.685}
	{Bone "window6"}
		{Matrix34
			-0.5000	0.8660	0.0000
			0.8660	0.5000	0.0000
			0.0000	0.0000	-1.0000
			-4.3240	7.5426	-1.8241
		}
}
{Volume "window14"
	{Box 66.6455 1.16913 19.685}
	{Bone "window14"}
		{Matrix34
			-0.5000	0.8660	0.0000
			0.8660	0.5000	0.0000
			0.0000	0.0000	-1.0000
			-4.6606	7.9090	-1.7500
		}
}
{Volume "window7"
	{Box 81.7766 1.16913 19.685}
	{Bone "window7"}
		{Matrix34
			-0.5000	0.8660	0.0000
			0.8660	0.5000	0.0000
			0.0000	0.0000	-1.0000
			-0.9245	1.5413	-1.7500
		}
}
{Volume "window5"
	{Box 53.8937 1.16913 19.685}
	{Bone "window5"}
		{Matrix34
			-0.5000	0.8660	0.0000
			0.8660	0.5000	0.0000
			0.0000	0.0000	-1.0000
			-7.7716	13.5141	-1.8241
		}
}
{Volume "window4"
	{Box 81.7766 1.16913 19.685}
	{Bone "window4"}
		{Matrix34
			-0.5000	0.8660	0.0000
			0.8660	0.5000	0.0000
			0.0000	0.0000	-1.0000
			-0.7633	1.3754	-1.8241
		}
}
{Volume "window1"
	{Box 81.7766 1.16913 19.685}
	{Bone "window1"}
		{Matrix34
			-0.5000	0.8660	0.0000
			0.8660	0.5000	0.0000
			0.0000	0.0000	-1.0000
			-0.7441	1.3420	-1.8241
		}
}
{Volume "window9"
	{Box 81.7766 1.16913 19.685}
	{Bone "window9"}
		{Matrix34
			-0.5000	0.8660	0.0000
			0.8660	0.5000	0.0000
			0.0000	0.0000	-1.0000
			-0.7539	1.3194	-1.7500
		}
}
{Volume "window8"
	{Box 81.7766 1.16913 19.685}
	{Bone "window8"}
		{Matrix34
			-0.5000	0.8660	0.0000
			0.8660	0.5000	0.0000
			0.0000	0.0000	-1.0000
			-0.7646	1.3140	-1.8241
		}
}
{Volume "Hole_window14"
	{Box 81.7684 8.21898 20.0068}
	{Bone "depot"}
		{Position 217.4616	-121.6897	87.4801}
}
{Volume "Hole_window9"
	{Box 81.7684 8.21898 20.0068}
	{Bone "depot"}
		{Position 79.5287	-121.6897	87.4801}
}
{Volume "Hole_window8"
	{Box 81.7684 8.21898 20.0068}
	{Bone "depot"}
		{Position -58.0274	-121.6897	87.4801}
}
{Volume "Hole_window7"
	{Box 81.7766 8.21898 20.0068}
	{Bone "depot"}
		{Position -195.6565	-121.4921	87.4801}
}
{Volume "Hole_window6"
	{Box 81.7766 8.38418 20.0068}
	{Bone "depot"}
		{Position 217.3064	70.0003	87.4801}
}
{Volume "Hole_window5"
	{Box 81.7766 8.38418 20.0068}
	{Bone "depot"}
		{Position 79.6146	70.0003	87.4801}
}
{Volume "Hole_window4"
	{Box 81.7766 8.38418 20.0068}
	{Bone "depot"}
		{Position -58.3457	70.0003	87.4801}
}
{Volume "Hole_window1"
	{Box 81.7766 8.38418 20.0068}
	{Bone "depot"}
		{Position -195.6565	70.0003	87.4801}
}
{Volume "body"
	{Box 257.96 5.61733 39.9237}
	{Bone "depot"}
		{Position -124.7317	70.0335	88.4070}
}
{Volume "body6"
	{Box 12.7391 19.4855 107.902}
	{Bone "depot"}
		{Position 284.6489	-26.1998	53.9509}
}
{Volume "body5"
	{Box 12.7391 19.4855 107.902}
	{Bone "depot"}
		{Position -259.1316	-26.1998	53.9509}
}
{Volume "body4"
	{Box 12.7391 13.5316 107.902}
	{Bone "depot"}
		{Position -259.1316	71.0172	53.9509}
}
{Volume "body3"
	{Box 20.425 19.5592 107.902}
	{Bone "depot"}
		{Position -125.5110	77.3580	53.9509}
}
{Volume "body2"
	{Box 288.114 6.37484 107.902}
	{Bone "depot"}
		{Position 147.2009	70.4299	53.9509}
}
{Volume "body1"
	{Box 549.103 5.37194 107.902}
	{Bone "depot"}
		{Position 9.1480	-122.0837	53.9509}
}
{Volume "roof"
	{Polyhedron "roof.vol"}
	{Bone "exterior_roof"}
		{Position -3.1816	0.5003	-26.9695}
}
