;Made by: Albus
;Date:        Sat Oct 15 16:27:03 2011
{Skeleton
	{bone "tower"
		{Orientation
			1.0000	0.0000	0.0000
			0.0000	-1.0000	0.0000
			0.0000	0.0000	1.0000
		}
		{VolumeView "tower.ply"}
		{bone "node_ladder_top"
			{Matrix34
				0.0000	1.0000	0.0000
				-1.0000	0.0000	0.0000
				0.0000	0.0000	1.0000
				0.7288	-70.6717	136.166
			}
		}
		{bone "node_ladder_bottom"
			{Matrix34
				0.0000	1.0000	0.0000
				-1.0000	0.0000	0.0000
				0.0000	0.0000	1.0000
				0.7288	-70.6702	13.7795
			}
		}
		{bone "emit"
			{parameters "Group=gunner;"}
			{Matrix34
				0.0000	1.0000	0.0000
				-1.0000	0.0000	0.0000
				0.0000	0.0000	1.0000
				0.7871	-80.7119	0.0000
			}
			{visibility 0}
		}
		{bone "attach2"
			{Matrix34
				-1.0000	0.0000	0.0000
				0.0000	-1.0000	0.0000
				0.0000	0.0000	1.0000
				-48.9365	2.2886	137.5593
			}
		}
		{bone "attach3"
			{Matrix34
				-0.4226	0.9063	0.0000
				-0.9063	-0.4226	0.0000
				0.0000	0.0000	1.0000
				-20.5923	39.2502	137.5593
			}
		}
		{bone "attach4"
			{Position 44.8131	0.3260	137.5593}
		}
		{bone "attach5"
			{Matrix34
				-0.5736	-0.8192	0.0000
				0.8192	-0.5736	0.0000
				0.0000	0.0000	1.0000
				-24.3908	-38.2024	137.5593
			}
		}
		{bone "attach6"
			{Matrix34
				0.7071	0.7071	0.0000
				-0.7071	0.7071	0.0000
				0.0000	0.0000	1.0000
				29.0499	33.6493	137.5593
			}
		}
		{bone "attach1"
			{Matrix34
				0.5736	-0.8192	0.0000
				0.8192	0.5736	0.0000
				0.0000	0.0000	1.0000
				24.9549	-40.3931	137.5593
			}
		}
	}
}
{Volume "place1"
	{Box 19.685 13.78 5.905}
	{Bone "tower"}
	{Matrix34
		-0.8192	-0.5736	0.0000
		0.5736	-0.8192	0.0000
		0.0000	0.0000	1.0000
		25.4160	-39.9272	139.3190
	}
}
{Volume "place6"
	{Box 19.685 13.78 5.905}
	{Bone "tower"}
	{Matrix34
		0.7071	-0.7071	0.0000
		0.7071	0.7071	0.0000
		0.0000	0.0000	1.0000
		29.4232	33.3022	139.3190
	}
}
{Volume "place5"
	{Box 19.685 13.78 5.905}
	{Bone "tower"}
	{Matrix34
		-0.8192	0.5736	0.0000
		-0.5736	-0.8192	0.0000
		0.0000	0.0000	1.0000
		-24.1805	-38.3929	139.3190
	}
}
{Volume "place4"
	{Box 19.685 13.78 5.905}
	{Bone "tower"}
	{Matrix34
		0.0000	-1.0000	0.0000
		1.0000	0.0000	0.0000
		0.0000	0.0000	1.0000
		44.6827	0.3076	139.3190
	}
}
{Volume "place3"
	{Box 19.685 13.78 5.905}
	{Bone "tower"}
	{Matrix34
		0.8660	0.5000	0.0000
		-0.5000	0.8660	0.0000
		0.0000	0.0000	1.0000
		-20.5676	39.6593	139.3190
	}
}
{Volume "place2"
	{Box 19.685 13.78 5.905}
	{Bone "tower"}
	{Matrix34
		0.0000	1.0000	0.0000
		-1.0000	0.0000	0.0000
		0.0000	0.0000	1.0000
		-44.9023	2.2347	139.3190
	}
}
{Volume "top"
	{Cylinder 57.8221 0}
	{Bone "tower"}
	{Position 0.1906	-1.1450	136.4392}
}
{Volume "body"
	{Cylinder 57.9483 135.673}
	{Bone "tower"}
	{Position 0.1906	-1.1450	68.6055}
}
