;MDL File generated by SOEdit 0.41r
;Model created by: <A.G.(ирјр)>
;Date:        Nov 14 2005
{Skeleton
	{bone "Basis"
		{Orientation
			1.0000	0.0000	0.0000
			0.0000	-1.0000	0.0000
			0.0000	0.0000	1.0000
		}
		{bone "Body"
			{parameters "ID=body;CommonMesh;"}
			{animation
				{sequence "repair" {file "body_b.anm"} {speed 0.5}}
			}
			{Position 1.3827	-1.0005	19.8671}
			{VolumeView "Body.ply"}
				{bone "luk1"
					{parameters "ID=body;"}
					{Matrix34
						1.0000	0.0000	0.0000
						0.0000	0.9958	-0.0915
						-0.0000	0.0915	0.9958
						1.4473	1.7033	2.3295
					}
					{bone "Cower1"
						{parameters "ID=body;"}
						{Matrix34
							1.0000	0.0000	-0.0000
							0.0000	0.9962	0.0872
							0.0000	-0.0872	0.9962
							-0.3360	-13.4848	16.5510
						}
						{VolumeView "Cower1.ply"}
					}
				}
				{bone "luk2"
					{parameters "ID=body;"}
					{Matrix34
						0.9177	-0.0029	0.3971
						0.0360	0.9964	-0.07596
						-0.3955	0.0840	0.9145
						3.1783	2.0231	5.2961
					}
					{bone "Cower2"
						{parameters "ID=body;"}
						{Matrix34
							1.0000	0.0000	-0.0000
							0.0000	0.9962	0.0872
							0.0000	-0.0872	0.9962
							-12.3947	-13.4848	16.5510
						}
						{VolumeView "Cower2.ply"}
					}
				}
				{bone revolute "turret"
					{speed 0.0350}
					{Matrix34
						-0.0000	-1.0000	0.0000
						0.9999	-0.0000	-0.0103
						0.0103	-0.0000	0.9999
						3.6383	12.4214	23.9449
					}
					{VolumeView "Turret.ply"}
					{bone revolute "MGun"
						{parameters "ID=turret;"}
						{limits -10.0000 15.0000}
						{speed 0.0200}
						{Matrix34
							0.0141	0.9999	-0.0037
							-0.0070	0.0038	1.0000
							0.9999	-0.0140	0.0070
							-0.4408	-1.3025	-0.2932
						}
					}
				}
			{bone revolute "WheelL1"
				{parameters "ID=trackleft;"}
				{Matrix34
					0.0000	-0.0000	1.0000
					1.0000	0.0000	-0.0000
					-0.0000	1.0000	0.0000
					44.2574	27.4906	-5.7479
				}
				{VolumeView "WheelL1.ply"}
			}
			{bone revolute "WheelR1"
				{parameters "ID=trackright;"}
				{Matrix34
					0.0000	0.0000	1.0000
					1.0000	0.0000	0.0000
					-0.0000	-1.0000	0.0000
					44.2574	-27.7770	-5.7479
				}
				{VolumeView "WheelR1.ply"}
			}
			{bone revolute "WheelR2"
				{parameters "ID=trackright;"}
				{Matrix34
					0.0000	0.0000	1.0000
					1.0000	0.0000	0.0000
					-0.0000	-1.0000	0.0000
					-43.5190	-27.9770	-6.2977
				}
				{VolumeView "WheelR2.ply"}
			}
			{bone revolute "WheelL2"
				{parameters "ID=trackleft;"}
				{Matrix34
					0.0000	-0.0000	1.0000
					1.0000	0.0000	0.0000
					-0.0000	1.0000	0.0000
					-43.5190	26.8870	-6.0077
				}
				{VolumeView "WheelL2.ply"}
			}
			{bone "shield_right"
				{parameters "CommonMesh;ID=shield_right;"}
				{animation
					{sequence "break" {file "boardR_b.anm"} {speed 0.5}}
				}
				{Matrix34
					-1.0000	-0.0000	0.0000
					-0.0000	-0.0688	0.9976
					0.0000	-0.9976	-0.0688
					-4.0849	-31.2658	3.0002
				}
				{VolumeView "board_right.ply"}
			}
			{bone "shield_left"
				{parameters "CommonMesh;ID=shield_left;"}
				{animation
					{sequence "break" {file "boardL_b.anm"} {speed 0.5}}
				}
				{Matrix34
					-1.0000	0.0000	0.0000
					0.0000	0.0000	1.0000
					0.0000	1.0000	-0.0000
					-2.3379	30.1635	3.6777
				}
				{VolumeView "board_left.ply"}
			}
			{bone revolute "gun_rot"
				{parameters "ID=gun;"}
				{Matrix34
					-0.9786	-0.1382	0.1590
					0.1560	0.0345	0.9870
					-0.1319	0.9897	-0.0121
					35.3542	-8.0831	10.5296
				}
				{VolumeView "gun_rot.ply"}
				{bone "gun"
					{parameters "ID=gun;"}
					{Matrix34
						1.0000	-0.0080	-0.0000
						0.0080	1.0000	-0.0000
						-0.0000	-0.0000	1.0000
						-23.4754	0.4310	-0.0449
					}
					{VolumeView "gun.ply"}
				}
			}
		}
		{bone "WheelsL"
			{parameters "CommonMesh;ID=trackleft;"}
			{animation
				{sequence "break" {file "trackL.anm"} {speed 0.8}}
			}
			{Matrix34
				-1.0000	0.0000	-0.0000
				0.0000	0.0000	1.0000
				0.0000	1.0000	-0.0000
				3.6125	26.4901	11.4531
			}
			{VolumeView "WheelsL.ply"}
			{bone revolute "wheelL3"
				{Position -27.2042	-2.8740	-2.5000}
				{VolumeView "wheelL3.ply"}
			}
			{bone revolute "wheelL4"
				{Position -7.5933	-3.0740	-2.3000}
				{VolumeView "wheelL4.ply"}
			}
			{bone revolute "wheelL5"
				{Position 12.8000	-2.6740	-2.4000}
				{VolumeView "wheelL5.ply"}
			}
			{bone revolute "wheelL6"
				{Position 31.5237	-2.6740	-2.3000}
				{VolumeView "wheelL6.ply"}
			}
			{bone "TrackL"
				{parameters "CommonMesh;ID=trackleft;"}
				{Matrix34
					1.0000	0.0055	0.0000
					-0.0055	1.0000	-0.0000
					-0.0000	0.0000	1.0000
					3.8306	3.1622	-3.4084
				}
				{VolumeView "TrackL.ply"}
			}
		}
		{bone "WheelsR"
			{parameters "CommonMesh;ID=trackright;"}
			{animation
				{sequence "break" {file "trackR.anm"} {speed 0.8}}
			}
			{Matrix34
				-1.0000	0.0000	-0.0000
				-0.0000	0.0000	1.0000
				-0.0000	-1.0000	0.0000
				3.6125	-28.7775	11.4531
			}
			{VolumeView "WheelsR.ply"}
			{bone revolute "wheelR3"
				{Position -27.1933	-2.4000	-2.4000}
				{VolumeView "wheelR3.ply"}
			}
			{bone revolute "wheelR4"
				{Position -7.5000	-2.4000	-2.4000}
				{VolumeView "wheelR4.ply"}
			}
			{bone revolute "wheelR5"
				{Position 12.8237	-2.6000	-2.4000}
				{VolumeView "wheelR5.ply"}
			}
			{bone revolute "wheelR6"
				{Position 31.5225	-2.6000	-2.3000}
				{VolumeView "wheelR6.ply"}
			}
			{bone "TrackR"
				{parameters "CommonMesh;ID=trackright;"}
				{Matrix34
					1.0000	0.0000	-0.0000
					0.0000	1.0000	0.0000
					-0.0000	0.0000	-1.0000
					3.5970	3.5392	-3.6271
				}
				{VolumeView "TrackR.ply"}
			}
		}
	}
}