;Exported by: Dinsen
;Date:        Sat Apr 07 20:16:10 2012
;File:        C:\Archivos de programa\Autodesk\3dsMax8\scenes\hecho\otros\pasarela colgante_x.max
{Skeleton
	{bone "body"
		{Orientation
			1.0000	0.0000	0.0000
			0.0000	-1.0000	0.0000
			0.0000	0.0000	1.0000
		}
		{VolumeView "body.ply"}
		{bone "rail2"
			{Position -333.2157	29.9960	5.1031}
			{VolumeView "rail2.ply"}
		}
		{bone "rail1"
			{Position -329.8064	-30.0430	4.9061}
			{VolumeView "rail1.ply"}
		}
		{bone "piece0"
			{parameters "ID=body;"}
			{VolumeView "piece0.ply"}
		}
		{bone "piece1"
			{parameters "ID=body;"}
			{VolumeView "piece1.ply"}
		}
		{bone "piece2"
			{parameters "ID=body;"}
			{VolumeView "piece2.ply"}
		}
		{bone "piece3"
			{parameters "ID=body;"}
			{VolumeView "piece3.ply"}
		}
		{bone "piece4"
			{parameters "ID=body;"}
			{VolumeView "piece4.ply"}
		}
		{bone "piece6"
			{parameters "ID=body;"}
			{VolumeView "piece6.ply"}
		}
		{bone "piece5"
			{parameters "ID=body;"}
			{VolumeView "piece5.ply"}
		}
		{bone "piece7"
			{parameters "ID=body;"}
			{Position -329.8064	-30.0430	4.9061}
			{VolumeView "piece7.ply"}
		}
		{bone "piece8"
			{parameters "ID=body;"}
			{Position -329.8064	-30.0430	4.9061}
			{VolumeView "piece8.ply"}
		}
		{bone "piece9"
			{parameters "ID=body;"}
			{Position -329.8064	-30.0430	4.9061}
			{VolumeView "piece9.ply"}
		}
		{bone "piece10"
			{parameters "ID=body;"}
			{Position -329.8064	-30.0430	4.9061}
			{VolumeView "piece10.ply"}
		}
		{bone "piece11"
			{parameters "ID=body;"}
			{Position -329.8064	-30.0430	4.9061}
			{VolumeView "piece11.ply"}
		}
		{bone "piece12"
			{parameters "ID=body;"}
			{Position -329.8064	-30.0430	4.9061}
			{VolumeView "piece12.ply"}
		}
		{bone "piece13"
			{parameters "ID=body;"}
			{Position -329.8064	-30.0430	4.9061}
			{VolumeView "piece13.ply"}
		}
		{bone "piece14"
			{parameters "ID=body;"}
			{Position -333.2157	29.9960	5.1031}
			{VolumeView "piece14.ply"}
		}
		{bone "piece15"
			{parameters "ID=body;"}
			{Position -333.2157	29.9960	5.1031}
			{VolumeView "piece15.ply"}
		}
		{bone "sub_piece0"
			{parameters "ID=body;"}
			{Position -333.2157	29.9960	5.1031}
			{VolumeView "sub_piece0.ply"}
		}
		{bone "sub_piece1"
			{parameters "ID=body;"}
			{Position -333.2157	29.9960	5.1031}
			{VolumeView "sub_piece1.ply"}
		}
		{bone "sub_piece2"
			{parameters "ID=body;"}
			{Position -333.2157	29.9960	5.1031}
			{VolumeView "sub_piece2.ply"}
		}
		{bone "sub_piece3"
			{parameters "ID=body;"}
			{Position -333.2157	29.9960	5.1031}
			{VolumeView "sub_piece3.ply"}
		}
		{bone "Plane01"
			{parameters "Land;Ground;"}
			{Position -327.0592	-0.8569	-2.6179}
			{VolumeView "Plane01.ply" {Ground}}
		}
	}
}
{Obstacle "Plane02"
	{Obb2
		{Center -619.1971 30.1259}
		{Extent 39.2349 2.7164}
		{Axis 1 0}
	}
	{Rotate}
}
{Obstacle "Plane01"
	{Obb2
		{Center -620.9966 -29.7542}
		{Extent 39.6467 2.3779}
		{Axis 1 0}
	}
	{Rotate}
}
{Obstacle "Plane04"
	{Obb2
		{Center -36.8971 29.7259}
		{Extent 39.2349 2.7164}
		{Axis 1 0}
	}
	{Rotate}
}
{Obstacle "Plane03"
	{Obb2
		{Center -38.0964 -30.0542}
		{Extent 39.6467 2.3779}
		{Axis 1 0}
	}
	{Rotate}
}

{Volume "body1"
	{Box 87 58.5 2.5}
	{Bone "body"}
	{Matrix34
		0.9901	0.0000	0.1400
		0.0000	1.0000	0.0000
		-0.1400	0.0000	0.9901
		-42.0903	-0.0050	-6.5939
	}
}
{Volume "body"
	{Box 76.5 58.5 2.5}
	{Bone "body"}
	{Matrix34
		0.9954	0.0000	-0.0953
		0.0000	1.0000	0.0000
		0.0953	0.0000	0.9954
		-618.5732	-0.0050	-4.2810
	}
}
{Volume "sub_piece3-1"
	{Cylinder 1.40488 25.117}
	{Bone "sub_piece3"}
	{Matrix34
		0.9866	0.0000	0.1631
		0.0000	1.0000	0.0000
		-0.1631	0.0000	0.9866
		181.3583	-0.5266	-21.3818
	}
}
{Volume "sub_piece3"
	{Cylinder 1.40488 66.617}
	{Bone "sub_piece3"}
	{Matrix34
		0.2391	0.0000	-0.9710
		0.0000	1.0000	0.0000
		0.9710	0.0000	0.2391
		211.3921	-0.1466	0.7637
	}
}
{Volume "sub_piece2"
	{Cylinder 1.40488 75.117}
	{Bone "sub_piece2"}
	{Matrix34
		0.2714	0.0000	-0.9625
		0.0000	1.0000	0.0000
		0.9625	0.0000	0.2714
		143.4346	0.5604	-17.2474
	}
}
{Volume "sub_piece1-1"
	{Cylinder 1.40488 25.117}
	{Bone "sub_piece1"}
	{Matrix34
		0.9998	0.0000	-0.0175
		0.0000	1.0000	0.0000
		0.0175	0.0000	0.9998
		39.4221	0.2886	-46.4557
	}
}
{Volume "sub_piece1-2"
	{Cylinder 1.40488 25.117}
	{Bone "sub_piece1"}
	{Matrix34
		0.9866	0.0000	0.1631
		0.0000	1.0000	0.0000
		-0.1631	0.0000	0.9866
		109.0473	0.2886	-39.8607
	}
}
{Volume "sub_piece1"
	{Cylinder 1.40488 67.617}
	{Bone "sub_piece1"}
	{Matrix34
		0.0956	0.0000	-0.9954
		0.0000	1.0000	0.0000
		0.9954	0.0000	0.0956
		73.7967	0.5604	-30.6497
	}
}
{Volume "sub_piece0"
	{Cylinder 1.40488 73.117}
	{Bone "sub_piece0"}
	{Matrix34
		-0.0421	0.0000	-0.9991
		0.0000	1.0000	0.0000
		0.9991	0.0000	-0.0421
		3.6718	-0.2445	-32.4255
	}
}
{Volume "sub_piece0-1"
	{Cylinder 1.40488 25.117}
	{Bone "sub_piece0"}
	{Matrix34
		0.9993	0.0000	-0.0370
		0.0000	1.0000	0.0000
		0.0370	0.0000	0.9993
		-32.9970	-0.7738	-43.1119
	}
}
{Volume "piece15"
	{Cylinder 1.40488 66.117}
	{Bone "piece15"}
	{Matrix34
		-0.1329	0.0000	-0.9911
		0.0000	1.0000	0.0000
		0.9911	0.0000	-0.1329
		-65.2989	-0.2286	-26.3148
	}
}
{Volume "piece15-1"
	{Cylinder 1.40488 25.117}
	{Bone "piece15"}
	{Matrix34
		0.9937	0.0000	-0.1117
		0.0000	1.0000	0.0000
		0.1117	0.0000	0.9937
		-98.9426	-0.7738	-34.6054
	}
}
{Volume "piece14-1"
	{Cylinder 1.40488 80.117}
	{Bone "piece14"}
	{Matrix34
		-0.2277	0.0000	-0.9737
		0.0000	1.0000	0.0000
		0.9737	0.0000	-0.2277
		-135.6206	-0.2286	-13.0958
	}
}
{Volume "piece14"
	{Cylinder 1.40488 75.117}
	{Bone "piece14"}
	{Matrix34
		-0.2358	0.0000	-0.9718
		0.0000	1.0000	0.0000
		0.9718	0.0000	-0.2358
		-210.5696	-0.1993	4.8833
	}
}
{Volume "piece14-2"
	{Cylinder 1.40488 25.117}
	{Bone "piece14"}
	{Matrix34
		0.9937	0.0000	-0.1117
		0.0000	1.0000	0.0000
		0.1117	0.0000	0.9937
		-175.9535	-0.1993	-17.3861
	}
}
{Volume "piece13"
	{Cylinder 1.40488 75.117}
	{Bone "piece13"}
	{Matrix34
		-0.2358	0.0000	-0.9718
		0.0000	1.0000	0.0000
		0.9718	0.0000	-0.2358
		-213.9789	0.1382	5.0803
	}
}
{Volume "piece13-1"
	{Cylinder 1.40488 25.117}
	{Bone "piece13"}
	{Matrix34
		0.9937	0.0000	-0.1117
		0.0000	1.0000	0.0000
		0.1117	0.0000	0.9937
		-179.7068	0.1676	-17.1891
	}
}
{Volume "piece12-2"
	{Cylinder 1.40488 25.117}
	{Bone "piece12"}
	{Matrix34
		0.9937	0.0000	-0.1117
		0.0000	1.0000	0.0000
		0.1117	0.0000	0.9937
		-102.3519	0.1676	-34.4084
	}
}
{Volume "piece12-1"
	{Cylinder 1.40488 66.117}
	{Bone "piece12"}
	{Matrix34
		-0.1329	0.0000	-0.9911
		0.0000	1.0000	0.0000
		0.9911	0.0000	-0.1329
		-68.7082	0.1156	-26.1178
	}
}
{Volume "piece12"
	{Cylinder 1.40488 80.117}
	{Bone "piece12"}
	{Matrix34
		-0.2277	0.0000	-0.9737
		0.0000	1.0000	0.0000
		0.9737	0.0000	-0.2277
		-139.0299	0.1382	-12.8988
	}
}
{Volume "piece11"
	{Cylinder 1.40488 73.117}
	{Bone "piece11"}
	{Matrix34
		-0.0421	0.0000	-0.9991
		0.0000	1.0000	0.0000
		0.9991	0.0000	-0.0421
		0.2625	0.1156	-32.2285
	}
}
{Volume "piece11-1"
	{Cylinder 1.40488 25.117}
	{Bone "piece11"}
	{Matrix34
		0.9993	0.0000	-0.0370
		0.0000	1.0000	0.0000
		0.0370	0.0000	0.9993
		-36.4063	0.0512	-42.6308
	}
}
{Volume "piece10"
	{Cylinder 1.40488 67.617}
	{Bone "piece10"}
	{Matrix34
		0.0956	0.0000	-0.9954
		0.0000	1.0000	0.0000
		0.9954	0.0000	0.0956
		70.3874	0.1156	-30.4527
	}
}
{Volume "piece10-1"
	{Cylinder 1.40488 25.117}
	{Bone "piece10"}
	{Matrix34
		0.9866	0.0000	0.1631
		0.0000	1.0000	0.0000
		-0.1631	0.0000	0.9866
		105.6380	-0.1908	-39.6637
	}
}
{Volume "piece10-2"
	{Cylinder 1.40488 25.117}
	{Bone "piece10"}
	{Matrix34
		0.9998	0.0000	-0.0175
		0.0000	1.0000	0.0000
		0.0175	0.0000	0.9998
		36.0128	0.0512	-46.2588
	}
}
{Volume "piece9"
	{Cylinder 1.40488 75.117}
	{Bone "piece9"}
	{Matrix34
		0.2714	0.0000	-0.9625
		0.0000	1.0000	0.0000
		0.9625	0.0000	0.2714
		140.0253	0.8489	-17.0504
	}
}
{Volume "piece8"
	{Cylinder 1.40488 25.117}
	{Bone "piece8"}
	{Matrix34
		0.9866	0.0000	0.1631
		0.0000	1.0000	0.0000
		-0.1631	0.0000	0.9866
		177.9490	-0.1908	-21.1848
	}
}
{Volume "piece7"
	{Cylinder 1.40488 66.617}
	{Bone "piece7"}
	{Matrix34
		0.2391	0.0000	-0.9710
		0.0000	1.0000	0.0000
		0.9710	0.0000	0.2391
		207.9828	0.8489	0.9606
	}
}
{Volume "piece5"
	{Box 73.5 58.5 2.5}
	{Bone "piece5"}
	{Matrix34
		0.9987	0.0000	-0.0517
		0.0000	1.0000	0.0000
		0.0517	0.0000	0.9987
		-331.6788	-0.0050	-51.7488
	}
}
{Volume "piece6"
	{Box 77 58.5 2.5}
	{Bone "piece6"}
	{Matrix34
		0.9726	0.0000	-0.2326
		0.0000	1.0000	0.0000
		0.2326	0.0000	0.9726
		-545.9000	-0.0050	-16.3275
	}
}
{Volume "piece4"
	{Box 77 58.5 2.5}
	{Bone "piece4"}
	{Matrix34
		0.9768	0.0000	-0.2143
		0.0000	1.0000	0.0000
		0.2143	0.0000	0.9768
		-471.8079	-0.0050	-33.2350
	}
}
{Volume "piece3"
	{Box 73.5 58.5 2.5}
	{Bone "piece3"}
	{Matrix34
		0.9919	0.0000	-0.1267
		0.0000	1.0000	0.0000
		0.1267	0.0000	0.9919
		-398.7772	-0.0050	-45.6219
	}
}
{Volume "piece2"
	{Box 73.5 58.5 2.5}
	{Bone "piece2"}
	{Matrix34
		0.9954	0.0000	0.0957
		0.0000	1.0000	0.0000
		-0.0957	0.0000	0.9954
		-258.7131	-0.0050	-49.7515
	}
}
{Volume "piece1"
	{Box 73.5 58.5 2.5}
	{Bone "piece1"}
	{Matrix34
		0.9694	0.0000	0.2454
		0.0000	1.0000	0.0000
		-0.2454	0.0000	0.9694
		-185.7521	-0.0050	-36.9979
	}
}
{Volume "piece0"
	{Box 69 58.5 2.5}
	{Bone "piece0"}
	{Matrix34
		0.9765	0.0000	0.2157
		0.0000	1.0000	0.0000
		-0.2157	0.0000	0.9765
		-116.1896	-0.0050	-19.7071
	}
}
