;Exported by: shevchenko
;Date:        Wed Mar 17 10:19:51 2004
;File:        D:\-Projects-\-3DWork-\sheva\SK\hous-haulm7_x.max
{Skeleton
	{animation
		{sequence "crush" {speed 0.4}}
	}
	{bone "hous-haulm7"
		{parameters "CommonMesh;"}
		{Orientation
			1.0000	0.0000	0.0000
			0.0000	-1.0000	0.0000
			0.0000	0.0000	1.0000
		}
		{VolumeView "hous-haulm7.ply"}
		{bone "FX_fire2"
			{Position 25.4591	-7.7101	12.6923}
		}
		{bone "FX_fire1"
			{Position 28.1922	-56.9016	6.5740}
		}
		{bone "FX_fire2a"
			{Position -26.3378	40.6521	7.5962}
		}
		{bone "FX_smoke2"
			{Position -20.4811	31.9197	15.9014}
		}
		{bone "FX_smoke2a"
			{Position 33.2228	-20.6096	14.8986}
		}
		{bone "FX_smoke2b"
			{Position -50.7638	-19.8333	12.2021}
		}
		{bone "FX_haulm2"
			{Position 1.4270	0.3958	52.9713}
		}
		{bone "FX_stone1"
			{Position -36.2085	-46.4961	42.2015}
		}
		{bone "FX_stone1a"
			{Position 74.9144	-46.4961	14.2685}
		}
		{bone "FX_stone1b"
			{Position 74.9144	35.9891	9.9004}
		}
		{bone "FX_stone1c"
			{Position 31.4960	68.8330	9.9004}
		}
		{bone "FX_stone1d"
			{Position -75.7712	68.8330	9.9004}
		}
		{bone "piece0"
			{Matrix34
				1.0000	0.0000	0.0000
				0.0000	-0.0000	1.0000
				0.0000	-1.0000	-0.0000
				-76.5485	-37.3006	23.6477
			}
			{VolumeView "piece0.ply"}
		}
		{bone "piece1"
			{Matrix34
				1.0000	0.0000	0.0000
				0.0000	-0.0000	1.0000
				0.0000	-1.0000	-0.0000
				-76.5485	10.2950	28.9741
			}
			{VolumeView "piece1.ply"}
		}
		{bone "piece10"
			{Matrix34
				1.0000	0.0000	0.0000
				0.0000	-0.0000	1.0000
				0.0000	-1.0000	-0.0000
				76.6633	-30.7069	23.6477
			}
			{VolumeView "piece10.ply"}
		}
		{bone "piece11"
			{Matrix34
				1.0000	0.0000	0.0000
				0.0000	-0.0000	1.0000
				0.0000	-1.0000	-0.0000
				65.6814	-45.3387	31.4961
			}
			{VolumeView "piece11.ply"}
		}
		{bone "piece12"
			{Matrix34
				1.0000	0.0000	0.0000
				0.0000	-0.0000	1.0000
				0.0000	-1.0000	-0.0000
				-5.1847	-45.3387	32.4803
			}
			{VolumeView "piece12.ply"}
			{bone "sub_piece12"
				{Position 14.7638	-16.7323	-0.0000}
				{VolumeView "sub_piece12.ply"}
			}
		}
		{bone "piece13"
			{Matrix34
				1.0000	0.0000	0.0000
				0.0000	-0.0000	1.0000
				0.0000	-1.0000	-0.0000
				-64.0524	-45.3387	27.0524
			}
			{VolumeView "piece13.ply"}
		}
		{bone "piece14"
			{Position -3.1829	10.8939	93.3617}
			{VolumeView "piece14.ply"}
		}
		{bone "piece2"
			{Matrix34
				1.0000	0.0000	0.0000
				0.0000	-0.0000	1.0000
				0.0000	-1.0000	-0.0000
				-76.5485	59.7901	29.5276
			}
			{VolumeView "piece2.ply"}
		}
		{bone "piece3"
			{Matrix34
				1.0000	0.0000	0.0000
				0.0000	-0.0000	1.0000
				0.0000	-1.0000	-0.0000
				-64.0524	68.6255	27.0524
			}
			{VolumeView "piece3.ply"}
		}
		{bone "piece4"
			{Matrix34
				1.0000	0.0000	0.0000
				0.0000	-0.0000	1.0000
				0.0000	-1.0000	-0.0000
				-5.1847	68.6255	32.4803
			}
			{VolumeView "piece4.ply"}
			{bone "sub_piece4"
				{Position 14.7638	-16.7323	-0.0000}
				{VolumeView "sub_piece4.ply"}
			}
		}
		{bone "piece5"
			{Matrix34
				1.0000	0.0000	0.0000
				0.0000	-0.0000	1.0000
				0.0000	-1.0000	-0.0000
				36.7536	68.6255	35.0132
			}
			{VolumeView "piece5.ply"}
		}
		{bone "piece6"
			{Matrix34
				1.0000	0.0000	0.0000
				0.0000	-0.0000	1.0000
				0.0000	-1.0000	-0.0000
				65.6814	68.6255	21.9162
			}
			{VolumeView "piece6.ply"}
		}
		{bone "piece7"
			{Matrix34
				1.0000	0.0000	0.0000
				0.0000	-0.0000	1.0000
				0.0000	-1.0000	-0.0000
				76.6633	59.7901	29.5276
			}
			{VolumeView "piece7.ply"}
		}
		{bone "piece8"
			{Matrix34
				1.0000	0.0000	0.0000
				0.0000	-0.0000	1.0000
				0.0000	-1.0000	-0.0000
				76.6633	10.2950	28.9741
			}
			{VolumeView "piece8.ply"}
		}
		{bone "piece9"
			{Matrix34
				1.0000	0.0000	0.0000
				0.0000	-0.0000	1.0000
				0.0000	-1.0000	-0.0000
				76.6633	-13.0446	37.4757
			}
			{VolumeView "piece9.ply"}
		}
	}
}
{Volume "piece9"
	{Box 12.4291 5.90551 13.4469}
	{Bone "piece9"}
	{Matrix34
		-0.0000	0.0000	-1.0000
		-1.0000	-0.0000	-0.0000
		-0.0000	1.0000	0.0000
		-0.0606	-1.1146	0.2731
	}
}
{Volume "piece8"
	{Box 17.2795 5.90551 25.9972}
	{Bone "piece8"}
	{Matrix34
		-0.0000	0.1658	-0.9862
		-1.0000	-0.0000	0.0000
		-0.0000	0.9862	0.1658
		-0.0606	-0.0176	-0.2433
	}
}
{Volume "piece7"
	{Box 11.8228 5.90551 23.3079}
	{Bone "piece7"}
	{Matrix34
		-0.0000	-0.2133	-0.9770
		-1.0000	-0.0000	0.0000
		-0.0000	0.9770	-0.2133
		-0.0606	0.5179	0.9462
	}
}
{Volume "piece6"
	{Box 13.187 5.90551 22.4114}
	{Bone "piece6"}
	{Matrix34
		0.9961	-0.0885	-0.0000
		-0.0000	-0.0000	-1.0000
		0.0885	0.9961	-0.0000
		-0.4381	-1.5766	-0.0229
	}
}
{Volume "piece5"
	{Box 20.4626 5.90551 15.2398}
	{Bone "piece5"}
	{Matrix34
		1.0000	0.0000	0.0000
		0.0000	-0.0000	-1.0000
		0.0000	1.0000	-0.0000
		1.4682	-0.0100	-0.0229
	}
}
{Volume "sub_piece4"
	{Box 25.4646 5.90551 15.5386}
	{Bone "sub_piece4"}
	{Matrix34
		0.9906	-0.1368	0.0000
		-0.0000	-0.0000	-1.0000
		0.1368	0.9906	-0.0000
		0.8176	-1.2812	-0.0229
	}
}
{Volume "piece4"
	{Box 13.187 5.90551 23.3139}
	{Bone "piece4"}
	{Matrix34
		0.9172	0.3985	0.0000
		0.0000	-0.0000	-1.0000
		-0.3985	0.9172	-0.0000
		-0.3579	-0.8754	-0.0229
	}
}
{Volume "piece3"
	{Box 15.1575 5.90551 29.8819}
	{Bone "piece3"}
	{Matrix34
		0.9607	-0.2774	0.0000
		-0.0000	-0.0000	-1.0000
		0.2774	0.9607	-0.0000
		-0.7066	0.3919	-0.0229
	}
}
{Volume "piece2"
	{Box 11.9744 5.90551 23.3079}
	{Bone "piece2"}
	{Matrix34
		-0.0000	-0.2048	-0.9788
		-1.0000	-0.0000	0.0000
		-0.0000	0.9788	-0.2048
		-0.1598	0.5390	1.0338
	}
}
{Volume "piece14"
	{Box 12.902 13.4055 26.9833}
	{Bone "piece14"}
	{Matrix34
		-0.0000	1.0000	-0.0000
		-1.0000	-0.0000	0.0000
		-0.0000	0.0000	1.0000
		0.2305	-0.1405	14.5094
	}
}
{Volume "piece13"
	{Box 15.1575 5.90551 29.8819}
	{Bone "piece13"}
	{Matrix34
		0.9626	-0.2711	0.0000
		-0.0000	-0.0000	-1.0000
		0.2711	0.9626	-0.0000
		-0.8438	0.3982	0.0604
	}
}
{Volume "sub_piece12"
	{Box 25.4646 5.90551 15.5386}
	{Bone "sub_piece12"}
	{Matrix34
		0.9906	-0.1368	0.0000
		-0.0000	-0.0000	-1.0000
		0.1368	0.9906	-0.0000
		0.8176	-1.2812	-0.0321
	}
}
{Volume "piece12"
	{Box 13.187 5.90551 23.3139}
	{Bone "piece12"}
	{Matrix34
		0.9172	0.3985	0.0000
		0.0000	-0.0000	-1.0000
		-0.3985	0.9172	-0.0000
		-0.3579	-0.8754	-0.0321
	}
}
{Volume "piece11"
	{Box 11.8228 5.90551 22.4114}
	{Bone "piece11"}
	{Matrix34
		1.0000	0.0000	0.0000
		0.0000	-0.0000	-1.0000
		0.0000	1.0000	-0.0000
		-1.1960	-1.1603	0.0604
	}
}
{Volume "piece10"
	{Box 12.126 5.90551 25.9972}
	{Bone "piece10"}
	{Matrix34
		-0.0000	0.0000	-1.0000
		-1.0000	-0.0000	-0.0000
		-0.0000	1.0000	0.0000
		-0.0606	0.1480	0.8805
	}
}
{Volume "piece1"
	{Box 17.2795 5.90551 25.9972}
	{Bone "piece1"}
	{Matrix34
		-0.0000	0.1565	-0.9877
		-1.0000	0.0000	0.0000
		0.0000	0.9877	0.1565
		-0.1598	0.1504	-0.1434
	}
}
{Volume "piece0"
	{Box 11.5197 5.90551 25.6984}
	{Bone "piece0"}
	{Matrix34
		-0.0000	0.0000	-1.0000
		-1.0000	-0.0000	-0.0000
		-0.0000	1.0000	0.0000
		-0.1598	-0.1447	1.1680
	}
}
