{Skeleton
	{animation
		{sequence "flattern" {speed 1.0}}
		{sequence "drift" {speed 0.45}}
	}
	{bone "Basis"
		{Orientation
			1.0000	0.0000	0.0000
			0.0000	-1.0000	0.0000
			0.0000	0.0000	1.0000
		}
		{bone "volume_holder"
			{bone "emitx"
				{Matrix34
					0.0000	-1.0000	0.0000
					1.0000	0.0000	0.0000
					-0.0000	-0.0000	1.0000
					4.9710	52.2075	19.1212
				}
			}
		}
		{bone "FX_bulb_norm_engine1"
			{Matrix34
				-1.0000	-0.0000	0.0000
				0.0000	-1.0000	0.0000
				0.0000	0.0000	1.0000
				-77.7988	0.1961	3.6926
			}
		}
		{bone "FX_bulb_norm_front1"
			{Matrix34
				0.4226	0.9063	0.0000
				-0.9063	0.4226	0.0000
				0.0000	0.0000	1.0000
				63.2820	14.0629	-0.7695
			}
		}
		{bone "FX_bulb_norm_front2"
			{Matrix34
				0.5000	-0.8660	0.0000
				0.8660	0.5000	0.0000
				0.0000	0.0000	1.0000
				63.2872	-13.6415	-0.7695
			}
		}
		{bone "FX_bulb_small_back1"
			{Matrix34
				0.0000	1.0000	0.0000
				-1.0000	0.0000	0.0000
				0.0000	0.0000	1.0000
				-78.6089	10.8541	2.6041
			}
		}
		{bone "FX_bulb_small_back2"
			{Matrix34
				-0.0000	-1.0000	0.0000
				1.0000	-0.0000	0.0000
				0.0000	0.0000	1.0000
				-78.6089	-13.7996	2.6041
			}
		}
		{bone "FX_bulb_small_center1"
			{Matrix34
				0.0000	1.0000	0.0000
				-1.0000	0.0000	0.0000
				0.0000	0.0000	1.0000
				-39.2416	20.2313	3.5477
			}
		}
		{bone "FX_bulb_small_center2"
			{Matrix34
				-0.0000	-1.0000	0.0000
				1.0000	-0.0000	0.0000
				0.0000	0.0000	1.0000
				-38.6922	-20.4036	3.5477
			}
		}
		{bone "FX_bulb_small_center9"
			{Matrix34
				0.0872	0.9962	0.0000
				-0.9962	0.0872	0.0000
				0.0000	0.0000	1.0000
				18.1069	22.5728	3.9851
			}
		}
		{bone "FX_bulb_small_center10"
			{Matrix34
				0.0872	-0.9962	0.0000
				0.9962	0.0872	0.0000
				0.0000	0.0000	1.0000
				17.5705	-22.4433	3.9851
			}
		}
		{bone "Body"
			{parameters "ID=body;"}
			{Position 12.6616	0.1249	-7.0285}
			{VolumeView "Body.ply"}
			{bone "mp_flag"
				{parameters "ID=CommonMesh;"}
				{Matrix34
					-1.0000	0.0000	0.0000
					0.0000	-1.0000	0.0000
					0.0000	0.0000	1.0000
					-72.0000	1.0000	56.0000
				}
				{VolumeView "flag.ply"}
			}
			{bone "Visor"
				{Position -33.3567	-2.1719	52.2109}
			}
			{bone "FX_smoke"
				{Matrix34
					-0.1736	0.0000	0.9848
					-0.0000	-1.0000	0.0000
					0.9848	-0.0000	0.1736
					5.0288	0.0000	44.3271
				}
			}
			{bone "passenger1"
				{Matrix34
					-0.0000	0.8660	0.5000
					-1.0000	-0.0000	-0.0000
					0.0000	-0.5000	0.8660
					19.5998	13.4378	20.0927
				}
			}
			{bone "passenger2"
				{Matrix34
					0.4904	-0.7812	0.3864
					0.8643	0.4927	-0.1008
					-0.1116	0.3834	0.9168
					-13.5200	-13.5443	21.1652
				}
			}
			{bone "passenger3"
				{Matrix34
					0.9499	0.0789	0.3026
					-0.1120	0.9893	0.0936
					-0.2919	-0.1228	0.9485
					-33.8849	-20.2912	19.8526
				}
			}
			{bone "driver"
				{Position -52.4360	-0.0500	24.1271}
			}
			{bone "emit1"
				{Matrix34
					-0.5736	-0.8192	0.0000
					0.8192	-0.5736	0.0000
					0.0000	0.0000	1.0000
					27.5649	25.1759	10.5550
				}
				{visibility 0}
			}
			{bone "emit2"
				{Matrix34
					-0.1736	0.9848	0.0000
					-0.9848	-0.1736	0.0000
					0.0000	0.0000	1.0000
					-5.9859	-31.3865	10.5550
				}
				{visibility 0}
			}
			{bone "emit3"
				{Position -103.7444	1.5613	9.7848}
				{visibility 0}
			}
			{bone "emit4"
				{Matrix34
					-0.1736	0.9848	0.0000
					-0.9848	-0.1736	0.0000
					0.0000	0.0000	1.0000
					-25.9541	-31.9098	10.5550
				}
				{visibility 0}
			}
			{bone revolute "attach_gun"
				{Matrix34
					1.0000	0.0140	0.0000
					-0.0140	1.0000	0.0000
					0.0000	0.0000	1.0000
					45.2166	-0.5260	22.3287
				}
				{VolumeView "attach_gun.ply"}
			}
			{bone "Cabin"
				{parameters "ID=cabin;"}
				{Position -55.1621	3.8988	19.9532}
				{VolumeView "Cabin.ply"}
				{bone "glass"
					{parameters "ID=glass;"}
					{Matrix34
						-0.0000	1.0000	0.0000
						0.0000	0.0000	1.0000
						1.0000	0.0000	-0.0000
						19.5171	-5.5707	29.8126
					}
					{VolumeView "glass.ply"}
				}
				{bone revolute "progector"
					{limits -45.0000 45.0000}
					{speed 0.0100}
					{Position 19.7893	7.4756	37.2428}
					{VolumeView "progector.ply"}
					{bone revolute "lamp_glass1"
						{limits -2.0000 2.0000}
						{Matrix34
							0.9262	0.0000	-0.3771
							0.0000	-1.0000	0.0000
							-0.3771	-0.0000	-0.9262
							6.3645	0.1821	-2.6836
						}
					}
					{bone "lamp_light_spot1"
						{parameters "ID=cabine;"}
						{Matrix34
							0.9262	-0.0000	-0.3771
							0.0000	1.0000	0.0000
							0.3771	-0.0000	0.9262
							6.9027	0.1644	-2.8963
						}
						{VolumeView "lamp_light_spot1.ply"}
					}
				}
			}
			{bone revolute "steer_rudder"
				{Position -92.3882	0.2063	9.5376}
				{VolumeView "steer_rudder.ply"}
			}
		}
	}
}
{Volume "lamp1"
	{Box 3.71935 4.89118 5.06686}
	{Bone "progector"}
	{Matrix34
		0.9262	-0.0000	-0.3771
		0.0000	1.0000	0.0000
		0.3771	-0.0000	0.9262
		5.0325	0.0581	-2.1348
	}
}
{Volume "cabin"
	{Box 40.1099 24.9084 37.8956}
	{Bone "Cabin"}
	{Position -0.4635	-2.5687	20.3104}
}
{Volume "glass"
	{Box 31.1355 15.3846 26.3736}
	{Bone "glass"}
	{Matrix34
		-0.0000	0.0000	-1.0000
		0.0000	1.0000	0.0000
		1.0000	0.0000	-0.0000
		3.0309	0.2523	-14.9050
	}
}
{Volume "Body"
	{Polyhedron "Body.vol"}
	{Bone "Body"}
	{Position -26.9347	-0.1028	3.9639}
}
{Volume "ballast4"
	{Box 19.685 19.685 78.7402}
	{Bone "volume_holder"}
	{Matrix34
		0.0000	0.0000	1.0000
		0.0000	1.0000	0.0000
		-1.0000	0.0000	0.0000
		-40.1263	-10.9577	2.9182
	}
}
{Volume "ballast2"
	{Box 19.685 19.685 78.7402}
	{Bone "volume_holder"}
	{Matrix34
		0.0000	0.0000	1.0000
		0.0000	1.0000	0.0000
		-1.0000	0.0000	0.0000
		-40.3867	12.1931	2.9182
	}
}
{Volume "ballast1"
	{Box 19.685 19.685 78.7402}
	{Bone "volume_holder"}
	{Matrix34
		0.0000	0.0000	1.0000
		0.0000	1.0000	0.0000
		-1.0000	0.0000	0.0000
		39.7388	11.8700	2.9182
	}
}
{Volume "ballast3"
	{Box 19.685 19.685 78.7402}
	{Bone "volume_holder"}
	{Matrix34
		0.0000	0.0000	1.0000
		0.0000	1.0000	0.0000
		-1.0000	0.0000	0.0000
		39.5803	-11.0901	2.9182
	}
}
