;Exported by: shevchenko
;Date:        Mon Aug 09 10:37:34 2004
;File:        D:\-Projects-\-3DWork-\sheva\bridge_multiplayer_x.max
{Skeleton
	{bone "automobile_bridge_part2"
		{parameters "Ground;"}
		{Orientation
			1.0000	0.0000	0.0000
			0.0000	-1.0000	0.0000
			0.0000	0.0000	1.0000
		}
		{VolumeView "automobile_bridge_part2.ply" {Ground}}
		{bone "automobile_bridge_lend"
			{parameters "Land;Ground;"}
			{Position 0.0002	0.0000	-59.0551}
			{VolumeView "automobile_bridge_lend.ply" {Ground}}
		}
		{bone "piece0"
			{Position -4.3372	-72.2511	18.2048}
			{VolumeView "piece0.ply"}
		}
		{bone "piece1"
			{Position 44.6415	-78.7380	35.5011}
			{VolumeView "piece1.ply"}
		}
		{bone "piece2"
			{Position 15.5813	72.8115	6.8777}
			{VolumeView "piece2.ply"}
		}
	}
}
{Volume "piece2"
	{Box 33.3071 7.87402 29.1756}
	{Bone "piece2"}
	{Matrix34
		0.8279	0.0000	0.5609
		0.0000	1.0000	0.0000
		-0.5609	0.0000	0.8279
		0.6276	2.0181	0.8320
	}
}
{Volume "piece1"
	{Box 29.6566 6.44724 22.792}
	{Bone "piece1"}
	{Matrix34
		0.9686	0.0000	0.2486
		0.0000	1.0000	0.0000
		-0.2486	0.0000	0.9686
		2.9634	3.1725	-1.9409
	}
}
{Volume "piece0"
	{Box 52.9583 7.87402 30.6344}
	{Bone "piece0"}
	{Matrix34
		0.7466	0.0000	-0.6653
		0.0000	1.0000	0.0000
		0.6653	0.0000	0.7466
		3.1176	-2.5537	-0.4779
	}
}
{Volume "body2"
	{Box 78.7402 157.48 49.2126}
	{Bone "automobile_bridge_part2"}
	{Position -24.7059	0.0000	34.4488}
}
{Volume "body1"
	{Box 49.2126 157.48 118.11}
	{Bone "automobile_bridge_part2"}
	{Position 39.3174	-0.0000	0.0000}
}
