;Exported by: sk
;Date:        Fri Mar 12 19:41:52 2004
;File:        D:\-Projects-\-3DWork-\Constructions\Aerodrome\barrels.max
{Skeleton
	{bone "coil2"
		{Orientation
			1.0000	0.0000	0.0000
			0.0000	-1.0000	0.0000
			0.0000	0.0000	1.0000
		}
		{VolumeView "coil2.ply"}
	}
}
{Volume "fire2"
	{Cylinder 20.7018 4.09581}
	{Bone "coil2"}
	{Matrix34
		-0.9911	0.1330	0.0000
		-0.1330	-0.9911	0.0000
		0.0000	-0.0000	1.0000
		0.0409	-0.1211	23.5986
	}
}
{Volume "fire1"
	{Cylinder 14.4913 17.2434}
	{Bone "coil2"}
	{Matrix34
		-0.9911	0.1330	0.0000
		-0.1330	-0.9911	0.0000
		0.0000	-0.0000	1.0000
		0.0409	-0.1211	14.1000
	}
}
{Volume "fire0"
	{Cylinder 20.1342 5.25009}
	{Bone "coil2"}
	{Matrix34
		-0.9911	0.1330	0.0000
		-0.1330	-0.9911	0.0000
		0.0000	-0.0000	1.0000
		0.0409	-0.1211	2.6250
	}
}
{Volume "body"
	{Cylinder 19.046 23.9585}
	{Bone "coil2"}
	{Matrix34
		0.9911	0.1330	-0.0000
		0.1330	-0.9911	-0.0000
		-0.0000	0.0000	-1.0000
		0.0409	-0.1211	11.9617
	}
}
