;Exported by: ubrashaev
;Date:        Mon Sep 06 12:56:18 2004
;File:        D:\-Projects-\-work-\3d\industrial\start(tex_anoth).max
{Skeleton
	{bone "tower_metal2"
		{Orientation
			1.0000	0.0000	0.0000
			0.0000	-1.0000	0.0000
			0.0000	0.0000	1.0000
		}
		{VolumeView "tower_metal2.ply"}
		{bone "ladder_bottom01"
			{Matrix34
				-1.0000	0.0000	0.0000
				-0.0000	-1.0000	0.0000
				0.0000	0.0000	1.0000
				56.4729	8.6762	16.7442
			}
		}
		{bone "ladder_top01"
			{Matrix34
				-1.0000	0.0000	0.0000
				-0.0000	-1.0000	0.0000
				0.0000	0.0000	1.0000
				50.3550	8.6762	44.3013
			}
		}
		{bone "node01"
			{Matrix34
				0.9848	0.1736	0.0000
				-0.1736	0.9848	0.0000
				0.0000	0.0000	1.0000
				40.4016	8.6762	59.6655
			}
		}
		{bone "door01"
			{Matrix34
				-1.0000	0.0000	0.0000
				-0.0000	-1.0000	0.0000
				0.0000	0.0000	1.0000
				70.3452	8.6762	0.0000
			}
		}
		{bone "door02"
			{Position -42.0115	8.9147	0.0000}
		}
		{bone "ladder_bottom02"
			{Position -32.9395	8.8603	19.2650}
		}
		{bone "ladder_top02"
			{Position -29.3584	8.8475	94.9573}
		}
		{bone "node02"
			{Matrix34
				-0.9848	-0.1736	0.0000
				0.1736	-0.9848	0.0000
				0.0000	0.0000	1.0000
				-21.6083	8.8475	107.6178
			}
		}
	}
}
{Obstacle "Rectangle05"
	{Obb2
		{Center 44.2313 26.0802}
		{Extent 5.38062 5.06617}
		{Axis -1 0}
	}
	{Rotate}
}
{Obstacle "Rectangle04"
	{Obb2
		{Center -28.2494 26.0802}
		{Extent 5.38062 5.06617}
		{Axis -1 0}
	}
	{Rotate}
}
{Obstacle "Rectangle03"
	{Obb2
		{Center -28.2494 -43.3405}
		{Extent 5.38062 5.06617}
		{Axis -1 0}
	}
	{Rotate}
}
{Obstacle "Rectangle02"
	{Obb2
		{Center 42.298 -43.3405}
		{Extent 5.38062 5.06617}
		{Axis -1 0}
	}
	{Rotate}
}
{Obstacle "Rectangle01"
	{Obb2
		{Center -26.0824 -43.48}
		{Extent 3.19608 3.72991}
		{Axis -1 0}
	}
	{Rotate}
}
{Obstacle "body7"
	{Obb2
		{Center -38.2019 -58.4163}
		{Extent 4.06862 3.74202}
		{Axis 1 0}
	}
	{Rotate}
}
{Obstacle "body6"
	{Obb2
		{Center -38.2019 41.4595}
		{Extent 4.06862 3.74202}
		{Axis 1 0}
	}
	{Rotate}
}
{Obstacle "body5"
	{Obb2
		{Center 57.7761 41.4595}
		{Extent 4.06862 3.74202}
		{Axis 1 0}
	}
	{Rotate}
}
{Obstacle "body4"
	{Obb2
		{Center 57.7761 -54.4928}
		{Extent 4.06862 3.74202}
		{Axis 1 0}
	}
	{Rotate}
}
{Volume "body12"
	{Box 21.4315 29.4372 17.6359}
	{Bone "tower_metal2"}
	{Position 7.0272	8.7470	162.7990}
}
{Volume "window2"
	{Box 6.62378 16.2032 13.1327}
	{Bone "tower_metal2"}
	{Position -18.5085	5.6058	115.3059}
}
{Volume "window1"
	{Box 5.66135 12.6587 8.69716}
	{Bone "tower_metal2"}
	{Position 36.5745	5.6058	59.1712}
}
{Volume "body11"
	{Box 5.45195 7.48405 152.804}
	{Bone "tower_metal2"}
	{Matrix34
		-0.7288	-0.6624	-0.1736
		0.6726	-0.7400	0.0000
		-0.1285	-0.1168	0.9848
		37.1475	35.2307	74.9067
	}
}
{Volume "body10"
	{Box 5.45195 7.48405 152.804}
	{Bone "tower_metal2"}
	{Matrix34
		-0.7336	0.6570	-0.1736
		-0.6671	-0.7449	-0.0000
		-0.1294	0.1158	0.9848
		37.0823	-18.4893	74.9067
	}
}
{Volume "body9"
	{Box 5.45195 7.48405 152.804}
	{Bone "tower_metal2"}
	{Matrix34
		0.7153	0.6769	-0.1736
		-0.6874	0.7263	0.0000
		0.1261	0.1194	0.9848
		-16.8784	-18.2213	74.9067
	}
}
{Volume "body8"
	{Box 5.45195 7.48405 152.804}
	{Bone "tower_metal2"}
	{Matrix34
		0.7396	-0.6503	-0.1736
		0.6603	0.7510	-0.0000
		0.1304	-0.1147	0.9848
		-16.5509	34.1251	74.9067
	}
}
{Volume "body7"
	{Box 8.13725 7.48405 122.243}
	{Bone "tower_metal2"}
	{Position -38.2019	58.4163	60.7870}
}
{Volume "body6"
	{Box 8.13725 7.48405 122.243}
	{Bone "tower_metal2"}
	{Position -38.2019	-41.4595	60.7870}
}
{Volume "body5"
	{Box 8.13725 7.48405 122.243}
	{Bone "tower_metal2"}
	{Position 57.7761	-41.4595	60.7870}
}
{Volume "body4"
	{Box 8.13725 7.48405 122.243}
	{Bone "tower_metal2"}
	{Position 57.7761	54.4928	60.7870}
}
{Volume "body3"
	{Box 50.8578 49.8936 8.05292}
	{Bone "tower_metal2"}
	{Position 8.8854	8.7470	152.7555}
}
{Volume "body2"
	{Box 72.5814 71.2766 8.05292}
	{Bone "tower_metal2"}
	{Position 8.8854	8.7470	105.4138}
}
{Volume "body1"
	{Box 72.5814 71.2766 8.05292}
	{Bone "tower_metal2"}
	{Position 8.8854	8.7470	58.8491}
}
