{Skeleton
	{bone "Basis"
		{parameters "SteerMax=30;WheelRadius=0.5;"}
		{Orientation
			1.0000	0.0000	0.0000
			0.0000	-1.0000	0.0000
			0.0000	0.0000	1.0000
		}
		{bone "Body"
			{parameters "ID=body;"}
			{Matrix34
				0.0000	-1.0000	0.0000
				1.0000	0.0000	0.0000
				0.0000	0.0000	1.0000
				-0.2000	0.0000	35.8000
			}
			{VolumeView "body.ply"}
			{bone "cabin"
				{parameters "ID=cabin;"}
				{Position 0.0000	26.2000	-12.8000}
				{VolumeView "cabin.ply"}
				{bone "odl"
					{Matrix34
						-0.0014	0.9997	0.0215
						-0.9999	-0.0015	0.0037
						0.0038	-0.0215	0.9997
						-16.4258	1.2500	10.2024
					}
					{bone "DoorL"
						{parameters "ID=cabine;"}
						{Matrix34
							0.9998	-0.0025	-0.0196
							0.0025	0.9999	0.0000
							0.0196	0.0000	0.9998
							0.0000	0.0000	0.0000
						}
						{VolumeView "DoorL.ply"}
					}
				}
				{bone "odr"
					{Matrix34
						0.9935	0.1126	0.0158
						0.1125	-0.9936	-0.0004
						0.0156	0.0021	-0.9998
						15.0953	-0.2198	3.0000
					}
					{bone "DoorR"
						{parameters "ID=cabine;"}
						{Matrix34
							0.8728	0.4878	0.0108
							-0.0104	-0.0034	0.9999
							0.4878	-0.8729	0.0020
							0.0000	0.0000	0.0000
						}
						{VolumeView "DoorR.ply"}
					}
				}
			}
			{bone "bodyback"
				{parameters "ID=bodyback;"}
				{Position 0.0000	-10.0000	-26.9700}
				{VolumeView "bodyback.ply"}
				{bone "part1"
					{Position 0.0000	-66.0000	12.0000}
					{VolumeView "part1.ply"}
				}
				{bone "part2"
					{Matrix34
						0.0000	0.0000	-1.0000
						0.0000	1.0000	0.0000
						1.0000	0.0000	0.0000
						23.5203	6.0328	22.6319
					}
					{VolumeView "part2.ply"}
				}
			}
			{bone "engine"
				{parameters "ID=engine;"}
				{Position 0.0200	41.2000	-12.8000}
				{VolumeView "engine.ply"}
			}
			{bone "part3"
				{Position 10.1200	62.0000	-7.4000}
				{VolumeView "part3.ply"}
			}
		}
		{bone "pivot_back"
			{parameters "ID=body;"}
			{Matrix34
				0.9999	0.0132	-0.0084
				-0.0131	0.9997	0.0180
				0.0086	-0.0178	0.9998
				-36.0785	0.1691	11.5906
			}
			{VolumeView "pivot_back.ply"}
			{bone revolute "spring_R"
				{Matrix34
					0.9961	-0.0098	-0.0882
					0.0079	0.9997	-0.0216
					0.0884	0.0208	0.9959
					1.6263	-13.3341	0.5743
				}
				{bone "part4"
					{Matrix34
						1.0000	0.0000	0.0000
						0.0000	0.0000	-1.0000
						0.0000	1.0000	0.0000
						11.3600	-5.9000	-0.4934
					}
					{VolumeView "part4.ply"}
				}
				{bone "part5"
					{Matrix34
						1.0000	0.0000	0.0000
						0.0000	0.0000	-1.0000
						0.0000	1.0000	0.0000
						-14.3200	-5.9000	-2.7934
					}
					{VolumeView "part5.ply"}
				}
			}
			{bone revolute "spring_L"
				{Matrix34
					0.9963	-0.0119	-0.0849
					0.0090	0.9994	-0.0336
					0.0852	0.0328	0.9958
					2.0098	18.1061	-0.0015
				}
				{bone revolute "wheelL2"
					{parameters "ID=wheelleft2;"}
					{Matrix34
						1.0000	0.0000	0.0000
						0.0000	0.0000	-1.0000
						0.0000	1.0000	0.0000
						11.3600	1.0000	-0.5483
					}
					{VolumeView "wheelL2.ply"}
				}
				{bone revolute "wheelL3"
					{parameters "ID=wheelleft3;"}
					{Matrix34
						1.0000	0.0000	0.0000
						0.0000	0.0000	-1.0000
						0.0000	1.0000	0.0000
						-14.2200	1.0000	-2.7183
					}
					{VolumeView "wheelL3.ply"}
				}
			}
		}
		{bone "pivot_front"
			{Matrix34
				-1.0000	0.0000	0.0000
				0.0000	-1.0000	0.0000
				0.0000	0.0000	1.0000
				50.4063	0.5175	10.4590
			}
			{VolumeView "pivot_front.ply"}
			{bone revolute "steer_L"
				{Matrix34
					1.0000	0.0000	0.0000
					0.0000	-1.0000	0.0000
					0.0000	0.0000	-1.0000
					-0.6726	-18.0689	0.8011
				}
				{bone revolute "wheelL1"
					{parameters "ID=wheelleft1;"}
					{Matrix34
						1.0000	0.0000	0.0000
						0.0000	0.0000	-1.0000
						0.0000	1.0000	0.0000
						0.7700	0.9396	1.0918
					}
					{VolumeView "wheelL1.ply"}
				}
			}
			{bone revolute "steer_R"
				{Matrix34
					1.0000	0.0000	0.0000
					0.0000	-1.0000	0.0000
					0.0000	0.0000	-1.0000
					-0.6268	16.9390	0.8144
				}
				{bone revolute "wheelR1"
					{parameters "ID=wheelright1;"}
					{Matrix34
						1.0000	0.0000	0.0000
						0.0000	0.0000	-1.0000
						0.0000	1.0000	0.0000
						0.9100	-2.3065	1.0024
					}
					{VolumeView "wheelR1.ply"}
				}
			}
		}
	}
}
{Volume "bodyback"
	{Box 108.8630 30.4690 8.6242}
	{Bone "bodyback"}
	{Matrix34
		0.0000	-0.6943	0.0000
		1.2754	0.0000	0.0000
		0.0000	0.0000	1.3217
		-0.2550	-23.6561	20.2644
	}
}
{Volume "body"
	{Box 155.8630 20.4690 8.6242}
	{Bone "body"}
	{Matrix34
		0.0000	-0.8035	0.0000
		1.0458	0.0000	0.0000
		0.0000	0.0000	1.0859
		-0.2091	-3.4442	-17.7203
	}
}
{Volume "cabin"
	{Box 20.9995 34.4692 33.0145}
	{Bone "cabin"}
	{Matrix34
		0.0085	-0.9422	0.0002
		1.0288	0.0114	-0.0036
		0.0035	-0.0105	1.0108
		-0.3199	-9.3158	11.7356
	}
}
{Volume "engine"
	{Box 14.0755 32.5527 14.3543}
	{Bone "engine"}
	{Position 0.8000	2.4000	5.6000}
}
{Volume "part4"
	{Cylinder 8.85610 4.02746}
	{Bone "part4"}
	{Matrix34
		-1.0000	0.0000	0.0000
		0.0000	-1.0000	0.0000
		0.0000	0.0000	1.0000
		-0.0752	0.1000	0.9349
	}
}
{Volume "part5"
	{Cylinder 8.85610 4.02746}
	{Bone "part5"}
	{Matrix34
		-1.0000	0.0000	0.0000
		0.0000	-1.0000	0.0000
		0.0000	0.0000	1.0000
		0.0148	0.1000	0.9349
	}
}
{Volume "wheelleft2"
	{Cylinder 8.85610 4.02746}
	{Bone "WheelL2"}
	{Matrix34
		-1.0000	0.0000	0.0000
		0.0000	-1.0000	0.0000
		0.0000	0.0000	1.0000
		0.0376	0.0000	-0.5079
	}
}
{Volume "wheelleft3"
	{Cylinder 8.85610 4.02746}
	{Bone "WheelL3"}
	{Matrix34
		-1.0000	0.0000	0.0000
		0.0000	-1.0000	0.0000
		0.0000	0.0000	1.0000
		0.0376	0.0000	-0.5079
	}
}
{Volume "wheelleft1"
	{Cylinder 8.85610 4.02746}
	{Bone "WheelL1"}
	{Matrix34
		-1.0000	0.0000	0.0000
		0.0000	-1.0000	0.0000
		0.0000	0.0000	1.0000
		0.0000	0.0000	-0.6012
	}
}
{Volume "wheelright1"
	{Cylinder 8.85610 4.02746}
	{Bone "WheelR1"}
	{Matrix34
		-1.0000	0.0000	0.0000
		0.0000	-1.0000	0.0000
		0.0000	0.0000	1.0000
		0.0000	0.0000	0.6349
	}
}
{Volume "part1"
	{Box 40.0755 3.3527 12.3543}
	{Bone "part1"}
	{Matrix34
		0.9999	0.0000	0.0015
		0.0009	0.7793	-0.6266
		-0.0012	0.6266	0.7793
		-0.0003	-0.2805	0.2255
	}
}
{Volume "part2"
	{Cylinder 9.85610 4.02746}
	{Bone "part2"}
	{Position 0.0000	0.0000	-0.8000}
}
{Volume "part3"
	{Box 7.0755 4.5527 6.6543}
	{Bone "part3"}
	{Position 0.0000	0.0000	0.0000}
}
