{mission
	{Camera
		{Position 5608.44 4187.91}
		{Distance 921}
		{ViewAngle 0.373477}
		{YawAngle -5.90783}
	}
	{Environment "day3"}
	{User 2}
	{GameProgress 0 0}
	{Entity "2-funt" 0x8000
		{Position 4898.1 5062.93 -2.23195}
		{Turn -111.102}
		{Extender "inventory"
			{box
				{clear}
				{item "bullet40 ap" 39 {cell 0 0}}
				{item "plant" {cell 3 0}}
				{item "plant" {cell 5 0}}
			}
		}
		{Player 2}
		{MID 1}
	}
	{Entity "mk2crusader" 0x8001
		{Position 8112.04 884.761 71.4864}
		{Turn 87.0035}
		{Player 2}
		{MID 2}
	}
	{Entity "austin_tilly" 0x8002
		{Position 8867.16 7668.25 36}
		{Turn -145.33}
		{Extender "inventory"
			{box
				{clear}
				{item 0x8009 "box" {cell 0 0}}
			}
		}
		{Player 3}
		{MID 3}
	}
	{Entity "box4" 0x8004
		{Position 5573.62 4431.1 59}
		{Turn 55.7882}
		{Extender "inventory"
			{box
				{clear}
				{item "morphine" {cell 2 0}}
				{item "morphine" {cell 4 0}}
				{item "morphine" {cell 6 0}}
				{item "morphine" {cell 0 2}}
				{item "morphine" {cell 2 2}}
				{item "morphine" {cell 4 2}}
				{item "morphine" {cell 0 0}}
				{item "morphine" {cell 6 2}}
				{item "morphine" {cell 0 4}}
				{item "morphine" {cell 2 4}}
				{item "morphine" {cell 4 4}}
				{item "morphine" {cell 6 4}}
			}
		}
	}
	{Entity "box2" 0x8005
		{Position 5590.19 4489.15 59}
		{Turn 71.4588}
		{Extender "inventory"
			{box
				{clear}
				{item "grenade n73at" {cell 0 5}}
				{item "grenade n73at" {cell 2 5}}
				{item "grenade n73at" {cell 4 5}}
				{item "grenade n73at" {cell 6 5}}
				{item "grenade mk1" {cell 0 4}}
				{item "grenade mk1" {cell 0 3}}
				{item "grenade mk1" {cell 1 4}}
				{item "grenade mk1" {cell 1 3}}
				{item "grenade mk1" {cell 3 2}}
				{item "grenade mk1" {cell 4 2}}
				{item "grenade mk26" {cell 1 2}}
				{item "grenade mk26" {cell 6 2}}
				{item "grenade mk26" {cell 7 2}}
				{item "grenade mk26" {cell 0 2}}
				{item "grenade smoke" {cell 2 2}}
				{item "grenade smoke" {cell 5 2}}
				{item "dynamite" {cell 0 0}}
				{item "dynamite" {cell 2 0}}
				{item "dynamite" {cell 6 0}}
				{item "dynamite" {cell 4 0}}
				{item "grenade mk1" 3 {cell 2 3}}
				{item "grenade mk1" 3 {cell 2 4}}
				{item "grenade mk1" 3 {cell 3 3}}
				{item "grenade mk1" 3 {cell 3 4}}
				{item "mine antipersonnel" 6 {cell 4 3}}
				{item "mine antipersonnel" 6 {cell 4 4}}
				{item "mine antitank" 3 {cell 6 3}}
			}
		}
	}
	{Entity "box2" 0x8006
		{Position 5662.38 4605.15 59}
		{Turn -115.779}
		{Extender "inventory"
			{box
				{clear}
				{item "ammo mgun" 47 {cell 0 0}}
				{item "ammo mgun" 47 {cell 0 1}}
				{item "ammo mgun" 47 {cell 2 0}}
				{item "ammo mgun" 47 {cell 2 1}}
				{item "ammo mgun" 47 {cell 4 0}}
				{item "ammo mgun" 47 {cell 4 1}}
				{item "ammo mgun" 47 {cell 6 0}}
				{item "ammo mgun" 47 {cell 6 1}}
				{item "ammo mgun" 47 {cell 0 2}}
				{item "ammo mgun" 47 {cell 2 2}}
				{item "ammo mgun" 47 {cell 4 2}}
				{item "ammo mgun" 47 {cell 6 2}}
				{item "ammo mgun" 47 {cell 0 3}}
				{item "ammo mgun" 47 {cell 2 3}}
				{item "ammo mgun" 60 {cell 4 3}}
				{item "ammo mgun" 60 {cell 6 3}}
				{item "ammo mgun" 60 {cell 0 4}}
				{item "ammo mgun" 60 {cell 0 5}}
				{item "ammo mgun" 60 {cell 2 4}}
				{item "ammo mgun" 60 {cell 2 5}}
				{item "ammo mgun" 60 {cell 4 4}}
				{item "ammo mgun" 60 {cell 4 5}}
				{item "ammo mgun" 60 {cell 6 4}}
				{item "ammo mgun" 60 {cell 6 5}}
			}
		}
	}
	{Entity "box2" 0x8007
		{Position 5641.81 4599.2 59}
		{Turn -115.779}
		{Extender "inventory"
			{box
				{clear}
				{item "ammo pistol" 30 {cell 0 0}}
				{item "ammo pistol" 30 {cell 0 1}}
				{item "ammo pistol" 30 {cell 0 2}}
				{item "ammo pistol" 30 {cell 2 0}}
				{item "ammo pistol" 30 {cell 2 1}}
				{item "ammo pistol" 30 {cell 2 2}}
				{item "ammo pistol" 30 {cell 4 0}}
				{item "ammo pistol" 30 {cell 4 1}}
				{item "ammo pistol" 30 {cell 4 2}}
				{item "ammo pistol" 30 {cell 6 0}}
				{item "ammo pistol" 30 {cell 6 1}}
				{item "ammo pistol" 30 {cell 6 2}}
				{item "ammo pistol" 30 {cell 0 3}}
				{item "ammo pistol" 30 {cell 2 3}}
				{item "ammo pistol" 30 {cell 4 3}}
				{item "ammo pistol" 30 {cell 6 3}}
				{item "ammo pistol" 30 {cell 0 4}}
				{item "ammo pistol" 30 {cell 2 4}}
				{item "ammo pistol" 30 {cell 4 4}}
				{item "ammo pistol" 30 {cell 6 4}}
				{item "ammo pistol" 30 {cell 0 5}}
				{item "ammo pistol" 30 {cell 2 5}}
				{item "ammo pistol" 30 {cell 4 5}}
				{item "ammo pistol" 30 {cell 6 5}}
			}
		}
	}
	{Entity "bedf-ammo3" 0x8008
		{Position 6277.63 4847.11 59}
		{Turn -104.967}
		{Extender "inventory"
			{box
				{clear}
				{item "uk_mg_box" {cell 0 0}}
				{item "uk_mg_box" {cell 0 2}}
			}
		}
		{Player 2}
		{MID 5}
		{Chassis
			{FuelBag
				{Remain 52.1}
			}
		}
	}
	{Entity "box1" 0x8009
		{Position 9079.87 7749.44 36}
		{Turn 121.861}
		{Extender "inventory"
			{box
				{clear}
				{item "mine antipersonnel" {cell 0 0}}
				{item "mine antipersonnel" {cell 0 1}}
				{item "mine antipersonnel" {cell 2 0}}
				{item "mine antipersonnel" {cell 2 1}}
				{item "mine antipersonnel" {cell 4 0}}
				{item "mine antipersonnel" {cell 6 0}}
				{item "mine antipersonnel" {cell 4 1}}
				{item "mine antipersonnel" {cell 6 1}}
				{item "mine antipersonnel" {cell 0 2}}
				{item "mine antipersonnel" {cell 2 2}}
				{item "mine antipersonnel" {cell 4 2}}
				{item "mine antipersonnel" {cell 6 2}}
				{item "can" {cell 0 4}}
				{item "repair_kit" {cell 6 4}}
				{item "pala" {cell 0 3}}
				{item "pala" {cell 6 3}}
				{item "grenade m18" {cell 2 3}}
				{item "grenade m18" {cell 5 3}}
				{item "wires" {cell 2 4}}
				{item "wires" {cell 4 4}}
				{item "tnt" {cell 3 3}}
			}
		}
	}
	{Entity "box2" 0x800a
		{Position 5623.6 4588.63 59}
		{Turn -101.669}
		{Extender "inventory"
			{box
				{clear}
				{item "ammo rifle" 30 {cell 0 0}}
				{item "ammo rifle" 30 {cell 0 1}}
				{item "ammo rifle" 30 {cell 0 2}}
				{item "ammo rifle" 30 {cell 2 0}}
				{item "ammo rifle" 30 {cell 2 1}}
				{item "ammo rifle" 30 {cell 2 2}}
				{item "ammo rifle" 30 {cell 4 0}}
				{item "ammo rifle" 30 {cell 4 1}}
				{item "ammo rifle" 30 {cell 4 2}}
				{item "ammo rifle" 30 {cell 0 3}}
				{item "ammo rifle" 30 {cell 2 3}}
				{item "ammo rifle" 30 {cell 4 3}}
				{item "ammo rifle" 30 {cell 0 4}}
				{item "ammo rifle" 30 {cell 2 4}}
				{item "ammo rifle" 30 {cell 4 4}}
				{item "ammo rifle" 30 {cell 0 5}}
				{item "ammo rifle" 30 {cell 2 5}}
				{item "ammo rifle" 30 {cell 4 5}}
				{item "matchbox" {cell 1 0}}
				{item "matchbox" {cell 1 1}}
				{item "matchbox" {cell 1 2}}
				{item "matchbox" {cell 1 3}}
				{item "matchbox" {cell 1 4}}
				{item "matchbox" {cell 1 5}}
				{item "matchbox" {cell 3 0}}
				{item "matchbox" {cell 3 1}}
				{item "matchbox" {cell 3 2}}
				{item "matchbox" {cell 3 3}}
				{item "matchbox" {cell 3 4}}
				{item "matchbox" {cell 3 5}}
				{item "ammo rifle" 30 {cell 5 0}}
				{item "ammo rifle" 30 {cell 5 1}}
				{item "ammo rifle" 30 {cell 5 2}}
				{item "ammo rifle" 30 {cell 5 3}}
				{item "ammo rifle" 30 {cell 5 4}}
				{item "ammo rifle" 30 {cell 5 5}}
				{item "bandage" 30 {cell 6 0}}
				{item "bandage" 30 {cell 6 1}}
				{item "bandage" 30 {cell 6 2}}
				{item "bandage" 30 {cell 6 3}}
				{item "bandage" 30 {cell 6 4}}
				{item "bandage" 30 {cell 6 5}}
			}
		}
	}
	{Entity "box2" 0x800b
		{Position 5581.56 4468.2 59}
		{Turn 85.5688}
		{Extender "inventory"
			{box
				{clear}
				{item "enfield_kn" {cell 0 0}}
				{item "weapon piat" filling "ammo piat" {cell 0 2}}
				{item "stenmk5" {cell 0 4}}
				{item "stensilenced" {cell 4 0}}
				{item "pala" 6 {cell 5 2}}
				{item "grenade tntpack" {cell 6 3}}
				{item "grenade an_m14" 2 {cell 4 4}}
				{item "grenade smoke" 3 {cell 5 3}}
				{item "grenade m18" 3 {cell 7 2}}
				{item "ammo piat" 4 {cell 4 5}}
			}
		}
	}
	{Human "eng.tankman" 0x800c
		{Position 8112.04 884.761 71.4864}
		{Orientation
			  0.052221   0.997609  -0.045266
			  0.998623  -0.051939   0.007395
			 -0.005026   0.045589   0.998948
		}
		{Extender "inventory"
			{box
				{clear}
				{item "ammo pistol" 30 {cell 6 0}}
				{item "grenade mk1" {cell 5 0}}
				{item "webley" filling "ammo pistol" 6 {cell 0 0}}
			}
		}
		{Player 2}
		{MID 6}
		{NameId 64 61}
		{LastItem "webley"}
		{FsmState "board"}
	}
	{Human "eng.tankman" 0x800d
		{Position 8112.04 884.761 71.4864}
		{Orientation
			  0.052221   0.997609  -0.045266
			  0.998623  -0.051939   0.007395
			 -0.005026   0.045589   0.998948
		}
		{Extender "inventory"
			{box
				{clear}
				{item "ammo pistol" 32 {cell 6 0}}
				{item "sten" filling "ammo pistol" 32 {cell 0 0}}
			}
		}
		{Player 2}
		{MID 7}
		{NameId 10 12}
		{LastItem "sten"}
		{FsmState "board"}
	}
	{Human "eng.tankman" 0x800e
		{Position 8112.04 884.761 71.4864}
		{Orientation
			  0.052221   0.997609  -0.045266
			  0.998623  -0.051939   0.007395
			 -0.005026   0.045589   0.998948
		}
		{Extender "inventory"
			{box
				{clear}
				{item "ammo pistol" 30 {cell 6 0}}
				{item "webley" filling "ammo pistol" 6 {cell 0 0}}
			}
		}
		{Player 2}
		{MID 8}
		{NameId 57 99}
		{LastItem "webley"}
		{FsmState "board"}
	}
	{Human "eng.tankman" 0x800f
		{Position 8112.04 884.761 71.4864}
		{Orientation
			  0.052221   0.997609  -0.045266
			  0.998623  -0.051939   0.007395
			 -0.005026   0.045589   0.998948
		}
		{Extender "inventory"
			{box
				{clear}
				{item "ammo pistol" 30 {cell 6 0}}
				{item "webley" filling "ammo pistol" 6 {cell 0 0}}
			}
		}
		{Player 2}
		{MID 9}
		{NameId 47 22}
		{LastItem "webley"}
		{FsmState "board"}
	}
	{Human "eng.soldier_smg" 0x8010
		{Position 8865.68 7660.12 44.4236}
		{Orientation
			 -0.773918  -0.535287   0.338300
			  0.568849  -0.822442  -0.000000
			  0.278232   0.192441   0.941000
		}
		{Extender "inventory"
			{box
				{clear}
				{item "thompson" filling "ammo pistol" 30 {cell 0 0}}
				{item "ammo pistol" 90 {cell 4 0}}
				{item "grenade n73at" {cell 6 0}}
			}
		}
		{DisableObstacles}
		{Player 3}
		{MID 10}
		{NameId 44 40}
		{FsmState "board"}
	}
	{Human "eng.suboficer" 0x8011
		{Position 8857.3 7672.24 44.4236}
		{Orientation
			 -0.773918  -0.535287   0.338300
			  0.568849  -0.822442  -0.000000
			  0.278232   0.192441   0.941000
		}
		{Extender "inventory"
			{box
				{clear}
				{item "ammo pistol" 60 {cell 4 0}}
				{item "ammo pistol" 60 {cell 6 0}}
				{item "grenade mk1" {cell 7 1}}
				{item "grenade mk1" {cell 6 1}}
				{item "thompson" filling "ammo pistol" 30 {cell 0 0}}
			}
		}
		{DisableObstacles}
		{Player 3}
		{MID 11}
		{NameId 49 27}
		{LastItem "thompson"}
		{FsmState "board"}
	}
	{Human "eng.soldier_rifle" 0x8012
		{Position 8894.1 7700.07 51.5743}
		{Orientation
			  0.511217  -0.857075   0.064300
			  0.859358   0.510729  -0.025700
			 -0.010823   0.068386   0.997600
		}
		{Extender "inventory"
			{box
				{clear}
				{item "bayonet" {cell 7 0}}
				{item "ammo rifle" 30 {cell 6 0}}
				{item "grenade mk1" {cell 6 1}}
				{item "bandage" 2 {cell 4 0}}
				{item "enfieldmk3" filling "ammo rifle" 10 {cell 0 0}}
			}
		}
		{DisableObstacles}
		{Player 3}
		{MID 12}
		{NameId 79 91}
		{LastItem "enfieldmk3"}
		{FsmState "board"}
	}
	{Human "eng.soldier_rifle" 0x8013
		{Position 8885.33 7675.03 47.0743}
		{Orientation
			 -0.800072  -0.553376   0.231700
			  0.568849  -0.822442  -0.000000
			  0.190560   0.131802   0.972800
		}
		{Extender "inventory"
			{box
				{clear}
				{item "bayonet" {cell 7 0}}
				{item "ammo rifle" 30 {cell 6 0}}
				{item "grenade mk1" {cell 6 1}}
				{item "bandage" 2 {cell 4 0}}
				{item "enfieldmk3" filling "ammo rifle" 10 {cell 0 0}}
			}
		}
		{DisableObstacles}
		{Player 3}
		{MID 13}
		{NameId 55 23}
		{LastItem "enfieldmk3"}
		{FsmState "board"}
	}
	{Human "eng.soldier_rifle" 0x8014
		{Position 8905.5 7685.23 51.5743}
		{Orientation
			 -0.834436   0.547554   0.062100
			 -0.548188  -0.836333   0.009300
			  0.056954  -0.026266   0.998000
		}
		{Extender "inventory"
			{box
				{clear}
				{item "bayonet" {cell 7 0}}
				{item "ammo rifle" 30 {cell 6 0}}
				{item "pala" {cell 4 0}}
				{item "bandage" 3 {cell 4 1}}
				{item "enfieldmk3" filling "ammo rifle" 10 {cell 0 0}}
			}
		}
		{DisableObstacles}
		{Player 3}
		{MID 14}
		{NameId 70 49}
		{LastItem "enfieldmk3"}
		{FsmState "board"}
	}
	{Human "eng.soldier_rifle" 0x8015
		{Position 8878.41 7685.03 47.0743}
		{Orientation
			 -0.800072  -0.553376   0.231700
			  0.568849  -0.822442  -0.000000
			  0.190560   0.131802   0.972800
		}
		{Extender "inventory"
			{box
				{clear}
				{item "bayonet" {cell 7 0}}
				{item "ammo rifle" 30 {cell 6 0}}
				{item "pala" {cell 4 1}}
				{item "bandage" 3 {cell 4 0}}
				{item "enfieldmk3" filling "ammo rifle" 10 {cell 0 0}}
			}
		}
		{DisableObstacles}
		{Player 3}
		{MID 15}
		{NameId 50 41}
		{LastItem "enfieldmk3"}
		{FsmState "board"}
	}
	{Human "eng.oficer2" 0x8016
		{Position 5721.52 4475.69 59}
		{Turn 65.8327}
		{Extender "inventory"
			{box
				{clear}
				{item "bino" {cell 6 0}}
				{item "webley" filling "ammo pistol" 6 {cell 4 0}}
				{item "ammo pistol" 30 {cell 6 2}}
				{item "ammo pistol" 90 {cell 4 1}}
				{item "tommy" {cell 0 0}}
			}
		}
		{Player 2}
		{MID 16}
		{NameId 64 62}
		{FsmState "stand"}
	}
	{Human "eng.soldier_rifle" 0x9000
		{Position 5745.54 4513.06 59}
		{Turn -103.987}
		{Extender "inventory"
			{box
				{clear}
				{item "bayonet" {cell 7 0}}
				{item "ammo rifle" 60 {cell 6 0}}
				{item "bandage" 4 {cell 4 0}}
				{item "grenade n73at" {cell 5 1}}
				{item "enfield" {cell 0 2}}
			}
		}
		{Player 2}
		{MID 17}
		{NameId 10 13}
		{FsmState "stand"}
	}
	{Human "eng.soldier_rifle" 0x9001
		{Position 5690.75 4527.23 59}
		{Turn -44.3211}
		{Extender "inventory"
			{box
				{clear}
				{item "ammo rifle" 40 {cell 6 0}}
				{item "grenade mk1" {cell 7 0}}
				{item "bandage" 3 {cell 6 1}}
				{item "pala" {cell 6 2}}
				{item "enfield_kn" filling "ammo rifle" 10 {cell 0 0}}
			}
		}
		{Player 2}
		{MID 18}
		{NameId 57 0}
		{FsmState "stand"}
	}
	{Human "eng.soldier_mg" 0x9002
		{Position 5718.49 4534.77 59}
		{Turn -88.1583}
		{Extender "inventory"
			{box
				{clear}
				{item "ammo mgun" 46 {cell 6 0}}
				{item "grenade mk1" {cell 7 2}}
				{item "ammo mgun" {cell 6 1}}
				{item "pala" {cell 6 3}}
				{item "grenade mk1" {cell 6 2}}
				{item "lewis" filling "ammo mgun" 47 {cell 0 0}}
			}
		}
		{Player 2}
		{MID 19}
		{NameId 47 23}
		{FsmState "stand"}
	}
	{Human "eng.soldier_smg" 0x9003
		{Position 5768.46 4507.66 59}
		{Turn -131.363}
		{Extender "inventory"
			{box
				{clear}
				{item "ammo pistol" 89 {cell 4 0}}
				{item "grenade mk1" {cell 6 0}}
				{item "grenade mk1" {cell 7 0}}
				{item "ammo pistol" {cell 4 1}}
				{item "bandage" 5 {cell 6 1}}
				{item "grenade smoke" {cell 7 2}}
				{item "pala" {cell 5 2}}
				{item "thompson" filling "ammo pistol" 30 {cell 0 0}}
			}
		}
		{Player 2}
		{MID 20}
		{NameId 44 41}
		{FsmState "stand"}
	}
	{Human "eng.soldier_smg" 0x9004
		{Position 5742.02 4541.5 59}
		{Turn -110.967}
		{Extender "inventory"
			{box
				{clear}
				{item "grenade mk1" {cell 7 0}}
				{item "grenade mk1" {cell 6 0}}
				{item "ammo pistol" 90 {cell 4 1}}
				{item "ammo pistol" 90 {cell 4 0}}
				{item "bandage" 5 {cell 6 1}}
				{item "pala" {cell 6 2}}
				{item "thompson" filling "ammo pistol" 30 {cell 0 0}}
			}
			{armor "head"
				{Item "beret_eng1"}
			}
		}
		{Player 2}
		{MID 21}
		{NameId 49 28}
		{FsmState "stand"}
	}
	{Entity "tent" 0x8017
		{Position 5472.73 4914.49 59}
	}
	{Entity "tent" 0x8018
		{Position 5398.53 4714.89 59}
		{TexMod "crushed"}
		{Volume "body"
			{Able {visible 0}{bullet 0}{contact 0}{blast 0}}
		}
		{DisableObstacles}
	}
	{Entity "tent" 0x8019
		{Position 6191.06 4587.13 59}
		{Turn -78.1623}
		{TexMod "crushed"}
		{Volume "body"
			{Able {visible 0}{bullet 0}{contact 0}{blast 0}}
		}
		{DisableObstacles}
	}
	{Entity "tent" 0x801a
		{Position 6112.99 4396.28 59}
		{Turn -82.5225}
		{TexMod "medic"}
		{Volume "body"
			{Able {visible 0}{bullet 0}{contact 0}{blast 0}}
		}
		{DisableObstacles}
	}
	{Entity "antena" 0x801b
		{Position 5585.17 3761.34 59}
	}
	{Entity "barrel_water" 0x801c
		{Position 5135.71 4515.16 59}
		{Turn 156.179}
	}
	{Entity "tumbas" 0x801d
		{Position 5551.03 3655.39 59}
		{Turn 158.962}
	}
	{Entity "tumbas" 0x801e
		{Position 5515.53 3598.32 59}
		{Turn -24.7987}
	}
	{Entity "barrels2" 0x801f
		{Position 5154.97 3743.94 59}
		{Turn -111.914}
	}
	{Entity "barrels1" 0x8020
		{Position 5228.75 3718.41 59}
		{Turn -23.6433}
	}
	{Entity "woodbarrel3" 0x8021
		{Position 5842.19 3769.7 59}
	}
	{Entity "woodbarrel3" 0x8022
		{Position 5895.38 3770.02 59}
	}
	{Entity "woodbarrel3" 0x8023
		{Position 5877.19 3770.3 59}
	}
	{Entity "woodbarrel3" 0x8024
		{Position 5859.35 3770.99 59}
	}
	{Entity "woodbarrel3" 0x8025
		{Position 5825.02 3770.14 59}
	}
	{Entity "woodbarrel2" 0x8026
		{Position 5897.88 3789.69 59}
	}
	{Entity "woodbarrel4" 0x8027
		{Position 5842.91 3789.88 59}
	}
	{Entity "woodbarrel4" 0x8028
		{Position 5823.96 3789.51 59}
	}
	{Entity "woodbarrel4" 0x8029
		{Position 5861.03 3789.94 59}
	}
	{Entity "woodbarrel4" 0x802a
		{Position 5879.42 3790.23 59}
	}
	{Entity "bags1" 0x802b
		{Position 5545.83 3719.76 59}
		{Turn 29.015}
	}
	{Entity "bags2" 0x802c
		{Position 5624.21 3719.42 59}
		{Turn 63.2385}
	}
	{Entity "bags1" 0x802d
		{Position 5626.28 3809.22 59}
	}
	{Entity "bags1" 0x802e
		{Position 5545.14 3806.95 59}
		{Turn -81.9326}
	}
	{Entity "bags_big" 0x8030
		{Position 5543.51 4445.95 59}
		{Turn -179.118}
	}
	{Entity "bags_big" 0x9005
		{Position 5551.51 4488.49 59}
		{Turn 167.968}
	}
	{Entity "coil" 0x9006
		{Position 5961.97 3807.11 59}
	}
	{Entity "coil2" 0x9007
		{Position 6003.03 3819.64 59}
	}
	{Entity "coil5" 0x900a
		{Position 6037.59 3839.8 59}
	}
	{Entity "coil4" 0x900b
		{Position 6067.06 3864.8 59}
		{Turn 36.1247}
	}
	{Entity "crate" 0x802f
		{Position 5123.08 4147.87 59}
		{Turn 119.363}
		{Extender "inventory"
			{box
				{clear}
				{item "plant" 4 {cell 2 0}}
				{item "mine_detector" {cell 0 0}}
				{item "crow_bar" {cell 4 0}}
				{item "chicken" {cell 4 1}}
				{item "barrel" {cell 6 1}}
				{item "axe" {cell 2 3}}
			}
		}
	}
	{Entity "crate1" 0x8031
		{Position 5252.52 4053.18 59}
		{Turn -112.495}
		{Extender "inventory"
			{box
				{clear}
				{item "astrohelmet" {cell 0 0}}
			}
		}
	}
	{Entity "crate2" 0x8032
		{Position 5176.92 4099.53 59}
		{Turn -32.063}
		{Extender "inventory"
			{box
				{clear}
				{item "enfieldmk3" 3 {cell 0 0}}
				{item "enfield" 3 {cell 4 0}}
				{item "enfield_kn" 3 {cell 0 2}}
			}
		}
	}
	{Entity "crate3" 0x8033
		{Position 5075.74 4202.48 56.4312}
		{Extender "inventory"
			{box
				{clear}
				{item "bren" 2 {cell 0 0}}
				{item "weapon bazooka" {cell 0 2}}
				{item "thompson" 2 {cell 0 4}}
				{item "webley" 3 {cell 5 2}}
				{item "ammo cartuchos" 40 {cell 4 4}}
				{item "ammo mgun" 100 {cell 6 4}}
				{item "ammo pistol" 25 {cell 4 5}}
				{item "ammo rifle" 30 {cell 7 2}}
				{item "ammo bazooka" 5 {cell 5 3}}
				{item "winchester1912" {cell 5 0}}
			}
		}
	}
	{Entity "crate4" 0x8034
		{Position 5313.46 4009.3 59}
		{Turn 66.9462}
		{Extender "inventory"
			{box
				{clear}
				{item "beret_eng1" 2 {cell 0 0}}
				{item "gb_equip5" 2 {cell 2 0}}
				{item "gb_equip1" 2 {cell 4 0}}
				{item "cap3_uk" 2 {cell 6 0}}
				{item "helmet1_eng" 2 {cell 0 2}}
				{item "helmet2_eng" 2 {cell 2 2}}
				{item "gb_equip3" 2 {cell 4 2}}
				{item "beret_eng" {cell 6 2}}
			}
		}
	}
	{Entity "crate5" 0x8035
		{Position 5056.48 4291.03 51.9637}
		{Turn -173.363}
		{Extender "inventory"
			{box
				{clear}
				{item "mine antipersonnel" 17 {cell 2 0}}
				{item "mine antitank" 2 {cell 0 0}}
				{item "bayonet" {cell 4 0}}
				{item "box" {cell 0 2}}
				{item "bino" {cell 5 0}}
				{item "docs" {cell 5 2}}
				{item "food_box" {cell 4 4}}
			}
		}
	}
	{Entity "flag_uk" 0x8036
		{Position 5516.43 4022.81 259}
		{OffsetZ 200}
	}
	{Entity "fuel" 0x8037
		{Position 6415.9 4372.13 58.9125}
		{Turn -25.7575}
		{TexMod "1"}
	}
	{Entity "linen2" 0x8038
		{Position 6454.07 4131.79 59}
		{Turn -20.352}
	}
	{Entity "linen2" 0x8039
		{Position 6509.28 4107.69 59}
		{Turn -26.5312}
		{TexMod "2"}
	}
	{Entity "linen1" 0x803a
		{Position 6456.75 4164.76 59}
		{Turn 64.2193}
	}
	{Entity "netting" 0x9008
		{Position 5297.61 4053.97 59}
		{Turn 70.1107}
	}
	{Entity "netting" 0x9800
		{Position 5205.33 4102.24 59}
		{Turn 54.1373}
	}
	{Entity "netting" 0x9801
		{Position 5129.45 4176.38 59}
		{Turn 39.6093}
	}
	{Entity "netting" 0x9802
		{Position 5079.85 4271.65 53.9974}
		{Turn 16.0741}
	}
	{Entity "tower_metal4" 0x9009
		{Position 4902 4630.46 7.38985}
		{Turn -30.2814}
	}
	{Entity "ke-nu" 0x8041
		{Position 4637.58 3765.35 53.421}
		{Turn 16.5957}
		{Player 1}
		{MID 23}
		
		{Chassis
			{Broken}
		}
		{Component "body"
			{Able {work 0}}
		}
	}
	{Entity "te-ke" 0x8042
		{Position 6984.69 6463.79 57.9105}
		{SkeletonSrc "te-ke_xx"}
		{Orientation
			 -0.242099  -0.967568   0.072111
			  0.966273  -0.247163  -0.072295
			  0.087773   0.052176   0.994773
		}
		{Volume "body"
			{Able {touch 0}}
		}
		{Extender "inventory"
			{box
				{clear}
			}
		}
		{Extender "burning"
			{State 0.543866 0 1604177 0x0}
		}
		{Extender "slicer"
			{"part2" 0x8990}
			{"part3" 0x8991}
			{"turret" 0x89a0 "turret"}
		}
		{Player 1}
		{MID 24}
		
		{Chassis
			{Broken}
			{FuelBag
				{Remain 0}
			}
		}
		{Component "trackleft"
			{Able {work 0}{repair 0}}
		}
		{Component "trackright"
			{Able {work 0}{repair 0}}
		}
		{Component "body"
			{Able {work 0}{repair 0}}
		}
		{Component "engine"
			{Able {work 0}{repair 0}}
		}
		{Component "turret"
			{Able {work 0}{repair 0}}
		}
		{Component "gun"
			{Able {work 0}{repair 0}}
		}
	}
	{Entity "chi-ha47" 0x8043
		{Position 4439.66 4049.35 0.189968}
		{Turn 46.3947}
		{Extender "burning"
			{State 0.717354 0 1603984 0x0}
			{Heater 29 2 "jap.bazooka"}
		}
		{Player 1}
		{MID 25}
		
		{Chassis
			{Broken}
		}
		{Component "body"
			{Able {work 0}}
		}
		{Component "engine"
			{Able {work 0}}
		}
		{Component "turret"
			{Able {work 0}}
		}
		{Component "gun"
			{Able {work 0}}
		}
	}
	{Entity "bmw-r12j" 0x804a
		{Position 4720.69 3582.48 65.7646}
		{SkeletonSrc "bmw-r12j_xx"}
		{Turn -74.2906}
		{Volume "wheel1"
			{Able {touch 0}}
		}
		{Volume "fuel"
			{Able {touch 0}}
		}
		{Volume "wheel2"
			{Able {touch 0}}
		}
		{Volume "engine"
			{Able {touch 0}}
		}
		{Volume "body"
			{Able {touch 0}}
		}
		{Placer
			{State "driver" {Broken}}
			{State "gunner" {Broken}}
			{State "passenger" {Broken}}
		}
		{Extender "inventory"
			{box
				{clear}
			}
		}
		{Extender "slicer"
			{"wheel3" 0x9d0f "wheel"}
			{"part1" 0x9d10}
			{"part2" 0x9d11}
			{"part3" 0x9d12}
			{"part4" 0x9d13}
			{"part5" 0x9d14}
		}
		{Extender "burning"
			{State 0.00933333 0 1638243 0x0}
		}
		{Player 1}
		{MID 32}
		
		{Chassis
			{Broken}
			{FuelBag
				{Remain 0}
			}
		}
		{Component "body"
			{Able {work 0}{repair 0}}
		}
		{Component "engine"
			{Able {work 0}{repair 0}}
		}
		{Component "wheel1"
			{Able {work 0}{repair 0}}
		}
		{Component "wheel2"
			{Able {work 0}{repair 0}}
		}
		{Component "wheel3"
			{Able {work 0}{repair 0}}
		}
	}
	{Entity "type93" 0x804b
		{Position 4677.97 3233.35 65.1918}
		{SkeletonSrc "type93_xx"}
		{Turn 19.7264}
		{Volume "body1"
			{Able {touch 0}}
		}
		{Volume "body2"
			{Able {touch 0}}
		}
		{Volume "wheelright1"
			{Able {touch 0}}
		}
		{Volume "wheelleft1"
			{Able {touch 0}}
		}
		{Volume "wheelleft2"
			{Able {touch 0}}
		}
		{Volume "wheelleft3"
			{Able {touch 0}}
		}
		{Volume "wheelright3"
			{Able {touch 0}}
		}
		{Volume "engine"
			{Able {touch 0}}
		}
		{Extender "inventory"
			{box
				{clear}
			}
		}
		{Extender "slicer"
			{"wheelr2" 0x9e10 "wheel"}
			{"part3" 0x8e00}
			{"turret" 0x8e06 "turret"}
		}
		{Extender "burning"
			{State 0.602279 0 1568342 0x0}
			{Heater 55 2 "ger.mp44soldier"}
		}
		{Player 1}
		{MID 33}
		
		{Chassis
			{Broken}
			{FuelBag
				{Remain 0}
			}
		}
		{Component "body"
			{Able {work 0}{repair 0}}
		}
		{Component "engine"
			{Able {work 0}{repair 0}}
		}
		{Component "turret"
			{Able {work 0}{repair 0}}
		}
		{Component "wheelright1"
			{Able {work 0}{repair 0}}
		}
		{Component "wheelleft1"
			{Able {work 0}{repair 0}}
		}
		{Component "wheelright2"
			{Able {work 0}{repair 0}}
		}
		{Component "wheelleft2"
			{Able {work 0}{repair 0}}
		}
		{Component "wheelright3"
			{Able {work 0}{repair 0}}
		}
		{Component "wheelleft3"
			{Able {work 0}{repair 0}}
		}
	}
	{Entity "bunkersac" 0x9804
		{Position 4437.64 4936.5 -11.2672}
		{SkeletonSrc "bunkersac_x"}
		{Turn 112.859}
		{Volume "body4"
			{Able {visible 1}}
		}
		{Volume "body3"
			{Able {visible 1}}
		}
		{Volume "body2"
			{Able {visible 1}}
		}
		{Volume "body1"
			{Able {visible 1}}
		}
		{Volume "body"
			{Able {visible 1}}
		}
		{Extender "slicer"
			{"piece0"}
			{"piece1" 0x8487}
			{"piece2"}
			{"piece3" 0x848b}
			{"piece4"}
			{"piece5"}
			{"piece6" 0x8491}
			{"piece7" 0x8493}
			{"piece8"}
			{"piece9" 0x8497}
			{"piece10" 0x8499}
			{"piece11"}
			{"piece12"}
			{"piece13" 0x849f}
			{"piece14"}
		}
		{AreaDisable "interior"}
		{AreaDisable "body8"}
		{AreaDisable "body7"}
		{AreaDisable "body5"}
		{AreaDisable "body4"}
		{AreaDisable "body3"}
		{AreaDisable "body2"}
		{AreaDisable "body1"}
		{AreaDisable "body"}
	}
	{Entity "2-funt" 0x8044
		{Position 5381.24 3332.8 59.3333}
		{SkeletonSrc "2-funt_xx"}
		{Turn -159.871}
		{Volume "body2"
			{Able {touch 0}}
		}
		{Volume "body1"
			{Able {touch 0}}
		}
		{Placer
			{State "gunner" {Broken}}
			{State "commander" {Broken}}
		}
		{Extender "inventory"
			{box
				{clear}
			}
		}
		{Extender "slicer"
			{"part1" 0x8c01}
			{"part2" 0x8c02}
			{"part3" 0x8c03}
			{"part4" 0x8c04}
		}
		{AreaDisable "obstacle3"}
		{Player 2}
		{MID 22}
		
		{Chassis
			{Broken}
			{FuelBag
				{Remain 0}
			}
		}
		{Component "body"
			{Able {work 0}{repair 0}}
		}
		{Component "turret"
			{Able {work 0}{repair 0}}
		}
		{Component "gun"
			{Able {work 0}{repair 0}}
		}
		{Component "wheelright"
			{Able {work 0}{repair 0}}
		}
		{Component "wheelleft"
			{Able {work 0}{repair 0}}
		}
	}
	{Entity "bedf" 0x8800
		{Position 5763.55 5202.29 59.9096}
		{Turn -90.6914}
		{Extender "inventory"
			{box
				{clear}
				{item "uk_mt_box" {cell 0 0}}
				{item "uk_mt_box" {cell 0 2}}
			}
		}
		{Player 2}
		{MID 4}
	}
	{Entity "mk4crusader" 0x8401
		{Position 6849.94 3632.98 72.3848}
		{Orientation
			 -0.081242  -0.993710  -0.077072
			  0.992305  -0.087892   0.087216
			 -0.093441  -0.069394   0.993204
		}
		{Player 2}
		{MID 27}
		{Chassis
			{Broken}
		}
		{Component "engine"
			{Able {work 0}}
		}
	}
	{Entity "valentine" 0x8801
		{Position 6008.63 2968.62 51.9754}
		{Turn -29.4904}
		{Player 2}
		{MID 28}
		{Chassis
			{Broken}
		}
		{Component "body"
			{Able {work 0}}
		}
		{Component "engine"
			{Able {work 0}}
		}
		{Component "turret"
			{Able {work 0}}
		}
		{Component "gun"
			{Able {work 0}}
		}
	}
	{Entity "shellhole_big" 0x9a02
		{Position 6026.24 1894.04 2.00224}
	}
	{Entity "crater_big_tank" 0x9e0a
		{Position 7670.58 2314.01 35.0231}
		{Orientation
			 -0.937788   0.347203   0.000000
			 -0.347203  -0.937788   0.000000
			  0.000000   0.000000   1.000000
		}
		{AreaDisable "cut"}
	}
	{Entity "shellhole_dead_tank" 0x9e0b
		{Position 4675.93 3238.68 64.5394}
		{Turn -103.338}
	}
	{Entity "piece_medium_steel" 0x9e10
		{Position 4418.49 3320.51 74.5326}
		{Orientation
			 -0.518971   0.853173  -0.052590
			 -0.854006  -0.514873   0.074703
			  0.036658   0.083681   0.995818
		}
		{Constrain ground}
		{Extender "burning"
			{State 6.00001e-036 0 1639113 0x0}
		}
	}
	{Entity "piece_medium_steel" 0x8e00
		{Position 4553.89 3326.05 68.1684}
		{Orientation
			  0.042010  -0.068064  -0.996796
			 -0.006803  -0.997673   0.067837
			 -0.999094   0.003931  -0.042375
		}
		{Constrain ground}
	}
	{Entity "piece_large_steel" 0x8e06
		{Position 4520.02 3078.57 79.0908}
		{Orientation
			 -0.721196   0.688230   0.078841
			 -0.682373  -0.725404   0.090307
			  0.119343   0.011330   0.992788
		}
		{Constrain ground}
		{Extender "burning"
			{State 2e-038 0 1639709 0x0}
		}
	}
	{Entity "piece_medium_steel" 0x8c01
		{Position 4794.61 3390 67.7539}
		{Orientation
			  0.656354   0.753166  -0.044042
			 -0.745299   0.656351   0.117186
			  0.117168  -0.044091   0.992133
		}
		{Constrain ground}
	}
	{Entity "piece_medium_steel" 0x8c02
		{Position 4728.65 3461.03 72.9136}
		{Orientation
			 -0.790937  -0.611897  -0.000819
			  0.611896  -0.790937   0.000949
			 -0.001229   0.000250   0.999999
		}
		{Constrain ground}
	}
	{Entity "piece_medium_steel" 0x8c03
		{Position 5324.25 3417.59 58.9962}
		{Orientation
			 -0.062245   0.997928  -0.016292
			 -0.998060  -0.062254  -0.000057
			 -0.001071   0.016257   0.999867
		}
	}
	{Entity "piece_medium_steel" 0x8c04
		{Position 5330.98 3328.22 68.0888}
		{Orientation
			  0.623751   0.780243  -0.046439
			 -0.781400   0.623891  -0.013194
			  0.018679   0.044517   0.998834
		}
	}
	{Entity "concrete_fence_destroy" 0x8c07
		{Position 6221.24 5182 59}
		{Turn 14.1005}
	}
	{Entity "concrete_fence_destroy" 0x8c09
		{Position 6221.24 5182 59}
		{Turn 14.1005}
	}
	{Entity "concrete_fence_destroy" 0x8c0b
		{Position 6221.24 5182 59}
		{Turn 14.1005}
	}
	{Entity "concrete_fence_destroy" 0x8c0d
		{Position 6221.24 5182 59}
		{Turn 14.1005}
	}
	{Entity "building_part_concrete" 0x8c11
		{Position 3544.23 3764.61 -1014.29}
		{Orientation
			  0.266525   0.963828   0.000000
			 -0.963828   0.266525   0.000000
			  0.000000   0.000000   1.000000
		}
		{Constrain ground}
		{DisableObstacles}
	}
	{Entity "building_part_concrete" 0x8c13
		{Position 3529.24 3840.85 -1014.29}
		{Orientation
			  0.438520   0.898722   0.000000
			 -0.898722   0.438520   0.000000
			  0.000000   0.000000   1.000000
		}
		{Constrain ground}
		{DisableObstacles}
	}
	{Entity "piece_large_concrete" 0x8c17
		{Position 3564.33 3790.69 -1014}
		{Orientation
			  0.674695   0.738097   0.000000
			 -0.738097   0.674695   0.000000
			  0.000000   0.000000   1.000000
		}
		{Constrain ground}
		{DisableObstacles}
	}
	{Entity "piece_large_concrete" 0x9b00
		{Position 3636.87 3852.86 -1014}
		{Orientation
			 -0.602595   0.798047   0.000000
			 -0.798047  -0.602595   0.000000
			  0.000000   0.000000   1.000000
		}
		{Constrain ground}
		{DisableObstacles}
	}
	{Entity "piece_large_concrete" 0x9b02
		{Position 3652.23 3857.22 -1014}
		{Orientation
			  0.229985   0.973194   0.000000
			 -0.973194   0.229985   0.000000
			  0.000000   0.000000   1.000000
		}
		{Constrain ground}
		{DisableObstacles}
	}
	{Entity "concrete_fence_destroy" 0x9b05
		{Position 6272.2 5156.02 59}
		{Turn 105.667}
	}
	{Entity "shellhole_medium" 0x9d01
		{Position 4678.32 3578.88 65.093}
	}
	{Entity "crater_big" 0x9d04
		{Position 6334.99 5565.83 59}
		{Orientation
			  0.220066   0.975483   0.000000
			 -0.975483   0.220066   0.000000
			  0.000000   0.000000   1.000000
		}
		{AreaDisable "cut"}
	}
	{Entity "shellhole_dead_car" 0x9d05
		{Position 4674.52 3585.47 64.6999}
	}
	{Entity "piece_medium_steel" 0x9d0f
		{Position 4056.38 4368.07 -36.0348}
		{Orientation
			 -0.389635   0.920969  -0.000497
			 -0.920968  -0.389633   0.002199
			  0.001831   0.001315   0.999998
		}
		{Constrain ground}
		{Extender "burning"
			{State 6.00001e-036 0 1637657 0x0}
		}
	}
	{Entity "piece_medium_steel" 0x9d10
		{Position 4690.3 3626.66 63.4416}
		{Orientation
			  0.992336  -0.049255  -0.113328
			 -0.123525  -0.420023  -0.899067
			 -0.003317   0.906176  -0.422888
		}
		{Constrain ground}
		{Extender "burning"
			{State 5e-038 0 1638251 0x0}
		}
	}
	{Entity "piece_medium_steel" 0x9d11
		{Position 4776.28 3701.18 60.922}
		{Orientation
			 -0.948716   0.281200  -0.144442
			 -0.275652  -0.959536  -0.057507
			 -0.154768  -0.014742   0.987841
		}
		{Constrain ground}
	}
	{Entity "piece_medium_steel" 0x9d12
		{Position 4039.86 4279.35 -27.4348}
		{Orientation
			  0.256835  -0.856927   0.446892
			  0.888554   0.391252   0.239572
			 -0.380143   0.335557   0.861913
		}
		{Constrain ground}
	}
	{Entity "piece_medium_steel" 0x9d13
		{Position 4820.92 3658.73 68.4669}
		{Orientation
			 -0.731835   0.334777   0.593584
			 -0.379187  -0.923772   0.053498
			  0.566246  -0.185928   0.802992
		}
		{Constrain ground}
	}
	{Entity "piece_medium_steel" 0x9d14
		{Position 4665.15 3598.7 60.3283}
		{Orientation
			  0.935675   0.352244   0.020895
			  0.229126  -0.651534   0.723191
			  0.268354  -0.671884  -0.690332
		}
		{Constrain ground}
		{Extender "burning"
			{State 3e-038 0 1638251 0x0}
		}
	}
	{Entity "town_shambles1" 0x8484
		{Position 4426.89 4935.64 -10.8243}
		{Turn 33.4732}
	}
	{Entity "building_part_concrete" 0x8487
		{Position 4471.82 5024.86 -6.94261}
		{Orientation
			 -0.999429   0.032880   0.007836
			 -0.033065  -0.999145  -0.024828
			  0.007013  -0.025073   0.999661
		}
		{Constrain ground}
	}
	{Entity "building_part_concrete" 0x848b
		{Position 4363.03 4924.5 -7.21392}
		{Orientation
			 -0.460962   0.886505   0.040282
			 -0.887119  -0.461512   0.005071
			  0.023086  -0.033397   0.999175
		}
		{Constrain ground}
	}
	{Entity "building_part_concrete" 0x8491
		{Position 4414.26 4945.06 -7.9036}
		{Orientation
			 -0.311818   0.948067   0.062759
			 -0.949003  -0.313997   0.028262
			  0.046501  -0.050746   0.997628
		}
		{Constrain ground}
	}
	{Entity "building_part_concrete" 0x8493
		{Position 4472.66 4947.94 -8.03677}
		{Orientation
			 -0.371248   0.926257   0.064990
			 -0.925832  -0.363924  -0.101957
			 -0.070787  -0.098021   0.992664
		}
		{Constrain ground}
	}
	{Entity "building_part_concrete" 0x8497
		{Position 4524.4 4964.96 -4.12571}
		{Orientation
			 -0.385049   0.921140   0.056900
			 -0.922892  -0.384492  -0.020874
			  0.002649  -0.060550   0.998162
		}
		{Constrain ground}
	}
	{Entity "building_part_concrete" 0x8499
		{Position 4391.09 4840.39 -15.44}
		{Orientation
			 -0.622278  -0.782412  -0.024541
			  0.777083  -0.613652  -0.139906
			  0.094405  -0.106131   0.989861
		}
		{Constrain ground}
	}
	{Entity "building_part_concrete" 0x849f
		{Position 4479.96 4911.04 -12.0203}
		{Orientation
			 -0.218582   0.971021   0.096645
			 -0.974934  -0.213092  -0.064002
			 -0.041553  -0.108212   0.993259
		}
		{Constrain ground}
	}
	{Human "jap.soldier" 0x900c
		{Position 4267.21 4168.7 -29.1496}
		{Turn -130.423}
		{Extender "vitality"
			{Dead}
			{Health
				{Current -89.2766}
			}
			{Energy 0.01}
		}
		{Extender "inventory"
			{box
				{clear}
				{item "ammo rifle" 20 {cell 4 0}}
			}
		}
		{DisableObstacles}
		{Player 1}
		{MID 26}
		{Able {select 0}{talk 0}}
		{NameId 18 25}
		{FsmState "dead"}
	}
	{Human "jap.soldier" 0x900d
		{Position 4083.13 4456.29 -36.3709}
		{Turn -129.02}
		{SpawnedInFog}
		{Extender "vitality"
			{Dead}
			{Health
				{Current -300}
			}
			{Energy 0.01}
		}
		{Extender "inventory"
			{box
				{clear}
				{item "ammo rifle" 20 {cell 4 0}}
			}
		}
		{DisableObstacles}
		{Player 1}
		{MID 29}
		{Able {select 0}{talk 0}}
		{NameId 2 10}
		{FsmState "dead"}
	}
	{Human "jap.soldier" 0x900e
		{Position 4124.27 3822.51 -24.8246}
		{Turn 48.7568}
		{Extender "vitality"
			{Dead}
			{Health
				{Current -88.6393}
			}
			{Energy 0.01}
		}
		{DisableObstacles}
		{Player 1}
		{MID 30}
		{Able {select 0}{talk 0}}
		{NameId 61 19}
		{FsmState "dead"}
	}
	{Human "jap.infantry_smg" 0x900f
		{Position 4038.06 4219.89 -35}
		{Turn -115.061}
		{Extender "vitality"
			{Dead}
			{Health
				{Current -227.102}
			}
			{Energy 0.01}
		}
		{Extender "inventory"
			{box
				{clear}
				{item "ammo pistol" 90 {cell 4 0}}
				{item "grenade type23" {cell 6 0}}
			}
		}
		{DisableObstacles}
		{Player 1}
		{MID 31}
		{Able {select 0}{talk 0}}
		{NameId 73 78}
		{FsmState "dead"}
	}
	{Human "jap.infantry_mgun" 0x9011
		{Position 4280.01 4275.75 -36}
		{Turn -147.492}
		{Extender "vitality"
			{Dead}
			{Health
				{Current -98.228}
			}
			{Energy 0.01}
		}
		{Extender "inventory"
			{box
				{clear}
				{item "ammo mgun" 80 {cell 5 0}}
				{item "grenade type23" {cell 7 0}}
			}
			{armor "head"
				{Removed}
			}
		}
		{DisableObstacles}
		{Player 1}
		{MID 35}
		{Able {select 0}{talk 0}}
		{NameId 31 51}
		{FsmState "dead"}
	}
	{Human "jap.infantry_mgun" 0x9012
		{Position 4241.01 4500.92 -35}
		{Turn -107.909}
		{Extender "vitality"
			{Dead}
			{Health
				{Current -110}
			}
			{Energy 0.01}
		}
		{Extender "inventory"
			{box
				{clear}
				{item "ammo mgun" 80 {cell 5 0}}
				{item "grenade type23" {cell 7 0}}
			}
		}
		{DisableObstacles}
		{Player 1}
		{MID 36}
		{Able {select 0}{talk 0}}
		{NameId 1 45}
		{FsmState "dead"}
	}
	{Human "jap.crewman" 0x8045
		{Position 4476.55 4108.76 -1.22159}
		{Orientation
			  0.985575  -0.126157   0.112812
			  0.137350   0.985698  -0.097643
			 -0.098881   0.111729   0.988807
		}
		{TexMod "burned"}
		{Extender "vitality"
			{Dead}
			{Energy 0.01}
		}
		{DisableObstacles}
		{Player 1}
		{MID 38}
		{Able {select 0}{talk 0}}
		{NameId 0 87}
		{FsmState "dead"}
	}
	{Human "jap.crewman" 0x8046
		{Position 4405.83 3972.65 3.31744}
		{Turn 27.8218}
		{TexMod "burned"}
		{Extender "vitality"
			{Dead}
			{Health
				{Current 24.964}
			}
			{Energy 0.01}
		}
		{Extender "burning"
			{State 1 0 1603968 0x0}
			{Heater 45 2 "jap.elite2"}
		}
		{DisableObstacles}
		{Player 1}
		{MID 39}
		{Able {select 0}{talk 0}}
		{NameId 88 57}
		{FsmState "dead"}
	}
	{Human "jap.crewman" 0x8047
		{Position 4361.35 4069.92 -11.8576}
		{Turn -138.715}
		{TexMod "burned"}
		{Extender "vitality"
			{Dead}
			{Health
				{Current -50}
			}
			{Energy 0.01}
		}
		{DisableObstacles}
		{Player 1}
		{MID 40}
		{Able {select 0}{talk 0}}
		{NameId 66 99}
		{FsmState "dead"}
	}
	{Human "jap.infantry_rifle" 0x9013
		{Position 4743.82 3643.73 61}
		{Turn -99.282}
		{Extender "vitality"
			{Dead}
			{Health
				{Current -1.54062}
			}
			{Energy 0.01}
		}
		{DisableObstacles}
		{Player 1}
		{MID 41}
		{Able {select 0}{talk 0}}
		{NameId 37 34}
		{FsmState "dead"}
	}
	{Human "jap.infantry_rifle" 0x9014
		{Position 4822.42 3504.88 67.2466}
		{Turn 23.4814}
		{Extender "vitality"
			{Dead}
			{Health
				{Current -3.17666}
			}
			{Energy 0.01}
		}
		{DisableObstacles}
		{Player 1}
		{MID 44}
		{Able {select 0}{talk 0}}
		{NameId 3 52}
		{FsmState "dead"}
	}
	{Entity "type97" 0x8601
		{Position 4247.14 4268.85 -35.8851}
		{Turn -109.691}
		{Extender "stuff"
			{Item "type97" filling "ammo mgun" 20}
		}
	}
	{Entity "arisaka_kn" 0x9109
		{Position 4286.69 4205.87 -31.9186}
		{Turn -112.922}
		{Extender "stuff"
			{Item "arisaka_kn" filling "ammo rifle" 5}
		}
	}
	{Entity "helmet3_jap" 0x8902
		{Position 4539.88 3970.73 22.9019}
		{Turn -174.08}
		{Extender "burning"
			{State 6.00001e-036 0 1610482 0x0}
		}
	}
	{Entity "arisaka_kn" 0x8b01
		{Position 4087.69 4427.02 -37}
		{Turn 144.602}
		{Extender "stuff"
			{Item "arisaka_kn" filling "ammo rifle" 5}
		}
	}
	{Entity "type100" 0x8802
		{Position 4028.99 4199.12 -35}
		{Turn 0.294581}
		{Extender "stuff"
			{Item "type100" filling "ammo pistol" 30}
		}
	}
	{Entity "type4_launcher" 0x8803
		{Position 3920.21 4500.11 -37}
		{Turn 133.553}
		{Extender "stuff"
			{Item "weapon type4_launcher" filling "ammo bazooka"}
		}
	}
	{Entity "molotov_coctail" 0x9402
		{Position 3933.73 4524.06 -37}
		{Turn -64.7014}
	}
	{Entity "type100" 0x9e03
		{Position 4401.76 3983.68 1.80737}
		{Turn 68.5506}
		{Extender "stuff"
			{Item "type100" filling "ammo pistol" 30}
		}
	}
	{Entity "shellhole_medium" 0x8101
		{Position 4367.11 4065.61 -10.8506}
		{Turn 174.302}
	}
	{Entity "type97" 0x8403
		{Position 4224.79 4466.55 -36}
		{Turn 55.7546}
		{Extender "stuff"
			{Item "type97" filling "ammo mgun" 20}
		}
	}
	{Entity "shellhole_medium" 0x8607
		{Position 4065.88 3847.12 -31.4125}
		{Turn 174.302}
	}
	{Entity "destroy_shellhole1" 0x9901
		{Position 4958.07 3415.77 55.7706}
	}
	{Entity "destroy_shellhole1" 0x8501
