;MDL File generated by SOEdit
;Model created by: <St.(Andrey)>
;PLY Geometry by: <St.(Andrey),A.G.(ирјр)>
;VOL Geometry by: <garry>
{Skeleton
    {bone "basis"
        {Orientation
            1.0000 0.0000 0.0000
            0.0000 -1.0000 0.0000
            0.0000 0.0000 1.0000
        }
        {bone "body"
            {parameters "ID=body;"}
            {Matrix34
                -0.0017 1.0000 -0.0044
                -0.0179 0.0044 0.9998
                0.9998 0.0018 0.0179
                -36.6190 -0.2450 18.5860
            }
            {VolumeView "body.ply"}
            {bone revolute "wheelr1"
                {Matrix34
                    0.0000 0.0140 -0.9999
                    0.0000 0.9999 0.0140
                    1.0000 0.0000 0.0000
                    27.6000 -4.4264 80.6461
                }
                {VolumeView "wheell1.ply"}
            }
            {bone revolute "wheelr7"
                {Matrix34
                    0.0000 0.0000 -1.0000
                    0.0000 1.0000 0.0000
                    1.0000 0.0000 0.0000
                    27.6000 -2.2000 -36.5000
                }
                {VolumeView "wheell7.ply"}
            }
            {bone "FXshot"
                {Matrix34
                    -0.0070 1.0000 0.0000
                    1.0000 0.0070 0.0000
                    0.0000 0.0000 -1.0000
                    -0.0254 5.7766 36.5000
                }
            }
            {bone "FXsmoke2"
                {Matrix34
                    0.0000 0.0070 -1.0000
                    -1.0000 -0.0042 0.0000
                    -0.0042 1.0000 0.0070
                    -25.2690 10.4035 -38.1272
                }
            }
            {bone "FXsmoke1"
                {Matrix34
                    0.0023 0.0483 -0.9988
                    -1.0000 -0.0017 -0.0024
                    -0.0018 0.9988 0.0483
                    23.2731 10.4977 -38.1845
                }
            }
            {bone "Visor1"
                {Matrix34
                    -0.0070 0.0006 1.0000
                    0.9997 0.0244 0.0069
                    -0.0244 0.9997 -0.0008
                    -13.6138 11.3710 66.5003
                }
            }
            {bone "seat01"
                {Matrix34
                    0.9961 -0.0862 -0.0161
                    -0.0143 0.0213 -0.9997
                    0.0865 0.9961 0.0200
                    26.1315 9.2360 0.0000
                }
            }
            {bone "seat02"
                {Matrix34
                    -0.9958 -0.0508 -0.0765
                    -0.0762 -0.0074 0.9971
                    -0.0513 0.9987 0.0035
                    -24.4380 9.5324 -2.1200
                }
            }
            {bone "seat03"
                {Matrix34
                    0.9999 -0.0067 -0.0079
                    -0.0078 0.0127 -0.9999
                    0.0068 0.9999 0.0126
                    24.8149 8.7091 -21.5463
                }
            }
            {bone "seat04"
                {Matrix34
                    -0.9999 -0.0001 0.0105
                    0.0105 -0.0099 0.9999
                    0.0000 1.0000 0.0099
                    -24.6000 10.3611 -23.8182
                }
            }
            {bone "engine"
                {Matrix34
                    0.0050 0.9999 0.0088
                    -1.0000 0.0050 -0.0007
                    -0.0007 -0.0088 1.0000
                    -6.1709 7.1883 -10.7412
                }
            }
            {bone revolute "turret"
                {parameters "ID=turret;"}
                {speed 0.0100}
                {Matrix34
                    -0.1274 -0.1260 0.9839
                    0.9919 -0.0125 0.1268
                    -0.0036 0.9920 0.1264
                    -1.3101 46.0837 26.1855
                }
                {VolumeView "turret.ply"}
                {bone revolute "gun_rot"
                    {parameters "ID=gun;"}
                    {limits -5.0000 15.0000}
                    {speed 0.0100}
                    {Matrix34
                        -1.0000 0.0091 -0.0024
                        -0.0026 -0.0174 0.9999
                        0.0090 0.9998 0.0174
                        27.9414 2.6445 -27.7409
                    }
                    {VolumeView "gun_rot.ply"}
                    {bone "gun"
                        {parameters "ID=gun;"}
                        {Matrix34
                            0.9998 -0.0073 -0.0190
                            0.0071 0.9999 -0.0077
                            0.0190 0.0075 0.9998
                            -0.0214 -0.4342 -2.3939
                        }
                        {VolumeView "gun.ply"}
                        {bone "Foresight1"
                            {Matrix34
                                -0.9996 -0.0015 -0.0279
                                -0.0279 -0.0244 0.9993
                                -0.0021 0.9997 0.0244
                                -74.1049 2.3788 2.5921
                            }
                        }
                    }
                }
                {bone "Visor2"
                    {Position 22.0000 9.4000 -17.0000}
                }
                {bone revolute "turret2"
                    {limits -10.0000 10.0000}
                    {Matrix34
                        1.0000 0.0017 0.0000
                        -0.0017 1.0000 0.0000
                        0.0000 0.0000 1.0000
                        21.1070 15.2530 -23.5000
                    }
                    {bone revolute "Gun_rot2"
                        {limits -10.0000 10.0000}
                        {Matrix34
                            0.9918 0.1273 -0.0076
                            -0.0102 0.0193 -0.9998
                            -0.1271 0.9917 0.0205
                            1.7003 -0.0148 -0.0941
                        }
                        {bone "gun2"
                            {Matrix34
                                -0.1232 0.1058 -0.9867
                                0.0027 0.9943 0.1063
                                0.9924 0.0105 -0.1228
                                1.0060 -23.5763 9.3681
                            }
                            {VolumeView "mgun.ply"}
                            {bone "Foresight2"
                                {Matrix34
                                    -0.0084 -0.0017 1.0000
                                    -0.9934 0.1147 -0.0081
                                    -0.1146 -0.9934 -0.0026
                                    11.9364 22.7381 18.7974
                                }
                            }
                        }
                    }
                }
            }
            {bone "FXfire1"
                {Matrix34
                    0.0419 0.9991 0.0000
                    -0.9991 0.0419 0.0000
                    0.0000 0.0000 1.0000
                    -1.0919 12.1564 -16.0000
                }
            }
            {bone revolute "wheell1"
                {Matrix34
                    0.0107 -0.0609 0.9981
                    0.0008 0.9981 0.0609
                    -0.9999 0.0002 0.0107
                    -26.9197 -2.4853 82.1939
                }
                {VolumeView "wheell1.ply"}
            }
            {bone revolute "wheell7"
                {Matrix34
                    -0.0262 -0.0244 0.9994
                    0.0000 0.9997 0.0244
                    -0.9997 0.0006 -0.0262
                    -26.6036 -2.4606 -38.4812
                }
                {VolumeView "wheell7.ply"}
            }
            {bone "Part1"
                {parameters "ID=shield_left;"}
                {Matrix34
                    0.9999 0.0000 0.0105
                    -0.0012 0.9938 0.1115
                    -0.0104 -0.1115 0.9937
                    -83.9782 -9.6000 -0.7824
                }
                {VolumeView "shield.ply"}
            }
            {bone "Part2"
                {parameters "ID=shield_right;"}
                {Matrix34
                    1.0000 0.0000 0.0000
                    0.0000 0.9976 0.0698
                    0.0000 -0.0698 0.9976
                    -23.2000 -13.3547 7.2699
                }
                {VolumeView "shieldr.ply"}
            }
        }
        {bone "wheelsl"
            {parameters "ID=trackleft;"}
            {Position 0.0000 8.4000 10.4000}
            {VolumeView "wheelsl.ply"}
            {bone "trackl"
                {parameters "ID=trackleft;"}
                {Matrix34
                    1.0607 0.0000 0.0232
                    0.0000 0.9042 0.0000
                    -0.0222 0.0000 1.1086
                    -14.6403 16.9150 5.3226
                }
                {VolumeView "trackl.ply"}
            }
            {bone revolute "weellL1"
                {Matrix34
                    -1.0000 0.0087 -0.0001
                    0.0000 0.0070 1.0000
                    0.0087 1.0000 -0.0070
                    9.4996 16.0972 -2.9124
                }
                {VolumeView "weellL.ply"}
            }
            {bone revolute "weellL2"
                {Matrix34
                    -1.0000 0.0070 0.0000
                    0.0000 -0.0035 1.0000
                    0.0070 1.0000 0.0035
                    26.5998 16.1605 -2.6436
                }
                {VolumeView "weellL.ply"}
            }
            {bone revolute "weellL3"
                {Matrix34
                    -1.0000 0.0035 0.0000
                    0.0000 0.0052 1.0000
                    0.0035 1.0000 -0.0052
                    -7.4014 16.0570 -2.5841
                }
                {VolumeView "weellL.ply"}
            }
            {bone revolute "weellL4"
                {Matrix34
                    1.0000 0.0000 0.0000
                    0.0000 0.0035 -1.0000
                    0.0000 1.0000 0.0035
                    -22.5000 16.1086 -2.4438
                }
                {VolumeView "weellL.ply"}
            }
            {bone revolute "weellL5"
                {Matrix34
                    -0.9981 0.0282 0.0557
                    0.0558 0.0052 0.9984
                    0.0279 0.9996 -0.0068
                    -37.5000 16.1893 -2.0848
                }
                {VolumeView "weellL.ply"}
            }
            {bone revolute "weellL6"
                {Matrix34
                    -0.9999 -0.0105 0.0000
                    0.0000 0.0000 1.0000
                    -0.0105 0.9999 0.0000
                    -54.5000 16.3000 -2.0000
                }
                {VolumeView "weellL.ply"}
            }
            {bone "FXtraceL1"
                {Matrix34
                    -0.9995 0.0314 0.0000
                    -0.0314 -0.9995 0.0000
                    0.0000 0.0000 1.0000
                    27.0000 16.8000 -6.3000
                }
            }
            {bone "FXtraceL2"
                {Matrix34
                    -0.9493 -0.0166 0.3139
                    0.0157 -0.9999 -0.0052
                    0.3140 0.0000 0.9494
                    -60.8195 15.9211 -8.2431
                }
            }
            {bone "FXtraceL3"
                {Matrix34
                    0.9684 0.0203 0.2487
                    -0.0209 0.9998 0.0000
                    -0.2486 -0.0052 0.9686
                    42.2737 17.1811 -4.9202
                }
            }
        }
        {bone "wheelsr"
            {parameters "ID=trackright;"}
            {Matrix34
                1.0000 0.0000 0.0000
                0.0000 1.0000 0.0000
                0.0000 0.0000 1.0000
                0.0000 -8.8000 10.4000
            }
            {VolumeView "wheelsr.ply"}
            {bone "trackr"
                {parameters "ID=trackright;"}
                {Matrix34
                    1.0925 0.0000 0.0232
                    0.0000 0.8427 0.0000
                    -0.0229 0.0000 1.1082
                    -15.4086 -17.7259 5.4734
                }
                {VolumeView "trackr.ply"}
            }
            {bone revolute "weellR1"
                {Matrix34
                    1.0000 0.0000 0.0000
                    0.0000 -0.0035 1.0000
                    0.0000 -1.0000 -0.0035
                    9.0000 -16.1905 -2.7565
                }
                {VolumeView "weellR.ply"}
            }
            {bone revolute "weellR2"
                {Matrix34
                    1.0000 0.0000 0.0000
                    0.0000 0.0052 1.0000
                    0.0000 -1.0000 0.0052
                    -7.6000 -16.2160 -3.0151
                }
                {VolumeView "weellR.ply"}
            }
            {bone revolute "weellR4"
                {Matrix34
                    1.0000 0.0000 0.0000
                    0.0000 0.0000 1.0000
                    0.0000 -1.0000 0.0000
                    27.0000 -15.2000 -3.0000
                }
                {VolumeView "weellR.ply"}
            }
            {bone revolute "weellR3"
                {Matrix34
                    1.0000 0.0000 0.0000
                    0.0000 0.0000 1.0000
                    0.0000 -1.0000 0.0000
                    -22.4000 -15.7000 -2.7000
                }
                {VolumeView "weellR.ply"}
            }
            {bone revolute "weellR5"
                {Matrix34
                    1.0000 0.0000 0.0000
                    0.0000 -0.0052 1.0000
                    0.0000 -1.0000 -0.0052
                    -37.6000 -16.1856 -2.7848
                }
                {VolumeView "weellR.ply"}
            }
            {bone revolute "weellR"
                {Matrix34
                    1.0000 0.0000 0.0000
                    0.0000 0.0209 0.9998
                    0.0000 -0.9998 0.0209
                    -54.5000 -15.7573 -2.5706
                }
                {VolumeView "weellR.ply"}
            }
            {bone "FXtraceR1"
                {Matrix34
                    -0.9951 -0.0954 0.0271
                    -0.0300 0.0292 -0.9991
                    0.0945 -0.9950 -0.0319
                    28.4941 -16.6052 -6.6000
                }
            }
            {bone "FXtraceR2"
                {Matrix34
                    -0.9655 -0.2605 0.0026
                    0.0001 -0.0105 -0.9999
                    0.2605 -0.9654 0.0101
                    -35.9311 -16.2999 -7.0000
                }
            }
            {bone "FXtraceR3"
                {Matrix34
                    -0.8845 -0.0106 0.4664
                    -0.4662 -0.0174 -0.8845
                    0.0175 -0.9998 0.0105
                    -60.5225 -15.5410 -7.0151
                }
            }
        }
        {bone "emit1"
            {Matrix34
                0.0000 1.0000 0.0052
                -1.0000 0.0000 0.0000
                0.0000 -0.0052 1.0000
                2.7000 -44.7047 0.8610
            }
        }
        {bone "emit2"
            {Matrix34
                0.0000 -0.9997 -0.0244
                1.0000 0.0000 0.0000
                0.0000 -0.0244 0.9997
                0.0000 44.0868 1.0772
            }
        }
        {bone "emit3"
            {Matrix34
                -0.0175 -0.9998 0.0000
                0.9983 -0.0174 0.0558
                -0.0558 0.0010 0.9984
                -39.8452 45.3875 1.2647
            }
        }
        {bone "emit4"
            {Matrix34
                -0.0175 0.9995 -0.0279
                -0.9998 -0.0174 0.0005
                0.0000 0.0279 0.9996
                -37.7760 -44.5975 1.0455
            }
        }
        {bone "emit5"
            {Matrix34
                0.0070 -1.0000 0.0000
                1.0000 0.0070 0.0000
                0.0000 0.0000 1.0000
                -57.5178 45.2998 1.4000
            }
        }
        {bone "emit6"
            {Matrix34
                0.0140 0.9999 0.0000
                -0.9999 0.0140 0.0000
                0.0000 0.0000 1.0000
                -62.6266 -44.6854 1.0000
            }
        }
    }
}
{Volume "Body2"
    {Polyhedron "Body2.vol"}
    {Bone "Body"}
    {Matrix34
        -0.0034 -0.0175 0.9643
        0.9217 -0.0003 0.0030
        0.0058 0.7785 0.0131
        0.0171 -0.6427 21.0621
    }
}
{Volume "Body1"
    {Polyhedron "Body1.vol"}
    {Bone "Body"}
    {Matrix34
        -0.0001 -0.0169 0.9033
        0.8950 0.0003 0.0001
        0.0061 0.7730 0.0153
        -0.1446 -10.9350 25.1995
    }
}
{Volume "turret"
    {Polyhedron "turret.vol"}
    {Bone "turret"}
    {Matrix34
        -1.3133 -0.0415 0.0068
        0.0193 -0.9390 -0.0097
        -0.0012 -0.0114 1.2210
        -1.7800 0.5163 -35.9247
    }
}
{Volume "gun"
    {Cylinder 1.58497 70.72570}
    {Bone "gun"}
    {Matrix34
        0.0000 0.0000 1.0000
        0.0000 1.0000 0.0000
        -1.0000 0.0000 0.0000
        -33.6464 2.4000 2.4000
    }
}
{Volume "trackright"
    {Box 123.8080 11.2095 20.6000}
    {Bone "wheelsR"}
    {Matrix34
        1.0723 0.0000 0.0000
        0.0000 0.9900 0.0069
        0.0000 -0.0088 1.2557
        -15.2835 -16.8340 2.3340
    }
}
{Volume "trackleft"
    {Box 123.7052 23.1644 10.7125}
    {Bone "WheelsL"}
    {Matrix34
        -1.0837 0.0000 0.0000
        0.0000 -0.0074 -1.0584
        0.0000 -0.8347 0.0058
        -15.1177 17.0296 2.0505
    }
}
{Volume "Part2"
    {Box 1.3750 92.6572 13.1452}
    {Bone "Part2"}
    {Matrix34
        -1.1826 0.0000 0.0000
        0.0000 -0.0209 0.8805
        0.0000 0.9200 0.0196
        54.0974 14.7206 17.7607
    }
}
{Volume "Part1"
    {Box 1.2500 101.6572 15.3327}
    {Bone "Part1"}
    {Matrix34
        -0.7125 -0.0090 -0.0009
        -0.0018 -0.0143 0.9113
        -0.0235 0.9166 -0.0049
        54.0023 15.7245 21.2529
    }
}
