;Exported by: dinsen
;Date:        Thu Feb 10 19:36:13 2011
;File:        C:\Archivos de programa\Autodesk\3dsMax8\scenes\pendientes\hecho\m4calliope.max
{Skeleton
	{animation
		{sequence "start"}
		{sequence "stop"}
		{sequence "fire2"}
		{sequence "open" {resume}}
		{sequence "hit"}
	}
	{bone "basis"
		{parameters "Wheelradius=0.4;"}
		{Orientation
			1.0000	0.0000	0.0000
			0.0000	-1.0000	0.0000
			0.0000	0.0000	1.0000
		}
		{bone "body"
			{parameters "ID=body;"}
			{Position -3.5453	-0.1014	20.6825}
			{VolumeView "body.ply"}
			{bone "engine"
				{parameters "ID=engine;"}
				{Position -42.8649	-0.3750	10.2950}
				{VolumeView "engine.ply"}
			}
			{bone revolute "wheell2"
				{parameters "ID=trackleft;"}
				{Matrix34
					-1.0000	0.0000	0.0000
					0.0000	0.0000	1.0000
					0.0000	1.0000	0.0000
					-49.2908	19.4275	-6.3722
				}
				{VolumeView "wheell2.ply"}
			}
			{bone revolute "wheell1"
				{parameters "ID=trackleft;"}
				{Matrix34
					-1.0000	0.0000	0.0000
					0.0000	0.0000	1.0000
					0.0000	1.0000	0.0000
					54.4871	21.1631	-5.3113
				}
				{VolumeView "wheell1.ply"}
			}
			{bone revolute "wheelr2"
				{parameters "ID=trackright;"}
				{Matrix34
					-1.0000	0.0000	0.0000
					0.0000	0.0000	1.0000
					0.0000	1.0000	0.0000
					-49.5200	-18.4627	-6.2986
				}
				{VolumeView "wheelr2.ply"}
			}
			{bone revolute "wheelr1"
				{parameters "ID=trackright;"}
				{Matrix34
					-1.0000	0.0000	0.0000
					0.0000	0.0000	1.0000
					0.0000	1.0000	0.0000
					54.5675	-21.3932	-5.2082
				}
				{VolumeView "wheelr1.ply"}
			}
			{bone revolute "turret"
				{parameters "ID=turret;"}
				{speed 0.0100}
				{Position 3.8000	-0.4974	15.0036}
				{VolumeView "turret.ply"}
				{bone "cover2"
					{Matrix34
						1.0000	0.0000	0.0000
						0.0000	-0.7399	0.6727
						0.0000	-0.6727	-0.7399
						-8.3439	-2.8291	15.2656
					}
					{VolumeView "cover2.ply"}
				}
				{bone "cover1"
					{Matrix34
						1.0000	0.0000	0.0000
						0.0000	-0.8754	-0.4835
						0.0000	0.4835	-0.8754
						-8.2600	-16.0052	15.3500
					}
					{VolumeView "cover1.ply"}
				}
				{bone revolute "gun_rot"
					{parameters "ID=gun2;"}
					{limits -10.0000 20.0000}
					{speed 0.0200}
					{Matrix34
						1.0000	0.0000	0.0000
						0.0000	0.0000	1.0000
						0.0000	-1.0000	0.0000
						19.2908	0.8090	7.1610
					}
					{VolumeView "gun_rot.ply"}
					{bone "gun6"
						{parameters "ID=gun2;"}
						{Position 6.7954	0.2186	0.1237}
						{VolumeView "gun6.ply"}
						{bone "foresight2"
							{Matrix34
								1.0000	0.0000	0.0000
								0.0000	0.0000	-1.0000
								0.0000	1.0000	0.0000
								31.4877	-0.1092	0.0866
							}
						}
					}
					{bone "foresight3"
						{Matrix34
							1.0000	0.0000	0.0000
							0.0000	0.0000	-1.0000
							0.0000	1.0000	0.0000
							1.3687	0.1887	7.3804
						}
					}
				}
				{bone "visor1"
					{Position 12.9111	0.5968	17.6389}
				}
				{bone revolute "gun"
					{parameters "ID=gun;"}
					{limits -8.0000 15.0000}
					{speed 0.0200}
					{Matrix34
						1.0000	0.0000	0.0000
						0.0000	0.0000	1.0000
						0.0000	-1.0000	0.0000
						-0.0385	0.3589	25.4197
					}
					{VolumeView "gun.ply"}
					{bone "gun2"
						{parameters "ID=gun;"}
						{Matrix34
							1.0000	0.0000	0.0000
							0.0000	0.0000	-1.0000
							0.0000	1.0000	0.0000
							7.1546	8.9478	-2.6416
						}
						{VolumeView "gun2.ply"}
					}
					{bone "gun5"
						{parameters "ID=gun;"}
						{Matrix34
							1.0000	0.0000	0.0000
							0.0000	0.0000	-1.0000
							0.0000	1.0000	0.0000
							7.2069	6.1994	10.5067
						}
						{VolumeView "gun5.ply"}
					}
					{bone "gun1"
						{parameters "ID=gun;"}
						{Matrix34
							1.0000	0.0000	0.0000
							0.0000	0.0000	-1.0000
							0.0000	1.0000	0.0000
							6.8111	10.4725	-17.2674
						}
						{VolumeView "gun1.ply"}
					}
					{bone "gun4"
						{parameters "ID=gun;"}
						{Matrix34
							1.0000	0.0000	0.0000
							0.0000	0.0000	-1.0000
							0.0000	1.0000	0.0000
							7.1648	6.2194	-10.1829
						}
						{VolumeView "gun4.ply"}
					}
					{bone "gun3"
						{parameters "ID=gun;"}
						{Matrix34
							1.0000	0.0000	0.0000
							0.0000	0.0000	-1.0000
							0.0000	1.0000	0.0000
							6.8638	10.5689	14.4946
						}
						{VolumeView "gun3.ply"}
					}
					{bone "foresight"
						{Matrix34
							0.9957	0.0929	0.0000
							-0.0929	0.9957	0.0000
							0.0000	0.0000	1.0000
							37.7812	10.3802	-0.2399
						}
					}
					{bone "shooter00"
						{Matrix34
							0.9957	0.0929	0.0000
							-0.0929	0.9957	0.0000
							0.0000	0.0000	1.0000
							33.4416	14.4706	20.5360
						}
					}
					{bone "shooter01"
						{Matrix34
							0.9957	0.0929	0.0000
							-0.0929	0.9957	0.0000
							0.0000	0.0000	1.0000
							33.4416	14.4706	18.1278
						}
					}
					{bone "shooter02"
						{Matrix34
							0.9957	0.0929	0.0000
							-0.0929	0.9957	0.0000
							0.0000	0.0000	1.0000
							33.4416	14.4706	15.6250
						}
					}
					{bone "shooter03"
						{Matrix34
							0.9957	0.0929	0.0000
							-0.0929	0.9957	0.0000
							0.0000	0.0000	1.0000
							33.4416	14.4706	13.2268
						}
					}
					{bone "shooter04"
						{Matrix34
							0.9957	0.0929	0.0000
							-0.0929	0.9957	0.0000
							0.0000	0.0000	1.0000
							33.4416	14.4706	10.7567
						}
					}
					{bone "shooter05"
						{Matrix34
							0.9957	0.0929	0.0000
							-0.0929	0.9957	0.0000
							0.0000	0.0000	1.0000
							33.4416	14.4706	8.2846
						}
					}
					{bone "shooter06"
						{Matrix34
							0.9957	0.0929	0.0000
							-0.0929	0.9957	0.0000
							0.0000	0.0000	1.0000
							33.4416	14.4706	5.9340
						}
					}
					{bone "shooter07"
						{Matrix34
							0.9957	0.0929	0.0000
							-0.0929	0.9957	0.0000
							0.0000	0.0000	1.0000
							33.4416	14.4706	3.5053
						}
					}
					{bone "shooter08"
						{Matrix34
							0.9957	0.0929	0.0000
							-0.0929	0.9957	0.0000
							0.0000	0.0000	1.0000
							33.4416	14.4706	1.1271
						}
					}
					{bone "shooter09"
						{Matrix34
							0.9957	0.0929	0.0000
							-0.0929	0.9957	0.0000
							0.0000	0.0000	1.0000
							33.4416	14.4706	-1.6747
						}
					}
					{bone "shooter10"
						{Matrix34
							0.9957	0.0929	0.0000
							-0.0929	0.9957	0.0000
							0.0000	0.0000	1.0000
							33.4416	14.4706	-4.1985
						}
					}
					{bone "shooter11"
						{Matrix34
							0.9957	0.0929	0.0000
							-0.0929	0.9957	0.0000
							0.0000	0.0000	1.0000
							33.4416	14.4706	-6.6132
						}
					}
					{bone "shooter12"
						{Matrix34
							0.9957	0.0929	0.0000
							-0.0929	0.9957	0.0000
							0.0000	0.0000	1.0000
							33.4416	14.4706	-8.9468
						}
					}
					{bone "shooter13"
						{Matrix34
							0.9957	0.0929	0.0000
							-0.0929	0.9957	0.0000
							0.0000	0.0000	1.0000
							33.4416	14.4706	-11.4692
						}
					}
					{bone "shooter14"
						{Matrix34
							0.9957	0.0929	0.0000
							-0.0929	0.9957	0.0000
							0.0000	0.0000	1.0000
							33.4416	14.4706	-13.7613
						}
					}
					{bone "shooter15"
						{Matrix34
							0.9957	0.0929	0.0000
							-0.0929	0.9957	0.0000
							0.0000	0.0000	1.0000
							33.4416	14.4706	-16.0379
						}
					}
					{bone "shooter16"
						{Matrix34
							0.9957	0.0929	0.0000
							-0.0929	0.9957	0.0000
							0.0000	0.0000	1.0000
							33.4416	14.4706	-18.3712
						}
					}
					{bone "shooter17"
						{Matrix34
							0.9957	0.0929	0.0000
							-0.0929	0.9957	0.0000
							0.0000	0.0000	1.0000
							33.4416	14.4706	-20.9166
						}
					}
					{bone "shooter18"
						{Matrix34
							0.9957	0.0929	0.0000
							-0.0929	0.9957	0.0000
							0.0000	0.0000	1.0000
							33.7023	11.8617	20.5360
						}
					}
					{bone "shooter19"
						{Matrix34
							0.9957	0.0929	0.0000
							-0.0929	0.9957	0.0000
							0.0000	0.0000	1.0000
							33.7023	11.8617	18.1244
						}
					}
					{bone "shooter20"
						{Matrix34
							0.9957	0.0929	0.0000
							-0.0929	0.9957	0.0000
							0.0000	0.0000	1.0000
							33.7023	11.8617	15.6369
						}
					}
					{bone "shooter21"
						{Matrix34
							0.9957	0.0929	0.0000
							-0.0929	0.9957	0.0000
							0.0000	0.0000	1.0000
							33.7023	11.8617	13.2174
						}
					}
					{bone "shooter22"
						{Matrix34
							0.9957	0.0929	0.0000
							-0.0929	0.9957	0.0000
							0.0000	0.0000	1.0000
							33.7023	11.8617	10.7713
						}
					}
					{bone "shooter23"
						{Matrix34
							0.9957	0.0929	0.0000
							-0.0929	0.9957	0.0000
							0.0000	0.0000	1.0000
							33.7023	11.8617	8.2763
						}
					}
					{bone "shooter24"
						{Matrix34
							0.9957	0.0929	0.0000
							-0.0929	0.9957	0.0000
							0.0000	0.0000	1.0000
							33.7023	11.8617	5.9209
						}
					}
					{bone "shooter25"
						{Matrix34
							0.9957	0.0929	0.0000
							-0.0929	0.9957	0.0000
							0.0000	0.0000	1.0000
							33.7023	11.8617	3.5271
						}
					}
					{bone "shooter26"
						{Matrix34
							0.9957	0.0929	0.0000
							-0.0929	0.9957	0.0000
							0.0000	0.0000	1.0000
							33.7023	11.8617	1.1457
						}
					}
					{bone "shooter27"
						{Matrix34
							0.9957	0.0929	0.0000
							-0.0929	0.9957	0.0000
							0.0000	0.0000	1.0000
							33.7023	11.8617	-1.6557
						}
					}
					{bone "shooter28"
						{Matrix34
							0.9957	0.0929	0.0000
							-0.0929	0.9957	0.0000
							0.0000	0.0000	1.0000
							33.7023	11.8617	-4.2645
						}
					}
					{bone "shooter29"
						{Matrix34
							0.9957	0.0929	0.0000
							-0.0929	0.9957	0.0000
							0.0000	0.0000	1.0000
							33.7023	11.8617	-6.6698
						}
					}
					{bone "shooter30"
						{Matrix34
							0.9957	0.0929	0.0000
							-0.0929	0.9957	0.0000
							0.0000	0.0000	1.0000
							33.7023	11.8617	-8.9861
						}
					}
					{bone "shooter31"
						{Matrix34
							0.9957	0.0929	0.0000
							-0.0929	0.9957	0.0000
							0.0000	0.0000	1.0000
							33.7023	11.8617	-11.4713
						}
					}
					{bone "shooter32"
						{Matrix34
							0.9957	0.0929	0.0000
							-0.0929	0.9957	0.0000
							0.0000	0.0000	1.0000
							33.7023	11.8617	-13.7112
						}
					}
					{bone "shooter33"
						{Matrix34
							0.9957	0.0929	0.0000
							-0.0929	0.9957	0.0000
							0.0000	0.0000	1.0000
							33.7023	11.8617	-16.0335
						}
					}
					{bone "shooter34"
						{Matrix34
							0.9957	0.0929	0.0000
							-0.0929	0.9957	0.0000
							0.0000	0.0000	1.0000
							33.7023	11.8617	-18.3633
						}
					}
					{bone "shooter35"
						{Matrix34
							0.9957	0.0929	0.0000
							-0.0929	0.9957	0.0000
							0.0000	0.0000	1.0000
							33.7023	11.8617	-20.9450
						}
					}
					{bone "shooter36"
						{Matrix34
							0.9957	0.0929	0.0000
							-0.0929	0.9957	0.0000
							0.0000	0.0000	1.0000
							34.1089	8.5301	16.4737
						}
					}
					{bone "shooter37"
						{Matrix34
							0.9957	0.0929	0.0000
							-0.0929	0.9957	0.0000
							0.0000	0.0000	1.0000
							34.1089	8.5301	13.9082
						}
					}
					{bone "shooter38"
						{Matrix34
							0.9957	0.0929	0.0000
							-0.0929	0.9957	0.0000
							0.0000	0.0000	1.0000
							34.1089	8.5301	11.1701
						}
					}
					{bone "shooter39"
						{Matrix34
							0.9957	0.0929	0.0000
							-0.0929	0.9957	0.0000
							0.0000	0.0000	1.0000
							34.1089	8.5301	8.6773
						}
					}
					{bone "shooter40"
						{Matrix34
							0.9957	0.0929	0.0000
							-0.0929	0.9957	0.0000
							0.0000	0.0000	1.0000
							34.1089	8.5301	6.1799
						}
					}
					{bone "shooter41"
						{Matrix34
							0.9957	0.0929	0.0000
							-0.0929	0.9957	0.0000
							0.0000	0.0000	1.0000
							34.1089	8.5301	3.7615
						}
					}
					{bone "shooter42"
						{Matrix34
							0.9957	0.0929	0.0000
							-0.0929	0.9957	0.0000
							0.0000	0.0000	1.0000
							34.1089	8.5301	-3.7851
						}
					}
					{bone "shooter43"
						{Matrix34
							0.9957	0.0929	0.0000
							-0.0929	0.9957	0.0000
							0.0000	0.0000	1.0000
							34.1089	8.5301	-6.3900
						}
					}
					{bone "shooter44"
						{Matrix34
							0.9957	0.0929	0.0000
							-0.0929	0.9957	0.0000
							0.0000	0.0000	1.0000
							34.1089	8.5301	-9.0031
						}
					}
					{bone "shooter45"
						{Matrix34
							0.9957	0.0929	0.0000
							-0.0929	0.9957	0.0000
							0.0000	0.0000	1.0000
							34.1089	8.5301	-11.3649
						}
					}
					{bone "shooter46"
						{Matrix34
							0.9957	0.0929	0.0000
							-0.0929	0.9957	0.0000
							0.0000	0.0000	1.0000
							34.1089	8.5301	-13.9904
						}
					}
					{bone "shooter47"
						{Matrix34
							0.9957	0.0929	0.0000
							-0.0929	0.9957	0.0000
							0.0000	0.0000	1.0000
							34.1089	8.5301	-16.4461
						}
					}
					{bone "shooter48"
						{Matrix34
							0.9957	0.0929	0.0000
							-0.0929	0.9957	0.0000
							0.0000	0.0000	1.0000
							34.4751	5.8448	16.4737
						}
					}
					{bone "shooter49"
						{Matrix34
							0.9957	0.0929	0.0000
							-0.0929	0.9957	0.0000
							0.0000	0.0000	1.0000
							34.4751	5.8448	13.8724
						}
					}
					{bone "shooter50"
						{Matrix34
							0.9957	0.0929	0.0000
							-0.0929	0.9957	0.0000
							0.0000	0.0000	1.0000
							34.4751	5.8448	11.0979
						}
					}
					{bone "shooter51"
						{Matrix34
							0.9957	0.0929	0.0000
							-0.0929	0.9957	0.0000
							0.0000	0.0000	1.0000
							34.4751	5.8448	8.6538
						}
					}
					{bone "shooter52"
						{Matrix34
							0.9957	0.0929	0.0000
							-0.0929	0.9957	0.0000
							0.0000	0.0000	1.0000
							34.4751	5.8448	6.2062
						}
					}
					{bone "shooter53"
						{Matrix34
							0.9957	0.0929	0.0000
							-0.0929	0.9957	0.0000
							0.0000	0.0000	1.0000
							34.4751	5.8448	3.7529
						}
					}
					{bone "shooter54"
						{Matrix34
							0.9957	0.0929	0.0000
							-0.0929	0.9957	0.0000
							0.0000	-0.0000	1.0000
							34.4751	5.8448	-3.7962
						}
					}
					{bone "shooter55"
						{Matrix34
							0.9957	0.0929	0.0000
							-0.0929	0.9957	0.0000
							0.0000	0.0000	1.0000
							34.4751	5.8448	-6.2666
						}
					}
					{bone "shooter56"
						{Matrix34
							0.9957	0.0929	0.0000
							-0.0929	0.9957	0.0000
							0.0000	0.0000	1.0000
							34.4751	5.8449	-9.0007
						}
					}
					{bone "shooter57"
						{Matrix34
							0.9957	0.0929	0.0000
							-0.0929	0.9957	0.0000
							0.0000	0.0000	1.0000
							34.4751	5.8449	-11.3961
						}
					}
					{bone "shooter58"
						{Matrix34
							0.9957	0.0929	0.0000
							-0.0929	0.9957	0.0000
							0.0000	0.0000	1.0000
							34.4751	5.8448	-14.0519
						}
					}
					{bone "shooter59"
						{Matrix34
							0.9957	0.0929	0.0000
							-0.0929	0.9957	0.0000
							0.0000	0.0000	1.0000
							34.4751	5.8449	-16.4525
						}
					}
				}
			}
			{bone "FXsmoke1"
				{Matrix34
					-1.0000	0.0000	0.0000
					0.0000	0.0000	1.0000
					0.0000	1.0000	0.0000
					-47.9547	0.1014	-5.1825
				}
			}
			{bone "FXfire1"
				{Matrix34
					0.0000	0.0000	1.0000
					0.0000	1.0000	0.0000
					-1.0000	0.0000	0.0000
					-38.2785	0.1014	7.8212
				}
			}
			{bone "FXfire2"
				{Matrix34
					0.0000	0.0000	1.0000
					0.0000	-1.0000	0.0000
					1.0000	0.0000	0.0000
					1.4890	0.1014	6.6584
				}
			}
			{bone "visor2"
				{Position 45.5660	0.1014	10.8194}
			}
			{bone "seat01"
				{Matrix34
					0.0000	1.0000	0.0000
					-1.0000	0.0000	0.0000
					0.0000	0.0000	1.0000
					-49.0202	24.3730	3.4163
				}
			}
			{bone "seat02"
				{Matrix34
					0.0000	1.0000	0.0000
					-1.0000	0.0000	0.0000
					0.0000	0.0000	1.0000
					-37.6007	24.3730	3.4163
				}
			}
			{bone "seat03"
				{Matrix34
					0.0000	-1.0000	0.0000
					1.0000	0.0000	0.0000
					0.0000	0.0000	1.0000
					-47.3403	-24.7888	3.4163
				}
			}
			{bone "seat04"
				{Matrix34
					-1.0000	0.0000	0.0000
					0.0000	-1.0000	0.0000
					0.0000	0.0000	1.0000
					-52.9469	-5.4240	3.4163
				}
			}
		}
		{bone "wheelsL"
			{parameters "ID=trackleft;"}
			{Position 2.3398	22.0011	6.6151}
			{VolumeView "wheelsL.ply"}
			{bone revolute "wheell5"
				{parameters "ID=trackleft;"}
				{Matrix34
					-1.0000	0.0000	0.0000
					0.0000	0.0000	1.0000
					0.0000	1.0000	0.0000
					9.1754	0.2933	-0.1975
				}
				{VolumeView "wheell5.ply"}
			}
			{bone revolute "wheell4"
				{parameters "ID=trackleft;"}
				{Matrix34
					-1.0000	0.0000	0.0000
					0.0000	0.0000	1.0000
					0.0000	1.0000	0.0000
					21.9626	0.3072	-0.1752
				}
				{VolumeView "wheell4.ply"}
			}
			{bone revolute "wheell6"
				{parameters "ID=trackleft;"}
				{Matrix34
					-1.0000	0.0000	0.0000
					0.0000	0.0000	1.0000
					0.0000	1.0000	0.0000
					-9.6828	0.2727	-0.2303
				}
				{VolumeView "wheell6.ply"}
			}
			{bone revolute "wheell3"
				{parameters "ID=trackleft;"}
				{Matrix34
					-1.0000	0.0000	0.0000
					0.0000	0.0000	1.0000
					0.0000	1.0000	0.0000
					40.3604	0.3273	-0.1431
				}
				{VolumeView "wheell3.ply"}
			}
			{bone revolute "wheell7"
				{parameters "ID=trackleft;"}
				{Matrix34
					-1.0000	0.0000	0.0000
					0.0000	0.0000	1.0000
					0.0000	1.0000	0.0000
					-21.6430	0.2597	-0.2512
				}
				{VolumeView "wheell7.ply"}
			}
			{bone revolute "wheell8"
				{parameters "ID=trackleft;"}
				{Matrix34
					-1.0000	0.0000	0.0000
					0.0000	0.0000	1.0000
					0.0000	1.0000	0.0000
					-39.8496	0.2399	-0.2830
				}
				{VolumeView "wheell8.ply"}
			}
			{bone "trackL"
				{parameters "ID=trackleft;"}
				{Position -2.4774	0.3351	8.0158}
				{VolumeView "trackL.ply"}
			}
			{bone "FxtraceL2"
				{Matrix34
					-0.9575	0.0000	0.2886
					0.2886	0.0000	0.9575
					0.0000	1.0000	0.0000
					-43.3112	0.4990	-6.6151
				}
			}
			{bone "FxtraceL1"
				{Matrix34
					-1.0000	0.0000	0.0000
					0.0000	0.0000	1.0000
					0.0000	1.0000	0.0000
					40.1602	0.4990	-6.6151
				}
			}
		}
		{bone "whellsR"
			{parameters "ID=trackright;"}
			{Position 2.3837	-21.8344	6.6981}
			{VolumeView "whellsR.ply"}
			{bone revolute "wheelr5"
				{parameters "ID=trackright;"}
				{Matrix34
					-1.0000	0.0000	0.0000
					0.0000	0.0000	1.0000
					0.0000	1.0000	0.0000
					9.1945	0.4393	-0.1978
				}
				{VolumeView "wheelr5.ply"}
			}
			{bone revolute "wheelr4"
				{parameters "ID=trackright;"}
				{Matrix34
					-1.0000	0.0000	0.0000
					0.0000	0.0000	1.0000
					0.0000	1.0000	0.0000
					22.0513	0.4533	-0.1754
				}
				{VolumeView "wheelr4.ply"}
			}
			{bone revolute "wheelr6"
				{parameters "ID=trackright;"}
				{Matrix34
					-1.0000	0.0000	0.0000
					0.0000	0.0000	1.0000
					0.0000	1.0000	0.0000
					-9.5629	0.4189	-0.2304
				}
				{VolumeView "wheelr6.ply"}
			}
			{bone revolute "wheelr3"
				{parameters "ID=trackright;"}
				{Matrix34
					-1.0000	0.0000	0.0000
					0.0000	0.0000	1.0000
					0.0000	1.0000	0.0000
					40.3570	0.4733	-0.1436
				}
				{VolumeView "wheelr3.ply"}
			}
			{bone revolute "wheelr7"
				{parameters "ID=trackright;"}
				{Matrix34
					-1.0000	0.0000	0.0000
					0.0000	0.0000	1.0000
					0.0000	1.0000	0.0000
					-21.6033	0.4058	-0.2515
				}
				{VolumeView "wheelr7.ply"}
			}
			{bone revolute "wheelr8"
				{parameters "ID=trackright;"}
				{Matrix34
					-1.0000	0.0000	0.0000
					0.0000	0.0000	1.0000
					0.0000	1.0000	0.0000
					-39.8046	0.3860	-0.2831
				}
				{VolumeView "wheelr8.ply"}
			}
			{bone "trackR"
				{parameters "ID=trackright;"}
				{Position -2.4797	-0.3842	8.0171}
				{VolumeView "trackR.ply"}
			}
			{bone "FxtraceR2"
				{Matrix34
					-0.9575	0.0000	0.2886
					0.2886	0.0000	0.9575
					0.0000	1.0000	0.0000
					-43.3551	-0.6656	-6.6981
				}
			}
			{bone "FxtraceR1"
				{Matrix34
					-1.0000	0.0000	0.0000
					0.0000	0.0000	1.0000
					0.0000	1.0000	0.0000
					40.1163	-0.6656	-6.6981
				}
			}
		}
		{bone "emit4"
			{Matrix34
				0.0000	1.0000	0.0000
				-1.0000	0.0000	0.0000
				0.0000	0.0000	1.0000
				-24.7475	-54.2945	0.0000
			}
		}
		{bone "emit2"
			{Matrix34
				0.0000	1.0000	0.0000
				-1.0000	0.0000	0.0000
				0.0000	0.0000	1.0000
				0.1948	-54.2945	0.0000
			}
		}
		{bone "emit3"
			{Matrix34
				0.0000	-1.0000	0.0000
				1.0000	0.0000	0.0000
				0.0000	0.0000	1.0000
				-24.7475	52.6397	0.0000
			}
		}
		{bone "emit1"
			{Matrix34
				0.0000	-1.0000	0.0000
				1.0000	0.0000	0.0000
				0.0000	0.0000	1.0000
				-0.0986	52.6397	0.0000
			}
		}
		{bone "emit5"
			{Matrix34
				0.0000	1.0000	0.0000
				-1.0000	0.0000	0.0000
				0.0000	0.0000	1.0000
				-49.2004	-54.2945	0.0000
			}
		}
		{bone "emit6"
			{Matrix34
				0.0000	-1.0000	0.0000
				1.0000	0.0000	0.0000
				0.0000	0.0000	1.0000
				-49.6012	52.6397	0.0000
			}
		}
	}
}
{Volume "trackRight"
	{Polyhedron "trackRight.vol"}
	{Bone "trackR"}
	{Position 0.0000	0.0000	-61.1245}
}
{Volume "trackLeft"
	{Polyhedron "trackLeft.vol"}
	{Bone "trackL"}
	{Position 0.0000	0.0000	-61.1245}
}
{Volume "inventory"
	{Polyhedron "inventory.vol"}
	{Bone "body"}
	{Matrix34
		1.0000	0.0000	0.0000
		0.0000	0.0000	1.0000
		0.0000	-1.0000	0.0000
		-16.1901	-11.8097	3.0957
	}
}
{Volume "crew"
	{Polyhedron "crew.vol"}
	{Bone "body"}
	{Matrix34
		1.0000	0.0000	0.0000
		0.0000	0.0000	1.0000
		0.0000	-1.0000	0.0000
		6.6656	-11.8097	9.0339
	}
}
{Volume "body1"
	{Polyhedron "body1.vol"}
	{Bone "body"}
	{Position 0.0000	0.0000	-60.5180}
}
{Volume "body"
	{Polyhedron "body.vol"}
	{Bone "body"}
	{Position 0.0000	0.0000	-60.5180}
}
{Volume "gun3"
	{Polyhedron "gun3.vol"}
	{Bone "gun3"}
	{Matrix34
		0.9287	0.0000	0.0782
		0.0000	1.0000	0.0000
		-0.0729	0.0000	0.8659
		1.4777	0.0000	-19.9648
	}
}
{Volume "gun4"
	{Polyhedron "gun4.vol"}
	{Bone "gun4"}
	{Matrix34
		0.9057	0.0000	0.0762
		0.0000	1.0000	0.0000
		-0.0704	0.0000	0.8355
		1.6790	0.0000	-17.9926
	}
}
{Volume "gun1"
	{Polyhedron "gun1.vol"}
	{Bone "gun1"}
	{Matrix34
		0.9103	0.0000	0.0766
		0.0000	1.0000	0.0000
		-0.0744	0.0000	0.8835
		1.4692	-1.2018	-20.1771
	}
}
{Volume "gun5"
	{Polyhedron "gun5.vol"}
	{Bone "gun5"}
	{Matrix34
		0.8872	0.0000	0.0747
		0.0000	1.0000	0.0000
		-0.0731	0.0000	0.8687
		1.7558	0.3626	-18.7571
	}
}
{Volume "gun2"
	{Polyhedron "gun2.vol"}
	{Bone "gun2"}
	{Matrix34
		0.8920	0.0000	0.0751
		0.0000	0.9801	0.0000
		-0.0740	0.0000	0.8789
		1.7771	0.0000	-21.8848
	}
}
{Volume "turret"
	{Polyhedron "turret.vol"}
	{Bone "turret"}
	{Position -2.8453	0.0000	-21.2944}
}
{Volume "gun6"
	{Polyhedron "gun6.vol"}
	{Bone "gun6"}
	{Matrix34
		1.0000	0.0000	0.0000
		0.0000	0.0000	-1.0000
		0.0000	1.0000	0.0000
		0.0000	-30.3363	-1.1193
	}
}
{Volume "engine"
	{Polyhedron "engine.vol"}
	{Bone "engine"}
	{Matrix34
		1.0000	0.0000	0.0000
		0.0000	0.0000	1.0000
		0.0000	-1.0000	0.0000
		9.3420	-11.4348	-7.1993
	}
}
