;Exported by: grechishkin
;Date:        Thu Nov 06 19:51:34 2003
;File:        D:\-Projects-\-3DWork-\Model\car-dead1\xxx1_x.max
{Skeleton
	{bone "Body"
		{Orientation
			-0.9992	-0.0000	0.0389
			-0.0072	0.9826	-0.1857
			0.0383	0.1859	0.9818
		}
		{VolumeView "Body.ply"}
		{bone "part5"
			{Matrix34
				0.9977	0.0052	0.0681
				-0.0052	1.0000	-0.0002
				-0.0681	-0.0002	0.9977
				0.7150	-2.6339	2.1938
			}
			{VolumeView "part5.ply"}
		}
		{bone "part3"
			{Matrix34
				0.3995	0.9167	-0.0000
				-0.9167	0.3995	-0.0000
				0.0000	0.0000	1.0000
				6.8944	-17.4426	22.8533
			}
			{VolumeView "part3.ply"}
		}
		{bone "part4"
			{Position 21.6231	-17.1328	21.3387}
			{VolumeView "part4.ply"}
		}
		{bone "part2"
			{Matrix34
				0.8827	-0.4700	0.0000
				0.4700	0.8827	-0.0000
				0.0000	0.0000	1.0000
				6.8950	11.9694	22.8641
			}
			{VolumeView "part2.ply"}
		}
		{bone "part1"
			{Matrix34
				-0.9831	-0.1824	-0.0125
				-0.0000	-0.0682	0.9977
				-0.1828	0.9809	0.0670
				-31.7331	11.0842	8.7536
			}
			{VolumeView "part1.ply"}
		}
	}
}
{Volume "body1"
	{Polyhedron "body1.vol"}
	{Bone "Body"}
	{Matrix34
		-0.9993	0.0022	0.0385
		-0.0085	-0.9863	-0.1647
		0.0376	-0.1649	0.9856
		13.7495	-0.0831	5.0989
	}
}
{Volume "part1"
	{Cylinder 4.64266 2.58081}
	{Bone "part1"}
	{Matrix34
		1.0000	0.0012	-0.0098
		-0.0012	1.0000	0.0064
		0.0098	-0.0064	0.9999
		-0.0117	-0.1578	1.4730
	}
}
{Volume "part2"
	{Box 15.6183 0.760964 19.7583}
	{Bone "part2"}
	{Matrix34
		0.9824	0.1865	0.0088
		-0.1866	0.9823	0.0178
		-0.0053	-0.0191	0.9998
		-7.4188	-1.9889	-2.3540
	}
}
{Volume "part4"
	{Box 15.6183 0.760964 19.7583}
	{Bone "part4"}
	{Matrix34
		0.9999	-0.0004	0.0145
		0.0013	0.9981	-0.0619
		-0.0145	0.0619	0.9980
		-7.7878	-0.2434	0.2301
	}
}
{Volume "part3"
	{Box 15.6183 1.03533 19.7264}
	{Bone "part3"}
	{Matrix34
		-0.8682	0.4926	0.0601
		-0.4882	-0.8696	0.0744
		0.0889	0.0353	0.9954
		-7.8163	2.1248	-0.8152
	}
}
{Volume "part5"
	{Box 27.9283 26.4674 15.1597}
	{Bone "part5"}
	{Matrix34
		-0.9977	0.0052	0.0681
		-0.0000	-0.9971	0.0758
		0.0683	0.0756	0.9948
		-24.5409	-0.0167	16.8808
	}
}
