;Exported by: ubrashaev
;Date:        Tue Jun 01 17:23:20 2004
;File:        D:\-Projects-\-work-\3d\sk\build-05.max
{Skeleton
	{bone "build-05_corner2"
		{Orientation
			1.0000	0.0000	0.0000
			0.0000	-1.0000	0.0000
			0.0000	0.0000	1.0000
		}
		{VolumeView "build-05_corner2.ply"}
		{bone "window1"
			{Matrix34
				-0.0000	-1.0000	0.0000
				1.0000	-0.0000	0.0000
				0.0000	0.0000	1.0000
				35.4142	53.9161	88.6187
			}
			{VolumeView "window1.ply"}
			{bone "FX_glass1"
				{Matrix34
					-0.9659	-0.0000	-0.2588
					0.0000	-1.0000	0.0000
					-0.2588	-0.0000	0.9659
					-1.6990	0.4227	0.3322
				}
			}
		}
		{bone "window2"
			{Matrix34
				-0.0000	-1.0000	0.0000
				1.0000	-0.0000	0.0000
				0.0000	0.0000	1.0000
				-23.6547	53.8358	88.6187
			}
			{VolumeView "window2.ply"}
			{bone "FX_glass2"
				{Matrix34
					-0.9659	-0.0000	-0.2588
					0.0000	-1.0000	0.0000
					-0.2588	-0.0000	0.9659
					-1.7793	0.9103	0.3322
				}
			}
		}
		{bone "window2_x"
			{Matrix34
				-0.0000	-1.0000	0.0000
				1.0000	-0.0000	0.0000
				0.0000	0.0000	1.0000
				-23.6547	52.9349	88.6187
			}
			{VolumeView "window2_x.ply"}
		}
		{bone "window1_x"
			{Matrix34
				-0.0000	-1.0000	0.0000
				1.0000	-0.0000	0.0000
				0.0000	0.0000	1.0000
				35.4142	52.9591	88.6187
			}
			{VolumeView "window1_x.ply"}
		}
		{bone "attach2"
			{Matrix34
				0.0000	1.0000	0.0000
				-1.0000	0.0000	0.0000
				0.0000	0.0000	1.0000
				-23.7744	42.4341	65.0115
			}
			{visibility 0}
		}
		{bone "attach1"
			{Matrix34
				0.0000	1.0000	0.0000
				-1.0000	0.0000	0.0000
				0.0000	0.0000	1.0000
				35.5636	42.4341	65.0115
			}
			{visibility 0}
		}
	}
}
{Obstacle "Body6"
	{Obb2
		{Center 41.1798 26.2223}
		{Extent 14.2117 3.93702}
		{Axis 1 0}
	}
	{Rotate}
}
{Obstacle "Body3"
	{Obb2
		{Center 60.1233 -9.3764}
		{Extent 4.92127 49.0058}
		{Axis 1 0}
	}
	{Rotate}
}
{Obstacle "Body1"
	{Obb2
		{Center 31.5439 -53.4381}
		{Extent 33.3997 4.92126}
		{Axis 1 0}
	}
	{Rotate}
}
{Volume "floor"
	{Box 5.69835 109.311 86.6142}
	{Bone "build-05_corner2"}
	{Matrix34
		-0.0000	-0.0000	-1.0000
		-1.0000	0.0000	-0.0000
		0.0000	1.0000	-0.0000
		0.5368	5.3086	61.9785
	}
}
{Volume "window2"
	{Box 2.04724 19.685 31.4961}
	{Bone "window2"}
	{Position 0.4378	-0.1188	0.1762}
}
{Volume "window1"
	{Box 1.99843 19.685 31.4961}
	{Bone "window1"}
	{Position 0.5015	0.0045	0.1762}
}
{Volume "Body6"
	{Box 7.87402 28.4234 63.5073}
	{Bone "build-05_corner2"}
	{Matrix34
		0.0000	1.0000	0.0000
		-1.0000	0.0000	0.0000
		0.0000	0.0000	1.0000
		41.1798	-26.2223	31.7537
	}
}
{Volume "Body5"
	{Box 9.84252 50.3035 70.8955}
	{Bone "build-05_corner2"}
	{Matrix34
		-1.0000	0.0000	-0.0000
		-0.0000	-0.8660	-0.5000
		-0.0000	-0.5000	0.8660
		60.1233	-35.9513	126.7482
	}
}
{Volume "Body4"
	{Box 9.84252 101.991 58.7143}
	{Bone "build-05_corner2"}
	{Matrix34
		-1.0000	0.0000	0.0000
		0.0000	0.8660	-0.5000
		-0.0000	-0.5000	-0.8660
		60.1233	-2.1651	120.8053
	}
}
{Volume "Body3"
	{Box 9.84252 98.0117 119.825}
	{Bone "build-05_corner2"}
	{Matrix34
		-1.0000	0.0000	0.0000
		-0.0000	-1.0000	0.0000
		0.0000	0.0000	1.0000
		60.1233	9.3764	59.9126
	}
}
{Volume "Hole1"
	{Box 15.748 19.685 31.4961}
	{Bone "build-05_corner2"}
	{Matrix34
		-0.0000	-1.0000	0.0000
		1.0000	-0.0000	0.0000
		0.0000	0.0000	1.0000
		-23.7735	53.2705	88.7950
	}
}
{Volume "Body2"
	{Box 9.84252 58.1155 61.1108}
	{Bone "build-05_corner2"}
	{Matrix34
		-0.0000	-1.0000	0.0000
		1.0000	-0.0000	0.0000
		0.0000	0.0000	1.0000
		-29.2206	53.4381	89.3405
	}
}
{Volume "Hole0"
	{Box 15.748 19.685 31.4961}
	{Bone "build-05_corner2"}
	{Matrix34
		-0.0000	-1.0000	0.0000
		1.0000	-0.0000	0.0000
		0.0000	0.0000	1.0000
		35.4187	53.2705	88.7950
	}
}
{Volume "Body1"
	{Box 9.84252 66.7995 119.825}
	{Bone "build-05_corner2"}
	{Matrix34
		-0.0000	-1.0000	0.0000
		1.0000	-0.0000	0.0000
		0.0000	0.0000	1.0000
		31.5439	53.4381	59.9126
	}
}
{Volume "Body"
	{Box 2.84449 126.358 105.686}
	{Bone "build-05_corner2"}
	{Matrix34
		-0.0000	-0.5000	-0.8660
		1.0000	-0.0000	0.0000
		-0.0000	-0.8660	0.5000
		1.2013	14.8502	144.8297
	}
}
