; made by Dinsen & Albus Jan 2009
{Skeleton
	{bone revolute "Basis"
		{limits -0.0000 0.0000}
		{speed 0.0005}
		{Orientation
			1.0000	0.0000	0.0000
			0.0000	-1.0000	0.0000
			0.0000	0.0000	1.0000
		}
		{bone "Body"
			{parameters "ID=body;"}
			{Matrix34
				0.9996	-0.0175	-0.0157
				0.0225	0.9060	0.4225
				0.0068	-0.4228	0.9061
				-59.3499	0.9704	-2.5500
			}
			{VolumeView "Body.ply"}
			{bone revolute "WheelL"
				{parameters "ID=wheelleft;"}
				{Matrix34
					-1.0000	0.0000	0.0000
					0.0000	0.0000	1.0000
					0.0000	1.0000	0.0000
					60.0628	15.5092	17.2833
				}
				{VolumeView "WheelL.ply"}
			}
			{bone	"part1"
				{Matrix34
					-1.0000	0.0000	0.0000
					0.0000	0.0000	1.0000
					0.0000	1.0000	0.0000
					60.0628	-16.1492	2.9833
				}
				{VolumeView "part1.ply"}
			}
			{bone revolute "Turret_rot"
				{limits -27.0000 27.0000}
				{speed 0.0050}
				{Matrix34
					1.0000	0.0000	0.0000
					0.0000	1.0000	0.0000
					0.0000	0.0000	1.0000
					60.0000	0.0000	13.000
				}
				{bone "turret"
					{Matrix34
						1.0000	0.0000	0.0000
						0.0000	0.0000	-1.0000
						0.0000	1.0000	0.0000
						0.0000	0.6000	10.8000
					}
					{VolumeView "turret.ply"}
					{bone revolute "gun_rot"
						{parameters "ID=gun;"}
						{limits -15.0000 10.0000}
						{speed 0.0040}
						{Matrix34
							1.0000	0.0000	0.0000
							0.0000	1.0000	0.0000
							0.0000	0.0000	1.0000
							0.0000	0.0000	-1.0000
						}
						{VolumeView "gun_rot.ply"}
						{bone "part2"
							{Matrix34
								1.0000	0.0000	0.0000
								0.0000	0.0000	1.0000
								0.0000	-1.0000	0.0000
								14.7589	-7.5605	0.7618
							}
							{VolumeView "part2.ply"}
						}
					}
				}
			}
		}
	}
}
{Volume "part2"
	{Cylinder 2.5254 35.4335}
	{Bone "part2"}
	{Matrix34
		0.0000	0.0000	1.0000
		0.0000	-1.0000	0.0000
		1.0000	0.0000	0.0000
		-14.2724	-1.1156	-4.4708
	}
}
{Volume "turret"
	{Box 1.29978 25.6915 29.5279}
	{Bone "turret"}
	{Matrix34
		0.9285	-0.3713	0.0000
		0.0000	-0.0000	1.0000
		-0.3713	-0.9285	0.0000
		1.8227	-2.3852	-0.5000
	}
}
{Volume "part1"
	{Cylinder 14.2820 3.0571}
	{Bone "part1"}
	{Matrix34
		1.0000	0.0000	0.0000
		0.0000	0.0000	-1.0000
		0.0000	1.0000	0.0000
		0.0000	0.0000	0.0000
	}
}
{Volume "wheelleft"
	{Cylinder 14.2820 3.0571}
	{Bone "WheelL"}
	{Position 0.0000	0.0000	0.0000}
}
{Volume "body"
	{Box 88.1733 25.5053 15.975}
	{Bone "Body"}
	{Matrix34
		0.9973	0.0122	0.0732
		0.0174	0.9205	-0.3903
		-0.0721	0.3905	0.9177
		20.7093	-0.1011	7.9041
	}
}
