{mission
	{Camera
		{Position -113.983 1735.11}
		{Distance 994.695}
		{ViewAngle 0.521271}
		{YawAngle -13.1229}
	}
	{Environment "day1"}
	{User 1}
	{GameProgress 0 0}
	{Entity "bmw-r12" 0x85bc
		{Position -2153.26 3060.57 19.9001}
		{Turn -54.4588}
		{Player 2}
		{MID 32}
	}
	{Entity "bmw-r12" 0x85bd
		{Position -2307.18 3369.27 51.5539}
		{Turn -57.2303}
		{Player 2}
		{MID 33}
	}
	{Entity "_infantry2_rus" 0x85c6
		{Position -2151.56 3072.18 21.2767}
		{Orientation
			  0.580275  -0.812128  -0.061087
			  0.814177   0.576630   0.067920
			 -0.019935  -0.089148   0.995820
		}
		{Extender "inventory"
			{box
				{clear}
				{item "mp41" {cell 0 0}}
				{item "ammo pistol" 50 {cell 4 0}}
				{item "grenade m39" {cell 6 0}}
			}
		}
		{DisableObstacles}
		{Player 2}
		{MID 42}
		{Able {select 0}}
		{Breed "ger.infantry_ss"}
		{FsmState "board"}
	}
	{Entity "_infantry2_rus" 0x85c7
		{Position -2161.59 3061.24 18.9317}
		{Orientation
			  0.579273  -0.798697  -0.162943
			  0.814175   0.576622   0.068019
			  0.039629  -0.172065   0.984300
		}
		{Extender "inventory"
			{box
				{clear}
				{item "mp41" {cell 0 0}}
				{item "ammo pistol" 30 {cell 4 0}}
				{item "grenade m24" {cell 6 0}}
			}
		}
		{DisableObstacles}
		{Player 2}
		{MID 43}
		{Able {select 0}}
		{Breed "ger.infantry_ss"}
		{FsmState "board"}
	}
	{Entity "_infantry2_rus" 0x85c8
		{Position -2166.52 3067.24 27.1953}
		{Orientation
			  0.567822  -0.815199   0.114003
			  0.814175   0.576622   0.068019
			 -0.121186   0.054196   0.991133
		}
		{Extender "inventory"
			{box
				{clear}
				{item "mp41" {cell 0 0}}
				{item "ammo pistol" 28 {cell 4 0}}
				{item "grenade m39" {cell 6 0}}
				{item "ammo pistol" 25 {cell 4 1}}
			}
		}
		{DisableObstacles}
		{Player 2}
		{MID 44}
		{Able {select 0}}
		{Breed "ger.infantry_ss"}
		{FsmState "board"}
	}
	{Entity "_infantry2_rus" 0x85c9
		{Position -2304.85 3380.74 53.1624}
		{Orientation
			  0.535203  -0.831425  -0.149305
			  0.841209   0.540692   0.004499
			  0.076988  -0.128005   0.988782
		}
		{Extender "inventory"
			{box
				{clear}
				{item "mp41" {cell 0 0}}
				{item "ammo pistol" 30 {cell 4 0}}
				{item "grenade m24" {cell 6 0}}
			}
		}
		{DisableObstacles}
		{Player 2}
		{MID 45}
		{Able {select 0}}
		{Breed "ger.infantry_ss"}
		{FsmState "board"}
	}
	{Entity "_infantry2_rus" 0x85ca
		{Position -2315.53 3370.31 51.4703}
		{Orientation
			  0.524493  -0.813907  -0.249975
			  0.841216   0.540679   0.004598
			  0.131414  -0.212694   0.968254
		}
		{Extender "inventory"
			{box
				{clear}
				{item "mp41" {cell 0 0}}
				{item "ammo pistol" 30 {cell 4 0}}
				{item "grenade m24" {cell 6 0}}
			}
		}
		{DisableObstacles}
		{Player 2}
		{MID 46}
		{Able {select 0}}
		{Breed "ger.infantry_ss"}
		{FsmState "board"}
	}
	{Entity "_infantry2_rus" 0x85cb
		{Position -2319.34 3376.16 60.4061}
		{Orientation
			  0.540395  -0.840993   0.025916
			  0.841216   0.540679   0.004598
			 -0.017879   0.019316   0.999637
		}
		{Extender "inventory"
			{box
				{clear}
				{item "mp41" {cell 0 0}}
				{item "ammo pistol" 30 {cell 4 0}}
				{item "ammo pistol" {cell 4 1}}
				{item "ammo pistol" {cell 6 1}}
				{item "grenade m39" {cell 6 0}}
			}
		}
		{DisableObstacles}
		{Player 2}
		{MID 47}
		{Able {select 0}}
		{Breed "ger.infantry_ss"}
		{FsmState "board"}
	}
	{Entity "_infantry2_rus" 0x85cc
		{Position 357.413 206.646 6.3265}
		{Orientation
			 -0.739529  -0.523906   0.422600
			  0.578071  -0.815986   0.000000
			  0.344836   0.244293   0.906300
		}
		{Extender "inventory"
			{box
				{clear}
				{item "mp41" {cell 0 0}}
				{item "ammo pistol" 28 {cell 4 0}}
				{item "grenade m24" {cell 6 0}}
			}
		}
		{DisableObstacles}
		{Player 2}
		{MID 48}
		{Able {select 0}}
		{Breed "ger.infantry_ss"}
		{FsmState "board"}
	}
	{Entity "_infantry2_rus" 0x85cd
		{Position 351.506 218.229 6.3265}
		{Orientation
			 -0.788161  -0.558359   0.258800
			  0.578071  -0.815986   0.000000
			  0.211177   0.149605   0.965900
		}
		{Extender "inventory"
			{box
				{clear}
				{item "mp41" {cell 0 0}}
				{item "ammo pistol" 32 {cell 4 0}}
				{item "grenade m39" {cell 6 0}}
			}
		}
		{DisableObstacles}
		{Player 2}
		{MID 49}
		{Able {select 0}}
		{Breed "ger.infantry_ss"}
		{FsmState "board"}
	}
	{Entity "_infantry2_rus" 0x85ce
		{Position 363.128 226.155 6.9704}
		{Orientation
			 -0.739529  -0.523906   0.422600
			  0.578071  -0.815986   0.000000
			  0.344836   0.244293   0.906300
		}
		{Extender "inventory"
			{box
				{clear}
				{item "mp41" {cell 0 0}}
				{item "ammo pistol" 32 {cell 4 0}}
				{item "grenade m39" {cell 6 0}}
			}
		}
		{DisableObstacles}
		{Player 2}
		{MID 50}
		{Able {select 0}}
		{Breed "ger.infantry_ss"}
		{FsmState "board"}
	}
	{Entity "_infantry2_rus" 0x85cf
		{Position 622.091 255.1 21.545}
		{Orientation
			 -0.340456   0.940158  -0.013277
			 -0.937464  -0.340501  -0.072249
			 -0.072448  -0.012151   0.997290
		}
		{Extender "inventory"
			{box
				{clear}
				{item "mp41" {cell 0 0}}
				{item "ammo pistol" 30 {cell 4 0}}
				{item "grenade m24" {cell 6 0}}
			}
		}
		{DisableObstacles}
		{Player 2}
		{MID 51}
		{Able {select 0}}
		{Breed "ger.infantry_ss"}
		{FsmState "board"}
	}
	{Entity "_infantry2_rus" 0x85d0
		{Position 607.73 249.885 20.4382}
		{Orientation
			 -0.340456   0.940158  -0.013277
			 -0.937464  -0.340501  -0.072249
			 -0.072448  -0.012151   0.997290
		}
		{Extender "inventory"
			{box
				{clear}
				{item "mp41" {cell 0 0}}
				{item "ammo pistol" 30 {cell 4 0}}
				{item "grenade m24" {cell 6 0}}
			}
		}
		{DisableObstacles}
		{Player 2}
		{MID 52}
		{Able {select 0}}
		{Breed "ger.infantry_ss"}
		{FsmState "board"}
	}
	{Entity "blitz-3.6" 0x85d1
		{Position 624.14 233.272 2.17372}
		{Turn 109.82}
		{Player 2}
		{MID 53}
	}
	{Entity "kubel" 0x85d2
		{Position 359.182 215.487 0}
		{Turn -144.685}
		{Player 2}
		{MID 54}
	}
	{Entity "_infantry2_rus" 0x85d4
		{Position 739.58 298.029 1}
		{Turn 150.403}
		{Extender "inventory"
			{box
				{clear}
				{item "ammo pistol" 17 {cell 0 0}}
				{item "mp40" filling "ammo pistol" 30 {cell 4 0}}
				{item "grenade m39" {cell 2 0}}
			}
		}
		{Player 2}
		{MID 6}
		{Breed "ger.infantry_smg"}
		{Cover
			{sector 739.58 298.029 {type "squat_lie"}
				{wall 0 0 714.313 267.719 738.556 310.399}
			}
		}
		{FsmState "squat"}
	}
	{Entity "_infantry2_rus" 0x85d6
		{Position 636.209 81.5498 2.37915}
		{Turn 94.1928}
		{Extender "inventory"
			{box
				{clear}
				{item "ammo pistol" 19 {cell 0 0}}
				{item "grenade m24" {cell 4 0}}
				{item "mp41" {cell 4 1}}
				{item "grenade m39" {cell 2 0}}
			}
		}
		{Player 2}
		{MID 10}
		{Breed "ger.infantry_smg"}
		{FsmState "stand"}
	}
	{Entity "_infantry2_rus" 0x85d7
		{Position 403.416 479.603 26.6584}
		{Turn 116.438}
		{Extender "inventory"
			{box
				{clear}
				{item "ammo pistol" 18 {cell 0 0}}
				{item "grenade m24" {cell 4 0}}
			}
		}
		{Player 2}
		{MID 16}
		{Weaponry
			{State
				{Mounted "mp40"}
				{Weapon
					{Ammo "ammo pistol" 32}
				}
			}
		}
		{Breed "ger.infantry_smg"}
		{FsmState "stand"}
	}
	{Entity "_infantry2_rus" 0x85d8
		{Position 727.05 907.787 3.51639}
		{Turn 15.3072}
		{Extender "inventory"
			{box
				{clear}
				{item "ammo pistol" 18 {cell 0 0}}
				{item "mp40" {cell 2 0}}
				{item "grenade m39" {cell 6 0}}
			}
		}
		{Player 2}
		{MID 17}
		{Breed "ger.infantry_smg"}
		{FsmState "stand"}
	}
	{Entity "_infantry2_rus" 0x85d9
		{Position 1292.76 935.826 5.72403}
		{Turn -106.234}
		{Extender "inventory"
			{box
				{clear}
				{item "ammo pistol" 17 {cell 0 0}}
				{item "mp40" {cell 0 1}}
				{item "grenade m24" {cell 4 0}}
				{item "matchbox" {cell 6 0}}
				{item "ammo pistol" {cell 2 0}}
				{item "ammo pistol" {cell 4 1}}
			}
		}
		{Player 2}
		{MID 3}
		{Breed "ger.infantry_smg"}
		{FsmState "stand"}
	}
	{Entity "bmw-r12" 0x85da
		{Position 438.908 466.787 18.1937}
		{Orientation
			 -0.915284  -0.375687   0.145305
			  0.355490  -0.923015  -0.147210
			  0.189424  -0.083085   0.978374
		}
		{Extender "inventory"
			{box
				{clear}
				{item "ammo mgun" 100 {cell 2 0}}
				{item "ammo mgun" 100 {cell 3 1}}
			}
		}
		{Player 2}
		{MID 12}
	}
	{Entity "_infantry2_rus" 0x85db
		{Position -626.316 -208.792 0}
		{Turn 57.1167}
		{Extender "inventory"
			{box
				{clear}
				{item "mp41" {cell 0 0}}
				{item "ammo pistol" 32 {cell 4 0}}
				{item "grenade m39" {cell 6 0}}
			}
		}
		{Player 2}
		{MID 25}
		{Breed "ger.infantry_ss"}
		{FsmState "stand"}
	}
	{Entity "_infantry2_rus" 0x85dc
		{Position -603.754 -223.829 0}
		{Turn 131.163}
		{Extender "inventory"
			{box
				{clear}
				{item "mp41" {cell 0 0}}
				{item "ammo pistol" 30 {cell 4 0}}
				{item "grenade m39" {cell 6 0}}
			}
		}
		{Player 2}
		{MID 26}
		{Breed "ger.infantry_ss"}
		{FsmState "stand"}
	}
	{Entity "_infantry2_rus" 0x85dd
		{Position -881.684 -407.944 0}
		{Turn 34.9804}
		{Extender "inventory"
			{box
				{clear}
				{item "ammo pistol" 17 {cell 0 0}}
				{item "grenade m24" {cell 2 0}}
				{item "mp40" filling "ammo pistol" 29 {cell 4 0}}
			}
		}
		{Player 2}
		{MID 27}
		{Breed "ger.infantry_smg"}
		{Cover
			{sector -881.684 -407.944 {type "squat_lie"}
				{wall 0 0 -900.927 -368.232 -833.53 -464.555}
			}
		}
		{FsmState "squat"}
	}
	{Entity "sdkfz-223" 0x85de
		{Position -188.014 3140.88 11.2934}
		{Turn -89.7221}
		{Player 2}
		{MID 18}
	}
	{Entity "sdkfz10-5" 0x85df
		{Position -226.831 3440.19 19.0382}
		{Turn -82.4658}
		{Player 2}
		{MID 23}
	}
	{Entity "_infantry2_rus" 0x85e0
		{Position -186.016 3149.61 30.6948}
		{Orientation
			  0.004844  -0.998592  -0.052822
			  0.994193   0.010488  -0.107099
			  0.107502  -0.051997   0.992844
		}
		{Extender "inventory"
			{box
				{clear}
				{item "mp41" {cell 0 0}}
				{item "ammo pistol" 30 {cell 4 0}}
				{item "grenade m24" {cell 6 0}}
			}
		}
		{DisableObstacles}
		{Player 2}
		{MID 28}
		{Able {select 0}}
		{Breed "ger.infantry_ss"}
		{FsmState "board"}
	}
	{Entity "_infantry2_rus" 0x85e1
		{Position -192.939 3123.13 20.2341}
		{Orientation
			  0.046354  -0.939867   0.338267
			  0.994193   0.010488  -0.107099
			  0.097111   0.341267   0.934895
		}
		{Extender "inventory"
			{box
				{clear}
				{item "mp41" {cell 0 0}}
				{item "ammo pistol" 30 {cell 4 0}}
				{item "grenade m24" {cell 6 0}}
			}
		}
		{DisableObstacles}
		{Player 2}
		{MID 29}
		{Able {select 0}}
		{Breed "ger.infantry_ss"}
		{FsmState "board"}
	}
	{Entity "_infantry2_rus" 0x85e2
		{Position -234.969 3427.6 26.1816}
		{Orientation
			  0.119892  -0.980462   0.155845
			  0.989948   0.129932   0.055865
			 -0.075023   0.147581   0.986184
		}
		{Extender "inventory"
			{box
				{clear}
				{item "ammo pistol" 15 {cell 0 0}}
				{item "mp40" {cell 0 1}}
				{item "grenade m24" {cell 4 0}}
				{item "ammo pistol" 25 {cell 2 0}}
			}
		}
		{DisableObstacles}
		{Player 2}
		{MID 59}
		{Able {select 0}}
		{Breed "ger.infantry_smg"}
		{FsmState "board"}
	}
	{Entity "_infantry2_rus" 0x85e3
		{Position -222.553 3463.17 37.9162}
		{Orientation
			  0.102912  -0.934463   0.340806
			  0.990032   0.129340   0.055755
			 -0.096189   0.331670   0.938457
		}
		{Extender "inventory"
			{box
				{clear}
				{item "ammo pistol" 17 {cell 0 0}}
				{item "mp40" {cell 0 1}}
				{item "grenade m24" {cell 4 0}}
				{item "ammo pistol" 25 {cell 2 0}}
			}
		}
		{DisableObstacles}
		{Player 2}
		{MID 60}
		{Able {select 0}}
		{Breed "ger.infantry_smg"}
		{FsmState "board"}
	}
	{Entity "_infantry2_rus" 0x85e4
		{Position -220.115 3429.59 27.0195}
		{Orientation
			  0.119892  -0.980462   0.155845
			  0.989948   0.129932   0.055865
			 -0.075023   0.147581   0.986184
		}
		{Extender "inventory"
			{box
				{clear}
				{item "ammo pistol" 15 {cell 0 0}}
				{item "mp40" {cell 0 1}}
				{item "grenade m24" {cell 4 0}}
			}
		}
		{DisableObstacles}
		{Player 2}
		{MID 61}
		{Able {select 0}}
		{Breed "ger.infantry_smg"}
		{FsmState "board"}
	}
	{Entity "_infantry2_rus" 0x85e5
		{Position -342.922 3441.28 19.8031}
		{Turn -15.9688}
		{Extender "inventory"
			{box
				{clear}
				{item "ammo pistol" 20 {cell 0 0}}
				{item "mp40" {cell 0 1}}
				{item "ammo pistol" {cell 2 0}}
				{item "ammo pistol" {cell 4 0}}
			}
			{hand_right
				{Item 0x85e6 "grenade m24"}
			}
		}
		{Player 2}
		{MID 65}
		{Breed "ger.infantry_smg"}
		{LastThrowItem "grenade m24"}
		{FsmState "stand"}
	}
	{Entity "grenade_m24" 0x85e6
		{Position -338.754 3446.67 33.4002}
		{Orientation
			  0.240956  -0.000848  -0.970536
			  0.961970  -0.132356   0.238945
			 -0.128658  -0.991202  -0.031076
		}
		{DisableObstacles}
	}
	{Entity "grenade_m24" 0x85e7
		{Position -310.384 3144.73 16.5068}
		{Turn -65.3288}
	}
	{Entity "_infantry2_rus" 0x85e8
		{Position -309.437 3145.8 16.4527}
		{Turn -19.0476}
		{Extender "inventory"
			{box
				{clear}
				{item "ammo pistol" 15 {cell 0 0}}
				{item "mp40" {cell 0 1}}
				{item "ammo pistol" {cell 2 0}}
				{item "ammo pistol" {cell 4 0}}
				{item "ammo pistol" {cell 6 0}}
				{item "ammo pistol" {cell 4 1}}
				{item "ammo pistol" {cell 6 1}}
			}
			{hand_right
				{Item 0x85e9 "grenade m24"}
			}
		}
		{Player 2}
		{MID 73}
		{Breed "ger.infantry_smg"}
		{LastThrowItem "grenade m24"}
		{FsmState "stand"}
	}
	{Entity "grenade_m24" 0x85e9
		{Position -304.985 3150.96 30.0497}
		{Orientation
			  0.240563  -0.013789  -0.970536
			  0.953473  -0.183832   0.238945
			 -0.181710  -0.982861  -0.031076
		}
		{DisableObstacles}
	}
	{Entity "_infantry2_rus" 0x85ea
		{Position -76.3947 3394.49 10.279}
		{Turn -81.4217}
		{Extender "inventory"
			{box
				{clear}
				{item "mp41" {cell 0 0}}
				{item "ammo pistol" 28 {cell 4 0}}
				{item "ammo pistol" {cell 4 1}}
				{item "grenade m39" {cell 6 0}}
				{item "ammo pistol" {cell 6 1}}
			}
		}
		{Player 2}
		{MID 75}
		{Breed "ger.infantry_ss"}
		{FsmState "stand"}
	}
	{Entity "_infantry2_rus" 0x85eb
		{Position -39.6459 3171.21 15.0354}
		{Turn -87.4771}
		{Extender "inventory"
			{box
				{clear}
				{item "mp41" {cell 0 0}}
				{item "ammo pistol" 30 {cell 4 0}}
				{item "ammo pistol" {cell 4 1}}
				{item "ammo pistol" {cell 6 1}}
				{item "grenade m39" {cell 6 0}}
			}
		}
		{Player 2}
		{MID 76}
		{Breed "ger.infantry_ss"}
		{FsmState "stand"}
	}
	{Entity "_infantry2_rus" 0x85ec
		{Position -115.731 3285.05 8}
		{Turn -84.9199}
		{Extender "inventory"
			{box
				{clear}
				{item "mp41" {cell 0 0}}
				{item "ammo pistol" 30 {cell 4 0}}
				{item "grenade m39" {cell 4 1}}
				{item "ammo pistol" {cell 6 0}}
				{item "ammo pistol" {cell 6 1}}
			}
		}
		{Player 2}
		{MID 77}
		{Breed "ger.infantry_ss"}
		{FsmState "stand"}
	}
	{Entity "_infantry2_rus" 0x85ef
		{Position -532.651 14.0145 0.140776}
		{Orientation
			  0.824133   0.562606  -0.065603
			 -0.565048   0.824638  -0.026332
			  0.039284   0.058770   0.997511
		}
		{Extender "inventory"
			{box
				{clear}
				{item "mp41" {cell 0 0}}
				{item "ammo pistol" 30 {cell 4 0}}
				{item "grenade m24" {cell 6 0}}
			}
		}
		{DisableObstacles}
		{Player 2}
		{MID 69}
		{Able {select 0}}
		{Breed "ger.infantry_ss"}
		{FsmState "board"}
	}
	{Entity "_infantry2_rus" 0x85f0
		{Position -543.613 24.2644 0.794187}
		{Orientation
			  0.823804   0.565661   0.037093
			 -0.565043   0.824638  -0.026432
			 -0.045540   0.000815   0.998963
		}
		{Extender "inventory"
			{box
				{clear}
				{item "mp41" {cell 0 0}}
				{item "ammo pistol" 30 {cell 4 0}}
				{item "grenade m24" {cell 6 0}}
			}
		}
		{DisableObstacles}
		{Player 2}
		{MID 70}
		{Able {select 0}}
		{Breed "ger.infantry_ss"}
		{FsmState "board"}
	}
	{Entity "bmw-r12" 0x85f2
		{Position -531.959 22.3493 1.02459}
		{Turn 34.4772}
		{Player 2}
		{MID 78}
	}
	{Entity "_infantry2_rus" 0x85f3
		{Position 681.576 119.147 7.0003}
		{Extender "inventory"
			{box
				{clear}
				{item "ammo pistol" 15 {cell 0 0}}
				{item "mp40" {cell 0 1}}
				{item "grenade m24" {cell 4 0}}
			}
		}
		{Player 2}
		{MID 9}
		{Breed "ger.infantry_smg"}
		{FsmState "stand"}
	}
	{Entity "_infantry2_rus" 0x85f4
		{Position 1286.8 599.696 6.64954}
		{Turn 82.1665}
		{Extender "inventory"
			{box
				{clear}
				{item "ammo pistol" 15 {cell 0 0}}
				{item "mp40" {cell 0 1}}
				{item "grenade m24" {cell 4 0}}
			}
		}
		{Player 2}
		{MID 21}
		{Breed "ger.infantry_smg"}
		{FsmState "stand"}
	}
	{Entity "sdkfz-223" 0x85f5
		{Position 587.514 428.275 0}
		{Turn 173.944}
		{Extender "inventory"
			{box
				{clear}
				{item "ammo mgun" 100 {cell 2 0}}
				{item "ammo mgun" 100 {cell 2 1}}
				{item "ammo mgun" 100 {cell 2 2}}
			}
		}
		{Player 2}
		{MID 63}
	}
	{Entity "_infantry2_rus" 0x85f7
		{Position 424.122 488.496 23.7635}
		{Turn 179.822}
		{Extender "inventory"
			{box
				{clear}
				{item "ammo pistol" 60 {cell 0 0}}
				{item "mp40" {cell 0 1}}
				{item "matchbox" {cell 6 0}}
				{item "grenade m39" {cell 2 0}}
			}
		}
		{Player 2}
		{MID 14}
		{Breed "ger.infantry_smg"}
		{FsmState "stand"}
	}
	{Entity "_infantry2_rus" 0x85fe
		{Position 126.947 -11.444 -1.69467}
		{Turn 103.848}
		{Extender "inventory"
			{box
				{clear}
				{item "mauzer" {cell 0 0}}
				{item "ammo rifle" 10 {cell 4 0}}
				{item "ammo rifle" 8 {cell 6 0}}
				{item "grenade m24" {cell 4 1}}
			}
		}
		{Player 2}
		{MID 5}
		{Breed "ger.infantry_rifle"}
		{FsmState "stand"}
	}
	{Entity "_infantry2_rus" 0x85ff
		{Position -822.957 -491.877 0}
		{Turn -145.019}
		{Extender "inventory"
			{box
				{clear}
				{item "ammo pistol" 60 {cell 0 0}}
				{item "grenade m24" {cell 2 0}}
				{item "bandage" {cell 6 0}}
			}
		}
		{Player 2}
		{MID 13}
		{Weaponry
			{State
				{Mounted "mp40"}
				{Weapon
					{Ammo "ammo pistol" 30}
				}
			}
		}
		{Breed "ger.infantry_smg"}
		{Cover
			{sector -822.957 -491.877 {type "look_left"}
				{wall 0 0 -822.381 -480.489 -798.929 -514.006}
			}
		}
		{FsmState "stand"}
	}
	{Entity "_infantry2_rus" 0x8600
		{Position -988.023 -164.252 0}
		{Turn 36.2989}
		{Extender "inventory"
			{box
				{clear}
				{item "ammo pistol" 60 {cell 0 0}}
				{item "grenade m24" {cell 2 0}}
			}
		}
		{Player 2}
		{MID 20}
		{Weaponry
			{State
				{Mounted "mp40"}
				{Weapon
					{Ammo "ammo pistol" 30}
				}
			}
		}
		{Breed "ger.infantry_smg"}
		{Cover
			{sector -988.023 -164.252 {type "look_right"}
				{wall 0 0 -958.945 -215.662 -999.732 -160.135}
			}
		}
		{FsmState "stand"}
	}
	{Entity "_infantry2_rus" 0x8601
		{Position -1003.36 -109.581 0}
		{Turn -54.0965}
		{Extender "inventory"
			{box
				{clear}
				{item "ammo pistol" 60 {cell 0 0}}
				{item "matchbox" {cell 0 1}}
				{item "grenade m39" {cell 2 0}}
			}
		}
		{Player 2}
		{MID 24}
		{Weaponry
			{State
				{Mounted "mp40"}
				{Weapon
					{Ammo "ammo pistol" 30}
				}
			}
		}
		{Breed "ger.infantry_smg"}
		{Cover
			{sector -1003.36 -109.581 {type "hide_stand"}
				{wall 0 0 -1034.28 -123.32 -999.168 -97.8999}
			}
		}
		{FsmState "stand"}
	}
	{Entity "_infantry2_rus" 0x8602
		{Position -1018.52 -23.9465 0}
		{Turn -142.258}
		{Extender "inventory"
			{box
				{clear}
				{item "ammo rifle" 10 {cell 0 0}}
				{item "ammo rifle" 8 {cell 2 0}}
				{item "grenade m24" {cell 4 0}}
				{item "matchbox" {cell 6 0}}
			}
		}
		{Player 2}
		{MID 55}
		{Weaponry
			{State
				{Mounted "mauzer"}
				{Weapon
					{Ammo "ammo rifle" 5}
				}
			}
		}
		{Breed "ger.infantry_rifle"}
		{Cover
			{sector -1018.52 -23.9465 {type "look_right"}
				{wall 0 0 -1048.88 26.7127 -1006.71 -27.7662}
			}
		}
		{FsmState "stand"}
	}
	{Entity "_infantry2_rus" 0x8603
		{Position 571.015 436.099 9.2704}
		{Orientation
			 -0.915761   0.097155   0.389700
			 -0.105500  -0.994419   0.000000
			  0.387525  -0.041113   0.920900
		}
		{Extender "vitality"
			{Health
				{Max 300}
				{Current 300}
			}
		}
		{Extender "inventory"
			{box
				{clear}
				{item "mp41" {cell 0 0}}
				{item "ammo pistol" 60 {cell 4 0}}
				{item "grenade m24x5" {cell 6 0}}
			}
		}
		{DisableObstacles}
		{Player 2}
		{MID 19}
		{Able {select 0}}
		{Breed "ger.tankman"}
		{FsmState "board"}
	}
	{Entity "_infantry2_rus" 0x8604
		{Position 597.19 427.248 19.0236}
		{Turn 173.944}
		{Extender "vitality"
			{Health
				{Max 300}
				{Current 300}
			}
		}
		{Extender "inventory"
			{box
				{clear}
				{item "mp41" {cell 0 0}}
				{item "ammo pistol" 60 {cell 4 0}}
				{item "grenade m24x5" {cell 6 0}}
			}
		}
		{DisableObstacles}
		{Player 2}
		{MID 56}
		{Able {select 0}}
		{Breed "ger.tankman"}
		{FsmState "board"}
	}
	{Entity "sdkfz232" 0x8605
		{Position 880.297 735.38 -0.987297}
		{Turn 139.223}
		{Player 2}
		{MID 57}
	}
	{Entity "_infantry2_rus" 0x8606
		{Position 880.297 735.38 -0.987297}
		{Orientation
			 -0.756795   0.652716  -0.034979
			  0.652100   0.757602   0.028379
			 -0.045023   0.001333   0.998985
		}
		{Extender "inventory"
			{box
				{clear}
				{item "mp41" {cell 0 0}}
				{item "ammo pistol" 60 {cell 4 0}}
				{item "grenade m24x5" {cell 6 0}}
			}
		}
		{Player 2}
		{MID 58}
		{Able {select 0}}
		{Breed "ger.tankman"}
		{FsmState "board"}
	}
	{Entity "_infantry2_rus" 0x8607
		{Position 880.297 735.38 -0.987297}
		{Orientation
			 -0.756795   0.652716  -0.034979
			  0.652100   0.757602   0.028379
			 -0.045023   0.001333   0.998985
		}
		{Extender "vitality"
			{Energy 97.6}
		}
		{Extender "inventory"
			{box
				{clear}
				{item "mp41" {cell 0 0}}
				{item "ammo pistol" 60 {cell 4 0}}
				{item "grenade m24x5" {cell 6 0}}
			}
		}
		{Player 2}
		{MID 64}
		{Able {select 0}}
		{Breed "ger.tankman"}
		{FsmState "board"}
	}
	{Entity "_infantry2_rus" 0x8608
		{Position 1240.82 1251.5 0}
		{Turn -170.86}
		{Extender "inventory"
			{box
				{clear}
				{item "ammo rifle" 10 {cell 0 0}}
				{item "ammo rifle" 8 {cell 2 0}}
				{item "matchbox" {cell 6 0}}
				{item "grenade m39" {cell 1 0}}
			}
		}
		{Player 2}
		{MID 22}
		{Weaponry
			{State
				{Mounted "mauzer"}
				{Weapon
					{Ammo "ammo rifle" 5}
				}
			}
		}
		{Breed "ger.infantry_rifle"}
		{FsmState "stand"}
	}
	{Entity "_infantry2_rus" 0x860a
		{Position -675.541 -277.949 0}
		{Turn 62.9989}
		{Extender "inventory"
			{box
				{clear}
				{item "ammo pistol" 60 {cell 0 0}}
				{item "grenade m24" {cell 2 0}}
			}
		}
		{Player 2}
		{MID 79}
		{Weaponry
			{State
				{Mounted "mp40"}
				{Weapon
					{Ammo "ammo pistol" 30}
				}
			}
		}
		{Breed "ger.infantry_smg"}
		{Cover
			{sector -675.541 -277.949 {type "snipe_cover"}
				{wall 0 0 -718.765 -248.067 -646.884 -284.694}
			}
		}
		{FsmState "snipe"}
	}
	{Entity "_infantry2_rus" 0x860b
		{Position 1234.44 378.101 0}
		{Turn 139.287}
		{Extender "inventory"
			{box
				{clear}
				{item "ammo rifle" 10 {cell 0 0}}
				{item "ammo rifle" 8 {cell 2 0}}
				{item "matchbox" {cell 6 0}}
				{item "grenade m39" {cell 1 0}}
			}
		}
		{Player 2}
		{MID 84}
		{Weaponry
			{State
				{Mounted "mauzer"}
				{Weapon
					{Ammo "ammo rifle" 5}
				}
			}
		}
		{Breed "ger.infantry_rifle"}
		{Cover
			{sector 1234.44 378.101 {type "squat_lie"}
				{wall 0 0 1220.83 373.014 1238.26 393.269}
			}
		}
		{FsmState "squat"}
	}
	{Entity "boxes1" 0x860c
		{Position 602.483 162.583 0.805871}
		{Extender "inventory"
			{box
				{clear}
				{item "grenade rpg40" 2 {cell 0 0}}
				{item "grenade molotov_coctail" 2 {cell 2 0}}
			}
		}
	}
	{Entity "boxes1" 0x860d
		{Position 1065.28 537.845 0}
		{Extender "inventory"
			{box
				{clear}
				{item "grenade molotov_coctail" 3 {cell 0 0}}
			}
		}
	}
	{Entity "_infantry2_rus" 0x860e
		{Position -726.396 -563.292 1}
		{Turn 128.018}
		{Extender "inventory"
			{box
				{clear}
				{item "ammo rifle" 10 {cell 0 0}}
				{item "ammo rifle" 8 {cell 2 0}}
				{item "grenade m24" {cell 4 0}}
			}
		}
		{Player 2}
		{MID 2}
		{Weaponry
			{State
				{Mounted "mauzer"}
				{Weapon
					{Ammo "ammo rifle" 5}
				}
			}
		}
		{Breed "ger.infantry_rifle"}
		{Cover
			{sector -726.396 -563.292 {type "hide_stand"}
				{wall 0 0 -714.995 -563.263 -786.876 -619.458}
			}
		}
		{FsmState "stand"}
	}
	{Entity "_infantry2_rus" 0x860f
		{Position -759.901 -519.316 0}
		{Turn -143.053}
		{Extender "inventory"
			{box
				{clear}
				{item "ammo rifle" 10 {cell 0 0}}
				{item "ammo rifle" 8 {cell 2 0}}
				{item "grenade m39" {cell 1 0}}
			}
		}
		{Player 2}
		{MID 87}
		{Weaponry
			{State
				{Mounted "mauzer"}
				{Weapon
					{Ammo "ammo rifle" 5}
				}
			}
		}
		{Breed "ger.infantry_rifle"}
		{Cover
			{sector -759.901 -519.316 {type "look_right"}
				{wall 0 0 -771.103 -492.777 -748.146 -523.301}
			}
		}
		{FsmState "stand"}
	}
	{Entity "_infantry2_rus" 0x8610
		{Position -906.633 -525.228 0}
		{Turn -145.02}
		{Extender "inventory"
			{box
				{clear}
				{item "ammo pistol" 100 {cell 0 1}}
				{item "ammo pistol" 100 {cell 0 0}}
			}
		}
		{DisableObstacles}
		{Player 2}
		{MID 88}
		{Weaponry
			{State
				{Mounted "mp40"}
				{Weapon
					{Ammo "ammo pistol" 30}
				}
			}
		}
		{Breed "ger.infantry_rifle"}
		{Cover
			{sector -906.633 -525.228 {type "squat_lie"}
				{wall 0 0 -906.636 -537.435 -918.102 -521.048}
			}
		}
		{FsmState "squat"}
	}
	{Entity "_infantry2_rus" 0x8611
		{Position -588.797 -533.952 0}
		{Turn -143.625}
		{Extender "inventory"
			{box
				{clear}
				{item "ammo mgun" 100 {cell 0 1}}
				{item "ammo mgun" 100 {cell 0 0}}
				{item "grenade m39" {cell 2 0}}
			}
		}
		{Player 2}
		{MID 89}
		{Weaponry
			{State
				{Mounted "mg34"}
				{Weapon
					{Ammo "ammo mgun" 50}
				}
			}
		}
		{Breed "ger.infantry_mgun"}
		{Cover
			{sector -588.797 -533.952 {type "look_left"}
				{wall 0 0 -588.498 -522.554 -560.735 -560.245}
			}
		}
		{FsmState "stand"}
	}
	{Entity "_infantry2_rus" 0x8612
		{Position -992.081 -57.7718 0}
		{Turn -142.646}
		{Extender "inventory"
			{box
				{clear}
				{item "ammo mgun" 100 {cell 0 1}}
				{item "ammo mgun" 100 {cell 0 0}}
				{item "grenade m24" {cell 0 2}}
				{item "matchbox" {cell 2 0}}
			}
		}
		{Player 2}
		{MID 90}
		{Weaponry
			{State
				{Mounted "mg34"}
				{Weapon
					{Ammo "ammo mgun" 50}
				}
			}
		}
		{Breed "ger.infantry_mgun"}
		{Cover
			{sector -992.081 -57.7718 {type "look_left"}
				{wall 0 0 -996.289 -40.721 -975.985 -67.3217}
			}
		}
		{FsmState "stand"}
	}
	{Entity "_infantry2_rus" 0x8613
		{Position -869 -158 0}
		{Turn 53.9634}
		{Extender "inventory"
			{box
				{clear}
				{item "ammo pistol" 60 {cell 0 0}}
				{item "grenade m24" {cell 2 0}}
			}
		}
		{Player 2}
		{MID 91}
		{Weaponry
			{State
				{Mounted "mp40"}
				{Weapon
					{Ammo "ammo pistol" 30}
				}
			}
		}
		{Breed "ger.infantry_smg"}
		{Cover
			{sector -869 -158 {type "bush_squat"}
			}
		}
		{FsmState "squat"}
	}
	{Entity "barrel1" 0x8614
		{Position 1221.81 445.827 1.81903}
		{Extender "stuff"
			{Item "barrel" filling "fuel" 50}
		}
	}
	{Entity "barrel1" 0x8615
		{Position 1207.8 460.761 3.22003}
		{Extender "stuff"
			{Item "barrel" filling "fuel" 50}
		}
	}
	{Entity "barrel1" 0x8616
		{Position 1200.82 434.757 0.994275}
		{Extender "stuff"
			{Item "barrel" filling "fuel" 50}
		}
	}
	{Entity "post_way" 0x862c
		{Position 377.972 1397.88 -2.37183}
	}
	{Entity "post_way" 0x862e
		{Position 555.205 1662.68 -3}
	}
	{Entity "post_way" 0x862f
		{Position 788.475 1665.72 -2.42804}
	}
	{Entity "sdkfz251_1" 0x85bb
		{Position -959.083 1240.64 4}
		{Turn -62.2916}
		{Player 2}
		{MID 31}
	}
	{Entity "_infantry2_rus" 0x85be
		{Position -969.436 1272.55 20.7896}
		{Orientation
			 -0.871869  -0.457904   0.173600
			  0.464972  -0.885325   0.000000
			  0.153693   0.080719   0.984800
		}
		{Extender "inventory"
			{box
				{clear}
				{item "ammo pistol" 20 {cell 0 0}}
				{item "mp40" {cell 0 1}}
				{item "grenade m24" {cell 4 0}}
			}
		}
		{DisableObstacles}
		{Player 2}
		{MID 124}
		{Breed "ger.infantry_smg"}
		{FsmState "board"}
	}
	{Entity "_infantry2_rus" 0x85bf
		{Position -974.588 1282.36 20.7896}
		{Orientation
			 -0.871869  -0.457904   0.173600
			  0.464972  -0.885325   0.000000
			  0.153693   0.080719   0.984800
		}
		{Extender "inventory"
			{box
				{clear}
				{item "ammo pistol" 21 {cell 0 0}}
				{item "mp40" {cell 0 1}}
				{item "grenade m24" {cell 4 0}}
				{item "ammo pistol" {cell 2 0}}
			}
		}
		{DisableObstacles}
		{Player 2}
		{MID 125}
		{Breed "ger.infantry_smg"}
		{FsmState "board"}
	}
	{Entity "_infantry2_rus" 0x85c0
		{Position -967.451 1246.47 18.957}
		{Orientation
			  0.871311   0.458967   0.173600
			 -0.466034   0.884768   0.000000
			 -0.153600  -0.080896   0.984800
		}
		{Extender "inventory"
			{box
				{clear}
				{item "ammo pistol" 20 {cell 0 0}}
				{item "mp40" {cell 0 1}}
				{item "grenade m24" {cell 4 0}}
			}
		}
		{DisableObstacles}
		{Player 2}
		{MID 126}
		{Breed "ger.infantry_smg"}
		{FsmState "board"}
	}
	{Entity "_infantry2_rus" 0x85c1
		{Position -982.847 1275.69 18.957}
		{Orientation
			  0.871311   0.458967   0.173600
			 -0.466034   0.884768   0.000000
			 -0.153600  -0.080896   0.984800
		}
		{Extender "inventory"
			{box
				{clear}
				{item "ammo pistol" 20 {cell 0 0}}
				{item "mp40" {cell 0 1}}
				{item "grenade m24" {cell 4 0}}
			}
		}
		{DisableObstacles}
		{Player 2}
		{MID 127}
		{Breed "ger.infantry_smg"}
		{FsmState "board"}
	}
	{Entity "_infantry2_rus" 0x8635
		{Position -978.104 1266.69 18.957}
		{Orientation
			  0.871311   0.458967   0.173600
			 -0.466034   0.884768   0.000000
			 -0.153600  -0.080896   0.984800
		}
		{Extender "inventory"
			{box
				{clear}
				{item "ammo pistol" 57 {cell 4 0}}
				{item "grenade m24" {cell 6 0}}
				{item "ammo pistol" {cell 5 1}}
				{item "mp41" {cell 0 0}}
			}
		}
		{DisableObstacles}
		{Player 2}
		{MID 128}
		{Breed "ger.infantry_ss"}
		{FsmState "board"}
	}
	{Entity "_infantry2_rus" 0x8636
		{Position -972.701 1256.43 18.957}
		{Orientation
			  0.871311   0.458967   0.173600
			 -0.466034   0.884768   0.000000
			 -0.153600  -0.080896   0.984800
		}
		{Extender "inventory"
			{box
				{clear}
				{item "ammo pistol" 61 {cell 4 0}}
				{item "grenade m24" {cell 6 0}}
				{item "mp41" {cell 0 0}}
				{item "ammo pistol" {cell 4 1}}
				{item "ammo pistol" {cell 6 1}}
			}
		}
		{DisableObstacles}
		{Player 2}
		{MID 129}
		{Breed "ger.infantry_ss"}
		{FsmState "board"}
	}
	{Entity "_infantry2_rus" 0x8637
		{Position -957.458 1227.93 14.5485}
		{Orientation
			  0.435307  -0.828842   0.351600
			  0.885325   0.464972   0.000000
			 -0.163484   0.311280   0.936200
		}
		{Extender "inventory"
			{box
				{clear}
				{item "weapon bazooka" {cell 0 0}}
				{item "ammo bazooka" {cell 5 0}}
				{item "ammo bazooka" {cell 5 1}}
				{item "ammo bazooka" {cell 0 2}}
				{item "ammo bazooka" {cell 2 2}}
				{item "ammo bazooka" {cell 4 2}}
				{item "ammo pistol" 30 {cell 6 2}}
				{item "valter" {cell 0 3}}
			}
		}
		{DisableObstacles}
		{Player 2}
		{MID 130}
		{Breed "ger.bazoker"}
		{FsmState "board"}
	}
	{Entity "_infantry2_rus" 0x8638
		{Position -960.151 1244.34 20.6882}
		{Turn -61.3863}
		{Extender "inventory"
			{box
				{clear}
				{item "weapon bazooka" {cell 0 0}}
				{item "ammo bazooka" {cell 5 0}}
				{item "ammo bazooka" {cell 5 1}}
				{item "ammo bazooka" {cell 0 2}}
				{item "ammo bazooka" {cell 2 2}}
				{item "ammo bazooka" {cell 4 2}}
				{item "ammo pistol" 30 {cell 6 2}}
				{item "valter" {cell 0 3}}
			}
		}
		{DisableObstacles}
		{Player 2}
		{MID 131}
		{Breed "ger.bazoker"}
		{FsmState "board"}
	}
	{Entity "pz-5" 0x85ba
		{Position -990.985 1111.33 5}
		{Turn -62.4113}
		{TexMod "ambush3"}
		{Player 2}
		{MID 30}
	}
	{Entity "_infantry2_rus" 0x85c2
		{Position -990.985 1111.33 5}
		{Orientation
			  0.463121  -0.886295  -0.000000
			 -0.886295  -0.463121  -0.000000
			 -0.000000  -0.000000   1.000000
		}
		{Extender "inventory"
			{box
				{clear}
				{item "mp41" {cell 0 0}}
				{item "ammo pistol" 60 {cell 4 0}}
			}
		}
		{Player 2}
		{MID 132}
		{Breed "ger.tankman"}
		{FsmState "board"}
	}
	{Entity "_infantry2_rus" 0x85c3
		{Position -990.985 1111.33 5}
		{Orientation
			  0.463121  -0.886295  -0.000000
			 -0.886295  -0.463121  -0.000000
			 -0.000000  -0.000000   1.000000
		}
		{Extender "inventory"
			{box
				{clear}
				{item "mp41" {cell 0 0}}
				{item "ammo pistol" 60 {cell 4 0}}
			}
		}
		{Player 2}
		{MID 133}
		{Breed "ger.tankman"}
		{FsmState "board"}
	}
	{Entity "_infantry2_rus" 0x85c4
		{Position -990.985 1111.33 5}
		{Orientation
			  0.463121  -0.886295  -0.000000
			 -0.886295  -0.463121  -0.000000
			 -0.000000  -0.000000   1.000000
		}
		{Extender "vitality"
			{Energy 98.8}
		}
		{Extender "inventory"
			{box
				{clear}
				{item "mp41" {cell 0 0}}
				{item "ammo pistol" 60 {cell 4 0}}
			}
		}
		{Player 2}
		{MID 134}
		{Breed "ger.tankman"}
		{FsmState "board"}
	}
	{Entity "_infantry2_rus" 0x85c5
		{Position -990.985 1111.33 5}
		{Orientation
			  0.463121  -0.886295  -0.000000
			 -0.886295  -0.463121  -0.000000
			 -0.000000  -0.000000   1.000000
		}
		{Extender "inventory"
			{box
				{clear}
				{item "mp41" {cell 0 0}}
				{item "ammo pistol" 60 {cell 4 0}}
			}
		}
		{Player 2}
		{MID 135}
		{Breed "ger.tankman"}
		{FsmState "board"}
	}
	{Entity "_infantry2_rus" 0x8639
		{Position -1045.51 1152.88 33.0871}
		{Orientation
			 -0.872823  -0.456082   0.173600
			  0.463121  -0.886295  -0.000000
			  0.153861   0.080398   0.984800
		}
		{Extender "inventory"
			{box
				{clear}
				{item "ammo pistol" 21 {cell 0 0}}
				{item "mp40" {cell 0 1}}
				{item "grenade m24" {cell 4 0}}
			}
		}
		{DisableObstacles}
		{Player 2}
		{MID 136}
		{Breed "ger.infantry_smg"}
		{FsmState "board"}
	}
	{Entity "_infantry2_rus" 0x863b
		{Position -992.625 1180.51 34.3575}
		{Orientation
			  0.872823   0.456082   0.173600
			 -0.463121   0.886295   0.000000
			 -0.153861  -0.080398   0.984800
		}
		{Extender "inventory"
			{box
				{clear}
				{item "mauzer" {cell 0 0}}
				{item "ammo rifle" 6 {cell 4 0}}
				{item "ammo rifle" {cell 5 0}}
			}
		}
		{DisableObstacles}
		{Player 2}
		{MID 138}
		{Breed "ger.infantry_rifle"}
		{FsmState "board"}
	}
	{Entity "_infantry2_rus" 0x863c
		{Position -985.472 1166.82 34.3575}
		{Orientation
			  0.872823   0.456082   0.173600
			 -0.463121   0.886295   0.000000
			 -0.153861  -0.080398   0.984800
		}
		{Extender "inventory"
			{box
				{clear}
				{item "weapon bazooka" {cell 0 0}}
				{item "ammo bazooka" {cell 5 0}}
				{item "ammo bazooka" {cell 5 1}}
				{item "ammo bazooka" {cell 0 2}}
				{item "ammo bazooka" {cell 2 2}}
				{item "ammo bazooka" {cell 4 2}}
				{item "ammo pistol" 30 {cell 6 2}}
				{item "valter" {cell 0 3}}
			}
		}
		{DisableObstacles}
		{Player 2}
		{MID 139}
		{Breed "ger.bazoker"}
		{FsmState "board"}
	}
	{Entity "_infantry2_rus" 0x863a
		{Position -1038.35 1139.19 33.0871}
		{Orientation
			 -0.872823  -0.456082   0.173600
			  0.463121  -0.886295  -0.000000
			  0.153861   0.080398   0.984800
		}
		{Extender "inventory"
			{box
				{clear}
				{item "ammo pistol" 60 {cell 4 0}}
				{item "grenade m39" {cell 6 0}}
				{item "mp41" {cell 0 0}}
			}
		}
		{DisableObstacles}
		{Player 2}
		{MID 137}
		{Breed "ger.infantry_ss"}
		{FsmState "board"}
	}
	{Entity "chicken" 0x8000
		{Position -760.719 -195.818 0}
		{Turn 176.415}
		{Player 0}
		{MID 7}
	}
	{Entity "chicken" 0x8001
		{Position -628.192 -321.309 0}
		{Turn 32.1073}
		{Player 0}
		{MID 11}
	}
	{Entity "chicken" 0x8002
		{Position -443.752 -300.293 0}
		{Turn -0.819074}
		{Player 0}
		{MID 15}
	}
	{Entity "chicken" 0x8003
		{Position -336.91 -289.277 0}
		{Turn -166.461}
		{Player 0}
		{MID 34}
	}
	{Entity "pz-3g" 0x8005
		{Position -220.892 3674.42 42.4888}
		{Turn -85.1242}
		{Player 2}
		{MID 36}
		{Weaponry
			{Number 1}
			{State "gun"
				{Weapon
					{Ammo "bullet50 ap" 1}
				}
			}
			{State "mgun"
				{Weapon
					{Ammo "ammo mgun" 50}
				}
			}
		}
	}
	{Entity "_infantry2_rus" 0x8006
		{Position -220.892 3674.42 42.4888}
		{Orientation
			  0.084902  -0.995288  -0.046823
			 -0.989070  -0.078500  -0.124816
			 -0.120552  -0.056908   0.991075
		}
		{Extender "inventory"
			{box
				{clear}
				{item "mp41" {cell 0 0}}
				{item "ammo pistol" 60 {cell 4 0}}
			}
		}
		{Player 2}
		{MID 37}
		{Breed "ger.tankman"}
		{FsmState "board"}
	}
	{Entity "_infantry2_rus" 0x8007
		{Position -220.892 3674.42 42.4888}
		{Orientation
			  0.084902  -0.995288  -0.046823
			 -0.989070  -0.078500  -0.124816
			 -0.120552  -0.056908   0.991075
		}
		{Extender "inventory"
			{box
				{clear}
				{item "mp41" {cell 0 0}}
				{item "ammo pistol" 60 {cell 4 0}}
			}
		}
		{Player 2}
		{MID 38}
		{Breed "ger.tankman"}
		{FsmState "board"}
	}
	{Entity "_infantry2_rus" 0x8008
		{Position -220.892 3674.42 42.4888}
		{Orientation
			  0.084902  -0.995288  -0.046823
			 -0.989070  -0.078500  -0.124816
			 -0.120552  -0.056908   0.991075
		}
		{Extender "inventory"
			{box
				{clear}
				{item "mp41" {cell 0 0}}
				{item "ammo pistol" 60 {cell 4 0}}
			}
		}
		{Player 2}
		{MID 39}
		{Breed "ger.tankman"}
		{FsmState "board"}
	}
	{Entity "_infantry2_rus" 0x8009
		{Position -220.892 3674.42 42.4888}
		{Orientation
			  0.084902  -0.995288  -0.046823
			 -0.989070  -0.078500  -0.124816
			 -0.120552  -0.056908   0.991075
		}
		{Extender "inventory"
			{box
				{clear}
				{item "mp41" {cell 0 0}}
				{item "ammo pistol" 60 {cell 4 0}}
			}
		}
		{Player 2}
		{MID 40}
		{Breed "ger.tankman"}
		{FsmState "board"}
	}
	{Entity "sdkfz-223" 0x800a
		{Position -894.327 109.066 0}
		{Turn -42.1349}
		{Player 2}
		{MID 41}
		{Weaponry
			{State
				{Weapon
					{Ammo "ammo mgun" 50}
				}
			}
		}
	}
	{Entity "_infantry2_rus" 0x800b
		{Position -901.542 115.594 19.0236}
		{Turn -42.1349}
		{Extender "vitality"
			{Health
				{Max 250}
				{Current 250}
			}
		}
		{Extender "inventory"
			{box
				{clear}
				{item "mp41" {cell 0 0}}
				{item "ammo pistol" 60 {cell 4 0}}
			}
		}
		{DisableObstacles}
		{Player 2}
		{MID 66}
		{Breed "ger.tankman"}
		{FsmState "board"}
	}
	{Entity "_infantry2_rus" 0x800c
		{Position -885.601 93.0261 9.2704}
		{Orientation
			  0.682909  -0.617812   0.389700
			  0.670879   0.741567   0.000000
			 -0.288989   0.261441   0.920900
		}
		{Extender "vitality"
			{Health
				{Max 250}
				{Current 250}
			}
		}
		{Extender "inventory"
			{box
				{clear}
				{item "mp41" {cell 0 0}}
				{item "ammo pistol" 60 {cell 4 0}}
			}
		}
		{DisableObstacles}
		{Player 2}
		{MID 67}
		{Breed "ger.tankman"}
		{FsmState "board"}
	}
	{Entity "_infantry2_rus" 0x800e
		{Position -344.624 1893.77 13.6651}
		{Turn -73.5861}
		{Extender "vitality"
			{Health
				{Max 250}
				{Current 250}
			}
		}
		{Extender "inventory"
			{box
				{clear}
				{item "ammo rifle" 10 {cell 4 0}}
				{item "ammo rifle" 10 {cell 5 0}}
				{item "bandage" 5 {cell 0 2}}
				{item "enfield" {cell 0 0}}
				{item "grenade m61" {cell 6 0}}
				{item "grenade mk1" {cell 7 0}}
			}
		}
		{Player 1}
		{MID 1}
		{Breed "hero.hinds"}
		{FsmState "stand"}
	}
	{Entity "_infantry2_rus" 0x8010
		{Position -261.664 1919.86 9.16643}
		{Turn -35.4927}
		{Extender "vitality"
			{Health
				{Max 250}
				{Current 250}
			}
		}
		{Extender "inventory"
			{box
				{clear}
				{item "bandage" 5 {cell 4 1}}
				{item "grenade m61" {cell 6 0}}
				{item "grenade mk1" {cell 7 0}}
				{item "grenade m61" {cell 6 1}}
				{item "ammo pistol" 100 {cell 0 0}}
				{item "ammo pistol" 50 {cell 2 0}}
			}
		}
		{Player 1}
		{MID 68}
		{Weaponry
			{State
				{Mounted "sten"}
			}
		}
		{Breed "hero.mainsfield"}
		{FsmState "stand"}
	}
	{Entity "_infantry2_rus" 0x800f
		{Position -305.395 1905.11 12.5396}
		{Turn -52.6592}
		{Extender "vitality"
			{Health
				{Max 250}
				{Current 250}
			}
		}
		{Extender "inventory"
			{box
				{clear}
				{item "bandage" 5 {cell 6 0}}
				{item "ammo mgun" 40 {cell 0 2}}
				{item "ammo mgun" 100 {cell 2 2}}
				{item "grenade m61" {cell 4 0}}
				{item "grenade m61" {cell 5 0}}
			}
		}
		{Player 1}
		{MID 4}
		{Weaponry
			{State
				{Mounted "bren"}
				{Weapon
					{Ammo "ammo mgun" 26}
				}
			}
		}
		{Breed "hero.douglas"}
		{FsmState "stand"}
	}
	{Entity "_infantry2_rus" 0x8012
		{Position 382.944 1099.14 0.705627}
		{Turn 102.833}
		{Extender "inventory"
