;Exported by: Albus
;Date:        Sat Apr 14 20:42:40 2012
;File:        C:\Archivos de programa\3dsMax8\scenes\grua03.max
{Skeleton
	{bone "basis"
		{Orientation
			1.0000	0.0000	0.0000
			0.0000	-1.0000	0.0000
			0.0000	0.0000	1.0000
		}
		{bone "body"
			{Position 7.0106	9.3985	86.1673}
			{VolumeView "body.ply"}
			{bone "body2"
				{Position -6.7947	-8.5916	96.0663}
				{VolumeView "body2.ply"}
			}
		}
	}
}
{Obstacle "base4"
	{Obb2
		{Center -59.7052 58.1251}
		{Extent 28.6109 11.8758}
		{Axis 1 0}
	}
	{Rotate}
}
{Obstacle "base3"
	{Obb2
		{Center 56.5351 57.348}
		{Extent 28.6109 11.8758}
		{Axis 1 0}
	}
	{Rotate}
}
{Obstacle "base2"
	{Obb2
		{Center 56.5351 -62.4317}
		{Extent 28.6109 11.8758}
		{Axis 1 0}
	}
	{Rotate}
}
{Obstacle "base1"
	{Obb2
		{Center -59.3287 -62.4317}
		{Extent 28.6109 11.8758}
		{Axis 1 0}
	}
	{Rotate}
}
{Volume "pata4"
	{Box 18.1945 129.446 13.296}
	{Bone "body"}
	{Matrix34
		-1.0000	0.0000	0.0000
		0.0000	0.0000	1.0000
		0.0000	1.0000	0.0000
		50.1186	-66.8627	7.3513
	}
}
{Volume "pata3"
	{Box 18.1945 129.446 13.296}
	{Bone "body"}
	{Matrix34
		-1.0000	0.0000	0.0000
		0.0000	0.0000	1.0000
		0.0000	1.0000	0.0000
		-67.5129	-66.8627	7.3540
	}
}
{Volume "pata2"
	{Box 18.1945 129.446 13.296}
	{Bone "body"}
	{Matrix34
		-1.0000	0.0000	0.0000
		0.0000	0.0000	1.0000
		0.0000	1.0000	0.0000
		-67.5129	53.0666	7.3540
	}
}
{Volume "pata1"
	{Box 18.1945 129.446 13.296}
	{Bone "body"}
	{Matrix34
		-1.0000	0.0000	0.0000
		0.0000	0.0000	1.0000
		0.0000	1.0000	0.0000
		49.4564	53.0666	7.3513
	}
}
{Volume "base4"
	{Box 57.2218 28.2023 23.7517}
	{Bone "body"}
	{Matrix34
		1.0000	0.0000	0.0000
		0.0000	0.0000	1.0000
		0.0000	-1.0000	0.0000
		-66.7158	-67.5236	-71.6942
	}
}
{Volume "base3"
	{Box 57.2218 28.2023 23.7517}
	{Bone "body"}
	{Matrix34
		1.0000	0.0000	0.0000
		0.0000	0.0000	1.0000
		0.0000	-1.0000	0.0000
		49.5245	-66.7465	-71.6949
	}
}
{Volume "base2"
	{Box 57.2218 28.2023 23.7517}
	{Bone "body"}
	{Matrix34
		1.0000	0.0000	0.0000
		0.0000	0.0000	1.0000
		0.0000	-1.0000	0.0000
		49.5245	53.0332	-71.6949
	}
}
{Volume "base1"
	{Box 57.2218 28.2023 23.7517}
	{Bone "body"}
	{Matrix34
		1.0000	0.0000	0.0000
		0.0000	0.0000	1.0000
		0.0000	-1.0000	0.0000
		-66.3393	53.0333	-71.6949
	}
}
{Volume "body1"
	{Box 132.933 25.1797 131.894}
	{Bone "body"}
	{Matrix34
		1.0000	0.0000	0.0000
		0.0000	0.0000	1.0000
		0.0000	-1.0000	0.0000
		-7.9444	-8.4342	83.5579
	}
}
{Volume "body4"
	{Polyhedron "body4.vol"}
	{Bone "body2"}
	{Matrix34
		0.8283	0.5603	0.0000
		-0.5603	0.8283	0.0000
		0.0000	0.0000	1.0000
		-278.0507	-189.6171	69.0777
	}
}
{Volume "body3"
	{Polyhedron "body3.vol"}
	{Bone "body2"}
	{Matrix34
		0.8283	0.5603	0.0000
		-0.5603	0.8283	0.0000
		0.0000	0.0000	1.0000
		15.6233	11.0476	52.8824
	}
}
{Volume "body2"
	{Box 62.3388 64.3807 67.9112}
	{Bone "body2"}
	{Matrix34
		0.8283	0.5603	0.0000
		0.0000	0.0000	1.0000
		0.5603	-0.8283	0.0000
		111.7494	67.9456	-112.0373
	}
}
