;Exported by: ubrashaev
;Date:        Mon May 17 11:36:49 2004
;File:        D:\-Projects-\-work-\3d\sk\build-05.max
{Skeleton
	{bone "build-05_corner"
		{Orientation
			1.0000	0.0000	0.0000
			0.0000	-1.0000	0.0000
			0.0000	0.0000	1.0000
		}
		{VolumeView "build-05_corner.ply"}
		{bone "window1"
			{Matrix34
				-0.0000	-1.0000	0.0000
				1.0000	-0.0000	0.0000
				0.0000	0.0000	1.0000
				31.4496	51.9966	88.6187
			}
			{VolumeView "window1.ply"}
			{bone "FX_glass1"
				{Matrix34
					-0.9848	-0.0000	-0.1736
					0.0000	-1.0000	0.0000
					-0.1736	-0.0000	0.9848
					-2.1329	-0.8362	2.4237
				}
			}
		}
		{bone "window2"
			{Matrix34
				-0.0000	-1.0000	0.0000
				1.0000	-0.0000	0.0000
				0.0000	0.0000	1.0000
				-27.5952	51.4695	88.4759
			}
			{VolumeView "window2.ply"}
			{bone "FX_glass2"
				{Matrix34
					-0.9848	-0.0000	-0.1736
					0.0000	-1.0000	0.0000
					-0.1736	-0.0000	0.9848
					-2.1176	-1.0663	-1.2872
				}
			}
		}
		{bone "window3"
			{Matrix34
				-0.0000	-1.0000	0.0000
				1.0000	-0.0000	0.0000
				0.0000	0.0000	1.0000
				-27.5344	51.4695	31.4650
			}
			{VolumeView "window3.ply"}
			{bone "FX_glass3"
				{Matrix34
					-0.9848	-0.0000	-0.1736
					0.0000	-1.0000	0.0000
					-0.1736	-0.0000	0.9848
					-2.1176	-1.1271	-0.1344
				}
			}
		}
		{bone "window1_x"
			{Matrix34
				-0.0000	-1.0000	0.0000
				1.0000	-0.0000	0.0000
				0.0000	0.0000	1.0000
				31.4496	51.0303	88.6187
			}
			{VolumeView "window1_x.ply"}
		}
		{bone "window2_x"
			{Matrix34
				-0.0000	-1.0000	0.0000
				1.0000	-0.0000	0.0000
				0.0000	0.0000	1.0000
				-27.5952	50.6485	88.4759
			}
			{VolumeView "window2_x.ply"}
		}
		{bone "window3_x"
			{Matrix34
				-0.0000	-1.0000	0.0000
				1.0000	-0.0000	0.0000
				0.0000	0.0000	1.0000
				-27.5344	50.5001	31.4650
			}
			{VolumeView "window3_x.ply"}
		}
		{bone "attach1"
			{Matrix34
				0.0000	1.0000	0.0000
				-1.0000	0.0000	0.0000
				0.0000	0.0000	1.0000
				-27.8393	40.4614	65.0115
			}
			{visibility 0}
		}
		{bone "attach2"
			{Matrix34
				0.0000	1.0000	0.0000
				-1.0000	0.0000	0.0000
				0.0000	0.0000	1.0000
				-27.8393	40.4614	0.0032
			}
			{visibility 0}
		}
	}
}
{Obstacle "Body3"
	{Obb2
		{Center -23.7894 -51.4654}
		{Extent 33.3997 4.92126}
		{Axis 1 0}
	}
	{Rotate}
}
{Obstacle "Body"
	{Obb2
		{Center -52.1642 -3.3657}
		{Extent 4.92126 52.8091}
		{Axis 1 0}
	}
	{Rotate}
}
{Volume "floor"
	{Box 5.69835 107.435 102.205}
	{Bone "build-05_corner"}
	{Matrix34
		-0.0000	-0.0000	-1.0000
		-1.0000	0.0000	-0.0000
		0.0000	1.0000	-0.0000
		5.6576	-4.9459	61.9785
	}
}
{Volume "window3"
	{Box 2.20472 19.685 31.4961}
	{Bone "window3"}
	{Position 0.0028	-0.0525	-0.0789}
}
{Volume "window2"
	{Box 2.36221 19.685 31.4961}
	{Bone "window2"}
	{Position -0.0628	0.0084	0.1779}
}
{Volume "window1"
	{Box 2.33701 19.685 31.4961}
	{Bone "window1"}
	{Position -0.0890	-0.0860	0.1991}
}
{Volume "Hole2"
	{Box 15.748 19.685 31.4961}
	{Bone "build-05_corner"}
	{Matrix34
		-0.0000	-1.0000	0.0000
		1.0000	-0.0000	0.0000
		0.0000	0.0000	1.0000
		-27.5869	51.2977	31.3862
	}
}
{Volume "Hole1"
	{Box 15.748 19.685 31.4961}
	{Bone "build-05_corner"}
	{Matrix34
		-0.0000	-1.0000	0.0000
		1.0000	-0.0000	0.0000
		0.0000	0.0000	1.0000
		-27.5869	51.2977	88.6538
	}
}
{Volume "Hole0"
	{Box 15.748 19.685 31.4961}
	{Bone "build-05_corner"}
	{Matrix34
		-0.0000	-1.0000	0.0000
		1.0000	-0.0000	0.0000
		0.0000	0.0000	1.0000
		31.3636	51.2977	88.8178
	}
}
{Volume "Body5"
	{Box 2.84449 107.083 105.686}
	{Bone "build-05_corner"}
	{Matrix34
		-0.0000	-0.5000	-0.8660
		1.0000	-0.0000	0.0000
		-0.0000	-0.8660	0.5000
		-2.6488	12.8774	144.8297
	}
}
{Volume "Body4"
	{Box 9.84252 43.4197 58.7143}
	{Bone "build-05_corner"}
	{Matrix34
		-0.0000	-1.0000	0.0000
		1.0000	-0.0000	0.0000
		0.0000	0.0000	1.0000
		30.8339	51.4654	90.4077
	}
}
{Volume "Body3"
	{Box 9.84252 66.7995 119.825}
	{Bone "build-05_corner"}
	{Matrix34
		-0.0000	-1.0000	0.0000
		1.0000	-0.0000	0.0000
		0.0000	0.0000	1.0000
		-23.7894	51.4654	59.9126
	}
}
{Volume "Body2"
	{Box 9.84252 74.7088 20.8438}
	{Bone "build-05_corner"}
	{Matrix34
		1.0000	0.0000	0.0000
		0.0000	0.0000	1.0000
		0.0000	-1.0000	0.0000
		-52.1642	-45.5403	69.1802
	}
}
{Volume "Body1"
	{Box 9.84252 74.7088 43.4246}
	{Bone "build-05_corner"}
	{Matrix34
		1.0000	0.0000	0.0000
		0.0000	-0.8660	0.5000
		0.0000	-0.5000	-0.8660
		-52.1642	13.6636	118.7347
	}
}
{Volume "Body"
	{Box 9.84252 105.618 119.825}
	{Bone "build-05_corner"}
	{Position -52.1642	3.3657	59.9126}
}
