;Exported by: garry
;Date:        Tue Jun 01 17:20:02 2004
;File:        \\gamer2\d$\-Projects-\-3DWork-\Танки\chaffee\M24Chaffee_XX.max
{Skeleton
	{bone "Basis"
		{Orientation
			1.0000	0.0000	0.0000
			0.0000	-1.0000	0.0000
			0.0000	0.0000	1.0000
		}
		{bone "Body"
			{parameters "ID=body;"}
			{Matrix34
				0.9969	-0.0030	-0.0789
				-0.0000	0.9993	-0.0383
				0.0790	0.0382	0.9961
				3.0677	0.2916	6.7409
			}
			{VolumeView "Body.ply"}
			{bone revolute "Turret"
				{parameters "ID=turret;"}
				{Matrix34
					0.9989	0.0014	0.0473
					-0.0021	0.9999	0.0155
					-0.0473	-0.0156	0.9988
					2.5251	0.1356	19.0788
				}
				{VolumeView "Turret.ply"}
				{bone revolute "Gun_rot"
					{parameters "ID=gun;"}
					{Matrix34
						0.9534	0.0008	-0.3018
						0.3018	0.0022	0.9534
						0.0014	-1.0000	0.0019
						17.9411	0.6680	6.8657
					}
					{VolumeView "Gun_rot.ply"}
					{bone "Gun"
						{parameters "ID=gun;"}
						{Matrix34
							0.0000	1.0000	-0.0000
							-0.0000	0.0000	1.0000
							1.0000	-0.0000	0.0000
							7.4497	-0.0929	0.3321
						}
						{VolumeView "Gun.ply"}
					}
				}
			}
			{bone "FXfire1"
				{Matrix34
					0.0000	-0.0000	1.0000
					-0.0000	1.0000	-0.0000
					-1.0000	-0.0000	0.0000
					-42.9892	-0.5340	13.5415
				}
			}
			{bone "part1"
				{Matrix34
					0.9969	0.0000	0.0790
					-0.0789	-0.0383	0.9961
					0.0030	-0.9993	-0.0382
					-0.7337	23.7511	3.7468
				}
				{VolumeView "part1.ply"}
			}
			{bone "part2"
				{Matrix34
					0.9969	0.0000	0.0790
					-0.0703	-0.4570	0.8867
					0.0361	-0.8894	-0.4556
					-0.4223	-23.8980	-0.1837
				}
				{VolumeView "part2.ply"}
			}
			{bone "part3"
				{Matrix34
					0.9969	0.0000	0.0790
					-0.0731	-0.3778	0.9230
					0.0298	-0.9259	-0.3766
					-0.4244	-23.1891	-0.1566
				}
				{VolumeView "part3.ply"}
			}
			{bone "part4"
				{Matrix34
					0.9969	-0.0000	0.0790
					-0.0789	-0.0383	0.9961
					0.0030	-0.9993	-0.0382
					39.7685	23.1784	6.6357
				}
				{VolumeView "part4.ply"}
			}
			{bone "engine"
				{Matrix34
					0.0000	-0.0000	1.0000
					-0.0000	1.0000	-0.0000
					-1.0000	-0.0000	0.0000
					-30.4113	-0.7579	5.6095
				}
			}
		}
		{bone "WheelL"
			{parameters "ID=trackleft;"}
			{Matrix34
				1.0000	0.0000	0.0000
				0.0000	-0.0000	1.0000
				0.0000	-1.0000	-0.0000
				2.6323	24.1706	7.5071
			}
			{VolumeView "WheelL.ply"}
		}
		{bone "WheelsR"
			{parameters "ID=trackright;"}
			{Matrix34
				1.0000	0.0000	0.0000
				0.0000	-0.0000	1.0000
				0.0000	-1.0000	-0.0000
				2.6323	-23.5946	7.5071
			}
			{VolumeView "WheelsR.ply"}
		}
	}
}
{Volume "trackright"
	{Box 71.5293 8.24176 19.4262}
	{Bone "WheelsR"}
	{Matrix34
		-1.0000	0.0000	-0.0000
		0.0000	0.0000	1.0000
		0.0000	1.0000	-0.0000
		-0.8959	2.2963	-2.4177
	}
}
{Volume "trackleft"
	{Box 71.5293 8.24176 14.8652}
	{Bone "WheelL"}
	{Matrix34
		-1.0000	0.0000	0.0000
		0.0000	0.0000	1.0000
		0.0000	1.0000	-0.0000
		-0.8958	0.1378	-1.6632
	}
}
{Volume "part4"
	{Cylinder 6.10935 1.94994}
	{Bone "part4"}
	{Matrix34
		1.3500	0.0000	0.0000
		-0.0000	1.3498	0.0235
		0.0000	-0.0235	1.3498
		0.3499	0.0735	-0.0655
	}
}
{Volume "part3"
	{Cylinder 6.10935 1.94994}
	{Bone "part3"}
	{Matrix34
		1.0000	0.0000	-0.0000
		-0.0000	0.9838	-0.1793
		-0.0000	0.1793	0.9838
		13.6415	-0.3426	0.1235
	}
}
{Volume "part2"
	{Cylinder 6.10935 1.94994}
	{Bone "part2"}
	{Position -28.0213	-0.1116	0.0352}
}
{Volume "part1"
	{Cylinder 6.10935 1.94994}
	{Bone "part1"}
	{Matrix34
		1.0000	0.0000	0.0000
		-0.0000	0.9829	0.1840
		0.0000	-0.1840	0.9829
		-14.0513	-0.4625	-0.1286
	}
}
{Volume "Body"
	{Polyhedron "Body.vol"}
	{Bone "Body"}
	{Position -1.0528	0.0247	-2.7299}
}
{Volume "Turret"
	{Polyhedron "Turret.vol"}
	{Bone "Turret"}
	{Position -3.0340	0.4305	-0.2674}
}
{Volume "gun"
	{Cylinder 1.42379 38.8364}
	{Bone "Gun_rot"}
	{Matrix34
		0.0000	-0.0000	1.0000
		0.0018	1.0000	0.0000
		-1.0000	0.0018	0.0000
		21.7246	-0.0844	0.2132
	}
}
