;Exported by: garry
;Date:        Sat Jun 05 11:46:37 2004
;File:        D:\-Projects-\-3DWork-\Model\Авто-мото\Opel\Blitz-Fuel\_Blitz-Fuel_xx.max
{Skeleton
	{bone "Basis"
		{parameters "SteerMax=30;WheelRadius=0.2;"}
		{Orientation
			1.0000	0.0000	0.0000
			0.0000	-1.0000	0.0000
			0.0000	0.0000	1.0000
		}
		{bone "body"
			{parameters "ID=body;"}
			{Position -1.9803	-0.1993	8.3797}
			{VolumeView "body.ply"}
			{bone "engine"
				{parameters "CommonMesh;ID=engine;"}
				{Matrix34
					0.9998	-0.0001	0.0196
					0.0001	1.0000	-0.0000
					-0.0196	0.0000	0.9998
					21.3848	-0.0040	-0.3208
				}
				{VolumeView "engine.ply"}
			}
			{bone "cabin"
				{parameters "ID=cabin;"}
				{Matrix34
					1.0000	-0.0001	-0.0066
					0.0001	1.0000	-0.0000
					0.0066	0.0000	1.0000
					20.1699	-0.0012	0.0141
				}
				{VolumeView "cabin.ply"}
			}
			{bone "part1"
				{Position -38.4271	17.2283	-0.4385}
				{VolumeView "part1.ply"}
			}
			{bone "part2"
				{Position 38.3471	-0.4886	4.9304}
				{VolumeView "part2.ply"}
			}
			{bone "bodyback"
				{parameters "ID=bodyback;"}
				{Matrix34
					-0.0000	1.0000	-0.0000
					0.0000	-0.0000	1.0000
					1.0000	0.0000	-0.0000
					8.7334	-0.5747	15.7676
				}
				{VolumeView "bodyback.ply"}
			}
			{bone "part3"
				{Position -27.2669	-15.7751	13.3947}
				{VolumeView "part3.ply"}
			}
			{bone "part4"
				{Position -56.2155	-0.5747	6.7207}
				{VolumeView "part4.ply"}
			}
		}
		{bone "pivot_front"
			{Position 41.5227	-0.7740	2.6592}
			{VolumeView "pivot_front.ply"}
			{bone revolute "steer_L"
				{Matrix34
					-0.9998	-0.0000	0.0175
					0.0000	1.0000	-0.0000
					-0.0175	0.0000	-0.9998
					0.0985	14.8029	-1.9376
				}
				{bone revolute "wheelL1"
					{parameters "ID=wheelleft1;"}
					{Matrix34
						-1.0000	0.0000	-0.0000
						0.0000	0.0000	1.0000
						0.0000	1.0000	0.0000
						0.0540	0.7637	-1.1278
					}
					{VolumeView "wheelL1.ply"}
				}
			}
			{bone revolute "steer_R"
				{Matrix34
					-1.0000	0.0000	0.0000
					0.0000	1.0000	-0.0000
					-0.0000	0.0000	-1.0000
					0.1120	-14.9170	-1.9466
				}
				{bone revolute "wheelR1"
					{parameters "ID=wheelright1;"}
					{Matrix34
						-1.0000	0.0000	-0.0000
						0.0000	0.0000	1.0000
						0.0000	1.0000	0.0000
						0.0000	-4.4849	-1.1283
					}
					{VolumeView "wheelR1.ply"}
				}
			}
		}
		{bone "pivot_back"
			{parameters "ID=body;"}
			{Matrix34
				0.9956	0.0000	-0.0937
				-0.0000	1.0000	-0.0000
				0.0937	0.0000	0.9956
				-40.8830	-0.7740	0.8204
			}
			{VolumeView "pivot_back.ply"}
			{bone revolute "spring_R"
				{Matrix34
					0.9998	0.0000	0.0175
					0.0000	1.0000	-0.0000
					-0.0175	-0.0000	0.9998
					-0.7338	-10.6728	-1.6240
				}
			}
			{bone revolute "spring_L"
				{Matrix34
					0.9998	0.0000	0.0175
					0.0000	1.0000	-0.0000
					-0.0175	-0.0000	0.9998
					-0.7272	12.0909	-1.3720
				}
			}
			{bone revolute "wheelR2"
				{parameters "ID=wheelright2;"}
				{Matrix34
					-1.0000	0.0000	-0.0000
					0.0000	0.0000	1.0000
					0.0000	1.0000	-0.0000
					0.1473	-16.4738	-0.0741
				}
				{VolumeView "wheelR2.ply"}
			}
			{bone revolute "wheelL2"
				{parameters "ID=wheelleft2;"}
				{Matrix34
					-1.0000	0.0000	-0.0000
					0.0000	-0.0000	1.0000
					0.0000	1.0000	-0.0000
					0.1473	16.0241	-0.0741
				}
				{VolumeView "wheelL2.ply"}
			}
		}
	}
}
{Volume "wheelleft2"
	{Cylinder 5.6388 4.47277}
	{Bone "wheelL2"}
	{Matrix34
		-0.9894	0.0171	0.1439
		-0.0159	0.9742	-0.2250
		-0.1440	-0.2250	-0.9637
		-0.5715	-1.0586	0.2635
	}
}
{Volume "wheelright2"
	{Cylinder 5.53784 4.83059}
	{Bone "wheelR2"}
	{Matrix34
		-0.9998	0.0168	-0.0048
		0.0175	0.9610	-0.2758
		-0.0000	-0.2759	-0.9612
		0.8277	-0.5655	2.2680
	}
}
{Volume "wheelright1"
	{Cylinder 5.1975 3.26856}
	{Bone "wheelR1"}
	{Matrix34
		-0.6987	-0.6986	-0.1540
		0.7149	-0.6745	-0.1840
		0.0246	-0.2387	0.9708
		-0.0762	-0.2193	2.4214
	}
}
{Volume "wheelleft1"
	{Cylinder 5.28406 3.49738}
	{Bone "wheelL1"}
	{Matrix34
		0.7612	0.6235	-0.1786
		0.6486	-0.7320	0.2087
		-0.0006	-0.2747	-0.9615
		-0.0253	-0.8370	1.1411
	}
}
{Volume "part4"
	{Box 20.285 46.3403 19.2126}
	{Bone "part4"}
	{Matrix34
		0.9848	-0.0000	-0.1736
		-0.0000	1.0000	-0.0000
		0.1736	-0.0000	0.9848
		0.2532	-0.0602	-0.3131
	}
}
{Volume "part3"
	{Polyhedron "part3.vol"}
	{Bone "part3"}
	{Matrix34
		-0.0000	-1.0000	-0.0000
		0.0872	-0.0000	0.9962
		-0.9962	0.0000	0.0872
		14.8818	0.0065	-0.6979
	}
}
{Volume "bodyback"
	{Polyhedron "bodyback.vol"}
	{Bone "bodyback"}
	{Matrix34
		-0.0000	-0.1272	0.9919
		1.0000	-0.0000	0.0000
		0.0000	0.9919	0.1272
		0.3696	-12.8030	-36.8752
	}
}
{Volume "body"
	{Box 125.863 20.469 8.62423}
	{Bone "body"}
	{Position -2.1071	-0.6497	-1.3157}
}
{Volume "part2"
	{Polyhedron "part2.vol"}
	{Bone "part2"}
	{Position -0.0000	0.0000	0.0000}
}
{Volume "part1"
	{Polyhedron "part1.vol"}
	{Bone "part1"}
	{Position -0.0000	0.0000	-4.7602}
}
{Volume "cabine"
	{Box 17.4296 34.4692 19.1484}
	{Bone "cabin"}
	{Matrix34
		0.9998	0.0001	-0.0196
		-0.0001	1.0000	0.0000
		0.0196	-0.0000	0.9998
		-1.3522	-0.5738	6.9079
	}
}
{Volume "engine"
	{Box 31.904 20.5527 20.9088}
	{Bone "engine"}
	{Matrix34
		0.9984	-0.0000	-0.0567
		0.0000	1.0000	-0.0000
		0.0567	-0.0000	0.9984
		32.4133	-0.5743	1.3639
	}
}
