;Exported by: sk
;Date:        Fri Sep 05 11:30:22 2003

{Skeleton
	{bone "stuff2"
		{Orientation
			1.0000	0.0000	0.0000
			0.0000	-1.0000	0.0000
			0.0000	0.0000	1.0000
		}
		{VolumeView "stuff2.ply"}
	}
}
{Volume "body3"
	{Box 12.5824 22.1516 11.0321}
	{Bone "stuff2"}
		{Matrix34
			0.5000	-0.8660	0.0000
			0.8660	0.5000	0.0000
			0.0000	0.0000	1.0000
			6.6195	-28.0141	5.5161
		}
}
{Volume "body2"
	{Box 17.8956 42.4848 14.2866}
	{Bone "stuff2"}
		{Matrix34
			0.9848	0.1736	0.0000
			-0.1736	0.9848	0.0000
			0.0000	0.0000	1.0000
			9.4764	1.6753	7.1433
		}
}
{Volume "body1"
	{Box 15.4273 26.6034 9.92126}
	{Bone "stuff2"}
		{Matrix34
			0.9063	0.4226	0.0000
			-0.4226	0.9063	0.0000
			0.0000	0.0000	1.0000
			-19.0803	-38.9056	4.9606
		}
}
{Volume "body"
	{Box 23.7343 32.8437 20.9449}
	{Bone "stuff2"}
		{Position -13.0799	-9.1140	10.4724}
}
