;Exported by: sk
;Date:        Mon Sep 27 10:53:14 2004
;File:        D:\-Projects-\-3DWork-\Constructions\ÆÄ\Elevator\elevator_x(new).max
{Skeleton
	{bone "Basis"
		{Orientation
			1.0000	0.0000	0.0000
			0.0000	-1.0000	0.0000
			0.0000	0.0000	1.0000
		}
		{bone "elevator2"
			{Position -1.4831	2.4625	17.7677}
			{VolumeView "elevator2.ply"}
		}
		{bone "Piece0"
			{Matrix34
				-0.0000	-1.0000	-0.0000
				-0.0000	-0.0000	1.0000
				-1.0000	0.0000	-0.0000
				-1.4831	74.3113	101.0081
			}
			{VolumeView "Piece0.ply"}
		}
		{bone "Piece1"
			{Matrix34
				1.0000	0.0000	0.0000
				0.0000	-0.0000	1.0000
				0.0000	-1.0000	-0.0000
				8.1119	73.2436	116.4477
			}
			{VolumeView "Piece1.ply"}
		}
		{bone "Piece3"
			{Matrix34
				-0.0000	-1.0000	-0.0000
				-0.0000	-0.0000	1.0000
				-1.0000	0.0000	-0.0000
				-22.5484	73.5546	117.1332
			}
			{VolumeView "Piece3.ply"}
		}
		{bone "Piece4"
			{Matrix34
				1.0000	0.0000	0.0000
				0.0000	-0.0000	1.0000
				0.0000	-1.0000	-0.0000
				-19.5490	29.7326	107.4220
			}
			{VolumeView "Piece4.ply"}
		}
		{bone "Piece5"
			{Position -1.4831	4.3607	75.0287}
			{VolumeView "Piece5.ply"}
		}
		{bone "Piece6"
			{Matrix34
				1.0000	0.0000	0.0000
				0.0000	-0.0000	1.0000
				0.0000	-1.0000	-0.0000
				19.5761	39.8152	107.8360
			}
			{VolumeView "Piece6.ply"}
		}
		{bone "Piece7"
			{Matrix34
				1.0000	0.0000	0.0000
				0.0000	-0.0000	1.0000
				0.0000	-1.0000	-0.0000
				-22.7782	-1.6928	102.1761
			}
			{VolumeView "Piece7.ply"}
		}
		{bone "Piece8"
			{Matrix34
				1.0000	0.0000	0.0000
				0.0000	-0.0000	1.0000
				0.0000	-1.0000	-0.0000
				8.1542	19.0524	99.5167
			}
			{VolumeView "Piece8.ply"}
		}
		{bone "Piece9"
			{Matrix34
				1.0000	0.0000	0.0000
				0.0000	-0.0000	1.0000
				0.0000	-1.0000	-0.0000
				7.1884	33.2527	100.7806
			}
			{VolumeView "Piece9.ply"}
		}
		{bone "Piece10"
			{Position -3.7552	74.5905	64.9589}
			{VolumeView "Piece10.ply"}
		}
		{bone "Sub_piece0"
			{Matrix34
				1.0000	0.0000	0.0000
				0.0000	-0.0000	1.0000
				0.0000	-1.0000	-0.0000
				-12.9797	66.7930	107.8429
			}
			{VolumeView "Sub_piece0.ply"}
		}
		{bone "Sub_piece1"
			{Matrix34
				0.0000	0.7071	0.7071
				-1.0000	0.0000	-0.0000
				-0.0000	-0.7071	0.7071
				-0.1711	-31.7083	72.9444
			}
			{VolumeView "Sub_piece1.ply"}
		}
		{bone "Sub_piece2"
			{Matrix34
				1.0000	0.0000	0.0000
				0.0000	-0.0000	1.0000
				0.0000	-1.0000	-0.0000
				-3.5688	65.7697	116.2999
			}
			{VolumeView "Sub_piece2.ply"}
		}
		{bone "Sub_piece3"
			{Matrix34
				1.0000	0.0000	0.0000
				0.0000	-0.0000	1.0000
				0.0000	-1.0000	-0.0000
				-3.5688	-2.3703	106.7125
			}
			{VolumeView "Sub_piece3.ply"}
		}
		{bone "Sub_piece4"
			{Matrix34
				-1.0000	-0.0000	0.0000
				0.0000	-1.0000	0.0000
				0.0000	0.0000	1.0000
				7.9574	-15.1579	97.3177
			}
			{VolumeView "Sub_piece4.ply"}
		}
		{bone "Sub_piece5"
			{Matrix34
				-1.0000	-0.0000	0.0000
				0.0000	-1.0000	0.0000
				0.0000	0.0000	1.0000
				-3.5688	29.5699	108.4099
			}
			{VolumeView "Sub_piece5.ply"}
		}
		{bone "Sub_piece6"
			{Matrix34
				1.0000	0.0000	0.0000
				0.0000	-0.0000	1.0000
				0.0000	-1.0000	-0.0000
				-12.9797	-6.7407	91.7481
			}
			{VolumeView "Sub_piece6.ply"}
		}
		{bone "Sub_piece7"
			{Matrix34
				1.0000	0.0000	0.0000
				0.0000	-0.0000	1.0000
				0.0000	-1.0000	-0.0000
				-12.9797	10.0951	95.4261
			}
			{VolumeView "Sub_piece7.ply"}
		}
		{bone "Sub_piece8"
			{Matrix34
				1.0000	0.0000	0.0000
				0.0000	-0.0000	1.0000
				0.0000	-1.0000	-0.0000
				19.4369	-3.1935	106.5582
			}
			{VolumeView "Sub_piece8.ply"}
		}
	}
}
{Obstacle "Piece10"
	{Obb2
		{Center -0.276155 -74.5905}
		{Extent 5.47644 2.46063}
		{Axis 1 0}
	}
	{Rotate}
}
{Obstacle "Piece9a"
	{Obb2
		{Center 8.34475 -46.0146}
		{Extent 9.83307 13.9285}
		{Axis 1 0}
	}
	{Rotate}
}
{Obstacle "Piece9"
	{Obb2
		{Center -3.21895 -33.6505}
		{Extent 1.37663 30.8449}
		{Axis 1 0}
	}
	{Rotate}
}
{Obstacle "Piece8"
	{Obb2
		{Center 8.15417 -19.0524}
		{Extent 10.6025 13.8628}
		{Axis 1 0}
	}
	{Rotate}
}
{Obstacle "Piece1"
	{Obb2
		{Center 8.11188 -72.8247}
		{Extent 10.4814 15.7011}
		{Axis 1 0}
	}
	{Rotate}
}
{Obstacle "Support2"
	{Obb2
		{Center -0.0716887 -74.7893}
		{Extent 10.4253 9.40076}
		{Axis 1 0}
	}
	{Rotate}
}
{Obstacle "Support"
	{Obb2
		{Center -0.0716848 15.0107}
		{Extent 10.4253 9.40076}
		{Axis 1 0}
	}
	{Rotate}
}
{Volume "Sub_piece8"
	{Box 1.7252 6.40879 23.992}
	{Bone "Sub_piece8"}
	{Position 0.0000	-0.0000	-0.0000}
}
{Volume "Sub_piece7"
	{Box 17.0652 0.738938 20.4126}
	{Bone "Sub_piece7"}
	{Matrix34
		1.0000	0.0000	0.0000
		0.0000	0.9761	0.2174
		0.0000	-0.2174	0.9761
		0.0000	0.0942	-0.1327
	}
}
{Volume "Sub_piece6"
	{Box 17.0652 4.26372 16.9102}
	{Bone "Sub_piece6"}
	{Position 0.0000	-0.0000	-0.0000}
}
{Volume "Sub_piece5"
	{Box 1.7252 35.0665 4.32027}
	{Bone "Sub_piece5"}
	{Matrix34
		1.0000	-0.0000	0.0000
		-0.0000	0.9752	-0.2213
		0.0000	0.2213	0.9752
		0.0000	-0.1336	4.0634
	}
}
{Volume "Sub_piece4"
	{Box 24.0665 1.25188 13.9165}
	{Bone "Sub_piece4"}
	{Position 0.0000	0.0000	-0.0000}
}
{Volume "Sub_piece3"
	{Box 1.7252 1.41065 25.6371}
	{Bone "Sub_piece3"}
	{Matrix34
		1.0000	0.0000	0.0000
		0.0000	0.9767	0.2145
		0.0000	-0.2145	0.9767
		0.0000	-0.0000	-0.0000
	}
}
{Volume "Sub_piece2"
	{Box 1.7252 8.1928 42.8454}
	{Bone "Sub_piece2"}
	{Matrix34
		1.0000	0.0000	0.0000
		0.0000	0.9787	0.2054
		0.0000	-0.2054	0.9787
		0.0000	2.4432	-1.0249
	}
}
{Volume "Sub_piece1"
	{Box 2.91287 1.71173 43.319}
	{Bone "Sub_piece1"}
	{Position 0.0000	-0.0000	-0.0000}
}
{Volume "Sub_piece0"
	{Box 17.0652 0.834183 39.7828}
	{Bone "Sub_piece0"}
	{Matrix34
		1.0000	0.0000	0.0000
		0.0000	0.9794	0.2018
		0.0000	-0.2018	0.9794
		0.0000	0.0000	0.0000
	}
}
{Volume "Piece10"
	{Box 10.9529 4.92126 71.4409}
	{Bone "Piece10"}
	{Position 3.4791	0.0000	-4.4149}
}
{Volume "Piece9a"
	{Box 19.6661 5.09096 27.4145}
	{Bone "Piece9"}
	{Matrix34
		1.0000	0.0000	0.0000
		0.0000	0.9743	0.2251
		0.0000	-0.2251	0.9743
		1.1563	4.8518	-12.7619
	}
}
{Volume "Piece9"
	{Box 2.75326 3.65912 62.4689}
	{Bone "Piece9"}
	{Matrix34
		1.0000	0.0000	0.0000
		0.0000	0.9743	0.2251
		0.0000	-0.2251	0.9743
		-10.4074	-1.7223	-0.3978
	}
}
{Volume "Piece8"
	{Box 21.2051 4.81289 27.3511}
	{Bone "Piece8"}
	{Matrix34
		1.0000	0.0000	0.0000
		0.0000	0.9733	0.2295
		0.0000	-0.2295	0.9733
		0.0000	0.0000	-0.0000
	}
}
{Volume "Piece7"
	{Box 1.7252 16.6256 22.7975}
	{Bone "Piece7"}
	{Matrix34
		1.0000	0.0000	0.0000
		0.0000	0.9779	0.2092
		0.0000	-0.2092	0.9779
		0.0000	0.5481	-0.6101
	}
}
{Volume "Piece6"
	{Box 2.00344 18.2907 56.3803}
	{Bone "Piece6"}
	{Matrix34
		1.0000	0.0000	0.0000
		0.0000	0.9755	0.2202
		0.0000	-0.2202	0.9755
		0.0000	0.2799	0.0738
	}
}
{Volume "Piece5a"
	{Box 20.4632 6.71144 20.6408}
	{Bone "Piece5"}
	{Matrix34
		1.0000	0.0000	0.0000
		0.0000	0.2350	-0.9720
		0.0000	0.9720	0.2350
		9.8588	-8.5510	18.0586
	}
}
{Volume "Piece5"
	{Box 29.8827 6.71144 36.8585}
	{Bone "Piece5"}
	{Position 0.0000	-19.5701	-1.3850}
}
{Volume "Piece4a"
	{Box 2.4875 18.9759 32.0254}
	{Bone "Piece4"}
	{Matrix34
		-0.0000	-0.9760	-0.2177
		1.0000	0.0012	-0.0053
		0.0055	-0.2177	0.9760
		5.8286	-8.0230	-3.8579
	}
}
{Volume "Piece4"
	{Box 2.4875 18.9759 58.2281}
	{Bone "Piece4"}
	{Matrix34
		1.0000	0.0000	0.0000
		0.0000	0.9731	0.2303
		0.0000	-0.2303	0.9731
		-2.8730	1.1834	-4.9996
	}
}
{Volume "Piece3"
	{Box 25.8709 15.8464 2.1848}
	{Bone "Piece3"}
	{Matrix34
		0.9824	-0.1867	-0.0000
		0.1867	0.9824	0.0000
		0.0000	0.0000	1.0000
		-0.7635	2.7813	-0.0000
	}
}
{Volume "Piece1"
	{Box 20.9628 5.12752 31.0317}
	{Bone "Piece1"}
	{Matrix34
		1.0000	0.0000	0.0000
		0.0000	0.9758	0.2186
		0.0000	-0.2186	0.9758
		0.0000	-4.8271	0.4188
	}
}
{Volume "Piece0"
	{Box 8.07897 12.6195 45.2907}
	{Bone "Piece0"}
	{Position -0.0000	0.0000	-0.2287}
}
{Volume "Support3"
	{Box 10.2168 5.45244 20.7176}
	{Bone "elevator2"}
	{Position 1.4166	72.1261	0.8989}
}
{Volume "Support2"
	{Box 20.8506 18.8015 45.1636}
	{Bone "elevator2"}
	{Position 1.4114	72.3268	-31.5789}
}
{Volume "Support1"
	{Box 10.2168 5.45244 43.5016}
	{Bone "elevator2"}
	{Position 1.4166	-17.4733	12.2909}
}
{Volume "Support"
	{Box 20.8506 18.8015 45.1636}
	{Bone "elevator2"}
	{Position 1.4114	-17.4733	-31.5789}
}
