;Model created by: Albus
;date : Jun 2010
{Skeleton
	{bone "Basis"
		{parameters "SteerMax=25;WheelRadius=0.40;"}
		{Orientation
			1.0000	0.0000	0.0000
			0.0000	-1.0000	0.0000
			0.0000	0.0000	1.0000
		}
		{bone "Body"
			{parameters "ID=body;"}
			{Matrix34
				-1.0000	0.0000	0.0000
				0.0000	0.0000	1.0000
				0.0000	1.0000	0.0000
				-0.9434	1.3239	10.5743
			}
			{VolumeView "Body.ply"}
			{bone "openR"
				{Matrix34
					0.9979	0.0592	0.0228
					0.0189	0.0663	-0.9976
					-0.0606	0.9960	0.0650
					11.69363	26.8025	-15.2749
				}
				{bone "part3"
					{parameters "ID=body;"}
					{Matrix34
						0.0000	1.0000	0.0000
						0.0000	0.0000	1.0000
						1.0000	0.0000	0.0000
						0.0000	0.0000	0.0000
					}
					{VolumeView "part3.ply"}
				}
			}
			{bone "openL"
				{Matrix34
					0.9945	0.0312	0.0977
					-0.0986	0.0292	0.9946
					0.0281	-0.9990	0.0322
					12.5975	-0.7964	16.7395
				}
				{bone "DoorL"
					{parameters "ID=body;"}
					{Matrix34
						0.0000	1.0000	0.0000
						0.0000	0.0000	1.0000
						1.0000	0.0000	0.0000
						0.0000	0.0000	0.0000
					}
					{VolumeView "doorL.ply"}
				}
			}
			{bone "part1"
				{parameters "ID=body;"}
				{Matrix34
					-0.9751	-0.2215	-0.0162
					-0.2215	0.9751	-0.0072
					0.0174	-0.0034	-0.9998
					-0.4000	27.0000	0.0000
				}
				{VolumeView "part1.ply"}
			}
			{bone "part2"
				{parameters "ID=body;"}
				{Matrix34
					1.0000	0.0000	0.0000
					0.0000	0.0000	1.0000
					0.0000	-1.0000	0.0000
					25.6000	13.6000	-18.4000
				}
				{VolumeView "part2.ply"}
			}
			{bone "engine"
				{parameters "ID=engine;"}
				{Matrix34
					-1.0000	0.0000	0.0000
					0.0000	1.0000	0.0000
					0.0000	0.0000	-1.0000
					-32.0000	5.0000	0.0000
				}
				{VolumeView "engine.ply"}
				{bone "FXfire1"
					{Matrix34
						-0.0063	1.0000	-0.0063
						-0.7071	-0.0089	-0.7071
						-0.7071	0.0000	0.7071
						-13.9751	6.3924	-0.4891
					}
				}
			}
		}
		{bone "Pivot_back"
			{Matrix34
				-1.0000	0.0000	0.0000
				0.0000	0.0000	1.0000
				0.0000	1.0000	0.0000
				-29.2391	3.0089	6.3000
			}
			{VolumeView "Pivot_back.ply"}
			{bone "spring_L"
				{Matrix34
					-0.9998	0.0175	0.0000
					0.0000	-0.0000	1.0000
					0.0175	0.9998	0.0000
					-0.0771	-1.5195	10.5640
				}
				{bone revolute "WheelL2"
					{parameters "ID=wheelleft2;"}
					{Matrix34
						-0.9998	0.0000	0.0175
						0.0175	0.0000	0.9998
						0.0000	1.0000	0.0000
						0.5017	3.0424	4.1207
					}
					{VolumeView "WheelL2.ply"}
				}
			}
			{bone "spring_R"
				{Matrix34
					-0.9998	0.0175	0.0000
					0.0000	0.0000	1.0000
					0.0175	0.9998	0.0000
					-0.0771	-1.5195	-13.8309
				}
				{bone revolute "WheelR2"
					{parameters "ID=wheelright2;"}
					{Matrix34
						-0.9998	0.0000	0.0175
						0.0175	0.0000	0.9998
						0.0000	1.0000	0.0000
						0.5017	-3.2424	4.1207
					}
					{VolumeView "WheelR2.ply"}
				}
			}
		}
		{bone "Pivot_front"
			{Matrix34
				-1.0000	0.0000	0.0000
				0.0000	0.0000	1.0000
				0.0000	1.0000	0.0000
				29.1794	3.1640	6.7457
			}
			{VolumeView "Pivot_front.ply"}
			{bone revolute "steer_L"
				{Matrix34
					0.9998	0.0175	0.0000
					0.0000	0.0000	1.0000
					0.0175	-0.9998	0.0000
					-0.2978	-2.7770	13.5423
				}
				{bone revolute "WheelL1"
					{parameters "ID=wheelleft1;"}
					{Matrix34
						0.9998	0.0000	0.0175
						0.0175	0.0000	-0.9998
						0.0000	1.0000	0.0000
						-0.3664	-1.0415	-4.9069
					}
					{VolumeView "WheelL1.ply"}
				}
			}
			{bone revolute "steer_R"
				{Matrix34
					1.0000	0.0000	0.0000
					0.0000	0.0000	1.0000
					0.0000	-1.0000	0.0000
					-0.1264	-2.7861	-15.8859
				}
				{bone revolute "WheelR1"
					{parameters "ID=wheelright1;"}
					{Matrix34
						1.0000	0.0000	0.0000
						0.0000	0.0000	-1.0000
						0.0000	1.0000	0.0000
						-0.5764	-0.5415	-4.9069
					}
					{VolumeView "WheelR1.ply"}
				}
			}
		}
	}
}
{Volume "body"
	{Box 57.6236 28.4519 34.4271}
	{Bone "Body"}
	{Position 19.5592	14.0608	0.1012}
}
{Volume "wheelright1"
	{Cylinder 8.00253 5.32863}
	{Bone "WheelR1"}
	{Matrix34
		0.6946	0.7194	0.0000
		-0.7194	0.6946	0.0000
		0.0000	0.0000	1.0000
		0.0000	-0.0000	0.0000
	}
}
{Volume "wheelleft1"
	{Cylinder 8.00366 5.32863}
	{Bone "WheelL1"}
	{Matrix34
		-0.7194	-0.6946	0.0000
		-0.6946	0.7194	0.0000
		0.0000	0.0000	-1.0000
		0.0000	0.0000	0.0000
	}
}
{Volume "wheelright2"
	{Cylinder 8.00366 5.32863}
	{Bone "WheelR2"}
	{Matrix34
		-0.9998	0.0175	0.0000
		0.0175	0.9998	0.0000
		0.0000	0.0000	-1.0000
		0.0126	-0.1184	0.0830
	}
}
{Volume "wheelleft2"
	{Cylinder 8.00366 5.32863}
	{Bone "WheelL2"}
	{Matrix34
		-0.9998	0.0175	0.0000
		0.0175	0.9998	0.0000
		0.0000	0.0000	-1.0000
		0.0000	0.0000	0.0186
	}
}
{Volume "part1"
	{Cylinder 9.00366 5.32863}
	{Bone "part1"}
	{Matrix34
		0.0645	0.0042	-0.9979
		-0.9930	-0.0978	-0.0646
		-0.0979	0.9951	-0.0020
		-0.6096	2.2506	-0.2301
	}
}
{Volume "part2"
	{Box 23.6236 1.2519 5.2271}
	{Bone "part2"}
	{Position 0.4500	0.0000	0.0900}
}
{Volume "part3"
	{Box 1.2236 25.4519 28.4271}
	{Bone "part3"}
	{Matrix34
		0.9902	-0.0569	-0.1248
		0.0645	0.9963	0.0560
		0.1231	-0.0638	0.9804
		-1.8687	-14.2400	-12.1848
	}
}
