{Skeleton
	{Animation
		{sequence "start"}
		{sequence "stop"}
		{sequence "doorright"}
		{sequence "doorleft"}
	}
	{bone "Basis"
		{parameters "SteerMax=30;WheelRadius=0.5;"}
		{Orientation
			1.0000	0.0000	0.0000
			0.0000	-1.0000	0.0000
			0.0000	0.0000	1.0000
		}
		{bone "Body"
			{parameters "ID=body;"}
			{Matrix34
				0.0000	-1.0000	0.0000
				1.0000	0.0000	0.0000
				0.0000	0.0000	1.0000
				-0.2000	0.0000	35.8000
			}
			{VolumeView "body.ply"}
			{bone "cabin"
				{parameters "ID=cabin;"}
				{Position 0.0000	26.2000	-12.8000}
				{VolumeView "cabin.ply"}
				{bone "HeadlightL"
					{Matrix34
						0.0000	1.0000	0.0000
						-1.0000	0.0000	0.0000
						0.0000	0.0000	1.0000
						-13.5000	39.8000	4.8000
					}
				}
				{bone "HeadlightR"
					{Matrix34
						0.0000	1.0000	0.0000
						-1.0000	0.0000	0.0000
						0.0000	0.0000	1.0000
						12.5000	39.8000	4.8000
					}
				}
				{bone "FXlight"
					{Matrix34
						0.0113	0.9999	-0.0003
						-0.0070	0.0004	1.0000
						0.9999	-0.0113	0.0070
						-0.3809	42.4223	4.7341
					}
				}
				{bone "Visor"
					{Matrix34
						0.0000	1.0000	0.0000
						-1.0000	0.0000	0.0000
						0.0000	0.0000	1.0000
						0.0000	11.2288	18.2057
					}
				}
				{bone "driver"
					{Matrix34
						0.0000	1.0000	0.0000
						-1.0000	0.0000	0.0000
						0.0000	0.0000	1.0000
						-7.0045	-11.3005	-2.7144
					}
				}
				{bone "seat01"
					{Matrix34
						0.0000	1.0000	0.0000
						-1.0000	0.0000	0.0000
						0.0000	0.0000	1.0000
						7.2063	-11.2359	-2.7144
					}
				}
				{bone "glass"
					{Position -0.2700	1.3000	19.2300}
					{VolumeView "glass.ply"}
				}
				{bone "odl"
					{Matrix34
						-0.0014	0.9997	0.0215
						-0.9999	-0.0015	0.0037
						0.0038	-0.0215	0.9997
						-16.4258	1.2500	10.2024
					}
					{bone "DoorL"
						{parameters "ID=cabin;"}
						{Matrix34
							0.9998	-0.0025	-0.0196
							0.0025	0.9999	0.0000
							0.0196	0.0000	0.9998
							0.0000	0.0000	0.0000
						}
						{VolumeView "DoorL.ply"}
					}
				}
				{bone "odr"
					{Matrix34
						0.9935	0.1126	0.0158
						0.1125	-0.9936	-0.0004
						0.0156	0.0021	-0.9998
						15.0953	-0.2198	3.0000
					}
					{bone "DoorR"
						{parameters "ID=cabin;"}
						{Matrix34
							0.0000	1.0000	0.0000
							0.0000	0.0000	1.0000
							1.0000	0.0000	0.0000
							0.0000	0.0000	0.0000
						}
						{VolumeView "DoorR.ply"}
					}
				}
			}
			{bone "bodyback"
				{parameters "ID=bodyback;"}
				{Position 0.0000	-10.0000	-26.9700}
				{VolumeView "bodyback.ply"}
			}
			{bone "FXsmoke1"
				{Matrix34
					-0.7473	-0.6635	0.0349
					-0.0052	-0.0466	-0.9989
					0.6644	-0.7467	0.0314
					-25.4736	5.4084	-20.5468
				}
			}
			{bone "FXstop1"
				{Matrix34
					0.0000	-1.0000	0.0000
					0.0000	0.0000	1.0000
					-1.0000	0.0000	0.0000
					-16.9729	-65.3500	-16.1975
				}
			}
			{bone "FXstop2"
				{Matrix34
					0.0000	-1.0000	0.0000
					0.0000	0.0000	-1.0000
					1.0000	0.0000	0.0000
					16.8301	-65.3500	-16.1975
				}
			}
			{bone "engine"
				{parameters "ID=engine;"}
				{Position 0.0200	41.2000	-12.8000}
				{VolumeView "engine.ply"}
				{bone "FXfire1"
					{Matrix34
						-0.0099	0.0016	0.9999
						0.0000	1.0000	-0.0016
						-1.0000	0.0000	-0.0099
						-0.0790	4.9210	5.7690
					}
				}
				{bone "FXsteam"
					{Matrix34
						-0.0066	0.0032	1.0000
						0.0140	0.9999	-0.0031
						-0.9999	0.0139	-0.0066
						-0.5700	-6.9374	-9.8825
					}
				}
			}
		}
		{bone "pivot_back"
			{parameters "ID=body;"}
			{Matrix34
				0.9999	0.0132	-0.0084
				-0.0131	0.9997	0.0180
				0.0086	-0.0178	0.9998
				-36.0785	0.1691	11.5906
			}
			{VolumeView "pivot_back.ply"}
			{bone "FXdust"
				{Matrix34
					-0.9982	0.0085	0.0588
					0.0590	0.0242	0.9979
					0.0070	0.9996	-0.0246
					-6.7030	-0.0705	-0.2833
				}
			}
			{bone revolute "spring_R"
				{Matrix34
					0.9961	-0.0098	-0.0882
					0.0079	0.9997	-0.0216
					0.0884	0.0208	0.9959
					1.6263	-13.3341	0.5743
				}
				{bone revolute "wheelR2"
					{parameters "ID=wheelright2;"}
					{Matrix34
						1.0000	0.0000	0.0000
						0.0000	0.0000	-1.0000
						0.0000	1.0000	0.0000
						11.3600	-5.9000	-0.4934
					}
					{VolumeView "wheelR2.ply"}
				}
				{bone revolute "wheelR3"
					{parameters "ID=wheelright3;"}
					{Matrix34
						1.0000	0.0000	0.0000
						0.0000	0.0000	-1.0000
						0.0000	1.0000	0.0000
						-14.3200	-5.9000	-2.7934
					}
					{VolumeView "wheelR3.ply"}
				}
				{bone "FXtraceR2"
					{Matrix34
						-1.0000	0.0000	0.0000
						0.0000	-1.0000	0.0000
						0.0000	0.0000	1.0000
						-25.0652	-3.3104	-13.0536
					}
				}
			}
			{bone revolute "spring_L"
				{Matrix34
					0.9963	-0.0119	-0.0849
					0.0090	0.9994	-0.0336
					0.0852	0.0328	0.9958
					2.0098	18.1061	-0.0015
				}
				{bone revolute "wheelL2"
					{parameters "ID=wheelleft2;"}
					{Matrix34
						1.0000	0.0000	0.0000
						0.0000	0.0000	-1.0000
						0.0000	1.0000	0.0000
						11.3600	1.0000	-0.5483
					}
					{VolumeView "wheelL2.ply"}
				}
				{bone revolute "wheelL3"
					{parameters "ID=wheelleft3;"}
					{Matrix34
						1.0000	0.0000	0.0000
						0.0000	0.0000	-1.0000
						0.0000	1.0000	0.0000
						-14.2200	1.0000	-2.7183
					}
					{VolumeView "wheelL3.ply"}
				}
				{bone "FXtraceL2"
					{Matrix34
						-1.0000	0.0000	0.0000
						0.0000	-1.0000	0.0000
						0.0000	0.0000	1.0000
						-25.1077	0.3005	-12.8985
					}
				}
			}
		}
		{bone "pivot_front"
			{Matrix34
				-1.0000	0.0000	0.0000
				0.0000	-1.0000	0.0000
				0.0000	0.0000	1.0000
				50.4063	0.5175	10.4590
			}
			{VolumeView "pivot_front.ply"}
			{bone revolute "steer_L"
				{Matrix34
					1.0000	0.0000	0.0000
					0.0000	-1.0000	0.0000
					0.0000	0.0000	-1.0000
					-0.6726	-18.0689	0.8011
				}
				{bone revolute "wheelL1"
					{parameters "ID=wheelleft1;"}
					{Matrix34
						1.0000	0.0000	0.0000
						0.0000	0.0000	-1.0000
						0.0000	1.0000	0.0000
						0.7700	0.9396	1.0918
					}
					{VolumeView "wheelL1.ply"}
				}
				{bone "FXtraceL1"
					{Matrix34
						1.0000	0.0000	0.0000
						0.0000	-1.0000	0.0000
						0.0000	0.0000	-1.0000
						10.7500	0.4400	10.6600
					}
				}
			}
			{bone revolute "steer_R"
				{Matrix34
					1.0000	0.0000	0.0000
					0.0000	-1.0000	0.0000
					0.0000	0.0000	-1.0000
					-0.6268	16.9390	0.8144
				}
				{bone revolute "wheelR1"
					{parameters "ID=wheelright1;"}
					{Matrix34
						1.0000	0.0000	0.0000
						0.0000	0.0000	-1.0000
						0.0000	1.0000	0.0000
						0.9100	-2.3065	1.0024
					}
					{VolumeView "wheelR1.ply"}
				}
				{bone "FXtraceR1"
					{Matrix34
						1.0000	0.0000	0.0000
						0.0000	-1.0000	0.0000
						0.0000	0.0000	-1.0000
						10.6900	-1.4576	10.6870
					}
				}
			}
		}
		{bone "emit1"
			{Matrix34
				0.0000	-1.0000	0.0000
				1.0000	0.0000	0.0000
				0.0000	0.0000	1.0000
				2.2661	31.7831	0.0026
			}
			{visibility 0}
		}
		{bone "emit2"
			{Matrix34
				0.0000	1.0000	0.0000
				-1.0000	0.0000	0.0000
				0.0000	0.0000	1.0000
				2.4411	-33.2552	0.4026
			}
			{visibility 0}
		}
		{bone "emit3"
			{parameters "Group=passengers;"}
			{Position -92.5000	13.9737	0.2000}
		}
		{bone "emit4"
			{parameters "Group=passengers;"}
			{Position -92.5000	-12.6000	0.2000}
		}
	}
}
{Volume "fuel"
	{Box 16.6790 27.0599 5.7882}
	{Bone "body"}
	{Matrix34
		0.0000	-0.9344	0.0000
		0.7398	0.0000	0.0000
		0.0000	0.0000	1.0000
		0.3154	6.0427	-15.3314
	}
}
{Volume "bodyback"
	{Box 108.8630 30.4690 18.6242}
	{Bone "bodyback"}
	{Matrix34
		0.0000	-0.6943	0.0000
		1.2754	0.0000	0.0000
		0.0000	0.0000	1.3217
		-0.2550	-23.6561	27.1644
	}
}
{Volume "body"
	{Box 155.8630 20.4690 8.6242}
	{Bone "body"}
	{Matrix34
		0.0000	-0.8035	0.0000
		1.0458	0.0000	0.0000
		0.0000	0.0000	1.0859
		-0.2091	-3.4442	-17.7203
	}
}
{Volume "Inventory"
	{Box 67.7672 40.9477 17.0017}
	{Bone "body"}
	{Matrix34
		-0.0047	0.8886	0.0000
		-0.3672	-0.0019	0.0000
		0.0000	0.0000	0.5458
		0.1497	-28.4346	-7.7567
	}
}
{Volume "cabin"
	{Box 20.9995 34.4692 30.0145}
	{Bone "cabin"}
	{Matrix34
		0.0085	-0.9422	0.0002
		1.0288	0.0114	-0.0036
		0.0035	-0.0105	1.0108
		-0.3199	-9.3158	10.3356
	}
}
{Volume "engine"
	{Box 14.0755 32.5527 14.3543}
	{Bone "engine"}
	{Position 0.8000	2.4000	5.6000}
}
{Volume "glass"
	{Box 27.8792 1.0199 9.4019}
	{Bone "glass"}
	{Position 0.0000	0.3300	0.0000}
}
{Volume "wheelright2"
	{Cylinder 10.85610 4.02746}
	{Bone "WheelR2"}
	{Matrix34
		-1.0000	0.0000	0.0000
		0.0000	-1.0000	0.0000
		0.0000	0.0000	1.0000
		-0.0752	0.1000	0.9349
	}
}
{Volume "wheelright3"
	{Cylinder 10.85610 4.02746}
	{Bone "WheelR3"}
	{Matrix34
		-1.0000	0.0000	0.0000
		0.0000	-1.0000	0.0000
		0.0000	0.0000	1.0000
		0.0148	0.1000	0.9349
	}
}
{Volume "wheelleft2"
	{Cylinder 10.85610 4.02746}
	{Bone "WheelL2"}
	{Matrix34
		-1.0000	0.0000	0.0000
		0.0000	-1.0000	0.0000
		0.0000	0.0000	1.0000
		0.0376	0.0000	-0.5079
	}
}
{Volume "wheelleft3"
	{Cylinder 10.85610 4.02746}
	{Bone "WheelL3"}
	{Matrix34
		-1.0000	0.0000	0.0000
		0.0000	-1.0000	0.0000
		0.0000	0.0000	1.0000
		0.0376	0.0000	-0.5079
	}
}
{Volume "wheelleft1"
	{Cylinder 10.85610 4.02746}
	{Bone "WheelL1"}
	{Matrix34
		-1.0000	0.0000	0.0000
		0.0000	-1.0000	0.0000
		0.0000	0.0000	1.0000
		0.0000	0.0000	-0.6012
	}
}
{Volume "wheelright1"
	{Cylinder 10.85610 4.02746}
	{Bone "WheelR1"}
	{Matrix34
		-1.0000	0.0000	0.0000
		0.0000	-1.0000	0.0000
		0.0000	0.0000	1.0000
		0.0000	0.0000	0.6349
	}
}