;Exported by: vic
;Date:        Wed Jan 28 12:14:22 2004
;File:        D:\-Projects-\Celpo\Selsovet_new_x.max
{Skeleton
	{animation
		{sequence "crush" {speed 0.8}}
	}
	{bone "selsovet_corner1"
		{parameters "CommonMesh;"}
		{Orientation
			1.0000	0.0000	0.0000
			0.0000	-1.0000	0.0000
			0.0000	0.0000	1.0000
		}
		{VolumeView "selsovet_corner1.ply"}
		{bone "exterior"
			{parameters "CommonMesh;"}
			{Position 0.9811	2.9764	77.5400}
			{VolumeView "exterior.ply"}
		}
		{bone "piece0"
			{Matrix34
				1.0000	0.0000	0.0000
				0.0000	-0.0000	1.0000
				0.0000	-1.0000	-0.0000
				13.4651	-37.5731	11.4543
			}
			{VolumeView "piece0.ply"}
		}
		{bone "piece1"
			{Matrix34
				1.0000	0.0000	0.0000
				0.0000	-0.0000	1.0000
				0.0000	-1.0000	-0.0000
				17.6122	-37.5731	41.0904
			}
			{VolumeView "piece1.ply"}
		}
		{bone "piece2"
			{Matrix34
				1.0000	0.0000	0.0000
				0.0000	-0.0000	1.0000
				0.0000	-1.0000	-0.0000
				-19.7397	-37.5731	48.9271
			}
			{VolumeView "piece2.ply"}
		}
		{bone "piece3"
			{Matrix34
				1.0000	0.0000	0.0000
				0.0000	-0.0000	1.0000
				0.0000	-1.0000	-0.0000
				-12.9703	-37.5731	87.1148
			}
			{VolumeView "piece3.ply"}
		}
		{bone "piece4"
			{Matrix34
				-0.0000	1.0000	0.0000
				0.0000	0.0000	1.0000
				1.0000	0.0000	-0.0000
				24.8994	-27.6942	12.5631
			}
			{VolumeView "piece4.ply"}
		}
		{bone "piece5"
			{Matrix34
				-0.0000	1.0000	0.0000
				0.0000	0.0000	1.0000
				1.0000	0.0000	-0.0000
				24.8994	9.4001	39.8014
			}
			{VolumeView "piece5.ply"}
		}
		{bone "sub_piece0"
			{Matrix34
				1.0000	0.0000	0.0000
				0.0000	-0.0000	1.0000
				0.0000	-1.0000	-0.0000
				-16.8419	-37.5731	15.9522
			}
			{VolumeView "sub_piece0.ply"}
		}
		{bone "sub_piece1"
			{Matrix34
				1.0000	0.0000	0.0000
				0.0000	-0.0000	1.0000
				0.0000	-1.0000	-0.0000
				-4.0810	-37.5731	69.1268
			}
			{VolumeView "sub_piece1.ply"}
		}
		{bone "sub_piece2"
			{Matrix34
				1.0000	0.0000	0.0000
				0.0000	-0.0000	1.0000
				0.0000	-1.0000	-0.0000
				17.1051	-37.5731	68.8280
			}
			{VolumeView "sub_piece2.ply"}
		}
		{bone "sub_piece3"
			{Matrix34
				-0.0000	1.0000	0.0000
				0.0000	0.0000	1.0000
				1.0000	0.0000	-0.0000
				24.8994	-28.1317	43.7021
			}
			{VolumeView "sub_piece3.ply"}
		}
		{bone "sub_piece4"
			{Matrix34
				-0.0000	1.0000	0.0000
				0.0000	0.0000	1.0000
				1.0000	0.0000	-0.0000
				24.8994	1.3812	11.6683
			}
			{VolumeView "sub_piece4.ply"}
		}
	}
}
{Volume "sub_piece4"
	{Box 7.87402 13.4152 12.0079}
	{Bone "sub_piece4"}
	{Matrix34
		-0.0000	0.0000	1.0000
		0.9176	0.3974	0.0000
		-0.3974	0.9176	-0.0000
		0.3295	-0.5238	-0.0259
	}
}
{Volume "sub_piece3"
	{Box 7.87402 10.4806 13.9764}
	{Bone "sub_piece3"}
	{Matrix34
		-0.0000	0.0000	1.0000
		0.7762	0.6305	0.0000
		-0.6305	0.7762	-0.0000
		-0.5136	0.8959	-0.0259
	}
}
{Volume "sub_piece2"
	{Box 13.567 7.87402 8.24643}
	{Bone "sub_piece2"}
	{Matrix34
		0.8575	-0.5145	0.0000
		-0.0000	-0.0000	-1.0000
		0.5145	0.8575	-0.0000
		1.7636	-0.2235	0.0313
	}
}
{Volume "sub_piece1"
	{Box 10.0278 7.87402 13.1332}
	{Bone "sub_piece1"}
	{Matrix34
		0.7695	0.6387	0.0000
		0.0000	-0.0000	-1.0000
		-0.6387	0.7695	-0.0000
		0.3166	-0.1555	0.0313
	}
}
{Volume "sub_piece0"
	{Box 12.3872 7.87402 14.2022}
	{Bone "sub_piece0"}
	{Matrix34
		0.9285	0.3714	-0.0000
		0.0000	-0.0000	-1.0000
		-0.3714	0.9285	-0.0000
		-2.8423	-0.4806	0.0313
	}
}
{Volume "piece5"
	{Box 7.87402 22.2189 31.8898}
	{Bone "piece5"}
	{Matrix34
		-0.0000	0.0000	1.0000
		0.9921	-0.1254	0.0000
		0.1254	0.9921	-0.0000
		-0.6973	0.5373	-0.0259
	}
}
{Volume "piece4"
	{Box 7.87402 20.9613 15.3543}
	{Bone "piece4"}
	{Matrix34
		-0.0000	0.0000	1.0000
		1.0000	-0.0000	0.0000
		0.0000	1.0000	-0.0000
		-0.3347	-3.0431	-0.0259
	}
}
{Volume "piece3"
	{Box 25.0694 7.87402 16.9817}
	{Bone "piece3"}
	{Matrix34
		0.7979	-0.6028	-0.0000
		-0.0000	-0.0000	-1.0000
		0.6028	0.7979	-0.0000
		-3.2433	-0.9337	0.0313
	}
}
{Volume "piece2"
	{Box 19.4657 7.87402 22.1432}
	{Bone "piece2"}
	{Matrix34
		0.9945	0.1044	-0.0000
		0.0000	-0.0000	-1.0000
		-0.1044	0.9945	-0.0000
		1.3599	-2.3690	0.0313
	}
}
{Volume "piece1"
	{Box 19.4657 7.87402 31.3059}
	{Bone "piece1"}
	{Matrix34
		1.0000	0.0000	0.0000
		0.0000	-0.0000	-1.0000
		0.0000	1.0000	-0.0000
		0.8030	-2.1001	0.0313
	}
}
{Volume "piece0"
	{Box 24.1846 7.87402 16.7983}
	{Bone "piece0"}
	{Matrix34
		1.0000	0.0000	0.0000
		0.0000	-0.0000	-1.0000
		0.0000	1.0000	-0.0000
		0.9902	-1.8274	0.0313
	}
}
