;Exported by: ubrashaev
;Date:        Mon May 17 11:53:29 2004
;File:        D:\-Projects-\-work-\3d\sk\build-05x.max
{Skeleton
	{animation
		{sequence "crush" {speed 0.4}}
	}
	{bone "build-05_corner_x"
		{parameters "CommonMesh;"}
		{Orientation
			1.0000	0.0000	0.0000
			0.0000	-1.0000	0.0000
			0.0000	0.0000	1.0000
		}
		{VolumeView "build-05_corner_x.ply"}
		{bone "Piece9"
			{Matrix34
				-0.0000	-1.0000	0.0000
				-0.0000	0.0000	1.0000
				-1.0000	0.0000	-0.0000
				-52.1653	31.8834	126.9953
			}
			{VolumeView "Piece9.ply"}
			{bone "Sub_piece0"
				{Position 3.5821	-20.2654	-0.0000}
				{VolumeView "Sub_piece0.ply"}
			}
			{bone "Sub_piece2"
				{Position 2.7455	-51.4327	-0.0000}
				{VolumeView "Sub_piece2.ply"}
			}
		}
		{bone "Piece12"
			{Matrix34
				-0.0000	-1.0000	0.0000
				-0.0000	0.0000	1.0000
				-1.0000	0.0000	-0.0000
				-52.1653	-1.3100	79.7311
			}
			{VolumeView "Piece12.ply"}
		}
		{bone "Piece13"
			{Matrix34
				-0.0000	-1.0000	0.0000
				-0.0000	0.0000	1.0000
				-1.0000	0.0000	-0.0000
				-52.1653	-50.7832	68.8428
			}
			{VolumeView "Piece13.ply"}
		}
		{bone "Piece10"
			{Matrix34
				-0.0000	-1.0000	0.0000
				-0.0000	0.0000	1.0000
				-1.0000	0.0000	-0.0000
				-52.1653	0.5370	138.9271
			}
			{VolumeView "Piece10.ply"}
		}
		{bone "Piece11"
			{Matrix34
				-0.0000	-1.0000	0.0000
				-0.0000	0.0000	1.0000
				-1.0000	0.0000	-0.0000
				-52.1653	-24.7324	108.3720
			}
			{VolumeView "Piece11.ply"}
			{bone "Sub_piece1"
				{Position 15.2435	-20.0725	0.0000}
				{VolumeView "Sub_piece1.ply"}
			}
		}
		{bone "Piece5"
			{Matrix34
				1.0000	0.0000	0.0000
				0.0000	-0.0000	1.0000
				0.0000	-1.0000	-0.0000
				1.1974	51.1768	83.7309
			}
			{VolumeView "Piece5.ply"}
		}
		{bone "Piece8"
			{Matrix34
				0.0872	0.0000	-0.9962
				0.0000	1.0000	0.0000
				0.9962	0.0000	0.0872
				-0.3008	51.2556	47.5345
			}
			{VolumeView "Piece8.ply"}
		}
		{bone "Piece2"
			{Matrix34
				1.0000	0.0000	0.0000
				0.0000	-0.0000	1.0000
				0.0000	-1.0000	-0.0000
				-6.1876	51.1768	109.2820
			}
			{VolumeView "Piece2.ply"}
		}
		{bone "Piece7"
			{Matrix34
				-0.0872	0.0000	-0.9962
				0.0000	1.0000	0.0000
				0.9962	0.0000	-0.0872
				-34.1623	51.2556	58.3329
			}
			{VolumeView "Piece7.ply"}
		}
		{bone "Piece3"
			{Matrix34
				0.0872	0.0000	-0.9962
				0.0000	1.0000	0.0000
				0.9962	0.0000	0.0872
				49.1404	51.2556	85.7530
			}
			{VolumeView "Piece3.ply"}
		}
		{bone "Piece4"
			{Matrix34
				-0.9962	0.0000	-0.0872
				0.0000	1.0000	0.0000
				0.0872	0.0000	-0.9962
				-49.0218	51.2556	108.9705
			}
			{VolumeView "Piece4.ply"}
		}
		{bone "Piece1"
			{Matrix34
				1.0000	0.0000	0.0000
				0.0000	-0.0000	1.0000
				0.0000	-1.0000	-0.0000
				31.9193	51.1768	109.7269
			}
			{VolumeView "Piece1.ply"}
		}
		{bone "Piece6"
			{Matrix34
				1.0000	0.0000	0.0000
				0.0000	-0.0000	1.0000
				0.0000	-1.0000	-0.0000
				-48.4411	51.1768	79.4495
			}
			{VolumeView "Piece6.ply"}
		}
	}
}
{Volume "Piece6"
	{Box 9.84252 16.5529 26.1289}
	{Bone "Piece6"}
	{Matrix34
		0.0000	0.0000	1.0000
		1.0000	-0.0000	-0.0000
		0.0000	1.0000	-0.0000
		-0.5879	1.5604	-0.2886
	}
}
{Volume "Piece1"
	{Box 9.84252 29.0912 12.33}
	{Bone "Piece1"}
	{Matrix34
		0.0000	0.0000	1.0000
		1.0000	-0.0000	-0.0000
		0.0000	1.0000	-0.0000
		-2.0799	2.7330	-0.2885
	}
}
{Volume "Piece4"
	{Box 9.84252 20.029 19.3354}
	{Bone "Piece4"}
	{Matrix34
		0.0000	-1.0000	-0.0000
		-0.9962	-0.0000	0.0872
		-0.0872	-0.0000	-0.9962
		-1.9241	0.2098	0.9947
	}
}
{Volume "Piece3"
	{Box 9.84252 14.0279 20.3703}
	{Bone "Piece3"}
	{Matrix34
		-0.0000	-1.0000	-0.0000
		0.0872	-0.0000	0.9962
		-0.9962	0.0000	0.0872
		-4.1642	0.2098	-0.2550
	}
}
{Volume "Piece7"
	{Box 9.84252 23.6169 14.8132}
	{Bone "Piece7"}
	{Matrix34
		-0.0000	-1.0000	-0.0000
		-0.0872	-0.0000	0.9962
		-0.9962	0.0000	-0.0872
		-0.1069	0.2098	-0.4278
	}
}
{Volume "Piece2"
	{Box 9.84252 24.0478 16.3719}
	{Bone "Piece2"}
	{Matrix34
		-0.0000	-0.0000	1.0000
		1.0000	-0.0000	0.0000
		0.0000	1.0000	0.0000
		-0.2554	0.6016	-0.2885
	}
}
{Volume "Piece8"
	{Box 9.84252 14.8135 15.0656}
	{Bone "Piece8"}
	{Matrix34
		-0.0000	-1.0000	-0.0000
		0.0872	-0.0000	0.9962
		-0.9962	0.0000	0.0872
		-2.7846	0.2098	0.5161
	}
}
{Volume "Piece5"
	{Box 9.84252 22.7387 21.5925}
	{Bone "Piece5"}
	{Matrix34
		0.0000	0.0000	-1.0000
		-0.9962	0.0872	0.0000
		0.0872	0.9962	0.0000
		-0.4355	-0.5396	-0.3222
	}
}
{Volume "Piece11"
	{Box 9.84252 18.6772 20.8438}
	{Bone "Piece11"}
	{Matrix34
		0.0000	0.0000	-1.0000
		-0.0000	1.0000	0.0000
		1.0000	0.0000	0.0000
		0.6120	-0.4082	-0.0011
	}
}
{Volume "Sub_piece1"
	{Box 9.84252 21.9115 19.5656}
	{Bone "Sub_piece1"}
	{Matrix34
		0.0000	0.0000	-1.0000
		-0.2588	0.9659	0.0000
		0.9659	0.2588	0.0000
		1.8198	2.4595	-0.0011
	}
}
{Volume "Piece10"
	{Box 9.84252 34.7396 14.3301}
	{Bone "Piece10"}
	{Matrix34
		0.0000	0.0000	-1.0000
		0.9397	0.3420	0.0000
		0.3420	-0.9397	-0.0000
		-1.5489	1.9929	-0.0011
	}
}
{Volume "Piece13"
	{Box 9.84252 23.6645 20.977}
	{Bone "Piece13"}
	{Matrix34
		0.0000	0.0000	-1.0000
		-0.3420	0.9397	0.0000
		0.9397	0.3420	0.0000
		-2.4670	-2.2963	-0.0011
	}
}
{Volume "Piece12"
	{Box 9.84252 26.7214 23.4857}
	{Bone "Piece12"}
	{Matrix34
		0.0000	0.0000	-1.0000
		-1.0000	-0.0000	-0.0000
		-0.0000	1.0000	0.0000
		0.2960	-1.3614	-0.0011
	}
}
{Volume "Sub_piece2"
	{Box 9.84252 26.7214 16.7755}
	{Bone "Sub_piece2"}
	{Matrix34
		0.0000	0.0000	-1.0000
		-0.3420	-0.9397	-0.0000
		-0.9397	0.3420	-0.0000
		-8.7424	7.9735	-0.0011
	}
}
{Volume "Piece9"
	{Box 9.84252 28.8339 14.3301}
	{Bone "Piece9"}
	{Matrix34
		0.0000	0.0000	-1.0000
		0.9659	0.2588	0.0000
		0.2588	-0.9659	-0.0000
		-0.3112	-2.3685	-0.0012
	}
}
{Volume "Sub_piece0"
	{Box 9.84252 24.2922 16.7755}
	{Bone "Sub_piece0"}
	{Matrix34
		0.0000	0.0000	-1.0000
		-1.0000	-0.0000	-0.0000
		-0.0000	1.0000	0.0000
		-6.4425	-1.3434	-0.0011
	}
}
