;Exported by: Yurov
;Date:        Thu Oct 07 12:46:30 2004
;File:        D:\-Projects-\-3DWork-\Model\T-34sapper tank\T-34Sapper_new.max
{Skeleton
	{animation
		{sequence "start"}
		{sequence "stop"}
		{sequence "explosion"}
		{sequence "open" {resume}}
	}
	{bone "Basis"
		{Orientation
			1.0000	0.0000	0.0000
			0.0000	-1.0000	0.0000
			0.0000	0.0000	1.0000
		}
		{bone "WheelsL"
			{parameters "ID=trackleft;"}
			{Position -2.2900	22.5471	9.4020}
			{VolumeView "WheelsL.ply"}
			{bone "FXtraceL1"
				{Matrix34
					-0.9966	-0.0000	0.0829
					0.0000	1.0000	0.0000
					-0.0829	0.0000	-0.9966
					107.8441	-1.5516	-8.1232
				}
			}
			{bone "FXtraceL2"
				{Matrix34
					-0.9817	0.0000	0.1906
					0.0000	1.0000	-0.0000
					-0.1906	-0.0000	-0.9817
					-38.1597	-2.3643	-9.2417
				}
			}
			{bone "TrackL"
				{parameters "ID=trackleft;"}
				{Matrix34
					1.0000	-0.0000	0.0000
					0.0000	0.0000	1.0000
					-0.0000	-1.0000	0.0000
					1.5237	1.1479	3.3322
				}
				{VolumeView "TrackL.ply"}
			}
		}
		{bone "WheelsR"
			{parameters "ID=trackright;"}
			{Matrix34
				1.0000	0.0000	0.0000
				0.0000	-1.0000	0.0000
				0.0000	0.0000	1.0000
				-2.2900	-23.1037	9.4020
			}
			{VolumeView "WheelsR.ply"}
			{bone "FXtraceR1"
				{Matrix34
					-0.9966	0.0000	0.0829
					-0.0000	-1.0000	-0.0000
					-0.0829	0.0000	-0.9966
					107.8441	-0.0903	-8.1232
				}
			}
			{bone "FXtraceR2"
				{Matrix34
					-0.9817	-0.0000	0.1906
					-0.0000	-1.0000	-0.0000
					-0.1906	0.0000	-0.9817
					-38.1597	-2.5041	-9.2417
				}
			}
			{bone "TrackR"
				{parameters "ID=trackright;"}
				{Matrix34
					1.0000	-0.0000	-0.0000
					0.0000	0.0000	1.0000
					-0.0000	-1.0000	0.0000
					1.5237	1.3709	3.3322
				}
				{VolumeView "TrackR.ply"}
			}
		}
		{bone "Body"
			{parameters "ID=body;"}
			{animation
				{sequence "repair" {file "body_r.anm"} {speed 0.7}}
			}
			{Position -0.6639	-1.7654	20.9097}
			{VolumeView "Body.ply"}
			{bone "FXshot"
				{Matrix34
					1.0000	0.0000	-0.0000
					0.0000	-1.0000	-0.0000
					0.0000	-0.0000	-1.0000
					-5.5892	1.2552	7.2958
				}
			}
			{bone "FXsmoke2"
				{Matrix34
					-0.7749	-0.0144	-0.6319
					-0.0125	0.9999	-0.0073
					0.6320	0.0022	-0.7750
					-55.9320	13.8557	2.5322
				}
			}
			{bone "FXsmoke1"
				{Matrix34
					-0.7749	-0.0144	-0.6319
					-0.0125	0.9999	-0.0073
					0.6320	0.0022	-0.7750
					-55.6443	-9.0843	2.7004
				}
			}
			{bone revolute "WheelL2"
				{parameters "ID=trackleft;"}
				{Matrix34
					-1.0000	0.0000	0.0000
					0.0000	0.0000	1.0000
					0.0000	1.0000	-0.0000
					-53.0817	22.3139	-7.3421
				}
				{VolumeView "WheelL2.ply"}
			}
			{bone revolute "WheelR2"
				{parameters "ID=trackright;"}
				{Matrix34
					-1.0000	-0.0000	0.0000
					0.0000	-0.0000	1.0000
					0.0000	-1.0000	-0.0000
					-53.0817	-19.6107	-7.3421
				}
				{VolumeView "WheelR2.ply"}
			}
			{bone revolute "WheelR1"
				{parameters "ID=trackright;"}
				{Matrix34
					-1.0000	-0.0000	0.0000
					0.0000	-0.0000	1.0000
					0.0000	-1.0000	-0.0000
					60.1184	-18.4647	-7.3421
				}
				{VolumeView "WheelR1.ply"}
			}
			{bone revolute "WheelL1"
				{parameters "ID=trackleft;"}
				{Matrix34
					-1.0000	0.0000	0.0000
					0.0000	0.0000	1.0000
					0.0000	1.0000	-0.0000
					60.1184	22.3407	-7.3421
				}
				{VolumeView "WheelL1.ply"}
			}
			{bone "engine"
				{Matrix34
					1.0000	0.0000	-0.0000
					0.0000	-1.0000	-0.0000
					0.0000	-0.0000	-1.0000
					-28.6481	1.2552	7.2958
				}
			}
			{bone "FXfire1"
				{Matrix34
					-0.0023	-0.0000	1.0000
					-0.0000	1.0000	-0.0000
					-1.0000	0.0000	-0.0023
					-22.0509	0.3993	10.0400
				}
			}
			{bone revolute "Turret"
				{parameters "ID=turret;"}
				{speed 0.1000}
				{Matrix34
					1.0000	0.0000	0.0023
					-0.0000	1.0000	0.0000
					-0.0023	-0.0000	1.0000
					17.3561	7.7705	14.0925
				}
				{VolumeView "Turret.ply"}
				{bone "cover"
					{Matrix34
						1.0000	0.0000	-0.0023
						0.0000	1.0000	0.0000
						0.0023	0.0000	1.0000
						-0.0546	0.6229	2.4242
					}
					{VolumeView "cover.ply"}
				}
				{bone "Visor"
					{Position 7.2219	3.8785	0.0870}
				}
			}
			{bone revolute "roller_joint"
				{limits -45.0000 45.0000}
				{Matrix34
					1.0000	0.0000	0.0000
					0.0000	0.0000	1.0000
					0.0000	-1.0000	0.0000
					60.6322	1.1591	-9.9491
				}
				{VolumeView "roller_joint.ply"}
				{bone revolute "WheelRoller"
					{Matrix34
						-1.0000	-0.0000	-0.0000
						0.0000	1.0000	-0.0000
						0.0000	-0.0000	-1.0000
						46.9791	-1.0283	0.1971
					}
					{VolumeView "WheelRoller.ply"}
				}
				{bone "Roller"
					{parameters "Radius=0.5;"}
					{Matrix34
						1.0000	0.0000	0.0000
						0.0000	0.0000	-1.0000
						0.0000	1.0000	0.0000
						47.0007	-1.0307	0.1971
					}
				}
			}
		}
		{bone "emit3"
			{parameters "Group=passengers;"}
			{Matrix34
				-0.0000	-1.0000	0.0000
				1.0000	-0.0000	0.0000
				0.0000	0.0000	1.0000
				-18.3122	51.5494	0.6363
			}
			{visibility 0}
		}
		{bone "emit5"
			{parameters "Group=passengers;"}
			{Matrix34
				0.0000	1.0000	0.0000
				-1.0000	0.0000	0.0000
				0.0000	0.0000	1.0000
				-36.8124	-51.7189	0.6363
			}
			{visibility 0}
		}
		{bone "emit4"
			{parameters "Group=passengers;"}
			{Matrix34
				0.0000	-1.0000	0.0000
				1.0000	0.0000	0.0000
				0.0000	0.0000	1.0000
				-37.9437	51.5494	0.6363
			}
			{visibility 0}
		}
		{bone "emit6"
			{parameters "Group=passengers;"}
			{Matrix34
				0.0000	1.0000	0.0000
				-1.0000	0.0000	0.0000
				0.0000	0.0000	1.0000
				-19.6774	-42.8981	0.6363
			}
			{visibility 0}
		}
		{bone "Seat03"
			{Matrix34
				-0.5000	-0.8537	0.1459
				0.8660	-0.4913	0.0930
				-0.0077	0.1728	0.9849
				-36.6184	-24.9790	28.0329
			}
		}
		{bone "Seat04"
			{Matrix34
				0.1723	-0.9698	0.1723
				0.9850	0.1710	-0.0226
				-0.0076	0.1736	0.9848
				-20.3799	-25.3486	27.4880
			}
		}
		{bone "Seat02"
			{Matrix34
				-0.3420	0.9360	0.0832
				-0.9397	-0.3414	-0.0224
				0.0074	-0.0858	0.9963
				-40.1462	24.2806	26.9690
			}
		}
		{bone "Seat01"
			{Matrix34
				0.3408	0.9254	0.1658
				-0.9401	0.3368	0.0521
				-0.0076	-0.1736	0.9848
				-21.1075	27.3481	27.4819
			}
		}
		{bone "emit1"
			{parameters "Group=crew;"}
			{Matrix34
				-0.0000	-1.0000	0.0000
				1.0000	-0.0000	0.0000
				0.0000	0.0000	1.0000
				51.2150	41.9138	0.6363
			}
			{visibility 0}
		}
		{bone "emit2"
			{parameters "Group=crew;"}
			{Matrix34
				0.0000	1.0000	0.0000
				-1.0000	0.0000	0.0000
				0.0000	0.0000	1.0000
				53.7211	-42.1392	0.6363
			}
			{visibility 0}
		}
	}
}
{Volume "roller"
	{Cylinder 9.69952 62.2461}
	{Bone "WheelRoller"}
	{Matrix34
		1.0000	-0.0000	-0.0000
		-0.0000	1.0000	0.0000
		0.0000	0.0000	1.0000
		0.0650	-0.4274	-0.6942
	}
}
{Volume "crew"
	{Box 31.1298 23.4217 20.1484}
	{Bone "Body"}
	{Position 22.7695	2.4120	-0.6538}
}
{Volume "inventory"
	{Box 16.0872 27.2345 16.1575}
	{Bone "Body"}
	{Position -5.9768	2.4120	-2.6493}
}
{Volume "engine"
	{Box 28.2828 33.6229 17.4803}
	{Bone "engine"}
	{Matrix34
		1.0000	0.0000	0.0000
		0.0000	-1.0000	0.0000
		-0.0000	-0.0000	-1.0000
		-4.6398	-1.1568	9.1526
	}
}
{Volume "Body1"
	{Polyhedron "Body1.vol"}
	{Bone "Body"}
	{Matrix34
		-1.0000	0.0000	-0.0000
		-0.0000	-1.0000	0.0000
		-0.0000	0.0000	1.0000
		-0.9900	-0.1134	-17.0303
	}
}
{Volume "Body2"
	{Polyhedron "Body2.vol"}
	{Bone "Body"}
	{Matrix34
		-1.0000	0.0000	-0.0000
		-0.0000	-1.0000	0.0000
		-0.0000	0.0000	1.0000
		2.5222	-0.1134	-1.4231
	}
}
{Volume "trackright"
	{Box 113.395 11.6712 19.112}
	{Bone "WheelsR"}
	{Matrix34
		-1.0000	-0.0000	0.0000
		0.0000	-1.0000	0.0000
		-0.0000	0.0000	1.0000
		3.0196	0.8562	0.5739
	}
}
{Volume "trackleft"
	{Box 113.395 11.6712 19.112}
	{Bone "WheelsL"}
	{Position 2.8322	1.0238	0.5737}
}
