;Exported by: garry
;Date:        Sun May 30 13:19:25 2004
;File:        D:\-Projects-\-3DWork-\Model\Авто-мото\SDKFZ\SdKfz232\SdKfz232_xx.max
{Skeleton
	{bone "Basis"
		{parameters "WheelRadius=0.3;"}
		{Orientation
			1.0000	0.0000	0.0000
			0.0000	-1.0000	0.0000
			0.0000	0.0000	1.0000
		}
		{bone "pivot_front"
			{Position 26.6534	-0.4269	6.6687}
			{bone revolute "steer_L1"
				{Matrix34
					-1.0000	0.0000	-0.0000
					0.0000	1.0000	0.0000
					0.0000	0.0000	-1.0000
					13.1586	12.3674	1.9724
				}
				{bone revolute "wheelL1"
					{parameters "ID=wheelleft1;"}
					{Matrix34
						1.0000	0.0000	-0.0000
						-0.0000	0.0000	-1.0000
						-0.0000	1.0000	0.0000
						0.0374	1.8165	-0.9103
					}
					{VolumeView "wheelL1.ply"}
				}
			}
			{bone revolute "steer_R1"
				{Matrix34
					-1.0000	0.0000	-0.0000
					0.0000	1.0000	0.0000
					0.0000	0.0000	-1.0000
					13.2431	-11.0557	1.9724
				}
				{bone revolute "WheelR1"
					{parameters "ID=wheelright1;"}
					{Matrix34
						0.0000	-0.0000	-1.0000
						-1.0000	0.0000	-0.0000
						0.0000	1.0000	0.0000
						-0.0000	-6.3820	0.0000
					}
					{VolumeView "WheelR1.ply"}
				}
			}
			{bone revolute "steer_L2"
				{Matrix34
					-1.0000	0.0000	-0.0000
					0.0000	1.0000	0.0000
					0.0000	0.0000	-1.0000
					-13.1751	12.3674	1.9724
				}
				{bone revolute "wheelL2"
					{parameters "ID=wheelleft3;"}
					{Matrix34
						1.0000	0.0000	-0.0000
						-0.0000	0.3411	-0.9400
						-0.0000	0.9400	0.3411
						0.0545	4.2094	-2.2156
					}
					{VolumeView "wheelL2.ply"}
				}
			}
			{bone revolute "steer_R2"
				{Matrix34
					-1.0000	0.0000	-0.0000
					0.0000	1.0000	0.0000
					0.0000	0.0000	-1.0000
					-13.0906	-11.0557	1.9724
				}
				{bone revolute "wheelR2"
					{parameters "ID=wheelright2;"}
					{Matrix34
						1.0000	0.0000	-0.0000
						-0.0000	0.0000	-1.0000
						-0.0000	1.0000	-0.0000
						0.5202	-9.1073	-3.7210
					}
					{VolumeView "wheelR2.ply"}
				}
			}
		}
		{bone "pivot_back"
			{Position -26.8884	-0.4269	6.6687}
			{bone revolute "spring_R4"
				{Matrix34
					-1.0000	0.0000	-0.0000
					0.0000	1.0000	0.0000
					0.0000	0.0000	-1.0000
					0.0434	-11.0557	1.9724
				}
				{bone revolute "wheelR3"
					{parameters "ID=wheelright3;"}
					{Matrix34
						1.0000	0.0000	-0.0000
						-0.0000	0.0000	-1.0000
						-0.0000	1.0000	-0.0000
						-14.5420	-9.1073	-3.5575
					}
					{VolumeView "wheelR3.ply"}
				}
			}
			{bone revolute "spring_L4"
				{Matrix34
					-1.0000	0.0000	-0.0000
					0.0000	1.0000	0.0000
					0.0000	0.0000	-1.0000
					0.0434	12.3674	1.9724
				}
			}
			{bone revolute "wheelR4"
				{parameters "ID=wheelright4;"}
				{Matrix34
					0.9336	-0.0000	0.3584
					0.3584	-0.0000	-0.9336
					0.0000	1.0000	0.0000
					-12.9845	-16.4738	4.1935
				}
				{VolumeView "wheelR4.ply"}
			}
			{bone revolute "wheelL4"
				{parameters "ID=wheelleft4;"}
				{Matrix34
					-1.0000	0.0000	-0.0000
					-0.0000	0.0000	1.0000
					0.0000	1.0000	0.0000
					-12.5029	16.0241	3.8680
				}
				{VolumeView "wheelL4.ply"}
			}
			{bone revolute "wheelL3"
				{parameters "ID=wheelleft3;"}
				{Matrix34
					-1.0000	0.0000	-0.0000
					-0.0000	0.0000	1.0000
					0.0000	1.0000	0.0000
					12.3890	16.0241	2.6647
				}
				{VolumeView "wheelL3.ply"}
			}
		}
		{bone "Body"
			{parameters "ID=body;"}
			{Position -0.3053	-0.0510	-0.7664}
			{VolumeView "Body.ply"}
			{bone revolute "Turret"
				{parameters "ID=turret;"}
				{Position 13.7062	0.0510	41.8556}
				{VolumeView "Turret.ply"}
				{bone revolute "Gun_rot"
					{parameters "ID=turret;"}
					{limits -10.0000 15.0000}
					{speed 0.0200}
					{Matrix34
						1.0000	-0.0000	0.0000
						-0.0000	0.0000	1.0000
						-0.0000	-1.0000	0.0000
						12.3809	0.0114	-0.2844
					}
					{bone "Gun"
						{parameters "ID=gun;"}
						{Matrix34
							1.0000	-0.0000	-0.0000
							-0.0000	-0.0000	-1.0000
							0.0000	1.0000	-0.0000
							4.3137	-0.0583	0.4481
						}
						{VolumeView "Gun.ply"}
					}
				}
			}
			{bone "doorL"
				{parameters "CommonMesh;ID=body;"}
				{Position 0.6285	14.5969	23.2302}
				{VolumeView "doorL.ply"}
			}
			{bone "part1"
				{Position -26.5956	15.2990	16.3565}
				{VolumeView "part1.ply"}
			}
			{bone "part2"
				{Matrix34
					0.9588	0.0000	-0.2840
					0.0000	1.0000	0.0000
					0.2840	0.0000	0.9588
					50.0508	-0.0000	8.2557
				}
				{VolumeView "part2.ply"}
			}
			{bone "engine"
				{parameters "ID=engine;"}
				{Position -38.2766	-0.0441	24.8654}
				{VolumeView "engine.ply"}
			}
		}
	}
}
{Volume "Body2"
	{Polyhedron "Body2.vol"}
	{Bone "Body"}
	{Position 0.0355	-0.0249	18.8396}
}
{Volume "Body1"
	{Polyhedron "Body1.vol"}
	{Bone "Body"}
	{Position 0.0355	-0.0249	7.7707}
}
{Volume "part2"
	{Polyhedron "part2.vol"}
	{Bone "part2"}
	{Matrix34
		0.9588	-0.0000	0.2840
		0.0000	1.0000	0.0000
		-0.2840	0.0000	0.9588
		-21.0653	4.8335	2.9383
	}
}
{Volume "part1"
	{Box 47.4799 7.54964 10}
	{Bone "part1"}
	{Position -1.6032	2.5231	1.1367}
}
{Volume "Turret"
	{Polyhedron "Turret.vol"}
	{Bone "Turret"}
	{Position 0.7452	-0.0758	-4.6779}
}
{Volume "wheelleft3"
	{Cylinder 5.70383 4.91601}
	{Bone "wheelL3"}
	{Matrix34
		-0.9913	-0.0355	-0.1268
		-0.0150	0.9872	-0.1588
		0.1308	-0.1555	-0.9791
		-0.3539	-1.2487	0.1973
	}
}
{Volume "wheelleft4"
	{Cylinder 5.70383 4.91601}
	{Bone "wheelL4"}
	{Matrix34
		-0.9993	0.0355	-0.0111
		0.0367	0.9898	-0.1377
		0.0061	-0.1380	-0.9904
		-0.3539	-1.1339	0.2350
	}
}
{Volume "wheelright4"
	{Cylinder 5.70383 5.48015}
	{Bone "wheelR4"}
	{Matrix34
		-0.9998	0.0170	-0.0041
		0.0175	0.9722	-0.2334
		-0.0000	-0.2334	-0.9724
		-0.0074	-0.9273	2.3770
	}
}
{Volume "wheelright3"
	{Cylinder 5.28443 3.87454}
	{Bone "wheelR3"}
	{Matrix34
		-0.9998	0.0168	0.0050
		0.0175	0.9587	0.2840
		0.0000	0.2840	-0.9588
		0.0203	-0.1407	2.3251
	}
}
{Volume "wheelright2"
	{Cylinder 5.28443 3.87454}
	{Bone "wheelR2"}
	{Matrix34
		-0.9998	0.0168	0.0050
		0.0175	0.9587	0.2840
		0.0000	0.2840	-0.9588
		-0.0784	-0.1904	2.3308
	}
}
{Volume "wheelleft2"
	{Cylinder 5.70383 4.91601}
	{Bone "wheelL2"}
	{Matrix34
		-0.9913	-0.0355	-0.1268
		-0.0086	0.9784	-0.2068
		0.1314	-0.2039	-0.9701
		-0.3524	-1.3674	0.2194
	}
}
{Volume "wheelleft1"
	{Cylinder 5.23677 3.87454}
	{Bone "wheelL1"}
	{Matrix34
		-0.9998	0.0170	-0.0044
		0.0175	0.9680	-0.2503
		-0.0000	-0.2504	-0.9681
		0.0203	-0.8609	1.0206
	}
}
