;Model created by: <Igetfer>
;Model Modified by: <Albus>
;PLY Geometry by: <A.G.(Shasha), Igetfer>
;VOL Geometry by: <Igetfer>
{Skeleton
	{bone "basis"
		{Orientation
			1.0000	0.0000	0.0000
			0.0000	-1.0000	0.0000
			0.0000	0.0000	1.0000
		}
		{bone "emit1"
			{Matrix34
				1.0000	0.0000	0.0000
				0.0000	1.0000	0.0000
				0.0000	0.0000	1.0000
				-28.7803	9.0000	0.0000
			}
			{visibility 0}
		}
		{bone "gunner"
			{Matrix34
				1.0000	0.0000	0.0000
				0.0000	1.0000	0.0000
				0.0000	0.0000	1.0000
				-28.7803	9.0000	0.0000
			}
		}
		{bone "Visor"
			{Position 0.0000	0.0000	36.0000}
		}
		{bone revolute "stabilizator"
			{limits -10.0000 10.0000}
			{speed 0.002}
			{Orientation
				0.0000	0.0000	1.0000
				0.0000	1.0000	0.0000
				-1.0000	0.0000	0.0000
			}
			{bone "nogi"
				{parameters "ID=body;"}
				{Matrix34
					0.9077	0.0000	0.4194
					0.4194	0.0000	-0.9077
					0.0000	1.0000	0.0000
					15.1642	0.0000	2.6220
				}
				{VolumeView "nogi.ply"}
			}
			{bone "gun"
				{parameters "ID=gun;"}
				{Matrix34
					0.8746	0.0000	-0.4848
					-0.4848	0.0000	-0.8746
					0.0000	1.0000	0.0000
					0.5182	0.0000	12.6295
				}
				{VolumeView "gun.ply"}
				{bone revolute "gun_rot"
 					{limits -24.0000 10.0000}
					{speed 0.008}
					{Position 38.0000	0.0000	0.0000}
					{bone "foresight1"
						{Position 38.0000	0.0000	0.0000}
					}
				}
				{bone "Upor"
					{Matrix34
						0.87462	-0.4848	0.0000
						0.48481	0.8746	0.0000
						0.0000	0.0000	1.0000
						-0.6122	0.0000	0.0000
					}
					{VolumeView "upor.ply"}
				}
			}
		}
	}
}
{Volume "gun"
	{Box 26.0000 3.4 3.4}
	{Bone "gun"}
	{Position 14.0000 0.0000 0.0000}
}
{Volume "body"
	{Box 15.5000 3.4000 10.0000}
	{Bone "nogi"}
	{Position -8.5000 0.0000 0.0000}
}
{Volume "upor"
	{Box 1.0000 9.0000 9.0000}
	{Bone "upor"}
	{Position 1.0000 0.0000 0.0000}
}