;Exported by: sk
;Date:        Thu Aug 14 13:47:35 2003

{Skeleton
	{bone "barrels1"
		{Orientation
			1.0000	0.0000	0.0000
			0.0000	-1.0000	0.0000
			0.0000	0.0000	1.0000
		}
		{bone "FX_dust1"
			{Position 3.6667	4.4745	24.8943}
		}
		{bone "FX_stone1"
			{Position 23.0807	13.5772	9.7447}
		}
		{bone "Piece1"
			{Matrix34
				0.9530	-0.3031	0.0000
				0.3031	0.9530	0.0000
				0.0000	0.0000	1.0000
				-1.3541	11.4213	26.1240
			}
			{VolumeView "Piece1.ply"}
		}
		{bone "Piece2"
			{Matrix34
				0.9248	0.3804	0.0000
				-0.3804	0.9248	0.0000
				0.0000	0.0000	1.0000
				13.6437	4.4353	24.9868
			}
			{VolumeView "Piece2.ply"}
		}
		{bone "Piece4"
			{Matrix34
				0.0461	-0.9989	-0.0000
				-0.9989	-0.0461	0.0000
				-0.0000	0.0000	-1.0000
				-18.0672	11.5119	47.2311
			}
			{VolumeView "Piece4.ply"}
		}
		{bone "Piece5"
			{Matrix34
				0.2140	-0.9768	0.0000
				0.9768	0.2140	0.0000
				0.0000	0.0000	1.0000
				-5.9423	-0.7775	1.5839
			}
			{VolumeView "Piece5.ply"}
		}
		{bone "Piece6"
			{Matrix34
				-0.0461	-0.9989	0.0000
				0.9989	-0.0461	0.0000
				0.0000	0.0000	1.0000
				29.0562	-1.7490	0.3313
			}
			{VolumeView "Piece6.ply"}
		}
		{bone "Piece8"
			{Matrix34
				0.9229	-0.3850	0.0000
				0.3850	0.9229	0.0000
				0.0000	0.0000	1.0000
				6.3843	15.2367	1.6867
			}
			{VolumeView "Piece8.ply"}
		}
		{bone "Piece10"
			{Matrix34
				0.9229	-0.3850	0.0000
				0.3850	0.9229	0.0000
				0.0000	0.0000	1.0000
				12.1401	-0.6368	0.4055
			}
			{VolumeView "Piece10.ply"}
		}
		{bone "Piece3"
			{Matrix34
				0.0461	-0.9989	-0.0000
				-0.9989	-0.0461	0.0000
				-0.0000	0.0000	-1.0000
				39.1125	17.8842	20.5963
			}
			{VolumeView "Piece3.ply"}
		}
		{bone "Piece7"
			{Matrix34
				0.4640	0.8858	0.0000
				-0.8858	0.4640	0.0000
				0.0000	0.0000	1.0000
				-23.2291	0.1122	0.2477
			}
			{VolumeView "Piece7.ply"}
		}
		{bone "Piece9"
			{Matrix34
				0.9229	-0.3850	0.0000
				0.3850	0.9229	0.0000
				0.0000	0.0000	1.0000
				-29.0875	15.7594	1.6867
			}
			{VolumeView "Piece9.ply"}
		}
	}
}
{Volume "Piece9"
	{Cylinder 8.11816 24.0901}
	{Bone "Piece9"}
		{Matrix34
			0.9659	0.2588	-0.0000
			-0.2588	0.9659	-0.0000
			-0.0000	0.0000	1.0000
			0.0378	0.0716	10.3780
		}
}
{Volume "Piece7"
	{Cylinder 8.11816 24.0901}
	{Bone "Piece7"}
		{Matrix34
			0.3420	-0.9397	-0.0000
			0.9397	0.3420	-0.0000
			0.0000	0.0000	1.0000
			0.1318	0.0165	11.8170
		}
}
{Volume "Piece3"
	{Cylinder 8.11816 24.0901}
	{Bone "Piece3"}
		{Matrix34
			0.1786	-0.9839	-0.0000
			-0.9839	-0.1786	0.0000
			-0.0000	0.0000	-1.0000
			0.1312	0.0552	10.5969
		}
}
{Volume "Piece10"
	{Cylinder 8.11816 24.0901}
	{Bone "Piece10"}
		{Matrix34
			0.9659	0.2588	-0.0000
			-0.2588	0.9659	-0.0000
			-0.0000	0.0000	1.0000
			-0.0097	-0.0803	11.6592
		}
}
{Volume "Piece8"
	{Cylinder 8.11816 24.0901}
	{Bone "Piece8"}
		{Matrix34
			0.9659	0.2588	-0.0000
			-0.2588	0.9659	-0.0000
			-0.0000	0.0000	1.0000
			-0.0949	-0.1754	10.3780
		}
}
{Volume "Piece6"
	{Cylinder 8.11816 24.0901}
	{Bone "Piece6"}
		{Matrix34
			0.0872	0.9962	-0.0000
			-0.9962	0.0872	-0.0000
			-0.0000	0.0000	1.0000
			0.0359	-0.0196	11.7334
		}
}
{Volume "Piece5"
	{Cylinder 8.11816 24.0901}
	{Bone "Piece5"}
		{Matrix34
			0.3420	0.9397	-0.0000
			-0.9397	0.3420	-0.0000
			-0.0000	0.0000	1.0000
			-0.0095	-0.0189	10.4808
		}
}
{Volume "Piece4"
	{Cylinder 8.11816 24.0901}
	{Bone "Piece4"}
		{Matrix34
			0.1786	-0.9839	-0.0000
			-0.9839	-0.1786	0.0000
			-0.0000	0.0000	-1.0000
			0.1372	-0.0763	10.5969
		}
}
{Volume "Piece2"
	{Cylinder 8.11816 24.0901}
	{Bone "Piece2"}
		{Matrix34
			0.8660	-0.5000	0.0000
			0.5000	0.8660	0.0000
			0.0000	0.0000	1.0000
			0.0012	0.0136	11.6475
		}
}
{Volume "Piece1"
	{Cylinder 8.11816 24.0901}
	{Bone "Piece1"}
		{Matrix34
			0.9848	0.1736	0.0000
			-0.1736	0.9848	0.0000
			0.0000	0.0000	1.0000
			0.0273	-0.0561	10.5103
		}
}
