; Made by Albus & Dinsen (c) 2010
{Skeleton
	{bone revolute "Basis"
		{limits -0.0000 0.0000}
		{speed 0.0100}
		{Orientation
			1.0000	0.0000	0.0000
			0.0000	-1.0000	0.0000
			0.0000	0.0000	1.0000
		}
		{Position 0.0000	0.0000	1.0000}
		{bone "part2"
			{parameters "CommonMesh;ID=body;"}
			{Position -21.3858	-0.0899	6.3716}
			{VolumeView "part2.ply"}
		}
		{bone "body"
			{parameters "CommonMesh;ID=body;"}
			{Position -21.3858	-0.0899	6.3716}
			{VolumeView "body.ply"}
			{bone revolute "WheelR"
				{parameters "ID=wheelright;"}
				{Matrix34
					1.0000	0.0000	0.0000
					0.0000	0.0000	-1.0000
					0.0000	1.0000	0.0000
					25.1171	-15.9579	2.3566
				}
				{VolumeView "WheelR.ply"}
			}
			{bone revolute "WheelL"
				{parameters "ID=wheelleft;"}
				{Matrix34
					0.9962	0.0000	0.0872
					0.0872	0.0000	-0.9962
					0.0000	1.0000	0.0000
					25.1171	15.9416	2.3566
				}
				{VolumeView "WheelL.ply"}
			}
			{bone "part1"
				{parameters "CommonMesh;ID=body;"}
				{Matrix34
					0.0000	1.0000	0.0000
					-1.0000	0.0000	0.0000
					0.0000	0.0000	1.0000
					28.3597	-0.0376	4.4001
				}
				{VolumeView "part1.ply"}
			}
			{bone revolute "turret"
				{parameters "ID=turret;"}
				{limits -15.0000 15.0000}
				{speed 0.0100}
				{Matrix34
					0.0000	1.0000	0.0000
					-1.0000	0.0000	0.0000
					0.0000	0.0000	1.0000
					28.3597	-0.0376	4.4001
				}
				{VolumeView "turret.ply"}
				{bone revolute "gun_rot"
					{parameters "ID=gun;"}
					{limits -10.0000 25.0000}
					{speed 0.0100}
					{Matrix34
						0.0000	-1.0000	0.0000
						0.0000	0.0000	1.0000
						-1.0000	0.0000	0.0000
						0.4297	5.2399	4.3309
					}
					{VolumeView "gun_rot.ply"}
					{bone "gun"
						{parameters "ID=gun;"}
						{Matrix34
							0.0000	0.0000	-1.0000
							-1.0000	0.0000	0.0000
							0.0000	1.0000	0.0000
							-8.5961	2.0146	2.1129
						}
						{VolumeView "gun.ply"}
					}
				}
			}
		}
	}
}
{Volume "part1"
	{Box 16.1774 1.8623 16.9905}
	{Bone "part1"}
	{Position 10.8800 -10.0000 -2.9000}
}
{Volume "gun"
	{Cylinder 1.02623 36.0236}
	{Bone "gun"}
	{Matrix34
		1.0000	0.0000	0.0000
		0.0000	0.0000	1.0000
		0.0000	-1.0000	0.0000
		2.0008	-20.6015	1.0268
	}
}
{Volume "body"
	{Cylinder 1.9917 54.1673}
	{Bone "body"}
	{Matrix34
		-0.2559	0.9659	-0.0391
		-0.1390	0.0033	0.9903
		0.9566	0.2588	0.1334
		-0.8843	-11.4653	-0.5956
	}
}
{Volume "part2"
	{Cylinder 1.9917 54.1673}
	{Bone "part2"}
	{Matrix34
		-0.2488	-0.9630	-0.1033
		0.1480	0.0677	-0.9867
		0.9572	-0.2607	0.1257
		-0.8943	12.4032	-0.4377
	}
}
{Volume "part3"
	{Box 10.1774 26.8623 1.9905}
	{Bone "body"}
	{Position 23.0800 -0.2000 2.7000}
}
{Volume "wheelleft"
	{Cylinder 8.94871 3.90311}
	{Bone "WheelL"}
	{Matrix34
		0.9962	0.0872	0.0000
		0.0872	-0.9962	0.0000
		0.0000	0.0000	-1.0000
		0.0000	0.0000	-0.0280
	}
}
{Volume "wheelright"
	{Cylinder 8.94871 3.90311}
	{Bone "WheelR"}
	{Matrix34
		1.0000	0.0000	0.0000
		0.0000	-1.0000	0.0000
		0.0000	0.0000	-1.0000
		0.0000	0.0000	0.0461
	}
}
{Volume "turret"
	{Box 36.1774 1.8623 24.9905}
	{Bone "turret"}
	{Matrix34
		1.0000	-0.0024	-0.0024
		0.0009	-0.5030	0.8642
		0.0033	0.8642	0.5030
		0.0055	0.2385	11.0910
	}
}
