; made by Albus Feb 2011
{Skeleton
	{animation
		{sequence "drift" {speed 0.25}}
	}
	{bone "Basis"
		{Orientation
			1.0000	0.0000	0.0000
			0.0000	-1.0000	0.0000
			0.0000	0.0000	1.0000
		}
		{bone "volume_holder"
			{bone "emitx"
				{Matrix34
					0.0000	-1.0000	0.0000
					1.0000	0.0000	0.0000
					0.0000	0.0000	1.0000
					4.9710	52.2075	0.1212
				}
			}
		}
		{bone "FX_bulb_norm_engine1"
			{Matrix34
				-1.0000	0.0000	0.0000
				0.0000	-1.0000	0.0000
				0.0000	0.0000	1.0000
				-177.7988	0.1961	3.6926
			}
		}
		{bone "FX_bulb_norm_front1"
			{Matrix34
				0.4226	0.9063	0.0000
				-0.9063	0.4226	0.0000
				0.0000	0.0000	1.0000
				173.2820	20.0629	-0.7695
			}
		}
		{bone "FX_bulb_norm_front2"
			{Matrix34
				0.5000	-0.8660	0.0000
				0.8660	0.5000	0.0000
				0.0000	0.0000	1.0000
				173.2872	-20.6415	-0.7695
			}
		}
		{bone "FX_bulb_small_back1"
			{Matrix34
				0.0000	1.0000	0.0000
				-1.0000	0.0000	0.0000
				0.0000	0.0000	1.0000
				-178.6089	10.8541	2.6041
			}
		}
		{bone "FX_bulb_small_back2"
			{Matrix34
				-0.0000	-1.0000	0.0000
				1.0000	0.0000	0.0000
				0.0000	0.0000	1.0000
				-178.6089	-13.7996	2.6041
			}
		}
		{bone "FX_bulb_small_center1"
			{Matrix34
				0.0000	1.0000	0.0000
				-1.0000	0.0000	0.0000
				0.0000	0.0000	1.0000
				-39.2416	52.4313	3.5477
			}
		}
		{bone "FX_bulb_small_center2"
			{Matrix34
				-0.0000	-1.0000	0.0000
				1.0000	0.0000	0.0000
				0.0000	0.0000	1.0000
				-38.6922	-51.9036	3.5477
			}
		}
		{bone "FX_bulb_small_center9"
			{Matrix34
				0.0872	0.9962	0.0000
				-0.9962	0.0872	0.0000
				0.0000	0.0000	1.0000
				53.2365	54.6320	3.9851
			}
		}
		{bone "FX_bulb_small_center10"
			{Matrix34
				0.0872	-0.9962	0.0000
				0.9962	0.0872	0.0000
				0.0000	0.0000	1.0000
				53.3364	-53.7433	3.9851
			}
		}
		{bone "Body"
			{parameters "ID=body;"}
			{Position 12.6616	0.1249	-7.0285}
			{VolumeView "Body.ply"}
			{bone revolute "turret"
				{Position 35.6433	1.0281	84.0109}
				{bone "Visor"
					{Position 0.0000	0.0000	20.0000}
				}
			}
			{bone "FX_smoke"
				{Matrix34
					-0.1736	0.0000	0.9848
					0.0000	-1.0000	0.0000
					0.9848	0.0000	0.1736
					-55.1259	1.4000	91.8041
				}
			}
			{bone "passenger1"
				{Position 8.0640	0.5500	21.1271}
			}
			{bone "driver"
				{Position 8.0640	0.5500	21.1271}
			}
			{bone "emit1"
				{Matrix34
					0.0000	-1.0000	0.0000
					1.0000	0.0000	0.0000
					0.0000	0.0000	1.0000
					11.5751	56.6188	10.5550
				}
				{visibility 0}
			}
			{bone "emit2"
				{Matrix34
					0.0000	1.0000	0.0000
					-1.0000	0.0000	0.0000
					0.0000	0.0000	1.0000
					3.4176	-56.4739	10.5550
				}
				{visibility 0}
			}
			{bone "Cabin"
				{parameters "ID=cabin;"}
				{Position 14.9379	-0.1012	60.0532}
				{VolumeView "Cabin.ply"}
				{bone revolute "progector"
					{limits -45.0000 45.0000}
					{speed 0.0100}
					{Position -0.0107	0.1756	0.0428}
					{VolumeView "progector.ply"}
					{bone revolute "lamp_glass1"
						{limits -2.0000 2.0000}
						{Matrix34
							0.9262	0.0000	-0.3771
							0.0000	-1.0000	0.0000
							-0.3771	-0.0000	-0.9262
							12.7131	1.3021	33.1702
						}
					}
					{bone "lamp_light_spot1"
						{parameters "ID=cabine;"}
						{Matrix34
							0.9768	0.0000	-0.2140
							0.0000	1.0000	0.0000
							0.2140	0.0000	0.9768
							12.5853	1.3844	32.0995
						}
					}
				}
			}
		}
	}
}
{Volume "lamp1"
	{Box 3.71935 4.89118 5.06686}
	{Bone "progector"}
	{Matrix34
		0.8402	0.0000	-0.3421
		0.0000	1.8280	0.0000
		0.5851	0.0000	1.4370
		10.8741	1.7609	32.4660
	}
}
{Volume "cabin"
	{Box 184.11 64.9084 33.8956}
	{Bone "Cabin"}
	{Position -62.6635	1.7313	-24.7896}
}
{Volume "cabin2"
	{Box 52.1099 40.9084 30.8956}
	{Bone "Cabin"}
	{Position -0.5635	1.4313	6.6104}
}
{Volume "Body"
	{Polyhedron "Body.vol"}
	{Bone "Body"}
	{Matrix34
		2.4042	0.0000	0.0000
		0.0000	2.2740	0.0000
		0.0000	0.0000	2.4819
		-47.2381	0.8485	-14.8480
	}
}
{Volume "ballast4"
	{Box 19.685 19.685 78.7402}
	{Bone "volume_holder"}
	{Matrix34
		0.0000	0.0000	1.9763
		0.0000	1.8063	0.0000
		-2.2447	0.0000	0.0000
		-99.5102	-28.1183	-11.0000
	}
}
{Volume "ballast2"
	{Box 19.685 19.685 78.7402}
	{Bone "volume_holder"}
	{Matrix34
		0.0000	0.0000	1.9763
		0.0000	1.8063	0.0000
		-2.2447	0.0000	0.0000
		-99.5102	28.1183	-11.0000
	}
}
{Volume "ballast1"
	{Box 19.685 19.685 78.7402}
	{Bone "volume_holder"}
	{Matrix34
		0.0000	0.0000	2.1100
		0.0000	1.7859	0.0000
		-2.8712	0.0000	0.0000
		102.1610	29.2349	-10.3352
	}
}
{Volume "ballast3"
	{Box 19.685 19.685 78.7402}
	{Bone "volume_holder"}
	{Matrix34
		0.0000	0.0000	2.1100
		0.0000	1.7859	0.0000
		-2.8712	0.0000	0.0000
		102.1610	-28.2349	-10.3352
	}
}
