;Exported by: vic
;Date:        Wed Nov 26 17:35:12 2003
;File:        D:\-Projects-\-3DWork-\Constructions\NEW\Ruini\elements town10_xx.max
{Skeleton
	{bone "e-house103_x"
		{Orientation
			1.0000	0.0000	0.0000
			0.0000	-1.0000	0.0000
			0.0000	0.0000	1.0000
		}
		{bone "piece0"
			{Position 27.5394	22.8554	85.6299}
			{VolumeView "piece0.ply"}
		}
		{bone "piece1"
			{Position 31.4975	-41.3398	85.6299}
			{VolumeView "piece1.ply"}
		}
		{bone "piece2"
			{Position -14.6845	56.0897	80.9034}
			{VolumeView "piece2.ply"}
		}
		{bone "sub_piece0"
			{Position 28.2344	25.0585	26.5748}
			{VolumeView "sub_piece0.ply"}
		}
		{bone "sub_piece1"
			{Position 31.4975	-3.8500	62.9921}
			{VolumeView "sub_piece1.ply"}
		}
		{bone "sub_piece2"
			{Position 31.4975	-3.5864	120.0787}
			{VolumeView "sub_piece2.ply"}
		}
		{bone "sub_piece3"
			{Position 31.4975	-33.3775	21.6535}
			{VolumeView "sub_piece3.ply"}
		}
		{bone "sub_piece4"
			{Position -4.9624	58.3105	22.5560}
			{VolumeView "sub_piece4.ply"}
		}
	}
}
{Volume "sub_piece4"
	{Box 9.84252 14.1352 43.228}
	{Bone "sub_piece4"}
	{Matrix34
		0.3420	0.9397	0.0000
		-0.9397	0.3420	0.0000
		0.0000	0.0000	1.0000
		-2.1133	0.4961	-0.9420
	}
}
{Volume "sub_piece3"
	{Box 9.84252 19.2031 43.228}
	{Bone "sub_piece3"}
	{Position 0.1045	0.1302	-0.0395}
}
{Volume "sub_piece2"
	{Box 9.84252 30.551 15.6101}
	{Bone "sub_piece2"}
	{Position -0.0801	-0.1277	-0.2361}
}
{Volume "sub_piece1"
	{Box 9.84252 27.1493 16.2105}
	{Bone "sub_piece1"}
	{Position -0.0801	0.4375	1.8334}
}
{Volume "sub_piece0"
	{Box 9.84252 14.2368 49.5321}
	{Bone "sub_piece0"}
	{Matrix34
		0.9063	0.4226	0.0000
		-0.4226	0.9063	0.0000
		0.0000	0.0000	1.0000
		1.8360	-2.6992	-1.8088
	}
}
{Volume "piece2"
	{Box 9.84252 17.8788 65.4424}
	{Bone "piece2"}
	{Matrix34
		0.6428	0.7660	0.0000
		-0.7660	0.6428	0.0000
		0.0000	0.0000	1.0000
		9.8005	2.6476	-2.5726
	}
}
{Volume "piece1"
	{Box 9.84252 30.2455 54.3862}
	{Bone "piece1"}
	{Position -0.0483	8.0895	-15.3318}
}
{Volume "piece0"
	{Box 9.84252 19.685 62.4404}
	{Bone "piece0"}
	{Matrix34
		0.9063	0.4226	0.0000
		-0.4226	0.9063	0.0000
		0.0000	0.0000	1.0000
		1.5896	0.2243	-0.9635
	}
}
