;Exported by: dinsen
;Date:        Wed Nov 02 01:58:20 2011
;File:        C:\Archivos de programa\Autodesk\3dsMax8\scenes\pendientes\bunquer_sac.max
{Skeleton
	{bone "body"
		{Orientation
			1.0000	0.0000	0.0000
			0.0000	-1.0000	0.0000
			0.0000	0.0000	1.0000
		}
		{VolumeView "body.ply"}
		{bone "piece2"
			{Position 31.1277	-30.9357	18.5897}
			{VolumeView "piece2.ply"}
		}
		{bone "piece11"
			{Position -21.9389	-30.3664	18.5438}
			{VolumeView "piece11.ply"}
		}
		{bone "piece4"
			{Position 6.6480	-30.6328	16.0581}
			{VolumeView "piece4.ply"}
		}
		{bone "piece8"
			{Position -19.3332	-12.5542	32.1535}
			{VolumeView "piece8.ply"}
		}
		{bone "piece6"
			{Position 12.6506	-10.8984	32.1508}
			{VolumeView "piece6.ply"}
		}
		{bone "piece10"
			{Position -41.6035	-18.0337	18.3667}
			{VolumeView "piece10.ply"}
		}
		{bone "piece3"
			{Position 32.4629	4.5553	31.9357}
			{VolumeView "piece3.ply"}
		}
		{bone "piece0"
			{Position 49.5978	-12.0256	12.9199}
			{VolumeView "piece0.ply"}
		}
		{bone "piece7"
			{Position 4.8101	10.7899	31.8332}
			{VolumeView "piece7.ply"}
		}
		{bone "piece9"
			{Position -22.8675	11.8990	31.8150}
			{VolumeView "piece9.ply"}
		}
		{bone "piece14"
			{Position -41.3598	2.8232	12.0949}
			{VolumeView "piece14.ply"}
		}
		{bone "piece1"
			{Position 49.8949	15.2795	12.5445}
			{VolumeView "piece1.ply"}
		}
		{bone "piece13"
			{Position -41.2074	30.4498	17.0160}
			{VolumeView "piece13.ply"}
		}
		{bone "piece5"
			{Position 3.4073	30.8527	13.0986}
			{VolumeView "piece5.ply"}
		}
		{bone "piece12"
			{Position -16.1581	31.1024	13.0614}
			{VolumeView "piece12.ply"}
		}
		{bone "medares"
			{Position 3.5476	-1.8176	8.5600}
			{VolumeView "medares.ply"}
		}
	}
}
{Obstacle "body4"
	{Obb2
		{Center 41.0601 -28.8112}
		{Extent 12.6296 4.80281}
		{Axis 1 0}
	}
	{Rotate}
}
{Obstacle "body3"
	{Obb2
		{Center -18.1746 -28.9891}
		{Extent 30.9515 4.62493}
		{Axis 1 0}
	}
	{Rotate}
}
{Obstacle "body2"
	{Obb2
		{Center -44.8569 0.00563812}
		{Extent 4.98069 33.6197}
		{Axis 1 0}
	}
	{Rotate}
}
{Obstacle "body1"
	{Obb2
		{Center 48.7089 1.07292}
		{Extent 5.33646 33.6197}
		{Axis 1 0}
	}
	{Rotate}
}
{Obstacle "body"
	{Obb2
		{Center 1.17365 28.5521}
		{Extent 51.3189 5.78595}
		{Axis 1 0}
	}
	{Rotate}
}
{Obstacle "madera1"
	{Obb2
		{Center 40.8942 21.4913}
		{Extent 2.31246 3.73552}
		{Axis 1 0}
	}
	{Rotate}
}
{Obstacle "madera"
	{Obb2
		{Center 40.8942 -19.0918}
		{Extent 2.31246 3.73552}
		{Axis 1 0}
	}
	{Rotate}
}
{Volume "body4"
	{Box 25.2592 9.60563 10.3172}
	{Bone "body"}
	{Position 41.0601	28.8112	2.5436}
}
{Volume "body3"
	{Box 61.9029 9.24986 7.11528}
	{Bone "body"}
	{Position -18.1746	28.9891	0.9427}
}
{Volume "body2"
	{Box 9.96139 67.2394 9.60562}
	{Bone "body"}
	{Position -44.8569	-0.0056	2.1879}
}
{Volume "body1"
	{Box 10.6729 67.2394 8.53833}
	{Bone "body"}
	{Position 48.7089	-1.0729	1.6542}
}
{Volume "body"
	{Box 102.638 11.5719 10.5656}
	{Bone "body"}
	{Position 1.1737	-28.5521	2.6679}
}
{Volume "madera1"
	{Box 4.62493 29.1726 7.47104}
	{Bone "medares"}
	{Matrix34
		1.0000	0.0000	-0.0000
		-0.0000	-0.0000	1.0000
		0.0000	-1.0000	-0.0000
		37.3466	-19.6737	3.5182
	}
}
{Volume "madera"
	{Box 4.62493 29.1726 7.47104}
	{Bone "medares"}
	{Matrix34
		1.0000	0.0000	-0.0000
		-0.0000	-0.0000	1.0000
		0.0000	-1.0000	-0.0000
		37.3466	20.9095	3.5181
	}
}
{Volume "piece12"
	{Box 15.7621 9.55401 3.88543}
	{Bone "piece12"}
	{Matrix34
		0.7071	0.7071	-0.0000
		-0.7071	0.7071	-0.0000
		0.0000	0.0000	1.0000
		-0.0000	-0.0000	0.1751
	}
}
{Volume "piece5"
	{Box 16.1041 11.9392 4.36961}
	{Bone "piece5"}
	{Position -0.0000	-0.0000	-0.0963}
}
{Volume "piece13"
	{Box 16 11 4}
	{Bone "piece13"}
	{Matrix34
		0.8999	-0.4361	0.0000
		0.4361	0.8999	0.0000
		0.0000	0.0000	1.0000
		-0.0000	-0.0000	0.1920
	}
}
{Volume "piece1"
	{Box 16 11 4}
	{Bone "piece1"}
	{Matrix34
		0.8870	-0.4617	-0.0000
		0.4617	0.8870	0.0000
		0.0000	0.0000	1.0000
		0.0000	-0.0000	0.4430
	}
}
{Volume "piece14"
	{Box 16 11 4}
	{Bone "piece14"}
	{Matrix34
		0.6370	0.7708	-0.0000
		-0.7708	0.6370	-0.0000
		0.0000	0.0000	1.0000
		0.0000	-0.0000	0.0066
	}
}
{Volume "piece9"
	{Box 16 11 4}
	{Bone "piece9"}
	{Matrix34
		0.9606	0.2779	-0.0000
		-0.2779	0.9606	-0.0000
		0.0000	0.0000	1.0000
		-0.0000	-0.0000	-0.0638
	}
}
{Volume "piece7"
	{Box 16 11 4}
	{Bone "piece7"}
	{Matrix34
		0.8122	0.5833	-0.0000
		-0.5833	0.8122	-0.0000
		0.0000	0.0000	1.0000
		-0.0000	0.0000	0.0118
	}
}
{Volume "piece0"
	{Box 16 11 4}
	{Bone "piece0"}
	{Matrix34
		0.3802	-0.9249	0.0000
		0.9249	0.3802	0.0000
		0.0000	-0.0000	1.0000
		-0.0000	-0.0000	0.1364
	}
}
{Volume "piece3"
	{Box 16 11 4}
	{Bone "piece3"}
	{Matrix34
		0.8300	0.5577	-0.0000
		-0.5577	0.8300	-0.0000
		0.0000	0.0000	1.0000
		0.0000	-0.0000	-0.0091
	}
}
{Volume "piece10"
	{Box 16 11 4}
	{Bone "piece10"}
	{Matrix34
		0.4599	-0.8879	-0.0000
		0.8879	0.4599	0.0000
		0.0000	0.0000	1.0000
		-0.0000	-0.0000	0.0653
	}
}
{Volume "piece6"
	{Box 16 11 4}
	{Bone "piece6"}
	{Matrix34
		0.9431	-0.3324	-0.0000
		0.3324	0.9431	0.0000
		0.0000	0.0000	1.0000
		-0.0000	0.0000	-0.1412
	}
}
{Volume "piece8"
	{Box 16 11 4}
	{Bone "piece8"}
	{Matrix34
		0.9349	-0.3549	-0.0000
		0.3549	0.9349	-0.0000
		-0.0000	0.0000	1.0000
		-0.0000	0.0000	0.0176
	}
}
{Volume "piece4"
	{Box 16 11 4}
	{Bone "piece4"}
	{Matrix34
		0.7627	-0.6467	-0.0000
		0.6467	0.7627	0.0000
		0.0000	0.0000	1.0000
		-0.0000	-0.0000	-0.0812
	}
}
{Volume "piece11"
	{Box 16 11 4}
	{Bone "piece11"}
	{Matrix34
		0.8856	0.4645	-0.0000
		-0.4645	0.8856	0.0000
		0.0000	0.0000	1.0000
		-0.0166	-0.0000	0.1918
	}
}
{Volume "piece2"
	{Box 16 11 4}
	{Bone "piece2"}
	{Matrix34
		0.9724	0.2334	-0.0000
		-0.2334	0.9724	-0.0000
		0.0000	0.0000	1.0000
		0.0000	-0.0000	-0.1265
	}
}
