;Exported by: sk
;Date:        Mon May 03 11:47:06 2004
;File:        D:\-Projects-\-3DWork-\Soldiers\background\allied trooper03.max
{Skeleton
	{animation
		{sequence "animation1" {speed 0.5} {autostart}}
	}
	{bone revolute "Basis"
		{Orientation
			1.0000	0.0000	0.0000
			0.0000	-1.0000	0.0000
			0.0000	0.0000	1.0000
		}
		{bone "Body"
			{Matrix34
				0.0000	0.0000	1.0000
				0.1910	-0.9816	0.0000
				0.9816	0.1910	0.0000
				-0.0000	0.0345	19.7548
			}
			{visibility 0}
			{bone "foot1L"
				{Matrix34
					-0.9823	-0.0795	0.1696
					0.1501	0.2072	0.9667
					0.1120	-0.9751	0.1916
					-0.1435	-2.1310	-0.4890
				}
				{visibility 0}
				{bone "foot2L"
					{Matrix34
						0.9371	-0.3491	-0.0000
						0.3491	0.9371	-0.0000
						0.0000	0.0000	1.0000
						9.3784	-0.0472	0.0000
					}
					{visibility 0}
					{bone "Bone06"
						{Matrix34
							0.2214	0.9740	0.0488
							-0.9723	0.2166	0.0881
							0.0752	-0.0670	0.9949
							8.7402	0.1133	0.0057
						}
						{visibility 0}
					}
					{bone "foot3L"
						{Matrix34
							0.1190	0.9908	0.0645
							0.0988	-0.0764	0.9922
							0.9880	-0.1117	-0.1070
							9.2003	-0.3463	-0.0730
						}
						{visibility 0}
						{bone "Bone07"
							{Position 2.6001	0.0000	-0.0000}
							{visibility 0}
						}
					}
				}
			}
			{bone "foot1R"
				{Matrix34
					-0.9906	0.0980	0.0949
					0.1111	0.1762	0.9781
					0.0792	0.9795	-0.1855
					-0.1435	2.1710	-0.4888
				}
				{visibility 0}
				{bone "foot2R"
					{Matrix34
						0.9319	-0.3628	0.0000
						0.3628	0.9319	0.0000
						-0.0000	-0.0000	1.0000
						9.3783	-0.0472	0.0000
					}
					{visibility 0}
					{bone "Bone03"
						{Matrix34
							0.2214	0.9740	0.0488
							-0.9723	0.2166	0.0881
							0.0752	-0.0670	0.9949
							8.7402	0.1133	0.0057
						}
						{visibility 0}
					}
					{bone "foot3R"
						{Matrix34
							0.0670	0.9913	0.1135
							-0.0695	0.1182	-0.9906
							-0.9953	0.0585	0.0768
							9.2003	-0.3463	-0.0730
						}
						{visibility 0}
						{bone "Bone05"
							{Position 2.6001	-0.0000	-0.0000}
							{visibility 0}
						}
					}
				}
			}
			{bone revolute "IK_LeftRight"
				{limits -60.0000 60.0000}
				{speed 0.1000}
				{Matrix34
					0.0000	-0.0000	1.0000
					-0.0000	-1.0000	-0.0000
					1.0000	-0.0000	0.0000
					1.9037	0.0345	0.0000
				}
				{visibility 0}
				{bone revolute "IK_UpDown"
					{limits -40.0000 20.0000}
					{speed 0.1000}
					{Matrix34
						0.9964	-0.0051	-0.0847
						0.0847	0.0000	0.9964
						-0.0051	-1.0000	0.0004
						0.0000	-0.0000	1.6680
					}
					{visibility 0}
					{bone "Head"
						{Matrix34
							0.7188	0.0622	-0.6925
							-0.6940	0.0056	-0.7199
							-0.0409	0.9980	0.0473
							0.0000	7.2146	0.0000
						}
						{visibility 0}
					}
					{bone "Hand1R"
						{Matrix34
							-0.2140	-0.9548	0.2065
							0.8388	-0.2879	-0.4620
							0.5005	0.0744	0.8625
							-0.0888	5.8989	4.1259
						}
						{visibility 0}
						{bone "Hand2R"
							{Matrix34
								0.8606	0.5093	-0.0000
								-0.5093	0.8606	0.0000
								-0.0000	-0.0000	1.0000
								6.2681	-0.0000	-0.0000
							}
							{visibility 0}
							{bone "Hand3R"
								{Matrix34
									0.9826	-0.1857	0.0000
									0.1857	0.9826	0.0000
									-0.0000	-0.0000	1.0000
									5.1922	-0.0000	-0.0000
								}
								{visibility 0}
							}
						}
					}
					{bone "Hand1L"
						{Matrix34
							0.0076	-0.9931	-0.1171
							0.9886	0.0251	-0.1487
							0.1507	-0.1146	0.9819
							-0.2726	5.7421	-4.0136
						}
						{visibility 0}
						{bone "Hand2L"
							{Matrix34
								0.8906	0.4547	-0.0000
								-0.4547	0.8906	0.0000
								-0.0000	0.0000	1.0000
								6.2681	-0.0000	-0.0000
							}
							{visibility 0}
							{bone "Hand3L"
								{Matrix34
									0.9826	-0.1857	0.0000
									0.1857	0.9826	0.0000
									-0.0000	-0.0000	1.0000
									5.1922	-0.0000	-0.0000
								}
								{visibility 0}
							}
						}
					}
				}
			}
		}
		{bone "Skin"
			{parameters "CommonMesh;NoSkin;"}
			{Matrix34
				0.9063	0.0000	-0.4226
				-0.0000	-1.0000	-0.0000
				0.4226	-0.0000	0.9063
				-0.1154	-0.0001	26.9396
			}
			{VolumeView "Skin.ply"}
		}
	}
}
