{mission
	{Camera
		{Position 2251.04 6770.41}
		{Distance 907.657}
		{ViewAngle 0.518944}
		{YawAngle -0.657438}
	}
	{Environment "day"}
	{User 1}
	{GameProgress 0 0}
	{Entity "pz-2f" 0x8610
		{Position 5820.64 364.997 0.239716}
		{Turn 126.08}
		{Placer
			{State "seat4" {Broken}}
		}
		{Extender "inventory"
			{box
				{clear}
				{item "ammo mgun" 1900 {cell 0 0}}
				{item "repair_kit" {cell 1 2}}
				{item "bullet20 ap" 49 {cell 0 1}}
			}
		}
		{Player 2}
		{MID 12}
		{Weaponry
			{Number 1}
			{State "gun"
				{Weapon
					{Ammo "bullet20 ap" 1}
				}
			}
			{State "mgun"
				{Weapon
					{Ammo "ammo mgun" 100}
				}
			}
		}
	}
	{Entity "_infantry1_ger" 0x8616
		{Position 5271.2 838.061 0}
		{Turn 65.1296}
		{Extender "inventory"
			{box
				{clear}
				{item "ammo bazooka" {cell 0 0}}
				{item "ammo bazooka" {cell 2 0}}
				{item "ammo bazooka" {cell 4 0}}
				{item "ammo bazooka" {cell 6 0}}
				{item "ammo bazooka" {cell 0 1}}
				{item "ammo pistol" 30 {cell 2 1}}
				{item "valter" {cell 4 1}}
				{item "weapon panzershreck" {cell 0 2}}
			}
		}
		{Player 2}
		{MID 18}
		{Breed "ger.bazoker"}
		{LastItem "weapon bazooka"}
		{FsmState "squat"}
	}
	{Entity "_infantry1_ger" 0x8618
		{Position 5124.39 1087.1 -2.87891}
		{Turn 58.8449}
		{Extender "inventory"
			{box
				{clear}
				{item "ammo pistol" 100 {cell 4 0}}
				{item "ammo pistol" 20 {cell 6 0}}
				{item "grenade m24" {cell 4 1}}
				{item "grenade m24" {cell 6 1}}
			}
		}
		{Player 2}
		{MID 21}
		{Weaponry
			{State
				{Mounted "sg44"}
				{Weapon
					{Ammo "ammo pistol" 30}
				}
			}
		}
		{Breed "mp44_ger_soldier"}
		{LastItem "mp41"}
		{FsmState "stand"}
	}
	{Entity "_infantry2_rus" 0x8619
		{Position 5176.83 1098.15 -6.5573}
		{Turn 118.149}
		{Extender "inventory"
			{box
				{clear}
				{item "ammo pistol" 45 {cell 0 0}}
				{item "grenade m24" {cell 2 0}}
				{item "mp40" {cell 4 0}}
			}
			{hand_right
				{Item 0x9017 "grenade m24"}
			}
		}
		{Player 2}
		{MID 22}
		{Breed "ger.infantry_smg"}
		{LastThrowItem "grenade m24"}
		{FsmState "stand"}
	}
	{Entity "_infantry2_rus" 0x861a
		{Position 5542.99 893.363 0}
		{Turn -146.308}
		{Extender "inventory"
			{box
				{clear}
				{item "ammo bazooka" {cell 0 0}}
				{item "ammo bazooka" {cell 2 0}}
				{item "ammo bazooka" {cell 4 0}}
				{item "ammo bazooka" {cell 6 0}}
				{item "ammo bazooka" {cell 0 1}}
				{item "weapon bazooka" {cell 2 1}}
				{item "grenade m24" {cell 0 3}}
				{item "grenade m24" {cell 2 3}}
				{item "grenade m39" {cell 7 1}}
				{item "grenade m39" {cell 0 2}}
			}
		}
		{Player 2}
		{MID 23}
		{Breed "ger.infantry_smg"}
		{FsmState "stand"}
	}
	{Entity "_infantry2_rus" 0x861b
		{Position 5586.51 939.628 0.627473}
		{Turn 138.964}
		{Extender "inventory"
			{box
				{clear}
				{item "ammo pistol" 20 {cell 0 0}}
				{item "grenade m24" {cell 2 0}}
				{item "ammo pistol" 100 {cell 0 1}}
				{item "grenade m39" {cell 4 0}}
				{item "grenade m39" {cell 5 0}}
				{item "mp41" {cell 2 1}}
			}
			{hand_right
				{Item 0x8033 "grenade m24"}
			}
		}
		{Player 2}
		{MID 25}
		{Breed "ger.infantry_smg"}
		{LastThrowItem "grenade m24"}
		{FsmState "stand"}
	}
	{Entity "pz-4d" 0x8622
		{Position 5739.7 563.903 0.211121}
		{Turn 130.309}
		{TexMod "ambush"}
		{Extender "inventory"
			{box
				{clear}
				{item "ammo mgun" 1900 {cell 0 0}}
				{item "repair_kit" {cell 1 2}}
				{item "bullet75 ap" 49 {cell 0 1}}
				{item "bullet75 fg" 27 {cell 0 4}}
			}
		}
		{Player 2}
		{MID 28}
		{Weaponry
			{Number 1}
			{State "gun"
				{Weapon
					{Ammo "bullet75 ap" 1}
				}
			}
			{State "mgun"
				{Weapon
					{Ammo "ammo mgun" 100}
				}
			}
		}
	}
	{Entity "sdkfz-223" 0x8623
		{Position 5776.51 250.03 2.59216}
		{Turn 147.196}
		{TexMod "ambush1"}
		{Extender "inventory"
			{box
				{clear}
				{item "ammo mgun" 1900 {cell 0 0}}
				{item "repair_kit" {cell 1 2}}
			}
		}
		{Player 2}
		{MID 34}
		{Weaponry
			{State
				{Weapon
					{Ammo "ammo mgun" 100}
				}
			}
		}
	}
	{Entity "_infantry2_rus" 0x8628
		{Position 5785.02 246.533 21.8781}
		{Orientation
			 -0.839987   0.541427  -0.035758
			 -0.542320  -0.835580   0.087722
			  0.017616   0.093077   0.995503
		}
		{Extender "inventory"
			{box
				{clear}
				{item "ammo pistol" 20 {cell 0 0}}
				{item "mp40" {cell 0 1}}
				{item "grenade m24" {cell 4 0}}
			}
		}
		{DisableObstacles}
		{Player 2}
		{MID 39}
		{Breed "ger.infantry_smg"}
		{FsmState "board"}
	}
	{Entity "_infantry2_rus" 0x8629
		{Position 5765.47 265.27 10.6748}
		{Orientation
			 -0.766679   0.534872   0.355018
			 -0.542320  -0.835580   0.087722
			  0.343565  -0.125279   0.930694
		}
		{Extender "inventory"
			{box
				{clear}
				{item "ammo pistol" 20 {cell 0 0}}
				{item "mp40" {cell 0 1}}
				{item "grenade m24" {cell 4 0}}
			}
		}
		{DisableObstacles}
		{Player 2}
		{MID 40}
		{Breed "ger.infantry_smg"}
		{FsmState "board"}
	}
	{Entity "_infantry2_rus" 0x862a
		{Position 5465.44 398.127 0}
		{Turn 62.4851}
		{Extender "inventory"
			{box
				{clear}
				{item "ammo pistol" 45 {cell 0 0}}
				{item "grenade m24" {cell 2 0}}
			}
		}
		{Player 2}
		{MID 46}
		{Weaponry
			{State
				{Mounted "mp40"}
				{Weapon
					{Ammo "ammo pistol" 32}
				}
			}
		}
		{Breed "ger.infantry_smg"}
		{FsmState "stand"}
	}
	{Entity "_infantry1_ger" 0x862b
		{Position 5450.44 385.303 0}
		{Turn 67.9052}
		{Extender "inventory"
			{box
				{clear}
				{item "ammo pistol" 100 {cell 4 0}}
				{item "ammo pistol" 20 {cell 6 0}}
				{item "grenade m24" {cell 4 1}}
				{item "grenade m24" {cell 6 1}}
			}
		}
		{Player 2}
		{MID 47}
		{Weaponry
			{State
				{Mounted "sg44"}
				{Weapon
					{Ammo "ammo pistol" 30}
				}
			}
		}
		{Breed "mp44_ger_soldier"}
		{LastItem "mp41"}
		{FsmState "stand"}
	}
	{Entity "_infantry2_rus" 0x862c
		{Position 5411.19 495.115 2}
		{Turn 115.991}
		{Extender "inventory"
			{box
				{clear}
				{item "ammo pistol" 20 {cell 0 0}}
				{item "grenade m24" {cell 2 0}}
				{item "grenade m24" {cell 4 0}}
			}
		}
		{Player 2}
		{MID 48}
		{Weaponry
			{State
				{Mounted "mp40"}
				{Weapon
					{Ammo "ammo pistol" 32}
				}
			}
		}
		{Breed "ger.infantry_smg"}
		{FsmState "stand"}
	}
	{Entity "_infantry2_rus" 0x862d
		{Position 5464.45 507.683 0}
		{Turn 50.8446}
		{Extender "inventory"
			{box
				{clear}
				{item "ammo pistol" 20 {cell 0 0}}
				{item "grenade m24" {cell 2 0}}
			}
		}
		{Player 2}
		{MID 49}
		{Weaponry
			{State
				{Mounted "mp40"}
				{Weapon
					{Ammo "ammo pistol" 32}
				}
			}
		}
		{Breed "ger.infantry_smg"}
		{FsmState "stand"}
	}
	{Entity "_infantry1_ger" 0x862e
		{Position 5763.22 103.141 23.0484}
		{Turn -177.2}
		{Extender "inventory"
			{box
				{clear}
				{item "ammo mgun" 100 {cell 5 0}}
				{item "ammo mgun" 100 {cell 5 1}}
				{item "grenade m39" {cell 0 0}}
			}
		}
		{Player 2}
		{MID 50}
		{Weaponry
			{State
				{Mounted "mg34"}
				{Weapon
					{Ammo "ammo mgun" 50}
				}
			}
		}
		{Breed "ger.infantry_mgun"}
		{LastItem "mp41"}
		{FsmState "stand"}
	}
	{Entity "pz-2f" 0x8634
		{Position 4369.68 481.355 1.77221}
		{Turn 127.945}
		{Placer
			{State "seat4" {Broken}}
		}
		{Extender "inventory"
			{box
				{clear}
				{item "repair_kit" {cell 1 2}}
				{item "ammo mgun" 1900 {cell 0 0}}
				{item "bullet20 ap" 49 {cell 0 1}}
				{item "bullet20 fg" 27 {cell 0 4}}
			}
		}
		{Player 2}
		{MID 51}
		{Weaponry
			{State "gun"
				{Weapon
					{Ammo "bullet20 ap" 1}
				}
			}
			{State "mgun"
				{Weapon
					{Ammo "ammo mgun" 100}
				}
			}
		}
	}
	{Entity "pz-4d" 0x8635
		{Position 4835.73 379.619 0}
		{Turn 93.6908}
		{Extender "inventory"
			{box
				{clear}
				{item "ammo mgun" 1900 {cell 0 0}}
				{item "repair_kit" {cell 1 2}}
				{item "bullet75 ap" 49 {cell 0 1}}
				{item "bullet75 fg" 27 {cell 0 4}}
			}
		}
		{Player 2}
		{MID 63}
		{Weaponry
			{Number 1}
			{State "gun"
				{Weapon
					{Ammo "bullet75 ap" 1}
				}
			}
			{State "mgun"
				{Weapon
					{Ammo "ammo mgun" 100}
				}
			}
		}
	}
	{Entity "pz-3g" 0x8636
		{Position 5035.06 408.808 0}
		{Turn 96.3092}
		{TexMod "ambush1"}
		{Extender "inventory"
			{box
				{clear}
				{item "ammo mgun" 1900 {cell 0 0}}
				{item "repair_kit" {cell 1 2}}
				{item "bullet50 ap" 49 {cell 0 1}}
				{item "bullet50 fg" 27 {cell 0 4}}
			}
		}
		{Player 2}
		{MID 64}
		{Weaponry
			{State "gun"
				{Weapon
					{Ammo "bullet50 ap" 1}
				}
			}
			{State "mgun"
				{Weapon
					{Ammo "ammo mgun" 100}
				}
			}
		}
	}
	{Entity "_infantry2_rus" 0x8637
		{Position 4359.04 278.099 34.3808}
		{Extender "inventory"
			{box
				{clear}
				{item "ammo mgun" 100 {cell 0 1}}
				{item "ammo mgun" 100 {cell 0 0}}
				{item "grenade m24" {cell 0 2}}
			}
		}
		{Player 2}
		{MID 65}
		{Weaponry
			{State
				{Mounted "mg34"}
				{Weapon
					{Ammo "ammo mgun" 50}
				}
			}
		}
		{Breed "ger.infantry_mgun"}
		{FsmState "stand"}
	}
	{Entity "_infantry1_ger" 0x8638
		{Position 4390.18 181.562 36.8249}
		{Extender "inventory"
			{box
				{clear}
				{item "ammo mgun" 100 {cell 0 1}}
				{item "ammo mgun" 100 {cell 0 0}}
				{item "grenade m24" {cell 0 2}}
			}
		}
		{Player 2}
		{MID 67}
		{Weaponry
			{State
				{Mounted "mg34"}
				{Weapon
					{Ammo "ammo mgun" 50}
				}
			}
		}
		{Breed "ger.infantry_mgun"}
		{FsmState "stand"}
	}
	{Entity "_infantry2_rus" 0x8639
		{Position 4432.56 209.911 20.2455}
		{Turn 62.0135}
		{Extender "inventory"
			{box
				{clear}
				{item "ammo mgun" 100 {cell 0 1}}
				{item "ammo mgun" 100 {cell 0 0}}
				{item "grenade m24" {cell 0 2}}
			}
		}
		{Player 2}
		{MID 68}
		{Weaponry
			{State
				{Mounted "mg34"}
				{Weapon
					{Ammo "ammo mgun" 50}
				}
			}
		}
		{Breed "ger.infantry_mgun"}
		{FsmState "stand"}
	}
	{Entity "_infantry1_ger" 0x863a
		{Position 4582.35 216.073 0}
		{Extender "inventory"
			{box
				{clear}
				{item "ammo mgun" 100 {cell 0 1}}
				{item "ammo mgun" 100 {cell 0 0}}
				{item "grenade m24" {cell 0 2}}
			}
		}
		{Player 2}
		{MID 70}
		{Weaponry
			{State
				{Mounted "mg34"}
				{Weapon
					{Ammo "ammo mgun" 50}
				}
			}
		}
		{Breed "ger.infantry_mgun"}
		{FsmState "stand"}
	}
	{Entity "_infantry1_ger" 0x863c
		{Position 4771.21 149.616 1}
		{Turn -90}
		{Extender "inventory"
			{box
				{clear}
				{item "ammo mgun" 100 {cell 0 1}}
				{item "ammo mgun" 100 {cell 0 0}}
				{item "grenade m24" {cell 0 2}}
				{item "grenade m24x5" {cell 2 0}}
			}
		}
		{Player 2}
		{MID 73}
		{Weaponry
			{State
				{Mounted "mg34"}
				{Weapon
					{Ammo "ammo mgun" 50}
				}
			}
		}
		{Breed "ger.infantry_mgun"}
		{FsmState "stand"}
	}
	{Entity "_infantry1_ger" 0x863d
		{Position 4877.96 184.072 0}
		{Turn -90}
		{Extender "inventory"
			{box
				{clear}
				{item "ammo mgun" 100 {cell 0 1}}
				{item "ammo mgun" 100 {cell 0 0}}
				{item "grenade m24" {cell 0 2}}
			}
		}
		{Player 2}
		{MID 74}
		{Weaponry
			{State
				{Mounted "mg34"}
				{Weapon
					{Ammo "ammo mgun" 50}
				}
			}
		}
		{Breed "ger.infantry_mgun"}
		{FsmState "stand"}
	}
	{Entity "_infantry2_rus" 0x863e
		{Position 4829.5 78.4354 2}
		{Turn -180}
		{Extender "inventory"
			{box
				{clear}
				{item "ammo pistol" 60 {cell 0 1}}
				{item "grenade m24" {cell 2 0}}
			}
		}
		{Player 2}
		{MID 76}
		{Weaponry
			{State
				{Mounted "mp41"}
				{Weapon
					{Ammo "ammo pistol" 29}
				}
			}
		}
		{Breed "ger.infantry_mgun"}
		{FsmState "stand"}
	}
	{Entity "sdkfz-223" 0x8650
		{Position 2843.44 152.569 0}
		{Turn 62.6812}
		{Extender "inventory"
			{box
				{clear}
				{item "ammo mgun" 1900 {cell 0 0}}
			}
		}
		{Player 2}
		{MID 45}
		{Weaponry
			{State
				{Weapon
					{Ammo "ammo mgun" 100}
				}
			}
		}
	}
	{Entity "_infantry2_rus" 0x8651
		{Position 2856.72 165.107 9.2704}
		{Orientation
			  0.422639   0.818189   0.389700
			 -0.888467   0.458941   0.000000
			 -0.178849  -0.346235   0.920900
		}
		{Extender "inventory"
			{box
				{clear}
				{item "mp41" {cell 0 0}}
				{item "ammo pistol" 60 {cell 4 0}}
			}
		}
		{DisableObstacles}
		{Player 2}
		{MID 66}
		{Breed "ger.tankman"}
		{FsmState "board"}
	}
	{Entity "_infantry2_rus" 0x8652
		{Position 2838.97 143.924 19.0236}
		{Turn 62.6812}
		{Extender "inventory"
			{box
				{clear}
				{item "mp41" {cell 0 0}}
				{item "ammo pistol" 60 {cell 4 0}}
				{item "grenade m24" {cell 6 0}}
			}
		}
		{DisableObstacles}
		{Player 2}
		{MID 69}
		{Breed "ger.tankman"}
		{FsmState "board"}
	}
	{Entity "boxes1" 0x8658
		{Position 4392.55 4324.93 0}
		{Extender "inventory"
			{box
				{clear}
				{item "grenade n73at" {cell 6 0}}
				{item "grenade n73at" {cell 4 0}}
				{item "grenade n73at" {cell 6 1}}
				{item "grenade n73at" {cell 4 1}}
				{item "grenade n73at" {cell 2 0}}
				{item "grenade n73at" {cell 2 1}}
				{item "grenade mk1" 10 {cell 0 0}}
				{item "grenade m61" 10 {cell 1 0}}
			}
		}
	}
	{Entity "grenade_rpg40" 0x865e
		{Position 5445.48 389.237 16.8685}
		{Orientation
			  0.026557   0.239490  -0.970536
			  0.234257   0.942352   0.238945
			  0.971812  -0.233700  -0.031076
		}
	}
	{Entity "bmw-r12" 0x8660
		{Position 5513.91 785.173 0}
		{Turn 106.132}
		{Player 2}
		{MID 19}
	}
	{Entity "bmw-r12" 0x8661
		{Position 5468.15 998.823 0.269246}
		{Turn 101.604}
		{Player 2}
		{MID 59}
	}
	{Entity "_infantry2_rus" 0x8662
		{Position 5475.56 994.923 -0.53618}
		{Orientation
			 -0.198658   0.975642  -0.093174
			 -0.979474  -0.200950  -0.015836
			 -0.034174   0.088115   0.995536
		}
		{Extender "inventory"
			{box
				{clear}
				{item "ammo pistol" 100 {cell 0 0}}
				{item "grenade m24" {cell 2 0}}
				{item "grenade m24" {cell 4 0}}
				{item "grenade m24" {cell 0 1}}
				{item "grenade m24" {cell 2 1}}
				{item "ammo pistol" 100 {cell 0 2}}
				{item "ammo pistol" 20 {cell 4 1}}
				{item "grenade m39" {cell 6 0}}
				{item "grenade m39" {cell 7 0}}
			}
		}
		{DisableObstacles}
		{Player 2}
		{MID 95}
		{Weaponry
			{State
				{Mounted "mp40"}
				{Weapon
					{Ammo "ammo pistol" 32}
				}
			}
		}
		{Breed "ger.infantry_smg"}
		{FsmState "board"}
	}
	{Entity "_infantry2_rus" 0x8663
		{Position 5477.11 986.754 7.17739}
		{Orientation
			 -0.200391   0.962233   0.184170
			 -0.979474  -0.200950  -0.015836
			  0.021771  -0.183563   0.982751
		}
		{Extender "inventory"
			{box
				{clear}
				{item "mauzer" {cell 0 0}}
				{item "ammo rifle" 6 {cell 4 0}}
			}
		}
		{DisableObstacles}
		{Player 2}
		{MID 96}
		{Breed "ger.infantry_rifle"}
		{FsmState "board"}
	}
	{Entity "_infantry1_ger" 0x8664
		{Position 5461.86 988.826 0.360417}
		{Orientation
			 -0.201114   0.979523   0.009465
			 -0.979472  -0.200949  -0.015936
			 -0.013708  -0.012476   0.999829
		}
		{Extender "inventory"
			{box
				{clear}
				{item "ammo pistol" 20 {cell 0 0}}
				{item "mp40" {cell 0 1}}
				{item "grenade m24" {cell 4 0}}
			}
		}
		{DisableObstacles}
		{Player 2}
		{MID 97}
		{Breed "ger.infantry_smg"}
		{FsmState "board"}
	}
	{Entity "_infantry1_ger" 0x8665
		{Position 5521.59 781.858 -0.8506}
		{Orientation
			 -0.276351   0.955437  -0.103900
			 -0.960624  -0.277851   0.000000
			 -0.028869   0.099809   0.994600
		}
		{Extender "inventory"
			{box
				{clear}
				{item "ammo pistol" 20 {cell 0 0}}
				{item "mp40" {cell 0 1}}
				{item "grenade m24" {cell 4 0}}
			}
		}
		{DisableObstacles}
		{Player 2}
		{MID 98}
		{Breed "ger.infantry_smg"}
		{FsmState "board"}
	}
	{Entity "_infantry1_ger" 0x8666
		{Position 5508.43 774.713 0.3124}
		{Turn 106.132}
		{Extender "inventory"
			{box
				{clear}
				{item "ammo pistol" 43 {cell 0 0}}
				{item "mp40" {cell 0 1}}
				{item "grenade m24" {cell 4 0}}
			}
		}
		{DisableObstacles}
		{Player 2}
		{MID 99}
		{Breed "ger.infantry_smg"}
		{FsmState "board"}
	}
	{Entity "_infantry2_rus" 0x8667
		{Position 5523.88 773.952 6.953}
		{Orientation
			 -0.273628   0.946023   0.173600
			 -0.960624  -0.277851   0.000000
			  0.048235  -0.166764   0.984800
		}
		{Extender "inventory"
			{box
				{clear}
				{item "ammo pistol" 45 {cell 0 0}}
				{item "mp40" {cell 0 1}}
				{item "grenade m24" {cell 4 0}}
			}
		}
		{DisableObstacles}
		{Player 2}
		{MID 100}
		{Breed "ger.infantry_smg"}
		{FsmState "board"}
	}
	{Entity "bmw-r12" 0x8668
		{Position 5715.87 448.028 0}
		{Turn 122.919}
		{Player 2}
		{MID 101}
	}
	{Entity "_infantry2_rus" 0x8669
		{Position 5724.18 447.073 -0.8506}
		{Orientation
			 -0.540518   0.834907  -0.103900
			 -0.839440  -0.543453   0.000000
			 -0.056465   0.087218   0.994600
		}
		{Extender "inventory"
			{box
				{clear}
				{item "ammo pistol" 20 {cell 0 0}}
				{item "mp40" {cell 0 1}}
				{item "grenade m24" {cell 4 0}}
			}
		}
		{DisableObstacles}
		{Player 2}
		{MID 102}
		{Breed "ger.infantry_smg"}
		{FsmState "board"}
	}
	{Entity "_infantry1_ger" 0x866a
		{Position 5713.64 436.431 0.3124}
		{Turn 122.919}
		{Extender "inventory"
			{box
				{clear}
				{item "ammo pistol" 20 {cell 0 0}}
				{item "mp40" {cell 0 1}}
				{item "grenade m24" {cell 4 0}}
			}
		}
		{DisableObstacles}
		{Player 2}
		{MID 103}
		{Breed "ger.infantry_smg"}
		{FsmState "board"}
	}
	{Entity "_infantry2_rus" 0x866b
		{Position 5728.65 440.164 6.953}
		{Orientation
			 -0.535192   0.826680   0.173600
			 -0.839440  -0.543453   0.000000
			  0.094343  -0.145727   0.984800
		}
		{Extender "inventory"
			{box
				{clear}
				{item "ammo pistol" 20 {cell 0 0}}
				{item "mp40" {cell 0 1}}
				{item "grenade m24" {cell 4 0}}
			}
		}
		{DisableObstacles}
		{Player 2}
		{MID 104}
		{Breed "ger.infantry_smg"}
		{FsmState "board"}
	}
	{Entity "_infantry2_rus" 0x800b
		{Position 3895.16 4912.54 0}
		{Turn 17.4598}
		{Extender "inventory"
			{box
				{clear}
				{item "ammo pistol" 70 {cell 4 0}}
				{item "ammo pistol" 23 {cell 6 0}}
				{item "grenade m61" {cell 0 0}}
				{item "thompson" filling "ammo pistol" 30 {cell 1 2}}
			}
		}
		{Player 1}
		{MID 6}
		{Able {select 0}}
		{Breed "usa.infantry_smg"}
		{FsmState "stand"}
	}
	{Entity "_infantry2_rus" 0x800c
		{Position 4471.85 4309.75 0}
		{Turn 90.3399}
		{Extender "inventory"
			{box
				{clear}
				{item "thompson" {cell 0 0}}
				{item "ammo pistol" 100 {cell 4 0}}
				{item "ammo pistol" 23 {cell 6 0}}
				{item "grenade m61" {cell 4 1}}
			}
		}
		{Player 1}
		{MID 5}
		{Able {select 0}}
		{Breed "usa.infantry_smg"}
		{FsmState "stand"}
	}
	{Entity "_infantry2_rus" 0x800d
		{Position 4860.76 3384.26 0}
		{Turn -80.6039}
		{Extender "inventory"
			{box
				{clear}
				{item "ammo mgun" 100 {cell 0 0}}
				{item "bar" {cell 3 0}}
				{item "grenade m61" {cell 2 0}}
			}
		}
		{Player 1}
		{MID 4}
		{Able {select 0}}
		{Breed "usa.infantry_smg"}
		{FsmState "stand"}
	}
	{Entity "m3a1" 0x800e
		{Position 1534.33 7515.09 -0.0453204}
		{Turn -74.9875}
		{Player 1}
		{MID 26}
	}
	{Entity "_infantry2_rus" 0x800f
		{Position 1526.37 7502.8 15.5103}
		{Orientation
			  0.242490  -0.907714   0.342424
			  0.965866   0.259030   0.002666
			 -0.091118   0.330089   0.939542
		}
		{Extender "inventory"
			{box
				{clear}
				{item "thompson" {cell 0 0}}
				{item "ammo pistol" 100 {cell 4 0}}
				{item "ammo pistol" 23 {cell 6 0}}
				{item "grenade m61" {cell 4 1}}
			}
		}
		{DisableObstacles}
		{Player 1}
		{MID 30}
		{Breed "usa.infantry_smg"}
		{FsmState "board"}
	}
	{Entity "_infantry2_rus" 0x8010
		{Position 1517.57 7544.64 16.7519}
		{Orientation
			  0.906703   0.243324   0.344504
			 -0.259030   0.965869  -0.000453
			 -0.332856  -0.088826   0.938785
		}
		{Extender "inventory"
			{box
				{clear}
				{item "ammo bazooka" {cell 0 2}}
				{item "ammo bazooka" {cell 2 2}}
				{item "ammo bazooka" {cell 4 2}}
				{item "weapon bazooka" {cell 0 0}}
				{item "ammo bazooka" {cell 5 0}}
				{item "colt" {cell 5 1}}
				{item "ammo pistol" 50 {cell 6 2}}
			}
		}
		{DisableObstacles}
		{Player 1}
		{MID 31}
		{Breed "usa.infantry_smg"}
		{FsmState "board"}
	}
	{Entity "_infantry2_rus" 0x8011
		{Position 1540.04 7515.41 25.6072}
		{Turn -64.99}
		{Extender "inventory"
			{box
				{clear}
				{item "thompson" {cell 0 0}}
				{item "ammo pistol" 100 {cell 4 0}}
				{item "ammo pistol" 23 {cell 6 0}}
				{item "grenade m61" {cell 4 1}}
			}
		}
		{DisableObstacles}
		{Player 1}
		{MID 29}
		{Breed "usa.infantry_smg"}
		{FsmState "board"}
	}
	{Entity "_infantry2_rus" 0x8012
		{Position 1524.23 7519.78 16.7635}
		{Orientation
			  0.906703   0.243324   0.344504
			 -0.259030   0.965869  -0.000453
			 -0.332856  -0.088826   0.938785
		}
		{Extender "inventory"
			{box
				{clear}
				{item "thompson" {cell 0 0}}
				{item "ammo pistol" 100 {cell 4 0}}
				{item "ammo pistol" 23 {cell 6 0}}
				{item "grenade f1" {cell 0 2}}
			}
		}
		{DisableObstacles}
		{Player 1}
		{MID 43}
		{Breed "usa.infantry_smg"}
		{FsmState "board"}
	}
	{Entity "_infantry2_rus" 0x8013
		{Position 1520.85 7532.39 16.7576}
		{Orientation
			  0.906703   0.243324   0.344504
			 -0.259030   0.965869  -0.000453
			 -0.332856  -0.088826   0.938785
		}
		{Extender "inventory"
			{box
				{clear}
				{item "thompson" {cell 0 0}}
				{item "ammo pistol" 100 {cell 4 0}}
				{item "ammo pistol" 23 {cell 6 0}}
				{item "grenade m61" {cell 4 1}}
			}
		}
		{DisableObstacles}
		{Player 1}
		{MID 44}
		{Breed "usa.infantry_smg"}
		{FsmState "board"}
	}
	{Entity "_infantry2_rus" 0x8000
		{Position 4614.5 184.481 0}
		{Extender "inventory"
			{box
				{clear}
				{item "ammo bazooka" {cell 0 0}}
				{item "ammo bazooka" {cell 2 0}}
				{item "ammo bazooka" {cell 4 0}}
				{item "ammo bazooka" {cell 6 0}}
				{item "ammo bazooka" {cell 0 1}}
			}
		}
		{Player 2}
		{MID 32}
		{Weaponry
			{State
				{Mounted "weapon bazooka"}
				{Weapon
					{Ammo "ammo bazooka" 1}
				}
			}
		}
		{Breed "ger.infantry_ss"}
		{FsmState "bazooka_with"}
	}
	{Entity "_infantry2_rus" 0x8018
		{Position 2095.78 6781.19 0}
		{Turn -73.9547}
		{Extender "vitality"
			{Health
				{Max 200}
				{Current 200}
			}
		}
		{Extender "inventory"
			{box
				{clear}
				{item "ammo pistol" 38 {cell 0 0}}
				{item "ammo pistol" 30 {cell 2 0}}
				{item "grenade mk1" {cell 4 0}}
				{item "grenade m61" {cell 5 0}}
				{item "grenade n73at" {cell 6 0}}
			}
		}
		{Player 1}
		{MID 33}
		{Weaponry
			{State
				{Mounted "sten"}
				{Weapon
					{Ammo "ammo pistol" 32}
				}
			}
		}
		{Breed "eng.tankman"}
		{FsmState "stand"}
	}
	{Entity "_infantry2_rus" 0x801a
		{Position 2058.66 6786.71 0}
		{Turn -65.7857}
		{Extender "vitality"
			{Health
				{Max 200}
				{Current 200}
			}
		}
		{Extender "inventory"
			{box
				{clear}
				{item "ammo pistol" 38 {cell 0 0}}
				{item "ammo pistol" 30 {cell 2 0}}
				{item "grenade mk1" {cell 4 0}}
				{item "grenade mk1" {cell 5 0}}
				{item "grenade n73at" {cell 6 0}}
			}
		}
		{Player 1}
		{MID 56}
		{Weaponry
			{State
				{Mounted "sten"}
				{Weapon
					{Ammo "ammo pistol" 32}
				}
			}
		}
		{Breed "eng.tankman"}
		{FsmState "stand"}
	}
	{Entity "_infantry2_rus" 0x801b
		{Position 2155.51 6810.2 0}
		{Turn -75.2108}
		{Extender "vitality"
			{Health
				{Max 200}
				{Current 200}
			}
		}
		{Extender "inventory"
			{box
				{clear}
				{item "ammo pistol" 38 {cell 0 0}}
				{item "ammo pistol" 30 {cell 2 0}}
				{item "grenade molotov_coctail" {cell 5 0}}
				{item "grenade molotov_coctail" {cell 4 1}}
				{item "grenade mk1" {cell 4 0}}
			}
		}
		{Player 1}
		{MID 57}
		{Weaponry
			{State
				{Mounted "m3a"}
				{Weapon
					{Ammo "ammo pistol" 32}
				}
			}
		}
		{Breed "eng.tankman"}
		{FsmState "stand"}
	}
	{Entity "_infantry2_rus" 0x801c
		{Position 2128.6 6794.61 0}
		{Turn -86.2198}
		{Extender "vitality"
			{Health
				{Max 200}
				{Current 200}
			}
		}
		{Extender "inventory"
			{box
				{clear}
				{item "ammo pistol" 38 {cell 0 0}}
				{item "ammo pistol" 30 {cell 2 0}}
				{item "grenade mk1" {cell 4 0}}
				{item "grenade m61" {cell 5 0}}
				{item "grenade n73at" {cell 6 0}}
			}
		}
		{Player 1}
		{MID 58}
		{Weaponry
			{State
				{Mounted "sten"}
				{Weapon
					{Ammo "ammo pistol" 32}
				}
			}
		}
		{Breed "eng.tankman"}
		{FsmState "stand"}
	}
	{Entity "_infantry2_rus" 0x8019
		{Position 5820.64 364.997 0.239716}
		{Orientation
			 -0.588903   0.808172  -0.007141
			  0.808053   0.588941   0.014100
			 -0.015601  -0.002533   0.999875
		}
		{Extender "inventory"
			{box
				{clear}
				{item "mp41" {cell 0 0}}
				{item "ammo pistol" 60 {cell 4 0}}
			}
		}
		{Player 2}
		{MID 14}
		{Breed "ger.tankman"}
		{FsmState "board"}
	}
	{Entity "_infantry2_rus" 0x801d
		{Position 5820.64 364.997 0.239716}
		{Orientation
			 -0.588903   0.808172  -0.007141
			  0.808053   0.588941   0.014100
			 -0.015601  -0.002533   0.999875
		}
		{Extender "inventory"
			{box
				{clear}
				{item "mp41" {cell 0 0}}
				{item "ammo pistol" 60 {cell 4 0}}
			}
		}
		{Player 2}
		{MID 13}
		{Breed "ger.tankman"}
		{FsmState "board"}
	}
	{Entity "_infantry2_rus" 0x801e
		{Position 5820.64 364.997 0.239716}
		{Orientation
			 -0.588903   0.808172  -0.007141
			  0.808053   0.588941   0.014100
			 -0.015601  -0.002533   0.999875
		}
		{Extender "inventory"
			{box
				{clear}
				{item "mp41" {cell 0 0}}
				{item "ammo pistol" 60 {cell 4 0}}
			}
		}
		{Player 2}
		{MID 16}
		{Breed "ger.tankman"}
		{FsmState "board"}
	}
	{Entity "_infantry2_rus" 0x801f
		{Position 5820.64 364.997 0.239716}
		{Orientation
			 -0.588903   0.808172  -0.007141
			  0.808053   0.588941   0.014100
			 -0.015601  -0.002533   0.999875
		}
		{Extender "inventory"
			{box
				{clear}
				{item "mp41" {cell 0 0}}
				{item "ammo pistol" 60 {cell 4 0}}
			}
		}
		{Player 2}
		{MID 15}
		{Breed "ger.tankman"}
		{FsmState "board"}
	}
	{Entity "_infantry2_rus" 0x8020
		{Position 5739.7 563.903 0.211121}
		{Orientation
			 -0.646892   0.762548  -0.007142
			  0.762451   0.646926   0.012418
			 -0.014089  -0.002588   0.999897
		}
		{Extender "inventory"
			{box
				{clear}
				{item "mp41" {cell 0 0}}
				{item "ammo pistol" 60 {cell 4 0}}
			}
		}
		{Player 2}
		{MID 35}
		{Breed "ger.tankman"}
		{FsmState "board"}
	}
	{Entity "_infantry2_rus" 0x8021
		{Position 5739.7 563.903 0.211121}
		{Orientation
			 -0.646892   0.762548  -0.007142
			  0.762451   0.646926   0.012418
			 -0.014089  -0.002588   0.999897
		}
		{Extender "inventory"
			{box
				{clear}
				{item "mp41" {cell 0 0}}
				{item "ammo pistol" 60 {cell 4 0}}
			}
		}
		{Player 2}
		{MID 36}
		{Breed "ger.tankman"}
		{FsmState "board"}
	}
	{Entity "_infantry2_rus" 0x8022
		{Position 5739.7 563.903 0.211121}
		{Orientation
			 -0.646892   0.762548  -0.007142
			  0.762451   0.646926   0.012418
			 -0.014089  -0.002588   0.999897
		}
		{Extender "inventory"
			{box
				{clear}
				{item "mp41" {cell 0 0}}
				{item "ammo pistol" 60 {cell 4 0}}
			}
		}
		{Player 2}
		{MID 37}
		{Breed "ger.tankman"}
		{FsmState "board"}
	}
	{Entity "_infantry2_rus" 0x8023
		{Position 5739.7 563.903 0.211121}
		{Orientation
			 -0.646892   0.762548  -0.007142
			  0.762451   0.646926   0.012418
			 -0.014089  -0.002588   0.999897
		}
		{Extender "inventory"
			{box
				{clear}
				{item "mp41" {cell 0 0}}
				{item "ammo pistol" 60 {cell 4 0}}
			}
		}
		{Player 2}
		{MID 38}
		{Breed "ger.tankman"}
		{FsmState "board"}
	}
	{Entity "_infantry2_rus" 0x8024
		{Position 4835.73 379.619 0}
		{Orientation
			 -0.064372   0.997926   0.000000
			  0.997926   0.064372   0.000000
			  0.000000   0.000000   1.000000
		}
		{Extender "inventory"
			{box
				{clear}
				{item "mp41" {cell 0 0}}
				{item "ammo pistol" 60 {cell 4 0}}
			}
		}
		{Player 2}
		{MID 89}
		{Breed "ger.tankman"}
		{FsmState "board"}
	}
	{Entity "_infantry2_rus" 0x8025
		{Position 4835.73 379.619 0}
		{Orientation
			 -0.064372   0.997926   0.000000
			  0.997926   0.064372   0.000000
			  0.000000   0.000000   1.000000
		}
		{Extender "inventory"
			{box
				{clear}
				{item "mp41" {cell 0 0}}
				{item "ammo pistol" 60 {cell 4 0}}
			}
		}
		{Player 2}
		{MID 87}
		{Breed "ger.tankman"}
		{FsmState "board"}
	}
	{Entity "_infantry2_rus" 0x8026
		{Position 4835.73 379.619 0}
		{Orientation
			 -0.064372   0.997926   0.000000
			  0.997926   0.064372   0.000000
			  0.000000   0.000000   1.000000
		}
		{Extender "inventory"
			{box
				{clear}
				{item "mp41" {cell 0 0}}
				{item "ammo pistol" 60 {cell 4 0}}
			}
		}
		{Player 2}
		{MID 88}
		{Breed "ger.tankman"}
		{FsmState "board"}
	}
	{Entity "_infantry2_rus" 0x8027
		{Position 4835.73 379.619 0}
		{Orientation
			 -0.064372   0.997926   0.000000
			  0.997926   0.064372   0.000000
			  0.000000   0.000000   1.000000
		}
		{Extender "inventory"
			{box
				{clear}
				{item "mp41" {cell 0 0}}
				{item "ammo pistol" 60 {cell 4 0}}
			}
		}
		{Player 2}
		{MID 86}
		{Breed "ger.tankman"}
		{FsmState "board"}
	}
	{Entity "_infantry2_rus" 0x8028
		{Position 5035.06 408.808 0}
		{Orientation
			 -0.109894   0.993943   0.000000
			  0.993943   0.109894   0.000000
			  0.000000   0.000000   1.000000
		}
		{Extender "inventory"
			{box
				{clear}
				{item "mp41" {cell 0 0}}
				{item "ammo pistol" 60 {cell 4 0}}
			}
		}
		{Player 2}
		{MID 93}
		{Breed "ger.tankman"}
		{FsmState "board"}
	}
	{Entity "_infantry2_rus" 0x8029
		{Position 5035.06 408.808 0}
		{Orientation
			 -0.109894   0.993943   0.000000
			  0.993943   0.109894   0.000000
			  0.000000   0.000000   1.000000
		}
		{Extender "inventory"
			{box
				{clear}
				{item "mp41" {cell 0 0}}
				{item "ammo pistol" 60 {cell 4 0}}
			}
		}
		{Player 2}
		{MID 92}
		{Breed "ger.tankman"}
		{FsmState "board"}
	}
	{Entity "_infantry2_rus" 0x802a
		{Position 5035.06 408.808 0}
		{Orientation
			 -0.109894   0.993943   0.000000
			  0.993943   0.109894   0.000000
			  0.000000   0.000000   1.000000
		}
		{Extender "inventory"
			{box
				{clear}
				{item "mp41" {cell 0 0}}
				{item "ammo pistol" 60 {cell 4 0}}
			}
		}
		{Player 2}
		{MID 91}
		{Breed "ger.tankman"}
		{FsmState "board"}
	}
	{Entity "_infantry2_rus" 0x802b
		{Position 5035.06 408.808 0}
		{Orientation
			 -0.109894   0.993943   0.000000
			  0.993943   0.109894   0.000000
			  0.000000   0.000000   1.000000
		}
		{Extender "inventory"
			{box
				{clear}
				{item "mp41" {cell 0 0}}
				{item "ammo pistol" 60 {cell 4 0}}
			}
		}
		{Player 2}
		{MID 90}
		{Breed "ger.tankman"}
		{FsmState "board"}
	}
	{Entity "_infantry2_rus" 0x802c
		{Position 4369.68 481.355 1.77221}
		{Orientation
			 -0.614791   0.788458  -0.019113
			  0.788096   0.613207  -0.053677
			  0.030602   0.048063   0.998375
		}
		{Extender "inventory"
			{box
				{clear}
				{item "mp41" {cell 0 0}}
				{item "ammo pistol" 60 {cell 4 0}}
			}
		}
		{Player 2}
		{MID 77}
		{Breed "ger.tankman"}
		{FsmState "board"}
	}
	{Entity "_infantry2_rus" 0x802d
		{Position 4369.68 481.355 1.77221}
		{Orientation
			 -0.614791   0.788458  -0.019113
			  0.788096   0.613207  -0.053677
			  0.030602   0.048063   0.998375
		}
		{Extender "inventory"
			{box
				{clear}
				{item "mp41" {cell 0 0}}
				{item "ammo pistol" 60 {cell 4 0}}
			}
		}
		{Player 2}
		{MID 79}
		{Breed "ger.tankman"}
		{FsmState "board"}
	}
	{Entity "_infantry2_rus" 0x802e
		{Position 4369.68 481.355 1.77221}
		{Orientation
			 -0.614791   0.788458  -0.019113
			  0.788096   0.613207  -0.053677
			  0.030602   0.048063   0.998375
		}
		{Extender "inventory"
			{box
				{clear}
				{item "mp41" {cell 0 0}}
				{item "ammo pistol" 60 {cell 4 0}}
			}
		}
		{Player 2}
		{MID 78}
		{Breed "ger.tankman"}
		{FsmState "board"}
	}
	{Entity "_infantry2_rus" 0x802f
		{Position 4369.68 481.355 1.77221}
		{Orientation
			 -0.614791   0.788458  -0.019113
			  0.788096   0.613207  -0.053677
			  0.030602   0.048063   0.998375
		}
		{Extender "inventory"
			{box
				{clear}
				{item "mp41" {cell 0 0}}
				{item "ammo pistol" 60 {cell 4 0}}
			}
		}
		{Player 2}
		{MID 80}
		{Breed "ger.tankman"}
		{FsmState "board"}
	}
	{Entity "_infantry2_rus" 0x8030
		{Position 5208.4 817.705 3}
		{Turn 93.6604}
		{Extender "inventory"
			{box
				{clear}
				{item "ammo pistol" 20 {cell 0 0}}
				{item "grenade m24" {cell 2 0}}
			}
		}
		{Player 2}
		{MID 17}
		{Weaponry
			{State
				{Mounted "mp40"}
				{Weapon
					{Ammo "ammo pistol" 32}
				}
			}
		}
		{Breed "ger.infantry_smg"}
		{FsmState "stand"}
	}
	{Entity "_infantry2_rus" 0x8001
		{Position 5360.72 882.676 0}
		{Turn 81.3641}
		{Extender "vitality"
			{Health
				{Max 300}
				{Current 300}
			}
		}
		{Extender "inventory"
			{box
				{clear}
				{item "ammo pistol" 42 {cell 1 0}}
				{item "knife hand" {cell 0 1}}
				{item "grenade m24x5" {cell 3 0}}
				{item "grenade m24x5" {cell 5 0}}
				{item "grenade m24x5" {cell 2 1}}
			}
		}
		{Player 2}
		{MID 20}
		{Weaponry
			{State
				{Mounted "valter"}
				{Weapon
					{Ammo "ammo pistol" 8}
				}
			}
		}
		{Breed "ger.oficer"}
		{LastThrowItem "grenade m24x5"}
		{FsmState "stand"}
	}
	{Entity "grenade_m24" 0x8032
		{Position 5464.44 516.944 10.4575}
		{Orientation
			  0.306720   0.323169  -0.895257
			  0.583408   0.679348   0.445109
			  0.752036  -0.658823   0.019831
		}
	}
	{Entity "grenade_m24" 0x8033
		{Position 5580.45 936.51 14.2248}
		{Orientation
			 -0.217901   0.102857  -0.970536
			 -0.815287   0.527458   0.238945
			  0.536493   0.843332  -0.031076
		}
		{DisableObstacles}
	}
	{Entity "crater_big" 0x8037
		{Position 4825.07 2732.14 -2.49258}
		{Orientation
			  0.243210   0.969974   0.000000
			 -0.969974   0.243210   0.000000
			  0.000000   0.000000   1.000000
		}
		{AreaDisable "cut"}
	}
	{Entity "pz-3g" 0x8800
		{Position 5057.73 865.275 5.66657}
		{Turn 65.8539}
		{Player 2}
		{MID 1}
		{Weaponry
			{Number 1}
			{State "gun"
				{Weapon
					{Ammo "bullet50 ap" 1}
				}
			}
			{State "mgun"
				{Weapon
					{Ammo "ammo mgun" 50}
				}
			}
		}
	}
	{Entity "_infantry2_rus" 0x8801
		{Position 5057.73 865.275 5.66657}
		{Orientation
			  0.408756   0.911818   0.038810
			  0.909438  -0.403391  -0.100983
			  0.076423  -0.076573   0.994131
		}
		{Extender "inventory"
			{box
				{clear}
				{item "mp41" {cell 0 0}}
				{item "ammo pistol" 60 {cell 4 0}}
			}
		}
		{Player 2}
		{MID 3}
		{Breed "ger.tankman"}
		{FsmState "board"}
	}
	{Entity "_infantry2_rus" 0x8802
		{Position 5057.73 865.275 5.66657}
		{Orientation
			  0.408756   0.911818   0.038810
			  0.909438  -0.403391  -0.100983
			  0.076423  -0.076573   0.994131
		}
		{Extender "inventory"
			{box
				{clear}
				{item "mp41" {cell 0 0}}
				{item "ammo pistol" 60 {cell 4 0}}
			}
		}
		{Player 2}
		{MID 7}
		{Breed "ger.tankman"}
		{FsmState "board"}
	}
	{Entity "_infantry2_rus" 0x8803
		{Position 5057.73 865.275 5.66657}
		{Orientation
			  0.408756   0.911818   0.038810
			  0.909438  -0.403391  -0.100983
			  0.076423  -0.076573   0.994131
		}
		{Extender "inventory"
			{box
				{clear}
				{item "mp41" {cell 0 0}}
				{item "ammo pistol" 60 {cell 4 0}}
			}
		}
		{Player 2}
		{MID 52}
		{Breed "ger.tankman"}
		{FsmState "board"}
	}
	{Entity "_infantry2_rus" 0x8804
		{Position 5057.73 865.275 5.66657}
		{Orientation
			  0.408756   0.911818   0.038810
			  0.909438  -0.403391  -0.100983
			  0.076423  -0.076573   0.994131
		}
		{Extender "inventory"
			{box
				{clear}
				{item "mp41" {cell 0 0}}
				{item "ammo pistol" 60 {cell 4 0}}
			}
		}
		{Player 2}
		{MID 54}
		{Breed "ger.tankman"}
		{FsmState "board"}
	}
	{Entity "pz-4g" 0x8007
		{Position 5080.57 586.927 1.962}
		{Turn 99.654}
		{TexMod "ambush1"}
		{Player 2}
		{MID 55}
	}
	{Entity "_infantry2_rus" 0x9000
		{Position 5080.57 586.927 1.962}
		{Orientation
			 -0.167679   0.985729   0.014881
			  0.983377   0.166174   0.073184
			 -0.069667  -0.026905   0.997207
		}
		{Extender "inventory"
			{box
				{clear}
				{item "ammo pistol" 40 {cell 0 0}}
				{item "grenade m24" {cell 2 0}}
				{item "grenade m24" {cell 4 0}}
				{item "mp40" {cell 0 1}}
			}
		}
		{Player 2}
		{MID 60}
		{Breed "ger.tank_crew"}
		{FsmState "board"}
	}
	{Entity "_infantry2_rus" 0x9001
		{Position 5080.57 586.927 1.962}
		{Orientation
			 -0.167679   0.985729   0.014881
			  0.983377   0.166174   0.073184
			 -0.069667  -0.026905   0.997207
		}
		{Extender "inventory"
			{box
				{clear}
				{item "ammo pistol" 40 {cell 0 0}}
				{item "grenade m24" {cell 2 0}}
				{item "grenade m24" {cell 4 0}}
				{item "mp40" {cell 0 1}}
			}
		}
		{Player 2}
		{MID 61}
		{Breed "ger.tank_crew"}
		{FsmState "board"}
	}
	{Entity "_infantry2_rus" 0x9002
		{Position 5080.57 586.927 1.962}
		{Orientation
			 -0.167679   0.985729   0.014881
			  0.983377   0.166174   0.073184
			 -0.069667  -0.026905   0.997207
		}
		{Extender "inventory"
			{box
				{clear}
				{item "ammo pistol" 40 {cell 0 0}}
				{item "grenade m24" {cell 2 0}}
				{item "grenade m24" {cell 4 0}}
				{item "mp40" {cell 0 1}}
			}
		}
		{Player 2}
		{MID 62}
		{Breed "ger.tank_crew"}
		{FsmState "board"}
	}
	{Entity "_infantry2_rus" 0x9003
		{Position 5080.57 586.927 1.962}
		{Orientation
			 -0.167679   0.985729   0.014881
			  0.983377   0.166174   0.073184
			 -0.069667  -0.026905   0.997207
		}
		{Extender "inventory"
			{box
				{clear}
				{item "ammo pistol" 40 {cell 0 0}}
				{item "grenade m24" {cell 2 0}}
				{item "grenade m24" {cell 4 0}}
				{item "mp40" {cell 0 1}}
			}
		}
		{Player 2}
		{MID 71}
		{Breed "ger.tank_crew"}
		{FsmState "board"}
	}
	{Entity "_infantry2_rus" 0x9004
		{Position 5106.26 559.694 30.7876}
		{Orientation
			  0.882048   0.404894   0.240916
			 -0.405796   0.912696  -0.048049
			 -0.239322  -0.055344   0.969345
		}
		{Extender "inventory"
			{box
				{clear}
				{item "sg44" {cell 0 0}}
				{item "ammo pistol" 100 {cell 4 0}}
				{item "ammo pistol" 20 {cell 6 0}}
				{item "grenade m24" {cell 4 1}}
				{item "grenade m39" {cell 6 1}}
			}
		}
		{DisableObstacles}
		{Player 2}
		{MID 72}
		{Breed "mp44_ger_soldier"}
		{FsmState "board"}
	}
	{Entity "_infantry2_rus" 0x9005
		{Position 5109.06 543.253 30.5394}
		{Orientation
			  0.956335   0.158978   0.245187
			 -0.167679   0.985729   0.014881
			 -0.239322  -0.055344   0.969345
		}
		{Extender "inventory"
			{box
				{clear}
				{item "ammo bazooka" {cell 0 0}}
				{item "ammo bazooka" {cell 2 0}}
				{item "ammo bazooka" {cell 4 0}}
				{item "ammo bazooka" {cell 6 0}}
				{item "ammo bazooka" {cell 0 1}}
				{item "ammo pistol" 30 {cell 2 1}}
				{item "valter" {cell 4 1}}
				{item "weapon panzershreck" {cell 0 2}}
			}
		}
		{DisableObstacles}
		{Player 2}
		{MID 75}
		{Breed "ger.bazoker"}
		{FsmState "board"}
	}
	{Entity "_infantry2_rus" 0x9006
		{Position 5065.46 536.286 27.3053}
		{Orientation
			 -0.980524  -0.168319   0.101043
			  0.167679  -0.985729  -0.014881
			  0.102106   0.002352   0.994755
		}
		{Extender "inventory"
			{box
				{clear}
				{item "ammo bazooka" {cell 0 0}}
				{item "ammo bazooka" {cell 2 0}}
				{item "ammo bazooka" {cell 4 0}}
				{item "ammo bazooka" {cell 6 0}}
				{item "ammo bazooka" {cell 0 1}}
				{item "ammo pistol" 30 {cell 2 1}}
				{item "valter" {cell 4 1}}
				{item "weapon panzershreck" {cell 0 2}}
			}
		}
		{DisableObstacles}
		{Player 2}
		{MID 81}
		{Breed "ger.bazoker"}
		{FsmState "board"}
	}
	{Entity "_infantry2_rus" 0x8008
		{Position 5025.48 826.117 28.8265}
		{Orientation
			 -0.870773  -0.445822   0.207225
			  0.433881  -0.895114  -0.102300
			  0.231119   0.000844   0.972912
		}
		{Extender "inventory"
			{box
				{clear}
				{item "ammo pistol" 100 {cell 0 0}}
				{item "ammo pistol" 100 {cell 2 0}}
				{item "bandage" 3 {cell 4 0}}
				{item "grenade m24" {cell 6 0}}
				{item "grenade m24" {cell 0 1}}
				{item "sg44" {cell 2 1}}
				{item "grenade m24x5" {cell 6 1}}
			}
		}
		{DisableObstacles}
		{Player 2}
		{MID 82}
		{Breed "ger.elite_ss"}
		{LastItem "grenade m24x5"}
		{LastThrowItem "grenade m24x5"}
		{FsmState "board"}
	}
	{Entity "_infantry2_rus" 0x8009
		{Position 5062.67 818.851 26.8784}
		{Orientation
			  0.169677  -0.935678   0.309502
			  0.980855   0.190978   0.039496
			 -0.096010   0.296850   0.950044
		}
		{Extender "inventory"
			{box
				{clear}
				{item "ammo pistol" 100 {cell 0 0}}
				{item "ammo pistol" 100 {cell 2 0}}
				{item "bandage" 3 {cell 4 0}}
				{item "grenade m24" {cell 6 0}}
