;Exported by: vic
;Date:        Wed Jan 28 19:17:04 2004
;File:        D:\-Projects-\Celpo\Selsovet_new_x.max
{Skeleton
	{animation
		{sequence "crush" {speed 0.8}}
	}
	{bone "selsovet_corner2_x"
		{parameters "CommonMesh;"}
		{Orientation
			1.0000	0.0000	0.0000
			0.0000	-1.0000	0.0000
			0.0000	0.0000	1.0000
		}
		{VolumeView "selsovet_corner2_x.ply"}
		{bone "exterior"
			{parameters "CommonMesh;"}
			{Position -3.0465	-16.5312	77.5400}
			{VolumeView "exterior.ply"}
		}
		{bone "piece0"
			{Matrix34
				-0.0000	1.0000	0.0000
				0.0000	0.0000	1.0000
				1.0000	0.0000	-0.0000
				22.6521	1.9829	10.9101
			}
			{VolumeView "piece0.ply"}
		}
		{bone "piece1"
			{Matrix34
				-0.0000	1.0000	0.0000
				0.0000	0.0000	1.0000
				1.0000	0.0000	-0.0000
				22.6521	-19.0624	40.0937
			}
			{VolumeView "piece1.ply"}
		}
		{bone "piece2"
			{Matrix34
				-0.0000	1.0000	0.0000
				0.0000	0.0000	1.0000
				1.0000	0.0000	-0.0000
				22.6521	20.7540	48.1856
			}
			{VolumeView "piece2.ply"}
		}
		{bone "piece3"
			{Matrix34
				1.0000	0.0000	0.0000
				0.0000	-0.0000	1.0000
				0.0000	-1.0000	-0.0000
				9.5241	29.4523	18.5160
			}
			{VolumeView "piece3.ply"}
		}
		{bone "piece4"
			{Matrix34
				1.0000	0.0000	0.0000
				0.0000	-0.0000	1.0000
				0.0000	-1.0000	-0.0000
				-20.0982	29.4523	43.7960
			}
			{VolumeView "piece4.ply"}
		}
		{bone "piece5"
			{Matrix34
				1.0000	0.0000	0.0000
				0.0000	-0.0000	1.0000
				0.0000	-1.0000	-0.0000
				11.0216	29.4523	72.0730
			}
			{VolumeView "piece5.ply"}
		}
		{bone "piece6"
			{Matrix34
				1.0000	0.0000	0.0000
				0.0000	-0.0000	1.0000
				0.0000	-1.0000	-0.0000
				-22.3837	29.4523	91.3741
			}
			{VolumeView "piece6.ply"}
		}
		{bone "sub_piece0"
			{Matrix34
				-0.0000	1.0000	0.0000
				0.0000	0.0000	1.0000
				1.0000	0.0000	-0.0000
				22.6521	-17.7327	16.8660
			}
			{VolumeView "sub_piece0.ply"}
		}
		{bone "sub_piece1"
			{Matrix34
				-0.0000	1.0000	0.0000
				0.0000	0.0000	1.0000
				1.0000	0.0000	-0.0000
				22.6521	23.3448	22.8650
			}
			{VolumeView "sub_piece1.ply"}
		}
		{bone "sub_piece2"
			{Matrix34
				1.0000	0.0000	0.0000
				0.0000	-0.0000	1.0000
				0.0000	-1.0000	-0.0000
				-17.4618	29.4523	12.6651
			}
			{VolumeView "sub_piece2.ply"}
		}
		{bone "sub_piece3"
			{Matrix34
				1.0000	0.0000	0.0000
				0.0000	-0.0000	1.0000
				0.0000	-1.0000	-0.0000
				2.5210	29.4523	39.1461
			}
			{VolumeView "sub_piece3.ply"}
		}
		{bone "sub_piece4"
			{Matrix34
				1.0000	0.0000	0.0000
				0.0000	-0.0000	1.0000
				0.0000	-1.0000	-0.0000
				11.8268	29.4523	50.8182
			}
			{VolumeView "sub_piece4.ply"}
		}
		{bone "sub_piece5"
			{Matrix34
				1.0000	0.0000	0.0000
				0.0000	-0.0000	1.0000
				0.0000	-1.0000	-0.0000
				-16.1051	29.4523	69.3692
			}
			{VolumeView "sub_piece5.ply"}
		}
	}
}
{Volume "sub_piece5"
	{Box 11.5486 7.87402 11.1993}
	{Bone "sub_piece5"}
	{Matrix34
		0.8154	0.5790	-0.0000
		0.0000	-0.0000	-1.0000
		-0.5790	0.8154	-0.0000
		-0.9188	-0.1230	-0.0047
	}
}
{Volume "sub_piece4"
	{Box 15.8457 7.87402 14.2536}
	{Bone "sub_piece4"}
	{Matrix34
		0.9977	0.0680	-0.0000
		0.0000	-0.0000	-1.0000
		-0.0680	0.9977	-0.0000
		1.9469	-0.5384	-0.0047
	}
}
{Volume "sub_piece3"
	{Box 8.05716 7.87402 9.67211}
	{Bone "sub_piece3"}
	{Matrix34
		0.8340	-0.5517	-0.0000
		-0.0000	-0.0000	-1.0000
		0.5517	0.8340	-0.0000
		-1.2629	-0.9355	-0.0047
	}
}
{Volume "sub_piece2"
	{Box 16.92 7.87402 14.7627}
	{Bone "sub_piece2"}
	{Matrix34
		0.9988	0.0497	0.0000
		0.0000	-0.0000	-1.0000
		-0.0497	0.9988	-0.0000
		0.1834	-0.4868	-0.0047
	}
}
{Volume "sub_piece1"
	{Box 7.87402 13.6335 11.8563}
	{Bone "sub_piece1"}
	{Matrix34
		-0.0000	0.0000	1.0000
		0.7384	-0.6743	0.0000
		0.6743	0.7384	-0.0000
		-0.3200	-0.2335	-0.1149
	}
}
{Volume "sub_piece0"
	{Box 7.87402 10.4378 12.9507}
	{Bone "sub_piece0"}
	{Matrix34
		-0.0000	0.0000	1.0000
		1.0000	-0.0000	0.0000
		0.0000	1.0000	-0.0000
		-1.9375	0.2753	-0.1149
	}
}
{Volume "piece6"
	{Box 25.2855 7.87402 16.3}
	{Bone "piece6"}
	{Matrix34
		0.8882	-0.4595	-0.0000
		-0.0000	-0.0000	-1.0000
		0.4595	0.8882	-0.0000
		-0.8577	-1.3660	-0.0047
	}
}
{Volume "piece5"
	{Box 23.0972 7.87402 12.2174}
	{Bone "piece5"}
	{Matrix34
		1.0000	0.0000	0.0000
		0.0000	-0.0000	-1.0000
		0.0000	1.0000	-0.0000
		-1.6481	-2.5791	-0.0047
	}
}
{Volume "piece4"
	{Box 23.6343 7.87402 30.2041}
	{Bone "piece4"}
	{Matrix34
		0.9943	-0.1071	-0.0000
		-0.0000	-0.0000	-1.0000
		0.1071	0.9943	-0.0000
		0.1080	1.1890	-0.0047
	}
}
{Volume "piece3"
	{Box 23.3658 7.87402 25.1136}
	{Bone "piece3"}
	{Matrix34
		0.9926	-0.1217	0.0000
		-0.0000	-0.0000	-1.0000
		0.1217	0.9926	-0.0000
		-1.4099	-2.0841	-0.0047
	}
}
{Volume "piece2"
	{Box 7.87402 18.8143 14.918}
	{Bone "piece2"}
	{Matrix34
		-0.0000	0.0000	1.0000
		0.8785	0.4778	0.0000
		-0.4778	0.8785	-0.0000
		0.1696	0.5373	-0.1149
	}
}
{Volume "piece1"
	{Box 7.87402 24.2677 15.6868}
	{Bone "piece1"}
	{Matrix34
		-0.0000	0.0000	1.0000
		0.8368	0.5476	0.0000
		-0.5476	0.8368	-0.0000
		-0.1001	-1.1500	-0.1149
	}
}
{Volume "piece0"
	{Box 7.87402 23.4497 17.3285}
	{Bone "piece0"}
	{Matrix34
		-0.0000	0.0000	1.0000
		0.9921	-0.1253	0.0000
		0.1253	0.9921	-0.0000
		0.3074	-0.2719	-0.1149
	}
}
