; Made by Albus & Dinsen (c) 2009
{Skeleton
	{animation
		{sequence "recoil" {speed 0.7}}
	}
	{bone revolute "Basis"
		{limits -0.0000 0.0000}
		{speed 0.010}
		{Orientation
			1.0000	0.0000	0.0000
			0.0000	-1.0000	0.0000
			0.0000	0.0000	1.0000
		}
		{bone "emit1"
			{Matrix34
				0.9336	-0.3584	0.0000
				0.3584	0.9336	0.0000
				0.0000	0.0000	1.0000
				-32.7803	14.9472	0.0000
			}
			{visibility 0}
		}
		{bone "emit2"
			{Matrix34
				0.9998	-0.0175	0.0000
				0.0175	0.9998	0.0000
				0.0000	0.0000	1.0000
				-47.3388	-11.1792	0.0000
			}
			{visibility 0}
		}
		{bone "emit3"
			{Matrix34
				0.9336	-0.3584	0.0000
				0.3584	0.9336	0.0000
				0.0000	0.0000	1.0000
				-76.8182	22.9585	0.0000
			}
			{visibility 0}
		}
		{bone "emit4"
			{Matrix34
				0.9998	-0.0175	0.0000
				0.0175	0.9998	0.0000
				0.0000	0.0000	1.0000
				-80.1375	-23.0189	0.0000
			}
			{visibility 0}
		}
		{bone "Body"
			{parameters "ID=body;"}
			{Matrix34
				1.0000	0.0000	0.0000
				0.0000	1.0000	0.0000
				0.0000	0.0000	1.0000
				-59.3499	0.9704	2.9016
			}
			{VolumeView "Body.ply"}
			{bone revolute "Turret_rot"
				{limits -10.0000 10.0000}
				{speed 0.0100}
				{Matrix34
					1.0000	0.0000	0.0000
					0.0000	1.0000	0.0000
					0.0000	0.0000	1.0000
					66.0000	0.0000	18.0000
				}
				{bone "gunner"
					{Matrix34
						0.9063	-0.4226	0.0000
						0.4226	0.9063	0.0000
						0.0000	0.0000	1.0000
						-20.0000	10.0000	-18.5000
					}
				}
				{bone "charger"
					{Matrix34
						0.9563	0.2924	0.0000
						-0.2922	0.9557	0.0347
						0.0101	-0.0332	0.9994
						-20.0000	-10.0000	-18.5000
					}
				}
				{bone "Turret"
					{parameters "ID=turret;"}
					{Matrix34
						1.0000	0.0000	0.0000
						0.0000	0.0000	-1.0000
						0.0000	1.0000	0.0000
						0.0000	0.0000	0.0000
					}
					{VolumeView "Turret.ply"}
					{bone "Visor"
						{Matrix34
							0.9998	-0.0175	-0.0087
							0.0087	0.0000	1.0000
							-0.0175	-0.9998	0.0002
							10.0916	-21.5085	0.0000
						}
					}
					{bone revolute "gun_rot"
						{parameters "ID=gun;"}
						{limits -37.0000 2.0000}
						{speed 0.0050}
						{Matrix34
							0.9986	-0.0523	0.0000
							0.0523	0.9986	0.0000
							0.0000	0.0000	1.0000
							1.0000	-6.0000	0.0000
						}
						{VolumeView "gun_rot.ply"}
						{bone "gun"
							{parameters "ID=gun;"}
							{Matrix34
								1.0000	0.0000	0.0000
								0.0000	0.0000	1.0000
								0.0000	-1.0000	0.0000
								22.3589	-6.5605	0.4618
							}
							{VolumeView "gun.ply"}
							{bone "Foresight1"
								{Matrix34
									1.0000	-0.0001	-0.0087
									0.0000	1.0000	-0.0096
									0.0087	0.0096	0.9999
									55.7583	0.0000	0.0000
								}
							}
						}
					}
				}
			}
			{bone "commander"
				{Matrix34
					0.9563	0.2924	0.0000
					-0.2922	0.9557	0.0347
					0.0101	-0.0332	0.9994
					9.8694	-28.5752	-0.5205
				}
			}           
			{bone "driver"
				{Matrix34
					0.9773	-0.2110	-0.0169
					0.2115	0.9769	0.0303
					0.0101	-0.0332	0.9994
					7.2813	28.3253	0.3990
				}
			}
			{bone revolute "WheelL"
				{parameters "ID=wheelleft;"}
				{Matrix34
					-1.0000	0.0000	0.0000
					0.0000	0.0000	1.0000
					0.0000	1.0000	0.0000
					70.4028	14.5479	9.0833
				}
				{VolumeView "WheelL.ply"}
				{bone "FXtrace2"
					{Matrix34
						-1.0000	0.0000	0.0000
						0.0000	0.0000	-1.0000
						0.0000	1.0000	0.0000
						0.0000	-12.0000	8.3000
					}
				}
			}
			{bone revolute "WheelR"
				{parameters "ID=wheelright;"}
				{Matrix34
					-1.0000	0.0000	0.0000
					0.0000	0.0000	1.0000
					0.0000	1.0000	0.0000
					70.4029	-14.0292	9.0833
				}
				{VolumeView "WheelR.ply"}
				{bone "FXtrace1"
					{Matrix34
						-1.0000	0.0000	0.0000
						0.0000	0.0000	-1.0000
						0.0000	1.0000	0.0000
						0.0000	-12.0000	-8.3000
					}
				}
			}
		}
	}
}
{Obstacle "Rectangle02"
	{Obb2
		{Center 10.9600 -1.4427}
		{Extent 13.6697 28.5197}
		{Axis -1 0}
	}
	{Rotate}
}
{Volume "gun"
	{Cylinder 2.80525 88.43350}
	{Bone "gun"}
	{Matrix34
		0.0000	0.0000	1.0000
		0.0000	-1.0000	0.0000
		1.0000	0.0000	0.0000
		0.0000	0.0000	-0.5000
	}
}
{Volume "turret"
	{Box 13.2998 12.6915 14.5279}
	{Bone "Turret"}
	{Matrix34
		1.0000	0.0000	0.0000
		0.0000	0.0000	1.0000
		0.0000	-1.0000	0.0000
		2.6000	-8.6000	0.6000
	}
}
{Volume "wheelright"
	{Cylinder 12.78520 5.92717}
	{Bone "WheelR"}
	{Position 0.0000 0.0000 -8.3636}
}
{Volume "wheelleft"
	{Cylinder 12.78520 5.92717}
	{Bone "WheelL"}
	{Matrix34
		1.0000	0.0000	0.0000
		0.0000	1.0000	0.0000
		0.0000	0.0000	1.0000
		0.0000	0.0000	8.7868
	}
}
{Volume "body2"
	{Cylinder 2.83309 75.73090}
	{Bone "Body"}
	{Matrix34
		0.4676	-0.8458	0.2569
		0.2045	-0.1792	-0.9623
		0.8599	0.5026	0.0892
		34.2868	-28.4091	13.5042
	}
}
{Volume "body1"
	{Cylinder 2.83309 75.73090}
	{Bone "Body"}
	{Matrix34
		0.4986	0.8649	0.0581
		-0.1159	0.0000	0.9933
		0.8590	-0.5020	0.1003
		33.1546	29.0911	12.5233
	}
}
