{Skeleton
	{animation
		{sequence "doorright" {speed 0.5}}
	}
	{bone "basis"
		{Orientation
			1.0000	0.0000	0.0000
			0.0000	-1.0000	0.0000
			0.0000	0.0000	1.0000
		}
		{bone "Body"
			{parameters "ID=body;"}
			{Position -1.9945	0.0244	-0.4698}
			{VolumeView "Body.ply"}
			{bone "doorR"
				{parameters "CommonMesh;ID=body;"}
				{Position 1.9941	3.2803	27.7483}
				{VolumeView "doorR.ply"}
			}
		}
		{bone "pivot_back"
			{parameters "ID=body;"}
			{Position -22.3250	0.1390	6.7003}
			{VolumeView "pivot_back.ply"}
			{bone revolute "wheel_L2"
				{parameters "ID=wheelleft2;"}
				{Matrix34
					1.0000	0.0000	0.0000
					0.0000	0.0000	-1.0000
					0.0000	1.0000	0.0000
					-0.0251	-19.5134	-0.0447
				}
				{VolumeView "wheel_L2.ply"}
			}
			{bone revolute "wheel_R2"
				{parameters "ID=wheelright2;"}
				{Matrix34
					1.0000	0.0000	0.0000
					0.0000	0.0000	-1.0000
					0.0000	1.0000	0.0000
					-0.0251	19.1114	-0.0447
				}
				{VolumeView "wheel_R2.ply"}
			}
		}
		{bone "pivot_front"
			{parameters "ID=body;"}
			{Position 23.4145	0.1390	6.7003}
			{VolumeView "pivot_front.ply"}
			{bone revolute "wheel_R1"
				{parameters "ID=wheelright1;"}
				{Matrix34
					1.0000	0.0000	0.0000
					0.0000	0.0000	-1.0000
					0.0000	1.0000	0.0000
					-0.0251	19.1114	-0.0447
				}
				{VolumeView "wheel_R1.ply"}
			}
			{bone revolute "wheel_L1"
				{parameters "ID=wheelleft1;"}
				{Matrix34
					1.0000	0.0000	0.0000
					0.0000	0.0000	-1.0000
					0.0000	1.0000	0.0000
					-0.0251	-19.5134	-0.0447
				}
				{VolumeView "wheel_L1.ply"}
			}
		}
		{bone "Link1"
			{Position -105.0911	0.1100	11.4747}
		}
		{bone "Link2"
			{Position 105.7698	0.1100	11.4747}
		}
		{bone "window1"
			{Matrix34
				0.9993	0.0370	0.0000
				0.0000	0.0000	-1.0000
				-0.0370	0.9993	0.0000
				-81.4409	24.8499	42.6268
			}
			{VolumeView "window1.ply"}
			{bone "FX_glass1"
				{Matrix34
					-0.0370	0.0000	-0.9993
					0.9993	0.0000	-0.0370
					-0.0000	-1.0000	0.0000
					78.3914	-4.1153	-54.4016
				}
			}
		}
		{bone "window2"
			{Matrix34
				0.9993	0.0370	0.0000
				0.0000	0.0000	-1.0000
				-0.0370	0.9993	0.0000
				-81.4409	24.8499	42.6268
			}
			{VolumeView "window2.ply"}
			{bone "FX_glass2"
				{Matrix34
					0.0370	0.0000	0.9993
					-0.9993	0.0000	0.0370
					0.0000	-1.0000	0.0000
					80.2873	-4.1153	-3.2140
				}
			}
		}
		{bone "window3"
			{Matrix34
				0.9993	0.0370	0.0000
				0.0000	0.0000	-1.0000
				-0.0370	0.9993	0.0000
				-81.4409	-25.0047	42.6268
			}
			{VolumeView "window3.ply"}
			{bone "FX_glass3"
				{Matrix34
					-0.0370	0.0000	-0.9993
					0.9993	0.0000	-0.0370
					0.0000	-1.0000	0.0000
					0.3798	-4.1153	-1.6236
				}
			}
		}
		{bone "window5"
			{Matrix34
				0.9993	0.0370	0.0000
				0.0000	0.0000	-1.0000
				-0.0370	0.9993	0.0000
				-81.4409	24.8499	42.6268
			}
			{VolumeView "window5.ply"}
			{bone "FX_glass5"
				{Matrix34
					0.0370	0.0000	0.9993
					-0.9993	0.0000	0.0370
					0.0000	-1.0000	0.0000
					0.4633	-4.1153	0.6304
				}
			}
		}
		{bone "window4"
			{Matrix34
				0.9993	0.0370	0.0000
				0.0000	0.0000	-1.0000
				-0.0370	0.9993	0.0000
				-81.4409	24.8499	42.6268
			}
			{VolumeView "window4.ply"}
			{bone "FX_glass4"
				{Matrix34
					-0.9993	0.0000	0.0370
					-0.0370	0.0000	-0.9993
					0.0000	-1.0000	0.0000
					-18.9453	-4.1153	-24.1342
				}
			}
		}
		{bone "window7"
			{Matrix34
				0.9993	0.0370	0.0000
				0.0000	0.0000	-1.0000
				-0.0370	0.9993	0.0000
				81.6201	-24.7809	42.6268
			}
			{VolumeView "window7.ply"}
			{bone "FX_glass7"
				{Matrix34
					-0.0370	0.0000	-0.9993
					0.9993	0.0000	-0.0370
					0.0000	-1.0000	0.0000
					-0.3833	-4.1153	-1.4728
				}
			}
		}
		{bone "window6"
			{Matrix34
				0.9993	0.0370	0.0000
				0.0000	0.0000	-1.0000
				-0.0370	0.9993	0.0000
				81.6201	25.0736	42.6268
			}
			{VolumeView "window6.ply"}
			{bone "FX_glass6"
				{Matrix34
					0.0370	0.0000	0.9993
					-0.9993	0.0000	0.0370
					0.0000	-1.0000	0.0000
					-0.2999	-4.1153	0.7812
				}
			}
		}
		{bone "window8"
			{Matrix34
				0.9993	0.0370	0.0000
				0.0000	0.0000	-1.0000
				-0.0370	0.9993	0.0000
				86.5723	1.0826	42.6268
			}
			{VolumeView "window8.ply"}
			{bone "FX_glass8"
				{Matrix34
					0.9993	0.0000	-0.0370
					0.0370	0.0000	0.9993
					0.0000	-1.0000	0.0000
					13.1192	-4.1153	-2.3707
				}
			}
		}
		{bone "driver"
			{Position 82.8349	2.8062	11.1574}
		}
		{bone "seat01"
			{Position 4.8349	14.8062	11.1574}
		}
		{bone "seat02"
			{Position 44.8349	13.8062	11.1574}
		}
		{bone "seat03"
			{Position 24.8349	-14.8062	11.1574}
		}
		{bone "seat04"
			{Position 4.8349	-14.8062	11.1574}
		}
		{bone "seat05"
			{Matrix34
				-1.0000	0.0000	0.0000
				0.0000	-1.0000	0.0000
				0.0000	0.0000	1.0000
				-23.4000	-14.8062	11.1574
			}
		}
		{bone "seat06"
			{Position 44.8349	-14.8062	11.1574}
		}
		{bone "seat07"
			{Position 24.8349	14.8062	11.1574}
		}
		{bone "seat08"
			{Matrix34
				-1.0000	0.0000	0.0000
				0.0000	-1.0000	0.0000
				0.0000	0.0000	1.0000
				-23.4000	14.8062	11.1574
			}
		}
		{bone "seat09"
			{Matrix34
				-1.0000	0.0000	0.0000
				0.0000	-1.0000	0.0000
				0.0000	0.0000	1.0000
				-45.4000	14.8062	11.1574
			}
		}
		{bone "seat0a"
			{Matrix34
				-1.0000	0.0000	0.0000
				0.0000	-1.0000	0.0000
				0.0000	0.0000	1.0000
				-45.4000	-17.8062	11.1574
			}
		}
		{bone "emit"
			{Matrix34
				0.0000	-1.0000	0.0000
				1.0000	0.0000	0.0000
				0.0000	0.0000	1.0000
				61.2425	31.5509	0.0000
			}
		}
		{bone "emit1"
			{Matrix34
				0.0000	1.0000	0.0000
				-1.0000	0.0000	0.0000
				0.0000	0.0000	1.0000
				61.2425	-32.1387	0.0000
			}
		}
		{bone "emit2"
			{Matrix34
				-0.0000	-1.0000	0.0000
				1.0000	0.0000	0.0000
				0.0000	0.0000	1.0000
				-61.2425	31.5509	0.0000
			}
		}
		{bone "emit3"
			{Matrix34
				0.0000	1.0000	0.0000
				-1.0000	0.0000	0.0000
				0.0000	0.0000	1.0000
				-61.2425	-32.1387	0.0000
			}
		}

	}
}
{Volume "window8"
	{Box 45.3994 10.6007 23.7509}
	{Bone "window8"}
	{Matrix34
		-0.0370	0.0000	-0.9993
		0.9993	0.0000	-0.0370
		-0.0000	-1.0000	0.0000
		9.0426	0.1998	-1.4131
	}
}
{Volume "window6"
	{Box 15.0829 3.15232 23.9908}
	{Bone "window6"}
	{Matrix34
		-0.9993	0.0000	0.0370
		-0.0370	0.0000	-0.9993
		0.0000	-1.0000	0.0000
		-0.0219	0.0799	-0.9322
	}
}
{Volume "window7"
	{Box 15.0829 3.15232 23.9908}
	{Bone "window7"}
	{Matrix34
		-0.9993	0.0000	0.0370
		-0.0370	0.0000	-0.9993
		0.0000	-1.0000	0.0000
		-0.0041	0.0799	-0.4506
	}
}
{Volume "window4"
	{Box 45.3994 10.6007 23.7509}
	{Bone "window4"}
	{Matrix34
		0.0370	0.0000	0.9993
		-0.9993	0.0000	0.0370
		0.0000	-1.0000	0.0000
		-14.2017	0.1998	-25.1165
	}
}
{Volume "window5"
	{Box 15.0829 3.15232 23.9908}
	{Bone "window5"}
	{Matrix34
		0.9993	0.0000	-0.0370
		0.0370	0.0000	0.9993
		0.0000	-1.0000	0.0000
		0.0840	0.0799	-0.3917
	}
}
{Volume "window3"
	{Box 15.0829 3.15232 23.9908}
	{Bone "window3"}
	{Matrix34
		0.9993	0.0000	-0.0370
		0.0370	0.0000	0.9993
		0.0000	-1.0000	0.0000
		0.1018	0.0799	0.0899
	}
}
{Volume "window2"
	{Box 95.2201 3.15232 22.0099}
	{Bone "window2"}
	{Matrix34
		0.9993	0.0000	-0.0370
		0.0370	0.0000	0.9993
		0.0000	-1.0000	0.0000
		80.4941	-1.3594	-1.3221
	}
}
{Volume "window1"
	{Box 95.2201 3.15232 22.0099}
	{Bone "window1"}
	{Matrix34
		0.9993	0.0000	-0.0370
		0.0370	0.0000	0.9993
		0.0000	-1.0000	0.0000
		78.5349	-1.3594	-54.2209
	}
}
{Volume "body"
	{Box 196.85 48.7205 63.9448}
	{Bone "Body"}
	{Position 2.1924	-0.0123	32.4422}
}
