;Exported by: sk
;Date:        Fri Dec 19 16:11:26 2003
;File:        D:\-Projects-\-3DWork-\Constructions\CitY\mill_water_x.max
{Skeleton
	{animation
		{sequence "crush" {speed 0.4}}
	}
	{bone "mill_water3_x"
		{parameters "CommonMesh;"}
		{Orientation
			1.0000	0.0000	0.0000
			0.0000	-1.0000	0.0000
			0.0000	0.0000	1.0000
		}
		{VolumeView "mill_water3_x.ply"}
		{bone "Piece0"
			{Matrix34
				0.0000	1.0000	0.0000
				0.0000	-0.0000	1.0000
				1.0000	-0.0000	-0.0000
				34.6054	41.7090	73.1439
			}
			{VolumeView "Piece0.ply"}
		}
		{bone "Piece1"
			{Matrix34
				0.0000	1.0000	0.0000
				0.0000	-0.0000	1.0000
				1.0000	-0.0000	-0.0000
				-9.7124	48.4588	42.4031
			}
			{VolumeView "Piece1.ply"}
		}
		{bone "Piece10"
			{Matrix34
				0.0000	1.0000	0.0000
				0.0000	-0.0000	1.0000
				1.0000	-0.0000	-0.0000
				34.6054	7.3955	68.7915
			}
			{VolumeView "Piece10.ply"}
		}
		{bone "Piece2"
			{Matrix34
				0.0000	1.0000	-0.0000
				-0.3420	0.0000	0.9397
				0.9397	0.0000	0.3420
				-22.1060	48.4588	21.7586
			}
			{VolumeView "Piece2.ply"}
		}
		{bone "Piece3"
			{Matrix34
				0.0000	1.0000	0.0000
				0.0000	-0.0000	1.0000
				1.0000	-0.0000	-0.0000
				-11.3622	48.4588	68.1747
			}
			{VolumeView "Piece3.ply"}
		}
		{bone "Piece4"
			{Matrix34
				0.0000	1.0000	0.0000
				0.0000	-0.0000	1.0000
				1.0000	-0.0000	-0.0000
				26.4947	48.4588	47.6077
			}
			{VolumeView "Piece4.ply"}
		}
		{bone "Piece5"
			{Matrix34
				0.0000	1.0000	0.0000
				0.0000	-0.0000	1.0000
				1.0000	-0.0000	-0.0000
				25.4558	48.4588	67.3194
			}
			{VolumeView "Piece5.ply"}
		}
		{bone "Piece6"
			{Matrix34
				0.0000	1.0000	0.0000
				0.0000	-0.0000	1.0000
				1.0000	-0.0000	-0.0000
				34.6054	42.2667	33.5672
			}
			{VolumeView "Piece6.ply"}
		}
		{bone "Piece11"
			{Matrix34
				-0.0000	-0.3420	0.9397
				0.0000	-0.9397	-0.3420
				1.0000	0.0000	0.0000
				34.6054	-14.1715	74.3704
			}
			{VolumeView "Piece11.ply"}
		}
		{bone "Piece12"
			{Matrix34
				0.0000	1.0000	0.0000
				0.0872	-0.0000	-0.9962
				-0.9962	0.0000	-0.0872
				12.9883	48.4588	33.7439
			}
			{VolumeView "Piece12.ply"}
		}
		{bone "Piece7"
			{Matrix34
				0.0000	1.0000	0.0000
				0.0000	-0.0000	1.0000
				1.0000	-0.0000	-0.0000
				34.6054	13.0313	46.3027
			}
			{VolumeView "Piece7.ply"}
		}
		{bone "Piece8"
			{Matrix34
				0.0000	1.0000	0.0000
				0.0000	-0.0000	1.0000
				1.0000	-0.0000	-0.0000
				34.6054	40.2944	54.4420
			}
			{VolumeView "Piece8.ply"}
		}
		{bone "Piece9"
			{Matrix34
				-0.0000	-0.2588	0.9659
				-0.0000	-0.9659	-0.2588
				1.0000	-0.0000	-0.0000
				34.6054	-5.0029	36.3740
			}
			{VolumeView "Piece9.ply"}
		}
	}
}
{Volume "Piece9"
	{Box 9.79998 7.87402 20.6284}
	{Bone "Piece9"}
	{Matrix34
		0.9063	-0.4226	-0.0000
		-0.0000	-0.0000	-1.0000
		0.4226	0.9063	-0.0000
		-0.4343	0.0833	-0.0018
	}
}
{Volume "Piece8"
	{Box 17.4719 7.87402 12.8564}
	{Bone "Piece8"}
	{Matrix34
		0.9848	-0.1736	-0.0000
		-0.0000	-0.0000	-1.0000
		0.1736	0.9848	-0.0000
		2.3261	-1.6797	-0.0018
	}
}
{Volume "Piece7"
	{Box 19.738 7.87402 19.3989}
	{Bone "Piece7"}
	{Matrix34
		0.9063	-0.4226	-0.0000
		-0.0000	-0.0000	-1.0000
		0.4226	0.9063	-0.0000
		0.8948	0.3326	-0.0018
	}
}
{Volume "Piece12"
	{Box 19.6181 7.87402 8.85001}
	{Bone "Piece12"}
	{Matrix34
		0.0000	0.0000	-1.0000
		-1.0000	-0.0000	-0.0000
		-0.0000	1.0000	0.0000
		-0.0775	-1.2509	0.8847
	}
}
{Volume "Piece11"
	{Box 9.79998 7.87402 20.6284}
	{Bone "Piece11"}
	{Matrix34
		0.9063	-0.4226	-0.0000
		-0.0000	-0.0000	-1.0000
		0.4226	0.9063	-0.0000
		-0.4342	0.0833	-0.0018
	}
}
{Volume "Piece6"
	{Box 13.8028 7.87402 20.6987}
	{Bone "Piece6"}
	{Matrix34
		1.0000	0.0000	-0.0000
		-0.0000	-0.0000	-1.0000
		-0.0000	1.0000	-0.0000
		2.1113	-1.5533	-0.0018
	}
}
{Volume "Piece5"
	{Box 19.6181 7.87402 16.5355}
	{Bone "Piece5"}
	{Matrix34
		0.0000	0.0000	-1.0000
		-1.0000	-0.0000	-0.0000
		-0.0000	1.0000	0.0000
		-0.0775	1.3001	2.7766
	}
}
{Volume "Piece4"
	{Box 19.6181 7.87402 11.6447}
	{Bone "Piece4"}
	{Matrix34
		0.0000	0.0000	-1.0000
		-1.0000	-0.0000	-0.0000
		-0.0000	1.0000	0.0000
		-0.0775	0.1465	0.8847
	}
}
{Volume "Piece3"
	{Box 19.6181 7.87402 18.0237}
	{Bone "Piece3"}
	{Matrix34
		0.0000	0.0000	-1.0000
		-1.0000	-0.0000	-0.0000
		-0.0000	1.0000	0.0000
		-0.0775	0.1833	2.1731
	}
}
{Volume "Piece2"
	{Box 16.7852 7.87402 12.4364}
	{Bone "Piece2"}
	{Matrix34
		-0.0000	-0.4226	-0.9063
		-1.0000	-0.0000	0.0000
		-0.0000	0.9063	-0.4226
		-0.0775	0.3327	-1.3296
	}
}
{Volume "Piece10"
	{Box 11.967 7.87402 19.0974}
	{Bone "Piece10"}
	{Matrix34
		1.0000	0.0000	-0.0000
		-0.0000	-0.0000	-1.0000
		-0.0000	1.0000	-0.0000
		0.8086	-0.0097	-0.0018
	}
}
{Volume "Piece1"
	{Box 18.853 7.87402 17.784}
	{Bone "Piece1"}
	{Matrix34
		0.0000	0.0000	-1.0000
		-1.0000	-0.0000	-0.0000
		-0.0000	1.0000	0.0000
		-0.0775	-1.5409	0.8556
	}
}
{Volume "Piece0"
	{Box 17.4719 7.87402 6.87506}
	{Bone "Piece0"}
	{Matrix34
		0.9397	0.3420	-0.0000
		0.0000	-0.0000	-1.0000
		-0.3420	0.9397	-0.0000
		-0.3545	1.1487	-0.0018
	}
}
