;Exported by: shevchenko
;Date:        Tue Mar 09 12:19:38 2004
;File:        D:\-Projects-\-3DWork-\sheva\SK\shed_big_x.max
{Skeleton
	{bone "ruin2"
		{Orientation
			1.0000	0.0000	0.0000
			0.0000	-1.0000	0.0000
			0.0000	0.0000	1.0000
		}
		{bone "piece0"
			{Matrix34
				-0.0000	1.0000	0.0000
				0.0000	0.0000	1.0000
				1.0000	0.0000	-0.0000
				4.4716	-10.3943	12.4591
			}
			{VolumeView "piece0.ply"}
		}
		{bone "piece1"
			{Matrix34
				-0.0000	1.0000	0.0000
				0.0000	0.0000	1.0000
				1.0000	0.0000	-0.0000
				4.4716	10.4265	22.3738
			}
			{VolumeView "piece1.ply"}
		}
		{bone "piece2"
			{Matrix34
				-0.0000	1.0000	0.0000
				0.0000	0.0000	1.0000
				1.0000	0.0000	-0.0000
				4.4716	26.3521	29.5276
			}
			{VolumeView "piece2.ply"}
		}
		{bone "piece3"
			{Matrix34
				-0.1253	0.9921	0.0000
				0.0000	0.0000	1.0000
				0.9921	0.1253	-0.0000
				6.6095	-6.7893	35.6797
			}
			{VolumeView "piece3.ply"}
		}
		{bone "FX_stone1"
			{Matrix34
				0.0000	0.0000	1.0000
				0.0000	1.0000	0.0000
				-1.0000	0.0000	0.0000
				5.1674	6.4141	42.2886
			}
		}
		{bone "FX_stone1a"
			{Matrix34
				0.0000	0.0000	1.0000
				0.0000	1.0000	0.0000
				-1.0000	0.0000	0.0000
				5.1674	-32.4772	3.9471
			}
		}
	}
}
{Volume "piece3"
	{Box 16.7326 5.90551 8.12085}
	{Bone "piece3"}
	{Matrix34
		0.8219	0.5697	0.0000
		0.0000	-0.0000	-1.0000
		-0.5697	0.8219	-0.0000
		-0.3341	0.4095	0.0015
	}
}
{Volume "piece2"
	{Box 12.1428 5.90551 23.786}
	{Bone "piece2"}
	{Matrix34
		0.9903	0.1387	-0.0000
		0.0000	-0.0000	-1.0000
		-0.1387	0.9903	-0.0000
		1.9139	0.1112	0.0015
	}
}
{Volume "piece1"
	{Box 9.87222 5.90551 16.4041}
	{Bone "piece1"}
	{Matrix34
		0.9903	0.1387	-0.0000
		0.0000	-0.0000	-1.0000
		-0.1387	0.9903	-0.0000
		-0.7865	0.5897	0.0015
	}
}
{Volume "piece0"
	{Box 14.216 5.90551 22.9658}
	{Bone "piece0"}
	{Matrix34
		0.2764	0.9610	-0.0000
		0.0000	-0.0000	-1.0000
		-0.9610	0.2764	-0.0000
		-0.3690	-1.9827	0.0015
	}
}
