{mission
	{Camera
		{Position 719.614 1914.31}
		{Distance 1072}
		{ViewAngle 0.598108}
		{YawAngle -0.130033}
	}
	{Environment "menu1"}
	{User 2}
	{GameProgress 0 0}
	{Entity "pz-6e" 0x83d5
		{Position 733.295 2169.98 88.9946}
		{Turn -22.3245}
		{TexMod "222"}
		{Extender "inventory"
			{box
				{clear}
				{item "ammo mgun" 2000 {cell 0 0}}
				{item "repair_kit" 2 {cell 2 0}}
				{item "bullet88 ap" 50 {cell 0 2}}
				{item "bullet88 fg" 27 {cell 0 3}}
			}
		}
		{Player 2}
		{MID 1}
	}
	{Entity "pz-4g" 0x83d6
		{Position 127.723 2343.86 70.6126}
		{Turn -66.8464}
		{TexMod "ambush"}
		{Extender "inventory"
			{box
				{clear}
				{item "ammo mgun" 1950 {cell 0 0}}
				{item "bullet75 ap" 50 {cell 0 1}}
				{item "bullet75 fg" 27 {cell 0 2}}
			}
		}
		{Player 2}
		{MID 3}
		{Weaponry
			{Number 1}
			{State "gun"
				{Weapon
					{Ammo "bullet75 ap" 1}
				}
			}
			{State "mgun"
				{Weapon
					{Ammo "ammo mgun" 100}
				}
			}
		}
		{Chassis
			{FuelBag
				{Remain 3}
			}
		}
	}
	{Entity "pz-6e" 0x83d7
		{Position 514.95 2025.11 95.7913}
		{Turn -77.9656}
		{TexMod "205"}
		{Extender "inventory"
			{box
				{clear}
			}
		}
		{Player 2}
		{MID 4}
		{Able {select 0}}
		{Chassis
			{Broken}
			{FuelBag
				{Remain 2}
			}
		}
		{Component "engine"
			{Able {work 0}{repair 0}}
		}
	}
	{Entity "_infantry2_rus" 0x83d8
		{Position 514.95 2025.11 95.7913}
		{Orientation
			  0.208497  -0.978012   0.004600
			 -0.976716  -0.207972   0.052670
			  0.050556   0.015474   0.998601
		}
		{Extender "vitality"
			{Health
				{Max 300}
				{Current 300}
			}
		}
		{Extender "inventory"
			{box
				{clear}
				{item "ammo pistol" 40 {cell 0 0}}
				{item "grenade m24" {cell 2 0}}
				{item "grenade m24" {cell 4 0}}
				{item "mp40" {cell 0 1}}
			}
		}
		{Player 2}
		{MID 5}
		{Breed "ger.tank_crew"}
		{FsmState "board"}
	}
	{Entity "_infantry2_rus" 0x83d9
		{Position 514.95 2025.11 95.7913}
		{Orientation
			  0.208497  -0.978012   0.004600
			 -0.976716  -0.207972   0.052670
			  0.050556   0.015474   0.998601
		}
		{Extender "vitality"
			{Health
				{Max 300}
				{Current 300}
			}
		}
		{Extender "inventory"
			{box
				{clear}
				{item "ammo pistol" 40 {cell 0 0}}
				{item "grenade m24" {cell 2 0}}
				{item "grenade m24" {cell 4 0}}
				{item "mp40" {cell 0 1}}
			}
		}
		{Player 2}
		{MID 6}
		{Breed "ger.tank_crew"}
		{FsmState "board"}
	}
	{Entity "m7priest" 0x8002
		{Position -875.359 -5840 0}
		{Turn 169.2}
		{Extender "inventory"
			{box
				{clear}
				{item "ammo mgun" 2000 {cell 0 0}}
				{item "bullet76 ap" 43 {cell 0 1}}
				{item "bullet76 fg" 25 {cell 0 2}}
			}
		}
		{Player 1}
		{MID 13}
		{Weaponry
			{Number 1}
			{State "gun"
				{Weapon
					{Ammo "bullet76 ap" 1}
				}
			}
			{State "mgun"
				{Weapon
					{Ammo "ammo mgun" 200}
				}
			}
		}
	}
	{Entity "m3a1" 0x8005
		{Position -1208.32 -5821.83 0}
		{Turn 77.9601}
		{Player 1}
		{MID 16}
		{Weaponry
			{State
				{Weapon
					{Ammo "ammo mgun" 30}
				}
			}
		}
	}
	{Entity "m4a2" 0x8014
		{Position -1079.8 -5312.22 0}
		{Turn 81.1023}
		{Extender "inventory"
			{box
				{clear}
				{item "ammo mgun" 2000 {cell 0 0}}
				{item "bullet75 ap" 44 {cell 0 1}}
				{item "bullet75 fg" 24 {cell 0 2}}
			}
		}
		{Player 1}
		{MID 31}
		{Weaponry
			{State "gun"
				{Weapon
					{Ammo "bullet75 ap" 1}
				}
			}
			{State "mgun"
				{Weapon
					{Ammo "ammo mgun" 30}
				}
			}
		}
	}
	{Entity "_infantry2_rus" 0x8015
		{Position -1079.8 -5312.22 0}
		{Orientation
			  0.154671   0.987966   0.000000
			  0.987966  -0.154671   0.000000
			  0.000000   0.000000   1.000000
		}
		{Extender "inventory"
			{box
				{clear}
				{item "ammo pistol" 30 {cell 0 0}}
				{item "m3a" {cell 2 0}}
				{item "grenade mk1" {cell 6 0}}
			}
		}
		{Player 1}
		{MID 32}
		{Breed "eng.tankman"}
		{FsmState "board"}
	}
	{Entity "_infantry2_rus" 0x8016
		{Position -1079.8 -5312.22 0}
		{Orientation
			  0.154671   0.987966   0.000000
			  0.987966  -0.154671   0.000000
			  0.000000   0.000000   1.000000
		}
		{Extender "inventory"
			{box
				{clear}
				{item "ammo pistol" 30 {cell 0 0}}
				{item "webley" {cell 2 0}}
			}
		}
		{Player 1}
		{MID 33}
		{Breed "eng.tankman"}
		{FsmState "board"}
	}
	{Entity "_infantry2_rus" 0x8017
		{Position -1079.8 -5312.22 0}
		{Orientation
			  0.154671   0.987966   0.000000
			  0.987966  -0.154671   0.000000
			  0.000000   0.000000   1.000000
		}
		{Extender "inventory"
			{box
				{clear}
				{item "ammo pistol" 30 {cell 0 0}}
				{item "m3a" {cell 2 0}}
			}
		}
		{Player 1}
		{MID 34}
		{Breed "eng.tankman"}
		{FsmState "board"}
	}
	{Entity "_infantry2_rus" 0x8018
		{Position -1079.8 -5312.22 0}
		{Orientation
			  0.154671   0.987966   0.000000
			  0.987966  -0.154671   0.000000
			  0.000000   0.000000   1.000000
		}
		{Extender "inventory"
			{box
				{clear}
				{item "ammo pistol" 30 {cell 0 0}}
				{item "m3a" {cell 2 0}}
			}
		}
		{Player 1}
		{MID 35}
		{Breed "eng.tankman"}
		{FsmState "board"}
	}
	{Entity "_infantry2_rus" 0x8019
		{Position -1213.61 -5819.49 25.637}
		{Turn 87.9575}
		{Extender "inventory"
			{box
				{clear}
				{item "ammo pistol" 30 {cell 0 0}}
				{item "webley" {cell 2 0}}
				{item "grenade mk1" {cell 4 0}}
			}
		}
		{DisableObstacles}
		{Player 1}
		{MID 36}
		{Breed "eng.tankman"}
		{FsmState "board"}
	}
	{Entity "_infantry2_rus" 0x801a
		{Position -1195.68 -5814.48 15.5801}
		{Orientation
			  0.196015   0.919029   0.342000
			 -0.978003   0.208593   0.000000
			 -0.071339  -0.334477   0.939700
		}
		{Extender "inventory"
			{box
				{clear}
				{item "ammo pistol" 30 {cell 0 0}}
				{item "m3a" {cell 2 0}}
			}
		}
		{DisableObstacles}
		{Player 1}
		{MID 37}
		{Breed "eng.tankman"}
		{FsmState "board"}
	}
	{Entity "_infantry2_rus" 0x801b
		{Position -1209.67 -5868.9 16.8348}
		{Orientation
			 -0.919029   0.196015   0.342000
			 -0.208593  -0.978003   0.000000
			  0.334477  -0.071339   0.939700
		}
		{Extender "inventory"
			{box
				{clear}
				{item "ammo pistol" 24 {cell 0 0}}
				{item "grenade mk1" {cell 2 0}}
				{item "sten" {cell 3 0}}
			}
		}
		{DisableObstacles}
		{Player 1}
		{MID 38}
		{Breed "eng.infantry.smg"}
		{FsmState "board"}
	}
	{Entity "_infantry2_rus" 0x801c
		{Position -1221.44 -5851.98 16.2048}
		{Orientation
			  0.886364  -0.189048   0.422600
			  0.208593   0.978003   0.000000
			 -0.413304   0.088151   0.906300
		}
		{Extender "inventory"
			{box
				{clear}
				{item "bren" {cell 0 0}}
				{item "ammo mgun" 100 {cell 4 0}}
				{item "ammo mgun" 100 {cell 6 0}}
			}
		}
		{DisableObstacles}
		{Player 1}
		{MID 39}
		{Breed "eng.infantry.smg"}
		{FsmState "board"}
	}
	{Entity "_infantry2_rus" 0x801d
		{Position -1224.38 -5865.8 16.2048}
		{Orientation
			  0.886364  -0.189048   0.422600
			  0.208593   0.978003   0.000000
			 -0.413304   0.088151   0.906300
		}
		{Extender "inventory"
			{box
				{clear}
				{item "ammo pistol" 24 {cell 0 0}}
				{item "thompson" {cell 0 1}}
			}
		}
		{DisableObstacles}
		{Player 1}
		{MID 40}
		{Breed "eng.infantry.smg"}
		{FsmState "board"}
	}
	{Entity "_infantry2_rus" 0x801e
		{Position -1204.22 -5843.35 16.8348}
		{Orientation
			 -0.919029   0.196015   0.342000
			 -0.208593  -0.978003   0.000000
			  0.334477  -0.071339   0.939700
		}
		{Extender "inventory"
			{box
				{clear}
				{item "ammo pistol" 49 {cell 0 0}}
				{item "sten" {cell 2 0}}
			}
		}
		{DisableObstacles}
		{Player 1}
		{MID 41}
		{Breed "eng.infantry.smg"}
		{FsmState "board"}
	}
	{Entity "_infantry2_rus" 0x801f
		{Position -1201.5 -5830.58 16.8348}
		{Orientation
			 -0.919029   0.196015   0.342000
			 -0.208593  -0.978003   0.000000
			  0.334477  -0.071339   0.939700
		}
		{Extender "inventory"
			{box
				{clear}
				{item "weapon bazooka" {cell 0 0}}
				{item "ammo bazooka" {cell 5 0}}
				{item "ammo bazooka" {cell 5 1}}
				{item "ammo bazooka" {cell 0 2}}
				{item "ammo bazooka" {cell 2 2}}
				{item "ammo bazooka" {cell 4 2}}
			}
		}
		{DisableObstacles}
		{Player 1}
		{MID 42}
		{Breed "eng.infantry.smg"}
		{FsmState "board"}
	}
	{Entity "_infantry2_rus" 0x8020
		{Position -1206.87 -5855.75 16.8348}
		{Orientation
			 -0.919029   0.196015   0.342000
			 -0.208593  -0.978003   0.000000
			  0.334477  -0.071339   0.939700
		}
		{Extender "inventory"
			{box
				{clear}
				{item "ammo pistol" 50 {cell 0 0}}
				{item "grenade m61" {cell 2 0}}
				{item "grenade m61" {cell 3 0}}
				{item "bandage" 4 {cell 4 0}}
				{item "m3a" {cell 0 1}}
			}
		}
		{DisableObstacles}
		{Player 1}
		{MID 43}
		{Breed "eng.smg_commando"}
		{FsmState "board"}
	}
	{Entity "_infantry2_rus" 0x8021
		{Position -871.251 -5857.83 25.7312}
		{Turn 119.202}
		{Extender "inventory"
			{box
				{clear}
				{item "ammo pistol" 30 {cell 0 0}}
				{item "m3a" {cell 2 0}}
				{item "grenade n73at" {cell 6 0}}
			}
		}
		{DisableObstacles}
		{Player 1}
		{MID 44}
		{Breed "eng.tankman"}
		{FsmState "board"}
	}
	{Entity "_infantry2_rus" 0x8022
		{Position -897.992 -5823.96 13.0283}
		{Turn 169.2}
		{Extender "inventory"
			{box
				{clear}
				{item "ammo pistol" 30 {cell 0 0}}
				{item "grenade n73at" {cell 2 0}}
				{item "m3a" {cell 4 0}}
			}
		}
		{DisableObstacles}
		{Player 1}
		{MID 45}
		{Breed "eng.tankman"}
		{FsmState "board"}
	}
	{Entity "_infantry2_rus" 0x8024
		{Position -1110.62 -5356.97 25.6685}
		{Turn 166.1}
		{Extender "inventory"
			{box
				{clear}
				{item "ammo pistol" 50 {cell 0 0}}
				{item "grenade m61" {cell 2 0}}
				{item "grenade m61" {cell 3 0}}
				{item "bandage" 4 {cell 4 0}}
				{item "m3a" {cell 0 1}}
			}
		}
		{DisableObstacles}
		{Player 1}
		{MID 47}
		{Breed "eng.smg_commando"}
		{FsmState "board"}
	}
	{Entity "_infantry2_rus" 0x8027
		{Position -1107.82 -5340.91 26.8334}
		{Turn 146.103}
		{Extender "inventory"
			{box
				{clear}
				{item "grenade m61" {cell 6 0}}
				{item "bar" {cell 0 0}}
				{item "ammo mgun" 100 {cell 5 1}}
			}
		}
		{DisableObstacles}
		{Player 1}
		{MID 50}
		{Breed "eng.infantry.smg"}
		{FsmState "board"}
	}
	{Entity "_infantry2_rus" 0x8028
		{Position -1060.42 -5348.33 27.9952}
		{Orientation
			  0.977458   0.037467   0.207600
			 -0.068438   0.987165   0.144600
			 -0.199554  -0.155506   0.967500
		}
		{Extender "inventory"
			{box
				{clear}
				{item "weapon bazooka" {cell 0 0}}
				{item "ammo bazooka" {cell 5 0}}
				{item "ammo bazooka" {cell 5 1}}
				{item "ammo bazooka" {cell 0 2}}
				{item "ammo bazooka" {cell 2 2}}
				{item "ammo bazooka" {cell 4 2}}
			}
		}
		{DisableObstacles}
		{Player 1}
		{MID 51}
		{Breed "eng.infantry.smg"}
		{FsmState "board"}
	}
	{Entity "_infantry2_rus" 0x8029
		{Position -1062.94 -5365.13 26.7135}
		{Turn -8.89769}
		{Extender "inventory"
			{box
				{clear}
				{item "ammo pistol" 50 {cell 0 0}}
				{item "grenade m61" {cell 2 0}}
				{item "grenade m61" {cell 3 0}}
				{item "bandage" 4 {cell 4 0}}
				{item "m3a" {cell 0 1}}
			}
		}
		{DisableObstacles}
		{Player 1}
		{MID 52}
		{Breed "eng.smg_commando"}
		{FsmState "board"}
	}
	{Entity "_infantry2_rus" 0x802b
		{Position 127.723 2343.86 70.6126}
		{Orientation
			  0.388675  -0.908880   0.151228
			 -0.919550  -0.392971   0.001607
			 -0.057968   0.139686   0.988498
		}
		{Extender "vitality"
			{Health
				{Max 200}
				{Current 200}
			}
		}
		{Extender "inventory"
			{box
				{clear}
				{item "mp41" {cell 0 0}}
				{item "ammo pistol" 60 {cell 4 0}}
			}
		}
		{Player 2}
		{MID 54}
		{Breed "ger.tankman"}
		{FsmState "board"}
	}
	{Entity "_infantry2_rus" 0x802c
		{Position 127.723 2343.86 70.6126}
		{Orientation
			  0.388675  -0.908880   0.151228
			 -0.919550  -0.392971   0.001607
			 -0.057968   0.139686   0.988498
		}
		{Extender "vitality"
			{Health
				{Max 200}
				{Current 200}
			}
		}
		{Extender "inventory"
			{box
				{clear}
				{item "mp41" {cell 0 0}}
				{item "ammo pistol" 60 {cell 4 0}}
			}
		}
		{Player 2}
		{MID 55}
		{Breed "ger.tankman"}
		{FsmState "board"}
	}
	{Entity "_infantry2_rus" 0x802d
		{Position 127.723 2343.86 70.6126}
		{Orientation
			  0.388675  -0.908880   0.151228
			 -0.919550  -0.392971   0.001607
			 -0.057968   0.139686   0.988498
		}
		{Extender "vitality"
			{Health
				{Max 200}
				{Current 200}
			}
		}
		{Extender "inventory"
			{box
				{clear}
				{item "mp41" {cell 0 0}}
				{item "ammo pistol" 60 {cell 4 0}}
			}
		}
		{Player 2}
		{MID 56}
		{Breed "ger.tankman"}
		{FsmState "board"}
	}
	{Entity "_infantry2_rus" 0x802e
		{Position 127.723 2343.86 70.6126}
		{Orientation
			  0.388675  -0.908880   0.151228
			 -0.919550  -0.392971   0.001607
			 -0.057968   0.139686   0.988498
		}
		{Extender "vitality"
			{Health
				{Max 200}
				{Current 200}
			}
		}
		{Extender "inventory"
			{box
				{clear}
				{item "mp41" {cell 0 0}}
				{item "ammo pistol" 60 {cell 4 0}}
			}
		}
		{Player 2}
		{MID 57}
		{Breed "ger.tankman"}
		{FsmState "board"}
	}
	{Entity "_infantry2_rus" 0x8033
		{Position -1202.74 -4979.29 12.9399}
		{Orientation
			 -0.926948   0.329719   0.179000
			 -0.338113  -0.940908  -0.017400
			  0.162711  -0.076744   0.983700
		}
		{Extender "inventory"
			{box
				{clear}
				{item "ammo pistol" 24 {cell 0 0}}
				{item "thompson" {cell 0 1}}
			}
		}
		{DisableObstacles}
		{Player 1}
		{MID 62}
		{Breed "eng.infantry.smg"}
		{FsmState "board"}
	}
	{Entity "_infantry2_rus" 0x8038
		{Position -1212.27 -5000.73 12.5371}
		{Orientation
			 -0.873816   0.482044   0.064300
			 -0.484262  -0.874546  -0.025700
			  0.043849  -0.053582   0.997600
		}
		{Extender "inventory"
			{box
				{clear}
				{item "bren" {cell 2 0}}
				{item "ammo mgun" 100 {cell 0 0}}
				{item "ammo mgun" 100 {cell 6 0}}
			}
		}
		{DisableObstacles}
		{Player 1}
		{MID 67}
		{Breed "eng.infantry.smg"}
		{FsmState "board"}
	}
	{Entity "_infantry2_rus" 0x8034
		{Position -1198.8 -4957.25 10.9236}
		{Orientation
			  0.396295   0.749964   0.529600
			 -0.884155   0.467227   0.000000
			 -0.247408  -0.468194   0.848300
		}
		{Extender "inventory"
			{box
				{clear}
				{item "ammo pistol" 30 {cell 0 0}}
				{item "m3a" {cell 2 0}}
			}
		}
		{DisableObstacles}
		{Player 1}
		{MID 63}
		{Breed "eng.tankman"}
		{FsmState "board"}
	}
	{Entity "_infantry2_rus" 0x8036
		{Position -1210.76 -4951.66 10.9236}
		{Orientation
			  0.358885   0.768644   0.529600
			 -0.906100   0.423064   0.000000
			 -0.224055  -0.479870   0.848300
		}
		{Extender "inventory"
			{box
				{clear}
				{item "ammo pistol" 30 {cell 0 0}}
				{item "webley" {cell 2 0}}
				{item "knife hand" {cell 6 0}}
			}
		}
		{DisableObstacles}
		{Player 1}
		{MID 65}
		{Breed "eng.tankman"}
		{FsmState "board"}
	}
	{Entity "_infantry2_rus" 0x8039
		{Position -1043.04 -4672.51 10.9236}
		{Orientation
			  0.308253   0.790237   0.529600
			 -0.931638   0.363432   0.000000
			 -0.192445  -0.493337   0.848300
		}
		{Extender "inventory"
			{box
				{clear}
				{item "ammo pistol" 30 {cell 0 0}}
				{item "colt" {cell 2 0}}
				{item "grenade n73at" {cell 4 0}}
			}
		}
		{DisableObstacles}
		{Player 1}
		{MID 68}
		{Breed "eng.tankman"}
		{FsmState "board"}
	}
	{Entity "_infantry2_rus" 0x803a
		{Position -1055.56 -4668.32 10.9236}
		{Orientation
			  0.268959   0.804533   0.529600
			 -0.948407   0.317056   0.000000
			 -0.167913  -0.502276   0.848300
		}
		{Extender "inventory"
			{box
				{clear}
				{item "ammo pistol" 30 {cell 0 0}}
				{item "webley" {cell 2 0}}
				{item "grenade mk1" {cell 4 0}}
			}
		}
		{DisableObstacles}
		{Player 1}
		{MID 69}
		{Breed "eng.tankman"}
		{FsmState "board"}
	}
	{Entity "_infantry2_rus" 0x803b
		{Position 514.95 2025.11 95.7913}
		{Orientation
			  0.208497  -0.978012   0.004600
			 -0.976716  -0.207972   0.052670
			  0.050556   0.015474   0.998601
		}
		{Extender "vitality"
			{Health
				{Max 300}
				{Current 300}
			}
		}
		{Extender "inventory"
			{box
				{clear}
				{item "ammo pistol" 40 {cell 0 0}}
				{item "grenade m24" {cell 2 0}}
				{item "grenade m24" {cell 4 0}}
				{item "mp40" {cell 0 1}}
			}
		}
		{Player 2}
		{MID 70}
		{Breed "ger.tank_crew"}
		{FsmState "board"}
	}
	{Entity "_infantry2_rus" 0x802f
		{Position 514.95 2025.11 95.7913}
		{Orientation
			  0.208497  -0.978012   0.004600
			 -0.976716  -0.207972   0.052670
			  0.050556   0.015474   0.998601
		}
		{Extender "inventory"
			{box
				{clear}
				{item "valter" {cell 0 0}}
				{item "ammo pistol" 42 {cell 4 0}}
				{item "knife hand" {cell 6 0}}
			}
		}
		{Player 2}
		{MID 58}
		{Breed "ger.oficer"}
		{FsmState "board"}
	}
	{Entity "m4a2" 0x8006
		{Position -1338.86 -5499.87 0}
		{Turn 69.8222}
		{Extender "inventory"
			{box
				{clear}
				{item "ammo mgun" 2000 {cell 0 0}}
				{item "bullet75 ap" 44 {cell 0 1}}
				{item "bullet75 fg" 20 {cell 0 2}}
			}
		}
		{Player 1}
		{MID 17}
	}
	{Entity "m4a2" 0x8035
		{Position -887.427 -5475.95 0}
		{Turn 64.0772}
		{Extender "inventory"
			{box
				{clear}
				{item "ammo mgun" 2000 {cell 0 0}}
				{item "bullet75 ap" 46 {cell 0 1}}
				{item "bullet75 fg" 26 {cell 0 2}}
			}
		}
		{Player 1}
		{MID 64}
	}
	{Entity "m4a2" 0x8037
		{Position -427.685 -5806.2 0}
		{Turn 84.7907}
		{Extender "inventory"
			{box
				{clear}
				{item "ammo mgun" 2000 {cell 0 0}}
				{item "bullet75 ap" 48 {cell 0 1}}
				{item "bullet75 fg" 25 {cell 0 2}}
			}
		}
		{Player 1}
		{MID 66}
	}
	{Entity "m4a2" 0x803c
		{Position 468.444 -5228.81 0}
		{Turn 90.4844}
		{Extender "inventory"
			{box
				{clear}
				{item "ammo mgun" 2000 {cell 0 0}}
				{item "bullet75 fg" 24 {cell 0 2}}
				{item "bullet75 ap" 48 {cell 0 1}}
			}
		}
		{Player 1}
		{MID 71}
	}
	{Entity "_infantry2_rus" 0x803d
		{Position -1338.86 -5499.87 0}
		{Orientation
			  0.344934   0.938627   0.000000
			  0.938627  -0.344934   0.000000
			  0.000000   0.000000   1.000000
		}
		{Extender "inventory"
			{box
				{clear}
				{item "ammo pistol" 30 {cell 0 0}}
				{item "m3a" {cell 2 0}}
			}
		}
		{Player 1}
		{MID 72}
		{Breed "eng.tankman"}
		{FsmState "board"}
	}
	{Entity "_infantry2_rus" 0x803e
		{Position -1338.86 -5499.87 0}
		{Orientation
			  0.344934   0.938627   0.000000
			  0.938627  -0.344934   0.000000
			  0.000000   0.000000   1.000000
		}
		{Extender "inventory"
			{box
				{clear}
				{item "ammo pistol" 30 {cell 0 0}}
				{item "m3a" {cell 2 0}}
			}
		}
		{Player 1}
		{MID 73}
		{Breed "eng.tankman"}
		{FsmState "board"}
	}
	{Entity "_infantry2_rus" 0x803f
		{Position -1338.86 -5499.87 0}
		{Orientation
			  0.344934   0.938627   0.000000
			  0.938627  -0.344934   0.000000
			  0.000000   0.000000   1.000000
		}
		{Extender "inventory"
			{box
				{clear}
				{item "ammo pistol" 30 {cell 0 0}}
				{item "colt" {cell 2 0}}
			}
		}
		{Player 1}
		{MID 74}
		{Breed "eng.tankman"}
		{FsmState "board"}
	}
	{Entity "_infantry2_rus" 0x8040
		{Position -1338.86 -5499.87 0}
		{Orientation
			  0.344934   0.938627   0.000000
			  0.938627  -0.344934   0.000000
			  0.000000   0.000000   1.000000
		}
		{Extender "inventory"
			{box
				{clear}
				{item "ammo pistol" 30 {cell 0 0}}
				{item "webley" {cell 2 0}}
			}
		}
		{Player 1}
		{MID 75}
		{Breed "eng.tankman"}
		{FsmState "board"}
	}
	{Entity "_infantry2_rus" 0x8041
		{Position -887.427 -5475.95 0}
		{Orientation
			  0.437160   0.899384   0.000000
			  0.899384  -0.437160   0.000000
			  0.000000   0.000000   1.000000
		}
		{Extender "inventory"
			{box
				{clear}
				{item "ammo pistol" 30 {cell 0 0}}
				{item "colt" {cell 2 0}}
			}
		}
		{Player 1}
		{MID 76}
		{Breed "eng.tankman"}
		{FsmState "board"}
	}
	{Entity "_infantry2_rus" 0x8042
		{Position -887.427 -5475.95 0}
		{Orientation
			  0.437160   0.899384   0.000000
			  0.899384  -0.437160   0.000000
			  0.000000   0.000000   1.000000
		}
		{Extender "inventory"
			{box
				{clear}
				{item "ammo pistol" 30 {cell 0 0}}
				{item "sten" {cell 2 0}}
			}
		}
		{Player 1}
		{MID 77}
		{Breed "eng.tankman"}
		{FsmState "board"}
	}
	{Entity "_infantry2_rus" 0x8043
		{Position -887.427 -5475.95 0}
		{Orientation
			  0.437160   0.899384   0.000000
			  0.899384  -0.437160   0.000000
			  0.000000   0.000000   1.000000
		}
		{Extender "inventory"
			{box
				{clear}
				{item "ammo pistol" 30 {cell 0 0}}
				{item "m3a" {cell 2 0}}
			}
		}
		{Player 1}
		{MID 78}
		{Breed "eng.tankman"}
		{FsmState "board"}
	}
	{Entity "_infantry2_rus" 0x8044
		{Position -887.427 -5475.95 0}
		{Orientation
			  0.437160   0.899384   0.000000
			  0.899384  -0.437160   0.000000
			  0.000000   0.000000   1.000000
		}
		{Extender "inventory"
			{box
				{clear}
				{item "ammo pistol" 30 {cell 0 0}}
				{item "webley" {cell 2 0}}
				{item "grenade n73at" {cell 4 0}}
			}
		}
		{Player 1}
		{MID 79}
		{Breed "eng.tankman"}
		{FsmState "board"}
	}
	{Entity "_infantry2_rus" 0x8045
		{Position -427.685 -5806.2 0}
		{Orientation
			  0.090794   0.995870   0.000000
			  0.995870  -0.090794   0.000000
			  0.000000   0.000000   1.000000
		}
		{Extender "inventory"
			{box
				{clear}
				{item "ammo pistol" 30 {cell 0 0}}
				{item "colt" {cell 2 0}}
			}
		}
		{Player 1}
		{MID 80}
		{Breed "eng.tankman"}
		{FsmState "board"}
	}
	{Entity "_infantry2_rus" 0x8046
		{Position -427.685 -5806.2 0}
		{Orientation
			  0.090794   0.995870   0.000000
			  0.995870  -0.090794   0.000000
			  0.000000   0.000000   1.000000
		}
		{Extender "inventory"
			{box
				{clear}
				{item "ammo pistol" 30 {cell 0 0}}
				{item "m3a" {cell 2 0}}
			}
		}
		{Player 1}
		{MID 81}
		{Breed "eng.tankman"}
		{FsmState "board"}
	}
	{Entity "_infantry2_rus" 0x8047
		{Position -427.685 -5806.2 0}
		{Orientation
			  0.090794   0.995870   0.000000
			  0.995870  -0.090794   0.000000
			  0.000000   0.000000   1.000000
		}
		{Extender "inventory"
			{box
				{clear}
				{item "ammo pistol" 30 {cell 0 0}}
				{item "m3a" {cell 2 0}}
			}
		}
		{Player 1}
		{MID 82}
		{Breed "eng.tankman"}
		{FsmState "board"}
	}
	{Entity "_infantry2_rus" 0x8048
		{Position -427.685 -5806.2 0}
		{Orientation
			  0.090794   0.995870   0.000000
			  0.995870  -0.090794   0.000000
			  0.000000   0.000000   1.000000
		}
		{Extender "inventory"
			{box
				{clear}
				{item "ammo pistol" 30 {cell 0 0}}
				{item "webley" {cell 2 0}}
				{item "grenade n73at" {cell 4 0}}
			}
		}
		{Player 1}
		{MID 83}
		{Breed "eng.tankman"}
		{FsmState "board"}
	}
	{Entity "_infantry2_rus" 0x8049
		{Position 468.444 -5228.81 0}
		{Orientation
			 -0.008454   0.999964   0.000000
			  0.999964   0.008454   0.000000
			  0.000000   0.000000   1.000000
		}
		{Extender "inventory"
			{box
				{clear}
				{item "ammo pistol" 30 {cell 0 0}}
				{item "m3a" {cell 2 0}}
			}
		}
		{Player 1}
		{MID 84}
		{Breed "eng.tankman"}
		{FsmState "board"}
	}
	{Entity "_infantry2_rus" 0x804a
		{Position 468.444 -5228.81 0}
		{Orientation
			 -0.008454   0.999964   0.000000
			  0.999964   0.008454   0.000000
			  0.000000   0.000000   1.000000
		}
		{Extender "inventory"
			{box
				{clear}
				{item "ammo pistol" 30 {cell 0 0}}
				{item "sten" {cell 2 0}}
			}
		}
		{Player 1}
		{MID 85}
		{Breed "eng.tankman"}
		{FsmState "board"}
	}
	{Entity "_infantry2_rus" 0x804b
		{Position 468.444 -5228.81 0}
		{Orientation
			 -0.008454   0.999964   0.000000
			  0.999964   0.008454   0.000000
			  0.000000   0.000000   1.000000
		}
		{Extender "inventory"
			{box
				{clear}
				{item "ammo pistol" 30 {cell 0 0}}
				{item "colt" {cell 2 0}}
			}
		}
		{Player 1}
		{MID 86}
		{Breed "eng.tankman"}
		{FsmState "board"}
	}
	{Entity "_infantry2_rus" 0x804c
		{Position 468.444 -5228.81 0}
		{Orientation
			 -0.008454   0.999964   0.000000
			  0.999964   0.008454   0.000000
			  0.000000   0.000000   1.000000
		}
		{Extender "inventory"
			{box
				{clear}
				{item "ammo pistol" 30 {cell 0 0}}
				{item "webley" {cell 2 0}}
				{item "grenade n73at" {cell 4 0}}
			}
		}
		{Player 1}
		{MID 87}
		{Breed "eng.tankman"}
		{FsmState "board"}
	}
	{Entity "_infantry2_rus" 0x8050
		{Position -886.796 -5531.48 26.7135}
		{Turn -25.9228}
		{Extender "inventory"
			{box
				{clear}
				{item "weapon bazooka" {cell 0 0}}
				{item "ammo bazooka" {cell 5 0}}
				{item "ammo bazooka" {cell 5 1}}
				{item "ammo bazooka" {cell 0 2}}
				{item "ammo bazooka" {cell 2 2}}
				{item "ammo bazooka" {cell 4 2}}
			}
		}
		{DisableObstacles}
		{Player 1}
		{MID 91}
		{Breed "eng.infantry.smg"}
		{FsmState "board"}
	}
	{Entity "_infantry2_rus" 0x8051
		{Position -1332.67 -5555.06 26.7135}
		{Turn -20.1778}
		{Extender "inventory"
			{box
				{clear}
				{item "weapon bazooka" {cell 0 0}}
				{item "ammo bazooka" {cell 5 0}}
				{item "ammo bazooka" {cell 5 1}}
				{item "ammo bazooka" {cell 0 2}}
				{item "ammo bazooka" {cell 2 2}}
				{item "ammo bazooka" {cell 4 2}}
			}
		}
		{DisableObstacles}
		{Player 1}
		{MID 92}
		{Breed "eng.infantry.smg"}
		{FsmState "board"}
	}
	{Entity "_infantry2_rus" 0x8052
		{Position -1326.92 -5539.07 27.9952}
		{Orientation
			  0.965905  -0.154453   0.207600
			  0.125979   0.981482   0.144600
			 -0.226117  -0.113468   0.967500
		}
		{Extender "inventory"
			{box
				{clear}
				{item "ammo pistol" 24 {cell 0 0}}
				{item "bar" {cell 2 0}}
				{item "ammo mgun" 100 {cell 0 1}}
			}
		}
		{DisableObstacles}
		{Player 1}
		{MID 93}
		{Breed "eng.infantry.smg"}
		{FsmState "board"}
	}
	{Entity "_infantry2_rus" 0x8053
		{Position -879.468 -5516.15 27.9952}
		{Orientation
			  0.945592  -0.250365   0.207600
			  0.223594   0.963942   0.144600
			 -0.236339  -0.090264   0.967500
		}
		{Extender "inventory"
			{box
				{clear}
				{item "ammo pistol" 49 {cell 0 0}}
				{item "sten" {cell 2 0}}
			}
		}
		{DisableObstacles}
		{Player 1}
		{MID 94}
		{Breed "eng.infantry.smg"}
		{FsmState "board"}
	}
	{Entity "_infantry2_rus" 0x804f
		{Position 445.33 -5277.99 25.6685}
		{Turn 175.482}
		{Extender "inventory"
			{box
				{clear}
				{item "ammo pistol" 50 {cell 0 0}}
				{item "grenade m61" {cell 2 0}}
				{item "grenade m61" {cell 3 0}}
				{item "bandage" 4 {cell 4 0}}
				{item "m3a" {cell 0 1}}
			}
		}
		{DisableObstacles}
		{Player 1}
		{MID 90}
		{Breed "eng.smg_commando"}
		{FsmState "board"}
	}
	{Entity "_infantry2_rus" 0x8054
		{Position 493.451 -5261.27 27.9952}
		{Orientation
			  0.958275   0.196309   0.207600
			 -0.228448   0.962803   0.144600
			 -0.171534  -0.185957   0.967500
		}
		{Extender "inventory"
			{box
				{clear}
				{item "ammo pistol" 50 {cell 0 0}}
				{item "grenade m61" {cell 2 0}}
				{item "grenade m61" {cell 3 0}}
				{item "bandage" 4 {cell 4 0}}
				{item "m3a" {cell 0 1}}
			}
		}
		{DisableObstacles}
		{Player 1}
		{MID 95}
		{Breed "eng.smg_commando"}
		{FsmState "board"}
	}
	{Entity "_infantry2_rus" 0x8000
		{Position -1073.28 -4710.94 12.5751}
		{Orientation
			  0.996109   0.062186   0.062100
			 -0.062817   0.998007   0.009300
			 -0.061328  -0.013133   0.998000
		}
		{Extender "inventory"
			{box
				{clear}
				{item "grenade m61" {cell 2 0}}
				{item "grenade m61" {cell 3 0}}
				{item "bandage" 4 {cell 4 0}}
				{item "bar" {cell 0 1}}
				{item "ammo mgun" 100 {cell 0 0}}
			}
		}
		{DisableObstacles}
		{Player 1}
		{MID 7}
		{Breed "eng.smg_commando"}
		{FsmState "board"}
	}
	{Entity "_infantry2_rus" 0x8055
		{Position -1051.47 -4717.25 12.5371}
		{Orientation
			 -0.923054   0.379331   0.064300
			 -0.381451  -0.924033  -0.025700
			  0.049669  -0.048237   0.997600
		}
		{Extender "inventory"
			{box
				{clear}
				{item "ammo pistol" 50 {cell 0 0}}
				{item "grenade m61" {cell 2 0}}
				{item "grenade m61" {cell 3 0}}
				{item "bandage" 4 {cell 4 0}}
				{item "m3a" {cell 0 1}}
			}
		}
		{DisableObstacles}
		{Player 1}
		{MID 8}
		{Breed "eng.smg_commando"}
		{FsmState "board"}
	}
	{Entity "_infantry2_rus" 0x8056
		{Position 1318.53 1495.95 -0.0593846}
		{Turn -125.667}
		{Extender "vitality"
			{Health
				{Max 150}
				{Current 150}
			}
		}
		{Extender "inventory"
			{box
				{clear}
				{item "g41" {cell 0 0}}
				{item "ammo rifle" 10 {cell 4 0}}
				{item "ammo rifle" 10 {cell 5 0}}
				{item "ammo rifle" 10 {cell 6 0}}
				{item "bandage" 5 {cell 4 1}}
			}
		}
		{Player 2}
		{MID 9}
		{Breed "mp44_ger_soldier"}
		{LastItem "mp40"}
		{FsmState "stand"}
	}
	{Entity "_infantry2_rus" 0x8058
		{Position 1021.4 1775.51 66.7968}
		{Turn -52.1377}
		{Extender "vitality"
			{Health
				{Max 200}
				{Current 200}
			}
		}
		{Extender "inventory"
			{box
				{clear}
				{item "grenade m24" {cell 4 0}}
			}
		}
		{Player 2}
		{MID 11}
		{Weaponry
			{State
				{Mounted "mp40"}
				{Weapon
					{Ammo "ammo pistol" 20}
				}
			}
		}
		{Breed "ger.infantry_smg"}
		{FsmState "stand"}
	}
	{Entity "m4a2" 0x8023
		{Position -1146.31 -5534.33 0}
		{Turn 81.1023}
		{Extender "inventory"
			{box
				{clear}
				{item "ammo mgun" 2000 {cell 0 0}}
				{item "bullet75 ap" 43 {cell 0 1}}
				{item "bullet75 fg" 24 {cell 0 2}}
			}
		}
		{Player 1}
		{MID 103}
		{Weaponry
			{State "gun"
				{Weapon
					{Ammo "bullet75 ap" 1}
				}
			}
			{State "mgun"
				{Weapon
					{Ammo "ammo mgun" 30}
				}
			}
		}
	}
	{Entity "_infantry2_rus" 0x8025
		{Position -1146.31 -5534.33 0}
		{Orientation
			  0.154671   0.987966   0.000000
			  0.987966  -0.154671   0.000000
			  0.000000   0.000000   1.000000
		}
		{Extender "inventory"
			{box
				{clear}
				{item "ammo pistol" 30 {cell 0 0}}
				{item "colt" {cell 2 0}}
			}
		}
		{Player 1}
		{MID 104}
		{Breed "eng.tankman"}
		{FsmState "board"}
	}
	{Entity "_infantry2_rus" 0x8026
		{Position -1146.31 -5534.33 0}
		{Orientation
			  0.154671   0.987966   0.000000
			  0.987966  -0.154671   0.000000
			  0.000000   0.000000   1.000000
		}
		{Extender "inventory"
			{box
				{clear}
				{item "ammo pistol" 30 {cell 0 0}}
				{item "m3a" {cell 2 0}}
			}
		}
		{Player 1}
		{MID 105}
		{Breed "eng.tankman"}
		{FsmState "board"}
	}
	{Entity "_infantry2_rus" 0x8057
		{Position -1146.31 -5534.33 0}
		{Orientation
			  0.154671   0.987966   0.000000
			  0.987966  -0.154671   0.000000
			  0.000000   0.000000   1.000000
		}
		{Extender "inventory"
			{box
				{clear}
				{item "ammo pistol" 30 {cell 0 0}}
				{item "m3a" {cell 2 0}}
			}
		}
		{Player 1}
		{MID 106}
		{Breed "eng.tankman"}
		{FsmState "board"}
	}
	{Entity "_infantry2_rus" 0x8059
		{Position -1146.31 -5534.33 0}
		{Orientation
			  0.154671   0.987966   0.000000
			  0.987966  -0.154671   0.000000
			  0.000000   0.000000   1.000000
		}
		{Extender "inventory"
			{box
				{clear}
				{item "ammo pistol" 30 {cell 0 0}}
				{item "webley" {cell 2 0}}
			}
		}
		{Player 1}
		{MID 107}
		{Breed "eng.tankman"}
		{FsmState "board"}
	}
	{Entity "_infantry2_rus" 0x805e
		{Position -1177.13 -5579.08 25.6685}
		{Turn 166.1}
		{Extender "inventory"
			{box
				{clear}
				{item "ammo pistol" 50 {cell 0 0}}
				{item "grenade m61" {cell 2 0}}
				{item "grenade m61" {cell 3 0}}
				{item "bandage" 4 {cell 4 0}}
				{item "m3a" {cell 0 1}}
			}
		}
		{DisableObstacles}
		{Player 1}
		{MID 108}
		{Breed "eng.smg_commando"}
		{FsmState "board"}
	}
	{Entity "_infantry2_rus" 0x805f
		{Position -1174.33 -5563.02 26.8334}
		{Turn 146.103}
		{Extender "inventory"
			{box
				{clear}
				{item "bren" {cell 2 0}}
				{item "ammo mgun" 100 {cell 0 0}}
				{item "ammo mgun" 100 {cell 6 0}}
			}
		}
		{DisableObstacles}
		{Player 1}
		{MID 109}
		{Breed "eng.infantry.smg"}
		{FsmState "board"}
	}
	{Entity "_infantry2_rus" 0x8060
		{Position -1129.45 -5587.24 26.7135}
		{Turn -8.89769}
		{Extender "inventory"
			{box
				{clear}
				{item "ammo pistol" 50 {cell 0 0}}
				{item "grenade m61" {cell 2 0}}
				{item "grenade m61" {cell 3 0}}
				{item "bandage" 4 {cell 4 0}}
				{item "m3a" {cell 0 1}}
			}
		}
		{DisableObstacles}
		{Player 1}
		{MID 110}
		{Breed "eng.smg_commando"}
		{FsmState "board"}
	}
	{Entity "_infantry2_rus" 0x8061
		{Position -1126.93 -5570.44 27.9952}
		{Orientation
			  0.977458   0.037467   0.207600
			 -0.068438   0.987165   0.144600
			 -0.199554  -0.155506   0.967500
		}
		{Extender "inventory"
			{box
				{clear}
				{item "weapon bazooka" {cell 0 0}}
				{item "ammo bazooka" {cell 5 0}}
				{item "ammo bazooka" {cell 5 1}}
				{item "ammo bazooka" {cell 0 2}}
				{item "ammo bazooka" {cell 2 2}}
				{item "ammo bazooka" {cell 4 2}}
			}
		}
		{DisableObstacles}
		{Player 1}
		{MID 111}
		{Breed "eng.infantry.smg"}
		{FsmState "board"}
	}
	{Entity "_infantry2_rus" 0x8062
		{Position -867.007 -4519.1 19.5755}
		{Orientation
			  0.965241   0.224993   0.133000
			 -0.210963   0.971051  -0.111600
			 -0.154247   0.079654   0.984800
		}
		{Extender "inventory"
			{box
				{clear}
				{item "ammo pistol" 24 {cell 0 0}}
				{item "sten" {cell 2 0}}
			}
		}
		{DisableObstacles}
		{Player 1}
		{MID 22}
		{Breed "eng.infantry.smg"}
		{FsmState "board"}
	}
	{Entity "_infantry2_rus" 0x8063
		{Position -920.689 -4498.94 19.0052}
		{Orientation
			 -0.375358   0.917288   0.133000
			 -0.913903  -0.390161   0.111600
			  0.154247  -0.079654   0.984800
		}
		{Extender "inventory"
			{box
				{clear}
				{item "bar" {cell 0 0}}
				{item "ammo mgun" 100 {cell 5 0}}
			}
		}
		{DisableObstacles}
		{Player 1}
		{MID 23}
		{Breed "eng.infantry.smg"}
		{FsmState "board"}
	}
	{Entity "_infantry2_rus" 0x8066
		{Position -1017.6 -5062.59 19.5755}
		{Orientation
			  0.884639   0.446907   0.133000
			 -0.434649   0.893602  -0.111600
			 -0.168710   0.040912   0.984800
		}
		{Extender "inventory"
			{box
				{clear}
				{item "ammo pistol" 49 {cell 0 0}}
				{item "grenade mk1" {cell 2 0}}
				{item "sten" {cell 3 0}}
			}
		}
		{DisableObstacles}
		{Player 1}
		{MID 46}
		{Breed "eng.infantry.smg"}
		{FsmState "board"}
	}
	{Entity "cromwell" 0x8068
		{Position -878.679 -4479.31 0}
		{Turn 62.6878}
		{Player 1}
		{MID 49}
	}
	{Entity "_infantry2_rus" 0x8003
		{Position -878.679 -4479.31 0}
		{Orientation
			  0.458839   0.888520   0.000000
			  0.888520  -0.458839   0.000000
			  0.000000   0.000000   1.000000
		}
		{Extender "inventory"
			{box
				{clear}
				{item "ammo pistol" 30 {cell 0 0}}
				{item "sten" {cell 2 0}}
			}
		}
		{Player 1}
		{MID 14}
		{Breed "eng.tankman"}
		{FsmState "board"}
	}
	{Entity "_infantry2_rus" 0x8007
		{Position -878.679 -4479.31 0}
		{Orientation
			  0.458839   0.888520   0.000000
			  0.888520  -0.458839   0.000000
			  0.000000   0.000000   1.000000
		}
		{Extender "inventory"
			{box
				{clear}
				{item "ammo pistol" 30 {cell 0 0}}
				{item "webley" {cell 2 0}}
			}
		}
		{Player 1}
		{MID 112}
		{Breed "eng.tankman"}
		{FsmState "board"}
	}
	{Entity "_infantry2_rus" 0x8008
		{Position -878.679 -4479.31 0}
		{Orientation
			  0.458839   0.888520   0.000000
			  0.888520  -0.458839   0.000000
			  0.000000   0.000000   1.000000
		}
		{Extender "inventory"
			{box
				{clear}
				{item "ammo pistol" 30 {cell 0 0}}
				{item "webley" {cell 2 0}}
				{item "grenade mk1" {cell 4 0}}
			}
		}
		{Player 1}
		{MID 113}
		{Breed "eng.tankman"}
		{FsmState "board"}
	}
	{Entity "_infantry2_rus" 0x8009
		{Position -878.679 -4479.31 0}
		{Orientation
			  0.458839   0.888520   0.000000
			  0.888520  -0.458839   0.000000
			  0.000000   0.000000   1.000000
		}
		{Extender "inventory"
			{box
				{clear}
				{item "ammo pistol" 30 {cell 0 0}}
				{item "webley" {cell 2 0}}
			}
		}
		{Player 1}
		{MID 114}
		{Breed "eng.tankman"}
		{FsmState "board"}
	}
	{Entity "cromwell" 0x800a
		{Position -982.804 -4743.16 0}
		{Turn 70.6981}
		{Player 1}
		{MID 26}
	}
	{Entity "_infantry2_rus" 0x8069
		{Position -982.804 -4743.16 0}
		{Orientation
			  0.330546   0.943790   0.000000
			  0.943790  -0.330546   0.000000
			  0.000000   0.000000   1.000000
		}
		{Extender "inventory"
			{box
				{clear}
				{item "ammo pistol" 30 {cell 0 0}}
				{item "bandage" {cell 6 0}}
				{item "webley" {cell 2 0}}
			}
		}
		{Player 1}
		{MID 116}
		{Breed "eng.tankman"}
		{FsmState "board"}
	}
	{Entity "_infantry2_rus" 0x806a
		{Position -982.804 -4743.16 0}
		{Orientation
			  0.330546   0.943790   0.000000
			  0.943790  -0.330546   0.000000
			  0.000000   0.000000   1.000000
		}
		{Extender "inventory"
			{box
				{clear}
				{item "ammo pistol" 30 {cell 0 0}}
				{item "webley" {cell 2 0}}
			}
		}
		{Player 1}
		{MID 117}
		{Breed "eng.tankman"}
		{FsmState "board"}
	}
	{Entity "_infantry2_rus" 0x806b
		{Position -982.804 -4743.16 0}
		{Orientation
			  0.330546   0.943790   0.000000
			  0.943790  -0.330546   0.000000
			  0.000000   0.000000   1.000000
		}
		{Extender "inventory"
			{box
				{clear}
				{item "ammo pistol" 30 {cell 0 0}}
				{item "m3a" {cell 2 0}}
			}
		}
		{Player 1}
		{MID 118}
		{Breed "eng.tankman"}
		{FsmState "board"}
	}
	{Entity "_infantry2_rus" 0x806c
		{Position -982.804 -4743.16 0}
		{Orientation
			  0.330546   0.943790   0.000000
			  0.943790  -0.330546   0.000000
			  0.000000   0.000000   1.000000
		}
		{Extender "inventory"
			{box
				{clear}
				{item "ammo pistol" 30 {cell 0 0}}
				{item "webley" {cell 2 0}}
			}
		}
		{Player 1}
		{MID 119}
		{Breed "eng.tankman"}
		{FsmState "board"}
	}
	{Entity "cromwell" 0x8004
		{Position -1038.35 -5026.69 0}
		{Turn 76.369}
		{Extender "inventory"
			{box
				{clear}
				{item "ammo mgun" 2000 {cell 0 0}}
				{item "bullet75 ap" 43 {cell 0 1}}
				{item "bullet75 fg" 23 {cell 0 2}}
			}
		}
		{Player 1}
		{MID 10}
	}
	{Entity "_infantry2_rus" 0x800b
		{Position -1038.35 -5026.69 0}
		{Orientation
			  0.235668   0.971834   0.000000
			  0.971834  -0.235668   0.000000
			  0.000000   0.000000   1.000000
		}
		{Extender "inventory"
			{box
				{clear}
				{item "ammo pistol" 30 {cell 0 0}}
				{item "sten" {cell 2 0}}
			}
		}
		{Player 1}
		{MID 115}
		{Breed "eng.tankman"}
		{FsmState "board"}
	}
	{Entity "_infantry2_rus" 0x800c
		{Position -1038.35 -5026.69 0}
		{Orientation
			  0.235668   0.971834   0.000000
			  0.971834  -0.235668   0.000000
			  0.000000   0.000000   1.000000
		}
		{Extender "inventory"
			{box
				{clear}
				{item "ammo pistol" 30 {cell 0 0}}
				{item "webley" {cell 2 0}}
			}
		}
		{Player 1}
		{MID 120}
		{Breed "eng.tankman"}
		{FsmState "board"}
	}
	{Entity "_infantry2_rus" 0x800d
		{Position -1038.35 -5026.69 0}
		{Orientation
			  0.235668   0.971834   0.000000
			  0.971834  -0.235668   0.000000
			  0.000000   0.000000   1.000000
		}
		{Extender "inventory"
			{box
				{clear}
				{item "ammo pistol" 30 {cell 0 0}}
				{item "webley" {cell 2 0}}
			}
		}
		{Player 1}
		{MID 121}
		{Breed "eng.tankman"}
		{FsmState "board"}
	}
	{Entity "_infantry2_rus" 0x800e
		{Position -1038.35 -5026.69 0}
		{Orientation
			  0.235668   0.971834   0.000000
			  0.971834  -0.235668   0.000000
			  0.000000   0.000000   1.000000
		}
		{Extender "inventory"
			{box
				{clear}
				{item "ammo pistol" 30 {cell 0 0}}
				{item "m3a" {cell 2 0}}
			}
		}
		{Player 1}
		{MID 122}
		{Breed "eng.tankman"}
		{FsmState "board"}
	}
	{Entity "_infantry2_rus" 0x800f
		{Position -406.022 -5840.99 27.9952}
		{Orientation
			  0.973023   0.100270   0.207600
			 -0.131801   0.980717   0.144600
			 -0.189137  -0.168022   0.967500
		}
		{Extender "inventory"
			{box
				{clear}
				{item "weapon bazooka" {cell 0 0}}
				{item "ammo bazooka" {cell 5 0}}
				{item "ammo bazooka" {cell 5 1}}
				{item "ammo bazooka" {cell 0 2}}
				{item "ammo bazooka" {cell 2 2}}
				{item "ammo bazooka" {cell 4 2}}
			}
		}
		{DisableObstacles}
		{Player 1}
		{MID 15}
		{Breed "eng.infantry.smg"}
		{FsmState "board"}
	}
	{Entity "dodgewc56" 0x8012
		{Position -1206.88 -4958.82 0}
		{Turn 64.9718}
		{Player 1}
		{MID 53}
	}
	{Entity "dodgewc56" 0x8013
		{Position -1050.89 -4674.99 0}
		{Turn 71.515}
		{Player 1}
		{MID 12}
	}
	{Entity "_infantry2_rus" 0x8001
		{Position -1233.22 -4991.98 12.5751}
		{Orientation
			  0.996707  -0.051728   0.062100
			  0.051318   0.998664   0.009300
			 -0.062425  -0.006059   0.998000
		}
		{Extender "inventory"
			{box
				{clear}
				{item "ammo pistol" 50 {cell 0 0}}
				{item "grenade m61" {cell 2 0}}
				{item "grenade m61" {cell 3 0}}
				{item "bandage" 4 {cell 4 0}}
				{item "m3a" {cell 0 1}}
			}
		}
		{DisableObstacles}
		{Player 1}
		{MID 18}
