;MDL File generated by SOEdit 0.41r
;Model created by: <A.G.(ирјр)>
;Date:        Mar 22 2006
{Skeleton
	{bone "Basis"
		{parameters "WheelRadius=0.3;"}
		{Orientation
			1.0000	0.0000	0.0000
			0.0000	-1.0000	0.0000
			0.0000	0.0000	1.0000
		}
		{bone "Pivot_back"
			{Position -27.0679	0.7153	12.5948}
			{bone "spring_L"
				{parameters "ID=trackleft;"}
				{Position 0.1990	11.9811	1.9186}
				{bone "WheelL"
					{parameters "ID=trackleft;"}
					{Matrix34
						-1.0000	0.0000	-0.0000
						-0.0000	0.0060	1.0000
						0.0000	1.0000	-0.0060
						0.7476	5.1519	-5.3333
					}
					{VolumeView "WheelL.ply"}
				}
			}
			{bone "spring_R"
				{Position 0.1990	-12.0706	2.3384}
				{bone "WheelR"
					{parameters "ID=trackright;"}
					{Matrix34
						-1.0000	-0.0000	0.0000
						0.0000	-0.0000	1.0000
						0.0000	-1.0000	-0.0000
						0.7476	-6.4260	-5.7532
					}
					{VolumeView "WheelR.ply"}
				}
			}
		}
		{bone "Body"
			{parameters "ID=body;"}
			{Matrix34
				0.9983	0.0282	0.0507
				-0.0254	0.9981	-0.0555
				-0.0522	0.0541	0.9972
				4.6828	0.2593	8.3027
			}
			{VolumeView "Body.ply"}
			{bone "doorL"
				{parameters "ID=body;"}
				{Matrix34
					0.8095	0.5249	-0.2631
					0.3765	-0.1201	0.9186
					0.4506	-0.8426	-0.2948
					12.0525	20.2394	13.4322
				}
				{VolumeView "doorL.ply"}
			}
			{bone "doorR"
				{parameters "ID=body;"}
				{Matrix34
					-0.9898	-0.1416	0.0141
					0.0188	-0.0316	0.9993
					0.1410	-0.9894	-0.0339
					12.0525	-20.3802	13.4322
				}
				{VolumeView "doorR.ply"}
			}
			{bone revolute "WheelL2"
				{parameters "ID=wheelleft2;"}
				{Matrix34
					-1.0000	-0.0000	0.0000
					0.0000	0.0000	1.0000
					-0.0000	1.0000	-0.0000
					-8.5510	-0.2704	1.9993
				}
				{VolumeView "WheelL2.ply"}
			}
			{bone revolute "WheelR2"
				{parameters "ID=wheelright2;"}
				{Matrix34
					-1.0000	-0.0000	0.0000
					0.0000	-0.0000	1.0000
					-0.0000	1.0000	0.0000
					-50.9266	-0.2603	1.9993
				}
				{VolumeView "WheelR2.ply"}
			}
			{bone revolute "turret"
				{parameters "ID=turret;"}
				{speed 0.0300}
				{Matrix34
					-0.4320	0.9018	0.0000
					-0.9018	-0.4320	0.0000
					0.0000	0.0000	1.0000
					-37.8585	-0.3213	17.2854
				}
				{VolumeView "turret.ply"}
				{bone revolute "gun_rot"
					{limits -20.0000 15.0000}
					{speed 0.0100}
					{Matrix34
						0.0000	-0.9834	-0.1805
						-0.0000	-0.1805	0.9834
						-1.0000	0.0000	-0.0000
						0.0354	4.303	16.1328
					}
					{VolumeView "gun_rot.ply"}
					{bone "gun2"
						{parameters "ID=gun;"}
						{Matrix34
							-0.0000	-0.9994	0.0349
							-0.0000	-0.0349	-0.9994
							1.0000	-0.0000	-0.0000
							7.5159	2.4136	4.9879
						}
						{VolumeView "gun2.ply"}
					}
					{bone "gun1"
						{parameters "ID=gun;"}
						{Matrix34
							-0.0000	-0.9994	0.0349
							-0.0000	-0.0349	-0.9994
							1.0000	-0.0000	-0.0000
							7.5159	-3.5217	5.1446
						}
						{VolumeView "gun1.ply"}
					}
				}
			}
			{bone "engine"
				{parameters "ID=engine;"}
				{Position 34.4033	-0.2324	9.0736}
				{VolumeView "engine.ply"}
			}
			{bone "Part1"
				{Matrix34
					0.9997	-0.0244	0.0000
					0.0244	0.9997	0.0000
					0.0000	0.0000	1.0000
					19.6020	19.1406	12.7918
				}
				{VolumeView "Part1.ply"}
			}
			{bone "part2"
				{Matrix34
					-1.0000	-0.0000	-0.0000
					0.0000	0.0000	1.0000
					-0.0000	1.0000	-0.0000
					-50.9266	-0.2603	1.9993
				}
				{VolumeView "part2.ply"}
			}
			{bone "part3"
				{Matrix34
					0.5000	-0.0000	-0.8660
					0.8660	-0.0000	0.5000
					-0.0000	-1.0000	-0.0000
					59.2992	9.1825	2.0554
				}
				{VolumeView "part3.ply"}
			}
			{bone "part4"
				{Matrix34
					0.0000	1.0000	-0.0000
					0.0000	-0.0000	1.0000
					-1.0000	0.0000	0.0000
					34.4032	-0.2324	6.2350
				}
				{VolumeView "part4.ply"}
			}
		}
		{bone "Pivot_front"
			{Position 42.5585	0.7153	12.5948}
			{bone revolute "steer_L1"
				{Matrix34
					-1.0000	0.0000	-0.0000
					0.0000	1.0000	0.0000
					0.0000	0.0000	-1.0000
					-0.5349	12.9968	-2.4145
				}
				{bone revolute "wheel_L1"
					{parameters "ID=wheelleft1;"}
					{Matrix34
						1.0000	-0.0000	0.0000
						0.0000	0.0000	-1.0000
						0.0000	1.0000	0.0000
						0.0000	2.8947	-0.0000
					}
					{VolumeView "wheel_L1.ply"}
				}
			}
			{bone revolute "steer_R1"
				{Matrix34
					-1.0000	0.0000	-0.0000
					0.0000	1.0000	0.0000
					0.0000	0.0000	-1.0000
					-0.5349	-12.8071	-2.4145
				}
				{bone revolute "wheel_R1"
					{parameters "ID=wheelright1;"}
					{Matrix34
						1.0000	-0.0000	0.0000
						0.0000	0.0000	-1.0000
						0.0000	1.0000	0.0000
						0.0000	-4.3667	-0.0000
					}
					{VolumeView "wheel_R1.ply"}
				}
			}
		}
	}
}
{Volume "wheelright1"
	{Cylinder 5.13 5.52087}
	{Bone "wheel_R1"}
	{Matrix34
		-1.0000	-0.0000	-0.0000
		-0.0000	1.0000	-0.0000
		0.0000	-0.0000	-1.0000
		-0.0000	-0.0000	-0.0242
	}
}
{Volume "wheelleft1"
	{Cylinder 4.845 5.52087}
	{Bone "wheel_L1"}
	{Matrix34
		-1.0000	-0.0000	-0.0000
		-0.0000	1.0000	-0.0000
		0.0000	-0.0000	-1.0000
		-0.0000	0.0000	0.0377
	}
}
{Volume "Body2"
	{Polyhedron "Body2.vol"}
	{Bone "Body"}
	{Matrix34
		0.9995	-0.0302	-0.0011
		-0.0302	-0.9971	-0.0696
		-0.0010	-0.0696	0.9976
		-4.3577	2.0757	6.7207
	}
}
{Volume "Body1"
	{Polyhedron "Body1.vol"}
	{Bone "Body"}
	{Matrix34
		0.9995	-0.0302	-0.0011
		-0.0302	-0.9971	-0.0696
		-0.0010	-0.0696	0.9976
		-4.3484	2.7264	-2.6005
	}
}
{Volume "part4"
	{Polyhedron "part4.vol"}
	{Bone "part4"}
	{Matrix34
		-0.0254	-0.0522	-0.9983
		-0.0555	0.9972	-0.0507
		-0.9981	-0.0541	0.0282
		-15.1716	1.6416	0.6245
	}
}
{Volume "part3"
	{Cylinder 2.95888 20.4685}
	{Bone "part3"}
	{Matrix34
		0.5443	0.8385	0.0254
		-0.8388	0.5445	-0.0003
		-0.0141	-0.0211	0.9997
		0.0098	0.4859	10.0586
	}
}
{Volume "part2"
	{Cylinder 6.77903 2.71964}
	{Bone "part2"}
	{Matrix34
		-0.9983	-0.0522	-0.0254
		-0.0507	0.9972	-0.0555
		0.0282	-0.0541	-0.9981
		0.0000	0.0000	17.0763
	}
}
{Volume "Part1"
	{Box 7.08183 11.2401 2.57727}
	{Bone "Part1"}
	{Matrix34
		1.0000	0.0000	-.0000
		0.0000	0.0000	1.0000
		0.0000	1.0000	0.0000
		0.5074	0.3710	0.8511
	}
}
{Volume "turret"
	{Cylinder 10.4322 20.98718}
	{Bone "turret"}
	{Matrix34
		-0.0000	-1.0000	-0.0000
		1.0000	-0.0000	-0.0000
		-0.0000	0.0000	1.0000
		-0.1739	-0.1098	7.2408
	}
}
{Volume "trackright"
	{Polyhedron "trackright.vol"}
	{Bone "WheelR"}
	{Matrix34
		-1.0000	0.0001	-0.0029
		0.0029	-0.0000	-1.0000
		0.0001	1.0000	-0.0000
		0.0870	-7.8273	-1.2307
	}
}
{Volume "trackleft"
	{Polyhedron "trackleft.vol"}
	{Bone "WheelL"}
	{Matrix34
		-1.0000	0.0001	0.0033
		0.0033	0.0060	1.0000
		0.0001	1.0000	-0.0060
		-0.9389	-7.6844	-0.9043
	}
}
