{mission
	{Camera
		{Position 2898.31 6373.78}
		{Distance 924.617}
		{ViewAngle 0.706254}
		{YawAngle -6.03072}
	}
	{Environment "day"}
	{User 1}
	{GameProgress 0 0}
	{Entity "t-26" 0x8788
		{Position 2712.15 6542.4 0}
		{Turn -61.7246}
		{Extender "inventory"
			{box
				{clear}
				{item "ammo mgun" 1900 {cell 0 0}}
				{item "bullet45 ap" 49 {cell 0 1}}
				{item "bullet45 fg" 27 {cell 0 2}}
			}
		}
		{Player 1}
		{MID 1}
		{Weaponry
			{Number 1}
			{State "gun"
				{Weapon
					{Ammo "bullet45 ap" 1}
				}
			}
		}
	}
	{Entity "t-26" 0x878b
		{Position 3006.49 6305.42 1.08673}
		{Turn 145.056}
		{Extender "inventory"
			{box
				{clear}
				{item "ammo mgun" 1900 {cell 0 0}}
				{item "bullet45 ap" 49 {cell 0 1}}
				{item "bullet45 fg" 27 {cell 0 2}}
			}
		}
		{Player 1}
		{MID 4}
		{Weaponry
			{Number 1}
			{State "gun"
				{Weapon
					{Ammo "bullet45 ap" 1}
				}
			}
		}
	}
	{Entity "_infantry2_rus" 0x878d
		{Position 2733.1 6276.24 0}
		{Orientation
			  0.936775   0.349931   0.000000
			  0.349931  -0.936775   0.000000
			  0.000000   0.000000   1.000000
		}
		{Extender "inventory"
			{box
				{clear}
				{item "ppsh" {cell 0 0}}
				{item "grenade f1" {cell 4 0}}
				{item "ammo pistol" 100 {cell 6 0}}
				{item "ammo pistol" 50 {cell 0 2}}
				{item "grenade molotov_coctail" {cell 6 1}}
			}
		}
		{Player 1}
		{MID 10}
		{Breed "rus.tankman"}
		{FsmState "board"}
	}
	{Entity "_infantry2_rus" 0x8793
		{Position 3006.49 6305.42 1.08673}
		{Orientation
			 -0.819677   0.572757   0.008919
			  0.572080   0.817713   0.063795
			 -0.029246  -0.057394   0.997923
		}
		{Extender "inventory"
			{box
				{clear}
				{item "ppsh" {cell 0 0}}
				{item "grenade f1" {cell 4 0}}
				{item "ammo pistol" 100 {cell 6 0}}
				{item "ammo pistol" 50 {cell 0 2}}
			}
		}
		{Player 1}
		{MID 12}
		{Breed "rus.tankman"}
		{FsmState "board"}
	}
	{Entity "_infantry2_rus" 0x8797
		{Position 2907.33 6577.43 0}
		{Orientation
			 -0.130180  -0.991490   0.000000
			 -0.991490   0.130180   0.000000
			  0.000000   0.000000   1.000000
		}
		{Extender "inventory"
			{box
				{clear}
				{item "ppsh" {cell 0 0}}
				{item "grenade f1" {cell 4 0}}
				{item "ammo pistol" 100 {cell 6 0}}
				{item "ammo pistol" 50 {cell 0 2}}
				{item "grenade molotov_coctail" {cell 6 1}}
			}
		}
		{Player 1}
		{MID 16}
		{Breed "rus.tankman"}
		{FsmState "board"}
	}
	{Entity "_infantry2_rus" 0x879b
		{Position 2712.15 6542.4 0}
		{Orientation
			  0.473710  -0.880681   0.000000
			 -0.880681  -0.473710   0.000000
			  0.000000   0.000000   1.000000
		}
		{Extender "inventory"
			{box
				{clear}
				{item "ppsh" {cell 0 0}}
				{item "grenade f1" {cell 4 0}}
				{item "ammo pistol" 100 {cell 6 0}}
				{item "ammo pistol" 50 {cell 0 2}}
				{item "grenade molotov_coctail" {cell 6 1}}
			}
		}
		{Player 1}
		{MID 20}
		{Breed "rus.tankman"}
		{FsmState "board"}
	}
	{Entity "pz-2f" 0x879c
		{Position 2909.92 210.42 0.45202}
		{Turn 79.8612}
		{Placer
			{State "seat4" {Broken}}
		}
		{Extender "inventory"
			{box
				{clear}
				{item "ammo mgun" 1900 {cell 0 0}}
				{item "bullet20 ap" 49 {cell 0 1}}
			}
		}
		{Player 2}
		{MID 21}
		{Weaponry
			{Number 1}
			{State "gun"
				{Weapon
					{Ammo "bullet20 ap" 1}
				}
			}
			{State "mgun"
				{Weapon
					{Ammo "ammo mgun" 50}
				}
			}
		}
	}
	{Entity "pz-2f" 0x879e
		{Position 2617.08 231.269 0}
		{Turn 66.0072}
		{TexMod "ambush1"}
		{Placer
			{State "seat4" {Broken}}
		}
		{Extender "inventory"
			{box
				{clear}
				{item "ammo mgun" 1900 {cell 0 0}}
				{item "bullet20 ap" 49 {cell 0 1}}
			}
		}
		{Player 2}
		{MID 23}
		{Weaponry
			{Number 1}
			{State "gun"
				{Weapon
					{Ammo "bullet20 ap" 1}
				}
			}
			{State "mgun"
				{Weapon
					{Ammo "ammo mgun" 50}
				}
			}
		}
	}
	{Entity "pz-2f" 0x87a0
		{Position 2294.57 216.202 12.7704}
		{Orientation
			  0.167560   0.978792  -0.117852
			 -0.961979   0.188482   0.197664
			  0.215685   0.080250   0.973160
		}
		{TexMod "ambush1"}
		{Placer
			{State "seat4" {Broken}}
		}
		{Extender "inventory"
			{box
				{clear}
				{item "ammo mgun" 1900 {cell 0 0}}
				{item "bullet20 ap" 49 {cell 0 1}}
			}
		}
		{Player 2}
		{MID 25}
		{Weaponry
			{Number 1}
			{State "gun"
				{Weapon
					{Ammo "bullet20 ap" 1}
				}
			}
			{State "mgun"
				{Weapon
					{Ammo "ammo mgun" 50}
				}
			}
		}
	}
	{Entity "_tankman1_ger" 0x87a1
		{Position 2294.57 216.202 12.7704}
		{Orientation
			  0.167560   0.978792  -0.117852
			  0.961979  -0.188482  -0.197664
			  0.215685   0.080250   0.973160
		}
		{Extender "inventory"
			{box
				{clear}
				{item "mp41" {cell 0 0}}
				{item "ammo pistol" 60 {cell 4 0}}
			}
		}
		{Player 2}
		{MID 26}
		{Able {select 0}}
		{Breed "ger.tankman"}
		{FsmState "board"}
	}
	{Entity "_tankman1_ger" 0x87a2
		{Position 2294.57 216.202 12.7704}
		{Orientation
			  0.167560   0.978792  -0.117852
			  0.961979  -0.188482  -0.197664
			  0.215685   0.080250   0.973160
		}
		{Extender "inventory"
			{box
				{clear}
				{item "mp41" {cell 0 0}}
				{item "ammo pistol" 60 {cell 4 0}}
			}
		}
		{Player 2}
		{MID 27}
		{Able {select 0}}
		{Breed "ger.tankman"}
		{FsmState "board"}
	}
	{Entity "_tankman1_ger" 0x87a5
		{Position 2617.08 231.269 0}
		{Orientation
			  0.406622   0.913597   0.000000
			  0.913597  -0.406622   0.000000
			  0.000000   0.000000   1.000000
		}
		{Extender "inventory"
			{box
				{clear}
				{item "mp41" {cell 0 0}}
				{item "ammo pistol" 60 {cell 4 0}}
			}
		}
		{Player 2}
		{MID 30}
		{Able {select 0}}
		{Breed "ger.tankman"}
		{FsmState "board"}
	}
	{Entity "_tankman1_ger" 0x87a6
		{Position 2617.08 231.269 0}
		{Orientation
			  0.406622   0.913597   0.000000
			  0.913597  -0.406622   0.000000
			  0.000000   0.000000   1.000000
		}
		{Extender "inventory"
			{box
				{clear}
				{item "mp41" {cell 0 0}}
				{item "ammo pistol" 60 {cell 4 0}}
			}
		}
		{Player 2}
		{MID 31}
		{Able {select 0}}
		{Breed "ger.tankman"}
		{FsmState "board"}
	}
	{Entity "_tankman1_ger" 0x87a9
		{Position 2909.92 210.42 0.45202}
		{Orientation
			  0.175947   0.983896   0.031488
			  0.978883  -0.178253   0.100072
			 -0.104074  -0.013216   0.994482
		}
		{Extender "inventory"
			{box
				{clear}
				{item "mp41" {cell 0 0}}
				{item "ammo pistol" 60 {cell 4 0}}
			}
		}
		{Player 2}
		{MID 34}
		{Able {select 0}}
		{Breed "ger.tankman"}
		{FsmState "board"}
	}
	{Entity "_tankman1_ger" 0x87aa
		{Position 2909.92 210.42 0.45202}
		{Orientation
			  0.175947   0.983896   0.031488
			  0.978883  -0.178253   0.100072
			 -0.104074  -0.013216   0.994482
		}
		{Extender "inventory"
			{box
				{clear}
				{item "mp41" {cell 0 0}}
				{item "ammo pistol" 60 {cell 4 0}}
			}
		}
		{Player 2}
		{MID 35}
		{Able {select 0}}
		{Breed "ger.tankman"}
		{FsmState "board"}
	}
	{Entity "t-34-76-41" 0x87ab
		{Position 3827.88 7798.9 -20.0141}
		{Turn -127.09}
		{Player 1}
		{MID 36}
	}
	{Entity "_tankman1_ger" 0x87b6
		{Position 2376.64 437.615 0}
		{Orientation
			 -0.003491   0.999994   0.000000
			  0.999994   0.003491   0.000000
			  0.000000   0.000000   1.000000
		}
		{Extender "vitality"
			{Energy 97.0824}
		}
		{Extender "inventory"
			{box
				{clear}
				{item "mp41" {cell 0 0}}
				{item "ammo pistol" 60 {cell 4 0}}
			}
		}
		{Player 2}
		{MID 59}
		{Able {select 0}}
		{Breed "ger.tankman"}
		{FsmState "board"}
	}
	{Entity "_tankman1_ger" 0x87b7
		{Position 2376.64 437.615 0}
		{Orientation
			 -0.003491   0.999994   0.000000
			  0.999994   0.003491   0.000000
			  0.000000   0.000000   1.000000
		}
		{Extender "inventory"
			{box
				{clear}
				{item "mp41" {cell 0 0}}
				{item "ammo pistol" 60 {cell 4 0}}
			}
		}
		{Player 2}
		{MID 60}
		{Able {select 0}}
		{Breed "ger.tankman"}
		{FsmState "board"}
	}
	{Entity "_infantry2_rus" 0x87be
		{Position 3395.18 8159.86 0}
		{Orientation
			 -0.127226  -0.991874   0.000000
			 -0.991874   0.127226   0.000000
			  0.000000   0.000000   1.000000
		}
		{Extender "inventory"
			{box
				{clear}
				{item "ppsh" {cell 0 0}}
				{item "grenade f1" {cell 4 0}}
				{item "ammo pistol" 100 {cell 6 0}}
				{item "ammo pistol" 50 {cell 0 2}}
				{item "grenade molotov_coctail" {cell 6 1}}
			}
		}
		{Player 1}
		{MID 63}
		{Breed "rus.tankman"}
		{FsmState "board"}
	}
	{Entity "_infantry2_rus" 0x87bf
		{Position 3395.18 8159.86 0}
		{Orientation
			 -0.127226  -0.991874   0.000000
			 -0.991874   0.127226   0.000000
			  0.000000   0.000000   1.000000
		}
		{Extender "inventory"
			{box
				{clear}
				{item "ppsh" {cell 0 0}}
				{item "grenade f1" {cell 4 0}}
				{item "ammo pistol" 100 {cell 6 0}}
				{item "ammo pistol" 50 {cell 0 2}}
				{item "grenade molotov_coctail" {cell 6 1}}
			}
		}
		{Player 1}
		{MID 69}
		{Breed "rus.tankman"}
		{FsmState "board"}
	}
	{Entity "_infantry2_rus" 0x87c0
		{Position 3395.18 8159.86 0}
		{Orientation
			 -0.127226  -0.991874   0.000000
			 -0.991874   0.127226   0.000000
			  0.000000   0.000000   1.000000
		}
		{Extender "inventory"
			{box
				{clear}
				{item "ppsh" {cell 0 0}}
				{item "grenade f1" {cell 4 0}}
				{item "ammo pistol" 100 {cell 6 0}}
				{item "ammo pistol" 50 {cell 0 2}}
				{item "grenade molotov_coctail" {cell 6 1}}
			}
		}
		{Player 1}
		{MID 70}
		{Breed "rus.tankman"}
		{FsmState "board"}
	}
	{Entity "_infantry2_rus" 0x87c1
		{Position 3395.18 8159.86 0}
		{Orientation
			 -0.127226  -0.991874   0.000000
			 -0.991874   0.127226   0.000000
			  0.000000   0.000000   1.000000
		}
		{Extender "inventory"
			{box
				{clear}
				{item "ppsh" {cell 0 0}}
				{item "grenade f1" {cell 4 0}}
				{item "ammo pistol" 100 {cell 6 0}}
				{item "ammo pistol" 50 {cell 0 2}}
				{item "grenade molotov_coctail" {cell 6 1}}
			}
		}
		{Player 1}
		{MID 71}
		{Breed "rus.tankman"}
		{FsmState "board"}
	}
	{Entity "_infantry2_rus" 0x87c2
		{Position 3152.42 8218.17 0}
		{Orientation
			 -0.173975  -0.984750   0.000000
			 -0.984750   0.173975   0.000000
			  0.000000   0.000000   1.000000
		}
		{Extender "inventory"
			{box
				{clear}
				{item "ppsh" {cell 0 0}}
				{item "grenade f1" {cell 4 0}}
				{item "ammo pistol" 100 {cell 6 0}}
				{item "ammo pistol" 50 {cell 0 2}}
				{item "grenade molotov_coctail" {cell 6 1}}
			}
		}
		{Player 1}
		{MID 72}
		{Breed "rus.tankman"}
		{FsmState "board"}
	}
	{Entity "_infantry2_rus" 0x87c3
		{Position 3152.42 8218.17 0}
		{Orientation
			 -0.173975  -0.984750   0.000000
			 -0.984750   0.173975   0.000000
			  0.000000   0.000000   1.000000
		}
		{Extender "inventory"
			{box
				{clear}
				{item "ppsh" {cell 0 0}}
				{item "grenade f1" {cell 4 0}}
				{item "ammo pistol" 100 {cell 6 0}}
				{item "ammo pistol" 50 {cell 0 2}}
				{item "grenade molotov_coctail" {cell 6 1}}
			}
		}
		{Player 1}
		{MID 73}
		{Breed "rus.tankman"}
		{FsmState "board"}
	}
	{Entity "_infantry2_rus" 0x87c4
		{Position 3152.42 8218.17 0}
		{Orientation
			 -0.173975  -0.984750   0.000000
			 -0.984750   0.173975   0.000000
			  0.000000   0.000000   1.000000
		}
		{Extender "inventory"
			{box
				{clear}
				{item "ppsh" {cell 0 0}}
				{item "grenade f1" {cell 4 0}}
				{item "ammo pistol" 100 {cell 6 0}}
				{item "ammo pistol" 50 {cell 0 2}}
				{item "grenade molotov_coctail" {cell 6 1}}
			}
		}
		{Player 1}
		{MID 74}
		{Breed "rus.tankman"}
		{FsmState "board"}
	}
	{Entity "_infantry2_rus" 0x87c5
		{Position 3152.42 8218.17 0}
		{Orientation
			 -0.173975  -0.984750   0.000000
			 -0.984750   0.173975   0.000000
			  0.000000   0.000000   1.000000
		}
		{Extender "inventory"
			{box
				{clear}
				{item "ppsh" {cell 0 0}}
				{item "grenade f1" {cell 4 0}}
				{item "ammo pistol" 100 {cell 6 0}}
				{item "ammo pistol" 50 {cell 0 2}}
				{item "grenade molotov_coctail" {cell 6 1}}
			}
		}
		{Player 1}
		{MID 75}
		{Breed "rus.tankman"}
		{FsmState "board"}
	}
	{Entity "_infantry2_rus" 0x87c6
		{Position 3827.88 7798.9 -20.0141}
		{Orientation
			 -0.602451  -0.796860  -0.045459
			 -0.797710   0.603041   0.000931
			 -0.026672  -0.036824   0.998966
		}
		{Extender "inventory"
			{box
				{clear}
				{item "ppsh" {cell 0 0}}
				{item "grenade f1" {cell 4 0}}
				{item "ammo pistol" 100 {cell 6 0}}
				{item "ammo pistol" 50 {cell 0 2}}
				{item "grenade molotov_coctail" {cell 6 1}}
			}
		}
		{Player 1}
		{MID 76}
		{Breed "rus.tankman"}
		{FsmState "board"}
	}
	{Entity "_infantry2_rus" 0x87c7
		{Position 3827.88 7798.9 -20.0141}
		{Orientation
			 -0.602451  -0.796860  -0.045459
			 -0.797710   0.603041   0.000931
			 -0.026672  -0.036824   0.998966
		}
		{Extender "inventory"
			{box
				{clear}
				{item "ppsh" {cell 0 0}}
				{item "grenade f1" {cell 4 0}}
				{item "ammo pistol" 100 {cell 6 0}}
				{item "ammo pistol" 50 {cell 0 2}}
				{item "grenade molotov_coctail" {cell 6 1}}
			}
		}
		{Player 1}
		{MID 77}
		{Breed "rus.tankman"}
		{FsmState "board"}
	}
	{Entity "_infantry2_rus" 0x87c8
		{Position 3827.88 7798.9 -20.0141}
		{Orientation
			 -0.602451  -0.796860  -0.045459
			 -0.797710   0.603041   0.000931
			 -0.026672  -0.036824   0.998966
		}
		{Extender "inventory"
			{box
				{clear}
				{item "ppsh" {cell 0 0}}
				{item "grenade f1" {cell 4 0}}
				{item "ammo pistol" 100 {cell 6 0}}
				{item "ammo pistol" 50 {cell 0 2}}
				{item "grenade molotov_coctail" {cell 6 1}}
			}
		}
		{Player 1}
		{MID 78}
		{Breed "rus.tankman"}
		{FsmState "board"}
	}
	{Entity "_infantry2_rus" 0x87c9
		{Position 3827.88 7798.9 -20.0141}
		{Orientation
			 -0.602451  -0.796860  -0.045459
			 -0.797710   0.603041   0.000931
			 -0.026672  -0.036824   0.998966
		}
		{Extender "inventory"
			{box
				{clear}
				{item "ppsh" {cell 0 0}}
				{item "grenade f1" {cell 4 0}}
				{item "ammo pistol" 100 {cell 6 0}}
				{item "ammo pistol" 50 {cell 0 2}}
				{item "grenade molotov_coctail" {cell 6 1}}
			}
		}
		{Player 1}
		{MID 79}
		{Breed "rus.tankman"}
		{FsmState "board"}
	}
	{Entity "t-34-76-41" 0x8000
		{Position 2733.1 6276.24 0}
		{Turn 20.4831}
		{Extender "inventory"
			{box
				{clear}
				{item "ammo mgun" 2000 {cell 0 0}}
				{item "bullet76 ap" 49 {cell 0 1}}
				{item "bullet76 fg" 27 {cell 0 2}}
			}
		}
		{Player 1}
		{MID 2}
		{Weaponry
			{State "gun"
				{Weapon
					{Ammo "bullet76 ap" 1}
				}
			}
		}
	}
	{Entity "pz-4g" 0x8008
		{Position 2756.18 244.898 -0.758255}
		{Turn 85.277}
		{Player 2}
		{MID 22}
		{Weaponry
			{Number 1}
			{State "gun"
				{Weapon
					{Ammo "bullet75 ap" 1}
				}
			}
			{State "mgun"
				{Weapon
					{Ammo "ammo mgun" 50}
				}
			}
		}
	}
	{Entity "_infantry2_rus" 0x8009
		{Position 2756.18 244.898 -0.758255}
		{Orientation
			  0.082336   0.996569  -0.008489
			  0.995763  -0.082614  -0.040380
			  0.040943   0.005128   0.999148
		}
		{Extender "inventory"
			{box
				{clear}
				{item "mp41" {cell 0 0}}
				{item "ammo pistol" 60 {cell 4 0}}
			}
		}
		{Player 2}
		{MID 6}
		{Breed "ger.tankman"}
		{FsmState "board"}
	}
	{Entity "_infantry2_rus" 0x800a
		{Position 2756.18 244.898 -0.758255}
		{Orientation
			  0.082336   0.996569  -0.008489
			  0.995763  -0.082614  -0.040380
			  0.040943   0.005128   0.999148
		}
		{Extender "inventory"
			{box
				{clear}
				{item "mp41" {cell 0 0}}
				{item "ammo pistol" 60 {cell 4 0}}
			}
		}
		{Player 2}
		{MID 7}
		{Breed "ger.tankman"}
		{FsmState "board"}
	}
	{Entity "_infantry2_rus" 0x800b
		{Position 2756.18 244.898 -0.758255}
		{Orientation
			  0.082336   0.996569  -0.008489
			  0.995763  -0.082614  -0.040380
			  0.040943   0.005128   0.999148
		}
		{Extender "inventory"
			{box
				{clear}
				{item "mp41" {cell 0 0}}
				{item "ammo pistol" 60 {cell 4 0}}
			}
		}
		{Player 2}
		{MID 8}
		{Breed "ger.tankman"}
		{FsmState "board"}
	}
	{Entity "_infantry2_rus" 0x800c
		{Position 2756.18 244.898 -0.758255}
		{Orientation
			  0.082336   0.996569  -0.008489
			  0.995763  -0.082614  -0.040380
			  0.040943   0.005128   0.999148
		}
		{Extender "inventory"
			{box
				{clear}
				{item "mp41" {cell 0 0}}
				{item "ammo pistol" 60 {cell 4 0}}
			}
		}
		{Player 2}
		{MID 17}
		{Breed "ger.tankman"}
		{FsmState "board"}
	}
	{Entity "pz-3g" 0x800d
		{Position 2402.64 229.498 0.495834}
		{Turn 97.3317}
		{Player 2}
		{MID 24}
		{Weaponry
			{Number 1}
			{State "gun"
				{Weapon
					{Ammo "bullet50 ap" 1}
				}
			}
			{State "mgun"
				{Weapon
					{Ammo "ammo mgun" 50}
				}
			}
		}
	}
	{Entity "_infantry2_rus" 0x800e
		{Position 2402.64 229.498 0.495834}
		{Orientation
			 -0.127614   0.991824   0.000178
			  0.991402   0.127565  -0.029154
			  0.028939   0.003544   0.999575
		}
		{Extender "inventory"
			{box
				{clear}
				{item "mp41" {cell 0 0}}
				{item "ammo pistol" 60 {cell 4 0}}
			}
		}
		{Player 2}
		{MID 18}
		{Breed "ger.tankman"}
		{FsmState "board"}
	}
	{Entity "_infantry2_rus" 0x800f
		{Position 2402.64 229.498 0.495834}
		{Orientation
			 -0.127614   0.991824   0.000178
			  0.991402   0.127565  -0.029154
			  0.028939   0.003544   0.999575
		}
		{Extender "inventory"
			{box
				{clear}
				{item "mp41" {cell 0 0}}
				{item "ammo pistol" 60 {cell 4 0}}
			}
		}
		{Player 2}
		{MID 19}
		{Breed "ger.tankman"}
		{FsmState "board"}
	}
	{Entity "_infantry2_rus" 0x8010
		{Position 2402.64 229.498 0.495834}
		{Orientation
			 -0.127614   0.991824   0.000178
			  0.991402   0.127565  -0.029154
			  0.028939   0.003544   0.999575
		}
		{Extender "inventory"
			{box
				{clear}
				{item "mp41" {cell 0 0}}
				{item "ammo pistol" 60 {cell 4 0}}
			}
		}
		{Player 2}
		{MID 45}
		{Breed "ger.tankman"}
		{FsmState "board"}
	}
	{Entity "_infantry2_rus" 0x8011
		{Position 2402.64 229.498 0.495834}
		{Orientation
			 -0.127614   0.991824   0.000178
			  0.991402   0.127565  -0.029154
			  0.028939   0.003544   0.999575
		}
		{Extender "inventory"
			{box
				{clear}
				{item "mp41" {cell 0 0}}
				{item "ammo pistol" 60 {cell 4 0}}
			}
		}
		{Player 2}
		{MID 46}
		{Breed "ger.tankman"}
		{FsmState "board"}
	}
	{Entity "_infantry2_rus" 0x8013
		{Position 2299.97 10.0189 4.00513}
		{Extender "inventory"
			{box
				{clear}
				{item "ammo pistol" 100 {cell 0 1}}
				{item "ammo pistol" 100 {cell 0 0}}
				{item "bandage" 5 {cell 0 2}}
				{item "knife hand" {cell 2 0}}
				{item "grenade molotov_coctail" {cell 2 1}}
				{item "grenade molotov_coctail" {cell 4 1}}
				{item "grenade m24x5" {cell 4 0}}
				{item "grenade m24x5" {cell 6 0}}
			}
		}
		{Player 2}
		{MID 48}
		{Weaponry
			{State
				{Mounted "mp41"}
				{Weapon
					{Ammo "ammo pistol" 32}
				}
			}
		}
		{Breed "ger.elite_ss"}
		{FsmState "stand"}
	}
	{Entity "_infantry2_rus" 0x8014
		{Position 2327.35 -14.416 0}
		{Extender "inventory"
			{box
				{clear}
				{item "ammo pistol" 100 {cell 0 1}}
				{item "ammo pistol" 100 {cell 0 0}}
				{item "bandage" 5 {cell 0 2}}
				{item "knife hand" {cell 2 0}}
				{item "grenade molotov_coctail" {cell 2 1}}
				{item "grenade molotov_coctail" {cell 4 1}}
				{item "grenade m24x5" {cell 4 0}}
				{item "grenade m24x5" {cell 6 0}}
			}
		}
		{Player 2}
		{MID 49}
		{Weaponry
			{State
				{Mounted "mp41"}
				{Weapon
					{Ammo "ammo pistol" 32}
				}
			}
		}
		{Breed "ger.elite_ss"}
		{FsmState "stand"}
	}
	{Entity "_infantry2_rus" 0x8015
		{Position 2754.42 8.14365 -0.360498}
		{Extender "inventory"
			{box
				{clear}
				{item "ammo pistol" 100 {cell 0 1}}
				{item "ammo pistol" 100 {cell 0 0}}
				{item "bandage" 5 {cell 0 2}}
				{item "knife hand" {cell 2 0}}
				{item "grenade molotov_coctail" {cell 2 1}}
				{item "grenade molotov_coctail" {cell 4 1}}
				{item "grenade m24x5" {cell 4 0}}
				{item "grenade m24x5" {cell 6 0}}
			}
		}
		{Player 2}
		{MID 50}
		{Weaponry
			{State
				{Mounted "mp41"}
				{Weapon
					{Ammo "ammo pistol" 32}
				}
			}
		}
		{Breed "ger.elite_ss"}
		{FsmState "stand"}
	}
	{Entity "_infantry2_rus" 0x8016
		{Position 2712.45 6.19295 0}
		{Extender "inventory"
			{box
				{clear}
				{item "ammo pistol" 100 {cell 0 1}}
				{item "ammo pistol" 100 {cell 0 0}}
				{item "bandage" 5 {cell 0 2}}
				{item "knife hand" {cell 2 0}}
				{item "grenade molotov_coctail" {cell 2 1}}
				{item "grenade molotov_coctail" {cell 4 1}}
				{item "grenade m24x5" {cell 4 0}}
				{item "grenade m24x5" {cell 6 0}}
			}
		}
		{Player 2}
		{MID 64}
		{Weaponry
			{State
				{Mounted "mp41"}
				{Weapon
					{Ammo "ammo pistol" 32}
				}
			}
		}
		{Breed "ger.elite_ss"}
		{FsmState "stand"}
	}
	{Entity "_infantry2_rus" 0x8018
		{Position 2857.34 -56.2858 0}
		{Extender "inventory"
			{box
				{clear}
				{item "ammo pistol" 100 {cell 0 1}}
				{item "ammo pistol" 100 {cell 0 0}}
				{item "bandage" 5 {cell 0 2}}
				{item "knife hand" {cell 2 0}}
				{item "grenade molotov_coctail" {cell 2 1}}
				{item "grenade molotov_coctail" {cell 4 1}}
				{item "grenade m24x5" {cell 4 0}}
				{item "grenade m24x5" {cell 6 0}}
			}
		}
		{Player 2}
		{MID 66}
		{Weaponry
			{State
				{Mounted "mp41"}
				{Weapon
					{Ammo "ammo pistol" 32}
				}
			}
		}
		{Breed "ger.elite_ss"}
		{FsmState "stand"}
	}
	{Entity "_infantry2_rus" 0x8019
		{Position 2777.54 212.534 26.2443}
		{Orientation
			  0.976119   0.176114   0.127140
			 -0.172028   0.984183  -0.042240
			 -0.132544   0.019392   0.990971
		}
		{Extender "inventory"
			{box
				{clear}
				{item "ammo bazooka" {cell 0 2}}
				{item "ammo bazooka" {cell 2 2}}
				{item "ammo bazooka" {cell 4 2}}
				{item "ammo pistol" 30 {cell 6 2}}
				{item "valter" {cell 0 3}}
				{item "weapon panzershreck" {cell 0 0}}
			}
		}
		{DisableObstacles}
		{Player 2}
		{MID 67}
		{Breed "ger.bazoker"}
		{FsmState "board"}
	}
	{Entity "_infantry2_rus" 0x801a
		{Position 2430.4 213.633 24.7784}
		{Orientation
			  0.965447  -0.215383   0.146487
			  0.219141   0.975644  -0.009803
			 -0.140878   0.041586   0.989150
		}
		{Extender "inventory"
			{box
				{clear}
				{item "ammo bazooka" {cell 5 0}}
				{item "ammo bazooka" {cell 5 1}}
				{item "ammo bazooka" {cell 0 2}}
				{item "ammo pistol" 30 {cell 6 2}}
				{item "valter" {cell 0 3}}
				{item "weapon panzershreck" {cell 0 0}}
			}
		}
		{DisableObstacles}
		{Player 2}
		{MID 68}
		{Breed "ger.bazoker"}
		{FsmState "board"}
	}
	{Entity "pz-5" 0x801b
		{Position 2239.05 395.822 4.76121}
		{Orientation
			  0.083361   0.992965  -0.084090
			 -0.985512   0.094654   0.140740
			  0.147709   0.071139   0.986469
		}
		{TexMod "ambush3"}
		{Player 2}
		{MID 28}
		{Weaponry
			{Number 1}
			{State "gun"
				{Weapon
					{Ammo "bullet75 ap" 1}
				}
			}
			{State "mgun"
				{Weapon
					{Ammo "ammo mgun" 50}
				}
			}
		}
	}
	{Entity "pz-4g" 0x8012
		{Position 2670.95 479.518 -0.0522062}
		{Turn 111.772}
		{TexMod "ambush"}
		{Player 2}
		{MID 47}
		{Weaponry
			{Number 1}
			{State "gun"
				{Weapon
					{Ammo "bullet75 ap" 1}
				}
			}
			{State "mgun"
				{Weapon
					{Ammo "ammo mgun" 50}
				}
			}
		}
	}
	{Entity "_infantry2_rus" 0x8017
		{Position 2239.05 395.822 4.76121}
		{Orientation
			  0.083361   0.992965  -0.084090
			  0.985512  -0.094654  -0.140740
			  0.147709   0.071139   0.986469
		}
		{Extender "inventory"
			{box
				{clear}
				{item "ammo pistol" 40 {cell 0 0}}
				{item "grenade m24" {cell 2 0}}
				{item "grenade m24" {cell 4 0}}
				{item "mp40" {cell 0 1}}
			}
		}
		{Player 2}
		{MID 51}
		{Breed "ger.tank_crew"}
		{FsmState "board"}
	}
	{Entity "_infantry2_rus" 0x8020
		{Position 2239.05 395.822 4.76121}
		{Orientation
			  0.083361   0.992965  -0.084090
			  0.985512  -0.094654  -0.140740
			  0.147709   0.071139   0.986469
		}
		{Extender "inventory"
			{box
				{clear}
				{item "ammo pistol" 40 {cell 0 0}}
				{item "grenade m24" {cell 2 0}}
				{item "grenade m24" {cell 4 0}}
				{item "mp40" {cell 0 1}}
			}
		}
		{Player 2}
		{MID 65}
		{Breed "ger.tank_crew"}
		{FsmState "board"}
	}
	{Entity "_infantry2_rus" 0x8021
		{Position 2239.05 395.822 4.76121}
		{Orientation
			  0.083361   0.992965  -0.084090
			  0.985512  -0.094654  -0.140740
			  0.147709   0.071139   0.986469
		}
		{Extender "inventory"
			{box
				{clear}
				{item "ammo pistol" 40 {cell 0 0}}
				{item "grenade m24" {cell 2 0}}
				{item "grenade m24" {cell 4 0}}
				{item "mp40" {cell 0 1}}
			}
		}
		{Player 2}
		{MID 80}
		{Breed "ger.tank_crew"}
		{FsmState "board"}
	}
	{Entity "_infantry2_rus" 0x8022
		{Position 2239.05 395.822 4.76121}
		{Orientation
			  0.083361   0.992965  -0.084090
			  0.985512  -0.094654  -0.140740
			  0.147709   0.071139   0.986469
		}
		{Extender "inventory"
			{box
				{clear}
				{item "ammo pistol" 40 {cell 0 0}}
				{item "grenade m24" {cell 2 0}}
				{item "grenade m24" {cell 4 0}}
				{item "mp40" {cell 0 1}}
			}
		}
		{Player 2}
		{MID 81}
		{Breed "ger.tank_crew"}
		{FsmState "board"}
	}
	{Entity "_infantry2_rus" 0x801c
		{Position 2670.95 479.518 -0.0522062}
		{Orientation
			 -0.370920   0.928662  -0.002237
			  0.928663   0.370913  -0.003071
			  0.002022   0.003217   0.999993
		}
		{Extender "inventory"
			{box
				{clear}
				{item "mp41" {cell 0 0}}
				{item "ammo pistol" 60 {cell 4 0}}
			}
		}
		{Player 2}
		{MID 29}
		{Breed "ger.tankman"}
		{FsmState "board"}
	}
	{Entity "_infantry2_rus" 0x801d
		{Position 2670.95 479.518 -0.0522062}
		{Orientation
			 -0.370920   0.928662  -0.002237
			  0.928663   0.370913  -0.003071
			  0.002022   0.003217   0.999993
		}
		{Extender "inventory"
			{box
				{clear}
				{item "mp41" {cell 0 0}}
				{item "ammo pistol" 60 {cell 4 0}}
			}
		}
		{Player 2}
		{MID 32}
		{Breed "ger.tankman"}
		{FsmState "board"}
	}
	{Entity "_infantry2_rus" 0x801e
		{Position 2670.95 479.518 -0.0522062}
		{Orientation
			 -0.370920   0.928662  -0.002237
			  0.928663   0.370913  -0.003071
			  0.002022   0.003217   0.999993
		}
		{Extender "inventory"
			{box
				{clear}
				{item "mp41" {cell 0 0}}
				{item "ammo pistol" 60 {cell 4 0}}
			}
		}
		{Player 2}
		{MID 33}
		{Breed "ger.tankman"}
		{FsmState "board"}
	}
	{Entity "_infantry2_rus" 0x801f
		{Position 2670.95 479.518 -0.0522062}
		{Orientation
			 -0.370920   0.928662  -0.002237
			  0.928663   0.370913  -0.003071
			  0.002022   0.003217   0.999993
		}
		{Extender "inventory"
			{box
				{clear}
				{item "mp41" {cell 0 0}}
				{item "ammo pistol" 60 {cell 4 0}}
			}
		}
		{Player 2}
		{MID 53}
		{Breed "ger.tankman"}
		{FsmState "board"}
	}
	{Entity "_infantry2_rus" 0x8024
		{Position 2886.03 379.008 -3.22914}
		{Orientation
			  0.120674   0.992373  -0.025161
			  0.992292  -0.119868   0.031423
			 -0.028168   0.028759   0.999189
		}
		{Extender "inventory"
			{box
				{clear}
				{item "mp41" {cell 0 0}}
				{item "ammo pistol" 60 {cell 4 0}}
			}
		}
		{Player 2}
		{MID 57}
		{Breed "ger.tankman"}
		{FsmState "board"}
	}
	{Entity "_infantry2_rus" 0x8025
		{Position 2886.03 379.008 -3.22914}
		{Orientation
			  0.120674   0.992373  -0.025161
			  0.992292  -0.119868   0.031423
			 -0.028168   0.028759   0.999189
		}
		{Extender "inventory"
			{box
				{clear}
				{item "mp41" {cell 0 0}}
				{item "ammo pistol" 60 {cell 4 0}}
			}
		}
		{Player 2}
		{MID 58}
		{Breed "ger.tankman"}
		{FsmState "board"}
	}
	{Entity "_infantry2_rus" 0x8026
		{Position 2886.03 379.008 -3.22914}
		{Orientation
			  0.120674   0.992373  -0.025161
			  0.992292  -0.119868   0.031423
			 -0.028168   0.028759   0.999189
		}
		{Extender "inventory"
			{box
				{clear}
				{item "mp41" {cell 0 0}}
				{item "ammo pistol" 60 {cell 4 0}}
			}
		}
		{Player 2}
		{MID 61}
		{Breed "ger.tankman"}
		{FsmState "board"}
	}
	{Entity "_infantry2_rus" 0x8027
		{Position 2886.03 379.008 -3.22914}
		{Orientation
			  0.120674   0.992373  -0.025161
			  0.992292  -0.119868   0.031423
			 -0.028168   0.028759   0.999189
		}
		{Extender "inventory"
			{box
				{clear}
				{item "mp41" {cell 0 0}}
				{item "ammo pistol" 60 {cell 4 0}}
			}
		}
		{Player 2}
		{MID 62}
		{Breed "ger.tankman"}
		{FsmState "board"}
	}
	{Entity "_infantry2_rus" 0x8002
		{Position 2712.15 6542.4 0}
		{Orientation
			  0.473710  -0.880681   0.000000
			 -0.880681  -0.473710   0.000000
			  0.000000   0.000000   1.000000
		}
		{Extender "vitality"
			{Health
				{Max 200}
				{Current 200}
			}
		}
		{Extender "inventory"
			{box
				{clear}
				{item "ammo pistol" 18 {cell 0 0}}
				{item "tt" {cell 2 0}}
				{item "grenade rpg40" {cell 0 1}}
			}
		}
		{Player 1}
		{MID 5}
		{Breed "rus.tankman"}
		{FsmState "board"}
	}
	{Entity "_infantry2_rus" 0x8003
		{Position 2712.15 6542.4 0}
		{Orientation
			  0.473710  -0.880681   0.000000
			 -0.880681  -0.473710   0.000000
			  0.000000   0.000000   1.000000
		}
		{Extender "vitality"
			{Health
				{Max 200}
				{Current 200}
			}
		}
		{Extender "inventory"
			{box
				{clear}
				{item "ammo pistol" 18 {cell 0 0}}
				{item "tt" {cell 2 0}}
				{item "grenade rpg40" {cell 0 1}}
			}
		}
		{Player 1}
		{MID 9}
		{Breed "rus.tankman"}
		{FsmState "board"}
	}
	{Entity "_infantry2_rus" 0x8004
		{Position 2712.15 6542.4 0}
		{Orientation
			  0.473710  -0.880681   0.000000
			 -0.880681  -0.473710   0.000000
			  0.000000   0.000000   1.000000
		}
		{Extender "vitality"
			{Health
				{Max 200}
				{Current 200}
			}
		}
		{Extender "inventory"
			{box
				{clear}
				{item "ammo pistol" 18 {cell 0 0}}
				{item "tt" {cell 2 0}}
				{item "grenade rpg40" {cell 0 1}}
			}
		}
		{Player 1}
		{MID 11}
		{Breed "rus.tankman"}
		{FsmState "board"}
	}
	{Entity "_infantry2_rus" 0x8005
		{Position 2733.1 6276.24 0}
		{Orientation
			  0.936775   0.349931   0.000000
			  0.349931  -0.936775   0.000000
			  0.000000   0.000000   1.000000
		}
		{Extender "vitality"
			{Health
				{Max 200}
				{Current 200}
			}
		}
		{Extender "inventory"
			{box
				{clear}
				{item "ammo pistol" 18 {cell 0 0}}
				{item "tt" {cell 2 0}}
				{item "grenade rpg40" {cell 0 1}}
			}
		}
		{Player 1}
		{MID 13}
		{Breed "rus.tankman"}
		{FsmState "board"}
	}
	{Entity "_infantry2_rus" 0x8006
		{Position 2733.1 6276.24 0}
		{Orientation
			  0.936775   0.349931   0.000000
			  0.349931  -0.936775   0.000000
			  0.000000   0.000000   1.000000
		}
		{Extender "vitality"
			{Health
				{Max 200}
				{Current 200}
			}
		}
		{Extender "inventory"
			{box
				{clear}
				{item "ammo pistol" 18 {cell 0 0}}
				{item "tt" {cell 2 0}}
				{item "grenade rpg40" {cell 0 1}}
			}
		}
		{Player 1}
		{MID 14}
		{Breed "rus.tankman"}
		{FsmState "board"}
	}
	{Entity "_infantry2_rus" 0x8007
		{Position 2733.1 6276.24 0}
		{Orientation
			  0.936775   0.349931   0.000000
			  0.349931  -0.936775   0.000000
			  0.000000   0.000000   1.000000
		}
		{Extender "vitality"
			{Health
				{Max 200}
				{Current 200}
			}
		}
		{Extender "inventory"
			{box
				{clear}
				{item "ammo pistol" 18 {cell 0 0}}
				{item "tt" {cell 2 0}}
				{item "grenade rpg40" {cell 0 1}}
			}
		}
		{Player 1}
		{MID 15}
		{Breed "rus.tankman"}
		{FsmState "board"}
	}
	{Entity "_infantry2_rus" 0x8028
		{Position 3006.49 6305.42 1.08673}
		{Orientation
			 -0.819677   0.572757   0.008919
			  0.572080   0.817713   0.063795
			 -0.029246  -0.057394   0.997923
		}
		{Extender "vitality"
			{Health
				{Max 200}
				{Current 200}
			}
		}
		{Extender "inventory"
			{box
				{clear}
				{item "ammo pistol" 18 {cell 0 0}}
				{item "tt" {cell 2 0}}
				{item "grenade rpg40" {cell 0 1}}
			}
		}
		{Player 1}
		{MID 39}
		{Breed "rus.tankman"}
		{FsmState "board"}
	}
	{Entity "_infantry2_rus" 0x8029
		{Position 3006.49 6305.42 1.08673}
		{Orientation
			 -0.819677   0.572757   0.008919
			  0.572080   0.817713   0.063795
			 -0.029246  -0.057394   0.997923
		}
		{Extender "vitality"
			{Health
				{Max 200}
				{Current 200}
			}
		}
		{Extender "inventory"
			{box
				{clear}
				{item "ammo pistol" 18 {cell 0 0}}
				{item "tt" {cell 2 0}}
				{item "grenade rpg40" {cell 0 1}}
			}
		}
		{Player 1}
		{MID 40}
		{Breed "rus.tankman"}
		{FsmState "board"}
	}
	{Entity "_infantry2_rus" 0x802a
		{Position 3006.49 6305.42 1.08673}
		{Orientation
			 -0.819677   0.572757   0.008919
			  0.572080   0.817713   0.063795
			 -0.029246  -0.057394   0.997923
		}
		{Extender "vitality"
			{Health
				{Max 200}
				{Current 200}
			}
		}
		{Extender "inventory"
			{box
				{clear}
				{item "ammo pistol" 18 {cell 0 0}}
				{item "tt" {cell 2 0}}
				{item "grenade rpg40" {cell 0 1}}
			}
		}
		{Player 1}
		{MID 41}
		{Breed "rus.tankman"}
		{FsmState "board"}
	}
	{Entity "_infantry2_rus" 0x802b
		{Position 2907.33 6577.43 0}
		{Orientation
			 -0.130180  -0.991490   0.000000
			 -0.991490   0.130180   0.000000
			  0.000000   0.000000   1.000000
		}
		{Extender "vitality"
			{Health
				{Max 200}
				{Current 200}
			}
		}
		{Extender "inventory"
			{box
				{clear}
				{item "ammo pistol" 18 {cell 0 0}}
				{item "tt" {cell 2 0}}
				{item "grenade rpg40" {cell 0 1}}
			}
		}
		{Player 1}
		{MID 42}
		{Breed "rus.tankman"}
		{FsmState "board"}
	}
	{Entity "_infantry2_rus" 0x802c
		{Position 2907.33 6577.43 0}
		{Orientation
			 -0.130180  -0.991490   0.000000
			 -0.991490   0.130180   0.000000
			  0.000000   0.000000   1.000000
		}
		{Extender "vitality"
			{Health
				{Max 200}
				{Current 200}
			}
		}
		{Extender "inventory"
			{box
				{clear}
				{item "ammo pistol" 18 {cell 0 0}}
				{item "tt" {cell 2 0}}
				{item "grenade rpg40" {cell 0 1}}
			}
		}
		{Player 1}
		{MID 43}
		{Breed "rus.tankman"}
		{FsmState "board"}
	}
	{Entity "_infantry2_rus" 0x802d
		{Position 2907.33 6577.43 0}
		{Orientation
			 -0.130180  -0.991490   0.000000
			 -0.991490   0.130180   0.000000
			  0.000000   0.000000   1.000000
		}
		{Extender "vitality"
			{Health
				{Max 200}
				{Current 200}
			}
		}
		{Extender "inventory"
			{box
				{clear}
				{item "ammo pistol" 18 {cell 0 0}}
				{item "tt" {cell 2 0}}
				{item "grenade rpg40" {cell 0 1}}
			}
		}
		{Player 1}
		{MID 44}
		{Breed "rus.tankman"}
		{FsmState "board"}
	}
	{Entity "birds" 0x802e
		{Position 5525.75 3511.46 -4.72186}
		{Extender "speaker"
			{SoundName "world.lake"}
		}
	}
	{Entity "birds" 0x802f
		{Position 779.222 4389.75 -6.12643}
		{Extender "speaker"
			{SoundName "world.lake"}
		}
	}
	{Entity "birds" 0x8030
		{Position 1970.84 4404.74 -15.4745}
		{Extender "speaker"
			{SoundName "world.lake"}
		}
	}
	{Entity "birds" 0x8031
		{Position 4561.06 947.443 47.8936}
		{Extender "speaker"
			{SoundName "world.chepel"}
		}
	}
	{Entity "birds" 0x8032
		{Position 3193.06 6264.8 0}
		{Extender "speaker"
			{SoundName "world.birds01"}
		}
	}
	{Entity "birds" 0x8033
		{Position 1900.28 7695.87 -16.616}
		{Extender "speaker"
			{SoundName "world.lake"}
		}
	}
	{Entity "birds" 0x8034
		{Position 837.291 5436.95 59.7295}
		{Extender "speaker"
			{SoundName "world.birds03"}
		}
	}
	{Entity "birds" 0x8035
		{Position 4231.89 2163.97 59.3974}
		{Extender "speaker"
			{SoundName "world.birds03"}
		}
	}
	{Entity "birds" 0x8036
		{Position 5165.33 5979.12 0}
		{Extender "speaker"
			{SoundName "world.birds01"}
		}
	}
	{Entity "_infantry2_rus" 0x8037
		{Position 2294.57 216.202 12.7704}
		{Orientation
			  0.167560   0.978792  -0.117852
			  0.961979  -0.188482  -0.197664
			  0.215685   0.080250   0.973160
		}
		{Extender "inventory"
			{box
				{clear}
				{item "mp41" {cell 0 0}}
				{item "ammo pistol" 60 {cell 4 0}}
			}
		}
		{Player 2}
		{MID 55}
		{Breed "ger.tankman"}
		{FsmState "board"}
	}
	{Entity "_infantry2_rus" 0x8038
		{Position 2294.57 216.202 12.7704}
		{Orientation
			  0.167560   0.978792  -0.117852
			  0.961979  -0.188482  -0.197664
			  0.215685   0.080250   0.973160
		}
		{Extender "inventory"
			{box
				{clear}
				{item "mp41" {cell 0 0}}
				{item "ammo pistol" 60 {cell 4 0}}
			}
		}
		{Player 2}
		{MID 56}
		{Breed "ger.tankman"}
		{FsmState "board"}
	}
	{Entity "_infantry2_rus" 0x8039
		{Position 2617.08 231.269 0}
		{Orientation
			  0.406622   0.913597   0.000000
			  0.913597  -0.406622   0.000000
			  0.000000   0.000000   1.000000
		}
		{Extender "inventory"
			{box
				{clear}
				{item "mp41" {cell 0 0}}
				{item "ammo pistol" 60 {cell 4 0}}
			}
		}
		{Player 2}
		{MID 82}
		{Breed "ger.tankman"}
		{FsmState "board"}
	}
	{Entity "_infantry2_rus" 0x803a
		{Position 2909.92 210.42 0.45202}
		{Orientation
			  0.175947   0.983896   0.031488
			  0.978883  -0.178253   0.100072
			 -0.104074  -0.013216   0.994482
		}
		{Extender "inventory"
			{box
				{clear}
				{item "mp41" {cell 0 0}}
				{item "ammo pistol" 60 {cell 4 0}}
			}
		}
		{Player 2}
		{MID 83}
		{Breed "ger.tankman"}
		{FsmState "board"}
	}
	{Entity "_infantry2_rus" 0x803b
		{Position 2909.92 210.42 0.45202}
		{Orientation
			  0.175947   0.983896   0.031488
			  0.978883  -0.178253   0.100072
			 -0.104074  -0.013216   0.994482
		}
		{Extender "inventory"
			{box
				{clear}
				{item "mp41" {cell 0 0}}
				{item "ammo pistol" 60 {cell 4 0}}
			}
		}
		{Player 2}
		{MID 84}
		{Breed "ger.tankman"}
		{FsmState "board"}
	}
	{Entity "zis-5" 0x803c
		{Position 3008.14 6094.6 -0.0113724}
		{Turn -137.101}
		{Extender "inventory"
			{box
				{clear}
				{item "mine antitank" 27 {cell 0 0}}
				{item "bandage" 10 {cell 6 0}}
				{item "ptrd" {cell 0 2}}
				{item "mine antipersonnel" 30 {cell 2 0}}
				{item "ammo ptr" 35 {cell 4 0}}
				{item "grenade molotov_coctail" 10 {cell 2 1}}
				{item "grenade molotov_coctail" 15 {cell 6 1}}
			}
		}
		{Player 1}
		{MID 85}
	}
	{Entity "_infantry2_rus" 0x803d
		{Position 2937.86 6124.67 0}
		{Turn 14.4214}
		{Extender "vitality"
			{Health
				{Max 250}
				{Current 250}
			}
		}
		{Extender "inventory"
			{box
				{clear}
				{item "ppsh" {cell 0 0}}
				{item "ammo pistol" 100 {cell 4 0}}
				{item "ammo pistol" 42 {cell 6 0}}
				{item "grenade f1" {cell 4 1}}
			}
		}
		{Player 1}
		{MID 86}
		{Breed "rus.infantry_smg"}
		{FsmState "stand"}
	}
	{Entity "_infantry2_rus" 0x803e
		{Position 2960.12 6139.54 0}
		{Turn -133.834}
		{Extender "vitality"
			{Health
				{Max 250}
				{Current 250}
			}
		}
		{Extender "inventory"
			{box
				{clear}
				{item "ppsh" {cell 0 0}}
				{item "ammo pistol" 100 {cell 4 0}}
				{item "ammo pistol" 42 {cell 6 0}}
				{item "grenade f1" {cell 4 1}}
			}
		}
		{Player 1}
		{MID 87}
		{Breed "rus.infantry_smg"}
		{FsmState "stand"}
	}
	{Entity "t-34-85" 0x9000
		{Position 3152.42 8218.17 0}
		{Turn -100.019}
		{Player 1}
		{MID 38}
	}
	{Entity "is-2" 0x9001
		{Position 3395.18 8159.86 0}
		{Turn -97.3093}
		{Player 1}
		{MID 37}
	}
	{Entity "kv-1" 0x9002
		{Position 2907.33 6577.43 0}
		{Turn -97.48}
		{Extender "inventory"
			{box
				{clear}
				{item "ammo mgun" 1940 {cell 0 0}}
				{item "bullet76 ap" 49 {cell 0 1}}
				{item "bullet76 fg" 27 {cell 0 2}}
			}
		}
		{Player 1}
		{MID 3}
		{Weaponry
			{Number 1}
			{State "gun"
				{Weapon
					{Ammo "bullet76 ap" 1}
				}
			}
			{State "mgun"
				{Weapon
					{Ammo "ammo mgun" 60}
				}
			}
		}
	}
	{Entity "pz-6" 0x9003
		{Position 2886.03 379.008 -3.22914}
		{Turn 83.0668}
		{Player 2}
		{MID 54}
		{Weaponry
			{Number 1}
			{State "gun"
				{Weapon
					{Ammo "bullet88 ap" 1}
				}
			}
			{State "mgun"
				{Weapon
					{Ammo "ammo mgun" 100}
				}
			}
		}
	}
	{Entity "pz-6b" 0x8800
		{Position 2376.64 437.615 0}
		{Turn 90.2}
		{TexMod "ambush1"}
		{Placer
			{State "seat5" {Broken}}
			{State "seat6" {Broken}}
		}
		{Player 2}
		{MID 52}
		{Weaponry
			{Number 1}
			{State "gun"
				{Weapon
					{Ammo "bullet88 ap" 1}
				}
			}
			{State "mgun"
				{Weapon
					{Ammo "ammo mgun" 100}
				}
			}
		}
	}
	{Entity "_infantry2_rus" 0x8801
		{Position 2376.64 437.615 0}
		{Orientation
			 -0.003491   0.999994   0.000000
			  0.999994   0.003491   0.000000
			  0.000000   0.000000   1.000000
		}
		{Extender "inventory"
			{box
				{clear}
				{item "mp41" {cell 0 0}}
				{item "ammo pistol" 60 {cell 4 0}}
			}
		}
		{Player 2}
		{MID 88}
		{Breed "ger.tankman"}
		{FsmState "board"}
	}
	{Entity "_infantry2_rus" 0x8802
		{Position 2376.64 437.615 0}
		{Orientation
			 -0.003491   0.999994   0.000000
			  0.999994   0.003491   0.000000
			  0.000000   0.000000   1.000000
		}
		{Extender "vitality"
			{Energy 98.838}
		}
		{Extender "inventory"
			{box
				{clear}
				{item "mp41" {cell 0 0}}
