;Modified by: Albus
;Date:        Tue May 27 23:11:15 2008
{Skeleton
	{bone "Basis"
		{Orientation
			1.0000	0.0000	0.0000
			0.0000	-1.0000	0.0000
			0.0000	0.0000	1.0000
		}
		{bone "Body"
			{parameters "ID=body;"}
			{Position -6.6957	-0.6105	-1.7403}
			{VolumeView "Body.ply"}
			{bone revolute "Turret"
				{parameters "ID=Turret;"}
				{speed 0.0150}
				{Matrix34
					0.9965	-0.0000	0.0818
					0.0000	1.0000	0.0000
					-0.0818	-0.0000	0.9965
					 -30.1486	-0.0001	7.9189
				}
				{VolumeView "Turret.ply"}
				{bone revolute "Gun_rot"
					{parameters "ID=gun;"}
					{limits -5.0000 50.0000}
					{speed 0.0200}
					{Matrix34
						0.9997	0.0000	0.0207
						-0.0207	-0.0000	0.9997
						0.0000	-1.0000	-0.0000
						-2.7654	-1.0351	17.8147
					}
					{VolumeView "gun_rot.ply"}
					{bone "Gun"
						{parameters "ID=gun;"}
						{Matrix34
							-0.0000	-0.0000	-1.0000
							-0.0000	1.0000	-0.0000
							1.0000	-0.0000	-0.0000
							-5.6957	-0.0000	0.0000
						}
						{VolumeView "gun.ply"}
					}
				}
			}
			{bone "part1"
				{Matrix34
					0.9874	0.0152	0.1574
					0.0041	0.9926	-0.1217
					-0.1581	0.1208	0.9800
					-11.4781	1.2496	11.2683
				}
				{VolumeView "part1.ply"}
			}
			{bone "part2"
				{Matrix34
					0.9874	0.0152	0.1574
					0.0041	0.9926	-0.1217
					-0.1581	0.1208	0.9800
					-12.1800	-6.5418	6.1989
				}
				{VolumeView "part2.ply"}
			}
			{bone "part3"
				{Matrix34
					0.9991	-0.0305	-0.0286
					-0.0279	0.0213	-0.9994
					0.0310	0.9993	0.0204
					-21.7254	-27.6502	6.8304
				}
				{VolumeView "part3.ply"}
			}
			{bone "part4"
				{Matrix34
					0.9874	0.0152	0.1574
					0.0041	0.9926	-0.1217
					-0.1581	0.1208	0.9800
					0.4339	-6.4186	18.2152
				}
				{VolumeView "part3.ply"}
			}
			{bone "part5"
				{Position 2.4113	-9.7600	0.5019}
				{VolumeView "part5.ply"}
			}
		}
	}
}
{Volume "part5"
	{Box 15.7315 7.82371 0.610754}
	{Bone "part5"}
	{Matrix34
		1.0000	0.0000	0.0000
		0.0000	0.9691	0.2467
		0.0000	-0.2467	0.9691
		-0.0139	-0.0644	0.0029
	}
}
{Volume "part2"
	{Polyhedron "part2.vol"}
	{Bone "part2"}
	{Matrix34
		0.9874	0.0041	-0.1581
		0.0152	0.9926	0.1208
		0.1574	-0.1217	0.9800
		-0.4977	0.1809	-4.0515
	}
}
{Volume "part1"
	{Box 4.16928 6.89832 2.39759}
	{Bone "part1"}
	{Matrix34
		0.9973	0.0669	-0.0297
		-0.0731	0.8931	-0.4438
		-0.0031	0.4448	0.8956
		-0.0944	0.1276	-0.0087
	}
}
{Volume "body"
	{Polyhedron "body.vol"}
	{Bone "Body"}
	{Position -6.7935	0.0501	-2.3403}
}
{Volume "gun"
	{Cylinder 0.5318 34.87454}
	{Bone "gun"}
	{Matrix34
		1.0000	0.0000	0.0000
		0.0000	1.0000	-0.0000
		-0.0000	-0.0000	1.0000
		0.3203	-0.0170	39.4549
	}
}
{Volume "Turret"
	{Box 10.2645 9.0979 12.3304}
	{Bone "Turret"}
	{Position 2.4971	-0.0749	8.2327}
}
