;Exported by: Javi
;Date:        Sun Jan 15 17:35:47 2012
;File:        C:\Archivos de programa\Autodesk\3dsMax8\scenes\base_japtest.max
{Skeleton
	{bone "basis"
		{Orientation
			1.0000	0.0000	0.0000
			0.0000	-1.0000	0.0000
			0.0000	0.0000	1.0000
		}
		{bone "body"
			{Position -78.8362	29.6863	23.8809}
			{VolumeView "body.ply"}
			{bone "exterior"
				{Matrix34
					1.0000	0.0000	0.0000
					0.0000	1.0000	0.0050
					0.0000	-0.0050	1.0000
					-96.7365	-33.5417	-23.3954
				}
				{VolumeView "exterior.ply"}
			}
			{bone "Object28"
				{Matrix34
					1.0000	0.0000	0.0000
					0.0000	0.0456	-0.9990
					0.0000	0.9990	0.0456
					-98.9029	-173.9883	-72.5262
				}
				{VolumeView "Object28.ply"}
			}
			{bone "Object29"
				{Matrix34
					0.0036	0.0000	-1.0000
					0.0000	1.0000	0.0000
					1.0000	0.0000	0.0036
					-67.3131	-62.8003	-23.8809
				}
				{VolumeView "Object29.ply"}
			}
			{bone "Object30"
				{Matrix34
					0.0860	0.0000	0.9963
					0.0000	1.0000	0.0000
					-0.9963	0.0000	0.0860
					-70.1956	125.5443	-23.8809
				}
				{VolumeView "Object30.ply"}
			}
			{bone "Object31"
				{Matrix34
					1.0000	0.0000	0.0000
					0.0000	-0.0232	-0.9997
					0.0000	0.9997	-0.0232
					-98.5385	117.0527	-23.8809
				}
				{VolumeView "Object31.ply"}
			}
			{bone "Object32"
				{Matrix34
					0.0249	0.0000	0.9997
					0.0000	1.0000	0.0000
					-0.9997	0.0000	0.0249
					-125.2912	-0.2188	-23.8809
				}
				{VolumeView "Object32.ply"}
			}
			{bone "Object33"
				{Matrix34
					1.0000	0.0000	0.0000
					0.0000	0.0846	0.9964
					0.0000	-0.9964	0.0846
					-134.4039	-4.2407	-23.8809
				}
				{VolumeView "Object33.ply"}
			}
			{bone "Object34"
				{Matrix34
					0.1686	0.0000	0.9857
					0.0000	1.0000	0.0000
					-0.9857	0.0000	0.1686
					-96.7446	-58.7717	-83.6038
				}
				{VolumeView "Object34.ply"}
			}
		}
		{bone "body3"
			{Position 27.7085	-120.9318	33.2285}
			{VolumeView "body3.ply"}
			{bone "exterior3"
				{Matrix34
					0.9995	0.0172	-0.0279
					-0.0182	0.9992	-0.0359
					0.0273	0.0364	0.9990
					1.2681	4.0045	-30.7158
				}
				{VolumeView "exterior3.ply"}
			}
			{bone "Object17"
				{Matrix34
					0.0177	0.0000	-0.9998
					0.0000	1.0000	0.0000
					0.9998	0.0000	0.0177
					174.5514	4.2658	-33.2285
				}
				{VolumeView "Object17.ply"}
			}
			{bone "Object18"
				{Position 1.1244	3.8835	-88.3849}
				{VolumeView "Object18.ply"}
			}
			{bone "Object19"
				{Matrix34
					1.0000	0.0000	0.0000
					0.0000	-0.0112	0.9999
					0.0000	-0.9999	-0.0112
					-115.7679	32.5890	-33.2285
				}
				{VolumeView "Object19.ply"}
			}
			{bone "Object20"
				{Matrix34
					0.1134	0.0000	0.9935
					0.0000	1.0000	0.0000
					-0.9935	0.0000	0.1134
					-119.8181	41.6927	-33.2285
				}
				{VolumeView "Object20.ply"}
			}
			{bone "Object21"
				{Matrix34
					1.0000	0.0000	0.0000
					0.0000	-0.0196	-0.9998
					0.0000	0.9998	-0.0196
					-115.7488	-24.9012	-33.2285
				}
				{VolumeView "Object21.ply"}
			}
			{bone "Object22"
				{Matrix34
					1.0000	0.0000	0.0000
					0.0000	0.0041	-1.0000
					0.0000	1.0000	0.0041
					1.2498	32.8854	-33.2285
				}
				{VolumeView "Object22.ply"}
			}
			{bone "Object23"
				{Matrix34
					-0.0087	0.0000	-1.0000
					0.0000	1.0000	0.0000
					1.0000	0.0000	-0.0087
					-2.8003	41.9891	-33.2285
				}
				{VolumeView "Object23.ply"}
			}
			{bone "Object24"
				{Matrix34
					1.0000	0.0000	0.0000
					0.0000	0.0041	-1.0000
					0.0000	1.0000	0.0041
					120.5691	34.1138	-33.2285
				}
				{VolumeView "Object24.ply"}
			}
			{bone "Object25"
				{Matrix34
					1.0000	0.0000	0.0000
					0.0000	-0.0045	-1.0000
					0.0000	1.0000	-0.0045
					61.6234	-25.4246	-33.2285
				}
				{VolumeView "Object25.ply"}
			}
			{bone "Object26"
				{Matrix34
					0.0145	0.0000	-0.9999
					0.0000	1.0000	0.0000
					0.9999	0.0000	0.0145
					4.5647	-34.0121	-33.2285
				}
				{VolumeView "Object26.ply"}
			}
			{bone "Object27"
				{Matrix34
					0.1073	0.0000	0.9942
					0.0000	1.0000	0.0000
					-0.9942	0.0000	0.1073
					121.2855	-34.2000	-33.2285
				}
				{VolumeView "Object27.ply"}
			}
		}
		{bone "body2"
			{Position 170.9978	31.4031	30.8607}
			{VolumeView "body2.ply"}
			{bone "exterior2"
				{Matrix34
					0.9384	0.0000	-0.3456
					0.0000	1.0000	0.0000
					0.3456	0.0000	0.9384
					4.0208	-2.1572	-41.4764
				}
				{VolumeView "exterior2.ply"}
			}
			{bone "Object05"
				{Matrix34
					1.0000	0.0000	0.0000
					0.0000	0.0152	-0.9999
					0.0000	0.9999	0.0152
					3.7867	113.7968	-30.8607
				}
				{VolumeView "Object05.ply"}
			}
			{bone "Object06"
				{Position 4.0448	89.3420	-85.5004}
				{VolumeView "Object06.ply"}
			}
			{bone "Object07"
				{Position 4.0291	-2.1899	-93.7441}
				{VolumeView "Object07.ply"}
			}
			{bone "Object08"
				{Matrix34
					1.0000	0.0000	0.0000
					0.0000	0.9975	0.0707
					0.0000	-0.0707	0.9975
					4.0067	-93.7223	-87.9757
				}
				{VolumeView "Object08.ply"}
			}
			{bone "Object09"
				{Matrix34
					-0.0041	0.0000	1.0000
					0.0000	1.0000	0.0000
					-1.0000	0.0000	-0.0041
					-29.3689	-110.5338	-30.8607
				}
				{VolumeView "Object09.ply"}
			}
			{bone "Object10"
				{Matrix34
					1.0000	0.0000	0.0000
					0.0000	-0.0047	-1.0000
					0.0000	1.0000	-0.0047
					-34.1590	-63.9355	-30.8607
				}
				{VolumeView "Object10.ply"}
			}
			{bone "Object11"
				{Matrix34
					-0.0175	0.0000	0.9998
					0.0000	1.0000	0.0000
					-0.9998	0.0000	-0.0175
					32.7469	-55.4097	-30.8607
				}
				{VolumeView "Object11.ply"}
			}
			{bone "Object12"
				{Matrix34
					0.0206	0.0000	-0.9998
					0.0000	1.0000	0.0000
					0.9998	0.0000	0.0206
					-24.7494	-60.6421	-30.8607
				}
				{VolumeView "Object12.ply"}
			}
			{bone "Object13"
				{Matrix34
					1.0000	0.0000	0.0000
					0.0000	0.0164	-0.9999
					0.0000	0.9999	0.0164
					2.1982	-1.5047	-76.9584
				}
				{VolumeView "Object13.ply"}
			}
			{bone "Object14"
				{Matrix34
					0.9551	0.0000	0.2962
					0.0000	1.0000	0.0000
					-0.2962	0.0000	0.9551
					15.8192	55.6148	-79.1679
				}
				{VolumeView "Object14.ply"}
			}
			{bone "Object15"
				{Matrix34
					0.0078	0.0000	-1.0000
					0.0000	1.0000	0.0000
					1.0000	0.0000	0.0078
					33.1641	56.3556	-30.8607
				}
				{VolumeView "Object15.ply"}
			}
			{bone "Object16"
				{Matrix34
					-0.0046	0.0000	1.0000
					0.0000	1.0000	0.0000
					-1.0000	0.0000	-0.0046
					-26.2605	60.2939	-30.8607
				}
				{VolumeView "Object16.ply"}
			}
		}
		{bone "body1"
			{Position -8.2894	122.3704	35.7267}
			{VolumeView "body1.ply"}
			{bone "exterior1"
				{Matrix34
					1.0000	0.0000	0.0000
					0.0000	-0.8990	-0.4379
					0.0000	0.4379	-0.8990
					10.5041	-5.7148	-18.4435
				}
				{VolumeView "exterior1.ply"}
			}
			{bone "Object01"
				{Matrix34
					-0.0035	0.0000	1.0000
					0.0000	1.0000	0.0000
					-1.0000	0.0000	-0.0035
					-16.8755	-43.6835	-35.5963
				}
				{VolumeView "Object01.ply"}
			}
			{bone "Object02"
				{Matrix34
					1.0000	0.0000	0.0000
					0.0000	0.0018	-1.0000
					0.0000	1.0000	0.0018
					-14.1625	23.6152	-35.7200
				}
				{VolumeView "Object02.ply"}
			}
			{bone "Object03"
				{Matrix34
					1.0000	0.0000	0.0000
					0.0000	0.9730	-0.2307
					0.0000	0.2307	0.9730
					-14.0333	-5.6172	-72.8978
				}
				{VolumeView "Object03.ply"}
			}
			{bone "Object04"
				{Matrix34
					1.0000	0.0000	0.0000
					0.0000	-0.0054	-1.0000
					0.0000	1.0000	-0.0054
					-1.3971	-32.7274	-35.3320
				}
				{VolumeView "Object04.ply"}
			}
		}
	}
}
