;MDL File generated by SOEdit 0.41r
;Model created by: <A.G.(ирјр)>
;Date:        Apr 19 2006
{Skeleton
	{bone "Basis"
		{Orientation
			1.0000	0.0000	0.0000
			0.0000	-1.0000	0.0000
			0.0000	0.0000	1.0000
		}
		{bone "WheelsL"
			{parameters "ID=trackleft;"}
			{Matrix34
				-1.0000	0.0000	0.0000
				0.0000	0.0000	1.0000
				0.0000	1.0000	-0.0000
				7.1100	25.6094	9.8020
			}
			{bone revolute "wheelL3"
				{Position -32.7042	0.3260	-0.4000}
				{VolumeView "wheelL3.ply"}
			}
			{bone revolute "wheelL4"
				{Position -14.3933	0.3260	-0.4000}
				{VolumeView "wheelL3.ply"}
			}
			{bone "part2"
				{Position 23.3237	0.3260	-0.4000}
				{VolumeView "wheelL3.ply"}
			}
		}
		{bone "Body"
			{parameters "ID=body;"}
			{Position -2.9689	-2.0423	14.6603}
			{VolumeView "Body.ply"}
			{bone revolute "gun_vert"
				{limits -2.0000 2.0000}
				{speed 0.0150}
				{Matrix34
					0.9938	0.0000	-0.1109
					-0.0000	1.0000	0.0000
					0.1109	-0.0000	0.9938
					33.4451	-1.1247	11.7987
				}
				{bone revolute "Gun_rot"
					{parameters "ID=gun;"}
					{limits -5.0000 15.0000}
					{speed 0.0150}
					{Matrix34
						0.9999	0.0026	0.0026
						-0.0026	-0.0261	0.9996
						0.0027	-0.9996	-0.0261
						12.2601	0.0085	4.4764
					}
					{VolumeView "Gun_rot.ply"}
					{bone "Gun"
						{parameters "ID=gun;"}
						{Matrix34
							0.9999	0.0087	-0.0003
							-0.0087	0.9990	-0.0436
							-0.0000	0.0436	0.9990
							7.6778	-0.1971	-3.9491
						}
						{VolumeView "Gun.ply"}
					}
				}
			}
			{bone "part4"
				{Matrix34
					1.0000	0.0000	-0.0000
					0.0000	0.9962	0.0872
					0.0000	-0.0872	0.9962
					43.1653	16.0886	15.8571
				}
				{VolumeView "Cower2.ply"}
			}
			{bone revolute "WheelL2"
				{parameters "ID=trackleft;"}
				{Matrix34
					-1.0000	0.0000	0.0000
					0.0000	0.0000	1.0000
					0.0000	1.0000	-0.0000
					-46.0817	24.4148	-4.3421
				}
				{VolumeView "WheelL2.ply"}
			}
			{bone revolute "WheelR2"
				{parameters "ID=trackright;"}
				{Matrix34
					-1.0000	-0.0000	0.0000
					0.0000	-0.0000	1.0000
					0.0000	-1.0000	-0.0000
					-46.0817	-20.2611	-4.3421
				}
				{VolumeView "WheelR2.ply"}
			}
			{bone revolute "WheelR1"
				{parameters "ID=trackright;"}
				{Matrix34
					-1.0000	-0.0000	0.0000
					0.0000	-0.0000	1.0000
					0.0000	-1.0000	-0.0000
					57.1184	-20.2307	-4.0421
				}
				{VolumeView "WheelR1.ply"}
			}
			{bone revolute "WheelL1"
				{parameters "ID=trackleft;"}
				{Matrix34
					-1.0000	0.0000	0.0000
					0.0000	0.0000	1.0000
					0.0000	1.0000	-0.0000
					57.1184	24.5726	-4.0421
				}
				{VolumeView "WheelL1.ply"}
			}
			{bone "part1"
				{Matrix34
					-0.0463	0.0236	0.9986
					0.0102	-0.9996	0.0241
					0.9988	0.0113	0.0461
					-19.1594	1.0704	16.1551
				}
				{VolumeView "part1.ply"}
			}
			{bone "engine"
				{Matrix34
					1.0000	0.0000	-0.0000
					0.0000	-1.0000	-0.0000
					0.0000	-0.0000	-1.0000
					-28.6481	1.2552	7.2958
				}
			}
		}
		{bone "WheelsR"
			{parameters "ID=trackright;"}
			{Matrix34
				-1.0000	0.0000	0.0000
				0.0000	0.0000	1.0000
				-0.0000	-1.0000	0.0000
				7.1100	-25.8037	10.0020
			}
			{bone revolute "wheelR4"
				{Position -14.3933	0.4000	0.6000}
				{VolumeView "wheelR3.ply"}
			}
			{bone "part3"
				{Position 5.4000	0.4000	0.6000}
				{VolumeView "wheelR3.ply"}
			}
			{bone revolute "wheelR7"
				{Position 40.7225	0.4000	0.6000}
				{VolumeView "wheelR3.ply"}
			}
		}
	}
}
{Volume "trackright"
	{Box 105.395 11.6712 19.112}
	{Bone "WheelsR"}
	{Matrix34
		-1.0000	-0.0000	0.0000
		0.0000	0.0000	-1.0000
		-0.0000	-1.0000	0.0000
		4.3053	1.3034	0.8739
	}
}
{Volume "Body3"
	{Polyhedron "body3.vol"}
	{Bone "Body"}
	{Matrix34
		1.1246	0.0000	0.0000
		0.0000	1.0775	0.0000
		0.0000	-0.0000	2.6419
		23.0860	1.8001	-7.3924
	}
}
{Volume "part3"
	{Cylinder 9.37461 4.68313}
	{Bone "part3"}
	{Matrix34
		-1.0000	0.0000	0.0000
		0.0000	1.0000	-0.0000
		0.0000	-0.0000	-1.0000
		-0.0222	-0.0703	0.1586
	}
}
{Volume "part4"
	{Box 10.2548 1.9607 10.39412}
	{Bone "part4"}
	{Matrix34
		1.0000	-0.0000	-0.0000
		-0.0000	0.0000	1.0000
		-0.0000	1.0000	0.0000
		5.9487	-0.2861	0.0000
	}
}
{Volume "part2"
	{Cylinder 9.37461 0.702469}
	{Bone "part2"}
	{Matrix34
		-1.0000	0.0000	-0.0000
		0.0000	1.0000	-0.0000
		-0.0000	-0.0000	-1.0000
		-0.0222	-0.0703	0.1189
	}
}
{Volume "part1"
	{Box 36.9333 38.9386 3.4252}
	{Bone "part1"}
	{Matrix34
		-0.0008	0.0184	0.9997
		0.0436	-0.9986	0.0262
		0.9991	0.0510	0.0000
		0.1458	0.2987	0.0855
	}
}
{Volume "Gun"
	{Cylinder 1.54196 52.0494}
	{Bone "Gun"}
	{Matrix34
		0.0000	0.0000	-1.0000
		0.0000	1.0000	0.0000
		-1.0000	-0.0000	0.0000
		23.4166	-0.2998	3.8586
	}
}
{Volume "trackleft"
	{Box 105.002 11.6712 19.112}
	{Bone "WheelsL"}
	{Matrix34
		-1.0000	-0.0000	0.0000
		0.0000	0.0000	-1.0000
		-0.0000	-1.0000	0.0000
		4.4272	0.8291	0.7737
	}
}
