;MDL File generated by SOEdit 0.41r
;Model created by: <A.G.(ирјр)>
;Date:        Apr 14 2006
{Skeleton
	{animation
		{sequence "start"}
		{sequence "stop" {speed 1.5}}
		{sequence "fire00"}
		{sequence "fire01"}
		{sequence "fire02"}
		{sequence "fire03"}
		{sequence "move1"}
		{sequence "hit" {speed 1.5}}
		{sequence "open" {resume}}
	}
	{bone "Basis"
		{Orientation
			1.0000	0.0000	0.0000
			0.0000	-1.0000	0.0000
			0.0000	0.0000	1.0000
		}
		{bone "FXfire1"
			{Matrix34
				-0.0023	-0.0000	1.0000
				-0.0000	1.0000	-0.0000
				-1.0000	0.0000	-0.0023
				-22.0509	0.3993	10.0400
			}
		}
		{bone "emit1"
			{parameters "Group=crew;"}
			{Matrix34
				0.0000	-1.0000	0.0000
				1.0000	0.0000	0.0000
				0.0000	0.0000	1.0000
				6.1785	45.0505	0.6363
			}
			{visibility 0}
		}
		{bone "bones"
			{Matrix34
				0.0000	1.0000	0.0000
				-1.0000	0.0000	0.0000
				0.0000	0.0000	1.0000
				6.1785	-45.0004	0.6363
			}
			{visibility 0}
		}
		{bone "WheelsL"
			{parameters "ID=trackleft;"}
			{Matrix34
				-1.0000	0.0000	0.0000
				0.0000	0.0000	1.0000
				0.0000	1.0000	-0.0000
				7.1100	25.6094	9.8020
			}
			{bone "FXtraceL1"
				{Matrix34
					0.9848	0.1736	0.0000
					0.0000	0.0000	1.0000
					0.1736	-0.9848	0.0000
					-24.8837	-7.1735	0.5277
				}
			}
			{bone "FXtraceL2"
				{Matrix34
					0.9848	0.1736	0.0000
					0.0000	0.0000	1.0000
					0.1736	-0.9848	0.0000
					48.5018	-7.3841	0.6426
				}
			}
			{bone revolute "wheelL3"
				{Position -32.7042	0.3260	-0.4000}
				{VolumeView "wheelL3.ply"}
			}
			{bone revolute "wheelL4"
				{Position -14.3933	0.3260	-0.4000}
				{VolumeView "wheelL4.ply"}
			}
			{bone revolute "wheelL5"
				{Position 5.4000	0.3260	-0.4000}
				{VolumeView "wheelL3.ply"}
			}
			{bone revolute "wheelL6"
				{Position 23.3237	0.3260	-0.4000}
				{VolumeView "wheelL4.ply"}
			}
			{bone revolute "wheelL7"
				{Position 40.7225	0.3260	-0.4000}
				{VolumeView "wheelL3.ply"}
			}
			{bone "TrackL"
				{parameters "ID=trackleft;"}
				{Matrix34
					1.0000	0.0000	0.0000
					0.0000	0.0000	-1.0000
					0.0000	1.0000	-0.0000
					0.4763	1.1479	-2.2322
				}
				{VolumeView "TrackL.ply"}
			}
		}
		{bone "Body"
			{parameters "ID=body;"}
			{animation
				{sequence "repair" {file "body_r.anm"} {speed 0.7}}
			}			
			{Position -2.9689	-2.0423	17.6603}
			{VolumeView "Body.ply"}
			{bone "luk"
				{Matrix34
					0.8648	0.0210	-0.5012
					-0.0545	0.9969	-0.0524
					0.4985	0.0727	0.8635
					44.2035	21.3657	-12.1562
				}
				{bone "Cower2"
					{parameters "ID=body;"}
					{Matrix34
						1.0000	0.0000	-0.0000
						0.0000	0.9962	0.0872
						0.0000	-0.0872	0.9962
						-12.3947	-13.4848	16.5510
					}
					{VolumeView "Cower2.ply"}
				}
			}
			{bone revolute "MGturret"
				{limits -10.0000 20.0000}
				{speed 0.0200}
				{Position 49.8260	-8.0627	7.8999}
				{bone revolute "MGun_rot"
					{parameters "ID=Mgun;"}
					{limits -3.0000 10.0000}
					{speed 0.0100}
					{Matrix34
						1.0000	0.0000	0.0000
						0.0000	0.0000	-1.0000
						0.0000	1.0000	0.0000
						1.5150	0.1367	-1.4071
					}
					{VolumeView "MGun_rot.ply"}
					{bone "MGun"
						{parameters "ID=Mgun;"}
						{Matrix34
							1.0000	0.0000	0.0000
							0.0000	0.0000	-1.0000
							0.0000	1.0000	0.0000
							2.6482	0.0115	0.2783
						}
						{VolumeView "MGun.ply"}
						{bone "Foresight3"
							{Position 7.9756	0.2310	0.2100}
						}
					}
				}
			}
			{bone revolute "lamp_glass1"
					{Matrix34
						1.0000	0.0000	0.0000
						0.0000	1.0000	0.0000
						0.0000	0.0000	1.0000
						44.315	27.4000	9.8271
				}
				{bone revolute "lamp_light_spot1"
					{parameters "ID=body;"}
					{Matrix34
						1.0000	0.0000	0.0000
						0.0000	1.0000	0.0000
						0.0000	0.0000	1.0000
						0.0001	0.0001	0.0001
					}
				}
			}
			{bone "Antenna"
				{parameters "ID=body;"}
				{Matrix34
					0.9994	-0.0000	0.0349
					0.0000	1.0000	-0.0000
					-0.0349	0.0000	0.9994
					-33.3866	-17.3129	5.6958
				}
				{VolumeView "Antenna.ply"}
			}
			{bone "FXshot"
				{Matrix34
					1.0000	0.0000	0.0000
					0.0000	-1.0000	0.0000
					0.0000	0.0000	-1.0000
					-5.5892	1.2552	7.2958
				}
			}
			{bone "FXsmoke2"
				{Matrix34
					-0.7749	-0.0144	-0.6319
					-0.0125	0.9999	-0.0073
					0.6320	0.0022	-0.7750
					-55.9320	13.8557	2.5322
				}
			}
			{bone "FXsmoke1"
				{Matrix34
					-0.7749	-0.0144	-0.6319
					-0.0125	0.9999	-0.0073
					0.6320	0.0022	-0.7750
					-55.6443	-9.0843	2.7004
				}
			}
			{bone revolute "Turret"
				{parameters "ID=turret;"}
				{animation
					{sequence "repair" {file "turret_r.anm"} {speed 0.8}}
				}
				{speed 0.0300}
				{Matrix34
					1.0000	0.0000	0.0023
					-0.0000	1.0000	0.0000
					-0.0023	-0.0000	1.0000
					17.0179	1.6753	16.7348
				}
				{VolumeView "Turret.ply"}
				{bone "charger"
					{Matrix34
						0.0000	-1.0000	0.0000
						1.0000	0.0000	0.0000
						0.0000	0.0000	1.0000
						-1.1157	8.1847	-10.1284
					}
				}
				{bone "gunner"
					{Matrix34
						0.9981	0.0000	0.0610
						0.0000	1.0000	0.0000
						-0.0610	0.0000	0.9981
						-4.1827	-8.0496	-11.1284
					}
				}
				{bone "FXshell4"
					{Matrix34
						1.0000	0.0000	0.0000
						0.0000	1.0000	0.0000
						0.0000	0.0000	1.0000
						23.3950	8.8479	4.8624
					}
				}
				{bone "FXshell3"
					{Matrix34
						1.0000	0.0000	0.0000
						0.0000	1.0000	0.0000
						0.0000	0.0000	1.0000
						23.3950	8.8479	2.3674
					}
				}
				{bone "FXshell1"
					{Matrix34
						1.0000	0.0000	0.0000
						0.0000	1.0000	0.0000
						0.0000	0.0000	1.0000
						23.3950	-6.0208	4.8624
					}
				}
				{bone "FXshell2"
					{Matrix34
						1.0000	0.0000	0.0000
						0.0000	1.0000	0.0000
						0.0000	0.0000	1.0000
						23.3950	-6.0208	2.3674
					}
				}
				{bone "FXfire2"
					{Matrix34
						0.0000	0.0000	1.0000
						0.0000	1.0000	0.0000
						-1.0000	0.0000	0.0000
						-5.0815	-1.2760	7.0461
					}
				}
				{bone revolute "gun_rot"
					{parameters "ID=gun;"}
					{limits -30.0000 10.0000}
					{speed 0.0300}
					{Matrix34
						0.8794	0.0000	0.3701
						-0.3701	0.0000	0.8794
						0.0000	-1.0000	0.0000
						7.6532	0.4139	5.8194
					}
					{VolumeView "gun_rot.ply"}
						{bone "gun2"
							{parameters "ID=gun;"}
							{Matrix34
								-0.0000	-0.9994	0.0349
								-0.0000	-0.0349	-0.9994
								1.0000	-0.0000	-0.0000
								7.5159	2.4136	4.9879
							}
							{VolumeView "gun2.ply"}
							{bone "shooter03"
								{Matrix34
									0.0000	0.0087	1.0000
									0.0000	1.0000	0.0087
									1.0000	0.0000	0.0000
									0.1964	-0.0361	23.2835
								}
							}
						}
						{bone "gun4"
							{parameters "ID=gun;"}
							{Matrix34
								0.0000	0.9994	-0.0349
								-0.0000	-0.0349	-0.9994
								1.0000	-0.0000	-0.0000
								7.5159	2.4136	-5.1763
							}
							{VolumeView "gun4.ply"}
							{bone "shooter02"
								{Matrix34
									0.0000	0.0000	1.0000
									0.0000	-1.0000	0.0000
									-1.0000	0.0000	0.0000
									0.2285	-0.0361	23.2835
								}
							}
						}
						{bone "gun3"
							{parameters "ID=gun;"}
							{Matrix34
								0.0000	0.9994	-0.0349
								-0.0000	-0.0349	-0.9994
								1.0000	-0.0000	-0.0000
								7.5159	-3.5217	-5.3329
							}
							{VolumeView "gun3.ply"}
							{bone "shooter00"
								{Matrix34
									0.0000	0.0000	1.0000
									0.0000	-1.0000	0.0000
									-1.0000	0.0000	0.0000
									0.0719	-0.2052	23.3338
								}
							}
						}
						{bone "gun1"
							{parameters "ID=gun;"}
							{Matrix34
								-0.0000	-0.9994	0.0349
								-0.0000	-0.0349	-0.9994
								1.0000	-0.0000	-0.0000
								7.5159	-3.5217	5.1446
							}
							{VolumeView "gun1.ply"}
							{bone "shooter01"
								{Matrix34
									0.0000	0.0000	1.0000
									0.0000	-1.0000	0.0000
									1.0000	0.0000	0.0000
									0.0399	-0.2052	23.3338
								}
							}
						}
						{bone "Foresight1"
							{Matrix34
								1.0000	0.0087	-0.0000
								-0.0087	1.0000	0.0000
								0.0000	-0.0000	1.0000
								30.7995	0.0005	-0.0004

							}
						}
					}
					{bone "Visor1"
						{Position 14.4523	0.6258	19.4395}
				}
			}
			{bone revolute "WheelL2"
				{parameters "ID=trackleft;"}
				{Matrix34
					-1.0000	0.0000	0.0000
					0.0000	0.0000	1.0000
					0.0000	1.0000	-0.0000
					-46.0817	24.4148	-4.3421
				}
				{VolumeView "WheelL2.ply"}
			}
			{bone revolute "WheelR2"
				{parameters "ID=trackright;"}
				{Matrix34
					-1.0000	-0.0000	0.0000
					0.0000	-0.0000	1.0000
					0.0000	-1.0000	-0.0000
					-46.0817	-20.2611	-4.3421
				}
				{VolumeView "WheelR2.ply"}
			}
			{bone revolute "WheelR1"
				{parameters "ID=trackright;"}
				{Matrix34
					-1.0000	-0.0000	0.0000
					0.0000	-0.0000	1.0000
					0.0000	-1.0000	-0.0000
					57.1184	-20.2307	-4.0421
				}
				{VolumeView "WheelR1.ply"}
			}
			{bone revolute "WheelL1"
				{parameters "ID=trackleft;"}
				{Matrix34
					-1.0000	0.0000	0.0000
					0.0000	0.0000	1.0000
					0.0000	1.0000	-0.0000
					57.1184	24.5726	-4.0421
				}
				{VolumeView "WheelL1.ply"}
			}
			{bone "engine"
				{Matrix34
					1.0000	0.0000	-0.0000
					0.0000	-1.0000	-0.0000
					0.0000	-0.0000	-1.0000
					-28.6481	1.2552	7.2958
				}
			}
			{bone "Visor2"
				{Matrix34
					1.0000	-0.0000	0.0023
					-0.0000	1.0000	0.0000
					-0.0023	0.0000	1.0000
					47.3150	10.5767	12.3971
				}
			}
		}
		{bone "WheelsR"
			{parameters "ID=trackright;"}
			{Matrix34
				-1.0000	0.0000	0.0000
				0.0000	0.0000	1.0000
				-0.0000	-1.0000	0.0000
				7.1100	-25.8037	10.0020
			}
			{bone "FXtraceR1"
				{Matrix34
					0.9848	0.1736	0.0000
					0.0000	0.0000	1.0000
					0.1736	-0.9848	0.0000
					-24.8837	-7.1735	0.5723
				}
			}
			{bone "FXtraceR2"
				{Matrix34
					0.9848	0.1736	0.0000
					0.0000	0.0000	1.0000
					0.1736	-0.9848	0.0000
					48.5018	-7.3841	0.6426
				}
			}
			{bone revolute "wheelR3"
				{Position -32.7042	0.4000	0.6000}
				{VolumeView "wheelR3.ply"}
			}
			{bone revolute "wheelR4"
				{Position -14.3933	0.4000	0.6000}
				{VolumeView "wheelR4.ply"}
			}
			{bone revolute "wheelR5"
				{Position 5.4000	0.4000	0.6000}
				{VolumeView "wheelR3.ply"}
			}
			{bone revolute "wheelR6"
				{Position 23.3237	0.4000	0.6000}
				{VolumeView "wheelR4.ply"}
			}
			{bone revolute "wheelR7"
				{Position 40.7225	0.4000	0.6000}
				{VolumeView "wheelR3.ply"}
			}
			{bone "TrackR"
				{parameters "ID=trackright;"}
				{Matrix34
					1.0000	-0.0000	0.0000
					0.0000	-0.0000	-1.0000
					0.0000	-1.0000	-0.0000
					0.4763	1.1479	-2.0322
				}
				{VolumeView "TrackR.ply"}
			}
		}
		{bone "emit2"
			{parameters "Group=crew;"}
			{Matrix34
				0.0000	1.0000	0.0000
				-1.0000	0.0000	0.0000
				0.0000	0.0000	1.0000
				6.1785	-45.0004	0.6363
			}
			{visibility 0}
		}
	}
}
{Volume "trackright"
	{Box 105.395 11.6712 19.112}
	{Bone "WheelsR"}
	{Matrix34
		-1.0000	-0.0000	0.0000
		0.0000	0.0000	-1.0000
		-0.0000	-1.0000	0.0000
		4.3053	1.3034	0.8739
	}
}
{Volume "inventory"
	{Box 15.4857 27.2345 21.2598}
	{Bone "Body"}
	{Position -5.7008	2.4120	-0.0981}
}
{Volume "engine"
	{Box 18.4545 25.6229 15.748}
	{Bone "engine"}
	{Matrix34
		1.0000	0.0000	0.0000
		0.0000	-1.0000	0.0000
		-0.0000	-0.0000	-1.0000
		3.0192	-1.1568	4.3931
	}
}
{Volume "Turret"
	{Box 37.0778 32.97126 20.568}
	{Bone "Turret"}
	{Position 0.2813	0.0926	4.5905}
}
{Volume "Gun"
	{Cylinder 0.74196 19.0494}
	{Bone "Gun1"}
	{Matrix34
		0.0000	-1.0000	0.0000
		1.0000	0.0000	0.0023
		-0.0023	-0.0000	1.0000
		-3.1166	1.1259	9.0586
	}
}
{Volume "Body1"
	{Polyhedron "Body1.vol"}
	{Bone "Body"}
	{Matrix34
		0.8318	0.0000	-0.0000
		-0.0000	1.0098	0.0000
		-0.0000	0.0000	1.1914
		5.3213	1.8885	-11.5239
	}
}
{Volume "Body2"
	{Polyhedron "Body2.vol"}
	{Bone "Body"}
	{Matrix34
		0.8680	0.0000	0.0000
		0.0000	0.9749	0.0000
		-0.6194	0.0000	1.2576
		3.5622	3.0815	-2.2349
	}
}
{Volume "lamp1"
	{Cylinder 2.24252 1.9685}
	{Bone "lamp_glass1"}
	{Matrix34
		-0.0000	-1.0000	-0.0000
		0.0000	0.0000	-1.0000
		1.0000	-0.0000	0.0000
		-3.0012	0.0293	0.0173
	}
}
{Volume "crew"
	{Box 20.6798 30.1258 40.7154}
	{Bone "Body"}
	{Position 13.2075	2.0120	10.2297}
}
{Volume "trackleft"
	{Box 105.002 11.6712 19.112}
	{Bone "WheelsL"}
	{Matrix34
		-1.0000	-0.0000	0.0000
		0.0000	0.0000	-1.0000
		-0.0000	-1.0000	0.0000
		4.4272	0.8291	0.7737
	}
}