;Model created by: Albus & Dinsen
;date : Feb 2010
{Skeleton
	{animation
		{sequence "start"}
		{sequence "stop"}
		{sequence "hit"}
	}
	{bone "Basis"
		{Orientation
			1.0000	0.0000	0.0000
			0.0000	-1.0000	0.0000
			0.0000	0.0000	1.0000
		}
		{bone "Body"
			{parameters "ID=body;"}
			{Position -3.2370	-1.7970	14.5860}
			{VolumeView "Body.ply"}
			{bone revolute "Turret"
				{parameters "ID=turret;"}
				{speed 0.0200}
				{Matrix34
					1.0000	0.0000	0.0000
					0.0000	1.0000	0.0000
					0.0000	0.0000	1.0000
					0.6806	2.4423	18.1337
				}
				{VolumeView "Turret.ply"}
				{bone "charger"
					{Matrix34
						1.0000	0.0000	0.0000
						0.0000	1.0000	0.0000
						0.0000	0.0000	1.0000
						-12.0448	-9.0284	-0.9614
					}
				}
				{bone "gunner"
					{Matrix34
						0.7979	-0.5904	0.1219
						0.5948	0.8039	0.0000
						-0.0980	0.0725	0.9925
						-11.5448	10.0284	-0.9614
					}
				}
				{bone "commander"
					{Matrix34
						1.0000	0.0000	0.0000
						0.0000	1.0000	0.0000
						0.0000	0.0000	1.0000
						-20.0448	0.0000	-0.9614
					}
				}
				{bone "FXshell1"
					{Matrix34
						0.0000	-0.2588	0.9659
						-1.0000	0.0000	0.0000
						0.0000	-0.9659	-0.2588
						3.3950	-4.0208	5.5493
					}
				}
				{bone "FXfire2"
					{Matrix34
						0.0000	0.0000	1.0000
						0.0000	-1.0000	0.0000
						1.0000	0.0000	0.0000
						14.0693	-0.3013	2.6141
					}
				}
				{bone revolute "gun_rot"
					{parameters "ID=gun;"}
					{limits -45.0000 10.0000}
					{speed 0.0200}
					{Matrix34
						1.0000	0.0000	0.0000
						0.0000	0.0000	-1.0000
						0.0000	1.0000	0.0000
						4.0723	-0.1037	12.9061
					}
					{VolumeView "gun_rot.ply"}
					{bone "gun"
						{parameters "ID=gun;"}
						{Matrix34
							0.0000	-0.9994	0.0349
							0.0000	-0.0349	-0.9994
							1.0000	0.0000	0.0000
							1.1159	-3.7031	0.0000
						}
						{VolumeView "gun.ply"}
					}
					{bone "Foresight1"
						{Matrix34
							1.0000	0.0087	0.0000
							-0.0087	1.0000	0.0000
							0.0000	0.0000	1.0000
							47.2255	-3.3385	-0.0574
						}
					}
				}
				{bone "Visor1"
					{Position 20.4523	0.0000	19.4395}
				}
			}
			{bone "FXfire1"
				{Matrix34
					-0.1710	0.1736	0.9698
					0.0302	0.9848	-0.1710
					-0.9848	-0.0000	-0.1736
					-28.7934	0.9556	16.2871
				}
			}
			{bone "FXshot"
				{Matrix34
					0.0000	0.0000	1.0000
					0.0000	1.0000	0.0000
					-1.0000	0.0000	0.0000
					-5.4365	0.9556	10.8590
				}
			}
			{bone "FXsmoke1"
				{Matrix34
					-0.2143	0.0539	0.9753
					-0.0200	-0.9985	0.0508
					0.9766	-0.0086	0.2151
					-54.6811	1.1001	16.0553
				}
			}
			{bone revolute "WheelL1"
				{parameters "ID=body;"}
				{Matrix34
					-1.0000	0.0000	-0.0051
					-0.0051	0.0000	1.0000
					0.0000	1.0000	0.0000
					46.2134	23.9098	-0.2693
				}
				{VolumeView "WheelL1.ply"}
			}
			{bone revolute "WheelR1"
				{parameters "ID=body;"}
				{Matrix34
					-1.0000	0.0000	-0.0051
					-0.0051	0.0000	1.0000
					0.0000	1.0000	0.0000
					46.2134	-20.7996	-0.2693
				}
				{VolumeView "WheelR1.ply"}
			}
			{bone revolute "WheelL2"
				{parameters "ID=body;"}
				{Matrix34
					-1.0000	0.0000	-0.0051
					-0.0051	0.0000	1.0000
					0.0000	1.0000	0.0000
					-45.1760	25.0912	-3.8144
				}
				{VolumeView "WheelL2.ply"}
			}
			{bone revolute "WheelR2"
				{parameters "ID=body;"}
				{Matrix34
					-1.0000	0.0000	-0.0051
					-0.0051	0.0000	1.0000
					0.0000	1.0000	0.0000
					-45.1760	-19.3645	-3.8144
				}
				{VolumeView "WheelR2.ply"}
			}
			{bone "Visor2"
				{Position 37.2712	10.2880	13.8871}
			}
			{bone "engine"
				{parameters "ID=engine;"}
				{Matrix34
					0.0000	0.0000	1.0000
					0.0000	1.0000	0.0000
					-1.0000	0.0000	0.0000
					-20.7932	0.9556	3.8722
				}
			}
 			{bone revolute "Gun_rot2"
				{limits -15.0000 15.0000}
				{Position 34.0000 -9.7500 16.0000}
				{VolumeView "mgun.ply"}
				{bone revolute "foresight3"
					{parameters "ID=mgun;"}
					{limits -10.0000 5.0000}
					{Orientation
						1.0000	0.0000	0.0000
						0.0000	0.0000	1.0000
						0.0000	1.0000	0.0000
					}
					{Position 0.0000	0.0000	0.0000}
				}
			}
		}
		{bone "WheelsL"
			{parameters "ID=trackleft;"}
			{Matrix34
				-1.0000	0.0000	0.0000
				0.0000	0.0000	1.0000
				0.0000	1.0000	0.0000
				-1.8230	22.5787	11.8224
			}
			{VolumeView "WheelsL.ply"}
			{bone "FXtraceL2"
				{Matrix34
					0.9659	0.2588	0.0000
					0.0000	0.0000	-1.0000
					-0.2588	0.9659	-0.0000
					47.1032	-7.4748	1.0416
				}
			}
			{bone "FXtraceL1"
				{Matrix34
					1.0000	0.0000	0.0000
					0.0000	0.0000	-1.0000
					0.0000	1.0000	0.0000
					-36.5751	-3.5130	1.0416
				}
			}
			{bone "TrackL"
				{parameters "ID=trackleft;"}
				{Matrix34
					1.0000	0.0000	0.0000
					0.0000	1.0000	0.0000
					0.0000	0.0000	1.0000
					2.7499	-0.2447	1.3679
				}
				{VolumeView "TrackL.ply"}
			}
		}
		{bone "WheelsR"
			{parameters "ID=trackright;"}
			{Matrix34
				-1.0000	0.0000	0.0000
				0.0000	0.0000	1.0000
				0.0000	1.0000	0.0000
				-1.8230	-21.6223	10.9635
			}
			{VolumeView "WheelsR.ply"}
			{bone "FXtraceR1"
				{Matrix34
					1.0000	0.0000	0.0000
					0.0000	0.0000	-1.0000
					0.0000	1.0000	0.0000
					-36.5751	-3.5130	-1.7913
				}
			}
			{bone "FXtraceR2"
				{Matrix34
					0.9659	0.2588	0.0000
					0.0000	0.0000	-1.0000
					-0.2588	0.9659	0.0000
					47.1032	-7.4748	-1.9184
				}
			}
			{bone "TrackR"
				{parameters "ID=trackright;"}
				{Matrix34
					1.0000	0.0000	0.0000
					0.0000	1.0000	0.0000
					0.0000	0.0000	1.0000
					2.7499	0.5981	-0.5408
				}
				{VolumeView "TrackR.ply"}
			}
		}
		{bone "emit1"
			{Matrix34
				0.0000	-1.0000	0.0000
				1.0000	0.0000	0.0000
				0.0000	0.0000	1.0000
				27.6623	42.0661	0.0000
			}
			{visibility 0}
		}
		{bone "emit2"
			{Matrix34
				0.0000	1.0000	0.0000
				-1.0000	0.0000	0.0000
				0.0000	0.0000	1.0000
				30.7000	-39.7857	0.0000
			}
			{visibility 0}
		}
	}
}
{Volume "Trackright"
	{Box 109.755 8.65687 21.6335}
	{Bone "WheelsR"}
	{Matrix34
		-1.0000	0.0000	0.0000
		0.0000	0.0000	1.0000
		0.0000	1.0000	0.0000
		-0.2197	-0.0075	-1.1673
	}
}
{Volume "Trackleft"
	{Box 109.755 8.65687 21.6335}
	{Bone "WheelsL"}
	{Matrix34
		-1.0000	0.0000	0.0000
		0.0000	0.0000	1.0000
		0.0000	1.0000	0.0000
		-0.2197	-0.0075	0.7374
	}
}
{Volume "crew"
	{Box 11.6162 21.6746 29.8726}
	{Bone "Body"}
	{Position 2.8613	2.5592	16.2515}
}
{Volume "Inventory"
	{Box 16.8121 28.3106 15.6401}
	{Bone "Body"}
	{Position -12.1941	2.5592	9.1353}
}
{Volume "engine"
	{Box 18.2138 30.4884 13.8583}
	{Bone "engine"}
	{Matrix34
		0.0000	-0.0000	-1.0000
		0.0000	1.0000	0.0000
		1.0000	0.0000	0.0000
		5.4421	1.5001	11.8169
	}
}
{Volume "Body2"
	{Box 86.9498 46.1986 8.91692}
	{Bone "Body"}
	{Position -7.0572	1.9592	16.1818}
}
{Volume "Body1"
	{Box 107.158 36.595 18.4902}
	{Bone "Body"}
	{Position -1.3650	2.0387	2.4192}
}
{Volume "Turret"
	{Box 50.958 46.595 24.4902}
	{Bone "turret"}
	{Matrix34
		-1.0000	0.0000	0.0000
		0.0000	-1.0000	0.0000
		0.0000	0.0000	1.0000
		-3.0509	-0.2763	11.8033
	}
}
{Volume "gun"
	{Box 40.158 2.4902 2.595}
	{Bone "gun_rot"}
	{Position 23.135	-3.6000	0.0000}
}