{mission
	{Camera
		{Position -1565.24 1711.98}
		{Distance 858.142}
		{ViewAngle 0.643246}
		{YawAngle -1.36073}
	}
	{Environment "day"}
	{User 1}
	{GameProgress 0 0}
	{Entity "bmw-r12" 0x82bb
		{Position 48.7242 3609.82 0}
		{Turn -120.26}
		{Player 2}
		{MID 1}
	}
	{Entity "blitz-3.6" 0x82bc
		{Position 236.747 3963.62 0}
		{Turn -97.7553}
		{Player 2}
		{MID 3}
	}
	{Entity "blitz-fuel" 0x82bd
		{Position 194.252 3637.6 0}
		{Turn -101.493}
		{Player 2}
		{MID 5}
	}
	{Entity "_infantry2_rus" 0x82be
		{Position 45.826 3617.67 -0.8506}
		{Orientation
			 -0.501204  -0.859083  -0.103900
			  0.863747  -0.503925   0.000000
			 -0.052358  -0.089743   0.994600
		}
		{Extender "inventory"
			{box
				{clear}
				{item "mp40" {cell 0 0}}
				{item "ammo pistol" 60 {cell 4 0}}
				{item "grenade m24" {cell 6 0}}
			}
		}
		{DisableObstacles}
		{Player 2}
		{MID 4}
		{Able {select 0}}
		{Breed "ger.infantry_ss"}
		{FsmState "board"}
	}
	{Entity "_infantry2_rus" 0x82bf
		{Position 49.9732 3624.78 6.953}
		{Orientation
			 -0.496265  -0.850618   0.173600
			  0.863747  -0.503925   0.000000
			  0.087481   0.149947   0.984800
		}
		{Extender "inventory"
			{box
				{clear}
				{item "mp40" {cell 0 0}}
				{item "ammo pistol" 60 {cell 4 0}}
				{item "grenade m24" {cell 6 0}}
			}
		}
		{DisableObstacles}
		{Player 2}
		{MID 9}
		{Able {select 0}}
		{Breed "ger.infantry_ss"}
		{FsmState "board"}
	}
	{Entity "_infantry2_rus" 0x82c0
		{Position 60.0778 3613.07 0.3124}
		{Turn -120.26}
		{Extender "inventory"
			{box
				{clear}
				{item "mp40" {cell 0 0}}
				{item "ammo pistol" 60 {cell 4 0}}
				{item "grenade m24" {cell 6 0}}
			}
		}
		{DisableObstacles}
		{Player 2}
		{MID 10}
		{Able {select 0}}
		{Breed "ger.infantry_ss"}
		{FsmState "board"}
	}
	{Entity "_infantry2_rus" 0x82c1
		{Position 227.124 3944.16 19.6094}
		{Orientation
			 -0.134817  -0.990669   0.019600
			  0.990867  -0.134844   0.000000
			  0.002645   0.019421   0.999800
		}
		{Extender "inventory"
			{box
				{clear}
				{item "ammo pistol" 60 {cell 0 0}}
				{item "mp40" {cell 0 1}}
				{item "grenade m24" {cell 4 0}}
			}
		}
		{DisableObstacles}
		{Player 2}
		{MID 11}
		{Able {select 0}}
		{Breed "ger.infantry_smg"}
		{FsmState "board"}
	}
	{Entity "_infantry2_rus" 0x82c2
		{Position 242.302 3942.09 19.6093}
		{Orientation
			 -0.134817  -0.990669   0.019600
			  0.990867  -0.134844   0.000000
			  0.002645   0.019421   0.999800
		}
		{Extender "inventory"
			{box
				{clear}
				{item "ammo pistol" 60 {cell 0 0}}
				{item "mp40" {cell 0 1}}
				{item "grenade m24" {cell 4 0}}
			}
		}
		{DisableObstacles}
		{Player 2}
		{MID 12}
		{Able {select 0}}
		{Breed "ger.infantry_smg"}
		{FsmState "board"}
	}
	{Entity "_infantry2_rus" 0x82c3
		{Position 185.007 3616.62 17.3118}
		{Orientation
			 -0.195024  -0.959174   0.204600
			  0.979949  -0.199248   0.000000
			  0.040766   0.200498   0.978800
		}
		{Extender "inventory"
			{box
				{clear}
				{item "ammo pistol" 60 {cell 0 0}}
				{item "mp40" {cell 0 1}}
				{item "grenade m24" {cell 4 0}}
			}
		}
		{DisableObstacles}
		{Player 2}
		{MID 13}
		{Able {select 0}}
		{Breed "ger.infantry_smg"}
		{FsmState "board"}
	}
	{Entity "_infantry2_rus" 0x82c4
		{Position 198.029 3613.97 17.3118}
		{Orientation
			 -0.195207  -0.960568   0.197849
			  0.979949  -0.199248   0.000002
			  0.039404   0.193885   0.980203
		}
		{Extender "inventory"
			{box
				{clear}
				{item "ammo pistol" 60 {cell 0 0}}
				{item "mp40" {cell 0 1}}
				{item "grenade m24" {cell 4 0}}
			}
		}
		{DisableObstacles}
		{Player 2}
		{MID 14}
		{Able {select 0}}
		{Breed "ger.infantry_smg"}
		{FsmState "board"}
	}
	{Entity "_infantry2_rus" 0x82c5
		{Position 1947.19 -2451.46 0}
		{Turn 75.2649}
		{Extender "inventory"
			{box
				{clear}
				{item "ammo pistol" 60 {cell 0 0}}
				{item "mp40" {cell 0 1}}
				{item "grenade m39" {cell 4 0}}
			}
		}
		{Player 2}
		{MID 22}
		{Breed "ger.infantry_smg"}
		{FsmState "stand"}
	}
	{Entity "_infantry2_rus" 0x82c6
		{Position -2851.31 -3121.14 23.5579}
		{Orientation
			 -0.890488  -0.420524   0.173600
			  0.426962  -0.904241   0.000000
			  0.156995   0.074137   0.984800
		}
		{Extender "inventory"
			{box
				{clear}
				{item "ammo pistol" 60 {cell 0 0}}
				{item "mp40" {cell 0 1}}
				{item "grenade m39" {cell 2 0}}
			}
		}
		{DisableObstacles}
		{Player 2}
		{MID 23}
		{Able {select 0}}
		{Breed "ger.infantry_smg"}
		{FsmState "board"}
	}
	{Entity "_infantry2_rus" 0x82c7
		{Position 1923.85 -2559.44 0}
		{Turn 70.0076}
		{Extender "inventory"
			{box
				{clear}
				{item "ammo pistol" 60 {cell 0 0}}
				{item "mp40" {cell 0 1}}
				{item "grenade m24" {cell 4 0}}
			}
		}
		{Player 2}
		{MID 24}
		{Breed "ger.infantry_smg"}
		{FsmState "stand"}
	}
	{Entity "_infantry2_rus" 0x82c8
		{Position 1931.43 -2852.87 19.0236}
		{Turn 96.5476}
		{Extender "inventory"
			{box
				{clear}
				{item "ammo pistol" 60 {cell 0 0}}
				{item "mp40" {cell 0 1}}
				{item "grenade m24" {cell 4 0}}
			}
		}
		{DisableObstacles}
		{Player 2}
		{MID 25}
		{Able {select 0}}
		{Breed "ger.infantry_smg"}
		{FsmState "board"}
	}
	{Entity "_infantry2_rus" 0x82c9
		{Position 1909.94 -2671.21 0}
		{Turn 72.5783}
		{Extender "inventory"
			{box
				{clear}
				{item "ammo pistol" 60 {cell 0 0}}
				{item "mp40" {cell 0 1}}
				{item "grenade m39" {cell 2 0}}
			}
		}
		{Player 2}
		{MID 47}
		{Breed "ger.infantry_smg"}
		{FsmState "stand"}
	}
	{Entity "_infantry2_rus" 0x82ca
		{Position 1934.36 -2825.39 9.2704}
		{Orientation
			 -0.105009   0.914893   0.389700
			 -0.993477  -0.114029   0.000000
			  0.044437  -0.387158   0.920900
		}
		{Extender "inventory"
			{box
				{clear}
				{item "ammo pistol" 60 {cell 0 0}}
				{item "mp40" {cell 0 1}}
				{item "grenade m24" {cell 4 0}}
			}
		}
		{DisableObstacles}
		{Player 2}
		{MID 48}
		{Able {select 0}}
		{Breed "ger.infantry_smg"}
		{FsmState "board"}
	}
	{Entity "_infantry2_rus" 0x82cb
		{Position 1528.3 -2405.71 0}
		{Turn 76.5493}
		{Extender "inventory"
			{box
				{clear}
				{item "ammo pistol" 60 {cell 0 0}}
				{item "mp40" {cell 0 1}}
				{item "grenade m39" {cell 2 0}}
			}
		}
		{Player 2}
		{MID 49}
		{Breed "ger.infantry_smg"}
		{FsmState "stand"}
	}
	{Entity "_infantry2_rus" 0x82cc
		{Position 1482.25 -2490.58 0}
		{Turn 84.6711}
		{Extender "inventory"
			{box
				{clear}
				{item "ammo pistol" 60 {cell 0 0}}
				{item "mp40" {cell 0 1}}
				{item "grenade m24" {cell 4 0}}
			}
		}
		{Player 2}
		{MID 50}
		{Breed "ger.infantry_smg"}
		{FsmState "stand"}
	}
	{Entity "_infantry2_rus" 0x82cd
		{Position 1468.01 -2553.26 0}
		{Turn 58.8923}
		{Extender "inventory"
			{box
				{clear}
				{item "ammo pistol" 60 {cell 0 0}}
				{item "mp40" {cell 0 1}}
				{item "grenade m24" {cell 4 0}}
			}
		}
		{Player 2}
		{MID 51}
		{Breed "ger.infantry_smg"}
		{FsmState "stand"}
	}
	{Entity "_infantry2_rus" 0x82ce
		{Position -2816.82 -3084.19 0}
		{Orientation
			  0.418219   0.908346   0.000000
			  0.908346  -0.418219   0.000000
			  0.000000   0.000000   1.000000
		}
		{Extender "inventory"
			{box
				{clear}
				{item "mp41" {cell 0 0}}
				{item "ammo pistol" 60 {cell 4 0}}
				{item "grenade m24x5" {cell 6 0}}
			}
		}
		{Player 2}
		{MID 56}
		{Able {select 0}}
		{Breed "ger.tankman"}
		{FsmState "board"}
	}
	{Entity "_infantry2_rus" 0x82cf
		{Position -2816.82 -3084.19 0}
		{Orientation
			  0.418219   0.908346   0.000000
			  0.908346  -0.418219   0.000000
			  0.000000   0.000000   1.000000
		}
		{Extender "inventory"
			{box
				{clear}
				{item "mp41" {cell 0 0}}
				{item "ammo pistol" 60 {cell 4 0}}
				{item "grenade m24x5" {cell 6 0}}
			}
		}
		{Player 2}
		{MID 57}
		{Able {select 0}}
		{Breed "ger.tankman"}
		{FsmState "board"}
	}
	{Entity "sdkfz-223" 0x82d0
		{Position 1930.32 -2843.2 0}
		{Turn 96.5476}
		{TexMod "ambush1"}
		{Player 2}
		{MID 60}
	}
	{Entity "_infantry2_rus" 0x82d1
		{Position 2218.15 178.415 0}
		{Turn 162.1}
		{Extender "inventory"
			{box
				{clear}
				{item "ppsh" {cell 0 0}}
				{item "ammo pistol" 100 {cell 4 0}}
				{item "ammo pistol" 42 {cell 6 0}}
				{item "grenade f1" {cell 0 2}}
			}
		}
		{DisableObstacles}
		{Player 1}
		{MID 64}
		{Able {select 0}}
		{Breed "rus.infantry_smg"}
		{FsmState "board"}
	}
	{Entity "_infantry2_rus" 0x82d2
		{Position -2816.82 -3084.19 0}
		{Orientation
			  0.418219   0.908346   0.000000
			  0.908346  -0.418219   0.000000
			  0.000000   0.000000   1.000000
		}
		{Extender "inventory"
			{box
				{clear}
				{item "mp41" {cell 0 0}}
				{item "ammo pistol" 64 {cell 4 0}}
				{item "grenade m24x5" {cell 6 0}}
			}
		}
		{Player 2}
		{MID 58}
		{Able {select 0}}
		{Breed "ger.tankman"}
		{FsmState "board"}
	}
	{Entity "_infantry2_rus" 0x82d3
		{Position -2816.82 -3084.19 0}
		{Orientation
			  0.418219   0.908346   0.000000
			  0.908346  -0.418219   0.000000
			  0.000000   0.000000   1.000000
		}
		{Extender "inventory"
			{box
				{clear}
				{item "mp41" {cell 0 0}}
				{item "ammo pistol" 60 {cell 4 0}}
				{item "grenade m24x5" {cell 6 0}}
			}
		}
		{Player 2}
		{MID 61}
		{Able {select 0}}
		{Breed "ger.tankman"}
		{FsmState "board"}
	}
	{Entity "pz-3g" 0x82d4
		{Position -2816.82 -3084.19 0}
		{Turn 65.2778}
		{TexMod "ambush1"}
		{Extender "inventory"
			{box
				{clear}
				{item "ammo mgun" 2000 {cell 0 0}}
				{item "repair_kit" {cell 1 3}}
				{item "bullet50 ap" 50 {cell 0 1}}
				{item "bullet50 fg" 27 {cell 0 2}}
			}
		}
		{Player 2}
		{MID 68}
	}
	{Entity "_infantry2_rus" 0x82d6
		{Position 5074.24 1224.57 0.243162}
		{Orientation
			 -0.991889  -0.111170   0.061000
			  0.111382  -0.993778   0.000000
			  0.060620   0.006794   0.998100
		}
		{Extender "inventory"
			{box
				{clear}
				{item "ppsh" {cell 0 0}}
				{item "ammo pistol" 100 {cell 4 0}}
				{item "ammo pistol" 42 {cell 6 0}}
				{item "grenade f1" {cell 0 2}}
			}
		}
		{DisableObstacles}
		{Player 1}
		{MID 69}
		{Able {select 0}}
		{Breed "rus.infantry_smg"}
		{FsmState "board"}
	}
	{Entity "_infantry2_rus" 0x82d9
		{Position 4963.41 831.994 0}
		{Turn 143.314}
		{Extender "inventory"
			{box
				{clear}
				{item "ppsh" {cell 0 0}}
				{item "ammo pistol" 100 {cell 4 0}}
				{item "ammo pistol" 42 {cell 6 0}}
				{item "grenade f1" {cell 0 2}}
			}
		}
		{DisableObstacles}
		{Player 1}
		{MID 72}
		{Able {select 0}}
		{Breed "rus.infantry_smg"}
		{FsmState "board"}
	}
	{Entity "_infantry2_rus" 0x82da
		{Position 4971.52 870.971 0}
		{Turn 136.628}
		{Extender "inventory"
			{box
				{clear}
				{item "ammo pistol" 71 {cell 0 1}}
				{item "grenade f1" {cell 0 2}}
			}
		}
		{Player 1}
		{MID 73}
		{Able {select 0}}
		{Weaponry
			{State
				{Mounted "ppsh"}
				{Weapon
					{Ammo "ammo pistol" 71}
				}
			}
		}
		{Breed "rus.infantry_smg"}
		{Cover
			{sector 4971.52 870.971 {type "squat_lie"}
				{wall 0 0 4941.38 849.261 4973.47 883.229}
			}
		}
		{FsmState "squat"}
	}
	{Entity "flak38" 0x82db
		{Position 5059.98 1233.48 0.347961}
		{Turn -173.605}
		{Player 1}
		{MID 74}
		{Able {select 0}}
		{Weaponry
			{State
				{Weapon
					{Ammo "bullet20 zenite" 48}
				}
			}
		}
	}
	{Entity "defence1_08" 0x82dd
		{Position 4968.97 886.18 0}
		{Turn -155.784}
	}
	{Entity "defence1_08" 0x82df
		{Position 4927.45 842.586 0.807378}
		{Turn -108.335}
	}
	{Entity "mg34_stan" 0x82e0
		{Position 4952.12 840.686 0}
		{Turn 143.314}
		{Player 1}
		{MID 76}
		{Able {select 0}}
		{Weaponry
			{State
				{Weapon
					{Ammo "ammo mgun" 100}
				}
			}
		}
	}
	{Entity "_infantry2_rus" 0x82e1
		{Position 5379.33 646.72 0}
		{Turn 131.925}
		{Extender "inventory"
			{box
				{clear}
				{item "ammo mgun" 100 {cell 0 1}}
				{item "ammo mgun" 100 {cell 0 0}}
				{item "grenade f1" {cell 2 0}}
				{item "grenade f1" {cell 3 0}}
			}
		}
		{Player 1}
		{MID 77}
		{Able {select 0}}
		{Weaponry
			{State
				{Mounted "dt"}
				{Weapon
					{Ammo "ammo mgun" 100}
				}
			}
		}
		{Breed "rus.infantry_mgun"}
		{Cover
			{sector 5379.33 646.72 {type "squat_lie"}
				{wall 0 0 5367.96 645.915 5402.73 677.14}
			}
		}
		{FsmState "squat"}
	}
	{Entity "_infantry2_rus" 0x82e2
		{Position 2448.43 247.661 0}
		{Turn 47.9998}
		{Extender "inventory"
			{box
				{clear}
				{item "ammo pistol" 71 {cell 0 1}}
				{item "grenade f1" {cell 0 2}}
				{item "ppsh" filling "ammo pistol" 71 {cell 2 0}}
			}
		}
		{Player 1}
		{MID 55}
		{Able {select 0}}
		{Breed "rus.infantry_smg"}
		{FsmState "stand"}
	}
	{Entity "defence1_08" 0x82e3
		{Position 2188.85 184.17 0.0670793}
		{Turn -98.0944}
		{Scale 0.8}
	}
	{Entity "defence1_08" 0x82e4
		{Position 2218.21 222.267 0}
		{Turn -156.35}
		{Scale 0.8}
	}
	{Entity "boxes1" 0x82e7
		{Position 2269.77 128.422 0}
		{Turn -155.911}
		{Extender "inventory"
			{box
				{clear}
				{item "mine antipersonnel" 5 {cell 0 0}}
				{item "ammo pistol" 300 {cell 2 0}}
				{item "ammo pistol" 100 {cell 0 2}}
				{item "grenade rpg40" 5 {cell 4 0}}
				{item "ptrs" {cell 0 4}}
				{item "ammo ptr" 10 {cell 6 0}}
			}
		}
	}
	{Entity "box2" 0x82e8
		{Position 4957.3 811.024 1.24249}
		{Extender "inventory"
			{box
				{clear}
				{item "ammo mgun" 600 {cell 0 0}}
				{item "ammo mgun" 600 {cell 0 1}}
				{item "grenade f1" 6 {cell 0 2}}
			}
		}
	}
	{Entity "box2" 0x82ea
		{Position 5380.3 602.334 0}
		{Turn -101.635}
		{Extender "inventory"
			{box
				{clear}
				{item "ammo mgun" 600 {cell 0 0}}
				{item "mine antipersonnel" 6 {cell 2 0}}
				{item "mine antipersonnel" 6 {cell 4 0}}
				{item "mine antipersonnel" 6 {cell 6 0}}
			}
		}
	}
	{Entity "box1" 0x82eb
		{Position 5076.26 1204.38 0}
		{Turn 31.0415}
	}
	{Entity "box1" 0x82ec
		{Position 4975.04 598.431 72.7387}
		{Turn -39.6671}
		{Extender "inventory"
			{box
				{clear}
				{item "bullet75 ap" 6 {cell 0 0}}
				{item "bullet75 fg" 6 {cell 4 0}}
				{item "bullet75 fg" 6 {cell 4 1}}
				{item "bullet75 fg" 6 {cell 4 2}}
				{item "bullet75 ap" 6 {cell 0 1}}
				{item "bullet75 ap" 6 {cell 0 2}}
			}
		}
	}
	{Entity "_infantry2_rus" 0x82ed
		{Position 1433.14 -2635.78 0}
		{Turn 73.7527}
		{Extender "inventory"
			{box
				{clear}
				{item "weapon bazooka" {cell 0 0}}
				{item "ammo bazooka" {cell 5 0}}
				{item "ammo bazooka" {cell 5 1}}
				{item "ammo bazooka" {cell 0 2}}
				{item "ammo bazooka" {cell 2 2}}
				{item "ammo bazooka" {cell 4 2}}
			}
		}
		{Player 2}
		{MID 88}
		{Breed "ger.bazoker"}
		{FsmState "stand"}
	}
	{Entity "_infantry2_rus" 0x82ee
		{Position 1891.18 -2784.23 0}
		{Turn 93.921}
		{Extender "inventory"
			{box
				{clear}
				{item "weapon bazooka" {cell 0 0}}
				{item "ammo bazooka" {cell 5 0}}
				{item "ammo bazooka" {cell 5 1}}
				{item "ammo bazooka" {cell 0 2}}
				{item "ammo bazooka" {cell 2 2}}
				{item "ammo bazooka" {cell 4 2}}
			}
		}
		{Player 2}
		{MID 90}
		{Breed "ger.bazoker"}
		{FsmState "stand"}
	}
	{Entity "defence1_08" 0x82ef
		{Position 5027.18 1213.66 0}
		{Turn -59.7814}
		{Scale 0.8}
	}
	{Entity "defence1_08" 0x82f0
		{Position 5032.07 1261.51 1.03124}
		{Turn -128.909}
		{Scale 0.8}
	}
	{Entity "defence1_08" 0x82f1
		{Position 5398.48 680.45 0}
		{Turn -160.482}
	}
	{Entity "defence1_08" 0x82f2
		{Position 5353.53 640.403 0}
		{Turn -113.033}
	}
	{Entity "_infantry2_rus" 0x82f3
		{Position -1565.46 1682.72 0}
		{Turn -14.8321}
		{Extender "inventory"
			{box
				{clear}
				{item "grenade f1" {cell 0 2}}
			}
		}
		{Player 1}
		{MID 96}
		{Weaponry
			{State
				{Mounted "ppsh"}
				{Weapon
					{Ammo "ammo pistol" 71}
				}
			}
		}
		{Breed "rus.infantry_smg"}
		{FsmState "stand"}
	}
	{Entity "sdkfz-223" 0x82f4
		{Position -2386.35 -2392.95 0}
		{Turn 64.7126}
		{TexMod "ambush1"}
		{Player 2}
		{MID 26}
	}
	{Entity "blitz-3.6" 0x82f5
		{Position -2429 -2257.88 0}
		{Turn 64.3378}
		{Player 2}
		{MID 30}
	}
	{Entity "_infantry2_rus" 0x82f6
		{Position -2373.53 -2379.95 9.2704}
		{Orientation
			  0.393371   0.832656   0.389700
			 -0.904177   0.427159   0.000000
			 -0.166464  -0.352358   0.920900
		}
		{Extender "inventory"
			{box
				{clear}
				{item "ammo pistol" 60 {cell 0 0}}
				{item "mp40" {cell 0 1}}
				{item "grenade m24" {cell 4 0}}
			}
		}
		{DisableObstacles}
		{Player 2}
		{MID 31}
		{Able {select 0}}
		{Breed "ger.infantry_smg"}
		{FsmState "board"}
	}
	{Entity "_infantry2_rus" 0x82f7
		{Position -2390.51 -2401.75 19.0236}
		{Turn 64.7126}
		{Extender "inventory"
			{box
				{clear}
				{item "ammo pistol" 60 {cell 0 0}}
				{item "mp40" {cell 0 1}}
				{item "grenade m24" {cell 4 0}}
			}
		}
		{DisableObstacles}
		{Player 2}
		{MID 52}
		{Able {select 0}}
		{Breed "ger.infantry_smg"}
		{FsmState "board"}
	}
	{Entity "_infantry2_rus" 0x82f8
		{Position -2427.67 -2235.69 19.6093}
		{Orientation
			  0.432888   0.901226   0.019600
			 -0.901406   0.432974   0.000000
			 -0.008488  -0.017667   0.999800
		}
		{Extender "inventory"
			{box
				{clear}
				{item "ammo pistol" 60 {cell 0 0}}
				{item "mp40" {cell 0 1}}
				{item "grenade m24" {cell 4 0}}
			}
		}
		{DisableObstacles}
		{Player 2}
		{MID 53}
		{Able {select 0}}
		{Breed "ger.infantry_smg"}
		{FsmState "board"}
	}
	{Entity "_infantry2_rus" 0x82f9
		{Position -2413.86 -2242.32 19.6094}
		{Orientation
			  0.432888   0.901226   0.019600
			 -0.901406   0.432974   0.000000
			 -0.008488  -0.017667   0.999800
		}
		{Extender "inventory"
			{box
				{clear}
				{item "ammo pistol" 60 {cell 0 0}}
				{item "mp40" {cell 0 1}}
				{item "grenade m24" {cell 4 0}}
			}
		}
		{DisableObstacles}
		{Player 2}
		{MID 91}
		{Able {select 0}}
		{Breed "ger.infantry_smg"}
		{FsmState "board"}
	}
	{Entity "bmw-r12" 0x82fa
		{Position -2613.1 -2732.59 0}
		{Turn 67.1716}
		{TexMod "ambush1"}
		{Player 2}
		{MID 92}
	}
	{Entity "_infantry2_rus" 0x82fb
		{Position -2623.94 -2737.28 0.3124}
		{Turn 67.1716}
		{Extender "inventory"
			{box
				{clear}
				{item "mp40" {cell 0 0}}
				{item "ammo pistol" 60 {cell 4 0}}
				{item "grenade m24" {cell 6 0}}
			}
		}
		{DisableObstacles}
		{Player 2}
		{MID 93}
		{Able {select 0}}
		{Breed "ger.infantry_ss"}
		{FsmState "board"}
	}
	{Entity "_infantry2_rus" 0x82fc
		{Position -2609.21 -2740 -0.8506}
		{Orientation
			  0.385877   0.916694  -0.103900
			 -0.921671   0.387972   0.000000
			  0.040310   0.095762   0.994600
		}
		{Extender "inventory"
			{box
				{clear}
				{item "mp40" {cell 0 0}}
				{item "ammo pistol" 60 {cell 4 0}}
				{item "grenade m24" {cell 6 0}}
			}
		}
		{DisableObstacles}
		{Player 2}
		{MID 94}
		{Able {select 0}}
		{Breed "ger.infantry_ss"}
		{FsmState "board"}
	}
	{Entity "_infantry2_rus" 0x82fd
		{Position -2612.4 -2747.58 6.953}
		{Orientation
			  0.382075   0.907662   0.173600
			 -0.921671   0.387972   0.000000
			 -0.067352  -0.160002   0.984800
		}
		{Extender "inventory"
			{box
				{clear}
				{item "ammo pistol" 60 {cell 4 0}}
				{item "grenade m39" {cell 0 0}}
				{item "mp41" {cell 0 1}}
			}
		}
		{DisableObstacles}
		{Player 2}
		{MID 95}
		{Able {select 0}}
		{Breed "ger.infantry_ss"}
		{FsmState "board"}
	}
	{Entity "_infantry2_rus" 0x82fe
		{Position -2359.15 -2400.83 0}
		{Turn 60.6603}
		{Extender "inventory"
			{box
				{clear}
				{item "ammo pistol" 60 {cell 0 0}}
				{item "mp40" {cell 0 1}}
				{item "grenade m39" {cell 2 0}}
			}
		}
		{Player 2}
		{MID 97}
		{Breed "ger.infantry_smg"}
		{FsmState "stand"}
	}
	{Entity "_infantry2_rus" 0x82ff
		{Position -2348.21 -2379.75 0}
		{Turn 61.9895}
		{Extender "inventory"
			{box
				{clear}
				{item "ammo pistol" 60 {cell 0 0}}
				{item "mp40" {cell 0 1}}
				{item "grenade m24" {cell 4 0}}
			}
		}
		{Player 2}
		{MID 98}
		{Breed "ger.infantry_smg"}
		{FsmState "stand"}
	}
	{Entity "_infantry2_rus" 0x8300
		{Position -2369.54 -2423.06 0}
		{Turn 55.3708}
		{Extender "inventory"
			{box
				{clear}
				{item "ammo pistol" 60 {cell 0 0}}
				{item "mp40" {cell 0 1}}
				{item "grenade m24" {cell 4 0}}
			}
		}
		{Player 2}
		{MID 101}
		{Breed "ger.infantry_smg"}
		{FsmState "stand"}
	}
	{Entity "_infantry2_rus" 0x8301
		{Position -2379.85 -2443.09 0}
		{Turn 66.025}
		{Extender "inventory"
			{box
				{clear}
				{item "ammo pistol" 60 {cell 0 0}}
				{item "mp40" {cell 0 1}}
				{item "grenade m39" {cell 2 0}}
			}
		}
		{Player 2}
		{MID 102}
		{Breed "ger.infantry_smg"}
		{FsmState "stand"}
	}
	{Entity "pz-2f" 0x8302
		{Position 1840.06 -3087.16 0}
		{Turn 80.0073}
		{TexMod "ambush1"}
		{Placer
			{State "seat4" {Broken}}
		}
		{Extender "inventory"
			{box
				{clear}
				{item "ammo mgun" 2000 {cell 0 0}}
				{item "repair_kit" {cell 1 3}}
				{item "bullet20 ap" 50 {cell 0 1}}
			}
		}
		{Player 2}
		{MID 104}
	}
	{Entity "_infantry2_rus" 0x8303
		{Position 1840.06 -3087.16 0}
		{Orientation
			  0.173523   0.984830   0.000000
			  0.984830  -0.173523   0.000000
			  0.000000   0.000000   1.000000
		}
		{Extender "inventory"
			{box
				{clear}
				{item "mp41" {cell 0 0}}
				{item "ammo pistol" 60 {cell 4 0}}
				{item "grenade m24x5" {cell 6 0}}
			}
		}
		{Player 2}
		{MID 105}
		{Able {select 0}}
		{Breed "ger.tankman"}
		{FsmState "board"}
	}
	{Entity "_infantry2_rus" 0x8304
		{Position 1840.06 -3087.16 0}
		{Orientation
			  0.173523   0.984830   0.000000
			  0.984830  -0.173523   0.000000
			  0.000000   0.000000   1.000000
		}
		{Extender "inventory"
			{box
				{clear}
				{item "mp41" {cell 0 0}}
				{item "ammo pistol" 60 {cell 4 0}}
				{item "grenade m24x5" {cell 6 0}}
			}
		}
		{Player 2}
		{MID 106}
		{Able {select 0}}
		{Breed "ger.tankman"}
		{FsmState "board"}
	}
	{Entity "_infantry2_rus" 0x8305
		{Position 1840.06 -3087.16 0}
		{Orientation
			  0.173523   0.984830   0.000000
			  0.984830  -0.173523   0.000000
			  0.000000   0.000000   1.000000
		}
		{Extender "inventory"
			{box
				{clear}
				{item "mp41" {cell 0 0}}
				{item "ammo pistol" 60 {cell 4 0}}
				{item "grenade m24x5" {cell 6 0}}
			}
		}
		{Player 2}
		{MID 107}
		{Able {select 0}}
		{Breed "ger.tankman"}
		{FsmState "board"}
	}
	{Entity "_infantry2_rus" 0x8306
		{Position 1840.06 -3087.16 0}
		{Orientation
			  0.173523   0.984830   0.000000
			  0.984830  -0.173523   0.000000
			  0.000000   0.000000   1.000000
		}
		{Extender "inventory"
			{box
				{clear}
				{item "mp41" {cell 0 0}}
				{item "ammo pistol" 60 {cell 4 0}}
				{item "grenade m24x5" {cell 6 0}}
			}
		}
		{Player 2}
		{MID 108}
		{Able {select 0}}
		{Breed "ger.tankman"}
		{FsmState "board"}
	}
	{Entity "_infantry2_rus" 0x8307
		{Position -2855.07 -3104.17 25.0194}
		{Orientation
			 -0.814478   0.569970   0.108300
			 -0.561512  -0.821454   0.099600
			  0.145751   0.020305   0.989100
		}
		{Extender "inventory"
			{box
				{clear}
				{item "ammo pistol" 60 {cell 0 0}}
				{item "mp40" {cell 0 1}}
				{item "grenade m24" {cell 4 0}}
			}
		}
		{DisableObstacles}
		{Player 2}
		{MID 103}
		{Able {select 0}}
		{Breed "ger.infantry_smg"}
		{FsmState "board"}
	}
	{Entity "_infantry2_rus" 0x8308
		{Position -2814.19 -3128.87 25.0194}
		{Orientation
			  0.131846  -0.910380   0.392300
			  0.977814   0.184577   0.099600
			 -0.163021   0.370430   0.914400
		}
		{Extender "inventory"
			{box
				{clear}
				{item "ammo pistol" 60 {cell 0 0}}
				{item "mp40" {cell 0 1}}
				{item "grenade m39" {cell 2 0}}
			}
		}
		{DisableObstacles}
		{Player 2}
		{MID 113}
		{Able {select 0}}
		{Breed "ger.infantry_smg"}
		{FsmState "board"}
	}
	{Entity "_infantry2_rus" 0x8309
		{Position -2802.36 -3112.06 25.0194}
		{Orientation
			  0.699727  -0.692951   0.173600
			  0.703655   0.710542   0.000000
			 -0.123400   0.122209   0.984800
		}
		{Extender "inventory"
			{box
				{clear}
				{item "weapon bazooka" {cell 0 0}}
				{item "ammo bazooka" {cell 5 0}}
				{item "ammo bazooka" {cell 5 1}}
				{item "ammo bazooka" {cell 0 2}}
				{item "ammo bazooka" {cell 2 2}}
				{item "ammo bazooka" {cell 4 2}}
			}
		}
		{DisableObstacles}
		{Player 2}
		{MID 116}
		{Able {select 0}}
		{Breed "ger.bazoker"}
		{FsmState "board"}
	}
	{Entity "defence2_08" 0x830a
		{Position 1927.79 546.298 44.231}
		{Turn -86.5468}
		{Scale 0.8}
	}
	{Entity "panzerflak" 0x830b
		{Position -2442.92 -2520.71 0}
		{Turn 63.8801}
		{Player 2}
		{MID 130}
	}
	{Entity "sdkfz10-5" 0x830c
		{Position -2522.94 -2694.75 0}
		{Turn 65.9027}
		{Player 2}
		{MID 131}
	}
	{Entity "pz-2f" 0x830d
		{Position -2649.45 -2989.18 0}
		{Turn 65.8546}
		{TexMod "ambush1"}
		{Placer
			{State "seat4" {Broken}}
		}
		{Extender "inventory"
			{box
				{clear}
				{item "ammo mgun" 2000 {cell 0 0}}
				{item "repair_kit" {cell 1 3}}
				{item "bullet20 ap" 50 {cell 0 1}}
				{item "bullet20 fg" 27 {cell 0 2}}
			}
		}
		{Player 2}
		{MID 132}
	}
	{Entity "_infantry2_rus" 0x830e
		{Position -2649.45 -2989.18 0}
		{Orientation
			  0.409054   0.912510   0.000000
			  0.912510  -0.409054   0.000000
			  0.000000   0.000000   1.000000
		}
		{Extender "inventory"
			{box
				{clear}
				{item "mp41" {cell 0 0}}
				{item "ammo pistol" 60 {cell 4 0}}
				{item "grenade m24x5" {cell 6 0}}
			}
		}
		{Player 2}
		{MID 133}
		{Able {select 0}}
		{Breed "ger.tankman"}
		{FsmState "board"}
	}
	{Entity "_infantry2_rus" 0x830f
		{Position -2649.45 -2989.18 0}
		{Orientation
			  0.409054   0.912510   0.000000
			  0.912510  -0.409054   0.000000
			  0.000000   0.000000   1.000000
		}
		{Extender "inventory"
			{box
				{clear}
				{item "mp41" {cell 0 0}}
				{item "ammo pistol" 60 {cell 4 0}}
				{item "grenade m24x5" {cell 6 0}}
			}
		}
		{Player 2}
		{MID 134}
		{Able {select 0}}
		{Breed "ger.tankman"}
		{FsmState "board"}
	}
	{Entity "_infantry2_rus" 0x8310
		{Position -2649.45 -2989.18 0}
		{Orientation
			  0.409054   0.912510   0.000000
			  0.912510  -0.409054   0.000000
			  0.000000   0.000000   1.000000
		}
		{Extender "inventory"
			{box
				{clear}
				{item "mp41" {cell 0 0}}
				{item "ammo pistol" 60 {cell 4 0}}
				{item "grenade m24x5" {cell 6 0}}
			}
		}
		{Player 2}
		{MID 135}
		{Able {select 0}}
		{Breed "ger.tankman"}
		{FsmState "board"}
	}
	{Entity "_infantry2_rus" 0x8311
		{Position -2649.45 -2989.18 0}
		{Orientation
			  0.409054   0.912510   0.000000
			  0.912510  -0.409054   0.000000
			  0.000000   0.000000   1.000000
		}
		{Extender "inventory"
			{box
				{clear}
				{item "mp41" {cell 0 0}}
				{item "ammo pistol" 60 {cell 4 0}}
				{item "grenade m24x5" {cell 6 0}}
			}
		}
		{Player 2}
		{MID 136}
		{Able {select 0}}
		{Breed "ger.tankman"}
		{FsmState "board"}
	}
	{Entity "_infantry2_rus" 0x8312
		{Position -2442.92 -2520.71 0}
		{Orientation
			  0.440251   0.897875   0.000000
			  0.897875  -0.440251   0.000000
			  0.000000   0.000000   1.000000
		}
		{Extender "inventory"
			{box
				{clear}
				{item "ammo pistol" 60 {cell 0 0}}
				{item "mp40" {cell 0 1}}
				{item "grenade m24" {cell 4 0}}
			}
		}
		{Player 2}
		{MID 137}
		{Able {select 0}}
		{Breed "ger.infantry_smg"}
		{FsmState "board"}
	}
	{Entity "_infantry2_rus" 0x8313
		{Position -2450.14 -2518.29 21.978}
		{Orientation
			  0.360654   0.735539   0.573600
			 -0.897875   0.440251   0.000000
			 -0.252528  -0.515021   0.819200
		}
		{Extender "inventory"
			{box
				{clear}
				{item "ammo pistol" 60 {cell 0 0}}
				{item "mp40" {cell 0 1}}
				{item "grenade m24" {cell 4 0}}
			}
		}
		{DisableObstacles}
		{Player 2}
		{MID 138}
		{Able {select 0}}
		{Breed "ger.infantry_smg"}
		{FsmState "board"}
	}
	{Entity "_infantry2_rus" 0x8314
		{Position -2442.92 -2520.71 0}
		{Orientation
			  0.440251   0.897875   0.000000
			  0.897875  -0.440251   0.000000
			  0.000000   0.000000   1.000000
		}
		{Extender "inventory"
			{box
				{clear}
				{item "ammo pistol" 60 {cell 0 0}}
				{item "mp40" {cell 0 1}}
				{item "grenade m39" {cell 2 0}}
			}
		}
		{Player 2}
		{MID 139}
		{Able {select 0}}
		{Breed "ger.infantry_smg"}
		{FsmState "board"}
	}
	{Entity "_infantry2_rus" 0x8315
		{Position -2433.21 -2524.47 21.978}
		{Orientation
			 -0.305235   0.760106   0.573600
			 -0.927918  -0.372639   0.000000
			  0.213796  -0.532283   0.819200
		}
		{Extender "inventory"
			{box
				{clear}
				{item "ammo pistol" 60 {cell 0 0}}
				{item "mp40" {cell 0 1}}
				{item "grenade m24" {cell 4 0}}
			}
		}
		{DisableObstacles}
		{Player 2}
		{MID 140}
		{Able {select 0}}
		{Breed "ger.infantry_smg"}
		{FsmState "board"}
	}
	{Entity "_infantry2_rus" 0x8316
		{Position -2509.85 -2688.25 7.876}
		{Orientation
			  0.402081   0.898978   0.173600
			 -0.912853   0.408287   0.000000
			 -0.070879  -0.158471   0.984800
		}
		{Extender "inventory"
			{box
				{clear}
				{item "ammo pistol" 60 {cell 0 0}}
				{item "mp40" {cell 0 1}}
				{item "grenade m39" {cell 2 0}}
			}
		}
		{DisableObstacles}
		{Player 2}
		{MID 141}
		{Able {select 0}}
		{Breed "ger.infantry_smg"}
		{FsmState "board"}
	}
	{Entity "_infantry2_rus" 0x8317
		{Position -2539.7 -2711.96 18.0469}
		{Orientation
			  0.381674   0.852127   0.358000
			 -0.912609   0.408835  -0.000100
			 -0.146441  -0.326679   0.933700
		}
		{Extender "inventory"
			{box
				{clear}
				{item "ammo pistol" 60 {cell 0 0}}
				{item "mp40" {cell 0 1}}
				{item "grenade m24" {cell 4 0}}
			}
		}
		{DisableObstacles}
		{Player 2}
		{MID 142}
		{Able {select 0}}
		{Breed "ger.infantry_smg"}
		{FsmState "board"}
	}
	{Entity "_infantry2_rus" 0x8318
		{Position -2523.57 -2682.15 7.8749}
		{Orientation
			  0.402081   0.898978   0.173600
			 -0.912853   0.408287   0.000000
			 -0.070879  -0.158471   0.984800
		}
		{Extender "inventory"
			{box
				{clear}
				{item "ammo pistol" 60 {cell 0 0}}
				{item "mp40" {cell 0 1}}
				{item "grenade m24" {cell 4 0}}
			}
		}
		{DisableObstacles}
		{Player 2}
		{MID 143}
		{Able {select 0}}
		{Breed "ger.infantry_smg"}
		{FsmState "board"}
	}
	{Entity "_infantry2_rus" 0x8319
		{Position -2639.9 -3015.35 22.3394}
		{Orientation
			  0.938740  -0.172814   0.298300
			  0.188862   0.981628  -0.025800
			 -0.288356   0.080605   0.954100
		}
		{Extender "inventory"
			{box
				{clear}
				{item "weapon bazooka" {cell 0 0}}
				{item "ammo bazooka" {cell 5 0}}
				{item "ammo bazooka" {cell 5 1}}
				{item "ammo bazooka" {cell 0 2}}
				{item "ammo bazooka" {cell 2 2}}
				{item "ammo bazooka" {cell 4 2}}
			}
		}
		{DisableObstacles}
		{Player 2}
		{MID 144}
		{Able {select 0}}
		{Breed "ger.bazoker"}
		{FsmState "board"}
	}
	{Entity "_infantry2_rus" 0x831a
		{Position -2646.38 -3029.8 22.3394}
		{Orientation
			  0.938740  -0.172814   0.298300
			  0.188862   0.981628  -0.025800
			 -0.288356   0.080605   0.954100
		}
		{Extender "inventory"
			{box
				{clear}
				{item "ammo pistol" 60 {cell 0 0}}
				{item "mp40" {cell 0 1}}
				{item "grenade m24" {cell 4 0}}
			}
		}
		{DisableObstacles}
		{Player 2}
		{MID 145}
		{Able {select 0}}
		{Breed "ger.infantry_smg"}
		{FsmState "board"}
	}
	{Entity "_infantry2_rus" 0x831b
		{Position -2678.9 -3000.14 22.1508}
		{Orientation
			 -0.342297   0.902694   0.260600
			 -0.934478  -0.355994   0.005500
			  0.097677  -0.241701   0.965400
		}
		{Extender "inventory"
			{box
				{clear}
				{item "ammo pistol" 60 {cell 0 0}}
				{item "mp40" {cell 0 1}}
				{item "grenade m39" {cell 2 0}}
			}
		}
		{DisableObstacles}
		{Player 2}
		{MID 146}
		{Able {select 0}}
		{Breed "ger.infantry_smg"}
		{FsmState "board"}
	}
	{Entity "pz-2f" 0x831c
		{Position -2602.66 -2859.52 0}
		{Turn 66.4407}
		{TexMod "ambush1"}
		{Placer
			{State "seat4" {Broken}}
		}
		{Extender "inventory"
			{box
				{clear}
				{item "ammo mgun" 2000 {cell 0 0}}
				{item "repair_kit" {cell 1 3}}
				{item "bullet20 ap" 50 {cell 0 1}}
				{item "bullet20 fg" 27 {cell 0 2}}
			}
		}
		{Player 2}
		{MID 158}
	}
	{Entity "_infantry2_rus" 0x831d
		{Position -2602.66 -2859.52 0}
		{Orientation
			  0.399698   0.916647   0.000000
			  0.916647  -0.399698   0.000000
			  0.000000   0.000000   1.000000
		}
		{Extender "inventory"
			{box
				{clear}
				{item "mp41" {cell 0 0}}
				{item "ammo pistol" 60 {cell 4 0}}
				{item "grenade m24x5" {cell 6 0}}
			}
		}
		{Player 2}
		{MID 159}
		{Able {select 0}}
		{Breed "ger.tankman"}
		{FsmState "board"}
	}
	{Entity "_infantry2_rus" 0x831e
		{Position -2602.66 -2859.52 0}
		{Orientation
			  0.399698   0.916647   0.000000
			  0.916647  -0.399698   0.000000
			  0.000000   0.000000   1.000000
		}
		{Extender "inventory"
			{box
				{clear}
				{item "mp41" {cell 0 0}}
				{item "ammo pistol" 60 {cell 4 0}}
				{item "grenade m24x5" {cell 6 0}}
			}
		}
		{Player 2}
		{MID 160}
		{Able {select 0}}
		{Breed "ger.tankman"}
		{FsmState "board"}
	}
	{Entity "_infantry2_rus" 0x831f
		{Position -2602.66 -2859.52 0}
		{Orientation
			  0.399698   0.916647   0.000000
			  0.916647  -0.399698   0.000000
			  0.000000   0.000000   1.000000
		}
		{Extender "inventory"
			{box
				{clear}
				{item "mp41" {cell 0 0}}
				{item "ammo pistol" 60 {cell 4 0}}
				{item "grenade m24x5" {cell 6 0}}
			}
		}
		{Player 2}
		{MID 161}
		{Able {select 0}}
		{Breed "ger.tankman"}
		{FsmState "board"}
	}
	{Entity "_infantry2_rus" 0x8320
		{Position -2602.66 -2859.52 0}
		{Orientation
			  0.399698   0.916647   0.000000
			  0.916647  -0.399698   0.000000
			  0.000000   0.000000   1.000000
		}
		{Extender "inventory"
			{box
				{clear}
				{item "mp41" {cell 0 0}}
				{item "ammo pistol" 60 {cell 4 0}}
				{item "grenade m24x5" {cell 6 0}}
			}
		}
		{Player 2}
		{MID 162}
		{Able {select 0}}
		{Breed "ger.tankman"}
		{FsmState "board"}
	}
	{Entity "_infantry2_rus" 0x8321
		{Position 1969.16 547.017 45.2007}
		{Turn 176.977}
		{Extender "inventory"
			{box
				{clear}
				{item "ppsh" {cell 0 0}}
				{item "ammo pistol" 100 {cell 4 0}}
				{item "ammo pistol" 42 {cell 6 0}}
				{item "grenade f1" {cell 0 2}}
			}
		}
		{DisableObstacles}
		{Player 1}
		{MID 6}
		{Able {select 0}}
		{Breed "rus.infantry_smg"}
		{FsmState "board"}
	}
	{Entity "_infantry2_rus" 0x8323
		{Position 2326.25 3441.21 -5}
		{Orientation
			  0.262029  -0.965060  -0.000000
			 -0.965060  -0.262029   0.000000
			  0.000000   0.000000   1.000000
		}
		{Extender "inventory"
			{box
				{clear}
				{item "mp41" {cell 0 0}}
				{item "ammo pistol" 60 {cell 4 0}}
				{item "grenade m24x5" {cell 6 0}}
			}
		}
		{Player 2}
		{MID 15}
		{Able {select 0}}
		{Breed "ger.tankman"}
		{FsmState "board"}
	}
	{Entity "_infantry2_rus" 0x8324
		{Position 2326.25 3441.21 -5}
		{Orientation
			  0.262029  -0.965060  -0.000000
			 -0.965060  -0.262029   0.000000
			  0.000000   0.000000   1.000000
		}
		{Extender "inventory"
			{box
				{clear}
				{item "mp41" {cell 0 0}}
				{item "ammo pistol" 60 {cell 4 0}}
				{item "grenade m24x5" {cell 6 0}}
			}
		}
		{Player 2}
		{MID 16}
		{Able {select 0}}
		{Breed "ger.tankman"}
		{FsmState "board"}
	}
	{Entity "_infantry2_rus" 0x8325
		{Position 2326.25 3441.21 -5}
		{Orientation
			  0.262029  -0.965060  -0.000000
			 -0.965060  -0.262029   0.000000
			  0.000000   0.000000   1.000000
		}
		{Extender "inventory"
			{box
				{clear}
				{item "mp41" {cell 0 0}}
				{item "ammo pistol" 60 {cell 4 0}}
				{item "grenade m24x5" {cell 6 0}}
			}
		}
		{Player 2}
		{MID 17}
		{Able {select 0}}
		{Breed "ger.tankman"}
		{FsmState "board"}
	}
	{Entity "_infantry2_rus" 0x8326
		{Position 2326.25 3441.21 -5}
		{Orientation
			  0.262029  -0.965060  -0.000000
			 -0.965060  -0.262029   0.000000
			  0.000000   0.000000   1.000000
		}
		{Extender "inventory"
			{box
				{clear}
				{item "mp41" {cell 0 0}}
				{item "ammo pistol" 60 {cell 4 0}}
				{item "grenade m24x5" {cell 6 0}}
			}
		}
		{Player 2}
		{MID 18}
		{Able {select 0}}
		{Breed "ger.tankman"}
		{FsmState "board"}
	}
	{Entity "_infantry2_rus" 0x8327
		{Position 2147.8 3508.84 -4.09544}
		{Orientation
			  0.281795  -0.959385  -0.013123
			 -0.959153  -0.282028   0.022046
			  0.024852  -0.006375   0.999671
		}
		{Extender "vitality"
			{Energy 98.8}
		}
		{Extender "inventory"
			{box
				{clear}
				{item "mp41" {cell 0 0}}
				{item "ammo pistol" 60 {cell 4 0}}
				{item "grenade m24x5" {cell 6 0}}
			}
		}
		{Player 2}
		{MID 19}
		{Able {select 0}}
		{Breed "ger.tankman"}
		{FsmState "board"}
	}
	{Entity "_infantry2_rus" 0x8328
		{Position 2147.8 3508.84 -4.09544}
		{Orientation
			  0.281795  -0.959385  -0.013123
			 -0.959153  -0.282028   0.022046
			  0.024852  -0.006375   0.999671
		}
		{Extender "inventory"
			{box
				{clear}
				{item "mp41" {cell 0 0}}
				{item "ammo pistol" 60 {cell 4 0}}
				{item "grenade m24x5" {cell 6 0}}
			}
		}
		{Player 2}
		{MID 20}
		{Able {select 0}}
		{Breed "ger.tankman"}
		{FsmState "board"}
	}
	{Entity "_infantry2_rus" 0x8329
		{Position 2147.8 3508.84 -4.09544}
		{Orientation
			  0.281795  -0.959385  -0.013123
			 -0.959153  -0.282028   0.022046
			  0.024852  -0.006375   0.999671
		}
		{Extender "inventory"
			{box
				{clear}
				{item "mp41" {cell 0 0}}
				{item "ammo pistol" 60 {cell 4 0}}
				{item "grenade m24x5" {cell 6 0}}
			}
		}
		{Player 2}
		{MID 21}
		{Able {select 0}}
		{Breed "ger.tankman"}
		{FsmState "board"}
	}
	{Entity "_infantry2_rus" 0x832a
		{Position 2147.8 3508.84 -4.09544}
		{Orientation
			  0.281795  -0.959385  -0.013123
			 -0.959153  -0.282028   0.022046
			  0.024852  -0.006375   0.999671
		}
		{Extender "inventory"
			{box
				{clear}
				{item "mp41" {cell 0 0}}
				{item "ammo pistol" 60 {cell 4 0}}
				{item "grenade m24x5" {cell 6 0}}
			}
		}
		{Player 2}
		{MID 27}
		{Able {select 0}}
		{Breed "ger.tankman"}
		{FsmState "board"}
	}
	{Entity "_infantry2_rus" 0x832b
		{Position 2229.46 3645.54 -5}
		{Orientation
			  0.297936  -0.954586   0.000000
			 -0.954586  -0.297936   0.000000
			 -0.000000   0.000000   1.000000
		}
		{Extender "inventory"
			{box
				{clear}
				{item "mp41" {cell 0 0}}
				{item "ammo pistol" 60 {cell 4 0}}
				{item "grenade m24x5" {cell 6 0}}
			}
		}
		{Player 2}
		{MID 28}
		{Able {select 0}}
		{Breed "ger.tankman"}
		{FsmState "board"}
	}
	{Entity "_infantry2_rus" 0x832c
		{Position 2229.46 3645.54 -5}
		{Orientation
			  0.297936  -0.954586   0.000000
			 -0.954586  -0.297936   0.000000
			 -0.000000   0.000000   1.000000
		}
		{Extender "inventory"
			{box
				{clear}
				{item "mp41" {cell 0 0}}
				{item "ammo pistol" 60 {cell 4 0}}
				{item "grenade m24x5" {cell 6 0}}
			}
		}
		{Player 2}
		{MID 29}
		{Able {select 0}}
		{Breed "ger.tankman"}
		{FsmState "board"}
	}
	{Entity "_infantry2_rus" 0x832d
		{Position 2229.46 3645.54 -5}
		{Orientation
			  0.297936  -0.954586   0.000000
			 -0.954586  -0.297936   0.000000
			 -0.000000   0.000000   1.000000
		}
		{Extender "inventory"
			{box
				{clear}
				{item "mp41" {cell 0 0}}
				{item "ammo pistol" 60 {cell 4 0}}
				{item "grenade m24x5" {cell 6 0}}
			}
		}
		{Player 2}
		{MID 32}
		{Able {select 0}}
		{Breed "ger.tankman"}
		{FsmState "board"}
	}
	{Entity "_infantry2_rus" 0x832e
		{Position 2229.46 3645.54 -5}
		{Orientation
			  0.297936  -0.954586   0.000000
			 -0.954586  -0.297936   0.000000
			 -0.000000   0.000000   1.000000
		}
		{Extender "inventory"
			{box
				{clear}
				{item "mp41" {cell 0 0}}
				{item "ammo pistol" 60 {cell 4 0}}
				{item "grenade m24x5" {cell 6 0}}
			}
		}
		{Player 2}
		{MID 33}
		{Able {select 0}}
		{Breed "ger.tankman"}
		{FsmState "board"}
	}
	{Entity "pz-4d" 0x832f
		{Position 2326.25 3441.21 -5}
		{Turn -74.8095}
		{TexMod "ambush"}
		{Player 2}
		{MID 34}
	}
	{Entity "pz-4d" 0x8330
		{Position 2147.8 3508.84 -4.09544}
		{Turn -73.6312}
		{TexMod "ambush"}
		{Player 2}
		{MID 35}
	}
	{Entity "pz-4d" 0x8331
		{Position 2229.46 3645.54 -5}
		{Turn -72.6663}
		{TexMod "ambush5"}
		{Player 2}
		{MID 36}
	}
	{Entity "fw-190g8" 0x8332
		{Position -1170.97 -2560.28 24.3438}
		{Turn 73.6205}
		{Extender "inventory"
			{box
				{clear}
				{item "air bomb" 10 {cell 2 0}}
				{item "air bomb" 6 {cell 0 3}}
				{item "ammo mgun" 1000 {cell 0 0}}
			}
		}
		{Player 4}
		{MID 38}
	}
	{Entity "_infantry2_rus" 0x8333
		{Position -1171.47 -2561.48 28.4346}
		{Orientation
			  0.258462   0.879338   0.400047
			 -0.959415   0.281998   0.000001
			 -0.112812  -0.383812   0.916536
		}
		{Extender "inventory"
			{box
				{clear}
				{item "mp41" {cell 0 0}}
