; made by Albus & Dinsen Jul 2010
{Skeleton
	{animation
		{sequence "recoil" {speed 0.7}}
	}
	{bone revolute "Basis"
		{limits -0.0000 0.0000}
		{speed 0.0100}
		{Orientation
			1.0000	0.0000	0.0000
			0.0000	-1.0000	0.0000
			0.0000	0.0000	1.0000
		}
		{bone "body"
			{parameters "CommonMesh;ID=body;"}
			{Position -21.3858	-0.0899	5.8716}
			{VolumeView "body.ply"}
			{bone revolute "WheelR"
				{parameters "ID=wheelright;"}
				{Matrix34
					1.0000	0.0000	0.0000
					0.0000	0.0000	-1.0000
					0.0000	1.0000	0.0000
					24.6171	-18.6579	4.1566
				}
				{VolumeView "WheelR.ply"}
				{bone "FXtraceR1"
					{Matrix34
						-1.0000	0.0000	0.0000
						0.0000	0.0000	1.0000
						0.0000	-1.0000	0.0000
						-5.8000	9.0900	0.0000
					}
                		}
			}
			{bone revolute "WheelL"
				{parameters "ID=wheelleft;"}
				{Matrix34
					0.9962	0.0000	0.0872
					0.0872	0.0000	-0.9962
					0.0000	1.0000	0.0000
					24.6171	18.6416	4.1566
				}
				{VolumeView "WheelL.ply"}
				{bone "FXtraceL1"
					{Matrix34
						-0.9963	-0.0850	0.0000
						0.0000	0.0000	-1.0000
						0.0850	-0.9963	0.0000
						-6.4876	8.6096	0.0000
					}
                		}
			}
			{bone revolute "turret"
				{parameters "ID=turret;"}
				{limits -15.0000 15.0000}
				{speed 0.0100}
				{Matrix34
					0.0000	1.0000	0.0000
					-1.0000	0.0000	0.0000
					0.0000	0.0000	1.0000
					24.1597	0.0376	4.8001
				}
				{VolumeView "turret.ply"}
				{bone revolute "gun_rot"
					{parameters "ID=gun;"}
					{limits -10.0000 25.0000}
					{speed 0.0100}
					{Matrix34
						0.0000	-1.0000	0.0000
						0.0000	0.0000	1.0000
						-1.0000	0.0000	0.0000
						0.0000	0.9400	10.7309
					}
					{VolumeView "gun_rot.ply"}
					{bone "gun"
						{parameters "ID=gun;"}
						{Matrix34
							0.0000	0.0000	-1.0000
							-1.0000	0.0000	0.0000
							0.0000	1.0000	0.0000
							-7.6961	2.4146	2.4129
						}
						{VolumeView "gun.ply"}
						{bone "Foresight1"
							{parameters "Vis;"}
							{Matrix34
								0.0000	-1.0000	0.0000
								1.0000	0.0000	0.0000
								0.0000	0.0000	1.0000
								2.4185	-66.7407	-1.5142
							}
						}
					}
				}
				{bone "Visor"
					{parameters "Vis;"}
					{Matrix34
						0.0000	-1.0000	0.0000
						1.0000	0.0000	0.0000
						0.0000	0.0000	1.0000
						8.4917	-0.5526	11.7054
					}
				}
				{bone "gunner"
					{Matrix34
						-0.3420	-0.9397	-0.0013
						0.9397	-0.3420	0.0001
						-0.0005	-0.0012	1.0000
						6.8716	17.1505	-9.2533
					}
				}
				{bone "charger"
					{Matrix34
						0.5736	-0.8192	-0.0013
						0.8192	0.5736	0.0001
						0.0007	-0.0011	1.0000
						-11.6925	24.7199	-9.2990
					}
				}
			}
			{bone "emit1"
				{Matrix34
					0.9448	-0.3277	0.0000
					0.3277	0.9448	0.0000
					0.0000	0.0000	1.0000
					1.3552	9.2619	-6.3716
				}
				{visibility 0}
			}
			{bone "emit2"
				{Matrix34
					0.2588	0.9659	0.0000
					-0.9659	0.2588	0.0000
					0.0000	0.0000	1.0000
					5.8577	-20.7730	-6.3716
				}
			}
			{bone "emit3"
				{Matrix34
					0.9448	-0.3277	0.0000
					0.3277	0.9448	0.0000
					0.0000	0.0000	1.0000
					-35.3552	20.2619	-6.3716
				}
				{visibility 0}
			}
			{bone "emit4"
				{Matrix34
					0.2588	0.9659	0.0000
					-0.9659	0.2588	0.0000
					0.0000	0.0000	1.0000
					-35.8577	-30.7730	-6.3716
				}
			}
			{bone "driver"
				{Matrix34
					0.9448	-0.3277	0.0000
					0.3277	 0.9448	0.0000
					0.0000	0.0000	1.0000
					-21.3415	17.9416	-6.3716
				}
			}
			{bone "commander"
				{Matrix34
				 	 0.9177	 0.3971	0.0000
					-0.3972	 0.9177	0.0000
					 0.0000	0.0000	1.0000
					-20.162	-18.318	-6.3716
				}
			}
		}
	}
}
{Obstacle "Obstacle3"
	{Obb2
		{Center 3.82164 -0.0489187}
		{Extent 9.0931 21.7398}
		{Axis -1 0}
	}
	{Rotate}
}
{Volume "turret"
	{Polyhedron "turret.vol"}
	{Bone "turret"}
	{Matrix34
		0.0000	-1.0000	0.0000
		0.8516	0.0000	0.0000
		0.0000	0.0000	1.1214
		0.0000	2.7620	3.7188
	}
}
{Volume "gun"
	{Cylinder 1.32623 60.0236}
	{Bone "gun"}
	{Matrix34
		1.0000	0.0000	0.0000
		0.0000	0.0000	1.0000
		0.0000	-1.0000	0.0000
		2.3492	-30.2015	-1.6432
	}
}
{Volume "body2"
	{Cylinder 1.9917 59.1673}
	{Bone "body"}
	{Matrix34
		-0.2690	0.9591	-0.0887
		-0.1249	0.0566	0.9906
		0.9550	0.2774	0.1045
		-8.4178	-21.5867	-0.2443
	}
}
{Volume "body1"
	{Cylinder 1.9917 59.1673}
	{Bone "body"}
	{Matrix34
		-0.2806	-0.9572	-0.0706
		0.1356	0.0334	-0.9902
		0.9502	-0.2874	0.1205
		-9.0484	20.6313	-0.0830
	}
}
{Volume "wheelleft"
	{Cylinder 10.84871 4.80311}
	{Bone "WheelL"}
	{Matrix34
		0.9962	0.0872	0.0000
		0.0872	-0.9962	0.0000
		0.0000	0.0000	-1.0000
		0.0000	0.0000	-0.0280
	}
}
{Volume "wheelright"
	{Cylinder 10.84871 4.80311}
	{Bone "WheelR"}
	{Matrix34
		1.0000	0.0000	0.0000
		0.0000	-1.0000	0.0000
		0.0000	0.0000	-1.0000
		0.0000	0.0000	0.0461
	}
}
