;Exported by: ubrashaev
;Date:        Tue Nov 25 18:45:53 2003
;File:        D:\-Projects-\-work-\3d\model\cannon\M_601\Cannon_105.max
{Skeleton
	{animation
		{sequence "recoil" {speed 0.3}}
	}
	{bone "basis"
		{Orientation
			1.0000	0.0000	0.0000
			0.0000	-1.0000	0.0000
			0.0000	0.0000	1.0000
		}
		{bone revolute "turret"
			{parameters "ID=Turret;"}
			{speed 0.0100}
			{Position 0.1442	0.2318	-0.0225}
			{VolumeView "turret.ply"}
			{bone revolute "Gun_rot"
				{parameters "ID=Turret;"}
				{limits -12.0000 20.0000}
				{speed 0.0100}
				{Matrix34
					1.0000	0.0000	-0.0000
					0.0000	0.0000	1.0000
					0.0000	-1.0000	0.0000
					8.3273	-0.1610	23.6081
				}
				{VolumeView "Gun_rot.ply"}
				{bone "Gun"
					{parameters "ID=Turret;"}
					{Position -9.1055	0.4582	-0.0000}
					{VolumeView "Gun.ply"}
					{bone "Foresight1"
						{Matrix34
							1.0000	0.0000	0.0000
							0.0000	-0.0000	-1.0000
							0.0000	1.0000	-0.0000
							61.0371	0.1168	0.2293
						}
					}
				}
			}
			{bone "Visor"
				{Position -1.3243	-0.2318	32.6384}
			}
			{bone "commander"
				{Matrix34
					0.8192	-0.5736	-0.0011
					0.5736	0.8192	-0.0007
					0.0013	-0.0001	1.0000
					-14.8636	10.9617	-0.3214
				}
			}
			{bone "gunner"
				{Matrix34
					0.7660	0.6428	-0.0010
					-0.6428	0.7660	0.0009
					0.0013	-0.0001	1.0000
					-15.1082	-13.4366	-0.3214
				}
			}
		}
		{bone "emit1"
			{Matrix34
				0.7660	0.6428	0.0000
				-0.6428	0.7660	0.0000
				0.0000	0.0000	1.0000
				-25.0000	-20.0000	0.0000
			}
		}
		{bone "emit2"
			{Matrix34
				0.8192	-0.5736	0.0000
				0.5736	0.8192	0.0000
				0.0000	0.0000	1.0000
				-23.1862	17.6554	0.0000
			}
		}
	}
}
{Volume "turret"
	{Box 31.3345 42.6578 31.3408}
	{Bone "turret"}
	{Position 1.5573	-0.2318	15.6929}
}
{Volume "Gun"
	{Cylinder 2.15755 43.1881}
	{Bone "Gun"}
	{Matrix34
		-0.0000	-1.0000	-0.0000
		-0.0000	0.0000	-1.0000
		1.0000	-0.0000	-0.0000
		39.3160	0.0539	0.2293
	}
}
