{mission
	{Camera
		{Position 334.562 -1586.76}
		{Distance 901}
		{ViewAngle 0.461889}
		{YawAngle -49.5991}
	}
	{Environment "moon_night3"}
	{User 2}
	{GameProgress 0 0}
	{Human "pol.infantry_smg" 0x8000
		{Position 4105.73 4924.91 67.8863}
		{Orientation
			 -0.983461  -0.011872   0.180633
			  0.012093  -0.999846  -0.000016
			  0.180555   0.002175   0.983514
		}
		{DisableObstacles}
		{Player 1}
		{MID 1}
		{NameId 38 61}
		{FsmState "board"}
	}
	{Human "pol.infantry_smg" 0x8001
		{Position 4104.33 4913.7 67.2715}
		{Orientation
			 -0.962123   0.204016   0.180629
			 -0.207359  -0.978202   0.000031
			  0.176735  -0.037447   0.983517
		}
		{DisableObstacles}
		{Player 1}
		{MID 2}
		{NameId 32 12}
		{FsmState "board"}
	}
	{Human "pol.infantry_smg" 0x8002
		{Position 4087.17 4936.51 67.2711}
		{Orientation
			  0.986150  -0.153555   0.063113
			  0.154300   0.987943  -0.008242
			 -0.061091   0.017854   0.997926
		}
		{DisableObstacles}
		{Player 1}
		{MID 3}
		{NameId 40 99}
		{FsmState "board"}
	}
	{Human "pol.infantry_smg" 0x8003
		{Position 4086.31 4926.55 68.2553}
		{Orientation
			  0.981422  -0.065268   0.180558
			  0.066321   0.997799  -0.000002
			 -0.180234   0.012024   0.983543
		}
		{DisableObstacles}
		{Player 1}
		{MID 4}
		{NameId 87 22}
		{FsmState "board"}
	}
	{Human "pol.infantry_smg" 0x8004
		{Position 4108.23 4956.25 67.2706}
		{Orientation
			 -0.983461  -0.011872   0.180633
			  0.012093  -0.999846  -0.000016
			  0.180555   0.002175   0.983514
		}
		{DisableObstacles}
		{Player 1}
		{MID 5}
		{NameId 6 40}
		{FsmState "board"}
	}
	{Human "pol.infantry_smg" 0x8005
		{Position 4106.64 4936.32 67.271}
		{Orientation
			 -0.987091   0.147301   0.063190
			 -0.148158  -0.988887  -0.008167
			  0.061231  -0.017394   0.997895
		}
		{DisableObstacles}
		{Player 1}
		{MID 6}
		{NameId 43 27}
		{FsmState "board"}
	}
	{Human "pol.infantry_mgun" 0x8006
		{Position 4107.44 4946.29 68.2548}
		{Orientation
			 -0.981758   0.059052   0.180572
			 -0.060027  -0.998141   0.000005
			  0.180334  -0.010855   0.983487
		}
		{DisableObstacles}
		{Player 1}
		{MID 7}
		{NameId 51 91}
		{FsmState "board"}
	}
	{Human "pol.infantry_mgun" 0x8007
		{Position 4089.62 4959.11 67.2706}
		{Orientation
			  0.960908  -0.209956   0.180604
			  0.213467   0.976872  -0.000045
			 -0.176435   0.038600   0.983512
		}
		{DisableObstacles}
		{Player 1}
		{MID 8}
		{NameId 11 23}
		{FsmState "board"}
	}
	{Human "pol.infantry_mgun" 0x8008
		{Position 4098.92 4890.85 62.3894}
		{Orientation
			 -0.084544  -0.979825   0.180607
			  0.996298  -0.085965   0.000000
			  0.015526   0.179938   0.983465
		}
		{DisableObstacles}
		{Player 1}
		{MID 9}
		{NameId 52 49}
		{FsmState "board"}
	}
	{Human "pol.infantry_mgun" 0x8009
		{Position 4088.15 4947.91 67.8859}
		{Orientation
			  0.983533   0.005721   0.180599
			 -0.005765   0.999902   0.000026
			 -0.180654  -0.000989   0.983516
		}
		{DisableObstacles}
		{Player 1}
		{MID 10}
		{NameId 68 41}
		{FsmState "board"}
	}
	{Human "pol.tankman" 0x800a
		{Position 4085.45 4916.59 67.2715}
		{Orientation
			  0.983533   0.005721   0.180599
			 -0.005765   0.999902   0.000026
			 -0.180654  -0.000989   0.983516
		}
		{DisableObstacles}
		{Player 1}
		{MID 11}
		{NameId 43 13}
		{FsmState "board"}
	}
	{Entity "gaz-aaa" 0x800b
		{Position 4092.83 4894.36 48}
		{Turn -94.9315}
		{Player 1}
		{MID 12}
	}
	{Human "pol.oficer" 0x9000
		{Position 4087.51 4891.58 62.5679}
		{Turn -94.9315}
		{DisableObstacles}
		{Player 1}
		{MID 13}
		{NameId 24 52}
		{FsmState "board"}
	}
	{Entity "wz-34" 0x9001
		{Position 1856.28 2774.62 0}
		{Turn -150.74}
		{TexMod "5579"}
		{Player 1}
		{MID 14}
	}
	{Human "pol.gunner" 0x9002
		{Position 1856.28 2774.62 0}
		{Orientation
			 -0.872411  -0.488773   0.000000
			 -0.488773   0.872411   0.000000
			  0.000000   0.000000   1.000000
		}
		{Player 1}
		{MID 15}
		{NameId 38 62}
		{FsmState "board"}
	}
	{Human "pol.gunner" 0x800c
		{Position 1856.28 2774.62 0}
		{Orientation
			 -0.872411  -0.488773   0.000000
			 -0.488773   0.872411   0.000000
			  0.000000   0.000000   1.000000
		}
		{Player 1}
		{MID 16}
		{NameId 32 13}
		{FsmState "board"}
	}
	{Entity "wz33_stan" 0x800d
		{Position 1883.64 1263.95 11.7843}
		{Turn -81.3125}
		{Player 1}
		{MID 17}
		
	}
	{Entity "wz33_stan" 0x800e
		{Position 1062.34 1118.27 9.59302}
		{Turn -61.4087}
		{Player 1}
		{MID 18}
		
	}
	{Entity "wz33_stan" 0x800f
		{Position 398.534 1397.13 11.1404}
		{Turn -137.714}
		{Player 1}
		{MID 19}
		
	}
	{Entity "wz33_stan" 0x8010
		{Position 2569.96 2726.3 16.6465}
		{Turn 68.6991}
		{Player 1}
		{MID 20}
		
	}
	{Entity "wz33_stan" 0x8011
		{Position 2015.16 3403.82 0}
		{Turn 68.0226}
		{Player 1}
		{MID 21}
		
	}
	{Entity "wz33_stan" 0x8012
		{Position 2644.67 2577.66 5.47723}
		{Turn -25.8867}
		{Player 1}
		{MID 22}
		
	}
	{Entity "wz33_stan" 0x8013
		{Position 1222.61 2717.15 44}
		{Turn -115.422}
		{Player 1}
		{MID 23}
		
	}
	{Human "pol.infantry_rifle" 0x8014
		{Position 1881.71 1278.07 11.7843}
		{Turn -81.3125}
		{Extender "inventory"
			{box
				{clear}
				{item "wz.98a" filling "ammo rifle" 5 {cell 0 0}}
				{item "ammo rifle" 25 {cell 4 0}}
				{item "bayonet" {cell 7 0}}
			}
		}
		{DisableObstacles}
		{Player 1}
		{MID 24}
		{NameId 38 63}
		{FsmState "board"}
	}
	{Human "pol.infantry_rifle" 0x8015
		{Position 1055.72 1130.89 9.59302}
		{Turn -61.4087}
		{DisableObstacles}
		{Player 1}
		{MID 25}
		{NameId 32 14}
		{FsmState "board"}
	}
	{Human "pol.infantry_rifle" 0x8016
		{Position 409.226 1406.55 11.1404}
		{Turn -137.714}
		{DisableObstacles}
		{Player 1}
		{MID 26}
		{NameId 40 0}
		{FsmState "board"}
	}
	{Human "pol.infantry_rifle" 0x8017
		{Position 1228.93 2729.92 44}
		{Turn -115.422}
		{DisableObstacles}
		{Player 1}
		{MID 27}
		{NameId 87 23}
		{FsmState "board"}
	}
	{Human "pol.infantry_smg" 0x8018
		{Position 2009.62 3390.69 0}
		{Turn 68.0226}
		{DisableObstacles}
		{Player 1}
		{MID 28}
		{NameId 6 41}
		{FsmState "board"}
	}
	{Human "pol.infantry_smg" 0x8019
		{Position 2564.57 2713.11 16.6465}
		{Turn 68.6991}
		{DisableObstacles}
		{Player 1}
		{MID 29}
		{NameId 43 28}
		{FsmState "board"}
	}
	{Human "pol.infantry_smg" 0x801a
		{Position 2631.95 2584.08 5.47723}
		{Turn -25.8867}
		{DisableObstacles}
		{Player 1}
		{MID 30}
		{NameId 51 92}
		{FsmState "board"}
	}
	{Human "pol.recruit" 0x801b
		{Position 1882.73 2431.56 0}
		{Turn 124.695}
		{Extender "inventory"
			{box
				{clear}
				{item "wz.98a" filling "ammo rifle" 5 {cell 0 0}}
				{item "ammo rifle" 20 {cell 4 0}}
				{item "bayonet" {cell 6 0}}
			}
		}
		{Player 1}
		{MID 31}
		{NameId 52 50}
		{FsmState "stand"}
	}
	{Human "pol.recruit" 0x801c
		{Position 1855.53 2475.88 0}
		{Turn -55.3052}
		{Extender "inventory"
			{box
				{clear}
				{item "ammo rifle" 20 {cell 4 0}}
				{item "bayonet" {cell 6 0}}
				{item "wz.98a" filling "ammo rifle" 5 {cell 0 0}}
			}
		}
		{Player 1}
		{MID 32}
		{NameId 68 42}
		{FsmState "stand"}
	}
	{Human "pol.recruit" 0x801d
		{Position 1887.78 2454.57 0}
		{Turn -145.305}
		{Extender "inventory"
			{box
				{clear}
				{item "bayonet" {cell 6 0}}
				{item "flamethrower" filling "ammo fire" 50 {cell 0 0}}
			}
		}
		{Player 1}
		{MID 33}
		{NameId 43 14}
		{FsmState "stand"}
	}
	{Human "pol.infantry_mgun" 0x801e
		{Position 1594.68 2156.35 3.35474}
		{Turn 173.209}
		{Extender "inventory"
			{box
				{clear}
				{item "rkm" filling "ammo mgun" 20 {cell 0 0}}
				{item "ammo mgun" 100 {cell 5 0}}
			}
		}
		{Player 1}
		{MID 34}
		{NameId 24 53}
		{FsmState "stand"}
	}
	{Human "pol.infantry_mgun" 0x801f
		{Position 1573.02 2167.57 3}
		{Extender "inventory"
			{box
				{clear}
				{item "flamethrower" {cell 0 0}}
			}
		}
		{Player 1}
		{MID 35}
		{NameId 49 49}
		{FsmState "stand"}
	}
	{Human "pol.infantry_smg" 0x8020
		{Position -19.7676 3113.58 20.6317}
		{Turn -82.9818}
		{Extender "inventory"
			{box
				{clear}
				{item "ammo pistol" 70 {cell 3 0}}
			}
		}
		{Player 1}
		{MID 36}
		{Weaponry
			{State
				{Mounted "ppsh35"}
				{Weapon
					{Ammo "ammo pistol" 35}
				}
			}
		}
		{NameId 67 26}
		{Cover
			{sector -19.7676 3113.58 {type "snipe_cover"}
				{wall 0 0 -1.29463 3108.8 -47.6766 3103.09}
			}
		}
		{FsmState "snipe"}
	}
	{Human "pol.infantry_smg" 0x8021
		{Position -58.0807 3124.41 19}
		{Turn -127.475}
		{Extender "inventory"
			{box
				{clear}
				{item "ammo pistol" 70 {cell 3 0}}
			}
		}
		{Player 1}
		{MID 37}
		{Weaponry
			{State
				{Mounted "ppsh35"}
				{Weapon
					{Ammo "ammo pistol" 35}
				}
			}
		}
		{NameId 57 66}
		{Cover
			{sector -58.0807 3124.41 {type "snipe_cover"}
				{wall 0 0 -38.5305 3100.6 -75.6144 3129.03}
			}
		}
		{FsmState "snipe"}
	}
	{Human "pol.infantry_rifle" 0x8022
		{Position -515.915 2083.29 42}
		{Turn -85.4249}
		{Extender "inventory"
			{box
				{clear}
				{item "ammo rifle" 25 {cell 4 0}}
				{item "grenade gr31" {cell 5 0}}
				{item "grenade gr31" {cell 6 0}}
				{item "bayonet" {cell 7 0}}
			}
		}
		{Player 1}
		{MID 38}
		{Weaponry
			{State
				{Mounted "wz.98a"}
				{Weapon
					{Ammo "ammo rifle" 5}
				}
			}
		}
		{NameId 70 74}
		{Cover
			{sector -515.915 2083.29 {type "squat_lie"}
				{wall 0 0 -484.999 2078.74 -565.853 2072.27}
			}
		}
		{FsmState "squat"}
	}
	{Human "pol.infantry_rifle" 0x8023
		{Position -534.185 2081.83 43}
		{Turn -85.4249}
		{Extender "inventory"
			{box
				{clear}
				{item "ammo rifle" 25 {cell 4 0}}
				{item "grenade gr31" {cell 5 0}}
				{item "grenade gr31" {cell 6 0}}
				{item "bayonet" {cell 7 0}}
			}
		}
		{Player 1}
		{MID 39}
		{Weaponry
			{State
				{Mounted "wz.98a"}
				{Weapon
					{Ammo "ammo rifle" 5}
				}
			}
		}
		{NameId 62 83}
		{Cover
			{sector -534.185 2081.83 {type "squat_lie"}
				{wall 0 0 -484.999 2078.74 -565.853 2072.27}
			}
		}
		{FsmState "squat"}
	}
	{Human "pol.infantry_rifle" 0x8024
		{Position 2282.79 1553.26 0.528232}
		{Turn -60.1867}
		{Extender "inventory"
			{box
				{clear}
				{item "ammo rifle" 25 {cell 4 0}}
				{item "bayonet" {cell 7 0}}
			}
		}
		{Player 1}
		{MID 40}
		{Weaponry
			{State
				{Mounted "wz.98a"}
				{Weapon
					{Ammo "ammo rifle" 5}
				}
			}
		}
		{NameId 62 53}
		{Cover
			{sector 2282.79 1553.26 {type "squat_lie"}
				{wall 0 0 2317.92 1565.32 2277.38 1542.09}
			}
		}
		{FsmState "squat"}
	}
	{Human "pol.infantry_rifle" 0x8025
		{Position 2314.54 1592.46 3.60155}
		{Turn -15.6808}
		{Extender "inventory"
			{box
				{clear}
				{item "ammo rifle" 25 {cell 4 0}}
				{item "bayonet" {cell 7 0}}
			}
		}
		{Player 1}
		{MID 41}
		{Weaponry
			{State
				{Mounted "wz.98a"}
				{Weapon
					{Ammo "ammo rifle" 5}
				}
			}
		}
		{NameId 42 20}
		{Cover
			{sector 2314.54 1592.46 {type "squat_lie"}
				{wall 0 0 2324.72 1602.84 2312.09 1557.85}
			}
		}
		{FsmState "squat"}
	}
	{Human "pol.infantry_smg" 0x8026
		{Position 2308.12 1569.61 2}
		{Turn -15.6808}
		{Extender "inventory"
			{box
				{clear}
			}
		}
		{Player 1}
		{MID 42}
		{Weaponry
			{State
				{Mounted "flamethrower"}
				{Weapon
					{Ammo "ammo fire" 50}
				}
			}
		}
		{NameId 11 41}
		{Cover
			{sector 2308.12 1569.61 {type "squat_lie"}
				{wall 0 0 2324.72 1602.84 2312.09 1557.85}
			}
		}
		{FsmState "squat"}
	}
	{Entity "telega" 0x8027
		{Position 532.289 3052.18 30.7718}
		{Turn 70.7961}
		{Impregnability}
		{Extender "inventory"
			{box
				{clear}
				{item "morphine" {cell 2 0}}
				{item "grenade rpg40" {cell 2 2}}
				{item 0x9006 "docs" {cell 0 0}}
			}
		}
	}
	{Entity "boxes1" 0x8028
		{Position 635.325 3040.02 35.9821}
		{Extender "inventory"
			{box
				{clear}
				{item "mp40" filling "ammo pistol" 32 {cell 4 0}}
				{item "mp38" filling "ammo pistol" 32 {cell 5 2}}
				{item "mp40" filling "ammo pistol" 32 {cell 0 4}}
				{item "mauzer" filling "ammo rifle" 5 {cell 3 4}}
			}
		}
	}
	{Entity "boxes2" 0x8029
		{Position 609.624 3044.33 34.5446}
		{Extender "inventory"
			{box
				{clear}
				{item "dynamite" {cell 2 0}}
				{item "mine antitank" {cell 4 0}}
				{item "grenade m24x5" {cell 6 0}}
				{item "grenade m24" {cell 2 2}}
				{item "grenade m24" {cell 4 2}}
				{item "grenade m24" {cell 6 2}}
				{item "grenade m24" {cell 2 3}}
				{item "grenade m24" {cell 4 3}}
				{item "grenade m24" {cell 6 3}}
				{item "ammo bazooka" 2 {cell 0 4}}
				{item "ammo mgun" 250 {cell 2 4}}
				{item "ammo pistol" 500 {cell 4 4}}
				{item "bandage" 15 {cell 6 4}}
				{item "mine antipersonnel" 3 {cell 0 5}}
				{item "grenade m18" 3 {cell 2 5}}
				{item "ammo rifle" 100 {cell 3 5}}
				{item "grenade m24" {cell 6 1}}
				{item "grenade m24" {cell 4 5}}
				{item "grenade m24" {cell 6 5}}
			}
		}
	}
	{Entity "gaz-67b" 0x8073
		{Position 4079.16 4726.86 48}
		{Turn -137.259}
		{Player 1}
		{MID 116}
	}
	{Human "pol.infantry_mgun" 0x8075
		{Position 3980.93 4631.29 48}
		{Orientation
			 -0.709878  -0.704324   0.000000
			 -0.704324   0.709878  -0.000000
			 -0.000000   0.000000   1.000000
		}
		{Player 1}
		{MID 118}
		{NameId 38 64}
		{FsmState "board"}
	}
	{Human "pol.infantry_mgun" 0x8076
		{Position 3980.93 4631.29 48}
		{Orientation
			 -0.709878  -0.704324   0.000000
			 -0.704324   0.709878  -0.000000
			 -0.000000   0.000000   1.000000
		}
		{Player 1}
		{MID 119}
		{NameId 32 15}
		{FsmState "board"}
	}
	{Human "pol.infantry_mgun" 0x8078
		{Position 4090.06 4742.57 60.1426}
		{Orientation
			 -0.944479  -0.128405   0.302515
			  0.134675  -0.990900   0.000026
			  0.299756   0.040741   0.953188
		}
		{DisableObstacles}
		{Player 1}
		{MID 121}
		{NameId 87 24}
		{FsmState "board"}
	}
	{Human "pol.infantry_mgun" 0x8079
		{Position 4088.33 4726.39 57.2735}
		{Orientation
			 -0.984666  -0.035116   0.170660
			  0.063922  -0.984029   0.166391
			  0.162104   0.174671   0.971131
		}
		{DisableObstacles}
		{Player 1}
		{MID 122}
		{NameId 6 42}
		{FsmState "board"}
	}
	{Human "pol.heavy_grenadier" 0x807a
		{Position 4077.72 4734.59 57.6378}
		{Orientation
			  0.672940  -0.739115  -0.027596
			  0.709353   0.655577  -0.258846
			  0.209362   0.154620   0.965518
		}
		{DisableObstacles}
		{Player 1}
		{MID 123}
		{NameId 43 29}
		{FsmState "board"}
	}
	{Human "pol.heavy_grenadier" 0x807b
		{Position 4096.58 4735.52 60.1424}
		{Orientation
			 -0.952119  -0.045583   0.302503
			  0.047807  -0.998859  -0.000038
			  0.302119   0.014462   0.953181
		}
		{DisableObstacles}
		{Player 1}
		{MID 124}
		{NameId 51 93}
		{FsmState "board"}
	}
	{Entity "7tp" 0x807c
		{Position 768.889 5182.95 91.6555}
		{Turn -112.4}
		{Player 1}
		{MID 125}
	}
	{Entity "h35_pl" 0x807d
		{Position 791.097 5041.85 58.1375}
		{Orientation
			  0.074940  -0.944846  -0.318826
			  0.996137   0.085604  -0.019546
			  0.045760  -0.316130   0.947612
		}
		{Player 1}
		{MID 126}
	}
	{Entity "7tpw" 0x807e
		{Position -1727.25 4251.07 9}
		{Player 1}
		{MID 127}
		
	}
	{Entity "7tpw" 0x807f
		{Position -1618.33 4340.15 9}
		{Player 1}
		{MID 128}
		
	}
	{Entity "h35_pl" 0x8080
		{Position -1873.79 4320.11 9}
		{Player 1}
		{MID 129}
		
	}
	{Entity "wz-34" 0x8081
		{Position -1459.06 4300.17 8}
		{Turn -8.49452}
		{TexMod "5509"}
		{Player 1}
		{MID 130}
	}
	{Entity "gaz-aaa" 0x8082
		{Position -1247.99 4338.86 0}
		{Turn -36.4504}
		{Player 1}
		{MID 131}
		
	}
	{Human "pol.infantry_smg" 0x8083
		{Position -1258.47 4358.77 19.2715}
		{Orientation
			 -0.676895  -0.713524   0.180629
			  0.725483  -0.688150   0.000031
			  0.124316   0.131084   0.983517
		}
		{Extender "inventory"
			{box
				{clear}
				{item "ppsh35" filling "ammo pistol" 35 {cell 0 0}}
				{item "ammo pistol" 70 {cell 3 0}}
			}
		}
		{DisableObstacles}
		{Player 1}
		{MID 132}
		{NameId 11 24}
		{FsmState "board"}
	}
	{Human "pol.infantry_smg" 0x8084
		{Position -1284.62 4378.46 20.2548}
		{Orientation
			 -0.563583  -0.806046   0.180572
			  0.819502  -0.572979   0.000005
			  0.103529   0.148055   0.983487
		}
		{DisableObstacles}
		{Player 1}
		{MID 133}
		{NameId 52 51}
		{FsmState "board"}
	}
	{Human "pol.infantry_smg" 0x8085
		{Position -1267.29 4365.82 19.8863}
		{Orientation
			 -0.504013  -0.844576   0.180633
			  0.858659  -0.512390  -0.000016
			  0.092536   0.155055   0.983514
		}
		{Extender "inventory"
			{box
				{clear}
				{item "ppsh35" filling "ammo pistol" 35 {cell 0 0}}
				{item "ammo pistol" 70 {cell 3 0}}
			}
		}
		{DisableObstacles}
		{Player 1}
		{MID 134}
		{NameId 68 43}
		{FsmState "board"}
	}
	{Human "pol.infantry_smg" 0x8086
		{Position -1304.86 4369.98 19.2706}
		{Orientation
			  0.681324   0.709383   0.180604
			 -0.721156   0.692662  -0.000045
			 -0.125141  -0.130226   0.983512
		}
		{Extender "inventory"
			{box
				{clear}
				{item "ppsh35" filling "ammo pistol" 35 {cell 0 0}}
				{item "ammo pistol" 70 {cell 3 0}}
			}
		}
		{DisableObstacles}
		{Player 1}
		{MID 135}
		{NameId 43 15}
		{FsmState "board"}
	}
	{Human "pol.infantry_smg" 0x8087
		{Position -1278.84 4350.13 20.2553}
		{Orientation
			  0.568706   0.802510   0.180558
			 -0.815920   0.578166  -0.000002
			 -0.104473  -0.147357   0.983543
		}
		{Extender "inventory"
			{box
				{clear}
				{item "ppsh35" filling "ammo pistol" 35 {cell 0 0}}
				{item "ammo pistol" 70 {cell 3 0}}
			}
		}
		{DisableObstacles}
		{Player 1}
		{MID 136}
		{NameId 24 54}
		{FsmState "board"}
	}
	{Human "pol.infantry_smg" 0x8088
		{Position -1270.8 4344.19 19.2715}
		{Orientation
			  0.509294   0.841421   0.180599
			 -0.855398   0.517814   0.000026
			 -0.093599  -0.154518   0.983516
		}
		{DisableObstacles}
		{Player 1}
		{MID 137}
		{NameId 49 50}
		{FsmState "board"}
	}
	{Human "pol.infantry_smg" 0x8089
		{Position -1248.4 4332.87 14.5679}
		{Turn -36.4504}
		{DisableObstacles}
		{Player 1}
		{MID 138}
		{NameId 67 27}
		{FsmState "board"}
	}
	{Human "pol.infantry_smg" 0x808a
		{Position -1292.7 4384.34 19.2706}
		{Orientation
			 -0.504013  -0.844576   0.180633
			  0.858659  -0.512390  -0.000016
			  0.092536   0.155055   0.983514
		}
		{Extender "inventory"
			{box
				{clear}
				{item "ppsh35" filling "ammo pistol" 35 {cell 0 0}}
				{item "ammo pistol" 70 {cell 3 0}}
			}
		}
		{DisableObstacles}
		{Player 1}
		{MID 139}
		{NameId 57 67}
		{FsmState "board"}
	}
	{Human "pol.infantry_smg" 0x808b
		{Position -1241.81 4342.22 14.3894}
		{Orientation
			  0.791071  -0.584303   0.180607
			  0.594127   0.804371   0.000000
			 -0.145275   0.107303   0.983465
		}
		{Extender "inventory"
			{box
				{clear}
				{item "ppsh35" filling "ammo pistol" 35 {cell 0 0}}
				{item "ammo pistol" 70 {cell 3 0}}
			}
		}
		{DisableObstacles}
		{Player 1}
		{MID 140}
		{NameId 70 75}
		{FsmState "board"}
	}
	{Human "pol.infantry_smg" 0x808c
		{Position -1286.88 4356.07 19.2711}
		{Orientation
			  0.646440   0.760386   0.063113
			 -0.761525   0.648012  -0.008242
			 -0.047157  -0.042745   0.997926
		}
		{Extender "inventory"
			{box
				{clear}
				{item "ppsh35" filling "ammo pistol" 35 {cell 0 0}}
				{item "ammo pistol" 70 {cell 3 0}}
			}
		}
		{DisableObstacles}
		{Player 1}
		{MID 141}
		{NameId 62 84}
		{FsmState "board"}
	}
	{Human "pol.infantry_smg" 0x808d
		{Position -1296.09 4362.87 19.8859}
		{Orientation
			  0.509294   0.841421   0.180599
			 -0.855398   0.517814   0.000026
			 -0.093599  -0.154518   0.983516
		}
		{Extender "inventory"
			{box
				{clear}
				{item "ppsh35" filling "ammo pistol" 35 {cell 0 0}}
				{item "ammo pistol" 70 {cell 3 0}}
			}
		}
		{DisableObstacles}
		{Player 1}
		{MID 142}
		{NameId 62 54}
		{FsmState "board"}
	}
	{Human "pol.infantry_smg" 0x808e
		{Position -1276.54 4372.57 19.271}
		{Orientation
			 -0.641601  -0.764458   0.063190
			  0.765541  -0.643270  -0.008167
			  0.046839   0.043104   0.997895
		}
		{Extender "inventory"
			{box
				{clear}
				{item "ppsh35" filling "ammo pistol" 35 {cell 0 0}}
				{item "ammo pistol" 70 {cell 3 0}}
			}
		}
		{DisableObstacles}
		{Player 1}
		{MID 143}
		{NameId 42 21}
		{FsmState "board"}
	}
	{Human "pol.tankman" 0x808f
		{Position -1873.79 4320.11 9}
		{Orientation
			  1.000000   0.000000   0.000000
			  0.000000  -1.000000   0.000000
			  0.000000   0.000000   1.000000
		}
		{Player 1}
		{MID 144}
		{NameId 11 42}
		{FsmState "board"}
	}
	{Human "pol.tankman" 0x8090
		{Position -1873.79 4320.11 9}
		{Orientation
			  1.000000   0.000000   0.000000
			  0.000000  -1.000000   0.000000
			  0.000000   0.000000   1.000000
		}
		{Player 1}
		{MID 145}
		{NameId 79 1}
		{FsmState "board"}
	}
	{Human "pol.infantry_rifle" 0x8091
		{Position -1896.36 4306.46 25.5459}
		{Orientation
			  0.000400  -0.995400   0.095800
			  1.000000   0.000000  -0.004600
			  0.004600   0.095800   0.995400
		}
		{DisableObstacles}
		{Player 1}
		{MID 146}
		{NameId 92 29}
		{FsmState "board"}
	}
	{Human "pol.infantry_rifle" 0x8092
		{Position -1900.93 4335.87 25.5459}
		{Orientation
			  0.000000   0.992500   0.122000
			 -1.000000   0.000000   0.000100
			  0.000100  -0.122000   0.992500
		}
		{DisableObstacles}
		{Player 1}
		{MID 147}
		{NameId 85 81}
		{FsmState "board"}
	}
	{Human "pol.gunner" 0x8093
		{Position -1618.33 4340.15 9}
		{Orientation
			  1.000000   0.000000   0.000000
			  0.000000  -1.000000   0.000000
			  0.000000   0.000000   1.000000
		}
		{Player 1}
		{MID 148}
		{NameId 40 78}
		{FsmState "board"}
	}
	{Human "pol.gunner" 0x8094
		{Position -1727.25 4251.07 9}
		{Orientation
			  1.000000   0.000000   0.000000
			  0.000000  -1.000000   0.000000
			  0.000000   0.000000   1.000000
		}
		{Player 1}
		{MID 149}
		{NameId 70 99}
		{FsmState "board"}
	}
	{Human "pol.infantry_smg" 0x8095
		{Position -1662.92 4359.96 24.6466}
		{Orientation
			  0.048100   0.987400   0.150700
			 -0.984500   0.021300   0.174300
			  0.168900  -0.156800   0.973100
		}
		{DisableObstacles}
		{Player 1}
		{MID 150}
		{NameId 81 16}
		{FsmState "board"}
	}
	{Human "pol.infantry_smg" 0x8096
		{Position -1757.84 4270.88 26.0374}
		{Orientation
			  0.048100   0.987400   0.150700
			 -0.984500   0.021300   0.174300
			  0.168900  -0.156800   0.973100
		}
		{DisableObstacles}
		{Player 1}
		{MID 151}
		{NameId 92 16}
		{FsmState "board"}
	}
	{Human "pol.tankman" 0x8097
		{Position -1727.25 4251.07 9}
		{Orientation
			  1.000000   0.000000   0.000000
			  0.000000  -1.000000   0.000000
			  0.000000   0.000000   1.000000
		}
		{Player 1}
		{MID 152}
		{NameId 51 89}
		{FsmState "board"}
	}
	{Human "pol.tankman" 0x8098
		{Position -1727.25 4251.07 9}
		{Orientation
			  1.000000   0.000000   0.000000
			  0.000000  -1.000000   0.000000
			  0.000000   0.000000   1.000000
		}
		{Player 1}
		{MID 153}
		{NameId 3 94}
		{FsmState "board"}
	}
	{Human "pol.tankman" 0x8099
		{Position -1618.33 4340.15 9}
		{Orientation
			  1.000000   0.000000   0.000000
			  0.000000  -1.000000   0.000000
			  0.000000   0.000000   1.000000
		}
		{Player 1}
		{MID 154}
		{NameId 47 98}
		{FsmState "board"}
	}
	{Human "pol.tankman" 0x809a
		{Position -1618.33 4340.15 9}
		{Orientation
			  1.000000   0.000000   0.000000
			  0.000000  -1.000000   0.000000
			  0.000000   0.000000   1.000000
		}
		{Player 1}
		{MID 155}
		{NameId 57 7}
		{FsmState "board"}
	}
	{Human "pol.infantry_mgun" 0x809b
		{Position -1459.06 4300.17 8}
		{Orientation
			  0.989030  -0.147715   0.000000
			 -0.147715  -0.989030   0.000000
			  0.000000   0.000000   1.000000
		}
		{Player 1}
		{MID 156}
		{NameId 48 74}
		{FsmState "board"}
	}
	{Human "pol.infantry_mgun" 0x809c
		{Position -1459.06 4300.17 8}
		{Orientation
			  0.989030  -0.147715   0.000000
			 -0.147715  -0.989030   0.000000
			  0.000000   0.000000   1.000000
		}
		{Player 1}
		{MID 157}
		{NameId 16 1}
		{FsmState "board"}
	}
	{Human "pol.tankman" 0x809e
		{Position 791.097 5041.85 58.1375}
		{Orientation
			  0.074940  -0.944846  -0.318826
			 -0.996137  -0.085604   0.019546
			  0.045760  -0.316130   0.947612
		}
		{Player 1}
		{MID 159}
		{NameId 48 89}
		{FsmState "board"}
	}
	{Human "pol.tankman" 0x809f
		{Position 791.097 5041.85 58.1375}
		{Orientation
			  0.074940  -0.944846  -0.318826
			 -0.996137  -0.085604   0.019546
			  0.045760  -0.316130   0.947612
		}
		{Player 1}
		{MID 160}
		{NameId 74 96}
		{FsmState "board"}
	}
	{Human "pol.tankman" 0x80a0
		{Position 768.889 5182.95 91.6555}
		{Orientation
			 -0.380482  -0.923120  -0.055526
			 -0.921818   0.373768   0.102704
			  0.074054  -0.090262   0.993161
		}
		{Player 1}
		{MID 161}
		{NameId 4 57}
		{FsmState "board"}
	}
	{Human "pol.tankman" 0x80a1
		{Position 768.889 5182.95 91.6555}
		{Orientation
			 -0.380482  -0.923120  -0.055526
			 -0.921818   0.373768   0.102704
			  0.074054  -0.090262   0.993161
		}
		{Player 1}
		{MID 162}
		{NameId 39 70}
		{FsmState "board"}
	}
	{Human "pol.infantry_rifle" 0x80a2
		{Position 805.515 5063.61 82.1616}
		{Orientation
			  0.994249   0.046394   0.096209
			 -0.074935   0.944814   0.318921
			 -0.076104  -0.324297   0.942858
		}
		{DisableObstacles}
		{Player 1}
		{MID 163}
		{NameId 60 7}
		{FsmState "board"}
	}
	{Human "pol.infantry_rifle" 0x80a3
		{Position 776.569 5056.78 81.2802}
		{Orientation
			 -0.987141  -0.115873   0.110110
			  0.074730  -0.943392  -0.323185
			  0.141324  -0.310821   0.939914
		}
		{DisableObstacles}
		{Player 1}
		{MID 164}
		{NameId 24 37}
		{FsmState "board"}
	}
	{Human "pol.infantry_rifle" 0x80a4
		{Position 767.174 5219.94 114.313}
		{Orientation
			 -0.728118   0.605432   0.321466
			 -0.659821  -0.746036  -0.089488
			  0.185590  -0.277273   0.942676
		}
		{DisableObstacles}
		{Player 1}
		{MID 165}
		{NameId 61 12}
		{FsmState "board"}
	}
	{Human "pol.infantry_rifle" 0x80a5
		{Position 801.89 5206.94 107.636}
		{Orientation
			  0.903062  -0.427063   0.045589
			  0.407127   0.885117   0.225585
			 -0.136742  -0.185142   0.973171
		}
		{DisableObstacles}
		{Player 1}
		{MID 166}
		{NameId 32 16}
		{FsmState "board"}
	}
	{Human "pol.tankman" 0x80a6
		{Position 768.889 5182.95 91.6555}
		{Orientation
			 -0.380482  -0.923120  -0.055526
			 -0.921818   0.373768   0.102704
			  0.074054  -0.090262   0.993161
		}
		{Player 1}
		{MID 167}
		{NameId 34 76}
		{FsmState "board"}
	}
	{Human "pol.infantry_rifle" 0x80a7
		{Position 801.955 4883.66 52.8053}
		{Orientation
			  0.056859  -0.994357   0.089566
			 -0.992497  -0.046569   0.113055
			  0.108246   0.095322   0.989544
		}
		{Player 1}
		{MID 168}
		{NameId 24 98}
		{FsmState "board"}
	}
	{Human "pol.infantry_rifle" 0x80aa
		{Position 1942.28 2304.71 51.884}
		{Turn -142.431}
		{Extender "inventory"
			{box
				{clear}
				{item "ammo rifle" 25 {cell 4 0}}
				{item "grenade gr31" {cell 5 0}}
				{item "grenade gr31" {cell 6 0}}
				{item "bayonet" {cell 7 0}}
			}
		}
		{DisableObstacles}
		{Player 1}
		{MID 171}
		{Weaponry
			{State
				{Mounted "wz.98a"}
				{Weapon
					{Ammo "ammo rifle" 5}
				}
			}
		}
		{NameId 71 31}
		{Cover
			{sector 1942.28 2304.71 {type "snipe_cover"}
				{wall 0 0 1942.83 2292.52 1930.64 2308.37}
			}
		}
		{FsmState "snipe"}
	}
	{Human "pol.infantry_rifle" 0x80ab
		{Position 1997.19 2232.95 51.884}
		{Turn -142.431}
		{Extender "inventory"
			{box
				{clear}
				{item "ammo rifle" 25 {cell 4 0}}
				{item "grenade gr31" {cell 5 0}}
				{item "grenade gr31" {cell 6 0}}
				{item "bayonet" {cell 7 0}}
			}
		}
		{DisableObstacles}
		{Player 1}
		{MID 172}
		{Weaponry
			{State
				{Mounted "wz.98a"}
				{Weapon
					{Ammo "ammo rifle" 5}
				}
			}
		}
		{NameId 39 32}
		{Cover
			{sector 1997.19 2232.95 {type "squat_lie"}
				{wall 0 0 1997.74 2220.76 1985.54 2236.61}
			}
		}
		{FsmState "squat"}
	}
	{Human "pol.infantry_mgun" 0x80ac
		{Position 1971.9 2266.21 51.884}
		{Turn -142.431}
		{Extender "inventory"
			{box
				{clear}
				{item "ammo mgun" 100 {cell 5 0}}
				{item "grenade gr31" {cell 7 0}}
			}
		}
		{DisableObstacles}
		{Player 1}
		{MID 173}
		{Weaponry
			{State
				{Mounted "rkm"}
				{Weapon
					{Ammo "ammo mgun" 20}
				}
			}
		}
		{NameId 4 67}
		{Cover
			{sector 1971.9 2266.21 {type "squat_lie"}
				{wall 0 0 1972.45 2254.02 1960.25 2269.87}
			}
		}
		{FsmState "squat"}
	}
	{Human "pol.infantry_mgun" 0x80ad
		{Position 1997.19 2232.95 0.0124}
		{Turn -142.431}
		{Extender "inventory"
			{box
				{clear}
				{item "ammo mgun" 100 {cell 5 0}}
				{item "grenade gr31" {cell 7 0}}
			}
		}
		{DisableObstacles}
		{Player 1}
		{MID 174}
		{Weaponry
			{State
				{Mounted "rkm"}
				{Weapon
					{Ammo "ammo mgun" 20}
				}
			}
		}
		{NameId 0 81}
		{Cover
			{sector 1997.19 2232.95 {type "snipe_cover"}
				{wall 0 0 1997.74 2220.76 1985.54 2236.61}
			}
		}
		{FsmState "snipe"}
	}
	{Human "pol.infantry_mgun" 0x80ae
		{Position 1942.28 2304.71 0.0124}
		{Turn -142.431}
		{Extender "inventory"
			{box
				{clear}
				{item "ammo mgun" 100 {cell 5 0}}
				{item "grenade gr31" {cell 7 0}}
			}
		}
		{DisableObstacles}
		{Player 1}
		{MID 175}
		{Weaponry
			{State
				{Mounted "rkm"}
				{Weapon
					{Ammo "ammo mgun" 20}
				}
			}
		}
		{NameId 33 90}
		{Cover
			{sector 1942.28 2304.71 {type "snipe_cover"}
				{wall 0 0 1942.83 2292.52 1930.64 2308.37}
			}
		}
		{FsmState "snipe"}
	}
	{Human "pol.infantry_rifle" 0x9003
		{Position 1997.1 2346.82 51.884}
		{Turn 37.5688}
		{Extender "inventory"
			{box
				{clear}
				{item "ammo rifle" 25 {cell 4 0}}
				{item "grenade gr31" {cell 5 0}}
				{item "grenade gr31" {cell 6 0}}
				{item "bayonet" {cell 7 0}}
			}
		}
		{DisableObstacles}
		{Player 1}
		{MID 176}
		{Weaponry
			{State
				{Mounted "wz.98a"}
				{Weapon
					{Ammo "ammo rifle" 5}
				}
			}
		}
		{NameId 19 20}
		{Cover
			{sector 1997.1 2346.82 {type "squat_lie"}
				{wall 0 0 1996.55 2359.02 2008.74 2343.16}
			}
		}
		{FsmState "squat"}
	}
	{Human "pol.infantry_mgun" 0x80af
		{Position 2022.52 2314.12 51.884}
		{Turn 37.5688}
		{Extender "inventory"
			{box
				{clear}
				{item "ammo mgun" 100 {cell 5 0}}
				{item "grenade gr31" {cell 7 0}}
			}
		}
		{DisableObstacles}
		{Player 1}
		{MID 177}
		{Weaponry
			{State
				{Mounted "rkm"}
				{Weapon
					{Ammo "ammo mgun" 20}
				}
			}
		}
		{NameId 88 48}
		{Cover
			{sector 2022.52 2314.12 {type "squat_lie"}
				{wall 0 0 2021.97 2326.31 2034.17 2310.46}
			}
		}
		{FsmState "squat"}
	}
	{Human "pol.grenadier" 0x80b0
		{Position 1997.1 2346.82 0.0124}
		{Turn 37.5688}
		{Extender "inventory"
			{box
				{clear}
				{item "ammo pistol" 70 {cell 3 0}}
			}
		}
		{DisableObstacles}
		{Player 1}
		{MID 178}
		{Weaponry
			{State
				{Mounted "ppsh35"}
				{Weapon
					{Ammo "ammo pistol" 35}
				}
			}
		}
		{NameId 86 27}
		{Cover
			{sector 1997.1 2346.82 {type "snipe_cover"}
				{wall 0 0 1996.55 2359.02 2008.74 2343.16}
			}
		}
		{FsmState "snipe"}
	}
	{Human "pol.infantry_smg" 0x80b1
		{Position 2052.36 2275.33 0.0124}
		{Turn 37.5688}
		{Extender "inventory"
			{box
				{clear}
				{item "ammo pistol" 70 {cell 3 0}}
				{item "grenade gr31" {cell 5 0}}
			}
		}
		{DisableObstacles}
		{Player 1}
		{MID 179}
		{Weaponry
			{State
				{Mounted "ppsh35"}
				{Weapon
					{Ammo "ammo pistol" 35}
				}
			}
		}
		{NameId 69 74}
		{Cover
			{sector 2052.36 2275.33 {type "snipe_cover"}
				{wall 0 0 2051.81 2287.52 2064.01 2271.67}
			}
		}
		{FsmState "snipe"}
	}
	{Human "pol.infantry_smg" 0x80b2
		{Position 2052.36 2275.33 51.884}
		{Turn 37.5688}
		{Extender "inventory"
			{box
				{clear}
				{item "ammo pistol" 70 {cell 3 0}}
			}
		}
		{DisableObstacles}
		{Player 1}
		{MID 180}
		{Weaponry
			{State
				{Mounted "ppsh35"}
				{Weapon
					{Ammo "ammo pistol" 35}
				}
			}
		}
		{NameId 31 60}
		{Cover
			{sector 2052.36 2275.33 {type "snipe_cover"}
				{wall 0 0 2051.81 2287.52 2064.01 2271.67}
			}
		}
		{FsmState "snipe"}
	}
	{Human "pol.infantry_smg" 0x80b3
		{Position 2022.52 2314.12 0.0124}
		{Turn 37.5688}
		{Extender "inventory"
			{box
				{clear}
				{item "ammo pistol" 70 {cell 3 0}}
				{item "grenade gr31" {cell 5 0}}
			}
		}
		{DisableObstacles}
		{Player 1}
		{MID 181}
		{Weaponry
			{State
				{Mounted "ppsh35"}
				{Weapon
					{Ammo "ammo pistol" 35}
				}
			}
		}
		{NameId 5 39}
		{Cover
			{sector 2022.52 2314.12 {type "snipe_cover"}
				{wall 0 0 2021.97 2326.31 2034.17 2310.46}
			}
		}
		{FsmState "snipe"}
	}
	{Human "pol.heavy_grenadier" 0x80b4
		{Position 2286.41 2414.45 65.0115}
		{Turn -141.339}
		{Extender "inventory"
			{box
				{clear}
				{item "ammo ptr" 5 {cell 0 2}}
				{item "vis" filling "ammo pistol" 8 {cell 2 2}}
				{item "ammo pistol" 24 {cell 4 2}}
			}
		}
		{DisableObstacles}
		{Player 1}
		{MID 182}
		{Weaponry
			{State
				{Mounted "ptrd"}
				{Weapon
					{Ammo "ammo ptr" 1}
				}
			}
		}
		{NameId 34 47}
		{Cover
			{sector 2286.41 2414.45 {type "squat_lie"}
				{wall 0 0 2287.19 2402.27 2274.7 2417.89}
			}
		}
		{FsmState "squat"}
	}
	{Human "pol.infantry_smg" 0x80b5
		{Position 1696.28 3192.19 35.3618}
		{Turn -110.989}
		{Player 1}
		{MID 183}
		{NameId 15 64}
		{FsmState "stand"}
	}
	{Human "pol.infantry_rifle" 0x80b6
		{Position 1685.02 3170.76 33.1479}
		{Turn 67.8259}
		{Player 1}
		{MID 184}
		{NameId 44 39}
		{FsmState "stand"}
	}
	{Human "pol.infantry_rifle" 0x80b7
		{Position 2297.07 2328.8 14.7173}
		{Turn -7.69534}
		{Player 1}
		{MID 185}
		{NameId 40 8}
		{FsmState "stand"}
	}
	{Human "pol.infantry_rifle" 0x80b8
		{Position 2324.54 2332.5 15.8606}
		{Turn -158.835}
		{Extender "inventory"
			{box
				{clear}
				{item "grenade 50mm_mine" {cell 0 0}}
				{item "grenade 50mm_mine" {cell 2 0}}
				{item "grenade 50mm_mine" {cell 4 0}}
				{item "weapon mortar_50mm" filling "grenade 50mm_mine" {cell 6 0}}
			}
		}
		{Player 1}
		{MID 186}
		{NameId 42 91}
		{FsmState "stand"}
	}
	{Human "pol.infantry_rifle" 0x80b9
		{Position 2361.36 2508.68 1.12177}
		{Turn 12.0064}
		{Player 1}
		{MID 187}
		{NameId 46 75}
		{FsmState "stand"}
	}
	{Human "pol.infantry_rifle" 0x80ba
		{Position 2349.23 2507.28 1.26172}
		{Turn -69.4171}
		{Extender "inventory"
			{box
				{clear}
				{item "wz.98a" filling "ammo rifle" 5 {cell 0 0}}
				{item "ammo rifle" 25 {cell 4 0}}
				{item "bayonet" {cell 7 0}}
			}
		}
		{Player 1}
		{MID 188}
		{NameId 19 0}
		{FsmState "stand"}
	}
	{Human "pol.infantry_rifle" 0x80bb
		{Position 2335.35 2513.01 0.688782}
		{Turn -150.293}
		{Extender "inventory"
			{box
				{clear}
				{item "wz.98a" filling "ammo rifle" 5 {cell 0 0}}
				{item "ammo rifle" 25 {cell 4 0}}
				{item "bayonet" {cell 7 0}}
			}
		}
		{Player 1}
		{MID 189}
		{NameId 59 41}
		{FsmState "stand"}
	}
	{Human "pol.infantry_rifle" 0x80bc
		{Position 2338.43 2528.12 0}
		{Extender "inventory"
			{box
				{clear}
				{item "wz.98a" filling "ammo rifle" 5 {cell 0 0}}
				{item "ammo rifle" 25 {cell 4 0}}
				{item "bayonet" {cell 7 0}}
			}
		}
		{Player 1}
		{MID 190}
		{NameId 76 90}
		{FsmState "stand"}
	}
	{Human "pol.infantry_rifle" 0x80bd
		{Position 2312.6 2545.32 -1.334}
		{Extender "inventory"
			{box
				{clear}
				{item "wz.98a" filling "ammo rifle" 5 {cell 0 0}}
				{item "ammo rifle" 25 {cell 4 0}}
				{item "bayonet" {cell 7 0}}
			}
		}
		{Player 1}
		{MID 191}
		{NameId 87 31}
		{FsmState "stand"}
	}
	{Human "pol.infantry_rifle" 0x80be
		{Position 2312.97 2558.95 -1}
		{Turn -2.87668}
		{Player 1}
		{MID 192}
		{NameId 54 92}
		{FsmState "stand"}
	}
	{Human "pol.infantry_rifle" 0x80bf
		{Position 2294.08 2567.1 -1}
		{Turn 160.651}
		{Extender "inventory"
			{box
				{clear}
				{item "wz.98a" filling "ammo rifle" 5 {cell 0 0}}
				{item "ammo rifle" 25 {cell 4 0}}
				{item "bayonet" {cell 7 0}}
			}
		}
		{Player 1}
		{MID 193}
		{NameId 28 27}
		{FsmState "stand"}
	}
	{Human "pol.infantry_rifle" 0x80c0
		{Position 2379.96 2474.66 3.52374}
		{Extender "inventory"
			{box
				{clear}
				{item "wz.98a" filling "ammo rifle" 5 {cell 0 0}}
				{item "ammo rifle" 25 {cell 4 0}}
				{item "bayonet" {cell 7 0}}
			}
		}
		{Player 1}
		{MID 194}
		{NameId 14 96}
		{FsmState "stand"}
	}
	{Human "pol.infantry_rifle" 0x80c1
		{Position 2383.88 2492.75 1.71475}
		{Player 1}
		{MID 195}
		{NameId 31 57}
		{FsmState "stand"}
	}
	{Human "pol.infantry_rifle" 0x80c2
		{Position 2368.61 2491.34 2.85577}
		{Extender "inventory"
			{box
				{clear}
				{item "wz.98a" filling "ammo rifle" 5 {cell 0 0}}
				{item "ammo rifle" 25 {cell 4 0}}
				{item "bayonet" {cell 7 0}}
			}
		}
		{Player 1}
		{MID 196}
		{NameId 22 13}
		{FsmState "stand"}
	}
	{Human "pol.infantry_rifle" 0x80c3
		{Position 2325.49 2525.06 0}
		{Player 1}
		{MID 197}
		{NameId 72 97}
		{FsmState "stand"}
	}
	{Human "pol.infantry_rifle" 0x80c4
		{Position 2321.74 2536.89 -0.699219}
		{Extender "inventory"
			{box
				{clear}
				{item "wz.98a" filling "ammo rifle" 5 {cell 0 0}}
				{item "ammo rifle" 25 {cell 4 0}}
				{item "bayonet" {cell 7 0}}
			}
		}
		{Player 1}
		{MID 198}
		{NameId 74 22}
		{FsmState "stand"}
	}
	{Human "pol.infantry_rifle" 0x80c5
		{Position 2023.94 3017.78 0}
		{Extender "inventory"
			{box
				{clear}
				{item "wz.98a" filling "ammo rifle" 5 {cell 0 0}}
				{item "ammo rifle" 25 {cell 4 0}}
				{item "bayonet" {cell 7 0}}
			}
		}
		{Player 1}
		{MID 199}
		{NameId 20 70}
		{FsmState "stand"}
	}
	{Human "pol.infantry_rifle" 0x80c6
		{Position 2032.77 3025.99 0}
		{Player 1}
		{MID 200}
		{NameId 86 43}
		{FsmState "stand"}
	}
	{Human "pol.infantry_rifle" 0x80c7
		{Position 2043.15 3034.68 0}
		{Extender "inventory"
			{box
				{clear}
				{item "wz.98a" filling "ammo rifle" 5 {cell 0 0}}
				{item "ammo rifle" 25 {cell 4 0}}
				{item "bayonet" {cell 7 0}}
			}
		}
		{Player 1}
		{MID 201}
		{NameId 21 92}
		{FsmState "stand"}
	}
	{Human "pol.infantry_rifle" 0x80c8
		{Position 2019.32 3056.63 0}
		{Player 1}
		{MID 202}
		{NameId 1 92}
		{FsmState "stand"}
	}
	{Human "pol.infantry_rifle" 0x80c9
		{Position 2006.89 3052.36 0}
		{Player 1}
		{MID 203}
		{NameId 70 32}
		{FsmState "stand"}
	}
	{Human "pol.infantry_rifle" 0x80ca
		{Position 1996.36 3045.14 0}
		{Extender "inventory"
			{box
				{clear}
				{item "wz.98a" filling "ammo rifle" 5 {cell 0 0}}
				{item "ammo rifle" 25 {cell 4 0}}
				{item "bayonet" {cell 7 0}}
			}
		}
		{Player 1}
		{MID 204}
		{NameId 65 39}
		{FsmState "stand"}
	}
	{Human "pol.infantry_rifle" 0x80cb
		{Position 1976.18 3056.81 0}
		{Turn -112.219}
		{Extender "inventory"
			{box
				{clear}
				{item "wz.98a" filling "ammo rifle" 5 {cell 0 0}}
				{item "ammo rifle" 25 {cell 4 0}}
				{item "bayonet" {cell 7 0}}
			}
		}
		{Player 1}
		{MID 205}
		{NameId 60 20}
		{FsmState "stand"}
	}
	{Human "pol.infantry_rifle" 0x80cc
		{Position 1978.89 3074.3 0}
		{Turn 157.239}
		{Extender "inventory"
			{box
				{clear}
				{item "wz.98a" filling "ammo rifle" 5 {cell 0 0}}
				{item "ammo rifle" 25 {cell 4 0}}
				{item "bayonet" {cell 7 0}}
			}
		}
		{Player 1}
		{MID 206}
		{NameId 35 98}
		{FsmState "stand"}
	}
	{Human "pol.infantry_rifle" 0x80cd
		{Position 1995.26 3082.02 0}
		{Turn 87.6303}
		{Extender "inventory"
			{box
				{clear}
				{item "wz.98a" filling "ammo rifle" 5 {cell 0 0}}
				{item "ammo rifle" 25 {cell 4 0}}
				{item "bayonet" {cell 7 0}}
			}
		}
		{Player 1}
		{MID 207}
		{NameId 75 76}
		{FsmState "stand"}
	}
	{Human "pol.infantry_rifle" 0x80ce
		{Position 1983.04 3098.67 0}
		{Extender "inventory"
			{box
				{clear}
				{item "wz.98a" filling "ammo rifle" 5 {cell 0 0}}
				{item "ammo rifle" 25 {cell 4 0}}
				{item "bayonet" {cell 7 0}}
			}
		}
		{Player 1}
		{MID 208}
		{NameId 65 38}
		{FsmState "stand"}
	}
	{Human "pol.infantry_rifle" 0x80cf
		{Position 1967.7 3087.71 0}
		{Extender "inventory"
			{box
				{clear}
				{item "wz.98a" filling "ammo rifle" 5 {cell 0 0}}
				{item "ammo rifle" 25 {cell 4 0}}
				{item "bayonet" {cell 7 0}}
			}
		}
		{Player 1}
		{MID 209}
		{NameId 36 88}
		{FsmState "stand"}
	}
	{Human "pol.infantry_rifle" 0x80d0
		{Position 1955.5 3077.77 0}
		{Turn 83.2425}
		{Player 1}
		{MID 210}
		{NameId 3 7}
		{FsmState "stand"}
	}
	{Human "pol.infantry_rifle" 0x80d1
		{Position -1663.08 4320.42 24.6466}
		{Orientation
			 -0.299700  -0.930500   0.210700
			  0.944700  -0.320200  -0.070400
			  0.133000   0.177900   0.975000
		}
		{DisableObstacles}
		{Player 1}
		{MID 211}
		{NameId 43 56}
