{mission
	{Camera
		{Position 3930.36 -2546.14}
		{Distance 1250}
		{ViewAngle 0.381642}
		{YawAngle -3.51416}
	}
	{Environment "main-rus2"}
	{User 1}
	{GameProgress 0 0}
	{Entity "bt-7" 0x8000
		{Position 1261.05 -1069.56 197}
		{Turn -68.1986}
		{Player 2}
		{MID 1}
		
		{Weaponry
			{State "mgun"
				{Mounted "weapon dt"}
			}
		}
	}
	{Entity "su-85" 0x80a6
		{Position -672.656 2575.89 197}
		{Turn -74.2168}
		{Player 2}
		{MID 152}
		
	}
	{Human "rus.tankman" 0x80a5
		{Position -672.656 2575.89 197}
		{Orientation
			  0.271998  -0.962298  -0.000000
			 -0.962298  -0.271998   0.000000
			  0.000000   0.000000   1.000000
		}
		{Player 2}
		{MID 156}
		{NameId 6 40}
		{FsmState "board"}
	}
	{Human "rus.tankman" 0x80a4
		{Position -672.656 2575.89 197}
		{Orientation
			  0.271998  -0.962298  -0.000000
			 -0.962298  -0.271998   0.000000
			  0.000000   0.000000   1.000000
		}
		{Player 2}
		{MID 155}
		{NameId 43 27}
		{FsmState "board"}
	}
	{Human "rus.tankman" 0x80a3
		{Position -672.656 2575.89 197}
		{Orientation
			  0.271998  -0.962298  -0.000000
			 -0.962298  -0.271998   0.000000
			  0.000000   0.000000   1.000000
		}
		{Player 2}
		{MID 154}
		{NameId 51 91}
		{FsmState "board"}
	}
	{Human "rus.tank_com" 0x80a2
		{Position -672.656 2575.89 197}
		{Orientation
			  0.271998  -0.962298  -0.000000
			 -0.962298  -0.271998   0.000000
			  0.000000   0.000000   1.000000
		}
		{Player 2}
		{MID 153}
		{NameId 11 23}
		{FsmState "board"}
	}
	{Human "rus.infantry_smg" 0x80a0
		{Position 1526.5 2010.04 197}
		{Turn 171.254}
		{DisableObstacles}
		{Player 2}
		{MID 151}
		{NameId 52 49}
		{FsmState "board"}
	}
	{Human "rus.infantry_smg" 0x809f
		{Position 3106.68 2124.72 197}
		{Turn -57.3781}
		{Player 2}
		{MID 150}
		{NameId 68 41}
		{FsmState "stand"}
	}
	{Human "rus.infantry_rifle" 0x809e
		{Position 3038.57 2018.83 197}
		{Turn -122.213}
		{Player 2}
		{MID 149}
		{NameId 43 13}
		{FsmState "stand"}
	}
	{Human "rus.tank_com" 0x809c
		{Position 2323.73 3053.93 197}
		{Orientation
			  0.490262  -0.871575   0.000000
			 -0.871575  -0.490262   0.000000
			  0.000000   0.000000   1.000000
		}
		{Player 2}
		{MID 147}
		{NameId 49 49}
		{LastItem "ppsh35"}
		{FsmState "board"}
	}
	{Human "rus.infantry_smg" 0x809b
		{Position -835.621 -1145.39 197.602}
		{Orientation
			  0.001764  -1.000002  -0.000000
			  0.999370   0.001779  -0.034700
			  0.034702   0.000110   0.999400
		}
		{DisableObstacles}
		{Player 2}
		{MID 146}
		{NameId 32 25}
		{FsmState "board"}
	}
	{Human "rus.tankman" 0x809a
		{Position 2323.73 3053.93 197}
		{Orientation
			  0.490262  -0.871575   0.000000
			 -0.871575  -0.490262   0.000000
			  0.000000   0.000000   1.000000
		}
		{Player 2}
		{MID 145}
		{NameId 57 66}
		{FsmState "board"}
	}
	{Human "rus.tankman" 0x8099
		{Position 2323.73 3053.93 197}
		{Orientation
			  0.490262  -0.871575   0.000000
			 -0.871575  -0.490262   0.000000
			  0.000000   0.000000   1.000000
		}
		{Player 2}
		{MID 144}
		{NameId 70 74}
		{FsmState "board"}
	}
	{Entity "t-26" 0x8080
		{Position 2323.73 3053.93 197}
		{Turn -60.6422}
		{Player 2}
		{MID 120}
		
		{Weaponry
			{State "mgun"
				{Mounted "weapon dt"}
			}
		}
	}
	{Human "rus.infantry_smg" 0x8098
		{Position -172.526 5489.68 225.033}
		{Orientation
			  0.668906   0.728950   0.145900
			 -0.724252   0.683221  -0.093000
			 -0.167423  -0.043458   0.984900
		}
		{DisableObstacles}
		{Player 2}
		{MID 143}
		{NameId 62 83}
		{FsmState "board"}
	}
	{Human "rus.infantry_smg" 0x8097
		{Position -588.171 -1121.15 197}
		{Turn -72.8973}
		{Extender "inventory"
			{box
				{clear}
				{item "ammo pistol" 100 {cell 4 0}}
				{item "grenade f1" {cell 6 0}}
				{item "ppsh" filling "ammo pistol" 71 {cell 0 0}}
			}
		}
		{Player 2}
		{MID 142}
		{NameId 62 53}
		{FsmState "lie"}
	}
	{Human "rus.infantry_smg" 0x8096
		{Position 2611.45 -541.171 197}
		{Player 2}
		{MID 141}
		{NameId 42 20}
		{FsmState "stand"}
	}
	{Human "rus.infantry_mgun" 0x8085
		{Position 3241.97 -1417.4 196.72}
		{Turn -61.6992}
		{Player 2}
		{MID 124}
		{NameId 11 41}
		{FsmState "stand"}
	}
	{Human "rus.tankman" 0x804f
		{Position 1261.05 -1069.56 197}
		{Orientation
			  0.371390  -0.928477   0.000000
			 -0.928477  -0.371390  -0.000000
			 -0.000000  -0.000000   1.000000
		}
		{Player 2}
		{MID 71}
		{NameId 32 12}
		{FsmState "board"}
	}
	{Human "rus.infantry_rifle" 0x804e
		{Position -800.845 -1173.4 204.602}
		{Orientation
			  0.001764  -1.000002  -0.000000
			  0.999370   0.001779  -0.034700
			  0.034702   0.000110   0.999400
		}
		{DisableObstacles}
		{Player 2}
		{MID 70}
		{NameId 38 75}
		{FsmState "board"}
	}
	{Human "rus.tankman" 0x804d
		{Position 1261.05 -1069.56 197}
		{Orientation
			  0.371390  -0.928477   0.000000
			 -0.928477  -0.371390  -0.000000
			 -0.000000  -0.000000   1.000000
		}
		{Player 2}
		{MID 69}
		{NameId 40 99}
		{FsmState "board"}
	}
	{Human "rus.tankman" 0x804a
		{Position 1261.05 -1069.56 197}
		{Orientation
			  0.371390  -0.928477   0.000000
			 -0.928477  -0.371390  -0.000000
			 -0.000000  -0.000000   1.000000
		}
		{Player 2}
		{MID 66}
		{NameId 38 61}
		{FsmState "board"}
	}
	{Human "rus.tankman" 0x8004
		{Position 585.494 -1572.91 197}
		{Orientation
			  0.400819  -0.916157  -0.000000
			 -0.916157  -0.400819   0.000000
			  0.000000  -0.000000   1.000000
		}
		{Player 2}
		{MID 5}
		{NameId 79 1}
		{FsmState "board"}
	}
	{Human "rus.tankman" 0x8003
		{Position 585.494 -1572.91 197}
		{Orientation
			  0.400819  -0.916157  -0.000000
			 -0.916157  -0.400819   0.000000
			  0.000000  -0.000000   1.000000
		}
		{Player 2}
		{MID 4}
		{NameId 92 29}
		{FsmState "board"}
	}
	{Human "rus.tankman" 0x8002
		{Position 585.494 -1572.91 197}
		{Orientation
			  0.400819  -0.916157  -0.000000
			 -0.916157  -0.400819   0.000000
			  0.000000  -0.000000   1.000000
		}
		{Player 2}
		{MID 3}
		{NameId 85 81}
		{FsmState "board"}
	}
	{Human "rus.tankman" 0x8001
		{Position 585.494 -1572.91 197}
		{Orientation
			  0.400819  -0.916157  -0.000000
			 -0.916157  -0.400819   0.000000
			  0.000000  -0.000000   1.000000
		}
		{Player 2}
		{MID 2}
		{NameId 40 78}
		{FsmState "board"}
	}
	{Human "rus.infantry_smg" 0x8095
		{Position 1201.65 -847.524 197}
		{Turn -84.2894}
		{Player 2}
		{MID 140}
		{NameId 92 16}
		{FsmState "stand"}
	}
	{Human "rus.infantry_rifle" 0x8094
		{Position 1135.58 -842.931 197}
		{Turn -84.2894}
		{Player 2}
		{MID 139}
		{NameId 51 89}
		{FsmState "stand"}
	}
	{Human "ger.friedrich" 0x8093
		{Position 4354.41 -3012.61 209.287}
		{Turn 137.726}
		{Extender "inventory"
			{box
				{clear}
				{item "ammo mgun" 50 {cell 6 0}}
				{item "ammo mgun" 100 {cell 6 1}}
				{item "grenade m24" {cell 6 2}}
				{item "mg13" filling "ammo mgun" 25 {cell 0 0}}
			}
			{armor "head"
				{Item "helmet1_ger"}
			}
			{armor "body"
				{Item "rifle-ammo-holder2"}
			}
		}
		{DisableObstacles}
		{Player 1}
		{MID 138}
		
		{NameId 100 50}
		{FsmState "board"}
	}
	{Human "ger.karl" 0x8092
		{Position 4339.86 -2994.05 202.183}
		{Orientation
			 -0.670604   0.609647   0.422600
			 -0.672677  -0.739937   0.000000
			  0.312697  -0.284273   0.906300
		}
		{Extender "inventory"
			{box
				{clear}
				{item "ammo pistol" 96 {cell 3 0}}
				{item "grenade m39" {cell 5 0}}
				{item "grenade m39" {cell 6 0}}
				{item "grenade smoke" {cell 7 0}}
				{item "mp38" filling "ammo pistol" 32 {cell 0 0}}
			}
			{armor "head"
				{Item "tank_cap2_ger"}
			}
			{armor "body"
				{Item "mp-ammo-holder"}
			}
		}
		{DisableObstacles}
		{Player 1}
		{MID 137}
		{NameId 126 137}
		{FsmState "board"}
	}
	{Human "ger.franz" 0x808d
		{Position 4331.46 -3003.29 202.183}
		{Orientation
			 -0.670604   0.609647   0.422600
			 -0.672677  -0.739937   0.000000
			  0.312697  -0.284273   0.906300
		}
		{Extender "inventory"
			{box
				{clear}
				{item "ammo pistol" 96 {cell 3 0}}
				{item "grenade m39" {cell 5 0}}
				{item "grenade m39" {cell 6 0}}
				{item "grenade m39" {cell 7 0}}
				{item "grenade m24x5" {cell 3 1}}
				{item "grenade smoke" {cell 5 1}}
				{item "mp40" filling "ammo pistol" 32 {cell 0 0}}
			}
			{armor "head"
				{Item "helmet1_ger"}
			}
			{armor "body"
				{Item "mp-ammo-holder"}
			}
		}
		{DisableObstacles}
		{Player 1}
		{MID 132}
		
		{NameId 123 101}
		{LastItem "mp40"}
		{FsmState "board"}
	}
	{Human "ger.hans" 0x808c
		{Position 4353.57 -3017.88 203.36}
		{Orientation
			  0.646456   0.718230   0.257500
			 -0.743165   0.669125  -0.000500
			 -0.172622  -0.191072   0.966300
		}
		{Extender "inventory"
			{box
				{clear}
				{item "grenade m24x5" {cell 5 0}}
				{item "grenade smoke" {cell 5 1}}
				{item "grenade m39" {cell 7 0}}
				{item "ammo rifle" 40 {cell 4 0}}
				{item "grenade m24" {cell 6 1}}
				{item "g43" filling "ammo rifle" 10 {cell 0 0}}
			}
			{armor "head"
				{Item "helmet1_ger"}
			}
			{armor "body"
				{Item "rifle-ammo-holder"}
			}
		}
		{DisableObstacles}
		{Player 1}
		{MID 131}
		
		{NameId 132 114}
		{LastItem "g43"}
		{FsmState "board"}
	}
	{Human "ger.otto2" 0x8090
		{Position 4212.51 -2873.4 197}
		{Orientation
			 -0.664370   0.747404   0.000000
			  0.747404   0.664370  -0.000000
			  0.000000   0.000000   1.000000
		}
		{Extender "inventory"
			{box
				{clear}
				{item "ammo pistol" 64 {cell 6 1}}
				{item "grenade m39" {cell 5 0}}
				{item "grenade smoke" {cell 5 1}}
				{item "grenade m24x5" {cell 6 2}}
				{item "ammo pistol" 64 {cell 6 0}}
				{item "mp41" filling "ammo pistol" 32 {cell 2 0}}
			}
			{armor "head"
				{Item "tank_cap2_ger"}
			}
			{armor "body"
				{Item "mp-ammo-holder"}
			}
		}
		{Player 1}
		{MID 135}
		{NameId 100 51}
		{LastItem "mp41"}
		{FsmState "board"}
	}
	{Human "ger.albert" 0x808f
		{Position 4345.68 -3010.78 203.355}
		{Orientation
			  0.646456   0.718230   0.257500
			 -0.743165   0.669125  -0.000500
			 -0.172622  -0.191072   0.966300
		}
		{Extender "inventory"
			{box
				{clear}
				{item "weapon panzerpatrone" filling "ammo panzerfaust" {cell 0 3}}
				{item "ammo pistol" 96 {cell 3 0}}
				{item "grenade m39" {cell 5 0}}
				{item "grenade m39" {cell 6 0}}
				{item "grenade m39" {cell 7 0}}
				{item "mp40" filling "ammo pistol" 32 {cell 0 0}}
			}
			{armor "head"
				{Item "helmet1_ger"}
			}
			{armor "body"
				{Item "mp-ammo-holder"}
			}
		}
		{DisableObstacles}
		{Player 1}
		{MID 134}
		
		{NameId 9 53}
		{LastItem "mp40"}
		{FsmState "board"}
	}
	{Entity "sdkfz250_3" 0x808e
		{Position 4339.59 -3002.44 197}
		{Turn 137.726}
		{TexMod "ambush1"}
		{Extender "inventory"
			{box
				{clear}
				{item "bullet37 fg" 5 {cell 0 1}}
				{item "bullet37 ap" 24 {cell 0 0}}
				{item "mine antitank" 2 {cell 3 0}}
				{item "mine antipersonnel" 4 {cell 0 2}}
			}
		}
		{Player 1}
		{MID 133}
		{Chassis
			{FuelBag
				{Remain 39}
			}
		}
	}
	{Human "ger.crewtank" 0x808a
		{Position 4212.51 -2873.4 197}
		{Orientation
			 -0.664370   0.747404   0.000000
			  0.747404   0.664370  -0.000000
			  0.000000   0.000000   1.000000
		}
		{Extender "inventory"
			{box
				{clear}
				{item "ammo pistol" 32 {cell 0 0}}
				{item "luger" filling "ammo pistol" 8 {cell 2 0}}
				{item "grenade smoke" {cell 6 0}}
				{item "grenade m39" {cell 7 0}}
			}
		}
		{Player 1}
		{MID 129}
		{NameId 66 129}
		{LastItem "luger"}
		{FsmState "board"}
	}
	{Human "ger.crewtank" 0x8089
		{Position 4212.51 -2873.4 197}
		{Orientation
			 -0.664370   0.747404   0.000000
			  0.747404   0.664370  -0.000000
			  0.000000   0.000000   1.000000
		}
		{TexMod "2"}
		{Extender "inventory"
			{box
				{clear}
				{item "ammo pistol" 24 {cell 0 0}}
				{item "valter" filling "ammo pistol" 8 {cell 2 0}}
			}
		}
		{Player 1}
		{MID 128}
		
		{NameId 25 112}
		{LastItem "valter"}
		{FsmState "board"}
	}
	{Human "ger.crewtank" 0x8088
		{Position 4212.51 -2873.4 197}
		{Orientation
			 -0.664370   0.747404   0.000000
			  0.747404   0.664370  -0.000000
			  0.000000   0.000000   1.000000
		}
		{TexMod "2"}
		{Extender "inventory"
			{box
				{clear}
				{item "ammo pistol" 24 {cell 0 0}}
				{item "valter" filling "ammo pistol" 8 {cell 2 0}}
			}
		}
		{Player 1}
		{MID 127}
		
		{NameId 62 116}
		{LastItem "valter"}
		{FsmState "board"}
	}
	{Human "x.r.automatic_rifle" 0x8087
		{Position 2622.42 -466.14 197}
		{Turn -42.1422}
		{Extender "inventory"
			{box
				{clear}
				{item "ammo rifle" 50 {cell 4 0}}
				{item "grenade f1" {cell 5 0}}
				{item "grenade f1" {cell 6 0}}
				{item "grenade rpg40" {cell 4 1}}
				{item "grenade smoke" {cell 7 0}}
				{item "bandage" 5 {cell 6 1}}
				{item "svtautomatic" filling "ammo rifle" 10 {cell 0 0}}
			}
		}
		{Player 2}
		{MID 126}
		{NameId 43 18}
		{LastItem "mp40"}
		{FsmState "stand"}
	}
	{Entity "pz-3g" 0x8086
		{Position 4212.51 -2873.4 197}
		{Turn 131.634}
		{TexMod "ambush1"}
		{Extender "inventory"
			{box
				{clear}
				{item "bullet50 fg" 3 {cell 0 1}}
				{item "bullet50 ap" 27 {cell 0 0}}
				{item "ammo mgun" 200 {cell 3 0}}
			}
		}
		{Player 1}
		{MID 125}
		{Chassis
			{FuelBag
				{Remain 42}
			}
		}
	}
	{Human "rus.infantry_rifle" 0x8083
		{Position 15.4034 752.621 197}
		{Turn -59.5345}
		{Player 2}
		{MID 109}
		{NameId 34 76}
		{FsmState "squat"}
	}
	{Human "rus.infantry_smg" 0x8075
		{Position 3242.42 -1435.57 196.675}
		{Turn 60.2551}
		{Extender "inventory"
			{box
				{clear}
				{item "ammo pistol" 71 {cell 0 0}}
				{item "ppsh" filling "ammo pistol" 71 {cell 4 0}}
				{item "grenade f1" {cell 0 1}}
				{item "grenade rpg40" {cell 0 2}}
			}
		}
		{Player 2}
		{MID 108}
		{NameId 24 98}
		{FsmState "stand"}
	}
	{Human "rus.infantry_rifle" 0x8074
		{Position 3251.53 -1450.55 195.764}
		{Turn 60.2551}
		{Extender "inventory"
			{box
				{clear}
				{item "mosin" filling "ammo rifle" 5 {cell 0 0}}
				{item "ammo rifle" 10 {cell 4 0}}
				{item "ammo rifle" 10 {cell 5 0}}
				{item "bandage" 2 {cell 6 0}}
				{item "grenade f1" {cell 4 1}}
				{item "grenade rpg40" {cell 5 1}}
			}
		}
		{Player 2}
		{MID 107}
		{NameId 72 80}
		{FsmState "stand"}
	}
	{Entity "mp40" 0x8073
		{Position 3260.06 -1221.08 192}
		{Turn 165.964}
	}
	{Human "ger.rifleman" 0x8072
		{Position 3168.6 -1376.3 197}
		{Turn 165.964}
		{Extender "vitality"
			{Dead}
			{Health
				{Max 0}
				{Current 0}
			}
			{Energy 0.01}
		}
		{Extender "inventory"
			{box
				{clear}
				{item "ammo rifle" 10 {cell 0 0}}
				{item "mauzer" filling "ammo rifle" 5 {cell 3 0}}
				{item "grenade m39" {cell 0 1}}
			}
		}
		{DisableObstacles}
		{Player 1}
		{MID 106}
		
		{NameId 66 11}
		{FsmState "dead"}
	}
	{Human "ger.infantry_smg" 0x8071
		{Position 3248 -1234.66 192.338}
		{Turn 126.745}
		{Extender "vitality"
			{Dead}
			{Health
				{Max 0}
				{Current 0}
			}
			{Energy 0.01}
		}
		{Extender "inventory"
			{box
				{clear}
				{item "ammo pistol" 64 {cell 0 0}}
				{item "grenade m24" {cell 6 0}}
			}
		}
		{DisableObstacles}
		{Player 1}
		{MID 105}
		
		{NameId 83 49}
		{FsmState "dead"}
	}
	{Entity "sdkfz7" 0x8082
		{Position 3234.92 -1321.81 196.406}
		{Turn 11.4795}
		{TexMod "destroy"}
		{Extender "inventory"
			{box
				{clear}
				{item "grenade m24x5" 2 {cell 0 0}}
				{item "grenade smoke" 5 {cell 2 0}}
				{item "grenade m24" 5 {cell 2 2}}
			}
		}
		{Player 1}
		{MID 122}
		
		{Chassis
			{FuelBag
				{Remain 0}
			}
		}
	}
	{Human "rus.infantry_rifle" 0x8081
		{Position 1000.93 2895.94 197}
		{Turn -113.962}
		{Player 2}
		{MID 121}
		{NameId 39 32}
		{FsmState "stand"}
	}
	{Entity "zis-5" 0x807f
		{Position 2121.1 2784.82 197}
		{Turn 163.61}
		{Extender "inventory"
			{box
				{clear}
				{item "bullet76 ap" 4 {cell 0 0}}
				{item "bullet76 fg" 3 {cell 0 1}}
			}
		}
		{Player 2}
		{MID 119}
		{Chassis
			{FuelBag
				{Remain 20}
			}
		}
	}
	{Human "rus.infantry_mgun" 0x807e
		{Position -288.772 -882.123 197}
		{Turn -72.8973}
		{Extender "inventory"
			{box
				{clear}
				{item "ammo mgun" 100 {cell 0 0}}
				{item "ammo mgun" 100 {cell 2 0}}
				{item "grenade f1" {cell 4 0}}
				{item "weapon dp" filling "ammo mgun" 47 {cell 0 1}}
			}
			{armor "body"
				{Item "shoulder_equip"}
			}
		}
		{Player 2}
		{MID 118}
		{NameId 4 67}
		{FsmState "stand"}
	}
	{Human "rus.infantry_rifle" 0x807d
		{Position 2155.79 2925.02 197}
		{Turn -72.8973}
		{Extender "inventory"
			{box
				{clear}
				{item "mosin" filling "ammo rifle" 5 {cell 0 0}}
				{item "ammo rifle" 10 {cell 4 0}}
				{item "ammo rifle" 10 {cell 5 0}}
				{item "bandage" 2 {cell 6 0}}
				{item "grenade rpg40" {cell 0 2}}
			}
		}
		{Player 2}
		{MID 117}
		{NameId 0 81}
		{FsmState "stand"}
	}
	{Human "rus.infantry_smg" 0x8076
		{Position 2148.79 2943.72 197}
		{Turn -72.8973}
		{Player 2}
		{MID 110}
		{NameId 33 90}
		{FsmState "stand"}
	}
	{Human "rus.infantry_smg" 0x807c
		{Position -806.947 -1136.57 197.602}
		{Orientation
			  0.001764  -1.000002  -0.000000
			  0.999370   0.001779  -0.034700
			  0.034702   0.000110   0.999400
		}
		{DisableObstacles}
		{Player 2}
		{MID 116}
		{NameId 19 20}
		{FsmState "board"}
	}
	{Human "rus.infantry_rifle" 0x807b
		{Position -819.961 -1179.28 204.602}
		{Turn -47.8981}
		{DisableObstacles}
		{Player 2}
		{MID 115}
		{NameId 88 48}
		{FsmState "board"}
	}
	{Entity "zis-3" 0x807a
		{Position -803.785 -1194.55 197}
		{Turn -72.8973}
		{Player 2}
		{MID 114}
		{Weaponry
			{State
				{Weapon
					{Ammo "bullet76 fg" 1}
				}
			}
		}
	}
	{Human "rus.infantry_rifle" 0x8079
		{Position 2477.22 2642.94 204.602}
		{Turn -47.8981}
		{DisableObstacles}
		{Player 2}
		{MID 113}
		{NameId 86 27}
		{FsmState "board"}
	}
	{Human "rus.infantry_smg" 0x8078
		{Position 2490.24 2685.65 197.602}
		{Orientation
			  0.001764  -1.000002  -0.000000
			  0.999370   0.001779  -0.034700
			  0.034702   0.000110   0.999400
		}
		{DisableObstacles}
		{Player 2}
		{MID 112}
		{NameId 69 74}
		{FsmState "board"}
	}
	{Entity "zis-3" 0x8077
		{Position 2493.4 2627.67 197}
		{Turn -72.8973}
		{Player 2}
		{MID 111}
		{Weaponry
			{State
				{Weapon
					{Ammo "bullet76 fg" 1}
				}
			}
		}
	}
	{Human "rus.infantry_rifle" 0x8070
		{Position 2727.54 2783.73 204.602}
		{Turn -43.9633}
		{DisableObstacles}
		{Player 2}
		{MID 104}
		{NameId 31 60}
		{FsmState "board"}
	}
	{Human "rus.infantry_rifle" 0x806f
		{Position 2737.6 2827.24 197.602}
		{Orientation
			  0.070381  -0.997524  -0.000000
			  0.996892   0.070352  -0.034700
			  0.034613   0.002491   0.999400
		}
		{DisableObstacles}
		{Player 2}
		{MID 103}
		{NameId 5 39}
		{FsmState "board"}
	}
	{Entity "zis-3" 0x806e
		{Position 2744.73 2769.61 197}
		{Turn -68.9625}
		{Player 2}
		{MID 102}
		{Weaponry
			{State
				{Weapon
					{Ammo "bullet76 fg" 1}
				}
			}
		}
	}
	{Human "rus.infantry_rifle" 0x806d
		{Position 2431.2 2879.67 197}
		{Turn -68.9625}
		{Player 2}
		{MID 101}
		{NameId 34 47}
		{FsmState "stand"}
	}
	{Human "rus.infantry_rifle" 0x806c
		{Position 2380.38 2541.9 197}
		{Turn -72.646}
		{Player 2}
		{MID 100}
		{NameId 15 64}
		{FsmState "stand"}
	}
	{Human "rus.infantry_mgun" 0x806b
		{Position 2614.58 2619.15 197}
		{Turn -68.9625}
		{Player 2}
		{MID 99}
		{NameId 44 39}
		{FsmState "stand"}
	}
	{Human "rus.tankman" 0x806a
		{Position 2987.28 2895.82 197}
		{Orientation
			  0.739940  -0.672673  -0.000000
			 -0.672673  -0.739940   0.000000
			  0.000000   0.000000   1.000000
		}
		{Player 2}
		{MID 98}
		{NameId 40 8}
		{FsmState "board"}
	}
	{Human "rus.tankman" 0x8069
		{Position 2987.28 2895.82 197}
		{Orientation
			  0.739940  -0.672673  -0.000000
			 -0.672673  -0.739940   0.000000
			  0.000000   0.000000   1.000000
		}
		{Player 2}
		{MID 97}
		{NameId 42 91}
		{FsmState "board"}
	}
	{Entity "ba-20m" 0x8068
		{Position 2987.28 2895.82 197}
		{Turn -42.2737}
		{Player 2}
		{MID 96}
		
		{Weaponry
			{State
				{Mounted "weapon dt"}
			}
		}
		{Chassis
			{FuelBag
				{Remain 44}
			}
		}
	}
	{Human "rus.infantry_smg" 0x8067
		{Position 544.394 1972.83 197}
		{Turn -73.3008}
		{Extender "inventory"
			{box
				{clear}
				{item "ammo pistol" 71 {cell 0 0}}
				{item "ppsh" filling "ammo pistol" 71 {cell 4 0}}
				{item "grenade f1" {cell 0 1}}
				{item "grenade f1" {cell 1 1}}
				{item "grenade rpg40" {cell 0 2}}
			}
		}
		{Player 2}
		{MID 95}
		{NameId 46 75}
		{FsmState "stand"}
	}
	{Human "rus.infantry_rifle" 0x8066
		{Position 541.536 1953.84 197}
		{Turn 37.5686}
		{Player 2}
		{MID 94}
		{NameId 19 0}
		{FsmState "stand"}
	}
	{Human "rus.infantry_rifle" 0x8065
		{Position 976.5 619.497 197}
		{Turn 9.18581}
		{Player 2}
		{MID 93}
		{NameId 59 41}
		{FsmState "stand"}
	}
	{Human "rus.infantry_rifle" 0x8064
		{Position 1942.06 -658.247 197}
		{Turn 37.5686}
		{Player 2}
		{MID 92}
		{NameId 76 90}
		{FsmState "stand"}
	}
	{Human "rus.infantry_smg" 0x8063
		{Position 1875.42 -676.748 197}
		{Turn -149.036}
		{Extender "inventory"
			{box
				{clear}
				{item "ammo pistol" 100 {cell 0 0}}
				{item "ppsh" filling "ammo pistol" 71 {cell 4 0}}
				{item "grenade f1" {cell 0 1}}
				{item "grenade f1" {cell 1 1}}
				{item "bandage" 2 {cell 2 1}}
				{item "grenade rpg40" {cell 0 2}}
			}
		}
		{Player 2}
		{MID 91}
		{NameId 87 31}
		{FsmState "stand"}
	}
	{Human "rus.infantry_mgun" 0x8062
		{Position 2350.44 136.945 197}
		{Turn 169.695}
		{Player 2}
		{MID 90}
		{NameId 54 92}
		{FsmState "stand"}
	}
	{Human "rus.infantry_rifle" 0x8061
		{Position 2336.52 121.774 197}
		{Turn 122.471}
		{Player 2}
		{MID 89}
		{NameId 28 27}
		{FsmState "stand"}
	}
	{Human "rus.infantry_rifle" 0x8060
		{Position 2315.63 123.801 197}
		{Turn 50.1944}
		{Player 2}
		{MID 88}
		{NameId 14 96}
		{FsmState "stand"}
	}
	{Entity "degtyarev_stan" 0x8044
		{Position 1512.45 2012.43 197}
		{Turn 171.254}
		{Player 2}
		{MID 60}
	}
	{Human "x.r.automatic_rifle" 0x8007
		{Position 680.847 -1381.1 197}
		{Extender "inventory"
			{box
				{clear}
				{item "ammo rifle" 50 {cell 4 0}}
				{item "grenade f1" {cell 5 0}}
				{item "grenade f1" {cell 6 0}}
				{item "grenade rpg40" {cell 4 1}}
				{item "grenade smoke" {cell 7 0}}
				{item "bandage" 5 {cell 6 1}}
				{item "svtautomatic" filling "ammo rifle" 10 {cell 0 0}}
			}
		}
		{Player 2}
		{MID 8}
		{NameId 38 74}
		{FsmState "stand"}
	}
	{Entity "zis-5" 0x805e
		{Position 2144.79 626.606 197}
		{Extender "inventory"
			{box
				{clear}
				{item "barrel" filling "fuel" 75 {cell 0 0}}
				{item "barrel" filling "fuel" 75 {cell 2 0}}
				{item "barrel" filling "fuel" 75 {cell 4 0}}
			}
		}
		{Player 2}
		{MID 86}
		{Chassis
			{FuelBag
				{Remain 35}
			}
		}
	}
	{Entity "tradevan" 0x805f
		{Position 1525.08 833.035 197}
		{Turn -70.5007}
		{Volume "link1"
			{Able {visible 0}{bullet 0}{obstacle 0}{contact 0}{contact_ground 0}{blast 0}{select 0}{touch 1}}
		}
		{Volume "link2"
			{Able {visible 0}{bullet 0}{overlap 1}{obstacle 0}{contact 0}{contact_ground 0}{blast 0}{select 0}{touch 1}}
		}
		{Player 2}
		{MID 87}
		{Chassis
			{Links 84}
		}
	}
	{Entity "tradevan" 0x805d
		{Position 1662.19 449.133 197}
		{Turn -70.3459}
		{Volume "link1"
			{Able {visible 0}{bullet 0}{obstacle 0}{contact 0}{contact_ground 0}{blast 0}{select 0}{touch 1}}
		}
		{Volume "link2"
			{Able {visible 0}{bullet 0}{obstacle 0}{contact 0}{contact_ground 0}{blast 0}{select 0}{touch 1}}
		}
		{Player 2}
		{MID 85}
		{Chassis
			{Links 83 84}
		}
	}
	{Entity "tradevan_explosive" 0x805c
		{Position 1593.67 640.666 197}
		{Turn -70.346}
		{Volume "link1"
			{Able {visible 0}{bullet 0}{obstacle 0}{contact 0}{contact_ground 0}{blast 0}{select 0}{touch 1}}
		}
		{Volume "link2"
			{Able {visible 0}{bullet 0}{obstacle 0}{contact 0}{contact_ground 0}{blast 0}{select 0}{touch 1}}
		}
		{Player 2}
		{MID 84}
		{Chassis
			{Links 85 87}
		}
	}
	{Entity "platform_can" 0x805b
		{Position 1722.44 273.957 197}
		{Turn -70.346}
		{Volume "link1"
			{Able {visible 0}{bullet 0}{obstacle 0}{contact 0}{contact_ground 0}{blast 0}{select 0}{touch 1}}
		}
		{Volume "link2"
			{Able {visible 0}{bullet 0}{obstacle 0}{contact 0}{contact_ground 0}{blast 0}{select 0}{touch 1}}
		}
		{Player 2}
		{MID 83}
		{Chassis
			{Links 82 85}
		}
	}
	{Entity "tendor" 0x805a
		{Position 1789.29 90.5562 197}
		{Turn -70.346}
		{TexMod "1"}
		{Volume "link1"
			{Able {visible 0}{bullet 0}{obstacle 0}{contact 0}{contact_ground 0}{blast 0}{select 0}{touch 1}}
		}
		{Volume "link2"
			{Able {visible 0}{bullet 0}{obstacle 0}{contact 0}{contact_ground 0}{blast 0}{select 0}{touch 1}}
		}
		{Player 2}
		{MID 82}
		{Chassis
			{Links 81 83}
		}
	}
	{Entity "steam_locomotive" 0x8059
		{Position 1867.06 -127.198 197}
		{Turn -70.3475}
		{TexMod "1"}
		{Volume "link1"
			{Able {visible 0}{bullet 0}{overlap 1}{obstacle 0}{contact 0}{contact_ground 0}{blast 0}{select 0}{touch 1}}
		}
		{Volume "link2"
			{Able {visible 0}{bullet 0}{obstacle 0}{contact 0}{contact_ground 0}{blast 0}{select 0}{touch 1}}
		}
		{Player 2}
		{MID 81}
		
		{Chassis
			{Locomotive 1}
			{MaxSpeed 3}
			{Links 82}
		}
	}
	{Entity "cistern" 0x8058
		{Position 1978.53 483.412 197}
		{Turn 109.404}
		{Volume "link1"
			{Able {visible 0}{bullet 0}{overlap 1}{obstacle 0}{contact 0}{contact_ground 0}{blast 0}{select 0}{touch 1}}
		}
		{Volume "link2"
			{Able {visible 0}{bullet 0}{overlap 1}{obstacle 0}{contact 0}{contact_ground 0}{blast 0}{select 0}{touch 1}}
		}
		{Player 2}
		{MID 80}
	}
	{Entity "cistern" 0x8057
		{Position 2040.55 307.586 197}
		{Turn 109.44}
		{Volume "link1"
			{Able {visible 0}{bullet 0}{overlap 1}{obstacle 0}{contact 0}{contact_ground 0}{blast 0}{select 0}{touch 1}}
		}
		{Volume "link2"
			{Able {visible 0}{bullet 0}{overlap 1}{obstacle 0}{contact 0}{contact_ground 0}{blast 0}{select 0}{touch 1}}
		}
		{Player 2}
		{MID 79}
	}
	{Entity "cistern" 0x8056
		{Position 2102.72 131.036 197}
		{Turn 109.44}
		{Volume "link1"
			{Able {visible 0}{bullet 0}{overlap 1}{obstacle 0}{contact 0}{contact_ground 0}{blast 0}{select 0}{touch 1}}
		}
		{Volume "link2"
			{Able {visible 0}{bullet 0}{overlap 1}{obstacle 0}{contact 0}{contact_ground 0}{blast 0}{select 0}{touch 1}}
		}
		{Player 2}
		{MID 78}
	}
	{Entity "cistern" 0x8055
		{Position 2164.96 -45.315 197}
		{Turn 109.44}
		{Volume "link1"
			{Able {visible 0}{bullet 0}{overlap 1}{obstacle 0}{contact 0}{contact_ground 0}{blast 0}{select 0}{touch 1}}
		}
		{Volume "link2"
			{Able {visible 0}{bullet 0}{overlap 1}{obstacle 0}{contact 0}{contact_ground 0}{blast 0}{select 0}{touch 1}}
		}
		{Player 2}
		{MID 77}
	}
	{Human "rus.tankman" 0x8054
		{Position 2427.34 -502.562 197}
		{Orientation
			  0.209530  -0.977802   0.000000
			 -0.977802  -0.209530   0.000000
			  0.000000   0.000000   1.000000
		}
		{Player 2}
		{MID 76}
		{NameId 22 13}
		{FsmState "board"}
	}
	{Human "rus.tankman" 0x8053
		{Position 2427.34 -502.562 197}
		{Orientation
			  0.209530  -0.977802   0.000000
			 -0.977802  -0.209530   0.000000
			  0.000000   0.000000   1.000000
		}
		{Player 2}
		{MID 75}
		{NameId 72 97}
		{FsmState "board"}
	}
	{Human "rus.tankman" 0x8052
		{Position 2427.34 -502.562 197}
		{Orientation
			  0.209530  -0.977802   0.000000
			 -0.977802  -0.209530   0.000000
			  0.000000   0.000000   1.000000
		}
		{Player 2}
		{MID 74}
		{NameId 74 22}
		{FsmState "board"}
	}
	{Human "rus.tankman" 0x8051
		{Position 2427.34 -502.562 197}
		{Orientation
			  0.209530  -0.977802   0.000000
			 -0.977802  -0.209530   0.000000
			  0.000000   0.000000   1.000000
		}
		{Player 2}
		{MID 73}
		{NameId 20 70}
		{FsmState "board"}
	}
	{Human "rus.infantry_mgun" 0x8050
		{Position 575.72 1114.53 197}
		{Turn 90}
		{Extender "inventory"
			{box
				{clear}
				{item "ammo mgun" 47 {cell 0 0}}
				{item "ammo mgun" 47 {cell 2 0}}
				{item "grenade f1" {cell 4 0}}
			}
		}
		{Player 2}
		{MID 72}
		{Weaponry
			{State
				{Mounted "weapon dp"}
				{Weapon
					{Ammo "ammo mgun" 47}
				}
			}
		}
		{NameId 86 43}
		{Cover
			{sector 575.72 1114.53 {type "look_left"}
				{wall 0 0 591.473 1107.53 558.717 1107.53}
			}
		}
		{FsmState "stand"}
	}
	{Human "rus.infantry_smg" 0x8049
		{Position 1138.84 1519.77 197}
		{Turn -71.3537}
		{Player 2}
		{MID 65}
		{NameId 21 92}
		{FsmState "stand"}
	}
	{Human "rus.infantry_rifle" 0x8048
		{Position 1514.02 1314.46 399.559}
		{Turn -67.3798}
		{Extender "inventory"
			{box
				{clear}
				{item "ammo rifle" 10 {cell 4 0}}
				{item "grenade f1" {cell 5 0}}
			}
		}
		{DisableObstacles}
		{Player 2}
		{MID 64}
		{Weaponry
			{State
				{Mounted "mosin"}
				{Weapon
					{Ammo "ammo rifle" 5}
				}
			}
		}
		{NameId 1 92}
		{LastItem "mosin"}
		{Cover
			{sector 1514.02 1314.46 {type "squat_lie"}
				{wall 0 0 1525.95 1311.84 1507.48 1304.15}
			}
		}
		{FsmState "squat"}
	}
	{Human "rus.infantry_rifle" 0x8047
		{Position 1285.9 674.834 218}
		{Player 2}
		{MID 63}
		{NameId 70 32}
		{FsmState "stand"}
	}
	{Human "rus.infantry_rifle" 0x8046
		{Position 1307.49 651.211 218}
		{Player 2}
		{MID 62}
		{NameId 65 39}
		{FsmState "stand"}
	}
	{Human "rus.infantry_smg" 0x8045
		{Position -523.128 -110.786 318.918}
		{Turn 176.634}
		{DisableObstacles}
		{Player 2}
		{MID 61}
		{NameId 60 20}
		{FsmState "board"}
	}
	{Entity "t-34-76-41" 0x804c
		{Position 585.494 -1572.91 197}
		{Turn -66.3706}
		{Player 2}
		{MID 68}
		
		{Weaponry
			{State "mgun"
				{Mounted "weapon dt"}
			}
		}
		{Chassis
			{FuelBag
				{Remain 12}
			}
		}
	}
	{Entity "t-34-76-41" 0x804b
		{Position 2427.34 -502.562 197}
		{Turn -77.9052}
		{Player 2}
		{MID 67}
		
		{Weaponry
			{State "mgun"
				{Mounted "weapon dt"}
			}
		}
		{Chassis
			{FuelBag
				{Remain 50}
			}
		}
	}
	{Human "rus.infantry_mgun" 0x8043
		{Position -315.757 5947.33 220.989}
		{Orientation
			  0.919156   0.393443  -0.017463
			 -0.393497   0.919348   0.001139
			  0.016502   0.005824   0.999800
		}
		{DisableObstacles}
		{Player 2}
		{MID 59}
		{NameId 35 98}
		{FsmState "board"}
	}
	{Human "rus.infantry_rifle" 0x8042
		{Position -349.992 5936.13 225.448}
		{Orientation
			 -0.971731   0.003806   0.236040
			  0.015959  -0.996498   0.081650
			  0.235533   0.083129   0.968232
		}
		{Extender "inventory"
			{box
				{clear}
				{item "mosin" filling "ammo rifle" 5 {cell 0 0}}
				{item "ammo rifle" 10 {cell 4 0}}
				{item "ammo rifle" 10 {cell 5 0}}
				{item "bandage" 2 {cell 6 0}}
				{item "grenade rpg40" {cell 0 2}}
			}
		}
		{DisableObstacles}
		{Player 2}
		{MID 58}
		{NameId 75 76}
		{FsmState "board"}
	}
	{Human "rus.infantry_smg" 0x8041
		{Position -349.357 5919.87 218.822}
		{Orientation
			 -0.398727  -0.914754   0.064516
			  0.916901  -0.398877   0.011292
			  0.015456   0.063674   0.997780
		}
		{DisableObstacles}
		{Player 2}
		{MID 57}
		{NameId 65 38}
		{FsmState "board"}
	}
	{Human "rus.oficer" 0x8040
		{Position -262.183 5655.67 225.448}
		{Orientation
			 -0.970948   0.039174   0.236040
			 -0.020324  -0.996419   0.081650
			  0.238402   0.074500   0.968232
		}
		{Extender "inventory"
			{box
				{clear}
				{item "ppsh35" filling "ammo pistol" 35 {cell 0 0}}
				{item "ammo pistol" 70 {cell 4 0}}
			}
		}
		{DisableObstacles}
		{Player 2}
		{MID 56}
		{NameId 36 88}
		{FsmState "board"}
	}
	{Human "rus.infantry_mgun" 0x803f
		{Position -262.14 5639.39 218.822}
		{Orientation
			 -0.431759  -0.899634   0.064515
			  0.901775  -0.431988   0.011292
			  0.017763   0.063069   0.997780
		}
		{DisableObstacles}
		{Player 2}
		{MID 55}
		{NameId 3 7}
		{FsmState "board"}
	}
	{Human "rus.infantry_mgun" 0x803e
		{Position -214.378 5480.5 223.969}
		{Orientation
			 -0.995186   0.051613   0.083200
			 -0.049951  -0.998546   0.022400
			  0.084182   0.018160   0.996300
		}
		{DisableObstacles}
		{Player 2}
		{MID 54}
		{NameId 43 56}
		{FsmState "board"}
	}
	{Human "rus.infantry_smg" 0x803d
		{Position -211.711 5461.4 224.482}
		{Orientation
			 -0.784254  -0.597876   0.165800
			  0.598376  -0.799480  -0.052100
			  0.163688   0.058317   0.984800
		}
		{DisableObstacles}
		{Player 2}
		{MID 53}
		{NameId 8 82}
		{FsmState "board"}
	}
	{Human "rus.infantry_smg" 0x803c
		{Position -118.722 5303.87 225.033}
		{Orientation
			  0.665702   0.731877   0.145900
			 -0.727242   0.680038  -0.093000
			 -0.167231  -0.044193   0.984900
		}
		{DisableObstacles}
		{Player 2}
		{MID 52}
		{NameId 41 59}
		{FsmState "board"}
	}
	{Human "rus.infantry_rifle" 0x803b
		{Position -160.533 5294.5 223.969}
		{Orientation
			 -0.995403   0.047247   0.083200
			 -0.045571  -0.998756   0.022400
			  0.084101   0.018529   0.996300
		}
		{DisableObstacles}
		{Player 2}
		{MID 51}
		{NameId 75 5}
		{FsmState "board"}
	}
	{Human "rus.infantry_rifle" 0x803a
		{Position -157.782 5275.41 224.482}
		{Orientation
			 -0.781624  -0.601310   0.165800
			  0.601877  -0.796848  -0.052100
			  0.163431   0.059034   0.984800
		}
		{DisableObstacles}
		{Player 2}
		{MID 50}
		{NameId 50 80}
		{FsmState "board"}
	}
	{Human "rus.tankman" 0x8039
		{Position -320.646 5907.32 197}
		{Orientation
			  0.332819  -0.942991  -0.000000
			 -0.942991  -0.332819  -0.000000
			 -0.000000  -0.000000   1.000000
		}
		{Player 2}
		{MID 49}
		{NameId 39 25}
		{FsmState "board"}
	}
	{Human "rus.tankman" 0x8038
		{Position -320.646 5907.32 197}
		{Orientation
			  0.332819  -0.942991  -0.000000
			 -0.942991  -0.332819  -0.000000
			 -0.000000  -0.000000   1.000000
		}
		{Player 2}
		{MID 48}
		{NameId 32 57}
		{FsmState "board"}
	}
	{Human "x.r.automatic_rifle" 0x8037
		{Position -308.43 5929.15 221.34}
		{Orientation
			  0.987812  -0.069605   0.139118
			  0.066623   0.997437   0.025693
			 -0.140546  -0.016094   0.989919
		}
		{Extender "inventory"
			{box
				{clear}
				{item "ammo rifle" 50 {cell 4 0}}
				{item "grenade f1" {cell 5 0}}
				{item "grenade f1" {cell 6 0}}
				{item "grenade rpg40" {cell 4 1}}
				{item "grenade smoke" {cell 7 0}}
				{item "bandage" 5 {cell 6 1}}
				{item "svtautomatic" filling "ammo rifle" 10 {cell 0 0}}
			}
		}
		{DisableObstacles}
		{Player 2}
		{MID 47}
		{NameId 87 35}
		{LastItem "svtautomatic"}
		{FsmState "board"}
	}
	{Human "rus.tankman" 0x8036
		{Position -320.646 5907.32 197}
		{Orientation
			  0.332819  -0.942991  -0.000000
			 -0.942991  -0.332819  -0.000000
			 -0.000000  -0.000000   1.000000
		}
		{Extender "inventory"
			{box
				{clear}
				{item "pps" filling "ammo pistol" 35 {cell 0 0}}
				{item "ammo pistol" 35 {cell 4 0}}
			}
		}
		{Player 2}
		{MID 46}
		{NameId 0 84}
		{FsmState "board"}
	}
	{Human "rus.tankman" 0x8035
		{Position -233.905 5625.81 197}
		{Orientation
			  0.298274  -0.954480  -0.000000
			 -0.954480  -0.298274  -0.000000
			 -0.000000  -0.000000   1.000000
		}
		{Player 2}
		{MID 45}
		{NameId 92 68}
		{FsmState "board"}
	}
	{Human "rus.tankman" 0x8034
		{Position -233.905 5625.81 197}
		{Orientation
			  0.298274  -0.954480  -0.000000
			 -0.954480  -0.298274  -0.000000
			 -0.000000  -0.000000   1.000000
		}
		{Extender "inventory"
			{box
				{clear}
				{item "ppsh35" filling "ammo pistol" 35 {cell 0 0}}
				{item "ammo pistol" 35 {cell 4 0}}
			}
		}
		{Player 2}
		{MID 44}
		{NameId 65 65}
		{FsmState "board"}
	}
	{Human "rus.infantry_smg" 0x8033
		{Position -227.563 5665.62 220.989}
		{Orientation
			  0.932868   0.359725  -0.017463
			 -0.359772   0.933062   0.001139
			  0.016703   0.005220   0.999800
		}
		{Extender "inventory"
			{box
				{clear}
				{item "ppsh" filling "ammo pistol" 71 {cell 0 0}}
				{item "ammo pistol" 71 {cell 4 0}}
				{item "grenade rgd33" {cell 6 0}}
			}
			{armor "head"
				{Item "fieldcap_rus"}
			}
		}
		{DisableObstacles}
		{Player 2}
		{MID 43}
		{NameId 40 12}
		{FsmState "board"}
	}
	{Human "rus.tankman" 0x8032
		{Position -233.905 5625.81 197}
		{Orientation
			  0.298274  -0.954480  -0.000000
			 -0.954480  -0.298274  -0.000000
			 -0.000000  -0.000000   1.000000
		}
		{Extender "inventory"
			{box
				{clear}
				{item "ppsh35" filling "ammo pistol" 35 {cell 0 0}}
				{item "ammo pistol" 35 {cell 4 0}}
			}
		}
		{Player 2}
		{MID 42}
		{NameId 30 47}
		{FsmState "board"}
	}
	{Human "rus.tankman" 0x8031
		{Position -182.737 5448.23 197}
		{Orientation
			  0.294085  -0.955779   0.000000
			 -0.955779  -0.294085  -0.000000
			 -0.000000  -0.000000   1.000000
		}
		{Player 2}
		{MID 41}
		{NameId 61 65}
		{FsmState "board"}
	}
	{Human "rus.tankman" 0x8030
		{Position -182.737 5448.23 197}
		{Orientation
			  0.294085  -0.955779   0.000000
			 -0.955779  -0.294085  -0.000000
			 -0.000000  -0.000000   1.000000
		}
		{Extender "inventory"
			{box
				{clear}
				{item "pps" filling "ammo pistol" 35 {cell 0 0}}
				{item "ammo pistol" 35 {cell 4 0}}
			}
		}
		{Player 2}
		{MID 40}
		{NameId 88 10}
		{FsmState "board"}
	}
	{Human "rus.tankman" 0x802f
		{Position -182.737 5448.23 197}
		{Orientation
			  0.294085  -0.955779   0.000000
			 -0.955779  -0.294085  -0.000000
			 -0.000000  -0.000000   1.000000
		}
		{Player 2}
		{MID 39}
		{NameId 0 47}
		{FsmState "board"}
	}
	{Human "rus.tankman" 0x802e
		{Position -182.737 5448.23 197}
		{Orientation
			  0.294085  -0.955779   0.000000
			 -0.955779  -0.294085  -0.000000
			 -0.000000  -0.000000   1.000000
		}
		{Player 2}
		{MID 38}
		{NameId 11 90}
		{FsmState "board"}
	}
	{Human "rus.tankman" 0x802d
		{Position -128.751 5262.37 197}
		{Orientation
			  0.298274  -0.954480  -0.000000
			 -0.954480  -0.298274  -0.000000
			 -0.000000  -0.000000   1.000000
		}
		{Extender "inventory"
			{box
				{clear}
				{item "ppsh" filling "ammo pistol" 71 {cell 0 0}}
				{item "ammo pistol" 71 {cell 4 0}}
			}
		}
		{Player 2}
		{MID 37}
		{NameId 27 98}
		{FsmState "board"}
	}
	{Human "rus.tankman" 0x802c
		{Position -128.751 5262.37 197}
		{Orientation
			  0.298274  -0.954480  -0.000000
			 -0.954480  -0.298274  -0.000000
			 -0.000000  -0.000000   1.000000
		}
		{Extender "inventory"
			{box
				{clear}
				{item "pps" filling "ammo pistol" 35 {cell 0 0}}
				{item "ammo pistol" 35 {cell 4 0}}
			}
		}
		{Player 2}
		{MID 36}
		{NameId 65 59}
		{FsmState "board"}
	}
	{Human "rus.tankman" 0x802b
		{Position -128.751 5262.37 197}
		{Orientation
			  0.298274  -0.954480  -0.000000
			 -0.954480  -0.298274  -0.000000
			 -0.000000  -0.000000   1.000000
		}
		{Player 2}
		{MID 35}
		{NameId 10 28}
		{FsmState "board"}
	}
	{Human "rus.tankman" 0x802a
		{Position -128.751 5262.37 197}
		{Orientation
			  0.298274  -0.954480  -0.000000
			 -0.954480  -0.298274  -0.000000
			 -0.000000  -0.000000   1.000000
		}
		{Player 2}
		{MID 34}
		{NameId 27 71}
		{FsmState "board"}
	}
	{Entity "bt-7" 0x8029
		{Position -320.646 5907.32 197}
		{Turn -70.56}
		{Player 2}
		{MID 33}
		
		{Weaponry
			{State "mgun"
				{Mounted "weapon dt"}
			}
		}
	}
	{Entity "bt-7" 0x8028
		{Position -233.905 5625.81 197}
		{Turn -72.646}
		{Player 2}
		{MID 32}
		
		{Weaponry
			{State "mgun"
				{Mounted "weapon dt"}
			}
		}
	}
	{Entity "t-34-76-41" 0x8027
		{Position -182.737 5448.23 197}
		{Turn -72.8973}
		{TexMod "ambush2"}
		{Player 2}
		{MID 31}
		
		{Weaponry
			{State "mgun"
				{Mounted "weapon dt"}
			}
		}
	}
	{Entity "t-34-76-41" 0x8026
		{Position -128.751 5262.37 197}
		{Turn -72.646}
		{TexMod "ambush2"}
		{Player 2}
		{MID 30}
		
		{Weaponry
			{State "mgun"
				{Mounted "weapon dt"}
			}
		}
	}
	{Human "rus.infantry_smg" 0x8025
		{Position 368.136 -1345.18 197}
		{Turn -63.4349}
		{Extender "inventory"
			{box
				{clear}
				{item "ammo pistol" 100 {cell 4 0}}
				{item "grenade f1" {cell 6 0}}
				{item "ppsh" filling "ammo pistol" 71 {cell 0 0}}
			}
		}
		{Player 2}
		{MID 29}
		{NameId 71 52}
		{FsmState "stand"}
	}
	{Human "rus.infantry_rifle" 0x8024
		{Position 1488.09 2362.9 197}
		{Turn -48.3665}
		{Player 2}
		{MID 28}
		{NameId 38 62}
		{FsmState "stand"}
	}
	{Human "rus.specnaz" 0x8023
		{Position 1477.01 2305.93 197}
		{Turn -118.072}
		{Extender "inventory"
			{box
				{clear}
				{item "ammo pistol" 71 {cell 4 0}}
				{item "grenade f1" {cell 6 0}}
				{item "grenade rpg40" {cell 4 1}}
			}
		}
		{Player 2}
		{MID 27}
		{Weaponry
			{State
				{Mounted "ppsh"}
				{Weapon
					{Ammo "ammo pistol" 71}
				}
			}
		}
		{NameId 32 13}
		{FsmState "stand"}
	}
	{Human "rus.oficer" 0x8022
		{Position 1446.51 2281.04 197}
		{Turn 26.5651}
