;Exported by: ubrashaev
;Date:        Tue May 18 19:07:32 2004
;File:        D:\-Projects-\-work-\3d\shed_euro1.max
{Skeleton
	{bone "shed_euro5"
		{Orientation
			1.0000	0.0000	0.0000
			0.0000	-1.0000	0.0000
			0.0000	0.0000	1.0000
		}
		{VolumeView "shed_euro5.ply"}
		{bone "window4"
			{Matrix34
				-1.0000	0.0000	0.0000
				-0.0000	1.0000	-0.0000
				0.0000	0.0000	1.0000
				32.7420	28.9584	28.7293
			}
			{VolumeView "window4.ply"}
			{bone "fx_glass4"
				{Matrix34
					-1.0000	0.0000	0.0000
					-0.0000	1.0000	-0.0000
					0.0000	0.0000	1.0000
					-0.7380	-0.6666	-0.5521
				}
			}
		}
		{bone "window4_x"
			{Matrix34
				-1.0000	0.0000	0.0000
				-0.0000	1.0000	-0.0000
				0.0000	0.0000	1.0000
				33.1646	28.9584	28.7293
			}
			{visibility 0}
			{VolumeView "window4_x.ply"}
		}
		{bone "attach3"
			{Matrix34
				1.0000	0.0000	-0.0000
				-0.0000	1.0000	-0.0000
				0.0000	0.0000	1.0000
				14.9081	28.2918	0.0000
			}
		}
		{bone "exterior"
			{Position 0.0000	-4.7241	69.3966}
			{VolumeView "exterior.ply"}
		}
	}
}
{Area "interior"
	{Obb2
		{Center -3.48022 -5.77214}
		{Extent 31.4961 23.622}
		{Axis -1 0}
	}
	{Rotate}
}
{Obstacle "body1"
	{Obb2
		{Center -9.7954 30.868}
		{Extent 1.23968 7.98079}
		{Axis 0.81933 0.573323}
	}
	{Rotate}
}
{Obstacle "body11"
	{Obb2
		{Center -28.8196 19.9365}
		{Extent 3.98314 2.95276}
		{Axis 1 0}
	}
	{Rotate}
}
{Obstacle "body15"
	{Obb2
		{Center 30.7115 -8.0488}
		{Extent 2.95395 31.0263}
		{Axis 1 0}
	}
	{Rotate}
}
{Obstacle "body12"
	{Obb2
		{Center -30.3764 48.2206}
		{Extent 1.49987 1.65145}
		{Axis 1 0}
	}
	{Rotate}
}
{Obstacle "body14"
	{Obb2
		{Center -1.83452 48.2206}
		{Extent 1.49987 1.65145}
		{Axis 1 0}
	}
	{Rotate}
}
{Obstacle "body10"
	{Obb2
		{Center 11.4314 19.9365}
		{Extent 16.4587 2.95276}
		{Axis 1 0}
	}
	{Rotate}
}
{Volume "roof8"
	{Box 57.4434 33.8728 2.1964}
	{Bone "exterior"}
	{Matrix34
		-0.0000	1.0000	0.0000
		-0.5500	-0.0000	0.8352
		0.8352	0.0000	0.5500
		-6.5688	-19.7535	-7.3387
	}
}
{Volume "roof7"
	{Box 57.4434 33.8728 2.1964}
	{Bone "exterior"}
	{Matrix34
		-0.0000	-1.0000	-0.0000
		-0.5500	0.0000	-0.8352
		0.8352	0.0000	-0.5500
		-25.0951	-19.7535	-8.1992
	}
}
{Volume "roof6"
	{Box 46.9582 67.7456 2.1964}
	{Bone "exterior"}
	{Matrix34
		1.0000	0.0000	0.0000
		0.0000	0.7474	0.6644
		0.0000	-0.6644	0.7474
		10.2135	5.4828	3.5304
	}
}
{Volume "floor5"
	{Box 49.1 45.2756 2.9}
	{Bone "exterior"}
	{Position 3.0219	13.1363	-22.0344}
}
{Volume "body1"
	{Box 2.45263 15.9575 39.2402}
	{Bone "shed_euro5"}
	{Matrix34
		0.8184	-0.5747	0.0000
		0.5747	0.8184	0.0000
		0.0000	0.0000	1.0000
		-9.7954	-30.8680	19.7500
	}
}
{Volume "window4"
	{Box 13.8815 1.84128 14.0979}
	{Bone "window4"}
	{Matrix34
		-0.0000	-1.0000	-0.0000
		-1.0000	0.0000	0.0000
		-0.0000	0.0000	-1.0000
		-0.3997	-0.5542	-0.0981
	}
}
{Volume "hole2"
	{Box 18.2433 13.7575 13.9}
	{Bone "shed_euro5"}
	{Position 29.7699	28.4044	28.5624}
}
{Volume "body11"
	{Box 7.96629 5.90552 49}
	{Bone "shed_euro5"}
	{Position -28.8196	-19.9365	24.5000}
}
{Volume "floor4"
	{Box 34.2161 26.0624 5}
	{Bone "shed_euro5"}
	{Position -16.0403	-35.9205	47.1980}
}
{Volume "body15"
	{Polyhedron "body15.vol"}
	{Bone "shed_euro5"}
	{Position 30.7115	11.0746	-0.2020}
}
{Volume "body13"
	{Polyhedron "body13.vol"}
	{Bone "shed_euro5"}
	{Position -16.0331	-51.5705	46.5882}
}
{Volume "body12"
	{Box 2.99973 3.30291 45.1994}
	{Bone "shed_euro5"}
	{Position -30.3764	-48.2206	22.5997}
}
{Volume "body14"
	{Box 2.99973 3.30291 45.1994}
	{Bone "shed_euro5"}
	{Position -1.8345	-48.2206	22.5997}
}
{Volume "body10"
	{Box 32.9173 5.90552 49}
	{Bone "shed_euro5"}
	{Position 11.4314	-19.9365	24.5000}
}
