;Model created by: <MrQuazar>
;MDL File generated by SOEdit
;Date:        Wen May 4 20:49:45 2005
;File:        C:\Documents and Settings\Quazar.MRQUAZAR\Рабочий стол\pzjager
{Skeleton
	{animation
		{sequence "start"}
		{sequence "stop"}
		{sequence "hit"}
		{sequence "fire"{speed 1.5}}
		{sequence "open" {resume}}
	}
	{bone "Basis"
		{Orientation
			1.0000	0.0000	0.0000
			0.0000	-1.0000	0.0000
			0.0000	0.0000	1.0000
		}
		{bone "Body"
			{parameters "ID=body;"}
			{animation
				{sequence "repair" {file "body_r.anm"}}
			}
			{Position 0.6043	-0.0000	16.3803}
			{VolumeView "Body.ply"}
			{bone revolute "Turret"
				{limits -10.0000 10.0000}
				{parameters "ID=gun;"};
				{speed 0.0090}
				{matrix34	
					1.0000 0.0000 0.0000 
					0.0000 1.0000 0.0000
					0.0000 0.0000 1.0000
					3.5	0	15}	
				{VolumeView "Turret.ply"}
				{bone revolute "Gun_rot"
					{limits -7.0000 10.0000}
					{parameters "ID=gun;"}
					{speed 0.0500}
					{matrix34
						-1.0000 0.0064 0.0018
						-0.017	-0.0063 -1.0000
						-0.0060 -1.0000 0.0071
						6.025 1.2000 4.0000
					}
					{VolumeView "Gun_rot.ply"}
					{bone "gun"
					{parameters "ID=gun;"};SnRWtrMrk
							{Matrix34
								-1.0000	0.0000	0.0000
								0.0000	-1.0000	0.0300
								0.0000	0.0300	1.0000
								-15.0000 0.5000 0.7000
							}
							{VolumeView "gun.ply"}
							{bone "Foresight1"
								{Matrix34
									1.0000	0.0000	0.0000
									0.0000	1.0000	0.0000
									0.0000	0.0000	1.0000
									24.45	-0.8400	0.3500
								}
							}
						}
					}
					{bone "gunner"
						{Matrix34
							0.8192	-0.0000	0.5736
							0.0000	1.0000	-0.0000
							-0.5736	0.0000	0.8192
							0.794481 7.86649 -7.16756
						}
					}
					{bone "charger"
						{Matrix34
							0.937813	0.320821	0.132138
							-0.321311	0.946769	-0.0186254
							-0.131089	-0.0249108	0.991111
							-0.28707	-5.46788	-12.9112
						}
					}
				
				{bone "Visor1"
					{Matrix34
						1.0000	0.0000	-0.0000
						0.0000	-1.0000	-0.0000
						0.0000	-0.0000	1.0000
						3.0366	1.8285	7.4439
					}
				}
				
				{bone "FXfire2"
					{Matrix34
						-0.0018	0.0000	1.0000
						-0.0000	1.0000	-0.0000
						-1.0000	-0.0000	-0.0018
						-2.1202	-0.0476	1.5767
					}
				}
			}
			
			{bone "FXfire1"
				{Matrix34
					-0.0018	0.0000	1.0000
					-0.0000	1.0000	-0.0000
					-1.0000	-0.0000	-0.0018
					-25.8186	0.0000	0.5125
				}
			}
			{bone "FXsmoke1"
				{Matrix34
					-0.0002	-0.9962	0.0872
					-1.0000	0.0000	-0.0018
					0.0018	-0.0872	-0.9962
					-37.6057	-14.3937	3.9874
				}
			}
			{bone revolute "WheelR2"
				{parameters "ID=trackright;"}
				{Matrix34
					1.0000	0.0000	0.0000
					0.0000	0.0000	-1.0000
					0.0000	1.0000	0.0000
					-34.8159	-18.6076	-7.9446
				}
				{VolumeView "WheelR2.ply"}
			}
			{bone revolute "WheelR1"
				{parameters "ID=trackright;"}
				{Matrix34
					1.0000	0.0000	0.0000
					0.0000	0.0000	-1.0000
					0.0000	1.0000	0.0000
					36.2291	-18.6076	-6.3875
				}
				{VolumeView "WheelR1.ply"}
			}
			{bone revolute "WheelL2"
				{parameters "ID=trackleft;"}
				{Matrix34
					1.0000	0.0000	0.0000
					0.0000	0.0000	-1.0000
					0.0000	-1.0000	-0.0000
					-34.8159	18.6148	-7.9446
				}
				{VolumeView "WheelL2.ply"}
			}
			{bone revolute "WheelL1"
				{parameters "ID=trackleft;"}
				{Matrix34
					1.0000	0.0000	0.0000
					0.0000	0.0000	-1.0000
					0.0000	-1.0000	-0.0000
					36.2291	18.6148	-6.3875
				}
				{VolumeView "WheelL1.ply"}
			}
			{bone "Visor2"
				{Matrix34
					1.0000	0.0000	-0.0000
					0.0000	-1.0000	-0.0000
					0.0000	-0.0000	1.0000
					15.2945	5.0623	8.9379
				}
			}
			{bone "Seat01"
				{Matrix34
					-0.4779	0.8678	0.1360
					-0.8784	-0.4721	-0.0740
					0.0000	-0.1548	0.9879
					-12.5016	10.8466	4.3502
				}
			}
			{bone "Seat03"
				{Matrix34
					-0.1156	-0.9626	0.2450
					0.9903	-0.1308	-0.0468
					0.0771	0.2372	0.9684
					-12.2517	-12.7264	4.6374
				}
			}
			{bone "Seat02"
				{Matrix34
					-0.0248	-0.9692	0.2450
					0.9982	-0.0374	-0.0468
					0.0545	0.2434	0.9684
					-32.4429	-12.2431	0.3188
				}
			}
			{bone "engine"
				{Matrix34
					-0.0018	0.0000	1.0000
					-0.0000	1.0000	-0.0000
					-1.0000	-0.0000	-0.0018
					-25.8186	0.0000	-1.9299
				}
			}
		}
		
		{bone "WheelsR"
			{parameters "ID=trackright;"}
			{Matrix34
				-1.0000	0.0000	-0.0000
				-0.0000	0.0000	1.0000
				0.0000	1.0000	0.0000
				-0.0000	-15.9095	7.6232
			}
			{VolumeView "WheelsR.ply"}
			{bone "FXtraceR1"
				{Matrix34
					1.0000	0.0000	0.0000
					0.0000	0.0000	-1.0000
					-0.0000	1.0000	-0.0000
					-24.1197	-3.5825	-1.0071
				}
			}
			{bone "FXtraceR2"
				{Matrix34
					0.9962	0.0872	0.0000
					0.0000	0.0000	-1.0000
					-0.0872	0.9962	-0.0000
					26.8266	-6.2542	0.6597
				}
			}
			{bone "TrackR"
				{parameters "CommonMesh;ID=trackright;"}
				{Matrix34
					1.0000	0.0000	0.0000
					-0.0000	1.0000	-0.0000
					0.0000	0.0000	-1.0000
					0.7091	0.8535	-0.8778
				}
				{VolumeView "TrackR.ply"}
			}
		}
		{bone "WheelsL"
			{parameters "ID=trackright;"}
			{Matrix34
				-1.0000	0.0000	-0.0000
				-0.0000	0.0000	1.0000
				-0.0000	-1.0000	0.0000
				-0.0000	15.7341	7.6232
			}
			{VolumeView "WheelsL.ply"}
			{bone "TrackL"
				{parameters "CommonMesh;ID=trackleft;"}
				{Matrix34
					1.0000	-0.0000	0.0000
					-0.0000	1.0000	0.0000
					0.0000	0.0000	-1.0000
					0.7091	0.8535	-0.5335
				}
				{VolumeView "TrackL.ply"}
			}
			{bone "FXtraceL1"
				{Matrix34
					1.0000	0.0000	-0.0000
					0.0000	-0.0000	1.0000
					-0.0000	1.0000	-0.0000
					-24.1197	-3.5825	-1.2402
				}
			}
			{bone "FXtraceL2"
				{Matrix34
					0.9962	0.0872	-0.0000
					0.0000	-0.0000	1.0000
					-0.0872	0.9962	0.0000
					26.8266	-6.2542	0.7056
				}
			}
		}
		{bone "emit1"
			{Matrix34
				-0.0000	-1.0000	-0.0000
				1.0000	-0.0000	0.0000
				0.0000	-0.0000	1.0000
				2.7502	28.7937	0.0000
			}
		}
		{bone "emit2"
			{Matrix34
				0.0000	1.0000	0.0000
				-1.0000	0.0000	0.0000
				0.0000	0.0000	1.0000
				27.4081	-33.3190	0.0000
			}
		}
		{bone "emit3"
			{Matrix34
				-0.0000	-1.0000	-0.0000
				1.0000	-0.0000	0.0000
				0.0000	-0.0000	1.0000
				-17.0214	32.5504	0.0000
			}
		}
		{bone "emit5"
			{Matrix34
				0.0000	1.0000	0.0000
				-1.0000	0.0000	0.0000
				0.0000	0.0000	1.0000
				-14.0685	-33.7060	0.0000
			}
		}
		
		{bone "emit4"
			{Matrix34
				-0.0000	1.0000	-0.0000
				-1.0000	-0.0000	0.0000
				-0.0000	0.0000	1.0000
				-29.6784	-33.7060	0.0000
			}
		}
	}
}
{Volume "trackleft"
	{Box 82.9065 5.51181 17.0146}
	{Bone "WheelsL"}
	{Matrix34
		1.0000	0.0000	0.0000
		0.0000	-0.0000	-1.0000
		0.0000	1.0000	-0.0000
		-1.0302	0.8841	-1.5359
	}
}
{Volume "trackright"
	{Box 82.9065 5.51181 17.0146}
	{Bone "WheelsR"}
	{Matrix34
		-1.0000	-0.0000	0.0000
		0.0000	-0.0000	1.0000
		-0.0000	1.0000	-0.0000
		-1.0302	0.8841	-1.3076
	}
}
{Volume "Engine"
	{Box 19.1769 20.5983 14.0069}
	{Bone "engine"}
	{Matrix34
		0.0000	-0.0000	-1.0000
		0.0000	1.0000	-0.0000
		1.0000	-0.0000	0.0000
		-0.1720	-0.0000	0.3465
	}
}
{Volume "Crew"
	{Box 11.811 11.811 14.7864}
	{Bone "Body"}
	{Matrix34
		1.0000	0.0000	0.0018
		-0.0000	1.0000	-0.0000
		-0.0018	0.0000	1.0000
		2.3312	-3.6022	5.1984
	}
}
{Volume "gun"
	{Cylinder 2.72439 70.1575}
	{Bone "gun"}
	{Matrix34
		0.0000 0.0000 -0.4209
		0.0002461 0.41036 0.0000
		0.556461 -0.000333878 0.0000
		1.11882	-1.19973 0.372478
	}
}
{Volume "Body"
	{Polyhedron "Body.vol"}
	{Bone "Body"}
	{Matrix34
		1.0000	0.0000	0.0018
		-0.0000	1.0000	-0.0000
		-0.0018	0.0000	1.0000
		-1.6224	0.0000	-10.2421
	}
}
{Volume "Inventory"
	{Box 28.7829 20.6464 6.21977}
	{Bone "Body"}
	{Matrix34
		1.0000	0.0000	0.0018
		-0.0000	1.0000	-0.0000
		-0.0018	0.0000	1.0000
		1.8504	0.0000	-5.9618
	}
}
{Volume "body2"
	{Polyhedron "body2.vol"}
	{Bone "body"}
	{Matrix34
		0.2141 0.0000 0.0000
		0.0000 0.5618 0.0000
		0.0000 0.0000 0.5912
		4.5731 0.1731 14.0808}
}

