;Exported by: ubrashaev
;Date:        Mon Dec 08 12:18:46 2003
;File:        D:\-Projects-\-work-\3d\RR_gad.max
{Skeleton
	{bone "post_lighter"
		{Orientation
			0.7071	-0.7071	0.0000
			-0.7071	-0.7071	0.0000
			0.0000	0.0000	1.0000
		}
		{VolumeView "post_lighter.ply"}
		{bone "light_spot"
			{Matrix34
				0.0000	-0.0000	-1.0000
				0.7071	0.7071	0.0000
				0.7071	-0.7071	0.0000
				-0.0645	26.8024	127.3733
			}
		}
		{bone "lamp_glass1"
			{Matrix34
				0.0000	-0.0000	-1.0000
				0.7071	0.7071	0.0000
				0.7071	-0.7071	0.0000
				-0.0645	26.8024	126.7066
			}
		}
		{bone "lamp_light_spot1"
			{Matrix34
				0.0000	-0.0000	-1.0000
				0.7071	0.7071	0.0000
				0.7071	-0.7071	0.0000
				-0.0645	26.8024	125.3901
			}
		}
	}
}
{Volume "lamp1"
	{Cylinder 5.86579 7.15851}
	{Bone "post_lighter"}
	{Matrix34
		0.7071	-0.7071	0.0000
		0.7071	0.7071	0.0000
		-0.0000	-0.0000	1.0000
		-0.5086	26.8556	126.9117
	}
}
{Volume "body"
	{Box 4.85387 4.60846 144.944}
	{Bone "post_lighter"}
	{Matrix34
		-0.0000	1.0000	0.0000
		-1.0000	-0.0000	0.0000
		0.0000	0.0000	1.0000
		-0.0877	2.0920	70.9388
	}
}
