;Exported by: dinsen
;Date:        Tue Feb 22 17:33:16 2011
;File:        C:\Archivos de programa\Autodesk\3dsMax8\scenes\pendientes\hecho\m3a1.max
{Skeleton
	{animation
		{sequence "start"}
		{sequence "stop"}
		{sequence "hit"}
		{sequence "doorleft" {speed 0.5}}
		{sequence "doorright" {speed 0.5}}
	}
	{bone "basis"
		{parameters "WheelRadius=0.5;SteerMax=30;"}
		{Orientation
			1.0000	0.0000	0.0000
			0.0000	-1.0000	0.0000
			0.0000	0.0000	1.0000
		}
		{bone "emit1"
			{Matrix34
				0.0000	-1.0000	0.0000
				1.0000	0.0000	0.0000
				0.0000	0.0000	1.0000
				0.0000	36.2339	0.0000
			}
		}
		{bone "emit2"
			{Matrix34
				0.0000	1.0000	0.0000
				-1.0000	0.0000	0.0000
				0.0000	0.0000	1.0000
				4.4821	-34.4933	0.0000
			}
		}
		{bone "emit3"
			{Matrix34
				0.0000	-1.0000	0.0000
				1.0000	0.0000	0.0000
				0.0000	0.0000	1.0000
				-54.0158	44.4482	0.0000
			}
		}
		{bone "emit4"
			{Matrix34
				0.0000	-1.0000	0.0000
				1.0000	0.0000	0.0000
				0.0000	0.0000	1.0000
				-38.2292	44.8580	0.0000
			}
		}
		{bone "emit5"
			{Matrix34
				0.0000	-1.0000	0.0000
				1.0000	0.0000	0.0000
				0.0000	0.0000	1.0000
				-22.4426	44.3521	0.0000
			}
		}
		{bone "emit6"
			{Matrix34
				0.0000	1.0000	0.0000
				-1.0000	0.0000	0.0000
				0.0000	0.0000	1.0000
				-56.8875	-42.6516	0.0000
			}
		}
		{bone "emit7"
			{Matrix34
				0.0000	1.0000	0.0000
				-1.0000	0.0000	0.0000
				0.0000	0.0000	1.0000
				-38.1690	-42.6516	0.0000
			}
		}
		{bone "body"
			{parameters "ID=body;"}
			{Position -5.0895	0.7706	21.4801}
			{VolumeView "body.ply"}
			{bone "turret"
				{parameters "ID=turret;"}
				{Position -1.2190	-7.7589	9.4632}
				{VolumeView "turret.ply"}
				{bone revolute "mgun_rot"
					{Position 0.2114	-0.5131	12.1494}
					{VolumeView "mgun_rot.ply"}
					{bone "visor1"
						{Position 17.5606	-0.1659	8.3599}
					}
					{bone "gunner"
						{Matrix34
							1.0000	0.0000	0.0000
							0.0000	1.0000	-0.0055
							0.0000	0.0055	1.0000
							-1.1317	0.2007	-23.1719
						}
					}
					{bone revolute "mgun"
						{parameters "ID=mgun;"}
						{limits -10.0000 10.0000}
						{Matrix34
							1.0000	0.0000	0.0000
							0.0000	0.0000	1.0000
							0.0000	-1.0000	0.0000
							8.1246	0.2343	5.9447
						}
					}
				}
			}
			{bone "door_left"
				{parameters "ID=body;"}
				{Position 15.1859	15.9649	4.8858}
				{VolumeView "door_left.ply"}
			}
			{bone "door_right"
				{parameters "ID=body;"}
				{Position 14.9465	-15.7467	5.6635}
				{VolumeView "door_right.ply"}
			}
			{bone revolute "wheelL2"
				{Matrix34
					-1.0000	0.0000	0.0000
					0.0000	0.0000	1.0000
					0.0000	1.0000	0.0000
					-51.5306	15.6628	-7.8222
				}
				{VolumeView "wheelL2.ply"}
			}
			{bone revolute "wheelR2"
				{Matrix34
					-1.0000	0.0000	0.0000
					0.0000	0.0000	1.0000
					0.0000	1.0000	0.0000
					-51.3111	-16.2731	-7.8222
				}
				{VolumeView "wheelR2.ply"}
			}
			{bone "engine"
				{parameters "ID=engine;"}
				{Position -0.1024	0.0000	0.0000}
				{VolumeView "engine.ply"}
			}
			{bone "seat01"
				{Matrix34
					-0.0021	-1.0000	0.0000
					1.0000	-0.0021	-0.0020
					0.0020	0.0000	1.0000
					-50.6812	8.7216	-8.0464
				}
			}
			{bone "seat02"
				{Matrix34
					-0.0021	-1.0000	0.0000
					1.0000	-0.0021	-0.0020
					0.0020	0.0000	1.0000
					-39.7280	8.7216	-8.0464
				}
			}
			{bone "seat03"
				{Matrix34
					-0.0021	-1.0000	0.0000
					1.0000	-0.0021	-0.0020
					0.0020	0.0000	1.0000
					-28.7973	8.7216	-8.0464
				}
			}
			{bone "seat04"
				{Matrix34
					-0.0021	-1.0000	0.0000
					1.0000	-0.0021	-0.0020
					0.0020	0.0000	1.0000
					-18.0375	8.7216	-8.0464
				}
			}
			{bone "seat05"
				{Matrix34
					0.0000	1.0000	0.0000
					-1.0000	0.0000	0.0000
					0.0000	0.0000	1.0000
					-49.9614	-9.2826	-8.0464
				}
			}
			{bone "seat06"
				{Matrix34
					0.0000	1.0000	0.0000
					-1.0000	0.0000	0.0000
					0.0000	0.0000	1.0000
					-39.2603	-9.2826	-8.0464
				}
			}
			{bone "seat07"
				{Matrix34
					0.0000	1.0000	0.0000
					-1.0000	0.0000	0.0000
					0.0000	0.0000	1.0000
					-27.9659	-9.2826	-8.0464
				}
			}
			{bone "driver"
				{Matrix34
					1.0000	0.0000	0.0000
					0.0000	1.0000	0.0026
					0.0000	-0.0026	1.0000
					4.7979	11.0505	-9.4280
				}
			}
			{bone "visor2"
				{Position 24.1253	0.1771	13.4817}
			}
			{bone "FXsmoke1"
				{Matrix34
					-0.9716	-0.2366	0.0000
					0.0000	0.0000	1.0000
					-0.2366	0.9716	0.0000
					9.3796	-20.0149	-7.4345
				}
			}
			{bone "FXfire1"
				{Matrix34
					0.0010	0.0000	1.0000
					-1.0000	0.0000	0.0010
					0.0000	-1.0000	0.0000
					29.6858	0.1771	0.8001
				}
			}
			{bone "FXfire2"
				{Matrix34
					0.0010	0.0000	1.0000
					-1.0000	0.0000	0.0010
					0.0000	-1.0000	0.0000
					-32.0424	0.1771	0.8001
				}
			}
		}
		{bone "pivot_back"
			{Matrix34
				0.9998	-0.0038	-0.0175
				0.0037	1.0000	-0.0035
				0.0176	0.0034	0.9998
				-38.9536	0.5875	10.8726
			}
			{VolumeView "pivot_back.ply"}
			{bone "spring_R"
				{parameters "ID=trackright;"}
				{Matrix34
					1.0000	0.0000	0.0000
					0.0000	0.0000	1.0000
					0.0000	-1.0000	0.0000
					-0.0006	-17.4384	-0.0002
				}
				{bone revolute "wheelR3"
					{parameters "ID=trackright;"}
					{Matrix34
						-0.9999	-0.0124	0.0037
						-0.0124	0.9999	-0.0050
						-0.0037	-0.0050	-1.0000
						24.9948	2.3488	-1.3707
					}
					{VolumeView "wheelR3.ply"}
				}
				{bone revolute "wheelR4"
					{parameters "ID=trackright;"}
					{Matrix34
						-0.9999	-0.0124	0.0037
						-0.0124	0.9999	-0.0050
						-0.0037	-0.0050	-1.0000
						16.1144	-6.4424	-0.0773
					}
					{VolumeView "wheelR4.ply"}
				}
				{bone revolute "wheelR5"
					{parameters "ID=trackright;"}
					{Matrix34
						-0.9999	-0.0124	0.0037
						-0.0124	0.9999	-0.0050
						-0.0037	-0.0050	-1.0000
						8.2023	-6.4424	-0.0230
					}
					{VolumeView "wheelR5.ply"}
				}
				{bone revolute "wheelR6"
					{parameters "ID=trackright;"}
					{Matrix34
						-0.9999	-0.0124	0.0037
						-0.0124	0.9999	-0.0050
						-0.0037	-0.0050	-1.0000
						-1.2958	-6.4424	0.1306
					}
					{VolumeView "wheelR6.ply"}
				}
				{bone revolute "wheelR7"
					{parameters "ID=trackright;"}
					{Matrix34
						-0.9999	-0.0124	0.0037
						-0.0124	0.9999	-0.0050
						-0.0037	-0.0050	-1.0000
						-9.2084	-6.4424	0.1122
					}
					{VolumeView "wheelR7.ply"}
				}
				{bone "FXtraceR2"
					{Matrix34
						-0.9436	0.3312	0.0000
						0.0000	0.0000	1.0000
						0.3312	0.9436	0.0000
						-11.2083	-10.8423	0.0000
					}
				}
				{bone "trackR"
					{parameters "ID=trackright;"}
					{Matrix34
						0.9998	0.0176	-0.0037
						-0.0038	0.0034	-1.0000
						-0.0175	0.9998	0.0035
						3.9503	-0.7986	0.0366
					}
					{VolumeView "trackR.ply"}
				}
				{bone "FXtraceR1"
					{Matrix34
						-0.9998	-0.0176	0.0037
						0.0038	-0.0034	1.0000
						-0.0175	0.9998	0.0035
						14.1009	-10.6571	-0.0899
					}
				}
			}
			{bone "spring_L"
				{parameters "ID=trackleft;"}
				{Matrix34
					1.0000	0.0000	0.0000
					0.0000	0.0000	1.0000
					0.0000	-1.0000	0.0000
					-0.0006	18.2425	-0.0002
				}
				{bone revolute "wheelL3"
					{parameters "ID=trackleft;"}
					{Matrix34
						-0.9999	-0.0124	0.0037
						-0.0124	0.9999	-0.0050
						-0.0037	-0.0050	-1.0000
						24.7716	2.3488	1.8327
					}
					{VolumeView "wheelL3.ply"}
				}
				{bone revolute "wheelL4"
					{parameters "ID=trackleft;"}
					{Matrix34
						-0.9999	-0.0124	0.0037
						-0.0124	0.9999	-0.0050
						-0.0037	-0.0050	-1.0000
						15.8742	-6.4424	0.6616
					}
					{VolumeView "wheelL4.ply"}
				}
				{bone revolute "wheelL5"
					{parameters "ID=trackleft;"}
					{Matrix34
						-0.9999	-0.0124	0.0037
						-0.0124	0.9999	-0.0050
						-0.0037	-0.0050	-1.0000
						7.9622	-6.4424	0.7160
					}
					{VolumeView "wheelL5.ply"}
				}
				{bone revolute "wheelL6"
					{parameters "ID=trackleft;"}
					{Matrix34
						-0.9999	-0.0124	0.0037
						-0.0124	0.9999	-0.0050
						-0.0037	-0.0050	-1.0000
						-1.5366	-6.4424	0.7812
					}
					{VolumeView "wheelL6.ply"}
				}
				{bone revolute "wheelL7"
					{parameters "ID=trackleft;"}
					{Matrix34
						-0.9999	-0.0124	0.0037
						-0.0124	0.9999	-0.0050
						-0.0037	-0.0050	-1.0000
						-9.4487	-6.4424	0.8356
					}
					{VolumeView "wheelL7.ply"}
				}
				{bone "FXtraceL2"
					{Matrix34
						-0.9436	0.3312	0.0000
						0.0000	0.0000	1.0000
						0.3312	0.9436	0.0000
						-11.1766	-10.8423	0.0000
					}
				}
				{bone "trackL"
					{parameters "ID=trackleft;"}
					{Matrix34
						0.9998	0.0176	-0.0037
						-0.0038	0.0034	-1.0000
						-0.0175	0.9998	0.0035
						3.7096	-0.7983	0.7149
					}
					{VolumeView "trackL.ply"}
				}
				{bone "FXtraceL1"
					{Matrix34
						-0.9998	-0.0176	0.0037
						0.0038	-0.0034	1.0000
						-0.0175	0.9998	0.0035
						13.9650	-10.5350	-0.0895
					}
				}
			}
		}
		{bone "pivot_front"
			{Position 37.8474	1.1185	10.3263}
			{VolumeView "pivot_front.ply"}
			{bone revolute "steer_R1"
				{Matrix34
					1.0000	0.0000	0.0000
					0.0000	-1.0000	0.0000
					0.0000	0.0000	-1.0000
					-0.1033	-17.9694	0.2680
				}
				{bone revolute "wheelR1"
					{parameters "ID=wheelright1;"}
					{Matrix34
						-1.0000	0.0000	0.0000
						0.0000	0.0000	-1.0000
						0.0000	-1.0000	0.0000
						0.0001	0.0003	0.0006
					}
					{VolumeView "wheelR1.ply"}
				}
			}
			{bone revolute "steer_L1"
				{Matrix34
					1.0000	0.0000	0.0000
					0.0000	-1.0000	0.0000
					0.0000	0.0000	-1.0000
					-0.1033	17.7115	0.2680
				}
				{bone revolute "wheelL1"
					{parameters "ID=wheelleft1;"}
					{Matrix34
						-1.0000	0.0000	0.0000
						0.0000	0.0000	-1.0000
						0.0000	-1.0000	0.0000
						-0.0005	-0.0003	0.0006
					}
					{VolumeView "wheelL1.ply"}
				}
			}
		}
	}
}
{Volume "wheelleft1"
	{Polyhedron "wheelleft1.vol"}
	{Bone "wheelL1"}
	{Matrix34
		-1.0000	0.0000	0.0000
		0.0000	1.0000	0.0000
		0.0000	0.0000	-1.0000
		-0.1339	-0.0547	-0.6593
	}
}
{Volume "wheelright1"
	{Polyhedron "wheelright1.vol"}
	{Bone "wheelR1"}
	{Matrix34
		-1.0000	0.0000	0.0000
		0.0000	1.0000	0.0000
		0.0000	0.0000	-1.0000
		-0.1334	-0.0547	0.7451
	}
}
{Volume "trackLeft"
	{Polyhedron "trackLeft.vol"}
	{Bone "trackL"}
	{Position 0.0002	0.0002	-0.0002}
}
{Volume "trackRight"
	{Polyhedron "trackRight.vol"}
	{Bone "trackR"}
	{Position -0.0001	-0.0002	-0.5134}
}
{Volume "fuel"
	{Polyhedron "fuel.vol"}
	{Bone "body"}
	{Matrix34
		1.0000	0.0000	0.0000
		0.0000	0.0000	1.0000
		0.0000	-1.0000	0.0000
		19.4533	0.9060	-6.3725
	}
}
{Volume "inventory"
	{Polyhedron "inventory.vol"}
	{Bone "body"}
	{Matrix34
		1.0000	0.0000	0.0000
		0.0000	0.0000	1.0000
		0.0000	-1.0000	0.0000
		-46.8180	0.9002	-4.7257
	}
}
{Volume "body"
	{Polyhedron "body.vol"}
	{Bone "body"}
	{Position -13.2574	0.0000	3.6312}
}
{Volume "engine"
	{Polyhedron "engine.vol"}
	{Bone "engine"}
	{Position 30.7583	0.4299	-0.4498}
}
{Volume "turret"
	{Polyhedron "turret.vol"}
	{Bone "turret"}
	{Position 0.0000	0.0000	10.6345}
}
