;Exported by: ubrashaev
;Date:        Wed Mar 24 18:34:21 2004
;File:        D:\-Projects-\-work-\3d\construction\Aerodrome\Tower_aero_x.max
{Skeleton
	{animation
		{sequence "crush" {speed 0.4}}
	}
	{bone "corner1"
		{parameters "CommonMesh;"}
		{Orientation
			1.0000	0.0000	0.0000
			0.0000	-1.0000	0.0000
			0.0000	0.0000	1.0000
		}
		{VolumeView "corner1.ply"}
		{bone "piece1"
			{Position -3.5934	-63.9690	101.9257}
			{VolumeView "piece1.ply"}
		}
		{bone "piece2"
			{Position -44.6285	16.3122	157.0397}
			{VolumeView "piece2.ply"}
		}
		{bone "light"
			{parameters "CommonMesh;"}
			{Position -35.6349	-14.6437	197.3257}
			{VolumeView "light.ply"}
		}
		{bone "roof01"
			{parameters "CommonMesh;"}
			{Position -7.8729	14.9221	207.7000}
			{VolumeView "roof01.ply"}
		}
		{bone "piece4"
			{Position 2.4314	69.8777	126.1479}
			{VolumeView "piece4.ply"}
		}
		{bone "piece5"
			{Position -30.4814	18.4661	126.0385}
			{VolumeView "piece5.ply"}
		}
		{bone "piece6"
			{Position 3.2678	-42.5400	126.0446}
			{VolumeView "piece6.ply"}
		}
		{bone "piece8"
			{Position 17.7199	-30.0563	93.2114}
			{VolumeView "piece8.ply"}
		}
		{bone "piece7"
			{Position 22.6086	61.8752	71.2026}
			{VolumeView "piece7.ply"}
		}
		{bone "piece10"
			{Position 11.5988	62.4634	91.7040}
			{VolumeView "piece10.ply"}
		}
		{bone "piece11"
			{Position -12.5584	-25.3318	50.1909}
			{VolumeView "piece11.ply"}
		}
		{bone "piece12"
			{Position -12.0672	8.3884	76.5093}
			{VolumeView "piece12.ply"}
		}
		{bone "piece13"
			{Position -12.0672	42.5351	51.1634}
			{VolumeView "piece13.ply"}
		}
		{bone "piece14"
			{Position -12.1369	49.0416	103.1931}
			{VolumeView "piece14.ply"}
		}
	}
}
{Volume "piece14"
	{Box 29.8966 5.76501 35.9777}
	{Bone "piece14"}
	{Matrix34
		-0.0017	0.9987	-0.0501
		-1.0000	-0.0017	0.0000
		-0.0001	0.0501	0.9987
		-0.2178	0.6839	1.2133
	}
}
{Volume "piece13"
	{Box 26.1281 5.76501 26.849}
	{Bone "piece13"}
	{Matrix34
		-0.0016	0.9120	-0.4101
		-1.0000	-0.0017	0.0000
		-0.0007	0.4101	0.9120
		-0.2954	2.9305	-2.5391
	}
}
{Volume "piece12"
	{Box 27.2586 5.76501 26.849}
	{Bone "piece12"}
	{Matrix34
		-0.0016	0.8968	-0.4423
		-1.0000	-0.0017	-0.0000
		-0.0008	0.4423	0.8968
		-0.2962	0.0098	-3.9540
	}
}
{Volume "piece11"
	{Box 12.5616 5.76501 26.849}
	{Bone "piece11"}
	{Matrix34
		-0.0017	0.9987	-0.0501
		-1.0000	-0.0017	0.0000
		-0.0001	0.0501	0.9987
		0.2041	-1.2307	-0.4026
	}
}
{Volume "piece10"
	{Box 18.968 5.76501 22.8217}
	{Bone "piece10"}
	{Matrix34
		0.7921	0.0000	0.6104
		0.0000	1.0000	0.0000
		-0.6104	0.0000	0.7921
		-1.0645	-0.3282	-1.1774
	}
}
{Volume "piece7"
	{Box 18.968 5.76501 22.8217}
	{Bone "piece7"}
	{Matrix34
		0.7921	0.0000	0.6104
		0.0000	1.0000	0.0000
		-0.6104	0.0000	0.7921
		1.3084	0.2601	-0.9220
	}
}
{Volume "piece8"
	{Box 12.5616 5.76501 26.849}
	{Bone "piece8"}
	{Matrix34
		0.8886	0.0000	0.4587
		0.0000	1.0000	0.0000
		-0.4587	0.0000	0.8886
		-0.5891	-0.2075	-0.4058
	}
}
{Volume "piece6"
	{Box 16.1556 29.8518 5.90551}
	{Bone "piece6"}
	{Position -3.5305	0.0000	-0.2040}
}
{Volume "piece5"
	{Box 27.5585 35.1598 6.14173}
	{Bone "piece5"}
	{Matrix34
		0.8309	0.5564	0.0000
		-0.5564	0.8309	0.0000
		0.0000	0.0000	1.0000
		-1.5515	-2.1008	-0.0797
	}
}
{Volume "piece4"
	{Box 28.5966 30.0043 5.90551}
	{Bone "piece4"}
	{Position 3.3015	4.6054	-0.2011}
}
{Volume "piece2"
	{Box 4.5235 4.83762 59.5221}
	{Bone "piece2"}
	{Position 0.0000	-0.0000	0.0000}
}
{Volume "piece1"
	{Box 4.5235 4.83762 77.974}
	{Bone "piece1"}
	{Matrix34
		1.0000	0.0000	0.0000
		0.0000	0.5775	0.8164
		0.0000	-0.8164	0.5775
		0.7933	0.1319	0.9247
	}
}
