;MDL File generated by SOEdit
;Model created by: <St.Andrey>
;PLY Geometry by: <insert modeler name>
;VOL Geometry by: <insert modeler name>
{Skeleton
    {Animation
        {sequence "recoil" {speed 0.7}}
    }
    {bone revolute "Basis"
        {limits -0.0000 0.0000}
        {speed 0.0100}
        {Orientation
            1.0000 0.0000 0.0000
            0.0000 -1.0000 0.0000
            0.0000 0.0000 1.0000
        }
        {bone "body"
            {parameters "CommonMesh;ID=body;"}
            {Animation
                {sequence "repair" {speed 0.8} {file "body_r.anm"}}
            }
            {Position -21.3858 -0.0899 6.3716}
            {VolumeView "body.ply"}
            {bone revolute "WheelR"
                {parameters "ID=wheelright;"}
                {Matrix34
                    1.0000 0.0000 0.0000
                    0.0000 0.0000 -1.0000
                    0.0000 1.0000 0.0000
                    29.7071 -15.5079 0.3566
                }
                {VolumeView "WheelR.ply"}
            }
            {bone revolute "WheelL"
                {parameters "ID=wheelleft;"}
                {Matrix34
                    0.9962 0.0000 0.0872
                    0.0872 0.0000 -0.9962
                    0.0000 1.0000 0.0000
                    29.5975 17.3616 0.5481
                }
                {VolumeView "WheelL.ply"}
            }
            {bone revolute "turret"
                {parameters "ID=turret;"}
                {limits -15.0000 15.0000}
                {speed 0.0100}
                {Matrix34
                    0.0000 1.0000 0.0000
                    -1.0000 0.0000 0.0000
                    0.0000 0.0000 1.0000
                    26.5597 0.8376 2.4001
                }
                {VolumeView "turret.ply"}
                {bone revolute "gun_rot"
                    {parameters "ID=gun;"}
                    {limits -10.0000 25.0000}
                    {speed 0.0100}
                    {Matrix34
                        0.0000 -1.0000 0.0000
                        0.0000 0.0000 1.0000
                        -1.0000 0.0000 0.0000
                        2.4297 5.1400 4.9309
                    }
                    {VolumeView "gun_rot.ply"}
                    {bone "gun"
                        {parameters "ID=gun;"}
                        {Matrix34
                            0.0000 0.0000 -1.0000
                            -1.0000 0.0000 0.0000
                            0.0000 1.0000 0.0000
                            -3.4961 2.6146 3.0129
                        }
                        {VolumeView "gun.ply"}
                        {bone "Foresight1"
                            {parameters "Vis;"}
                            {Matrix34
                                0.0000 -1.0000 0.0000
                                1.0000 0.0000 0.0000
                                0.0000 0.0000 1.0000
                                0.0185 -85.5707 0.6858
                            }
                        }
                    }
                }
                {bone "Visor"
                    {parameters "Vis;"}
                    {Matrix34
                        0.0000 -1.0000 0.0000
                        1.0000 0.0000 0.0000
                        0.0000 0.0000 1.0000
                        8.4917 -0.5526 11.7054
                    }
                }
                {bone "gunner"
                    {Matrix34
                        -0.3420 -0.9397 -0.0013
                        0.9397 -0.3420 0.0001
                        -0.0005 -0.0012 1.0000
                        11.9449 15.3011 -7.0528
                    }
                }
                {bone "charger"
                    {Matrix34
                        0.5736 -0.8192 -0.0013
                        0.8192 0.5736 0.0001
                        0.0007 -0.0011 1.0000
                        -9.0041 27.3314 -7.0978
                    }
                }
            }
            {bone "emit1"
                {Matrix34
                    0.9448 -0.3277 0.0000
                    0.3277 0.9448 0.0000
                    0.0000 0.0000 1.0000
                    1.3552 9.2619 -6.3716
                }
                {visibility 0}
            }
            {bone "emit2"
                {Matrix34
                    0.2588 0.9659 0.0000
                    -0.9659 0.2588 0.0000
                    0.0000 0.0000 1.0000
                    5.8577 -20.7730 -6.3716
                }
            }
            {bone "emit3"
                {Matrix34
                    0.9448 -0.3277 0.0000
                    0.3277 0.9448 0.0000
                    0.0000 0.0000 1.0000
                    -35.3552 20.2619 -6.3716
                }
                {visibility 0}
            }
            {bone "emit4"
                {Matrix34
                    0.2588 0.9659 0.0000
                    -0.9659 0.2588 0.0000
                    0.0000 0.0000 1.0000
                    -35.8577 -30.7730 -6.3716
                }
            }
            {bone "driver"
                {Matrix34
                    0.9448 -0.3277 0.0000
                    0.3277 0.9448 0.0000
                    0.0000 0.0000 1.0000
                    -21.2760 18.1306 -3.9716
                }
            }
            {bone "commander"
                {Matrix34
                    0.9177 0.3971 0.0000
                    -0.3972 0.9177 0.0000
                    0.0000 0.0000 1.0000
                    -20.2414 -18.1345 -4.1716
                }
            }
        }
    }
}
{Obstacle "Obstacle3"
    {Obb2
        {Center 3.8216 -0.0489}
        {Extent 6.8466 17.7277}
        {Axis 0 0}
    }
    {Rotate}
}
{Volume "turret"
    {Polyhedron "turret.vol"}
    {Bone "turret"}
    {Matrix34
        0.0000 -1.0000 0.0000
        1.0000 0.0000 0.0000
        0.0000 0.0000 1.0000
        0.0000 -3.7380 4.8812
    }
}
{Volume "gun"
    {Cylinder 1.02623 46.02360}
    {Bone "gun"}
    {Matrix34
        1.0000 0.0000 0.0000
        0.0000 0.0000 1.0000
        0.0000 -1.0000 0.0000
        -0.9308 -42.5014 0.9268
    }
}
{Volume "body2"
    {Cylinder 1.99170 54.16730}
    {Bone "body"}
    {Matrix34
        -0.3388 0.9397 -0.0471
        -0.1378 0.0000 0.9905
        0.9307 0.3420 0.1295
        -1.2323 -13.1714 2.9969
    }
}
{Volume "body1"
    {Cylinder 1.99170 54.16730}
    {Bone "body"}
    {Matrix34
        -0.3345 -0.9354 -0.1143
        0.1480 0.0677 -0.9867
        0.9307 -0.3469 0.1158
        -2.1889 13.0874 3.0637
    }
}
{Volume "wheelleft"
    {Cylinder 6.84871 3.60311}
    {Bone "WheelL"}
    {Matrix34
        0.9962 0.0872 0.0000
        0.0872 -0.9962 0.0000
        0.0000 0.0000 -1.0000
        0.0000 0.0000 -0.0280
    }
}
{Volume "wheelright"
    {Cylinder 6.84871 3.60311}
    {Bone "WheelR"}
    {Matrix34
        1.0000 0.0000 0.0000
        0.0000 -1.0000 0.0000
        0.0000 0.0000 -1.0000
        0.0000 0.0000 0.0461
    }
}
