;Exported by: shevchenko
;Date:        Mon Apr 19 11:00:42 2004
;File:        D:\-Projects-\-3DWork-\sheva\SK\build-21_x.max
{Skeleton
	{animation
		{sequence "crush" {speed 0.4}}
	}
	{bone "build-21_corner1_x"
		{parameters "CommonMesh;"}
		{Orientation
			1.0000	0.0000	0.0000
			0.0000	-1.0000	0.0000
			0.0000	0.0000	1.0000
		}
		{VolumeView "build-21_corner1_x.ply"}
		{bone "Piece0"
			{Matrix34
				-0.7071	-0.0000	0.7071
				0.0000	1.0000	0.0000
				-0.7071	0.0000	-0.7071
				-32.1425	31.1072	64.0856
			}
			{VolumeView "Piece0.ply"}
		}
		{bone "Piece1"
			{Matrix34
				-0.9063	-0.0000	-0.4226
				-0.0000	1.0000	0.0000
				0.4226	0.0000	-0.9063
				26.6265	31.1071	54.8040
			}
			{VolumeView "Piece1.ply"}
		}
		{bone "Piece2"
			{Matrix34
				-0.8660	-0.0000	0.5000
				0.0000	1.0000	0.0000
				-0.5000	0.0000	-0.8660
				25.1512	31.1071	99.9555
			}
			{VolumeView "Piece2.ply"}
		}
		{bone "Piece3"
			{Matrix34
				-1.0000	-0.0000	0.0000
				-0.0000	1.0000	0.0000
				-0.0000	0.0000	-1.0000
				10.7404	31.1071	146.2651
			}
			{VolumeView "Piece3.ply"}
		}
		{bone "Piece4"
			{Matrix34
				1.0000	0.0000	0.0000
				0.0000	-1.0000	0.0000
				0.0000	-0.0000	-1.0000
				-28.5422	31.1071	94.0928
			}
			{VolumeView "Piece4.ply"}
		}
		{bone "Piece5"
			{Matrix34
				-1.0000	-0.0000	0.0000
				-0.0000	1.0000	0.0000
				-0.0000	0.0000	-1.0000
				11.3090	31.1071	117.9302
			}
			{VolumeView "Piece5.ply"}
		}
		{bone "Piece6"
			{Matrix34
				-0.9063	-0.0000	0.4226
				-0.0000	1.0000	0.0000
				-0.4226	0.0000	-0.9063
				32.1447	31.1071	78.8833
			}
			{VolumeView "Piece6.ply"}
		}
		{bone "Piece7"
			{Matrix34
				-1.0000	-0.0000	0.0000
				-0.0000	1.0000	0.0000
				-0.0000	0.0000	-1.0000
				-2.4605	31.1072	67.0567
			}
			{VolumeView "Piece7.ply"}
		}
		{bone "Piece8"
			{Matrix34
				-1.0000	-0.0000	0.0000
				-0.0000	1.0000	0.0000
				-0.0000	0.0000	-1.0000
				-34.0805	15.6346	82.8636
			}
			{VolumeView "Piece8.ply"}
		}
		{bone "Piece9"
			{Matrix34
				-1.0000	-0.0000	0.0000
				-0.0000	1.0000	0.0000
				-0.0000	0.0000	-1.0000
				-33.9377	-16.0094	70.5571
			}
			{VolumeView "Piece9.ply"}
		}
		{bone "Piece10"
			{Matrix34
				1.0000	0.0000	0.0000
				0.0000	-1.0000	0.0000
				0.0000	-0.0000	-1.0000
				-10.3205	31.1071	112.8226
			}
			{VolumeView "Piece10.ply"}
		}
		{bone "Piece11"
			{Matrix34
				-1.0000	-0.0000	0.0000
				-0.0000	1.0000	0.0000
				-0.0000	0.0000	-1.0000
				-34.0805	-18.5933	24.2533
			}
			{VolumeView "Piece11.ply"}
		}
		{bone "Piece12"
			{Matrix34
				-1.0000	-0.0000	0.0000
				-0.0000	1.0000	0.0000
				-0.0000	0.0000	-1.0000
				-34.0805	-16.2663	41.2402
			}
			{VolumeView "Piece12.ply"}
		}
		{bone "Piece13"
			{Matrix34
				-1.0000	-0.0000	0.0000
				-0.0000	1.0000	0.0000
				-0.0000	0.0000	-1.0000
				-38.0175	9.4413	34.2380
			}
			{VolumeView "Piece13.ply"}
		}
		{bone "Piece14"
			{Matrix34
				-1.0000	-0.0000	0.0000
				-0.0000	1.0000	0.0000
				-0.0000	0.0000	-1.0000
				-33.9377	10.5187	59.2296
			}
			{VolumeView "Piece14.ply"}
		}
	}
}
{Volume "Body14"
	{Box 22.0236 7.87402 23.0063}
	{Bone "Piece14"}
	{Matrix34
		-0.0000	-1.0000	-0.0000
		1.0000	-0.0000	0.0000
		0.0000	0.0000	1.0000
		0.2010	1.5041	1.3824
	}
}
{Volume "Body13"
	{Box 30.8727 7.87402 13.1136}
	{Bone "Piece13"}
	{Matrix34
		-0.0000	-0.9848	0.1736
		1.0000	-0.0000	-0.0000
		0.0000	0.1736	0.9848
		-3.8789	1.5390	-0.3341
	}
}
{Volume "Body12"
	{Box 18.9403 7.87402 17.2547}
	{Bone "Piece12"}
	{Matrix34
		-0.0000	-1.0000	-0.0000
		1.0000	-0.0000	0.0000
		0.0000	0.0000	1.0000
		0.0582	0.5782	-0.3702
	}
}
{Volume "Body11"
	{Box 17.4251 7.87402 13.2862}
	{Bone "Piece11"}
	{Matrix34
		-0.0000	-1.0000	-0.0000
		1.0000	-0.0000	0.0000
		0.0000	0.0000	1.0000
		0.0582	0.1294	1.1482
	}
}
{Volume "Body10"
	{Box 10.1846 7.87402 24.624}
	{Bone "Piece10"}
	{Matrix34
		0.7660	0.0000	0.6428
		0.0000	1.0000	-0.0000
		-0.6428	-0.0000	0.7660
		-2.6275	-0.0707	-0.3980
	}
}
{Volume "Body9"
	{Box 19.8411 7.87402 11.5459}
	{Bone "Piece9"}
	{Matrix34
		-0.0000	-1.0000	-0.0000
		1.0000	-0.0000	0.0000
		0.0000	0.0000	1.0000
		0.2010	-0.0734	0.2486
	}
}
{Volume "Body8"
	{Box 19.8411 7.87402 18.7043}
	{Bone "Piece8"}
	{Matrix34
		-0.0000	-1.0000	-0.0000
		1.0000	-0.0000	0.0000
		0.0000	0.0000	1.0000
		0.0582	0.9142	0.1601
	}
}
{Volume "Body7"
	{Box 18.8388 7.87402 20.6933}
	{Bone "Piece7"}
	{Matrix34
		0.9063	-0.0000	0.4226
		0.0000	1.0000	-0.0000
		-0.4226	-0.0000	0.9063
		-0.2819	-0.0707	-2.0908
	}
}
{Volume "Body6"
	{Box 10.1846 7.87402 15.8098}
	{Bone "Piece6"}
	{Position 0.3986	-0.0707	-0.0314}
}
{Volume "Body5"
	{Box 15.8309 7.87402 19.3195}
	{Bone "Piece5"}
	{Matrix34
		0.9063	-0.0000	0.4226
		0.0000	1.0000	-0.0000
		-0.4226	-0.0000	0.9063
		-0.8540	-0.0707	-1.3423
	}
}
{Volume "Body4"
	{Box 10.1846 7.87402 22.2918}
	{Bone "Piece4"}
	{Matrix34
		0.9397	0.0000	0.3420
		-0.0000	1.0000	0.0000
		-0.3420	0.0000	0.9397
		-0.1589	-0.0707	0.0267
	}
}
{Volume "Body3"
	{Box 18.8388 7.87402 16.2284}
	{Bone "Piece3"}
	{Position 0.2244	-0.0707	1.0182}
}
{Volume "Body2"
	{Box 13.6474 7.87402 14.8612}
	{Bone "Piece2"}
	{Position 0.8918	-0.0707	-0.0612}
}
{Volume "Body1"
	{Box 14.7603 7.87402 15.8098}
	{Bone "Piece1"}
	{Position 1.2389	-0.0707	0.0061}
}
{Volume "Body0"
	{Box 10.1846 7.87402 24.624}
	{Bone "Piece0"}
	{Matrix34
		0.7660	0.0000	0.6428
		-0.0000	1.0000	0.0000
		-0.6428	0.0000	0.7660
		-2.6275	-0.0707	-0.3980
	}
}
