{Skeleton
	{animation
		{sequence "fire"}
	}
	{bone revolute "Basis"
		{limits -0.0000 0.0000}
		{speed 0.0100}
		{Orientation
			1.0000	0.0000	0.0000
			0.0000	-1.0000	0.0000
			0.0000	0.0000	1.0000
		}
		{bone "body"
			{parameters "ID=body;"}
			{Matrix34
				-1.0000	0.0000	0.0000
				0.0000	0.0000	1.0000
				0.0000	1.0000	0.0000
				1.2336	-2.0457	9.7862
			}
			{VolumeView "body.ply"}
			{bone revolute "turret"
				{parameters "ID=body;"}
				{limits -15.0000 15.0000}
				{speed 0.0100}
				{Matrix34
					1.0000	0.0000	0.0000
					0.0000	0.0000	-1.0000
					0.0000	1.0000	0.0000
					-3.5405	1.3987	0.7438
				}
				{VolumeView "turret.ply"}
				{bone revolute "gun"
					{parameters "ID=gun;"}
					{limits -5.0000 70.0000}
					{speed 0.0100}
					{Matrix34
						-0.9659	0.0000	0.2588
						0.2588	0.0000	0.9659
						0.0000	1.0000	0.0000
						-0.8566	-0.0257	9.5911
					}
					{VolumeView "gun.ply"}
					{bone "shooter05"
						{Matrix34
							-1.0000	0.0000	0.0000
							0.0000	-1.0000	0.0000
							0.0000	0.0000	1.0000
							-9.6113	0.6204	4.1483
						}
						{bone "rocket05"
							{Matrix34
								1.0000	0.0000	0.0000
								0.0000	-1.0000	0.0000
								0.0000	0.0000	1.0000
								-3.7513	0.1777	-0.1382
							}
							{VolumeView "rocket05.ply"}
						}
					}
					{bone "shooter00"
						{Matrix34
							-1.0000	0.0000	0.0000
							0.0000	-1.0000	0.0000
							0.0000	0.0000	1.0000
							-9.6113	4.0187	1.9594
						}
						{bone "rocket00"
							{Matrix34
								1.0000	0.0000	0.0000
								0.0000	-1.0000	0.0000
								0.0000	0.0000	1.0000
								-3.7513	0.0021	0.0271
							}
							{VolumeView "rocket00.ply"}
						}
					}
					{bone "shooter01"
						{Matrix34
							-1.0000	0.0000	0.0000
							0.0000	-1.0000	0.0000
							0.0000	0.0000	1.0000
							-9.6113	4.0187	-1.9151
						}
						{bone "rocket01"
							{Matrix34
								1.0000	0.0000	0.0000
								0.0000	-1.0000	0.0000
								0.0000	0.0000	-1.0000
								-3.7513	0.0021	-0.0033
							}
							{VolumeView "rocket01.ply"}
						}
					}
					{bone "shooter02"
						{Matrix34
							-1.0000	0.0000	0.0000
							0.0000	-1.0000	0.0000
							0.0000	0.0000	1.0000
							-9.6113	0.6718	-3.9298
						}
						{bone "rocket02"
							{Matrix34
								1.0000	0.0000	0.0000
								0.0000	-1.0000	0.0000
								0.0000	0.0000	-1.0000
								-3.7513	0.2291	-0.0122
							}
							{VolumeView "rocket02.ply"}
						}
					}
					{bone "shooter03"
						{Matrix34
							-1.0000	0.0000	0.0000
							0.0000	-1.0000	0.0000
							0.0000	0.0000	1.0000
							-9.6113	-2.7514	-1.9880
						}
						{bone "rocket03"
							{Matrix34
								1.0000	0.0000	0.0000
								0.0000	-1.0000	0.0000
								0.0000	0.0000	-1.0000
								-3.7513	-0.0529	-0.0095
							}
							{VolumeView "rocket03.ply"}
						}
					}
					{bone "shooter04"
						{Matrix34
							-1.0000	0.0000	0.0000
							0.0000	-1.0000	0.0000
							0.0000	0.0000	1.0000
							-9.6113	-2.7806	2.0505
						}
						{bone "rocket04"
							{Matrix34
								1.0000	0.0000	0.0000
								0.0000	-1.0000	0.0000
								0.0000	0.0000	1.0000
								-3.7513	-0.0820	0.0150
							}
							{VolumeView "rocket04.ply"}
						}
					}
					{bone "foresight"
						{Position 16.8187	0.6159	0.0000}
					}
				}
				{bone "FXsmoke1"
					{Matrix34
						0.0000	0.0000	1.0000
						1.0000	0.0000	0.0000
						0.0000	1.0000	0.0000
						-0.4139	0.1144	0.9076
					}
				}
				{bone "Visor"
					{Matrix34
						-1.0000	0.0000	0.0000
						0.0000	0.0000	1.0000
						0.0000	1.0000	0.0000
						-6.8326	-0.0257	4.2046
					}
				}
			}
			{bone "gunner"
				{Matrix34
					-0.8517	0.4226	-0.3100
					-0.3420	-0.0000	0.9397
					0.3971	0.9063	0.1445
					27.3267	-14.7050	20.4575
				}
			}
			{bone "commander"
				{Matrix34
					-0.8214	0.4226	0.3830
					0.4226	0.0000	0.9063
					0.3830	0.9063	-0.1786
					27.5731	-14.6868	-17.6336
				}
			}
			{bone revolute "WheelR"
				{parameters "ID=wheelright;"}
				{Position 0.3840	-0.0535	-13.8104}
				{VolumeView "WheelR.ply"}
			}
			{bone revolute "WheelL"
				{parameters "ID=wheelleft;"}
				{Position 0.3370	0.0939	15.1618}
				{VolumeView "WheelL.ply"}
			}
		}
		{bone "emit1"
			{parameters "Group=crew;"}
			{Position -16.8820	26.3388	0.4289}
			{visibility 0}
		}
		{bone "emit2"
			{parameters "Group=crew;"}
			{Position -16.3486	-28.5022	0.4289}
			{visibility 0}
		}
	}
}
{Obstacle "Obstacle3"
	{Obb2
		{Center 0.711462 1.08927}
		{Extent 7.8537 16.4249}
		{Axis -1 0}
	}
	{Rotate}
}
{Volume "Body2"
	{Cylinder 1.21062 40.1926}
	{Bone "body"}
	{Matrix34
		-0.3405	-0.0474	-0.9390
		0.1075	0.9902	-0.0890
		0.9341	-0.1313	-0.3321
		18.6825	-5.5995	-12.7476
	}
}
{Volume "Body1"
	{Cylinder 1.21062 40.1926}
	{Bone "body"}
	{Matrix34
		0.3056	-0.0429	-0.9512
		0.1390	0.9903	0.0000
		0.9419	-0.1322	0.3086
		18.8406	-5.6185	13.8000
	}
}
{Volume "wheelleft"
	{Cylinder 10.0436 3.9}
	{Bone "WheelL"}
	{Matrix34
		-1.0000	0.0000	0.0000
		0.0000	1.0000	0.0000
		0.0000	0.0000	-1.0000
		0.0470	-0.1474	-0.0474
	}
}
{Volume "wheelright"
	{Cylinder 10.0436 3.9}
	{Bone "WheelR"}
	{Orientation
		-1.0000	0.0000	0.0000
		0.0000	1.0000	0.0000
		0.0000	0.0000	-1.0000
	}
}
{Volume "turret"
	{Box 8.12734 12.965 10.3256}
	{Bone "turret"}
	{Matrix34
		-1.0000	0.0000	0.0000
		0.0000	-1.0000	0.0000
		0.0000	0.0000	1.0000
		0.5493	0.4502	5.4671
	}
}
{Volume "Gun"
	{Cylinder 5.8342 25.2999}
	{Bone "gun"}
	{Matrix34
		0.0000	0.0000	1.0000
		0.0000	1.0000	0.0000
		-1.0000	-0.0000	0.0000
		3.4843	0.6601	-0.0084
	}
}