{Skeleton
	{bone "Basis"
		{Orientation
			1.0000	0.0000	0.0000
			0.0000	-1.0000	0.0000
			0.0000	0.0000	1.0000
		}
		{bone "Body"
			{parameters "ID=body;"}
			{Matrix34
				1.0000	0.0000	0.0000
				0.0000	1.0000	0.0000
				0.0000	0.0000	1.0000
				0.3000	0.0000	13.2000
			}
			{VolumeView "Body.ply"}
			{bone "FXfire1"
				{Matrix34
					0.0000	0.0000	1.0000
					0.0000	1.0000	0.0000
					-1.0000	0.0000	0.0000
					-37.9881	-0.5340	11.7304
				}
			}
			{bone "FXshot"
				{Matrix34
					0.0000	0.0000	1.0000
					0.0000	1.0000	0.0000
					-1.0000	0.0000	0.0000
					-2.6137	-0.5340	2.4120
				}
			}
			{bone "FXsmoke1"
				{Matrix34
					-1.1547	0.0000	-0.5422
					0.0000	1.0000	0.0000
					1.0000	0.0000	0.0000
					-59.4756	5.5858	7.7458
				}
			}
			{bone "seat01"
				{Matrix34
					0.2504	-0.9672	-0.0423
					0.9664	0.2471	0.0705
					-0.0576	-0.0585	0.9966
					-18.4421	-15.6480	16.1074
				}
			}
			{bone "seat02"
				{Matrix34
					-0.0073	-0.9804	0.1971
					0.9988	0.0019	0.0471
					-0.0465	0.1973	0.9792
					-31.3866	-15.7933	16.5653
				}
			}
			{bone "seat03"
				{Matrix34
					-0.2458	-0.9622	-0.1174
					0.9682	-0.2381	-0.0763
					0.0455	-0.1324	0.9901
					-43.2413	-15.3066	12.0180
				}
			}
			{bone revolute "Turret"
				{parameters "ID=turret;"}
				{speed 0.0200}
				{Matrix34
					-0.9996	-0.0279	0.0000
					0.0279	-0.9996	0.0000
					0.0000	0.0000	1.0000
					9.9012	3.6779	22.2000
				}
				{VolumeView "Turret.ply"}
				{bone "FXfire2"
					{Matrix34
						0.0000	0.0000	1.0000
						0.0000	1.0000	0.0000
						-1.0000	0.0000	0.0000
						-0.6754	8.6459	5.7845
					}
				}
				{bone "Visor1"
					{Matrix34
						-1.0000	0.0000	0.0000
						0.0000	-1.0000	0.0000
						0.0000	0.0000	1.0000
						-9.0353	0.0000	12.8708
					}
				}
				{bone revolute "Gun_rot"
					{parameters "ID=gun;"}
					{limits -5.0000 15.0000}
					{speed 0.0100}
					{Matrix34
						-0.9976	0.0477	0.0496
						0.0509	0.0259	0.9983
						0.0463	0.9985	-0.0283
						-12.6939	2.0715	5.9106
					}
					{VolumeView "Gun_rot.ply"}
					{bone "Gun"
						{parameters "ID=gun;"}
						{Matrix34
							-0.0055	0.0163	-0.9998
							0.0813	0.9965	0.0158
							0.9967	-0.0811	-0.0068
							6.3363	-1.0795	3.3589
						}
						{VolumeView "Gun.ply"}
						{bone "Foresight1"
							{Matrix34
								0.0000	0.0000	1.0000
								1.0000	0.0000	0.0000
								0.0000	1.0000	0.0000
								0.0537	0.4254	24.7505
							}
						}
					}
					{bone "Foresight3"
						{Matrix34
							0.9980	-0.0575	0.0000
							0.0000	0.0000	-1.0000
							0.0575	0.9980	0.0000
							6.3737	-1.8032	-3.6867
						}
					}
				}
			}
			{bone "Visor2"
				{Position 41.1063	11.6906	12.5804}
			}
			{bone "engine"
				{Matrix34
					0.0000	0.0000	1.0000
					0.0000	1.0000	0.0000
					-1.0000	0.0000	0.0000
					-30.4113	-0.7579	5.6095
				}
			}
		}
		{bone "WheelsL"
			{parameters "ID=trackleft;"}
			{Matrix34
				-1.0000	0.0000	0.0000
				0.0000	0.0000	1.0000
				0.0000	1.0000	0.0000
				-3.4234	18.7468	11.5842
			}
			{bone "FXtraceL2"
				{Matrix34
					1.0000	0.0000	0.0000
					0.0000	0.0000	-1.0000
					0.0000	1.0000	0.0000
					48.3136	-8.3701	3.0445
				}
			}
			{bone "FXtraceL1"
				{Matrix34
					1.0000	0.0000	0.0000
					0.0000	0.0000	-1.0000
					0.0000	1.0000	0.0000
					48.3136	-8.3701	3.0445
				}
			}
			{bone "TrackL"
				{parameters "ID=trackleft;"}
				{Matrix34
					-1.0000	0.0000	0.0000
					0.0000	1.0000	0.0000
					0.0000	0.0000	-1.0000
					-10.3564	7.2472	-16.4942
				}
				{VolumeView "TrackL.ply"}
			}
			{bone revolute "wheell1"
				{Matrix34
					1.0000	0.0000	0.0000
					0.0000	1.0000	0.0000
					0.0000	0.0000	1.0000
					-45.3438	1.0200	0.8291
				}
				{VolumeView "wheell1.ply"}
			}
			{bone revolute "wheell2"
				{Matrix34
					1.0000	0.0000	0.0000
					0.0000	1.0000	0.0000
					0.0000	0.0000	1.0000
					46.2200	-1.1200	0.8000
				}
				{VolumeView "wheell2.ply"}
			}
		}
		{bone "WheelsR"
			{parameters "ID=trackright;"}
			{Matrix34
				-1.0000	0.0000	0.0000
				0.0000	0.0000	1.0000
				0.0000	1.0000	0.0000
				-3.4234	-15.7468	11.5842
			}
			{bone "FXtraceR2"
				{Matrix34
					1.0000	0.0000	0.0000
					0.0000	0.0000	-1.0000
					0.0000	1.0000	0.0000
					47.6739	-8.4617	-1.8716
				}
			}
			{bone "FXtraceR1"
				{Matrix34
					1.0000	0.0000	0.0000
					0.0000	0.0000	-1.0000
					0.0000	1.0000	0.0000
					47.6739	-8.4617	-1.8716
				}
			}
			{bone "TrackR"
				{parameters "ID=trackright;"}
				{Matrix34
					-1.0000	0.0000	0.0000
					0.0000	1.0000	0.0000
					0.0000	0.0000	-1.0000
					-10.4582	7.0238	-17.5556
				}
				{VolumeView "TrackR.ply"}
			}
			{bone revolute "wheelr1"
				{Matrix34
					1.0000	0.0000	0.0000
					0.0000	1.0000	0.0000
					0.0000	0.0000	1.0000
					-45.3438	1.0200	0.8291
				}
				{VolumeView "wheelr1.ply"}
			}
			{bone revolute "wheelr2"
				{Matrix34
					1.0000	0.0000	0.0000
					0.0000	1.0000	0.0000
					0.0000	0.0000	1.0000
					46.2200	-1.1200	0.8000
				}
				{VolumeView "wheelr2.ply"}
			}
		}
		{bone "emit2"
			{Matrix34
				0.0000	1.0000	0.0000
				-1.0000	0.0000	0.0000
				0.0000	0.0000	1.0000
				-12.7201	-39.3735	0.0000
			}
		}
		{bone "emit1"
			{Matrix34
				0.0000	-1.0000	0.0000
				1.0000	0.0000	0.0000
				0.0000	0.0000	1.0000
				23.9003	39.4462	0.0000
			}
		}
		{bone "emit3"
			{Matrix34
				0.0000	1.0000	0.0000
				-1.0000	0.0000	0.0000
				0.0000	0.0000	1.0000
				-20.7201	-39.3735	0.0000
			}
		}
		{bone "emit4"
			{Matrix34
				0.0000	1.0000	0.0000
				-1.0000	0.0000	0.0000
				0.0000	0.0000	1.0000
				-28.7201	-39.3735	0.0000
			}
		}
		{bone "emit5"
			{Matrix34
				0.0000	1.0000	0.0000
				-1.0000	0.0000	0.0000
				0.0000	0.0000	1.0000
				-36.7201	-39.3735	0.0000
			}
		}
	}
}
{Volume "Trackright"
	{Box 108.799 10.5794 22.6218}
	{Bone "WheelsR"}
	{Matrix34
		1.0000	0.0000	0.0000
		0.0000	0.0000	-1.0000
		0.0000	1.0000	0.0000
		0.2002	0.0252	0.4037
	}
}
{Volume "Trackleft"
	{Box 108.799 10.5794 22.6218}
	{Bone "WheelsL"}
	{Matrix34
		-1.0000	0.0000	0.0000
		0.0000	0.0000	1.0000
		0.0000	1.0000	0.0000
		0.2002	0.0252	1.5325
	}
}
{Volume "Body"
	{Box 108.3340 48.4178 35.0434}
	{Bone "Body"}
	{Matrix34
		1.0000	0.0000	0.0000
		0.0000	1.0000	0.0000
		0.0000	0.0000	1.0000
		-4.8000	1.6000	3.8000
	}
}
{Volume "Crew"
	{Box 19.3343 21.3391 30.5530}
	{Bone "Body"}
	{Matrix34
		1.0000	0.0000	0.0000
		0.0000	1.0000	0.0000
		0.0000	0.0000	1.0000
		8.1000	2.6000	6.6000
	}
}
{Volume "Gun"
	{Cylinder 1.42379 17.83640}
	{Bone "Gun_rot"}
	{Matrix34
		0.0000	0.0000	1.0000
		0.0541	0.9985	0.0000
		-0.9985	0.0541	0.0000
		15.4417	-1.7421	2.5132
	}
}
{Volume "Turret"
	{Cylinder 16.2820 16.0571}
	{Bone "Turret"}
	{Position -1.034 1.0000 8.2674}
}
{Volume "Engine"
	{Box 15.3343 24.4178 16.0434}
	{Bone "engine"}
	{Matrix34
		0.0000	0.0000	1.0000
		0.0000	-1.0000	0.0000
		1.0000	0.0000	0.0000
		2.2033	3.4502	5.9394
	}
}