;Exported by: vic
;Date:        Wed Nov 26 17:44:41 2003
;File:        D:\-Projects-\-3DWork-\Constructions\NEW\Ruini\elements town10_xx.max
{Skeleton
	{bone "e-house109_x"
		{Orientation
			1.0000	0.0000	0.0000
			0.0000	-1.0000	0.0000
			0.0000	0.0000	1.0000
		}
		{bone "piece0"
			{Matrix34
				0.0000	1.0000	0.0000
				-1.0000	0.0000	0.0000
				0.0000	0.0000	1.0000
				8.5784	-22.0653	10.7270
			}
			{VolumeView "piece0.ply"}
		}
		{bone "piece1"
			{Matrix34
				0.0000	1.0000	-0.0000
				1.0000	-0.0000	0.0000
				-0.0000	-0.0000	-1.0000
				7.6261	11.0057	16.0707
			}
			{VolumeView "piece1.ply"}
		}
		{bone "piece2"
			{Matrix34
				-0.0000	-0.1736	0.9848
				1.0000	-0.0000	0.0000
				0.0000	0.9848	0.1736
				8.1438	48.5252	8.7844
			}
			{VolumeView "piece2.ply"}
		}
		{bone "piece3"
			{Matrix34
				0.0000	0.6428	-0.7660
				1.0000	-0.0000	-0.0000
				-0.0000	-0.7660	-0.6428
				8.4921	-50.9081	7.4229
			}
			{VolumeView "piece3.ply"}
		}
		{bone "piece4"
			{Matrix34
				0.0000	1.0000	0.0000
				-0.9063	0.0000	0.4226
				0.4226	-0.0000	0.9063
				-1.0810	11.6007	21.3997
			}
			{VolumeView "piece4.ply"}
		}
		{bone "sub_piece0"
			{Matrix34
				-0.0000	-1.0000	0.0000
				1.0000	-0.0000	0.0000
				0.0000	0.0000	1.0000
				8.4464	-6.0684	19.1771
			}
			{VolumeView "sub_piece0.ply"}
		}
		{bone "sub_piece1"
			{Matrix34
				0.2588	-0.9659	0.0000
				0.9659	0.2588	0.0000
				0.0000	0.0000	1.0000
				-3.7639	-18.3217	0.0000
			}
			{VolumeView "sub_piece1.ply"}
		}
	}
}
{Volume "sub_piece1"
	{Box 14.0904 7.87402 10.7075}
	{Bone "sub_piece1"}
	{Matrix34
		-1.0000	0.0000	0.0000
		-0.0000	-1.0000	0.0000
		0.0000	0.0000	1.0000
		-1.9302	-0.0382	5.4788
	}
}
{Volume "sub_piece0"
	{Box 7.87402 7.87402 9.84252}
	{Bone "sub_piece0"}
	{Position -1.1004	-0.0279	0.0282}
}
{Volume "piece4"
	{Box 14.0904 7.87402 18.1482}
	{Bone "piece4"}
	{Position 1.0789	-0.0073	0.0399}
}
{Volume "piece3"
	{Box 7.87402 7.87402 9.84252}
	{Bone "piece3"}
	{Position -1.1004	-0.0279	0.0282}
}
{Volume "piece2"
	{Box 12.5539 7.87402 13.374}
	{Bone "piece2"}
	{Matrix34
		0.9848	0.0000	0.1736
		0.0000	1.0000	0.0000
		-0.1736	0.0000	0.9848
		-0.2889	-0.0279	-0.8066
	}
}
{Volume "piece1"
	{Box 16.368 9.84252 19.685}
	{Bone "piece1"}
	{Position 0.7383	-0.4199	1.7054}
}
{Volume "piece0"
	{Box 14.0904 7.87402 18.1482}
	{Bone "piece0"}
	{Position 1.0789	-0.0073	0.0399}
}
