;Exported by: garry
;Date:        Sat Sep 18 16:31:49 2004
;File:        D:\-Projects-\-3DWork-\Model\Авто-мото\SDKFZ\sdkfz4\sdkfz4_xx.max
{Skeleton
	{bone "Basis"
		{parameters "WheelRadius=0.2;"}
		{Orientation
			1.0000	0.0000	0.0000
			0.0000	-1.0000	0.0000
			0.0000	0.0000	1.0000
		}
		{bone "Pivot_back"
			{Position -21.9796	-0.0094	10.3820}
			{bone revolute "spring_L"
				{Matrix34
					-0.9998	-0.0000	0.0176
					0.0000	-1.0000	-0.0000
					-0.0176	0.0000	-0.9998
					0.0344	14.9500	-1.9682
				}
				{bone revolute "WheelL3"
					{parameters "ID=wheelleft3;"}
					{Matrix34
						-0.9998	0.0000	-0.0176
						-0.0176	-0.0000	0.9998
						0.0000	1.0000	0.0000
						-7.8758	15.1675	2.2498
					}
					{VolumeView "WheelL3.ply"}
				}
				{bone revolute "WheelL4"
					{parameters "ID=wheelleft4;"}
					{Matrix34
						-0.9998	0.0000	-0.0176
						-0.0176	-0.0000	0.9998
						0.0000	1.0000	0.0000
						16.4688	15.1675	2.6778
					}
					{VolumeView "WheelL4.ply"}
				}
			}
			{bone revolute "spring_R"
				{Matrix34
					-0.9998	-0.0000	0.0176
					0.0000	-1.0000	-0.0000
					-0.0176	0.0000	-0.9998
					0.0344	-15.7349	-1.9682
				}
				{bone revolute "WheelR3"
					{parameters "ID=wheelright3;"}
					{Matrix34
						-0.9998	0.0000	-0.0176
						-0.0176	-0.0000	0.9998
						0.0000	-1.0000	-0.0000
						4.0160	-15.5174	2.4589
					}
					{VolumeView "WheelR3.ply"}
				}
			}
		}
		{bone "Pivot_front"
			{Matrix34
				0.0000	-1.0000	0.0000
				-0.0000	0.0000	1.0000
				1.0000	0.0000	0.0000
				42.3360	-0.0094	7.8883
			}
			{VolumeView "Pivot_front.ply"}
			{bone revolute "steer_L"
				{Matrix34
					0.0000	-0.0176	0.9998
					1.0000	0.0000	-0.0000
					-0.0000	0.9998	0.0176
					-14.9500	-0.6046	-0.0103
				}
				{bone "FXtraceL1"
					{Matrix34
						0.9998	-0.0000	0.0175
						0.0000	-1.0000	-0.0000
						0.0175	0.0000	-0.9998
						0.0736	0.0851	-6.1371
					}
				}
				{bone revolute "wheelL1"
					{parameters "ID=wheelleft1;"}
					{Matrix34
						0.9998	0.0000	0.0176
						0.0176	0.0000	-0.9998
						-0.0000	1.0000	-0.0000
						-0.0690	0.0851	1.9673
					}
					{VolumeView "wheelL1.ply"}
				}
			}
			{bone revolute "steer_R"
				{Matrix34
					0.0000	-0.0176	0.9998
					1.0000	0.0000	-0.0000
					-0.0000	0.9998	0.0176
					15.7349	-0.6046	-0.0103
				}
				{bone "FXtraceR1"
					{Matrix34
						0.9998	-0.0000	0.0175
						0.0000	-1.0000	-0.0000
						0.0175	0.0000	-0.9998
						0.0736	-0.0000	-6.1371
					}
				}
				{bone revolute "wheelR1"
					{parameters "ID=wheelright1;"}
					{Matrix34
						0.9998	-0.0000	0.0176
						0.0176	0.0000	-0.9998
						-0.0000	-1.0000	-0.0000
						-0.0690	-0.0000	1.9673
					}
					{VolumeView "wheelR1.ply"}
				}
			}
		}
		{bone "body"
			{parameters "ID=body;"}
			{Matrix34
				1.0000	0.0000	0.0000
				0.0000	0.9987	0.0518
				0.0000	-0.0518	0.9987
				-1.0020	-0.0000	7.8737
			}
			{VolumeView "body.ply"}
			{bone "Engine"
				{parameters "ID=engine;"}
				{Matrix34
					0.9937	-0.0000	0.1124
					0.0000	1.0000	0.0000
					-0.1124	0.0000	0.9937
					61.0737	-2.7751	-1.8135
				}
				{VolumeView "Engine.ply"}
			}
			{bone revolute "turret"
				{parameters "ID=turret;"}
				{Matrix34
					1.0000	0.0000	0.0000
					0.0000	-1.0000	0.0000
					-0.0000	0.0000	1.0000
					-29.7219	0.0203	21.1575
				}
				{VolumeView "turret.ply"}
				{bone revolute "gun"
					{parameters "ID=gun;"}
					{Matrix34
						1.0000	0.0000	-0.0000
						0.0000	-0.0000	1.0000
						0.0000	-1.0000	-0.0000
						-2.9000	-0.8032	9.2456
					}
					{VolumeView "gun.ply"}
				}
			}
			{bone revolute "WheelR4"
				{parameters "ID=wheelright4;"}
				{Matrix34
					1.0000	-0.0000	0.0000
					-0.0000	0.0000	-1.0000
					-0.0000	1.0000	0.0000
					-50.0725	-0.2268	-1.6436
				}
				{VolumeView "WheelR4.ply"}
			}
			{bone revolute "WheelL2"
				{parameters "ID=wheelleft2;"}
				{Matrix34
					1.0000	-0.0000	0.0000
					-0.0000	0.0000	-1.0000
					-0.0000	-1.0000	-0.0000
					9.8313	-0.2268	-1.5054
				}
				{VolumeView "WheelL2.ply"}
			}
			{bone "part1"
				{Matrix34
					1.0000	-0.0000	0.0000
					-0.0000	-0.0518	-0.9987
					-0.0000	-0.9987	0.0518
					-37.4566	-18.0306	-0.9144
				}
				{VolumeView "part1.ply"}
			}
			{bone "part2"
				{Matrix34
					1.0000	0.0000	0.0000
					0.0000	-0.0000	1.0000
					-0.0000	1.0000	0.0000
					0.1360	7.4874	8.3292
				}
				{VolumeView "part2.ply"}
			}
			{bone "part3"
				{Matrix34
					1.0000	0.0000	0.0000
					0.0000	-0.0000	1.0000
					-0.0000	1.0000	0.0000
					40.0527	-20.7335	5.1342
				}
				{VolumeView "part3.ply"}
			}
			{bone "part4"
				{Matrix34
					1.0000	0.0000	0.0000
					0.0000	-0.0000	1.0000
					-0.0000	1.0000	0.0000
					-6.5022	-0.4000	20.3340
				}
				{VolumeView "part4.ply"}
			}
			{bone "part5"
				{Matrix34
					1.0000	0.0000	0.0000
					0.0000	-0.0000	1.0000
					-0.0000	1.0000	0.0000
					13.8701	0.5801	26.2323
				}
				{VolumeView "part5.ply"}
			}
		}
	}
}
{Volume "Part5"
	{Polyhedron "Part5.vol"}
	{Bone "part5"}
	{Matrix34
		1.0000	-0.0000	-0.0000
		-0.0000	0.0518	-0.9987
		0.0000	0.9987	0.0518
		0.0380	-5.1061	-0.3471
	}
}
{Volume "Part4"
	{Box 20.423 17.6983 1.85}
	{Bone "part4"}
	{Matrix34
		-1.0000	0.0000	0.0000
		-0.0000	-0.0518	0.9987
		0.0000	0.9987	0.0518
		0.0811	-0.1364	0.2665
	}
}
{Volume "Part3"
	{Polyhedron "Part3.vol"}
	{Bone "part3"}
	{Matrix34
		0.9984	-0.0558	-0.0096
		-0.0000	0.1703	-0.9854
		0.0566	0.9838	0.1701
		0.0000	-1.7441	0.8431
	}
}
{Volume "Part2"
	{Polyhedron "Part2.vol"}
	{Bone "part2"}
	{Matrix34
		-1.0000	0.0000	0.0000
		-0.0000	-0.0518	0.9987
		0.0000	0.9987	0.0518
		-13.6365	0.2439	10.4497
	}
}
{Volume "part1"
	{Cylinder 6.27669 2.55}
	{Bone "part1"}
	{Matrix34
		-1.0000	0.0000	0.0000
		-0.0000	-1.0000	-0.0000
		-0.0000	-0.0000	1.0000
		0.0000	-0.0000	0.0419
	}
}
{Volume "Body1"
	{Polyhedron "Body1.vol"}
	{Bone "body"}
	{Position -3.4721	-0.3858	3.4692}
}
{Volume "Body2"
	{Polyhedron "Body2.vol"}
	{Bone "body"}
	{Position 16.6153	0.3234	19.0657}
}
{Volume "turret"
	{Box 20.2677 18.7137 6.14647}
	{Bone "turret"}
	{Matrix34
		-1.0000	-0.0000	-0.0000
		0.0000	-1.0000	0.0000
		-0.0000	0.0000	1.0000
		0.4080	-0.1119	2.9479
	}
}
{Volume "gun"
	{Box 23.0315 18.7137 6.20855}
	{Bone "gun"}
	{Matrix34
		-1.0000	0.0000	-0.0000
		0.0000	-0.0000	-1.0000
		-0.0000	-1.0000	0.0000
		4.8402	2.0041	-0.6913
	}
}
{Volume "engine"
	{Polyhedron "engine.vol"}
	{Bone "Engine"}
	{Matrix34
		0.9800	-0.0917	-0.1769
		0.1019	0.9936	0.0495
		0.1712	-0.0665	0.9830
		-17.3355	2.9707	9.0429
	}
}
{Volume "wheelright1"
	{Cylinder 5.94896 4.05411}
	{Bone "wheelR1"}
	{Matrix34
		1.0000	-0.0001	-0.0000
		-0.0001	-1.0000	-0.0000
		-0.0000	0.0000	-1.0000
		-0.0000	-0.0000	-0.0000
	}
}
{Volume "wheelleft1"
	{Cylinder 7.82758 4.05411}
	{Bone "wheelL1"}
	{Matrix34
		-1.0000	0.0001	0.0000
		-0.0001	-1.0000	0.0000
		0.0000	0.0000	1.0000
		-0.0000	-0.0000	-0.0145
	}
}
{Volume "trackright"
	{Box 69.2861 6.47534 14.7638}
	{Bone "spring_R"}
	{Matrix34
		0.9998	0.0000	0.0176
		-0.0000	-1.0000	0.0000
		0.0176	-0.0000	-0.9998
		-1.9425	2.6521	0.9979
	}
}
{Volume "trackleft"
	{Box 69.2861 6.47534 14.7638}
	{Bone "spring_L"}
	{Matrix34
		0.9998	0.0000	0.0176
		-0.0000	-1.0000	0.0000
		0.0176	-0.0000	-0.9998
		-1.9425	-3.5492	0.9979
	}
}
