;Made by Albus
{Skeleton
	{bone "basis"
		{Orientation
			1.0000	0.0000	0.0000
			0.0000	-1.0000	0.0000
			0.0000	0.0000	1.0000
		}
		{bone revolute "stabilizator"
			{speed 0.0050}
			{Orientation
				1.0000	0.0000	0.0000
				0.0000	1.0000	0.0000
				0.0000	0.0000	1.0000
			}
			{bone "piece"
				{parameters "ID=body;"}
				{Matrix34
					1.0000	0.0000	0.0000
					0.0000	0.0000	-1.0000
					0.0000	1.0000	0.0000
					2.6000	0.2000	15.1000
				}
				{VolumeView "piece.ply"}
			}
			{bone "gun"
				{parameters "ID=gun;"}
				{Matrix34
					0.8571	0.0000	0.5150
					0.5150	0.0000	-0.8571
					0.0000	1.0000	0.0000
					-17.9322	0.2000	8.3071
				}
				{VolumeView "gun.ply"}
				{bone revolute "gun_rot"
					{limits -40.0000 15.0000}
					{speed 0.0045}
					{Matrix34
						0.9711	-0.2385	0.0000
						0.2385	0.9711	0.0000
						0.0000	0.0000	1.0000
						40.8780	-8.3930	0.1000
					}
				}
				{bone "base"
					{Matrix34
						0.7500	0.6613	0.0000
						-0.6613	0.7500	0.0000
						0.0000	0.0000	1.0000
						22.1431	16.9341	0.1600
					}
					{VolumeView "base.ply"}
				}
			}
		}
	}
}
