{mission
	{Camera
		{Position -865.141 4542.75}
		{Distance 1200}
		{ViewAngle 0.523599}
		{YawAngle 23.3423}
	}
	{Environment "dayend"}
	{User 2}
	{GameProgress 0 0}
	{Human "ger.albert" 0x8001
		{Position -99.2851 191.182 0}
		{Turn 34.0141}
		{Extender "inventory"
			{box
				{clear}
				{item "grenade m24" {cell 6 0}}
				{item "grenade m24" {cell 6 1}}
				{item "grenade m24x5" {cell 6 2}}
				{item "grenade m18" {cell 5 0}}
				{item "grenade m18" {cell 5 1}}
				{item "ammo pistol" 96 {cell 6 3}}
				{item "ammo pistol" 64 {cell 4 2}}
			}
			{armor "head"
				{Item "helmet1_ger"}
			}
			{armor "body"
				{Item "mp-ammo-holder"}
			}
		}
		{Player 2}
		{MID 2}
		{Weaponry
			{State
				{Mounted "mp40"}
				{Weapon
					{Ammo "ammo pistol" 32}
				}
			}
		}
		{NameId 132 114}
		{FsmState "lie"}
	}
	{Human "ger.franz" 0x9000
		{Position -117.52 207.686 0}
		{Turn 29.6704}
		{Extender "inventory"
			{box
				{clear}
				{item "knife_ger" {cell 6 2}}
				{item "grenade m24x5" {cell 6 1}}
				{item "grenade smoke" {cell 7 3}}
				{item "grenade m39" {cell 6 3}}
				{item "ammo pistol" 32 {cell 4 0}}
				{item "ammo pistol" 96 {cell 6 0}}
			}
			{armor "head"
				{Item "helmet1_ger"}
			}
		}
		{Player 2}
		{MID 1}
		{Weaponry
			{State
				{Mounted "mp40"}
				{Weapon
					{Ammo "ammo pistol" 32}
				}
			}
		}
		{NameId 66 129}
		{FsmState "lie"}
	}
	{Human "ger.friedrich" 0x9001
		{Position -136.759 222.983 0}
		{Turn 29.101}
		{Extender "inventory"
			{box
				{clear}
				{item "grenade m24" {cell 6 1}}
				{item "ammo mgun" 100 {cell 6 2}}
				{item "ammo mgun" 100 {cell 6 3}}
				{item "grenade m24" {cell 6 0}}
				{item "bandage" 5 {cell 4 0}}
				{item "knife_ger" {cell 4 1}}
				{item "grenade m24x5" {cell 1 0}}
			}
			{armor "head"
				{Item "helmet1_ger"}
			}
		}
		{Player 2}
		{MID 3}
		{Weaponry
			{State
				{Mounted "mg34"}
				{Weapon
					{Ammo "ammo mgun" 100}
				}
			}
		}
		{NameId 9 53}
		{FsmState "lie"}
	}
	{Human "ger.karl" 0x9002
		{Position -153.584 236.433 0}
		{Turn 28.3107}
		{Extender "inventory"
			{box
				{clear}
				{item "grenade m24" {cell 6 0}}
				{item "grenade molotov_coctail" {cell 6 1}}
				{item "bandage" 4 {cell 4 2}}
				{item "ammo pistol" 96 {cell 4 1}}
				{item "ammo pistol" 64 {cell 4 0}}
				{item "grenade m24x5" {cell 2 1}}
			}
			{armor "head"
				{Item "helmet1_ger"}
			}
			{armor "body"
				{Item "mp-ammo-holder"}
			}
		}
		{Player 2}
		{MID 4}
		{Weaponry
			{State
				{Mounted "mp38"}
				{Weapon
					{Ammo "ammo pistol" 32}
				}
			}
		}
		{NameId 62 116}
		{FsmState "lie"}
	}
	{Human "ger.hans" 0x9003
		{Position -171.389 249.412 0}
		{Turn 28.0065}
		{Extender "inventory"
			{box
				{clear}
				{item "ammo rifle" 40 {cell 5 0}}
				{item "dynamite" {cell 6 0}}
				{item "grenade m24" {cell 6 2}}
				{item "grenade m18" {cell 5 1}}
				{item "grenade m24x5" {cell 2 0}}
			}
			{armor "head"
				{Item "helmet1_ger"}
			}
			{armor "body"
				{Item "rifle-ammo-holder"}
			}
		}
		{Player 2}
		{MID 5}
		{Weaponry
			{State
				{Mounted "mauzer_kn"}
				{Weapon
					{Ammo "ammo rifle" 5}
				}
			}
		}
		{NameId 1 133}
		{FsmState "lie"}
	}
	{Human "ger.otto" 0x9004
		{Position -188.485 259.617 0}
		{Turn 27.2998}
		{Extender "inventory"
			{box
				{clear}
				{item "ammo pistol" 96 {cell 6 1}}
				{item "knife_ger" {cell 6 0}}
				{item "grenade m24" {cell 6 2}}
				{item "grenade m24" {cell 6 3}}
				{item "grenade m18" {cell 5 0}}
				{item "grenade m18" {cell 5 1}}
				{item "grenade m24x5" {cell 0 0}}
			}
			{armor "head"
				{Item "helmet1_ger"}
			}
			{armor "body"
				{Item "mp-ammo-holder"}
			}
		}
		{Player 2}
		{MID 6}
		{Weaponry
			{State
				{Mounted "mp40"}
				{Weapon
					{Ammo "ammo pistol" 32}
				}
			}
		}
		{NameId 25 112}
		{FsmState "lie"}
	}
	{Entity "boxes1" 0x8000
		{Position 1379.23 362.29 0}
		{Impregnability}
		{Extender "inventory"
			{box
				{clear}
				{item "body_armor" {cell 0 0}}
				{item "shotgun" 2 {cell 2 0}}
				{item "dynamite" {cell 2 2}}
				{item "mine antitank" 2 {cell 4 2}}
				{item "grenade molotov_coctail" 2 {cell 6 2}}
				{item "grenade m24x5" 2 {cell 6 3}}
				{item "grenade m24" 4 {cell 4 4}}
				{item "ammo cartuchos" 360 {cell 6 4}}
				{item "ammo mgun" 200 {cell 0 5}}
				{item "ammo pistol" 1025 {cell 2 5}}
				{item "mine antipersonnel" 10 {cell 4 5}}
				{item "ammo rifle" 60 {cell 7 0}}
				{item "repair_kit" {cell 5 0}}
			}
		}
	}
	{Human "civilian1" 0x8002
		{Position -238.262 799.422 0}
		{Player 0}
		{MID 7}
		{NameId 50 13}
		{FsmState "stand"}
	}
	{Human "civilian2" 0x8003
		{Position -207.69 1171.72 0}
		{Turn -57.4542}
		{Player 0}
		{MID 8}
		{NameId 24 52}
		{FsmState "stand"}
	}
	{Human "civilian3" 0x8004
		{Position 244.658 675.25 0}
		{Player 0}
		{MID 9}
		{NameId 49 49}
		{FsmState "stand"}
	}
	{Human "civilian4" 0x8005
		{Position 692.391 598.639 0}
		{Player 0}
		{MID 10}
		{NameId 21 98}
		{FsmState "stand"}
	}
	{Human "civilian1" 0x8006
		{Position 1129.47 552.346 0}
		{Turn -108.003}
		{Player 0}
		{MID 11}
		{NameId 13 66}
		{FsmState "stand"}
	}
	{Human "hero.helga" 0x8007
		{Position 1480.75 1103.32 0}
		{Player 0}
		{MID 12}
		{NameId 43 11}
		{FsmState "stand"}
	}
	{Human "hero.potts" 0x9005
		{Position 948.447 1292.77 0}
		{Turn 124.15}
		{Player 0}
		{MID 13}
		{NameId 46 53}
		{FsmState "stand"}
	}
	{Entity "wz33_stan" 0x8008
		{Position 5207.83 4633.82 0}
		{Turn -167.869}
		{Player 1}
		{MID 14}
	}
	{Human "pol.infantry_mgun" 0x8009
		{Position 5221.81 4636.59 0}
		{Turn -167.869}
		{DisableObstacles}
		{Player 1}
		{MID 15}
		{NameId 42 20}
		{FsmState "board"}
	}
	{Human "pol.oficer" 0x800a
		{Position 5227.67 4600.14 0}
		{Turn -128.794}
		{Player 1}
		{MID 16}
		{NameId 11 41}
		{Cover
			{sector 5227.67 4600.14 {type "squat_lie"}
				{wall 0 0 5247.51 4575.2 5215.29 4601.1}
			}
		}
		{FsmState "squat"}
	}
	{Human "pol.infantry_rifle" 0x800b
		{Position 6524.15 58.5962 125}
		{Player 1}
		{MID 17}
		{NameId 79 1}
		{FsmState "stand"}
	}
	{Human "pol.infantry_rifle" 0x800c
		{Position 6524.47 95.2259 125}
		{Player 1}
		{MID 18}
		{NameId 92 29}
		{FsmState "stand"}
	}
	{Human "pol.infantry_rifle" 0x800d
		{Position 6528.62 125.119 125}
		{Player 1}
		{MID 19}
		{NameId 85 81}
		{FsmState "stand"}
	}
	{Human "pol.infantry_rifle" 0x800e
		{Position 6536.26 161.201 125}
		{Player 1}
		{MID 20}
		{NameId 40 78}
		{FsmState "stand"}
	}
	{Human "pol.infantry_rifle" 0x800f
		{Position 6535.1 200.791 125}
		{Player 1}
		{MID 21}
		{NameId 70 99}
		{FsmState "stand"}
	}
	{Human "pol.infantry_rifle" 0x8010
		{Position 6537.39 247.872 125}
		{Player 1}
		{MID 22}
		{NameId 81 16}
		{FsmState "stand"}
	}
	{Human "pol.infantry_rifle" 0x8011
		{Position 6558.19 74.5399 125}
		{Player 1}
		{MID 23}
		{NameId 92 16}
		{FsmState "stand"}
	}
	{Human "pol.infantry_rifle" 0x8012
		{Position 6561.54 116.926 125}
		{Player 1}
		{MID 24}
		{NameId 51 89}
		{FsmState "stand"}
	}
	{Human "pol.infantry_rifle" 0x8013
		{Position 6564.26 143.984 125}
		{Player 1}
		{MID 25}
		{NameId 3 94}
		{FsmState "stand"}
	}
	{Human "pol.infantry_rifle" 0x8014
		{Position 6572.04 176.991 125}
		{Player 1}
		{MID 26}
		{NameId 47 98}
		{FsmState "stand"}
	}
	{Human "pol.infantry_rifle" 0x8015
		{Position 6579.53 208.294 125}
		{Player 1}
		{MID 27}
		{NameId 57 7}
		{FsmState "stand"}
	}
	{Human "pol.infantry_rifle" 0x8016
		{Position 6581.6 239.774 125}
		{Player 1}
		{MID 28}
		{NameId 48 74}
		{FsmState "stand"}
	}
	{Human "pol.oficer" 0x8017
		{Position 6539.45 281.21 125}
		{Player 1}
		{MID 29}
		{NameId 16 1}
		{FsmState "stand"}
	}
	{Human "pol.oficer" 0x8018
		{Position 6583.65 271.167 125}
		{Player 1}
		{MID 30}
		{NameId 48 89}
		{FsmState "stand"}
	}
	{Entity "gaz-67b_mg" 0x9006
		{Position 6864.11 5437.43 0}
		{Turn -170.231}
		{Player 1}
		{MID 31}
	}
	{Entity "gaz-aaa" 0x9007
		{Position 7145.99 5561.11 0}
		{Turn -171.297}
		{Player 1}
		{MID 32}
	}
	{Entity "7tpw" 0x8019
		{Position 5743.32 4285.17 0}
		{Turn -159.701}
		{Player 1}
		{MID 33}
		
	}
	{Entity "7tp" 0x801a
		{Position 5666.63 3700.78 0}
		{Turn -147.138}
		{Player 1}
		{MID 34}
		
	}
	{Entity "7tp" 0x9008
		{Position -1234.07 1393.4 0}
		{Turn 20.7758}
		{TexMod "variant1"}
		{Player 1}
		{MID 35}
		
	}
	{Entity "7tpw" 0x9009
		{Position -1229.63 1493.05 0}
		{Turn 20.0211}
		{TexMod "variant1"}
		{Player 1}
		{MID 36}
		
	}
	{Entity "ft17-31" 0x900a
		{Position -1249.39 1651.24 4.64033}
		{Turn 17.0512}
		{TexMod "poland"}
		{Player 1}
		{MID 37}
		
	}
	{Entity "h35_pl" 0x900b
		{Position -1315.13 1548.11 0}
		{Turn 25.3204}
		{TexMod "variant"}
		{Player 1}
		{MID 38}
		
	}
	{Entity "7tp" 0x900c
		{Position -1306.03 5470.43 0}
		{Turn -20.1387}
		{TexMod "variant1"}
		{Player 1}
		{MID 39}
	}
	{Entity "7tpw" 0x900d
		{Position -1282.93 5265.71 0.535461}
		{Turn -15.03}
		{TexMod "variant1"}
		{Player 1}
		{MID 40}
	}
	{Entity "ft17" 0x900e
		{Position -1288.05 5363.43 0}
		{Turn -12.9961}
		{TexMod "poland"}
		{Player 1}
		{MID 41}
	}
	{Entity "ft17-31" 0x900f
		{Position -1117.64 5397.56 0.677656}
		{Turn -24.7268}
		{TexMod "poland"}
		{Player 1}
		{MID 42}
	}
	{Entity "h35_pl" 0x9010
		{Position -1150.2 5214.49 0.0962381}
		{Turn -24.6834}
		{TexMod "variant"}
		{Player 1}
		{MID 43}
	}
	{Human "pol.tankman" 0x801b
		{Position -1306.03 5470.43 0}
		{Orientation
			  0.938862  -0.344294   0.000000
			 -0.344294  -0.938862   0.000000
			  0.000000   0.000000   1.000000
		}
		{Player 1}
		{MID 44}
		{NameId 31 60}
		{FsmState "board"}
	}
	{Human "pol.tankman" 0x801c
		{Position -1282.93 5265.71 0.535461}
		{Orientation
			  0.965789  -0.259324  -0.001321
			 -0.259156  -0.965322   0.031482
			  0.009439   0.030063   0.999503
		}
		{Player 1}
		{MID 45}
		{NameId 5 39}
		{FsmState "board"}
	}
	{Human "pol.tankman" 0x801d
		{Position -1123.84 5399.83 13.9255}
		{Orientation
			 -0.022436  -0.033520   0.999186
			  0.417730   0.907698   0.039830
			 -0.908294   0.418284  -0.006363
		}
		{DisableObstacles}
		{Player 1}
		{MID 46}
		{NameId 34 47}
		{FsmState "board"}
	}
	{Human "pol.infantry_smg" 0x801e
		{Position -1332.62 5501.29 16.1496}
		{Orientation
			  0.385115   0.910472   0.150700
			 -0.916976   0.358955   0.174300
			  0.104588  -0.205365   0.973100
		}
		{DisableObstacles}
		{Player 1}
		{MID 47}
		{NameId 60 7}
		{FsmState "board"}
	}
	{Human "pol.infantry_smg" 0x801f
		{Position -1176.31 5211.57 16.8121}
		{Orientation
			 -0.414707  -0.904284   0.101431
			  0.908593  -0.417617  -0.008724
			  0.050267   0.088531   0.994814
		}
		{DisableObstacles}
		{Player 1}
		{MID 48}
		{NameId 24 37}
		{FsmState "board"}
	}
	{Human "pol.tankman" 0x8020
		{Position -1282.93 5265.71 0.535461}
		{Orientation
			  0.965789  -0.259324  -0.001321
			 -0.259156  -0.965322   0.031482
			  0.009439   0.030063   0.999503
		}
		{Player 1}
		{MID 49}
		{NameId 15 64}
		{FsmState "board"}
	}
	{Human "pol.tankman" 0x8021
		{Position -1282.93 5265.71 0.535461}
		{Orientation
			  0.965789  -0.259324  -0.001321
			 -0.259156  -0.965322   0.031482
			  0.009439   0.030063   0.999503
		}
		{Player 1}
		{MID 50}
		{NameId 44 39}
		{FsmState "board"}
	}
	{Human "pol.infantry_smg" 0x8022
		{Position -1168.18 5240.2 16.6645}
		{Orientation
			  0.415190   0.902227   0.116378
			 -0.908621   0.417601   0.004224
			 -0.044788  -0.107498   0.993166
		}
		{DisableObstacles}
		{Player 1}
		{MID 51}
		{NameId 34 76}
		{FsmState "board"}
	}
	{Human "pol.infantry_smg" 0x8023
		{Position -1344.76 5465.75 19.0374}
		{Orientation
			 -0.601742  -0.770426   0.210700
			  0.776700  -0.625878  -0.070400
			  0.186119   0.121232   0.975000
		}
		{DisableObstacles}
		{Player 1}
		{MID 52}
		{NameId 24 98}
		{FsmState "board"}
	}
	{Human "pol.tankman" 0x8024
		{Position -1298.38 5365.81 14.5}
		{Orientation
			  0.000000   0.000000   1.000000
			  0.224885   0.974385   0.000000
			 -0.974385   0.224885   0.000000
		}
		{DisableObstacles}
		{Player 1}
		{MID 53}
		{NameId 40 8}
		{FsmState "board"}
	}
	{Human "pol.tankman" 0x8025
		{Position -1306.03 5470.43 0}
		{Orientation
			  0.938862  -0.344294   0.000000
			 -0.344294  -0.938862   0.000000
			  0.000000   0.000000   1.000000
		}
		{Player 1}
		{MID 54}
		{NameId 42 91}
		{FsmState "board"}
	}
	{Human "pol.tankman" 0x8026
		{Position -1306.03 5470.43 0}
		{Orientation
			  0.938862  -0.344294   0.000000
			 -0.344294  -0.938862   0.000000
			  0.000000   0.000000   1.000000
		}
		{Player 1}
		{MID 55}
		{NameId 46 75}
		{FsmState "board"}
	}
	{Human "pol.infantry_smg" 0x8027
		{Position -1317.58 5255.15 18.2262}
		{Orientation
			 -0.528603  -0.814179   0.240285
			  0.828735  -0.556196  -0.061532
			  0.183757   0.166552   0.968740
		}
		{DisableObstacles}
		{Player 1}
		{MID 56}
		{NameId 39 32}
		{FsmState "board"}
	}
	{Human "pol.infantry_smg" 0x8028
		{Position -1320.71 5296.87 15.6094}
		{Orientation
			  0.303767   0.945216   0.119476
			 -0.943654   0.281106   0.174843
			  0.131671  -0.165908   0.977330
		}
		{DisableObstacles}
		{Player 1}
		{MID 57}
		{NameId 4 67}
		{FsmState "board"}
	}
	{Human "pol.tankman" 0x8029
		{Position -1127.59 5401.51 15.0984}
		{Orientation
			 -0.022436  -0.033520   0.999186
			  0.417730   0.907698   0.039830
			 -0.908294   0.418284  -0.006363
		}
		{DisableObstacles}
		{Player 1}
		{MID 58}
		{NameId 19 0}
		{FsmState "board"}
	}
	{Human "pol.tankman" 0x802a
		{Position -1294.38 5364.89 13.3}
		{Orientation
			  0.000000   0.000000   1.000000
			  0.224885   0.974385   0.000000
			 -0.974385   0.224885   0.000000
		}
		{DisableObstacles}
		{Player 1}
		{MID 59}
		{NameId 59 41}
		{FsmState "board"}
	}
	{Human "pol.infantry_smg" 0x802b
		{Position -1331.11 5258.74 16.8546}
		{Orientation
			 -0.528603  -0.814179   0.240285
			  0.828735  -0.556196  -0.061532
			  0.183757   0.166552   0.968740
		}
		{DisableObstacles}
		{Player 1}
		{MID 60}
		{NameId 19 20}
		{FsmState "board"}
	}
	{Human "pol.infantry_smg" 0x802c
		{Position -1307.17 5293.28 16.981}
		{Orientation
			  0.303767   0.945216   0.119476
			 -0.943654   0.281106   0.174843
			  0.131671  -0.165908   0.977330
		}
		{DisableObstacles}
		{Player 1}
		{MID 61}
		{NameId 88 48}
		{FsmState "board"}
	}
	{Human "pol.tankman" 0x802d
		{Position -1150.2 5214.49 0.0962381}
		{Orientation
			  0.908621  -0.417601  -0.004124
			 -0.417577  -0.908624   0.005661
			  0.006111   0.003421   0.999975
		}
		{Player 1}
		{MID 62}
		{NameId 76 90}
		{FsmState "board"}
	}
	{Human "pol.tankman" 0x802e
		{Position -1150.2 5214.49 0.0962381}
		{Orientation
			  0.908621  -0.417601  -0.004124
			 -0.417577  -0.908624   0.005661
			  0.006111   0.003421   0.999975
		}
		{Player 1}
		{MID 63}
		{NameId 87 31}
		{FsmState "board"}
	}
	{Human "pol.tankman" 0x802f
		{Position -1315.13 1548.11 0}
		{Orientation
			  0.903930   0.427680   0.000000
			  0.427680  -0.903930   0.000000
			  0.000000   0.000000   1.000000
		}
		{Player 1}
		{MID 64}
		{NameId 54 92}
		{FsmState "board"}
	}
	{Human "pol.tankman" 0x8030
		{Position -1315.13 1548.11 0}
		{Orientation
			  0.903930   0.427680   0.000000
			  0.427680  -0.903930   0.000000
			  0.000000   0.000000   1.000000
		}
		{Player 1}
		{MID 65}
		{NameId 28 27}
		{FsmState "board"}
	}
	{Human "pol.tankman" 0x8031
		{Position -1258.98 1645.79 18.8134}
		{Orientation
			  0.037319  -0.161656   0.986141
			 -0.291064   0.942283   0.165481
			 -0.955975  -0.293206  -0.011887
		}
		{DisableObstacles}
		{Player 1}
		{MID 66}
		{NameId 14 96}
		{FsmState "board"}
	}
	{Human "pol.tankman" 0x8032
		{Position -1255.11 1647.18 17.6787}
		{Orientation
			  0.037319  -0.161656   0.986141
			 -0.291064   0.942283   0.165481
			 -0.955975  -0.293206  -0.011887
		}
		{DisableObstacles}
		{Player 1}
		{MID 67}
		{NameId 31 57}
		{FsmState "board"}
	}
	{Human "pol.tankman" 0x8033
		{Position -1229.63 1493.05 0}
		{Orientation
			  0.939567   0.342366   0.000000
			  0.342366  -0.939567   0.000000
			  0.000000   0.000000   1.000000
		}
		{Player 1}
		{MID 68}
		{NameId 22 13}
		{FsmState "board"}
	}
	{Human "pol.tankman" 0x8034
		{Position -1229.63 1493.05 0}
		{Orientation
			  0.939567   0.342366   0.000000
			  0.342366  -0.939567   0.000000
			  0.000000   0.000000   1.000000
		}
		{Player 1}
		{MID 69}
		{NameId 72 97}
		{FsmState "board"}
	}
	{Human "pol.tankman" 0x8035
		{Position -1229.63 1493.05 0}
		{Orientation
			  0.939567   0.342366   0.000000
			  0.342366  -0.939567   0.000000
			  0.000000   0.000000   1.000000
		}
		{Player 1}
		{MID 70}
		{NameId 74 22}
		{FsmState "board"}
	}
	{Human "pol.tankman" 0x8036
		{Position -1234.07 1393.4 0}
		{Orientation
			  0.934976   0.354712   0.000000
			  0.354712  -0.934976   0.000000
			  0.000000   0.000000   1.000000
		}
		{Player 1}
		{MID 71}
		{NameId 20 70}
		{FsmState "board"}
	}
	{Human "pol.tankman" 0x8037
		{Position -1234.07 1393.4 0}
		{Orientation
			  0.934976   0.354712   0.000000
			  0.354712  -0.934976   0.000000
			  0.000000   0.000000   1.000000
		}
		{Player 1}
		{MID 72}
		{NameId 86 43}
		{FsmState "board"}
	}
	{Human "pol.tankman" 0x8038
		{Position -1234.07 1393.4 0}
		{Orientation
			  0.934976   0.354712   0.000000
			  0.354712  -0.934976   0.000000
			  0.000000   0.000000   1.000000
		}
		{Player 1}
		{MID 73}
		{NameId 21 92}
		{FsmState "board"}
	}
	{Human "pol.infantry_mgun" 0x8039
		{Position -1329.7 1526.12 16.5459}
		{Orientation
			  0.426074  -0.899601   0.095800
			  0.903930   0.427680  -0.004600
			 -0.036814   0.088564   0.995400
		}
		{DisableObstacles}
		{Player 1}
		{MID 74}
		{NameId 1 92}
		{FsmState "board"}
	}
	{Human "pol.infantry_mgun" 0x803a
		{Position -1260.27 1364.5 19.0374}
		{Orientation
			  0.049847  -0.976302   0.210700
			  0.996850   0.035717  -0.070400
			  0.061248   0.213509   0.975000
		}
		{DisableObstacles}
		{Player 1}
		{MID 75}
		{NameId 70 32}
		{FsmState "board"}
	}
	{Human "pol.infantry_mgun" 0x803b
		{Position -1274.37 1399.3 16.1496}
		{Orientation
			 -0.305270   0.940257   0.150700
			 -0.928039  -0.329299   0.174300
			  0.213536  -0.086693   0.973100
		}
		{DisableObstacles}
		{Player 1}
		{MID 76}
		{NameId 65 39}
		{FsmState "board"}
	}
	{Human "pol.infantry_mgun" 0x803c
		{Position -1264.92 1459.19 15.6466}
		{Orientation
			  0.036984  -0.976874   0.210700
			  0.997234   0.022584  -0.070400
			  0.064055   0.212684   0.975000
		}
		{DisableObstacles}
		{Player 1}
		{MID 77}
		{NameId 60 20}
		{FsmState "board"}
	}
	{Human "pol.infantry_mgun" 0x803d
		{Position -1265.15 1501.2 17.0374}
		{Orientation
			 -0.292859   0.944196   0.150700
			 -0.932296  -0.317047   0.174300
			  0.212376  -0.089498   0.973100
		}
		{DisableObstacles}
		{Player 1}
		{MID 78}
		{NameId 35 98}
		{FsmState "board"}
	}
	{Human "pol.infantry_rifle" 0x803f
		{Position -1278.31 1496.4 15.6466}
		{Orientation
			 -0.292859   0.944196   0.150700
			 -0.932296  -0.317047   0.174300
			  0.212376  -0.089498   0.973100
		}
		{DisableObstacles}
		{Player 1}
		{MID 80}
		{NameId 65 38}
		{FsmState "board"}
	}
	{Human "pol.oficer" 0x8040
		{Position -1251.76 1463.98 17.0374}
		{Orientation
			  0.036984  -0.976874   0.210700
			  0.997234   0.022584  -0.070400
			  0.064055   0.212684   0.975000
		}
		{DisableObstacles}
		{Player 1}
		{MID 81}
		{NameId 36 88}
		{FsmState "board"}
	}
	{Human "pol.oficer" 0x8042
		{Position -1346.4 1550.74 16.5459}
		{Orientation
			 -0.424472   0.897151   0.122000
			 -0.903930  -0.427680   0.000100
			  0.052267  -0.110237   0.992500
		}
		{DisableObstacles}
		{Player 1}
		{MID 83}
		{NameId 43 56}
		{FsmState "board"}
	}
	{Entity "table" 0x803e
		{Position 6643.22 4231.07 0}
		{Turn -176.802}
	}
	{Entity "radiobox" 0x8041
		{Position 6643.11 4227.39 15}
		{Turn 93.2728}
		{OffsetZ 15}
		{Impregnability}
	}
	{Entity "birds" 0x8043
		{Position 6660.63 4237.76 0}
		{Extender "speaker"
			{SoundName "world.radio"}
			{SignalDepend "movement shot explosion"}
		}
	}
	{Human "pol.oficer" 0x8044
		{Position 6639.26 4248.85 0}
		{Turn 29.0864}
		{Player 1}
		{MID 79}
		{NameId 8 82}
		{FsmState "stand"}
	}
	{Human "pol.oficer" 0x8045
		{Position 6664.22 4252.34 0}
		{Turn 174.952}
		{Player 1}
		{MID 82}
		{NameId 41 59}
		{FsmState "stand"}
	}
	{Human "x.r.partizan" 0x8046
		{Position 6649.75 4266.89 0}
		{Turn -92.6004}
		{Extender "inventory"
			{box
				{clear}
				{item "grenade molotov_coctail" {cell 3 1}}
				{item "grenade rpg40" {cell 5 1}}
				{item "dynamite" {cell 0 2}}
				{item "ammo pistol" 100 {cell 2 2}}
				{item "ammo pistol" 20 {cell 4 2}}
				{item "mp40" filling "ammo pistol" 32 {cell 0 0}}
			}
		}
		{Player 1}
		{MID 84}
		{NameId 75 5}
		{FsmState "stand"}
	}
	{Entity "pz-2c" 0x8047
		{Position 7147.69 5448.45 0}
		{Turn -173.383}
		{Player 2}
		{MID 85}
	}
	{Entity "pzjager" 0x804b
		{Position 7169.63 5269.09 0}
		{Turn -169.918}
		{Extender "inventory"
			{box
				{clear}
				{item "bullet47 fg" 11 {cell 0 1}}
				{item "plant" 4 {cell 3 0}}
				{item "bullet47 ap" 8 {cell 0 0}}
			}
		}
		{Player 2}
		{MID 89}
	}
	{Human "x.g.tankman" 0x804c
		{Position 7163.43 5275.98 24.2127}
		{Orientation
			 -0.806550  -0.143407   0.573600
			  0.175057  -0.984558   0.000000
			  0.564743   0.100413   0.819200
		}
		{Extender "inventory"
			{box
				{clear}
				{item "ammo pistol" 24 {cell 2 0}}
				{item "valter" filling "ammo pistol" 8 {cell 0 0}}
			}
		}
		{DisableObstacles}
		{Player 2}
		{MID 90}
		{NameId 32 129}
		{LastItem "valter"}
		{FsmState "board"}
	}
	{Human "x.g.tankman" 0x804d
		{Position 7169.63 5269.09 0}
		{Orientation
			 -0.984558  -0.175057   0.000000
			 -0.175057   0.984558   0.000000
			  0.000000   0.000000   1.000000
		}
		{Extender "inventory"
			{box
				{clear}
				{item "ammo pistol" 24 {cell 2 0}}
				{item "valter" filling "ammo pistol" 8 {cell 0 0}}
			}
		}
		{Player 2}
		{MID 91}
		{NameId 34 47}
		{LastItem "valter"}
		{FsmState "board"}
	}
	{Human "x.g.tankman" 0x804e
		{Position 7166.83 5263.04 18.4691}
		{Orientation
			 -0.979494   0.151696   0.132138
			 -0.150611  -0.988397   0.018625
			  0.133426  -0.001578   0.991111
		}
		{Extender "inventory"
			{box
				{clear}
				{item "ammo pistol" 24 {cell 2 0}}
				{item "valter" filling "ammo pistol" 8 {cell 0 0}}
			}
		}
		{DisableObstacles}
		{Player 2}
		{MID 92}
		{NameId 50 11}
		{LastItem "valter"}
		{FsmState "board"}
	}
	{Human "x.g.tankman" 0x804f
		{Position 7169.63 5269.09 0}
		{Orientation
			 -0.984558  -0.175057   0.000000
			 -0.175057   0.984558   0.000000
			  0.000000   0.000000   1.000000
		}
		{Extender "inventory"
			{box
				{clear}
				{item "ammo pistol" 24 {cell 2 0}}
				{item "valter" filling "ammo pistol" 8 {cell 0 0}}
			}
		}
		{Player 2}
		{MID 93}
		{NameId 82 16}
		{LastItem "valter"}
		{FsmState "board"}
	}
	{Human "x.g.tankman" 0x8050
		{Position 7153.39 5356.24 0}
		{Orientation
			 -0.982613  -0.185666   0.000000
			 -0.185666   0.982613   0.000000
			  0.000000   0.000000   1.000000
		}
		{Extender "inventory"
			{box
				{clear}
				{item "ammo pistol" 24 {cell 2 0}}
				{item "valter" filling "ammo pistol" 8 {cell 0 0}}
			}
		}
		{Player 2}
		{MID 94}
		{NameId 6 94}
		{LastItem "valter"}
		{FsmState "board"}
	}
	{Human "x.g.tankman" 0x8051
		{Position 7153.39 5356.24 0}
		{Orientation
			 -0.982613  -0.185666   0.000000
			 -0.185666   0.982613   0.000000
			  0.000000   0.000000   1.000000
		}
		{Extender "inventory"
			{box
				{clear}
				{item "ammo pistol" 24 {cell 2 0}}
				{item "valter" filling "ammo pistol" 8 {cell 0 0}}
			}
		}
		{Player 2}
		{MID 95}
		{NameId 72 111}
		{LastItem "valter"}
		{FsmState "board"}
	}
	{Human "x.g.tankman" 0x8052
		{Position 7147.69 5448.45 0}
		{Orientation
			 -0.993339  -0.115232   0.000000
			 -0.115232   0.993339   0.000000
			  0.000000   0.000000   1.000000
		}
		{Extender "inventory"
			{box
				{clear}
				{item "ammo pistol" 24 {cell 2 0}}
				{item "valter" filling "ammo pistol" 8 {cell 0 0}}
			}
		}
		{Player 2}
		{MID 96}
		{NameId 40 114}
		{LastItem "valter"}
		{FsmState "board"}
	}
	{Human "x.g.tankman" 0x8053
		{Position 7147.69 5448.45 0}
		{Orientation
			 -0.993339  -0.115232   0.000000
			 -0.115232   0.993339   0.000000
			  0.000000   0.000000   1.000000
		}
		{Extender "inventory"
			{box
				{clear}
				{item "ammo pistol" 24 {cell 2 0}}
				{item "valter" filling "ammo pistol" 8 {cell 0 0}}
			}
		}
		{Player 2}
		{MID 97}
		{NameId 70 15}
		{LastItem "valter"}
		{FsmState "board"}
	}
	{Human "x.g.tankman" 0x8055
		{Position 7147.69 5448.45 0}
		{Orientation
			 -0.993339  -0.115232   0.000000
			 -0.115232   0.993339   0.000000
			  0.000000   0.000000   1.000000
		}
		{Extender "inventory"
			{box
				{clear}
				{item "ammo pistol" 24 {cell 2 0}}
				{item "valter" filling "ammo pistol" 8 {cell 0 0}}
			}
		}
		{Player 2}
		{MID 99}
		{NameId 22 116}
		{LastItem "valter"}
		{FsmState "board"}
	}
	{Human "x.g.tankman" 0x805d
		{Position 7153.39 5356.24 0}
		{Orientation
			 -0.982613  -0.185666   0.000000
			 -0.185666   0.982613   0.000000
			  0.000000   0.000000   1.000000
		}
		{Extender "inventory"
			{box
				{clear}
				{item "ammo pistol" 24 {cell 2 0}}
				{item "valter" filling "ammo pistol" 8 {cell 0 0}}
			}
		}
		{Player 2}
		{MID 107}
		{NameId 122 108}
		{LastItem "valter"}
		{FsmState "board"}
	}
	{Human "pol.oficer" 0x806a
		{Position 6871.55 5432.05 9.27348}
		{Orientation
			 -0.845183   0.506424   0.170660
			 -0.481911  -0.860326   0.166391
			  0.231055   0.058316   0.971131
		}
		{DisableObstacles}
		{Player 1}
		{MID 120}
		{NameId 53 39}
		{FsmState "board"}
	}
	{Human "pol.oficer" 0x806b
		{Position 7185.62 5576.55 19.2711}
		{Orientation
			  0.083235  -0.994557   0.063113
			  0.996475   0.082934  -0.008242
			  0.002950   0.063578   0.997926
		}
		{DisableObstacles}
		{Player 1}
		{MID 121}
		{NameId 53 3}
		{FsmState "board"}
	}
	{Human "pol.infantry_smg" 0x806c
		{Position 6867.11 5444.7 9.63784}
		{Orientation
			  0.162306  -0.986304  -0.027596
			  0.951886   0.163937  -0.258846
			  0.259790   0.015776   0.965518
		}
		{DisableObstacles}
		{Player 1}
		{MID 122}
		{NameId 10 71}
		{FsmState "board"}
	}
	{Human "pol.infantry_rifle" 0x806d
		{Position 6893.53 5436.53 17.1139}
		{Orientation
			 -0.984613  -0.170114   0.040096
			  0.169005  -0.985141  -0.028096
			  0.044284  -0.020871   0.998832
		}
		{DisableObstacles}
		{Player 1}
		{MID 123}
		{NameId 77 48}
		{FsmState "board"}
	}
	{Human "pol.infantry_mgun" 0x806e
		{Position 7142.04 5565.62 14.5679}
		{Turn -171.297}
		{DisableObstacles}
		{Player 1}
		{MID 124}
		{NameId 35 52}
		{FsmState "board"}
	}
	{Human "pol.infantry_mgun" 0x806f
		{Position 7209.76 5560.73 19.2706}
		{Orientation
			 -0.243366   0.952948   0.180633
			 -0.968819  -0.247443  -0.000016
			  0.044676  -0.174954   0.983514
		}
		{DisableObstacles}
		{Player 1}
		{MID 125}
		{NameId 44 41}
		{FsmState "board"}
	}
	{Human "pol.infantry_mgun" 0x8070
		{Position 7175.74 5575.03 20.2553}
		{Orientation
			  0.167920  -0.969150   0.180558
			  0.985314   0.170756  -0.000002
			 -0.030801   0.177989   0.983543
		}
		{DisableObstacles}
		{Player 1}
		{MID 126}
		{NameId 16 43}
		{FsmState "board"}
	}
	{Human "pol.infantry_smg" 0x8071
		{Position 7144.01 5554.36 14.3894}
		{Orientation
			 -0.972142  -0.148810   0.180607
			  0.151312  -0.988486   0.000000
			  0.178527   0.027328   0.983465
		}
		{DisableObstacles}
		{Player 1}
		{MID 127}
		{NameId 78 2}
		{FsmState "board"}
	}
	{Human "pol.infantry_smg" 0x8072
		{Position 7199.9 5559.16 20.2548}
		{Orientation
			 -0.174039   0.968011   0.180572
			 -0.984163  -0.176953   0.000005
			  0.031961  -0.177811   0.983487
		}
		{DisableObstacles}
		{Player 1}
		{MID 128}
		{NameId 25 32}
		{FsmState "board"}
	}
	{Human "pol.infantry_rifle" 0x8073
		{Position 7208.16 5579.49 19.2706}
		{Orientation
			  0.022473  -0.983321   0.180604
			  0.999663   0.022824  -0.000045
			 -0.004079   0.180562   0.983512
		}
		{DisableObstacles}
		{Player 1}
		{MID 129}
		{NameId 16 17}
		{FsmState "board"}
	}
	{Human "pol.infantry_rifle" 0x8074
		{Position 7196.93 5578.28 19.8859}
		{Orientation
			  0.237405  -0.954467   0.180599
			  0.970366   0.241307   0.000026
			 -0.043546   0.175330   0.983516
		}
		{DisableObstacles}
		{Player 1}
		{MID 130}
		{NameId 8 47}
		{FsmState "board"}
	}
	{Human "pol.infantry_rifle" 0x8075
		{Position 7165.86 5573.52 19.2715}
		{Orientation
			  0.237405  -0.954467   0.180599
			  0.970366   0.241307   0.000026
			 -0.043546   0.175330   0.983516
		}
		{DisableObstacles}
		{Player 1}
		{MID 131}
		{NameId 33 89}
		{FsmState "board"}
	}
	{Human "pol.grenadier" 0x8076
		{Position 7190.03 5557.58 19.271}
		{Orientation
			 -0.089534   0.993997   0.063190
			 -0.995945  -0.089125  -0.008167
			 -0.002470  -0.063606   0.997895
		}
		{DisableObstacles}
		{Player 1}
		{MID 132}
		{NameId 82 45}
		{FsmState "board"}
	}
	{Human "pol.grenadier" 0x8077
		{Position 7178.72 5555.78 19.8863}
		{Orientation
			 -0.243366   0.952948   0.180633
			 -0.968819  -0.247443  -0.000016
			  0.044676  -0.174954   0.983514
		}
		{DisableObstacles}
		{Player 1}
		{MID 133}
		{NameId 1 81}
		{FsmState "board"}
	}
	{Human "pol.grenadier" 0x8078
		{Position 7167.5 5554.5 19.2715}
		{Orientation
			 -0.028532   0.983102   0.180629
			 -0.999515  -0.029074   0.000031
			  0.005269  -0.180582   0.983517
		}
		{DisableObstacles}
		{Player 1}
		{MID 134}
		{NameId 26 52}
		{FsmState "board"}
	}
	{Human "pol.tankman" 0x8079
		{Position 5810.63 4438.54 0}
		{Turn -56.6421}
		{Player 1}
		{MID 135}
		{NameId 32 12}
		{Cover
			{sector 5810.63 4438.54 {type "hide_stand"}
				{wall 0 0 5769.1 4419.58 5836.65 4464.05}
			}
		}
		{FsmState "stand"}
	}
	{Human "pol.tankman" 0x807a
		{Position 5797.12 4429.64 0}
		{Turn -56.6421}
		{Player 1}
		{MID 136}
		{NameId 40 99}
		{Cover
			{sector 5797.12 4429.64 {type "hide_stand"}
				{wall 0 0 5769.1 4419.58 5836.65 4464.05}
			}
		}
		{FsmState "stand"}
	}
	{Human "pol.tankman" 0x807b
		{Position 5824.15 4447.44 0}
		{Turn -56.6421}
		{Player 1}
		{MID 137}
		{NameId 87 22}
		{Cover
			{sector 5824.15 4447.44 {type "hide_stand"}
				{wall 0 0 5769.1 4419.58 5836.65 4464.05}
			}
		}
		{FsmState "stand"}
	}
	{Human "pol.tankman" 0x807c
		{Position 6224.56 4035.16 0}
		{Turn -162.891}
		{Player 1}
		{MID 138}
		{NameId 6 40}
		{Cover
			{sector 6224.56 4035.16 {type "hide_stand"}
				{wall 0 0 6219.11 4076.64 6248.49 3981.19}
			}
		}
		{FsmState "stand"}
	}
	{Human "pol.tankman" 0x807d
		{Position 6219.81 4050.57 0}
		{Turn -162.891}
		{Player 1}
		{MID 139}
		{NameId 43 27}
		{Cover
			{sector 6219.81 4050.57 {type "hide_stand"}
				{wall 0 0 6219.11 4076.64 6248.49 3981.19}
			}
		}
		{FsmState "stand"}
	}
	{Human "pol.tankman" 0x807e
		{Position 6229.3 4019.75 0}
		{Turn -162.891}
		{Player 1}
		{MID 140}
		{NameId 51 91}
		{Cover
			{sector 6229.3 4019.75 {type "hide_stand"}
				{wall 0 0 6219.11 4076.64 6248.49 3981.19}
			}
		}
		{FsmState "stand"}
	}
	{Entity "watch-tower_armed" 0x807f
		{Position 6315.21 4525.18 0}
		{Turn 135.221}
	}
	{Entity "wz33_tower" 0x8080
		{Position 6305.94 4532.54 121.349}
		{Orientation
			 -0.709829   0.704374   0.000000
			 -0.704374  -0.709829   0.000000
			  0.000000   0.000000   1.000000
		}
		{DisableObstacles}
		{Player 1}
		{MID 141}
	}
	{Entity "watch-tower_armed" 0x8081
		{Position 6284.38 3493.99 0}
		{Turn -59.083}
	}
	{Entity "wz33_tower" 0x8082
		{Position 6291.55 3484.57 121.349}
		{Orientation
			  0.513796  -0.857913   0.000000
			  0.857913   0.513796   0.000000
			  0.000000   0.000000   1.000000
		}
		{DisableObstacles}
		{Player 1}
		{MID 142}
	}
	{Human "pol.infantry_rifle" 0x8083
		{Position 6315.89 4522.34 121.918}
		{Turn 135.221}
		{Extender "inventory"
			{box
				{clear}
			}
		}
		{DisableObstacles}
		{Player 1}
		{MID 143}
		{NameId 11 23}
		{FsmState "board"}
	}
	{Human "pol.infantry_rifle" 0x8084
		{Position 6284.42 3496.91 121.918}
		{Turn -59.083}
		{DisableObstacles}
		{Player 1}
		{MID 144}
		{NameId 52 49}
		{FsmState "board"}
	}
	{Human "pol.oficer" 0x9011
		{Position 5354.81 4442.89 121.349}
		{Turn -176.192}
		{DisableObstacles}
		{Player 1}
		{MID 145}
		{NameId 68 41}
		{Cover
			{sector 5354.81 4442.89 {type "snipe_cover"}
				{wall 0 0 5348.49 4432.45 5347.16 4452.41}
			}
		}
		{FsmState "snipe"}
	}
	{Entity "watch-post" 0x9014
		{Position 5355.06 4443.98 0}
		{Turn -176.193}
	}
	{Human "pol.infantry_smg" 0x8049
		{Position 5014.75 4280.37 0}
		{Extender "inventory"
			{box
				{clear}
				{item "ppsh35" filling "ammo pistol" 35 {cell 0 0}}
				{item "ammo pistol" 70 {cell 3 0}}
			}
		}
		{Player 1}
		{MID 111}
		{NameId 57 66}
		{FsmState "stand"}
	}
	{Human "pol.infantry_smg" 0x804a
		{Position 5014.53 4294.27 0}
		{Extender "inventory"
			{box
				{clear}
				{item "ppsh35" filling "ammo pistol" 35 {cell 0 0}}
				{item "ammo pistol" 70 {cell 3 0}}
			}
		}
		{Player 1}
		{MID 112}
		{NameId 70 74}
		{FsmState "stand"}
	}
	{Human "pol.infantry_smg" 0x8054
		{Position 5161.94 4074.72 0}
		{Extender "inventory"
			{box
				{clear}
				{item "ppsh35" filling "ammo pistol" 35 {cell 0 0}}
				{item "ammo pistol" 70 {cell 3 0}}
			}
		}
		{Player 1}
		{MID 113}
		{NameId 62 83}
		{FsmState "stand"}
	}
	{Human "pol.infantry_smg" 0x8056
		{Position 5160.38 4051.49 0}
		{Player 1}
		{MID 114}
		{NameId 62 53}
		{FsmState "stand"}
	}
	{Human "pol.infantry_smg" 0x8057
		{Position 5272.19 3838.36 0}
		{Extender "inventory"
			{box
				{clear}
				{item "ppsh35" filling "ammo pistol" 35 {cell 0 0}}
				{item "ammo pistol" 70 {cell 3 0}}
			}
		}
		{Player 1}
		{MID 115}
		{NameId 42 21}
		{FsmState "stand"}
	}
	{Human "pol.infantry_smg" 0x8058
		{Position 5289.49 3846.15 0}
		{Player 1}
		{MID 116}
		{NameId 11 42}
		{FsmState "stand"}
	}
	{Human "pol.infantry_rifle" 0x8059
		{Position 5283.47 3824.34 0}
		{Extender "inventory"
			{box
				{clear}
				{item "wz.98a" filling "ammo rifle" 5 {cell 0 0}}
				{item "ammo rifle" 25 {cell 4 0}}
				{item "bayonet" {cell 7 0}}
			}
		}
		{Player 1}
		{MID 117}
		{NameId 79 2}
		{FsmState "stand"}
	}
	{Human "pol.infantry_rifle" 0x805a
		{Position 5294.53 3831.29 0}
		{Extender "inventory"
			{box
				{clear}
				{item "wz.98a" filling "ammo rifle" 5 {cell 0 0}}
				{item "ammo rifle" 25 {cell 4 0}}
				{item "bayonet" {cell 7 0}}
			}
		}
		{Player 1}
		{MID 118}
		{NameId 92 30}
		{FsmState "stand"}
	}
	{Human "pol.infantry_rifle" 0x805b
		{Position 5174.58 4042.66 0}
		{Extender "inventory"
			{box
				{clear}
				{item "wz.98a" filling "ammo rifle" 5 {cell 0 0}}
				{item "ammo rifle" 25 {cell 4 0}}
				{item "bayonet" {cell 7 0}}
			}
		}
		{Player 1}
		{MID 119}
		{NameId 85 82}
		{FsmState "stand"}
	}
	{Human "pol.infantry_rifle" 0x805c
		{Position 5190.19 4070.42 0}
		{Extender "inventory"
			{box
				{clear}
				{item "wz.98a" filling "ammo rifle" 5 {cell 0 0}}
				{item "ammo rifle" 25 {cell 4 0}}
				{item "bayonet" {cell 7 0}}
			}
		}
		{Player 1}
		{MID 147}
		{NameId 40 79}
		{FsmState "stand"}
	}
	{Human "pol.infantry_rifle" 0x805e
		{Position 5013.89 4264.62 0}
		{Extender "inventory"
			{box
				{clear}
				{item "wz.98a" filling "ammo rifle" 5 {cell 0 0}}
				{item "ammo rifle" 25 {cell 4 0}}
				{item "bayonet" {cell 7 0}}
			}
		}
		{Player 1}
		{MID 148}
		{NameId 70 0}
		{FsmState "stand"}
	}
	{Human "pol.infantry_rifle" 0x805f
		{Position 5033.21 4258.9 0}
		{Extender "inventory"
			{box
				{clear}
				{item "wz.98a" filling "ammo rifle" 5 {cell 0 0}}
				{item "ammo rifle" 25 {cell 4 0}}
				{item "bayonet" {cell 7 0}}
			}
		}
		{Player 1}
		{MID 149}
		{NameId 81 17}
		{FsmState "stand"}
	}
	{Human "pol.infantry_rifle" 0x8060
		{Position 6345.18 3087.98 0}
		{Extender "inventory"
			{box
				{clear}
				{item "wz.98a" filling "ammo rifle" 5 {cell 0 0}}
				{item "ammo rifle" 25 {cell 4 0}}
				{item "bayonet" {cell 7 0}}
			}
		}
		{Player 1}
		{MID 150}
		{NameId 92 17}
		{FsmState "stand"}
	}
	{Human "pol.infantry_rifle" 0x8061
		{Position 6328.33 3103.1 0}
		{Extender "inventory"
			{box
				{clear}
				{item "wz.98a" filling "ammo rifle" 5 {cell 0 0}}
				{item "ammo rifle" 25 {cell 4 0}}
				{item "bayonet" {cell 7 0}}
			}
		}
		{Player 1}
		{MID 151}
		{NameId 51 90}
		{FsmState "stand"}
	}
	{Human "pol.infantry_rifle" 0x8062
		{Position 6607.06 3162.18 0}
		{Extender "inventory"
			{box
				{clear}
				{item "wz.98a" filling "ammo rifle" 5 {cell 0 0}}
				{item "ammo rifle" 25 {cell 4 0}}
				{item "bayonet" {cell 7 0}}
			}
		}
		{Player 1}
		{MID 152}
		{NameId 3 95}
		{FsmState "stand"}
	}
	{Human "pol.infantry_rifle" 0x8063
		{Position 6585.24 3181.15 0}
		{Extender "inventory"
			{box
				{clear}
				{item "wz.98a" filling "ammo rifle" 5 {cell 0 0}}
				{item "ammo rifle" 25 {cell 4 0}}
				{item "bayonet" {cell 7 0}}
			}
		}
		{Player 1}
		{MID 153}
		{NameId 47 99}
		{FsmState "stand"}
	}
	{Human "pol.infantry_rifle" 0x8064
		{Position 6862.17 3089.63 0}
		{Extender "inventory"
			{box
				{clear}
				{item "wz.98a" filling "ammo rifle" 5 {cell 0 0}}
				{item "ammo rifle" 25 {cell 4 0}}
				{item "bayonet" {cell 7 0}}
			}
		}
		{Player 1}
		{MID 154}
		{NameId 57 8}
		{FsmState "stand"}
	}
	{Human "pol.infantry_rifle" 0x8065
		{Position 6832.16 3085.87 0}
		{Extender "inventory"
			{box
				{clear}
				{item "wz.98a" filling "ammo rifle" 5 {cell 0 0}}
				{item "ammo rifle" 25 {cell 4 0}}
				{item "bayonet" {cell 7 0}}
			}
		}
		{Player 1}
		{MID 155}
		{NameId 48 75}
		{FsmState "stand"}
	}
	{Human "pol.infantry_smg" 0x8066
		{Position 6839.94 3068.67 0}
		{Player 1}
		{MID 156}
		{NameId 16 2}
		{FsmState "stand"}
	}
	{Human "pol.infantry_smg" 0x8067
		{Position 6574.42 3161.58 0}
		{Player 1}
		{MID 157}
		{NameId 48 90}
		{FsmState "stand"}
	}
	{Human "pol.infantry_smg" 0x8068
		{Position 6320.09 3075.12 0}
		{Player 1}
		{MID 158}
		{NameId 74 96}
		{FsmState "stand"}
	}
	{Human "pol.infantry_mgun" 0x8069
		{Position 6347 3068.94 0}
		{Extender "inventory"
			{box
				{clear}
				{item "rkm" filling "ammo mgun" 20 {cell 0 0}}
				{item "ammo mgun" 100 {cell 5 0}}
			}
		}
		{Player 1}
		{MID 159}
		{NameId 4 57}
		{FsmState "stand"}
	}
	{Human "pol.infantry_mgun" 0x8085
		{Position 6604.65 3148.43 0}
		{Extender "inventory"
			{box
				{clear}
				{item "rkm" filling "ammo mgun" 20 {cell 0 0}}
				{item "ammo mgun" 100 {cell 5 0}}
			}
		}
		{Player 1}
		{MID 160}
		{NameId 39 70}
		{FsmState "stand"}
	}
	{Human "pol.infantry_mgun" 0x8086
		{Position 6866.01 3070.32 0}
		{Player 1}
		{MID 161}
		{NameId 60 8}
		{FsmState "stand"}
	}
	{Human "pol.infantry_mgun" 0x8087
		{Position 6248.21 5103.51 0}
		{Extender "inventory"
			{box
				{clear}
				{item "rkm" filling "ammo mgun" 20 {cell 0 0}}
				{item "ammo mgun" 100 {cell 5 0}}
			}
		}
		{Player 1}
		{MID 162}
		{NameId 24 38}
		{FsmState "stand"}
	}
	{Human "pol.infantry_mgun" 0x8088
		{Position 6151.39 5130.6 0}
		{Player 1}
		{MID 163}
		{NameId 61 12}
		{FsmState "stand"}
	}
	{Human "pol.infantry_mgun" 0x8089
		{Position 5709.99 4995.72 0}
		{Extender "inventory"
			{box
				{clear}
				{item "rkm" filling "ammo mgun" 20 {cell 0 0}}
				{item "ammo mgun" 100 {cell 5 0}}
			}
		}
		{Player 1}
		{MID 164}
		{NameId 32 13}
		{FsmState "stand"}
	}
	{Human "pol.infantry_rifle" 0x808a
		{Position 5737.24 4978 0}
		{Extender "inventory"
			{box
				{clear}
				{item "wz.98a" filling "ammo rifle" 5 {cell 0 0}}
				{item "ammo rifle" 25 {cell 4 0}}
				{item "bayonet" {cell 7 0}}
			}
		}
		{Player 1}
		{MID 165}
		{NameId 34 77}
		{FsmState "stand"}
	}
	{Human "pol.infantry_rifle" 0x808b
		{Position 6152.34 5148.78 0}
		{Extender "inventory"
			{box
				{clear}
				{item "wz.98a" filling "ammo rifle" 5 {cell 0 0}}
				{item "ammo rifle" 25 {cell 4 0}}
				{item "bayonet" {cell 7 0}}
			}
		}
		{Player 1}
		{MID 166}
		{NameId 24 99}
		{FsmState "stand"}
	}
	{Human "pol.infantry_rifle" 0x808c
		{Position 6232.92 5109.88 0}
		{Extender "inventory"
			{box
				{clear}
