;Exported by: Yurov
;Date:        Mon May 10 19:01:05 2004
;File:        D:\-Projects-\-3DWork-\Model\Sdkfz7\SdKfz7-new.max
{Skeleton
	{animation
		{sequence "start"}
		{sequence "stop"}
	}
	{bone "Basis"
		{parameters "WheelRadius=0.5;SteerMax=25;"}
		{Orientation
			1.0000	0.0000	0.0000
			0.0000	-1.0000	0.0000
			0.0000	0.0000	1.0000
		}
		{bone "Body"
			{parameters "ID=body;"}
			{animation
				{sequence "repair" {file "body_r.anm"}}
			}
			{Position 4.6852	-0.6054	25.2165}
			{VolumeView "Body.ply"}
			{bone "commander"
				{Matrix34
					0.9848	0.0000	0.1736
					0.0000	1.0000	0.0000
					-0.1736	0.0000	0.9848
					12.9481	-0.4141	-1.4952
				}
			}
			{bone "driver"
				{Matrix34
					0.9848	0.0000	0.1736
					0.0000	1.0000	0.0000
					-0.1736	0.0000	0.9848
					12.9801	11.5149	-1.4941
				}
			}
			{bone "FXfire1"
				{Matrix34
					-0.0000	1.0000	0.0000
					-1.0000	-0.0000	0.0000
					0.0000	0.0000	1.0000
					38.8549	0.1307	1.3818
				}
			}
			{bone "FXfire2"
				{Matrix34
					-0.0000	1.0000	0.0000
					-1.0000	-0.0000	0.0000
					0.0000	0.0000	1.0000
					-14.9191	-0.1747	-4.5723
				}
			}
			{bone "FXshot"
				{Matrix34
					-0.0000	1.0000	0.0000
					-1.0000	-0.0000	0.0000
					0.0000	0.0000	1.0000
					13.8157	0.1035	-1.7234
				}
			}
			{bone "FXsmoke1"
				{Matrix34
					-1.0000	0.0000	-0.0000
					0.0000	1.0000	0.0000
					0.0000	-0.0000	-1.0000
					-64.1979	18.2071	-13.3059
				}
			}
			{bone "bodyback"
				{parameters "ID=bodyback;"}
				{Position -31.9196	-0.0000	14.1921}
				{VolumeView "bodyback.ply"}
			}
			{bone "seat01"
				{Matrix34
					0.9848	0.0000	0.1736
					0.0000	1.0000	0.0000
					-0.1736	0.0000	0.9848
					12.9481	-12.7884	-1.4952
				}
			}
			{bone "seat02"
				{Matrix34
					0.9848	0.0000	0.1736
					0.0000	1.0000	0.0000
					-0.1736	0.0000	0.9848
					-7.7645	-10.9372	-0.7792
				}
			}
			{bone "seat05"
				{Matrix34
					0.9848	0.0000	0.1736
					0.0000	1.0000	0.0000
					-0.1736	0.0000	0.9848
					-26.7712	-13.1866	-0.3975
				}
			}
			{bone "seat03"
				{Matrix34
					0.9848	0.0000	0.1736
					0.0000	1.0000	0.0000
					-0.1736	0.0000	0.9848
					-7.7645	0.1588	-0.7792
				}
			}
			{bone "seat04"
				{Matrix34
					0.9848	0.0000	0.1736
					0.0000	1.0000	0.0000
					-0.1736	0.0000	0.9848
					-7.7645	11.1016	-0.7792
				}
			}
			{bone "seat06"
				{Matrix34
					0.9848	0.0000	0.1736
					0.0000	1.0000	0.0000
					-0.1736	0.0000	0.9848
					-26.7712	0.0325	-0.3975
				}
			}
			{bone "seat07"
				{Matrix34
					0.9848	0.0000	0.1736
					0.0000	1.0000	0.0000
					-0.1736	0.0000	0.9848
					-26.7712	12.3095	-0.3975
				}
			}
			{bone "engine"
				{parameters "ID=engine;"}
				{animation
					{sequence "repair" {file "engine_r.anm"}}
				}
				{Position 47.2463	-0.0000	-6.5083}
				{VolumeView "engine.ply"}
			}
			{bone "glass"
				{parameters "ID=glass;"}
				{Matrix34
					0.2588	0.0000	-0.9659
					0.0000	1.0000	0.0000
					0.9659	0.0000	0.2588
					21.8328	-0.0000	17.2658
				}
				{VolumeView "glass.ply"}
			}
			{bone "visor"
				{Matrix34
					1.0000	-0.0000	0.0000
					-0.0000	-1.0000	-0.0000
					0.0000	0.0000	-1.0000
					24.9686	10.7114	18.0845
				}
			}
			{bone revolute "WheelL2"
				{parameters "ID=wheelleft2;"}
				{Matrix34
					-0.0000	-0.0000	1.0000
					1.0000	-0.0000	-0.0000
					0.0000	1.0000	0.0000
					20.1931	-0.1726	-12.0643
				}
				{VolumeView "WheelL2.ply"}
			}
			{bone revolute "WheelR5"
				{parameters "ID=wheelright5;"}
				{Matrix34
					-0.0000	-0.0000	1.0000
					1.0000	-0.0000	-0.0000
					0.0000	1.0000	0.0000
					-49.6350	-0.1694	-13.5224
				}
				{VolumeView "WheelR5.ply"}
			}
		}
		{bone "pivot_back"
			{Position -44.9189	-0.4769	10.4543}
			{bone "FXtraceR2"
				{Matrix34
					-1.0000	0.0000	-0.0000
					-0.0000	-1.0000	-0.0000
					-0.0000	-0.0000	1.0000
					3.7366	-19.8635	-7.0188
				}
			}
			{bone "FXtraceL2"
				{Matrix34
					-1.0000	-0.0000	0.0000
					0.0000	-1.0000	0.0000
					0.0000	0.0000	1.0000
					3.7366	19.2309	-7.0188
				}
			}
			{bone revolute "spring_L"
				{Matrix34
					1.0000	0.0000	0.0000
					0.0000	0.0175	0.9998
					0.0000	-0.9998	0.0175
					34.1535	11.8525	-8.5357
				}
				{bone "TrackL"
					{parameters "ID=trackleft;"}
					{Matrix34
						-1.0000	0.0000	-0.0000
						-0.0000	-0.0175	0.9998
						0.0000	0.9998	0.0175
						10.2162	0.2587	-11.1968
					}
					{VolumeView "TrackL.ply"}
				}
				{bone revolute "WheelL3"
					{parameters "ID=wheelleft3;"}
					{Matrix34
						0.0000	0.9998	0.0175
						1.0000	-0.0000	0.0000
						0.0000	0.0175	-0.9998
						11.9618	6.0892	12.3281
					}
					{VolumeView "WheelL3.ply"}
				}
				{bone revolute "WheelL4"
					{parameters "ID=wheelleft4;"}
					{Matrix34
						0.0000	0.9998	0.0175
						1.0000	-0.0000	0.0000
						0.0000	0.0175	-0.9998
						-6.2371	6.0892	12.3281
					}
					{VolumeView "WheelL4.ply"}
				}
				{bone revolute "WheelL5"
					{parameters "ID=wheelleft5;"}
					{Matrix34
						0.0000	0.9998	0.0175
						1.0000	-0.0000	0.0000
						0.0000	0.0175	-0.9998
						-24.1955	6.4563	-8.7055
					}
					{VolumeView "WheelL5.ply"}
				}
			}
			{bone revolute "spring_R"
				{Matrix34
					1.0000	0.0000	0.0000
					0.0000	0.0175	0.9998
					0.0000	-0.9998	0.0175
					34.1535	-12.1991	-8.1159
				}
				{bone revolute "WheelR2"
					{parameters "ID=wheelright2;"}
					{Matrix34
						0.0000	0.9998	0.0175
						1.0000	-0.0000	0.0000
						0.0000	0.0175	-0.9998
						20.3839	6.0898	-11.7621
					}
					{VolumeView "WheelR2.ply"}
				}
				{bone revolute "WheelR3"
					{parameters "ID=wheelright3;"}
					{Matrix34
						0.0000	0.9998	0.0175
						1.0000	-0.0000	0.0000
						0.0000	0.0175	-0.9998
						2.8041	6.0898	-11.7621
					}
					{VolumeView "WheelR3.ply"}
				}
				{bone revolute "WheelR4"
					{parameters "ID=wheelright4;"}
					{Matrix34
						0.0000	0.9998	0.0175
						1.0000	-0.0000	0.0000
						0.0000	0.0175	-0.9998
						-15.1443	6.4207	-30.7219
					}
					{VolumeView "WheelR4.ply"}
				}
				{bone "TrackR"
					{parameters "ID=trackright;"}
					{Matrix34
						-1.0000	0.0000	-0.0000
						-0.0000	-0.0175	0.9998
						0.0000	0.9998	0.0175
						10.2162	-0.4220	3.7444
					}
					{VolumeView "TrackR.ply"}
				}
			}
		}
		{bone "pivot_front"
			{Position 45.2624	-0.4769	10.4543}
			{bone revolute "steer_R"
				{Matrix34
					1.0000	0.0000	0.0000
					0.0000	-1.0000	-0.0000
					0.0000	0.0000	-1.0000
					9.2828	-15.8794	-0.1690
				}
				{bone "FXtraceR1"
					{Matrix34
						-1.0000	0.0000	-0.0000
						0.0000	1.0000	-0.0000
						-0.0000	-0.0000	-1.0000
						-9.6354	3.9841	6.8499
					}
				}
				{bone revolute "wheelR1"
					{parameters "ID=wheelright1;"}
					{Matrix34
						1.0000	-0.0000	0.0000
						0.0000	0.0000	1.0000
						-0.0000	-1.0000	0.0000
						0.3377	4.0513	-0.2554
					}
					{VolumeView "wheelR1.ply"}
				}
			}
			{bone revolute "steer_L"
				{Matrix34
					1.0000	0.0000	0.0000
					0.0000	-1.0000	-0.0000
					0.0000	0.0000	-1.0000
					9.2828	14.9632	-0.1690
				}
				{bone "FXtraceL1"
					{Matrix34
						-1.0000	0.0000	-0.0000
						0.0000	1.0000	-0.0000
						-0.0000	-0.0000	-1.0000
						-9.6354	-4.2677	6.8499
					}
				}
				{bone revolute "wheelL1"
					{parameters "ID=wheelleft1;"}
					{Matrix34
						0.9998	-0.0000	-0.0175
						0.0175	-0.0000	0.9998
						-0.0000	-1.0000	-0.0000
						0.3498	-4.1490	-0.2628
					}
					{VolumeView "wheelL1.ply"}
				}
			}
		}
		{bone "emit1"
			{Matrix34
				-0.0000	-1.0000	0.0000
				1.0000	-0.0000	0.0000
				0.0000	0.0000	1.0000
				21.4313	43.9752	-0.0000
			}
			{visibility 0}
		}
		{bone "emit2"
			{Matrix34
				-0.0000	1.0000	0.0000
				-1.0000	-0.0000	0.0000
				0.0000	0.0000	1.0000
				21.4313	-45.2039	0.0000
			}
			{visibility 0}
		}
		{bone "emit3"
			{Matrix34
				-0.0000	-1.0000	0.0000
				1.0000	-0.0000	0.0000
				0.0000	0.0000	1.0000
				0.5632	43.9752	0.0000
			}
			{visibility 0}
		}
		{bone "emit4"
			{Matrix34
				-0.0000	1.0000	0.0000
				-1.0000	-0.0000	0.0000
				0.0000	0.0000	1.0000
				0.5632	-45.2039	0.0000
			}
			{visibility 0}
		}
		{bone "emit5"
			{Matrix34
				-0.0000	-1.0000	0.0000
				1.0000	-0.0000	0.0000
				0.0000	0.0000	1.0000
				-20.4152	43.9752	0.0000
			}
			{visibility 0}
		}
		{bone "emit6"
			{Matrix34
				-0.0000	1.0000	0.0000
				-1.0000	-0.0000	0.0000
				0.0000	0.0000	1.0000
				-20.4152	-45.2039	0.0000
			}
			{visibility 0}
		}
	}
}
{Volume "wheelleft1"
	{Cylinder 10.485 4.95941}
	{Bone "wheelL1"}
	{Matrix34
		-0.7194	-0.6946	0.0000
		-0.6946	0.7194	-0.0000
		0.0000	-0.0000	-1.0000
		-0.0000	0.0000	-0.0515
	}
}
{Volume "wheelright1"
	{Cylinder 10.485 4.90284}
	{Bone "wheelR1"}
	{Matrix34
		0.6946	0.7194	-0.0000
		-0.7194	0.6946	0.0000
		0.0000	0.0000	1.0000
		-0.0000	-0.0000	-0.0147
	}
}
{Volume "trackright"
	{Box 67.8064 8.33026 20.3046}
	{Bone "TrackR"}
	{Matrix34
		-1.0000	-0.0000	-0.0000
		0.0000	-1.0000	-0.0000
		-0.0000	0.0000	1.0000
		18.0086	4.1562	8.1179
	}
}
{Volume "trackleft"
	{Box 66.9078 8.33026 20.3046}
	{Bone "TrackL"}
	{Matrix34
		-1.0000	0.0000	0.0000
		-0.0000	-1.0000	-0.0000
		-0.0000	-0.0000	1.0000
		18.5985	3.8140	8.1179
	}
}
{Volume "glass"
	{Box 1.41731 37.8937 8.5}
	{Bone "glass"}
	{Matrix34
		0.0087	0.0000	1.0000
		0.0000	1.0000	0.0000
		-1.0000	0.0000	0.0087
		-0.1157	-0.4221	-0.1093
	}
}
{Volume "engine"
	{Polyhedron "engine.vol"}
	{Bone "engine"}
	{Position -6.4153	0.0117	-5.4464}
}
{Volume "bodyback"
	{Box 47.0757 43.7006 14.0605}
	{Bone "bodyback"}
	{Position -0.5123	-0.0000	5.8401}
}
{Volume "fuel"
	{Box 29.1202 11.1687 20.2153}
	{Bone "Body"}
	{Matrix34
		-0.0000	1.0000	0.0000
		-1.0000	-0.0000	0.0000
		0.0000	0.0000	1.0000
		-60.0081	0.0787	2.9805
	}
}
{Volume "Body"
	{Box 94.3343 30.344 21.7301}
	{Bone "Body"}
	{Position -21.5800	-0.0000	3.1871}
}
