;Exported by: shevchenko
;Date:        Tue Jun 01 11:39:10 2004
;File:        D:\-PROJE~1\-3DWork-\sheva\SK\BROK_W~1.MAX
{Skeleton
	{bone "wall9"
		{Orientation
			1.0000	0.0000	0.0000
			0.0000	-1.0000	0.0000
			0.0000	0.0000	1.0000
		}
		{bone "Piece3"
			{Matrix34
				-0.0872	-0.9962	0.0000
				-0.0000	0.0000	1.0000
				-0.9962	0.0872	-0.0000
				-5.0883	-58.1593	44.4400
			}
			{VolumeView "Piece3.ply"}
		}
		{bone "Piece4"
			{Matrix34
				0.0872	0.9962	0.0000
				0.0000	-0.0000	1.0000
				0.9962	-0.0872	-0.0000
				5.7872	66.1481	80.9846
			}
			{VolumeView "Piece4.ply"}
		}
		{bone "Piece5"
			{Matrix34
				0.0872	0.9962	0.0000
				0.0000	-0.0000	1.0000
				0.9962	-0.0872	-0.0000
				-3.1740	-36.2787	69.0863
			}
			{VolumeView "Piece5.ply"}
		}
		{bone "Piece6"
			{Matrix34
				0.0872	0.9962	0.0000
				0.0000	-0.0000	1.0000
				0.9962	-0.0872	-0.0000
				5.1718	59.0911	29.2548
			}
			{VolumeView "Piece6.ply"}
		}
		{bone "Piece7"
			{Matrix34
				0.0872	0.9962	0.0000
				0.0000	-0.0000	1.0000
				0.9962	-0.0872	-0.0000
				3.4798	39.7738	62.4888
			}
			{VolumeView "Piece7.ply"}
		}
		{bone "Piece0"
			{Matrix34
				0.0872	0.9962	0.0000
				0.0000	-0.0000	1.0000
				0.9962	-0.0872	-0.0000
				-3.0928	-35.3840	36.3405
			}
			{VolumeView "Piece0.ply"}
		}
		{bone "Piece1"
			{Matrix34
				0.0872	0.9962	0.0000
				0.0000	-0.0000	1.0000
				0.9962	-0.0872	-0.0000
				3.1285	35.7590	82.0341
			}
			{VolumeView "Piece1.ply"}
		}
		{bone "Sub_piece0"
			{Matrix34
				0.0872	0.9962	0.0000
				0.0000	-0.0000	1.0000
				0.9962	-0.0872	-0.0000
				-0.0000	-0.0000	71.1686
			}
			{VolumeView "Sub_piece0.ply"}
		}
		{bone "Sub_piece1"
			{Matrix34
				0.0872	0.9962	0.0000
				0.0000	-0.0000	1.0000
				0.9962	-0.0872	-0.0000
				1.2043	13.7645	54.7905
			}
			{VolumeView "Sub_piece1.ply"}
		}
		{bone "Sub_piece2"
			{Matrix34
				0.0872	0.9962	0.0000
				0.0000	-0.0000	1.0000
				0.9962	-0.0872	-0.0000
				6.1814	70.6539	54.9721
			}
			{VolumeView "Sub_piece2.ply"}
		}
		{bone "Sub_piece3"
			{Matrix34
				0.0872	0.9962	0.0000
				0.0000	-0.0000	1.0000
				0.9962	-0.0872	-0.0000
				-1.4409	-16.4692	54.5763
			}
			{VolumeView "Sub_piece3.ply"}
		}
		{bone "Sub_piece4"
			{Matrix34
				0.0872	0.9962	0.0000
				0.0000	-0.0000	1.0000
				0.9962	-0.0872	-0.0000
				0.0012	0.0139	36.8586
			}
			{VolumeView "Sub_piece4.ply"}
		}
	}
}
{Volume "Sub_piece4"
	{Box 10.9131 21.1144 11.811}
	{Bone "Sub_piece4"}
	{Position -0.0000	0.5559	0.0000}
}
{Volume "Sub_piece3"
	{Box 14.3151 19.9823 11.811}
	{Bone "Sub_piece3"}
	{Position 0.0000	0.0000	0.0000}
}
{Volume "Sub_piece2"
	{Box 14.3151 19.9823 11.811}
	{Bone "Sub_piece2"}
	{Position -0.0000	0.0000	-0.0000}
}
{Volume "Sub_piece1"
	{Box 14.3151 19.9823 11.811}
	{Bone "Sub_piece1"}
	{Position 0.0000	0.0000	0.0000}
}
{Volume "Sub_piece0"
	{Box 10.9131 21.1144 11.811}
	{Bone "Sub_piece0"}
	{Position -0.0000	0.5559	0.0000}
}
{Volume "Piece1"
	{Box 20.7942 16.4815 11.811}
	{Bone "Piece1"}
	{Position -0.0000	-0.0000	-0.0000}
}
{Volume "Piece0"
	{Box 10.3939 18.3207 11.8167}
	{Bone "Piece0"}
	{Position -0.0000	0.0000	0.0000}
}
{Volume "Piece7"
	{Box 26.8379 20.0147 11.811}
	{Bone "Piece7"}
	{Matrix34
		0.6428	-0.7660	0.0000
		0.7660	0.6428	0.0000
		0.0000	-0.0000	1.0000
		-0.3249	-3.3011	-0.0000
	}
}
{Volume "Piece6"
	{Box 22.4953 13.6274 11.815}
	{Bone "Piece6"}
	{Position -3.4340	0.8000	0.0000}
}
{Volume "Piece5"
	{Box 21.6536 23.1844 11.811}
	{Bone "Piece5"}
	{Position -0.0000	4.4189	0.0000}
}
{Volume "Piece4"
	{Box 18.6769 29.0066 11.811}
	{Bone "Piece4"}
	{Position 3.2701	3.3411	-0.0000}
}
{Volume "Piece3"
	{Box 18.4016 25.7281 11.811}
	{Bone "Piece3"}
	{Matrix34
		0.9848	0.1736	0.0000
		-0.1736	0.9848	0.0000
		0.0000	0.0000	1.0000
		-3.2796	4.0241	0.0000
	}
}
