;Exported by: sk
;Date:        Mon Jan 19 13:29:50 2004
;File:        D:\-Projects-\-3DWork-\Constructions\Hangar_big\Hangar_big_new_x.max
{Skeleton
	{bone "hangar_wall_x"
		{Orientation
			1.0000	0.0000	0.0000
			0.0000	-1.0000	0.0000
			0.0000	0.0000	1.0000
		}
		{bone "Piece0"
			{Matrix34
				1.0000	0.0000	0.0000
				0.0000	-0.0000	1.0000
				0.0000	-1.0000	-0.0000
				24.8295	-0.1165	50.8510
			}
			{VolumeView "Piece0.ply"}
		}
		{bone "Piece1"
			{Matrix34
				1.0000	0.0000	0.0000
				0.0000	-0.0000	1.0000
				0.0000	-1.0000	-0.0000
				-67.8990	-0.1165	75.3433
			}
			{VolumeView "Piece1.ply"}
		}
		{bone "Piece2"
			{Matrix34
				1.0000	0.0000	0.0000
				0.0000	-0.0000	1.0000
				0.0000	-1.0000	-0.0000
				-62.1235	-0.1165	104.2207
			}
			{VolumeView "Piece2.ply"}
		}
		{bone "Piece3"
			{Matrix34
				1.0000	0.0000	0.0000
				0.0000	-0.0000	1.0000
				0.0000	-1.0000	-0.0000
				-29.3958	-0.1165	101.1190
			}
			{VolumeView "Piece3.ply"}
		}
		{bone "Piece4"
			{Matrix34
				1.0000	0.0000	0.0000
				0.0000	-0.0000	1.0000
				0.0000	-1.0000	-0.0000
				36.9153	-0.1165	104.2207
			}
			{VolumeView "Piece4.ply"}
		}
		{bone "Piece5"
			{Matrix34
				1.0000	0.0000	0.0000
				0.0000	-0.0000	1.0000
				0.0000	-1.0000	-0.0000
				65.5787	-0.1165	101.9747
			}
			{VolumeView "Piece5.ply"}
		}
		{bone "Piece6"
			{Matrix34
				1.0000	0.0000	0.0000
				0.0000	-0.0000	1.0000
				0.0000	-1.0000	-0.0000
				-2.8709	-0.1165	100.4609
			}
			{VolumeView "Piece6.ply"}
		}
		{bone "Piece7"
			{Matrix34
				1.0000	0.0000	0.0000
				0.0000	-0.0000	1.0000
				0.0000	-1.0000	-0.0000
				63.0119	-0.1165	62.4019
			}
			{VolumeView "Piece7.ply"}
		}
	}
}
{Volume "Piece7"
	{Box 18.7703 33.1256 5.90551}
	{Bone "Piece7"}
	{Matrix34
		0.9397	0.3420	-0.0000
		-0.3420	0.9397	-0.0000
		0.0000	-0.0000	1.0000
		3.4896	2.1999	-0.0000
	}
}
{Volume "Piece6"
	{Box 19.2074 31.7322 5.90551}
	{Bone "Piece6"}
	{Matrix34
		0.9397	-0.3420	0.0000
		0.3420	0.9397	-0.0000
		-0.0000	-0.0000	1.0000
		-1.3203	-0.7296	-0.0000
	}
}
{Volume "Piece5"
	{Box 15.8505 27.3373 5.90551}
	{Bone "Piece5"}
	{Position 1.9377	1.0393	-0.0000}
}
{Volume "Piece4"
	{Box 33.7866 20.7062 5.90551}
	{Bone "Piece4"}
	{Position 0.6357	2.3645	-0.0000}
}
{Volume "Piece3"
	{Box 19.2067 28.4924 5.90551}
	{Bone "Piece3"}
	{Matrix34
		0.9848	-0.1736	-0.0000
		0.1736	0.9848	-0.0000
		-0.0000	-0.0000	1.0000
		0.0000	-0.0000	-0.0000
	}
}
{Volume "Piece2"
	{Box 23.1789 21.1233 5.90551}
	{Bone "Piece2"}
	{Position -1.2660	2.3645	-0.0000}
}
{Volume "Piece1"
	{Box 14.7596 24.2249 5.90551}
	{Bone "Piece1"}
	{Position 0.0000	-0.0000	0.0000}
}
{Volume "Piece0"
	{Box 33.1256 14.8793 5.90551}
	{Bone "Piece0"}
	{Matrix34
		0.9848	0.1736	0.0000
		-0.1736	0.9848	-0.0000
		0.0000	-0.0000	1.0000
		-1.1243	-0.2195	-0.0000
	}
}
