{Skeleton
	{animation
		{sequence "recoil" {speed 0.3}}
	}
	{bone "basis"
		{Orientation
			1.0000	0.0000	0.0000
			0.0000	-1.0000	0.0000
			0.0000	0.0000	1.0000
		}
		{bone revolute "turret"
			{parameters "ID=Turret;"}
			{speed 0.0100}
			{Position 0.1442	0.2318	-0.0225}
			{VolumeView "turret.ply"}
			{bone revolute "Gun_rot"
				{parameters "ID=Turret;"}
				{limits -5.0000 25.0000}
				{speed 0.0100}
				{Matrix34
					1.0000	0.0000	0.0000
					0.0000	0.0000	1.0000
					0.0000	-1.0000	0.0000
					0.0273	-0.1610	30.6081
				}
				{VolumeView "Gun_rot.ply"}
				{bone "Gun"
					{parameters "ID=Turret;"}
					{Position -9.1055	0.4582	-0.0000}
					{VolumeView "Gun.ply"}
					{bone "Foresight1"
						{Matrix34
							1.0000	0.0000	0.0000
							0.0000	0.0000	-1.0000
							0.0000	1.0000	0.0000
							103.0371	0.1168	0.2293
						}
					}
				}
			}
			{bone "Visor"
				{Position 20.3243	-0.2318	42.6384}
			}
			{bone "commander"
				{Matrix34
					0.8192	-0.5736	-0.0011
					0.5736	0.8192	-0.0007
					0.0013	-0.0001	1.0000
					-2.6393	16.0700	4.3058
				}
			}
			{bone "gunner"
				{Matrix34
					0.5070	0.8618	-0.0007
					-0.8618	0.5070	0.0012
					0.0013	-0.0001	1.0000
					-1.5415	-14.1230	4.3058
				}
			}
		}
		{bone "emit1"
			{Matrix34
				0.7660	0.6428	0.0000
				-0.6428	0.7660	0.0000
				0.0000	0.0000	1.0000
				-25.0000	-20.0000	0.0000
			}
		}
		{bone "emit2"
			{Matrix34
				0.8192	-0.5736	0.0000
				0.5736	0.8192	0.0000
				0.0000	0.0000	1.0000
				-23.1862	17.6554	0.0000
			}
		}
	}
}
{Obstacle "obstacle"
	{Obb2
		{Center -2.4991 -0.4144}
		{Extent 28.4210 25.0562}
		{Axis 1 0}
	}
	{Rotate}
}
{Volume "turret"
	{Box 2.3345 49.6578 50.3408}
	{Bone "turret"}
	{Position 25.5573	-0.2318	24.6929}
}
{Volume "turret2"
	{Box 49.3345 2.3345 50.3408}
	{Bone "turret"}
	{Position 1.5573	-24.6318	24.6929}
}
{Volume "turret3"
	{Box 49.3345 2.3345 50.3408}
	{Bone "turret"}
	{Position 1.5573	24.4318	24.6929}
}
{Volume "turret4"
	{Box 49.3345 49.3345 2.3408}
	{Bone "turret"}
	{Position 1.5573	0.0000	49.1929}
}
{Volume "Gun"
	{Cylinder 3.55755 93.1881}
	{Bone "Gun"}
	{Matrix34
		0.0000	-1.0000	0.0000
		0.0000	0.0000	-1.0000
		1.0000	0.0000	0.0000
		48.6160	0.5539	0.0293
	}
}
