;Exported by: shevchenko
;Date:        Mon Apr 19 11:40:06 2004
;File:        D:\-Projects-\-3DWork-\sheva\wall3a_x1_next_x.max
{Skeleton
	{animation
		{sequence "crush" {speed 0.8}}
	}
	{bone "house_euro1_corner3_x"
		{parameters "CommonMesh;"}
		{Orientation
			1.0000	0.0000	0.0000
			0.0000	-1.0000	0.0000
			0.0000	0.0000	1.0000
		}
		{VolumeView "house_euro1_corner3_x.ply"}
		{bone "piece0"
			{Matrix34
				1.0000	0.0000	0.0000
				0.0000	-0.0000	1.0000
				0.0000	-1.0000	-0.0000
				-6.6705	25.6373	61.2351
			}
			{VolumeView "piece0.ply"}
		}
		{bone "piece1"
			{Matrix34
				-0.0000	-1.0000	0.0000
				-0.0000	0.0000	1.0000
				-1.0000	0.0000	-0.0000
				-16.9333	-5.9011	152.8945
			}
			{VolumeView "piece1.ply"}
		}
		{bone "piece2"
			{Matrix34
				-0.0000	-1.0000	0.0000
				-0.0000	0.0000	1.0000
				-1.0000	0.0000	-0.0000
				-16.9333	10.7004	63.1534
			}
			{VolumeView "piece2.ply"}
		}
		{bone "sub_piece0"
			{Matrix34
				1.0000	0.0000	0.0000
				0.0000	-0.0000	1.0000
				0.0000	-1.0000	-0.0000
				-12.7838	25.6373	107.9549
			}
			{VolumeView "sub_piece0.ply"}
		}
		{bone "sub_piece1"
			{Matrix34
				-0.0000	-1.0000	0.0000
				-0.0000	0.0000	1.0000
				-1.0000	0.0000	-0.0000
				-16.9333	14.8171	112.4387
			}
			{VolumeView "sub_piece1.ply"}
		}
		{bone "sub_piece2"
			{Matrix34
				-0.0000	-1.0000	0.0000
				-0.0000	0.0000	1.0000
				-1.0000	0.0000	-0.0000
				-16.9333	-16.5043	120.8262
			}
			{VolumeView "sub_piece2.ply"}
		}
		{bone "sub_piece3"
			{Matrix34
				-0.0000	-1.0000	0.0000
				-0.0000	0.0000	1.0000
				-1.0000	0.0000	-0.0000
				-16.9333	-9.2016	94.5996
			}
			{VolumeView "sub_piece3.ply"}
		}
		{bone "sub_piece4"
			{Matrix34
				1.0000	0.0000	0.0000
				0.0000	-0.0000	1.0000
				0.0000	-1.0000	-0.0000
				-10.3515	25.6373	19.4717
			}
			{VolumeView "sub_piece4.ply"}
		}
		{bone "sub_piece5"
			{Matrix34
				-0.0000	-1.0000	0.0000
				-0.0000	0.0000	1.0000
				-1.0000	0.0000	-0.0000
				-16.9333	14.4520	17.6171
			}
			{VolumeView "sub_piece5.ply"}
		}
	}
}
{Volume "sub_piece5"
	{Box 9.84252 16.0252 32.2986}
	{Bone "sub_piece5"}
	{Matrix34
		0.0000	0.0000	-1.0000
		-1.0000	-0.0000	-0.0000
		-0.0000	1.0000	0.0000
		-1.3060	-0.6903	0.1036
	}
}
{Volume "sub_piece4"
	{Box 11.5048 9.84252 14.2609}
	{Bone "sub_piece4"}
	{Matrix34
		0.9748	-0.2232	-0.0000
		-0.0000	-0.0000	-1.0000
		0.2232	0.9748	-0.0000
		-1.0983	-2.1869	-0.1380
	}
}
{Volume "sub_piece3"
	{Box 9.84252 19.6536 22.0991}
	{Bone "sub_piece3"}
	{Matrix34
		0.0000	0.0000	-1.0000
		-0.9642	0.2653	-0.0000
		0.2653	0.9642	0.0000
		1.0350	0.1960	0.1036
	}
}
{Volume "sub_piece2"
	{Box 9.84252 12.0945 10.3884}
	{Bone "sub_piece2"}
	{Matrix34
		0.0000	0.0000	-1.0000
		-0.7435	0.6687	-0.0000
		0.6687	0.7435	0.0000
		-1.9712	-1.2847	0.1036
	}
}
{Volume "sub_piece1"
	{Box 9.84252 15.1847 22.0991}
	{Bone "sub_piece1"}
	{Matrix34
		0.0000	0.0000	-1.0000
		-1.0000	-0.0000	-0.0000
		-0.0000	1.0000	0.0000
		0.9363	-0.2107	0.1036
	}
}
{Volume "sub_piece0"
	{Box 10.7625 9.84252 22.2827}
	{Bone "sub_piece0"}
	{Matrix34
		0.9978	-0.0668	0.0000
		-0.0000	-0.0000	-1.0000
		0.0668	0.9978	-0.0000
		-0.0557	-0.4404	-0.1380
	}
}
{Volume "piece2"
	{Box 9.84252 25.3985 34.5652}
	{Bone "piece2"}
	{Matrix34
		0.0000	0.0000	-1.0000
		-1.0000	-0.0000	-0.0000
		-0.0000	1.0000	0.0000
		-1.5714	-2.1623	0.1036
	}
}
{Volume "piece1"
	{Box 9.84252 35.3764 23.4212}
	{Bone "piece1"}
	{Matrix34
		0.0000	0.0000	-1.0000
		-0.7001	-0.7140	-0.0000
		-0.7140	0.7001	-0.0000
		0.2847	-0.8359	0.1036
	}
}
{Volume "piece0"
	{Box 18.1849 9.84252 35.6523}
	{Bone "piece0"}
	{Matrix34
		1.0000	0.0000	0.0000
		0.0000	-0.0000	-1.0000
		0.0000	1.0000	-0.0000
		-0.8256	0.3629	-0.1380
	}
}
