{Skeleton
	{bone "Basis"
		{Orientation
			1.0000	0.0000	0.0000
			0.0000	-1.0000	0.0000
			0.0000	0.0000	1.0000
		}
		{bone "body"
			{parameters "CommonMesh;ID=body;"}
			{Matrix34
				1.0000	0.0000	-0.0024
				-0.0000	1.0000	0.0000
				0.0024	-0.0000	1.0000
				5.8607	-2.0641	32.7917
			}
			{VolumeView "body.ply"}
			{bone "attach_vehicle4"
				{Matrix34
					1.0000	-0.0000	0.0024
					0.0000	1.0000	-0.0000
					-0.0024	-0.0000	1.0000
					0.0219	-0.3438	-9.1931
				}
			}
			{bone "link1"
				{Position 100.9475	0.4191	-6.9609}
			}
			{bone "link2"
				{Position -99.9772	0.4191	-7.4391}
			}
			{bone revolute "attach_vehicle2"
				{Matrix34
					0.5736	-0.8192	0.0014
					0.8191	0.5736	0.0019
					-0.0024	0.0000	1.0000
					50.7687	-19.7622	-8.7921
				}
			}
			{bone revolute "attach_vehicle1"
				{Matrix34
					-1.0000	0.0000	-0.0048
					-0.0000	-1.0000	0.0000
					-0.0048	0.0000	1.0000
					-70.8526	-1.9280	-9.3157
				}
			}
			{bone "FX_shield1"
				{Matrix34
					-0.0175	0.0000	0.9998
					0.0000	1.0000	-0.0000
					-0.9998	0.0000	-0.0175
					33.6305	20.2918	1.6187
				}
			}
			{bone "FX_shield2"
				{Matrix34
					-0.0175	0.0000	0.9998
					0.0000	1.0000	-0.0000
					-0.9998	0.0000	-0.0175
					34.3919	-26.8072	1.6320
				}
			}
			{bone "FX_shield3"
				{Matrix34
					-0.0175	0.0000	0.9998
					0.0000	1.0000	-0.0000
					-0.9998	0.0000	-0.0175
					64.0653	-26.8072	2.1519
				}
			}
			{bone "FX_shield4"
				{Matrix34
					-0.0175	0.0000	0.9998
					0.0000	1.0000	-0.0000
					-0.9998	0.0000	-0.0175
					64.6396	20.2918	2.1619
				}
			}
			{bone "shield"
				{parameters "ID=body;"}
				{Matrix34
					1.0000	-0.0000	0.0024
					0.0000	1.0000	-0.0000
					-0.0024	-0.0000	1.0000
					44.1066	-1.1779	3.2188
				}
				{VolumeView "shield.ply"}
			}
			{bone revolute "attach_vehicle3"
				{Matrix34
					0.4226	0.9063	0.0010
					-0.9063	0.4226	-0.0022
					-0.0024	0.0000	1.0000
					41.3037	18.3257	-8.5837
				}
			}
		}
		{bone revolute "pivot_back"
			{parameters "ID=body;"}
			{Matrix34
				0.9998	0.0175	0.0000
				-0.0175	0.9998	0.0000
				0.0000	0.0000	1.0000
				-47.5525	-1.6388	9.5585
			}
			{VolumeView "pivot_back.ply"}
			{bone revolute "wheel_L2"
				{parameters "ID=wheelleft2;"}
				{Matrix34
					-0.9997	0.0175	0.0175
					0.0175	-0.0003	0.9998
					0.0175	0.9998	0.0000
					-0.1940	14.7845	-0.1610
				}
				{VolumeView "wheel_L2.ply"}
			}
			{bone revolute "wheel_R2"
				{parameters "ID=wheelright2;"}
				{Matrix34
					-0.9997	0.0175	0.0175
					0.0175	-0.0003	0.9998
					0.0175	0.9998	0.0000
					-0.7355	-16.1214	-0.1610
				}
				{VolumeView "wheel_R2.ply"}
			}
		}
		{bone revolute "pivot_front"
			{parameters "ID=body;"}
			{Matrix34
				0.9998	0.0175	0.0000
				-0.0175	0.9998	0.0000
				0.0000	0.0000	1.0000
				46.3939	-1.6450	9.5585
			}
			{VolumeView "pivot_front.ply"}
			{bone revolute "wheel_L1"
				{parameters "ID=wheelleft1;"}
				{Matrix34
					-0.9997	0.0175	0.0175
					0.0175	-0.0003	0.9998
					0.0175	0.9998	0.0000
					-0.0220	14.7815	-0.1610
				}
				{VolumeView "wheel_L1.ply"}
			}
			{bone revolute "wheel_R1"
				{parameters "ID=wheelright1;"}
				{Matrix34
					-0.9997	0.0175	0.0175
					0.0175	-0.0003	0.9998
					0.0175	0.9998	0.0000
					-0.5634	-16.1244	-0.1610
				}
				{VolumeView "wheel_R1.ply"}
			}
		}
	}
}
{Volume "wheelright1"
	{Cylinder 9.5318 3.87454}
	{Bone "wheel_R1"}
	{Matrix34
		-0.9998	0.0175	0.0000
		0.0175	0.9998	-0.0000
		-0.0000	-0.0000	-1.0000
		-0.0631	-0.0716	0.7562
	}
}
{Volume "wheelleft1"
	{Cylinder 9.5318 3.87454}
	{Bone "wheel_L1"}
	{Matrix34
		-0.9998	0.0175	0.0000
		0.0175	0.9998	-0.0000
		-0.0000	-0.0000	-1.0000
		-0.0945	0.0534	1.6640
	}
}
{Volume "wheelright2"
	{Cylinder 9.5318 3.84358}
	{Bone "wheel_R2"}
	{Matrix34
		-0.9998	0.0175	0.0000
		0.0175	0.9998	-0.0000
		-0.0000	-0.0000	-1.0000
		-0.2087	0.0554	0.7427
	}
}
{Volume "wheelleft2"
	{Cylinder 9.5318 3.6991}
	{Bone "wheel_L2"}
	{Matrix34
		-0.9998	0.0175	0.0000
		0.0175	0.9998	-0.0000
		-0.0000	-0.0000	-1.0000
		-0.3620	0.0192	1.7193
	}
}
{Volume "body3"
	{Box 90.285 15.3886 13.75}
	{Bone "body"}
	{Matrix34
		1.0000	0.0000	0.0024
		-0.0000	1.0000	-0.0000
		-0.0024	-0.0000	1.0000
		46.3066	-25.9299	5.2136
	}
}
{Volume "body2"
	{Box 75.9165 15.3886 13.75}
	{Bone "body"}
	{Matrix34
		1.0000	0.0000	0.0024
		-0.0000	1.0000	-0.0000
		-0.0024	-0.0000	1.0000
		47.5424	21.9535	5.0692
	}
}
{Volume "body1"
	{Box 174.111 66.2057 40.7743}
	{Bone "body"}
	{Matrix34
		1.0000	0.0000	0.0024
		0.0000	1.0000	-0.0000
		-0.0024	-0.0000	1.0000
		1.2494	-1.6308	4.7827
	}
}
