;Exported by: garry
;Date:        Sat May 29 16:53:36 2004
;File:        D:\-Projects-\-3DWork-\Танки\PZ-6 Tiger\Tiger_H1.max
{Skeleton
	{animation
		{sequence "start" {speed 0.7}}
		{sequence "stop" {speed 0.65}}
		{sequence "fire" {speed 0.8}}
		{sequence "open" {resume}}
		{sequence "hit"}
	}
	{bone "Basis"
		{Orientation
			1.0000	0.0000	0.0000
			0.0000	-1.0000	0.0000
			0.0000	0.0000	1.0000
		}
		{bone "Body"
			{parameters "ID=body;"}
			{animation
				{sequence "repair" {file "body_r.anm"}}
			}
			{Matrix34
				-1.0000	0.0000	0.0000
				-0.0000	-1.0000	0.0000
				0.0000	0.0000	1.0000
				-2.8741	0.3608	22.3624
			}
			{VolumeView "Body.ply"}
			{bone "FXshot"
				{Matrix34
					-0.0000	-0.0000	1.0000
					0.0000	-1.0000	0.0000
					1.0000	0.0000	0.0000
					-0.8247	0.4414	-3.3536
				}
			}
			{bone "FXfire1"
				{Matrix34
					-0.0000	-0.0000	1.0000
					0.0000	-1.0000	0.0000
					1.0000	0.0000	0.0000
					42.3582	-1.7494	12.0352
				}
			}
			{bone "FXsmoke1"
				{Matrix34
					0.1736	0.0000	0.9848
					0.0000	-1.0000	-0.0000
					0.9848	0.0000	-0.1736
					59.2327	-7.5719	12.5195
				}
			}
			{bone "FXsmoke2"
				{Matrix34
					0.1736	0.0000	0.9848
					0.0000	-1.0000	-0.0000
					0.9848	0.0000	-0.1736
					59.2327	7.9027	12.5195
				}
			}
			{bone "track_deform_L"
				{parameters "ID=trackleft;"}
				{Matrix34
					-1.0000	-0.0000	0.0000
					0.0000	-1.0000	0.0000
					0.0000	0.0000	1.0000
					-2.1373	-27.8863	-12.5533
				}
				{bone revolute "WheelL2"
					{parameters "ID=trackleft;"}
					{Matrix34
						1.0000	0.0000	-0.0000
						-0.0000	0.0000	-1.0000
						0.0000	1.0000	0.0000
						-48.8214	-0.7806	0.0349
					}
					{VolumeView "WheelL2.ply"}
				}
				{bone revolute "WheelL1"
					{parameters "ID=trackleft;"}
					{Matrix34
						1.0000	0.0000	-0.0000
						-0.0000	-0.0000	-1.0000
						-0.0000	1.0000	-0.0000
						50.4846	-0.7988	2.2201
					}
					{VolumeView "WheelL1.ply"}
				}
			}
			{bone revolute "Turret"
				{parameters "ID=turret;"}
				{animation
					{sequence "repair" {file "turret_r.anm"}}
				}
				{speed 0.0030}
				{Position -0.8886	-0.2015	11.6102}
				{VolumeView "Turret.ply"}
				{bone "cover"
					{parameters "ID=turret;"}
					{Matrix34
						0.9999	-0.0168	0.0000
						0.0168	0.9999	0.0000
						0.0000	0.0000	1.0000
						9.3981	-3.9097	20.3481
					}
					{VolumeView "cover.ply"}
				}
				{bone revolute "gun_rot"
					{parameters "ID=gun;"}
					{limits -10.0000 10.0000}
					{speed 0.0010}
					{Matrix34
						1.0000	0.0000	0.0000
						0.0000	-0.0872	-0.9962
						-0.0000	0.9962	-0.0872
						-24.0279	0.5160	7.5516
					}
					{VolumeView "gun_rot.ply"}
					{bone "gun"
						{parameters "ID=gun;"}
						{Matrix34
							1.0000	0.0000	-0.0000
							0.0000	-0.0872	0.9962
							0.0000	-0.9962	-0.0872
							-21.4462	-0.1183	0.7180
						}
						{VolumeView "gun.ply"}
						{bone "Foresight1"
							{Matrix34
								-1.0000	0.0001	-0.0017
								-0.0017	0.0017	1.0000
								0.0001	1.0000	-0.0017
								-60.4863	-0.2680	-0.0628
							}
						}
					}
					{bone revolute "Foresight3"
						{limits -5.0000 10.0000}
						{Matrix34
							-1.0000	0.0017	0.0002
							-0.0017	-0.9963	-0.0855
							0.0001	-0.0855	0.9963
							-7.9373	-0.8227	-9.2247
						}
					}
				}
				{bone "FXfire2"
					{Matrix34
						-0.0017	0.0017	1.0000
						-0.0001	-1.0000	0.0017
						1.0000	-0.0001	0.0017
						9.3391	-10.4562	10.0734
					}
				}
				{bone "Visor1"
					{Matrix34
						-1.0000	0.0001	-0.0017
						-0.0001	-1.0000	0.0017
						-0.0017	0.0017	1.0000
						-0.5535	-10.5992	18.7112
					}
				}
			}
			{bone "track_deform_R"
				{parameters "ID=trackright;"}
				{Matrix34
					-1.0000	-0.0000	0.0000
					0.0000	-1.0000	0.0000
					0.0000	0.0000	1.0000
					-2.1373	28.1991	-12.5533
				}
				{bone revolute "WheelR1"
					{parameters "ID=trackright;"}
					{Matrix34
						0.9997	0.0000	-0.0242
						-0.0242	-0.0000	-0.9997
						0.0000	-1.0000	0.0000
						50.7195	0.7161	3.4982
					}
					{VolumeView "WheelR1.ply"}
				}
				{bone revolute "WheelR2"
					{parameters "ID=trackright;"}
					{Matrix34
						1.0000	-0.0000	0.0031
						0.0031	-0.0000	-1.0000
						-0.0000	-1.0000	0.0000
						-48.8084	0.7161	0.0499
					}
					{VolumeView "WheelR2.ply"}
				}
			}
			{bone "seat01"
				{Matrix34
					-0.2801	-0.9598	0.0195
					0.9574	-0.2808	-0.0668
					0.0696	0.0000	0.9976
					25.1534	-30.3629	4.8790
				}
			}
			{bone "seat02"
				{Matrix34
					0.1760	-0.9842	0.0195
					0.9824	0.1744	-0.0668
					0.0623	0.0310	0.9976
					39.5529	-32.6157	3.5415
				}
			}
			{bone "seat04"
				{Matrix34
					-0.6914	0.7224	-0.0104
					-0.7099	-0.6819	-0.1763
					-0.1344	-0.1146	0.9843
					21.0852	32.5054	4.3430
				}
			}
			{bone "seat05"
				{Matrix34
					-0.2058	0.9784	0.0202
					-0.9782	-0.2051	-0.0326
					-0.0278	-0.0264	0.9993
					35.1416	31.6801	4.3786
				}
			}
			{bone "seat06"
				{Matrix34
					-0.1548	0.9690	0.1926
					-0.9495	-0.1998	0.2419
					0.2729	-0.1454	0.9510
					47.2473	31.0584	5.4592
				}
			}
			{bone "seat03"
				{Matrix34
					0.6368	-0.7709	0.0175
					0.7710	0.6369	0.0015
					-0.0123	0.0126	0.9998
					52.4927	-30.7018	3.2114
				}
			}
			{bone "Visor2"
				{Matrix34
					-1.0000	0.0001	-0.0017
					-0.0001	-1.0000	0.0017
					-0.0017	0.0017	1.0000
					-48.7108	-10.8626	6.9327
				}
			}
			{bone "engine"
				{parameters "ID=engine;"}
				{Matrix34
					-0.0000	-0.0000	1.0000
					0.0000	-1.0000	0.0000
					1.0000	0.0000	0.0000
					42.3582	-1.7494	5.8707
				}
			}
		}
		{bone "WheelsL"
			{parameters "ID=trackleft;"}
			{Matrix34
				1.0000	0.0000	0.0000
				-0.0000	0.0000	1.0000
				-0.0000	1.0000	-0.0000
				4.3969	32.3426	8.1231
			}
			{VolumeView "WheelsL.ply"}
			{bone "TrackL"
				{parameters "ID=trackleft;"}
				{Matrix34
					1.0000	0.0000	-0.0000
					0.0000	0.0000	1.0000
					0.0000	1.0000	0.0000
					-4.4329	2.6783	-3.7485
				}
				{VolumeView "TrackL.ply"}
			}
			{bone "FXtraceL1"
				{Matrix34
					-1.0000	0.0000	0.0000
					-0.0000	0.0000	-1.0000
					0.0000	1.0000	-0.0000
					22.1576	-3.5836	0.5055
				}
			}
			{bone "FXtraceL2"
				{Matrix34
					-0.9902	0.1396	0.0000
					-0.0000	0.0000	-1.0000
					0.1396	0.9902	0.0000
					-47.6349	-7.3439	-4.0387
				}
			}
			{bone "FXtraceL3"
				{Matrix34
					-0.9848	0.1736	0.0000
					-0.0000	0.0000	-1.0000
					0.1736	0.9848	-0.0000
					-54.6918	-5.5593	-3.1127
				}
			}
		}
		{bone "WheelsR"
			{parameters "ID=trackright;"}
			{Matrix34
				1.0000	0.0000	-0.0000
				0.0000	-0.0000	1.0000
				0.0000	-1.0000	-0.0000
				4.3969	-31.5466	8.1231
			}
			{VolumeView "WheelsR.ply"}
			{bone "FXtraceR1"
				{Matrix34
					-1.0000	0.0000	-0.0000
					-0.0000	0.0000	1.0000
					0.0000	1.0000	0.0000
					22.1576	-3.5836	-2.2266
				}
			}
			{bone "FXtraceR2"
				{Matrix34
					-0.9902	0.1396	-0.0000
					-0.0000	0.0000	1.0000
					0.1396	0.9902	-0.0000
					-47.6349	-7.3439	-4.1901
				}
			}
			{bone "FXtraceR3"
				{Matrix34
					-0.9848	0.1736	-0.0000
					-0.0000	0.0000	1.0000
					0.1736	0.9848	-0.0000
					-54.6918	-5.5593	-2.2266
				}
			}
			{bone "TrackR"
				{parameters "ID=trackright;"}
				{Matrix34
					1.0000	0.0000	0.0000
					0.0000	-0.0000	-1.0000
					-0.0000	1.0000	-0.0000
					-4.4329	2.6783	-4.4521
				}
				{VolumeView "TrackR.ply"}
			}
		}
		{bone "emit2"
			{parameters "Group=crew;"}
			{Matrix34
				0.0000	1.0000	0.0000
				-1.0000	0.0000	0.0000
				0.0000	0.0000	1.0000
				6.7639	-56.2693	1.1901
			}
			{visibility 0}
		}
		{bone "emit5"
			{parameters "Group=passengers;"}
			{Matrix34
				-0.0000	-1.0000	0.0000
				1.0000	0.0000	0.0000
				-0.0000	0.0000	1.0000
				-51.0413	56.9841	0.0000
			}
		}
		{bone "emit4"
			{parameters "Group=passengers;"}
			{Matrix34
				0.0000	-1.0000	0.0000
				1.0000	-0.0000	0.0000
				-0.0000	0.0000	1.0000
				-37.7010	56.9841	0.0000
			}
		}
		{bone "emit3"
			{parameters "Group=passengers;"}
			{Matrix34
				0.0000	-1.0000	0.0000
				1.0000	-0.0000	0.0000
				-0.0000	0.0000	1.0000
				-24.5715	56.9841	0.0000
			}
		}
		{bone "emit8"
			{parameters "Group=passengers;"}
			{Matrix34
				0.0000	1.0000	0.0000
				-1.0000	0.0000	0.0000
				0.0000	-0.0000	1.0000
				-51.0413	-56.2693	0.0000
			}
		}
		{bone "emit7"
			{parameters "Group=passengers;"}
			{Matrix34
				0.0000	1.0000	0.0000
				-1.0000	0.0000	0.0000
				0.0000	-0.0000	1.0000
				-37.0856	-56.2693	0.0000
			}
		}
		{bone "emit6"
			{parameters "Group=passengers;"}
			{Matrix34
				0.0000	1.0000	0.0000
				-1.0000	0.0000	0.0000
				0.0000	-0.0000	1.0000
				-23.8068	-56.2693	0.0000
			}
		}
		{bone "Emit1"
			{parameters "Group=crew;"}
			{Matrix34
				-0.0000	-1.0000	-0.0000
				1.0000	-0.0000	0.0000
				-0.0000	-0.0000	1.0000
				-5.7919	56.9841	-0.0000
			}
			{visibility 0}
		}
	}
}
{Volume "Trackright"
	{Box 114.562 13.9479 21.7874}
	{Bone "WheelsR"}
	{Matrix34
		1.0000	0.0024	-0.0000
		-0.0000	-0.0000	-1.0000
		-0.0024	1.0000	-0.0000
		-3.7618	2.8497	-2.2515
	}
}
{Volume "Trackleft"
	{Box 114.465 13.9479 21.6497}
	{Bone "WheelsL"}
	{Matrix34
		-1.0000	-0.0000	0.0000
		0.0000	-0.0000	1.0000
		0.0000	1.0000	0.0000
		-3.6407	2.7018	-4.0199
	}
}
{Volume "Body2"
	{Box 101.48 62.5824 8.05175}
	{Bone "Body"}
	{Matrix34
		-1.0000	-0.0000	0.0000
		0.0000	-1.0000	0.0000
		0.0000	0.0000	1.0000
		4.0775	-0.6576	8.1086
	}
}
{Volume "Inventory"
	{Box 18.1365 34.252 14.5302}
	{Bone "Body"}
	{Matrix34
		-1.0000	-0.0000	-0.0000
		0.0000	-1.0000	0.0000
		-0.0000	0.0000	1.0000
		21.0515	0.1278	2.7915
	}
}
{Volume "Crew"
	{Box 26.076 23.7136 32.935}
	{Bone "Body"}
	{Matrix34
		-1.0000	-0.0000	0.0000
		0.0000	-1.0000	0.0000
		0.0000	0.0000	1.0000
		-2.1604	1.7494	8.4033
	}
}
{Volume "Engine"
	{Box 21.1147 34.252 14.5302}
	{Bone "engine"}
	{Matrix34
		0.0000	0.0000	-1.0000
		-0.0000	1.0000	-0.0000
		1.0000	-0.0000	-0.0000
		-3.0793	-1.8771	-0.6382
	}
}
{Volume "Body1"
	{Polyhedron "Body1.vol"}
	{Bone "Body"}
	{Matrix34
		-1.0000	-0.0000	0.0000
		0.0000	-1.0000	0.0000
		0.0000	0.0000	1.0000
		-5.5609	0.1278	-15.7320
	}
}
{Volume "Turret"
	{Polyhedron "Turret.vol"}
	{Bone "Turret"}
	{Matrix34
		-1.0000	0.0001	-0.0017
		-0.0001	-1.0000	0.0017
		-0.0017	0.0017	1.0000
		14.9098	0.3457	-1.6938
	}
}
{Volume "gun"
	{Cylinder 1.96054 77.2444}
	{Bone "gun"}
	{Matrix34
		0.0000	-1.0000	-0.0000
		0.0000	-0.0000	1.0000
		-1.0000	-0.0000	0.0000
		-21.0997	0.1522	0.0123
	}
}
