{Skeleton
	{bone "Basis"
		{Orientation
			1.0000	0.0000	0.0000
			0.0000	-1.0000	0.0000
			0.0000	0.0000	1.0000
		}
		{bone "Body"
			{Position 0.0000	-0.0000	62.6361}
			{VolumeView "Body.ply"}
			{bone "cabine"
				{Matrix34
					-1.0000	0.0000	-0.0000
					-0.0000	0.0000	1.0000
					0.0000	1.0000	-0.0000
					162.2110	-0.3413	-6.6551
				}
				{VolumeView "cabine.ply"}
			}
			{bone "FX_fire1"
				{Matrix34
					-0.5000	0.2962	0.8138
					-0.0000	0.9397	-0.3420
					-0.8660	-0.1710	-0.4698
					111.6114	67.4307	-30.2088
				}
			}
			{bone "body_back"
				{Position -164.4339	-0.0702	-8.7005}
				{bone "Rudder"
					{parameters "ID=body_back;"}
					{Matrix34
						-1.0000	0.0000	0.0000
						-0.0000	-1.0000	0.0000
						0.0000	0.0000	1.0000
						0.1324	0.0905	63.2729
					}
					{VolumeView "Rudder.ply"}
				}
				{bone revolute "elevator1"
					{limits -30.0000 30.0000}
					{speed 0.1000}
					{Matrix34
						1.0000	0.0000	-0.0000
						0.0000	-0.0000	1.0000
						0.0000	-1.0000	-0.0000
						-6.2229	-18.4723	0.0000
					}
				}
				{bone revolute "elevator2"
					{limits -30.0000 30.0000}
					{speed 0.1000}
					{Matrix34
						1.0000	0.0000	-0.0000
						0.0000	-0.0000	1.0000
						0.0000	-1.0000	-0.0000
						-6.2229	16.7940	0.0000
					}
				}
				{bone "support3"
					{Position 6.6713	-0.0315	-13.0089}
				}
				{bone "Part4"
					{Position -11.8792	-49.4675	-0.2642}
					{VolumeView "Part4.ply"}
					{bone "Part3"
						{Position 1.1931	-8.1398	0.3489}
						{VolumeView "Part3.ply"}
					}
				}
			}
			{bone "support1"
				{Position 109.9800	55.8811	-60.1021}
			}
			{bone "Driver"
				{Matrix34
					0.9848	0.0000	0.1736
					-0.0000	1.0000	0.0000
					-0.1736	-0.0000	0.9848
					155.1329	-4.4974	-25.4910
				}
			}
			{bone "commander"
				{Position 153.9172	6.9364	-31.6421}
			}
			{bone "seat01"
				{Matrix34
					-0.0000	1.0000	0.0000
					-1.0000	-0.0000	0.0000
					0.0000	0.0000	1.0000
					81.7024	-14.4080	-28.9019
				}
			}
			{bone "seat02"
				{Matrix34
					-0.0000	1.0000	0.0000
					-1.0000	-0.0000	0.0000
					0.0000	0.0000	1.0000
					67.3049	-14.4080	-28.5478
				}
			}
			{bone "seat03"
				{Matrix34
					-0.0000	1.0000	0.0000
					-1.0000	-0.0000	0.0000
					0.0000	0.0000	1.0000
					52.9207	-14.4080	-28.0598
				}
			}
			{bone "seat04"
				{Matrix34
					-0.0000	1.0000	0.0000
					-1.0000	-0.0000	0.0000
					0.0000	0.0000	1.0000
					38.3806	-14.4081	-28.1818
				}
			}
			{bone "seat05"
				{Matrix34
					-0.0000	1.0000	0.0000
					-1.0000	-0.0000	0.0000
					0.0000	0.0000	1.0000
					24.3609	-14.4081	-27.5718
				}
			}
			{bone "seat06"
				{Matrix34
					-0.0000	1.0000	0.0000
					-1.0000	-0.0000	0.0000
					0.0000	0.0000	1.0000
					9.9991	-14.4081	-27.4498
				}
			}
			{bone "seat07"
				{Matrix34
					-0.0000	1.0000	0.0000
					-1.0000	-0.0000	0.0000
					0.0000	0.0000	1.0000
					-4.1805	-14.4081	-26.8419
				}
			}
			{bone "seat08"
				{Matrix34
					-0.0000	1.0000	0.0000
					-1.0000	-0.0000	0.0000
					0.0000	0.0000	1.0000
					-18.3641	-14.4081	-26.4759
				}
			}
			{bone "seat09"
				{Matrix34
					-0.0000	1.0000	0.0000
					-1.0000	-0.0000	0.0000
					0.0000	0.0000	1.0000
					-32.8729	-14.4081	-26.3539
				}
			}
			{bone "seat10"
				{Matrix34
					0.0000	-1.0000	0.0000
					1.0000	0.0000	0.0000
					0.0000	0.0000	1.0000
					91.8588	15.7369	-28.9791
				}
			}
			{bone "seat11"
				{Matrix34
					0.0000	-1.0000	0.0000
					1.0000	0.0000	0.0000
					0.0000	0.0000	1.0000
					77.7415	15.7369	-28.7974
				}
			}
			{bone "seat12"
				{Matrix34
					0.0000	-1.0000	0.0000
					1.0000	0.0000	0.0000
					0.0000	0.0000	1.0000
					63.6983	15.7369	-28.3704
				}
			}
			{bone "seat13"
				{Matrix34
					0.0000	-1.0000	0.0000
					1.0000	0.0000	0.0000
					0.0000	0.0000	1.0000
					50.0027	15.7368	-27.8213
				}
			}
			{bone "seat14"
				{Matrix34
					0.0000	-1.0000	0.0000
					1.0000	0.0000	0.0000
					0.0000	0.0000	1.0000
					36.0420	15.7368	-27.6383
				}
			}
			{bone "seat15"
				{Matrix34
					0.0000	-1.0000	0.0000
					1.0000	0.0000	0.0000
					0.0000	0.0000	1.0000
					21.8325	15.7368	-27.2661
				}
			}
			{bone "seat16"
				{Matrix34
					0.0000	-1.0000	0.0000
					1.0000	0.0000	0.0000
					0.0000	0.0000	1.0000
					7.4666	15.7368	-27.2684
				}
			}
			{bone "seat17"
				{Matrix34
					0.0000	-1.0000	0.0000
					1.0000	0.0000	0.0000
					0.0000	0.0000	1.0000
					-6.8021	15.7368	-26.6584
				}
			}
			{bone "seat18"
				{Matrix34
					0.0000	-1.0000	0.0000
					1.0000	0.0000	0.0000
					0.0000	0.0000	1.0000
					-20.7481	15.7368	-26.5364
				}
			}
		}
		{bone "emit3"
			{Matrix34
				0.0000	-1.0000	0.0000
				0.9848	0.0000	-0.1736
				0.1736	0.0000	0.9848
				-51.0355	47.3822	25.7869
			}
			{visibility 0}
		}
		{bone "pivot_back"
			{Position -144.0031	-0.0607	0.3769}
		}
		{bone "pivot_front"
			{Position 125.9407	-0.0606	0.3769}
			{bone "WingL3"
				{Position -72.9921	129.4871	31.6418}
				{VolumeView "WingL3.ply"}
				{bone revolute "Flap2"
					{limits -30.0000 30.0000}
					{speed 0.1000}
					{Matrix34
						0.9987	0.0508	0.0067
						0.0000	-0.1301	0.9915
						0.0512	-0.9902	-0.1299
						-28.5197	-4.0610	3.0815
					}
				}
				{bone "WingL2"
					{Position -14.9678	70.5523	11.2352}
					{VolumeView "WingL2.ply"}
					{bone revolute "Aileron2"
						{limits -30.0000 30.0000}
						{speed 0.1000}
						{Matrix34
							0.9998	0.0194	-0.0000
							0.0000	-0.0000	1.0000
							0.0194	-0.9998	-0.0000
							-17.6652	22.1719	4.2772
						}
					}
					{bone "WingL1"
						{Position -18.3914	46.3118	6.2140}
						{VolumeView "WingL1.ply"}
					}
				}
				{bone "WingL4"
					{Position -35.9425	-32.2235	-1.7431}
					{VolumeView "WingL4.ply"}
				}
			}
			{bone "WingR5"
				{Position -53.1863	-67.2951	20.7306}
				{VolumeView "WingR5.ply"}
				{bone "WingR4"
					{Position -26.5229	-59.9115	11.2909}
					{VolumeView "WingR4.ply"}
					{bone revolute "Flap1"
						{limits -30.0000 30.0000}
						{speed 0.1000}
						{Matrix34
							1.0000	0.0000	-0.0000
							0.0000	0.1168	0.9932
							0.0000	-0.9932	0.1168
							-23.0966	4.9095	2.0824
						}
					}
					{bone "WingR3"
						{Position 11.0920	-12.5439	0.5345}
						{VolumeView "WingR3.ply"}
						{bone "WingR2"
							{Position -20.0814	-64.3750	8.5917}
							{VolumeView "WingR2.ply"}
							{bone "WingR1"
								{Position -16.8861	-63.2388	8.8087}
								{VolumeView "WingR1.ply"}
							}
							{bone revolute "Aileron1"
								{limits -30.0000 30.0000}
								{speed 0.1000}
								{Matrix34
									1.0000	0.0000	0.0000
									0.0000	0.1234	0.9924
									0.0000	-0.9924	0.1234
									-14.1072	-13.9276	4.6500
								}
							}
						}
					}
				}
				{bone revolute "propeller"
					{Matrix34
						0.0000	-0.0000	1.0000
						-0.0000	-1.0000	0.0000
						1.0000	-0.0000	-0.0000
						66.5063	11.7638	2.6465
					}
					{VolumeView "propeller.ply"}
				}
				{bone "support2"
					{Position 37.2256	11.7789	-18.5736}
				}
			}
		}
		{bone "emit2"
			{Matrix34
				0.0000	-1.0000	0.0000
				1.0000	0.0000	0.0000
				0.0000	0.0000	1.0000
				141.3331	44.1526	-2.2282
			}
			{visibility 0}
		}
		{bone "emit1"
			{Matrix34
				0.0000	1.0000	0.0000
				-1.0000	0.0000	0.0000
				0.0000	0.0000	1.0000
				141.3331	-41.5936	-2.2282
			}
			{visibility 0}
		}
		{bone "emit4"
			{Matrix34
				0.0000	-1.0000	0.0000
				0.9848	0.0000	-0.1736
				0.1736	0.0000	0.9848
				-69.5913	39.3604	25.7869
			}
			{visibility 0}
		}
	}
}
{Obstacle "Rectangle05"
	{Obb2
		{Center -164.978 0.064761}
		{Extent 29.762 77.9903}
		{Axis 1 -1.50954e-007}
	}
	{Rotate}
}
{Obstacle "Rectangle1"
	{Obb2
		{Center -1.24406 0.0647116}
		{Extent 186.012 15.4436}
		{Axis 1 -1.51004e-007}
	}
	{Rotate}
}
{Volume "WingR1"
	{Box 25.7186 3.26994 30.3675}
	{Bone "WingR1"}
	{Matrix34
		1.0000	0.0000	0.0000
		0.0000	-0.1736	-0.9848
		0.0000	0.9848	-0.1736
		-1.0665	2.3118	1.8773
	}
}
{Volume "WingR2"
	{Box 39.2074 98.0585 5.16693}
	{Bone "WingR2"}
	{Matrix34
		-0.9659	0.2563	-0.0363
		-0.2588	-0.9564	0.1355
		-0.0000	0.1402	0.9901
		-6.2377	-4.1660	2.6178
	}
}
{Volume "WingR3"
	{Box 33.2855 115.192 7.62438}
	{Bone "WingR3"}
	{Matrix34
		-0.9659	0.2571	-0.0295
		-0.2588	-0.9596	0.1099
		-0.0000	0.1138	0.9935
		-0.3609	0.4406	1.4084
	}
}
{Volume "WingR4"
	{Box 50.9183 9.51815 105.672}
	{Bone "WingR4"}
	{Matrix34
		0.9994	-0.0359	-0.0000
		-0.0049	-0.1356	-0.9908
		0.0356	0.9901	-0.1357
		-12.4761	6.4762	-1.3251
	}
}
{Volume "WingR5"
	{Box 70.6249 13.9385 67.277}
	{Bone "WingR5"}
	{Matrix34
		1.0000	0.0000	-0.0000
		-0.0000	-0.0000	-1.0000
		-0.0000	1.0000	-0.0000
		-4.4257	3.5638	3.5540
	}
}
{Volume "WingL4"
	{Box 24.8555 4.06797 51.846}
	{Bone "WingL4"}
	{Matrix34
		-1.0000	-0.0000	0.0000
		0.0000	-0.1736	0.9848
		-0.0000	0.9848	0.1736
		6.1552	2.0809	-0.9220
	}
}
{Volume "WingL1"
	{Box 27.3971 4.55547 38.4995}
	{Bone "WingL1"}
	{Matrix34
		-1.0000	-0.0000	-0.0000
		-0.0000	-0.1627	0.9867
		-0.0000	0.9867	0.1627
		-0.8886	15.6504	3.9981
	}
}
{Volume "WingL2"
	{Box 45.0337 5.96386 115.05}
	{Bone "WingL2"}
	{Matrix34
		-0.9784	-0.2043	-0.0313
		0.0000	-0.1513	0.9885
		-0.2067	0.9671	0.1480
		-3.0006	-15.4279	-2.1288
	}
}
{Volume "WingL3"
	{Box 60.8261 7.78421 104.625}
	{Bone "WingL3"}
	{Matrix34
		-0.9763	-0.2140	-0.0308
		0.0000	-0.1423	0.9898
		-0.2162	0.9664	0.1389
		-12.2448	1.6974	0.6896
	}
}
{Volume "body"
	{Polyhedron "body.vol"}
	{Bone "Body"}
	{Position -0.8225	-0.3571	-44.2473}
}
{Volume "Part3"
	{Box 32.7912 2.3378 15.4369}
	{Bone "Part3"}
	{Matrix34
		1.0000	-0.0000	-0.0000
		-0.0000	0.0000	-1.0000
		0.0000	1.0000	0.0000
		-0.0001	-14.3343	-0.0000
	}
}
{Volume "Part4"
	{Box 47.8045 2.88903 21.2797}
	{Bone "Part4"}
	{Matrix34
		-0.0000	1.0000	0.0000
		0.0000	0.0000	-1.0000
		-1.0000	-0.0000	-0.0000
		-5.3557	8.6445	0.0000
	}
}
{Volume "body_back"
	{Box 38.1216 159.389 4.91454}
	{Bone "body_back"}
	{Position 8.2457	-0.2869	-0.7114}
}
{Volume "rudder"
	{Box 31.8175 4.3418 66.8729}
	{Bone "Rudder"}
	{Matrix34
		-0.9962	-0.0000	-0.0872
		0.0000	-1.0000	-0.0000
		-0.0872	-0.0000	0.9962
		9.9506	0.1606	-27.0712
	}
}
