;Exported by: dinsen
;Date:        Mon Feb 07 22:17:20 2011
;File:        C:\Archivos de programa\Autodesk\3dsMax8\scenes\m4a3e2.max
{Skeleton
	{animation
		{sequence "start"}
		{sequence "stop"}
		{sequence "fire"}
		{sequence "open" {resume}}
		{sequence "hit"}
	}
	{bone "basis"
		{parameters "Wheelradius=0.4;"}
		{Orientation
			1.0000	0.0000	0.0000
			0.0000	-1.0000	0.0000
			0.0000	0.0000	1.0000
		}
		{bone "wheelsL"
			{parameters "ID=trackleft;"}
			{Matrix34
				0.9997	0.0041	-0.0230
				-0.0041	1.0000	-0.0000
				0.0230	0.0001	0.9997
				1.7929	21.2826	7.2979
			}
			{VolumeView "wheelsL.ply"}
			{bone revolute "wheelL3"
				{parameters "ID=trackleft;"}
				{Matrix34
					-0.9997	0.0041	-0.0230
					-0.0230	0.0002	0.9997
					0.0041	1.0000	-0.0001
					36.3801	0.1420	0.4506
				}
				{VolumeView "wheelL3.ply"}
			}
			{bone revolute "wheelL4"
				{parameters "ID=trackleft;"}
				{Matrix34
					-0.9997	0.0041	-0.0230
					-0.0230	0.0002	0.9997
					0.0041	1.0000	-0.0001
					20.0511	0.2027	0.0824
				}
				{VolumeView "wheelL4.ply"}
			}
			{bone revolute "wheelL5"
				{parameters "ID=trackleft;"}
				{Matrix34
					-0.9997	0.0041	-0.0230
					-0.0230	0.0002	0.9997
					0.0041	1.0000	-0.0001
					8.6650	0.2450	-0.1742
				}
				{VolumeView "wheelL5.ply"}
			}
			{bone revolute "wheelL6"
				{parameters "ID=trackleft;"}
				{Matrix34
					-0.9997	0.0041	-0.0230
					-0.0230	0.0002	0.9997
					0.0041	1.0000	-0.0001
					-7.6335	0.3055	-0.5418
				}
				{VolumeView "wheelL6.ply"}
			}
			{bone revolute "wheelL7"
				{parameters "ID=trackleft;"}
				{Matrix34
					-0.9997	0.0041	-0.0230
					-0.0230	0.0002	0.9997
					0.0041	1.0000	-0.0001
					-19.6449	0.3502	-0.8126
				}
				{VolumeView "wheelL7.ply"}
			}
			{bone revolute "wheelL8"
				{parameters "ID=trackleft;"}
				{Matrix34
					-0.9997	0.0041	-0.0230
					-0.0230	0.0002	0.9997
					0.0041	1.0000	-0.0001
					-35.9369	0.4108	-1.1799
				}
				{VolumeView "wheelL8.ply"}
			}
			{bone "trackL"
				{parameters "ID=trackleft;"}
				{Position -2.3481	5.9168	5.4407}
				{VolumeView "trackL.ply"}
			}
			{bone "FxtraceL1"
				{Matrix34
					-0.9995	0.0000	0.0000
					0.0000	-1.0000	0.0000
					0.0000	0.0000	0.9995
					31.9095	1.0854	-5.4880
				}
			}
			{bone "FxtraceL2"
				{Matrix34
					-0.9612	0.0000	0.1818
					0.0000	-0.9996	0.0000
					0.1818	0.0000	0.9615
					-46.6724	1.5065	-6.3158
				}
			}
		}
		{bone "wheelsR"
			{parameters "ID=trackright;"}
			{Matrix34
				0.9997	0.0041	-0.0230
				-0.0041	1.0000	0.0000
				0.0230	0.0001	0.9997
				1.7165	-20.6118	7.3323
			}
			{VolumeView "wheelsR.ply"}
			{bone revolute "wheelR3"
				{parameters "ID=trackright;"}
				{Matrix34
					-0.9997	0.0041	-0.0230
					-0.0230	0.0000	0.9997
					0.0041	1.0000	0.0001
					36.4928	-0.3076	0.4352
				}
				{VolumeView "wheelR3.ply"}
			}
			{bone revolute "wheelR4"
				{parameters "ID=trackright;"}
				{Matrix34
					-0.9997	0.0041	-0.0230
					-0.0230	0.0000	0.9997
					0.0041	1.0000	0.0001
					20.1500	-0.2469	0.0675
				}
				{VolumeView "wheelR4.ply"}
			}
			{bone revolute "wheelR5"
				{parameters "ID=trackright;"}
				{Matrix34
					-0.9997	0.0041	-0.0230
					-0.0230	0.0000	0.9997
					0.0041	1.0000	0.0001
					8.7951	-0.2047	-0.1892
				}
				{VolumeView "wheelR5.ply"}
			}
			{bone revolute "wheelR6"
				{parameters "ID=trackright;"}
				{Matrix34
					-0.9997	0.0041	-0.0230
					-0.0230	0.0000	0.9997
					0.0041	1.0000	0.0001
					-7.5454	-0.1440	-0.5569
				}
				{VolumeView "wheelR6.ply"}
			}
			{bone revolute "wheelR7"
				{parameters "ID=trackright;"}
				{Matrix34
					-0.9997	0.0041	-0.0230
					-0.0230	0.0000	0.9997
					0.0041	1.0000	0.0001
					-19.5333	-0.0995	-0.8279
				}
				{VolumeView "wheelR7.ply"}
			}
			{bone revolute "wheelR8"
				{parameters "ID=trackright;"}
				{Matrix34
					-0.9997	0.0041	-0.0230
					-0.0230	0.0000	0.9997
					0.0041	1.0000	0.0001
					-35.8806	-0.0387	-1.1969
				}
				{VolumeView "wheelR8.ply"}
			}
			{bone "trackR"
				{parameters "ID=trackright;"}
				{Position -2.2507	-0.1970	5.3923}
				{VolumeView "trackR.ply"}
			}
			{bone "FxtraceR1"
				{Matrix34
					-1.0000	0.0000	0.0000
					0.0000	-1.0000	0.0000
					0.0000	0.0000	1.0000
					32.0961	-2.0205	-5.4223
				}
			}
			{bone "FxtraceR2"
				{Matrix34
					-0.9769	0.0000	0.2135
					0.0000	-1.0000	0.0000
					0.2135	0.0000	0.9769
					-46.6097	-1.6014	-6.2012
				}
			}
		}
		{bone "body"
			{parameters "ID=body;"}
			{Matrix34
				0.9997	0.0041	-0.0230
				-0.0041	1.0000	0.0000
				0.0230	0.0001	0.9997
				-3.8606	0.2889	20.1306
			}
			{VolumeView "body.ply"}
			{bone revolute "mgun_rot2"
				{limits -15.0000 20.0000}
				{Position 43.9767	-10.9644	11.3470}
				{VolumeView "mgun_rot2.ply"}
				{bone revolute "mgun2"
					{parameters "ID=mgun2;"}
					{limits -10.0000 10.0000}
					{Matrix34
						0.9997	-0.0041	0.0230
						-0.0230	0.0000	0.9997
						-0.0041	-1.0000	-0.0001
						0.3549	0.0009	-0.0020
					}
					{VolumeView "mgun2.ply"}
					{bone "foresight2"
						{Matrix34
							1.0000	0.0000	0.0000
							0.0000	0.0000	-1.0000
							0.0000	1.0000	0.0000
							5.9494	-0.0216	0.0359
						}
					}
				}
			}
			{bone revolute "turret"
				{parameters "ID=turret;"}
				{speed 0.0100}
				{Position 3.4972	0.0282	18.3911}
				{VolumeView "turret.ply"}
				{bone revolute "gun_rot"
					{parameters "ID=gun;"}
					{limits -10.0000 10.0000}
					{Matrix34
						0.9997	-0.0041	0.0230
						-0.0230	0.0000	0.9997
						-0.0041	-1.0000	-0.0001
						21.1644	-0.5271	10.2035
					}
					{VolumeView "gun_rot.ply"}
					{bone "foresight3"
						{Matrix34
							1.0000	0.0000	0.0000
							0.0000	0.0000	-1.0000
							0.0000	1.0000	0.0000
							5.5701	-0.8771	7.3545
						}
					}
					{bone "gun"
						{parameters "ID=gun;"}
						{Matrix34
							0.9997	-0.0230	-0.0041
							-0.0041	0.0000	-1.0000
							0.0230	0.9997	-0.0001
							3.4888	-0.5380	0.2355
						}
						{VolumeView "gun.ply"}
						{bone "foresight1"
							{Matrix34
								0.9997	-0.0041	0.0230
								0.0041	1.0000	0.0001
								-0.0230	0.0000	0.9997
								32.8857	0.2057	0.4583
							}
						}
					}
				}
				{bone "number1"
					{Position -9.7381	-20.5616	9.0686}
					{VolumeView "number1.ply"}
				}
				{bone "number2"
					{Position -3.3090	21.5350	9.2061}
					{VolumeView "number2.ply"}
				}
				{bone "cover1"
					{Matrix34
						-0.5599	-0.0003	-0.8285
						-0.0004	1.0000	0.0000
						0.8285	0.0003	-0.5599
						-13.8239	-8.8248	18.5881
					}
					{VolumeView "cover1.ply"}
				}
				{bone "visor1"
					{Matrix34
						0.9997	-0.0041	0.0230
						0.0041	1.0000	0.0001
						-0.0230	0.0000	0.9997
						23.2905	-0.4306	19.484
					}
				}
			}
			{bone "engine"
				{parameters "ID=engine;"}
				{Position -44.5367	0.2766	12.7224}
				{VolumeView "engine.ply"}
			}
			{bone revolute "wheelL1"
				{Matrix34
					-0.9997	0.0041	-0.0230
					-0.0230	0.0000	0.9997
					0.0041	1.0000	0.0001
					52.9721	20.3651	-4.2289
				}
				{VolumeView "wheelL1.ply"}
			}
			{bone revolute "wheelR2"
				{Matrix34
					-0.9997	0.0041	-0.0230
					-0.0230	0.0000	0.9997
					0.0041	1.0000	0.0001
					-45.9531	-19.9539	-8.6969
				}
				{VolumeView "wheelR2.ply"}
			}
			{bone revolute "wheelL2"
				{Matrix34
					-0.9997	0.0041	-0.0230
					-0.0230	0.0002	0.9997
					0.0041	1.0000	-0.0001
					-45.7431	21.0790	-8.6724
				}
				{VolumeView "wheelL2.ply"}
			}
			{bone revolute "wheelR1"
				{Matrix34
					-0.9997	0.0041	-0.0230
					-0.0230	0.0000	0.9997
					0.0041	1.0000	0.0001
					52.9036	-20.5586	-4.1925
				}
				{VolumeView "wheelR1.ply"}
			}
			{bone "seat04"
				{Matrix34
					-0.9997	0.0041	-0.0230
					-0.0041	-1.0000	-0.0001
					-0.0230	0.0000	0.9997
					-57.7324	-5.5975	2.7570
				}
			}
			{bone "seat03"
				{Matrix34
					-0.0041	-1.0000	-0.0001
					0.9997	-0.0041	0.0230
					-0.0230	0.0000	0.9997
					-47.2071	-26.9852	2.8840
				}
			}
			{bone "seat02"
				{Matrix34
					0.0041	1.0000	0.0001
					-0.9997	0.0041	-0.0230
					-0.0230	0.0000	0.9997
					-37.2678	26.7361	3.1125
				}
			}
			{bone "seat01"
				{Matrix34
					0.0041	1.0000	0.0001
					-0.9997	0.0041	-0.0230
					-0.0230	0.0000	0.9997
					-48.6841	26.7331	2.8500
				}
			}
			{bone "visor2"
				{Matrix34
					1.0000	0.0000	0.0000
					0.0000	1.0000	0.0000
					0.0000	0.0000	1.0000
					45.9944	-0.4795	13.8628
				}
			}
			{bone "FXfire2"
				{Matrix34
					0.0000	0.0000	1.0000
					-1.0000	0.0000	0.0000
					0.0000	-1.0000	0.0000
					1.6368	-0.2963	7.2497
				}
			}
			{bone "FXfire1"
				{Matrix34
					0.0000	0.0000	1.0000
					-1.0000	0.0000	0.0000
					0.0000	-1.0000	0.0000
					-38.1465	-0.1325	7.4983
				}
			}
			{bone "FXsmoke1"
				{Matrix34
					-0.9997	0.0041	-0.0230
					-0.0230	0.0000	0.9997
					0.0041	1.0000	0.0001
					-57.4664	-0.0518	-4.6581
				}
			}
		}
		{bone "emit4"
			{Matrix34
				-0.0000	-1.0000	0.0000
				1.0000	-0.0000	0.0000
				0.0000	0.0000	1.0000
				-29.5007	54.5011	0.0000
			}
		}
		{bone "emit5"
			{Matrix34
				-0.0000	1.0000	0.0000
				-1.0000	-0.0000	0.0000
				0.0000	0.0000	1.0000
				-49.2004	-54.2945	0.0000
			}
		}
		{bone "emit1"
			{Matrix34
				-0.0000	-1.0000	0.0000
				1.0000	-0.0000	0.0000
				0.0000	0.0000	1.0000
				-0.0986	54.5011	0.0000
			}
		}
		{bone "emit3"
			{Matrix34
				-0.0000	-1.0000	0.0000
				1.0000	-0.0000	0.0000
				0.0000	0.0000	1.0000
				-49.8386	54.5011	0.0000
			}
		}
		{bone "emit2"
			{Matrix34
				-0.0000	1.0000	0.0000
				-1.0000	-0.0000	0.0000
				0.0000	0.0000	1.0000
				0.1948	-54.2945	0.0000
			}
		}
		{bone "emit6"
			{Position -88.5638	-5.6508	0.0000}
		}
	}
}
{Volume "body1"
	{Polyhedron "body1.vol"}
	{Bone "body"}
	{Matrix34
		0.9997	-0.0041	0.0230
		0.0041	1.0000	0.0001
		-0.0230	-0.0000	0.9997
		1.3552	0.0000	-58.9516
	}
}
{Volume "body"
	{Polyhedron "body.vol"}
	{Bone "body"}
	{Matrix34
		0.9997	-0.0041	0.0230
		0.0041	1.0000	0.0001
		-0.0230	-0.0000	0.9997
		1.3552	0.0000	-58.9516
	}
}
{Volume "turret"
	{Polyhedron "turret.vol"}
	{Bone "turret"}
	{Matrix34
		0.9997	-0.0041	0.0230
		0.0041	1.0000	0.0001
		-0.0230	-0.0000	0.9997
		-4.1166	0.0186	-17.6234
	}
}
{Volume "gun"
	{Polyhedron "gun.vol"}
	{Bone "gun"}
	{Matrix34
		0.9997	-0.0041	0.0230
		0.0041	1.0000	0.0001
		-0.0230	0.0000	0.9997
		0.6698	0.0000	-29.1367
	}
}
{Volume "trackRight"
	{Polyhedron "trackRight.vol"}
	{Bone "trackR"}
	{Matrix34
		0.9997	-0.0041	0.0230
		0.0041	1.0000	0.0001
		-0.0230	-0.0000	0.9997
		1.1772	-1.4617	-53.6207
	}
}
{Volume "trackLeft"
	{Polyhedron "trackLeft.vol"}
	{Bone "trackL"}
	{Matrix34
		0.9997	-0.0041	0.0230
		0.0041	1.0000	0.0001
		-0.0230	-0.0000	0.9997
		1.2006	-3.9330	-53.6174
	}
}
{Volume "engine"
	{Box 18.4545 26.6229 8.748}
	{Bone "engine"}
	{Matrix34
		1.0000	0.0000	0.0000
		0.0000	-1.0000	0.0000
		0.0000	0.0000	-1.0000
		3.6808	-0.3568	-6.3269
	}
}
{Volume "crew"
	{Box 14.5642 14.3701 24.5613}
	{Bone "Body"}
	{Position 2.1667	-0.9455	5.3275}
}
{Volume "inventory"
	{Box 14.761 25.0197 17.2593}
	{Bone "Body"}
	{Position -14.3679	-0.2276	0.0292}
}
