;Exported by: garry
;Date:        Thu May 13 13:22:13 2004
;File:        \\sharepoint\gamedev\DESIGN\-Projects-\-3DWork-\Model\-“¿Õ »\Sherman\M4A2.max
{Skeleton	
	{bone "Basis"
		{Orientation
			1.0000	0.0000	0.0000
			0.0000	-1.0000	0.0000
			0.0000	0.0000	1.0000
		}
		{bone "Body"
			{parameters "CommonMesh; ID=body;"}
			{Position -1.4430	-0.0347	22.0793}
			{VolumeView "Body.ply"}
			{bone revolute "Turret"
				{parameters "ID=turret;"}
				{matrix34
				0.85 0 0
				0 0.8 0
				0 0 0.84
				-1.8 9.1 23.5}
				{VolumeView "Turret.ply"}
				{bone revolute "gun_rot"
					{Matrix34
						1.0000	0.0000	0.0000
						0.0000	-0.0000	1.0000
						0.0000	-1.0000	-0.0000
						15.2440	-0.0000	6.2247
					}
					{VolumeView "gun_rot.ply"}
					{bone "gun"
						{parameters "ID=gun;"}
						{Matrix34
							-0.0000	0.0000	-1.0000
							-0.0000	1.0000	0.0000
							1.0000	0.0000	-0.0000
							3.0314	-0.2533	-0.0192
						}
						{VolumeView "gun.ply"}
					}
				}
				
			}
			{bone revolute "Turret2"
				{parameters "ID=turret2;"}
				{matrix34
				1 0 0
				0 1 0
				0 0 1
				24 -19 12}
				{VolumeView "Turret2.ply"}
				{bone "gun_rot2"
					{Matrix34
						1.0000	0.0000	0.0000
						0.0000	-0.0000	1.0000
						0.0000	-1.0000	-0.0000
						5	6.5	-1.62
					}
					{VolumeView "gun_rot2.ply"}
					
					{bone "gun2"
						{parameters "ID=gun2;"}
						{Matrix34
							-0.0000	0.0000	-1.0000
							-0.0000	1.0000	0.0000
							1.0000	0.0000	-0.0000
							7	2.2	2.2
						}
						{VolumeView "gun2.ply"}
					}
				}
			}
			{bone revolute "WheelL1"
				{parameters "ID=trackleft;"}
				{Matrix34
					-0.9970	0.0000	-0.0768
					-0.0768	0.0000	0.9970
					0.0000	1.0000	-0.0000
					50.9408	26.7657	-7.4152
				}
				{VolumeView "WheelL1.ply"}
			}
			{bone revolute "WheelR1"
				{parameters "ID=trackright;"}
				{Matrix34
					-0.9970	0.0000	-0.0768
					-0.0768	0.0000	0.9970
					-0.0000	-1.0000	0.0000
					50.9408	-27.2923	-7.4152
				}
				{VolumeView "WheelR1.ply"}
			}
			{bone revolute "WheelR2"
				{parameters "ID=trackright;"}
				{Matrix34
					-0.9970	0.0000	-0.0768
					-0.0768	0.0000	0.9970
					-0.0000	-1.0000	0.0000
					-45.5539	-27.2923	-7.4152
				}
				{VolumeView "WheelR2.ply"}
			}
			{bone revolute "WheelL2"
				{parameters "ID=trackleft;"}
				{Matrix34
					-0.9970	0.0000	-0.0768
					-0.0768	0.0000	0.9970
					0.0000	1.0000	-0.0000
					-45.5539	26.7657	-7.4152
				}
				{VolumeView "WheelL2.ply"}
			}
			{bone "engine"
				{Matrix34
					0.0000	-0.0000	1.0000
					-0.0000	-1.0000	0.0000
					1.0000	-0.0000	-0.0000
					-30.6675	0.1415	3.1469
				}
			}
		}
		{bone "WheelsL"
			{parameters "ID=trackleft;"}
			{Matrix34
				-1.0000	0.0000	0.0000
				0.0000	0.0000	1.0000
				0.0000	1.0000	-0.0000
				-5.6604	20.5032	11.3966
			}
			{VolumeView "WheelsL.ply"}
			{bone "FXtraceL1"
				{Matrix34
					1.0000	0.0000	-0.0000
					-0.0000	-0.0000	-1.0000
					-0.0000	1.0000	0.0000
					-29.0004	-4.6624	2.4110
				}
			}
			{bone "FXtraceL2"
				{Matrix34
					0.9397	0.3420	-0.0000
					-0.0000	-0.0000	-1.0000
					-0.3420	0.9397	-0.0000
					43.3198	-5.1390	2.4110
				}
			}
			{bone "TrackL"
				{parameters "ID=trackleft;"}
				{Position -7.9483	2.4758	1.6266}
				{VolumeView "TrackL.ply"}
			}
		}
		{bone "WheelsR"
			{parameters "ID=trackright;"}
			{Matrix34
				-1.0000	-0.0000	0.0000
				0.0000	-0.0000	1.0000
				0.0000	-1.0000	-0.0000
				-5.6604	-20.1576	11.3966
			}
			{VolumeView "WheelsR.ply"}
			{bone "FXtraceR1"
				{Matrix34
					1.0000	0.0000	-0.0000
					0.0000	-0.0000	1.0000
					-0.0000	1.0000	-0.0000
					-29.0004	-4.6624	4.6784
				}
			}
			{bone "FXtraceR2"
				{Matrix34
					0.9397	0.3420	-0.0000
					0.0000	-0.0000	1.0000
					-0.3420	0.9397	0.0000
					43.3198	-5.1390	4.6784
				}
			}
			{bone "TrackR"
				{parameters "ID=trackright;"}
				{Position -7.9483	2.4758	2.0471}
				{VolumeView "TrackR.ply"}
			}
		}
	}
}

