{mission
	{Camera
		{Position 2475.01 -2148.4}
		{Distance 450.01}
		{ViewAngle 0.457272}
		{YawAngle 7.49241}
	}
	{Environment "main-rus"}
	{User 1}
	{GameProgress 0 0}
	{Human "ger.hans" 0x80f0
		{Position 2496.87 -2287.62 1}
		{Turn 99.3405}
		{Extender "inventory"
			{box
				{clear}
				{item "bandage" 2 {cell 6 0}}
				{item "grenade m24" {cell 6 1}}
				{item "grenade m24" {cell 6 2}}
				{item "ammo rifle" 30 {cell 5 0}}
				{item "mauzer" filling "ammo rifle" 5 {cell 0 0}}
			}
			{armor "head"
				{Item "helmet1_ger"}
			}
			{armor "body"
				{Item "rifle-ammo-holder"}
			}
		}
		{Player 1}
		{MID 124}
		
		{NameId 21 98}
		{FsmState "stand"}
	}
	{Human "ger.albert" 0x80f1
		{Position 2538.82 -2096.2 0}
		{Turn 112.324}
		{Extender "inventory"
			{box
				{clear}
				{item "ammo rifle" 60 {cell 7 0}}
				{item "sg44" filling "ammo rifle" 30 {cell 0 0}}
				{item "ammo rifle" 60 {cell 6 0}}
				{item "grenade m24x5" {cell 4 0}}
				{item "grenade m39" {cell 7 1}}
				{item "grenade m39" {cell 6 1}}
				{item "grenade m24" {cell 4 1}}
				{item "bandage" 2 {cell 6 2}}
			}
			{armor "head"
				{Item "german_cap"}
			}
			{armor "body"
				{Item "mp-ammo-holder"}
			}
		}
		{Player 1}
		{MID 125}
		
		{NameId 25 112}
		{FsmState "stand"}
	}
	{Human "usa.tankman" 0x80f2
		{Position -1757.64 -2781.05 8.3448}
		{Orientation
			  0.918000  -0.368000  -0.148200
			  0.363300   0.929800  -0.058600
			  0.159400   0.000000   0.987200
		}
		{DisableObstacles}
		{Player 2}
		{MID 126}
		{NameId 69 61}
		{LastItem "colt"}
		{FsmState "board"}
	}
	{Human "usa.tankman" 0x80f3
		{Position -1752.61 -2791.09 11.5659}
		{Orientation
			  0.764800   0.558400   0.321400
			 -0.588700   0.808300  -0.003500
			 -0.261700  -0.186500   0.946900
		}
		{DisableObstacles}
		{Player 2}
		{MID 127}
		{NameId 125 12}
		{LastItem "colt"}
		{FsmState "board"}
	}
	{Human "usa.tankman" 0x80f4
		{Position -1760.79 -2786.87 0}
		{Orientation
			  1.000000   0.000000   0.000000
			  0.000000  -1.000000   0.000000
			  0.000000   0.000000   1.000000
		}
		{Player 2}
		{MID 128}
		{NameId 102 99}
		{LastItem "colt"}
		{FsmState "board"}
	}
	{Human "usa.tankman" 0x80f5
		{Position -1760.79 -2786.87 0}
		{Orientation
			  1.000000   0.000000   0.000000
			  0.000000  -1.000000   0.000000
			  0.000000   0.000000   1.000000
		}
		{Player 2}
		{MID 129}
		{NameId 87 22}
		{LastItem "colt"}
		{FsmState "board"}
	}
	{Entity "m8grayhound" 0x80f6
		{Position -1760.79 -2786.87 0}
		
		{Player 2}
		{MID 130}
		
	}
	{Human "usa.infantry2" 0x80f7
		{Position 772.75 -2984.91 0}
		{Turn 66.4517}
		{Player 2}
		{MID 131}
		{NameId 99 40}
		{FsmState "stand"}
	}
	{Human "usa.infantry2" 0x80f8
		{Position 590.395 -2905.66 0}
		{Turn 111.831}
		{Player 2}
		{MID 132}
		{NameId 74 27}
		{FsmState "stand"}
	}
	{Human "usa.infantry_mgun" 0x80f9
		{Position 362.761 -3167 0}
		{Turn -142.431}
		{Player 2}
		{MID 133}
		{NameId 144 91}
		{Cover
			{sector 362.761 -3167 {type "look_left"}
				{wall 0 0 362.822 -3155.6 404.83 -3210.21}
			}
		}
		{FsmState "stand"}
	}
	{Human "usa.tankman" 0x80fa
		{Position 585.041 -3093.06 18.2686}
		{Orientation
			 -0.534555   0.773363   0.340800
			 -0.822583  -0.568593  -0.000100
			  0.193690  -0.280390   0.940200
		}
		{DisableObstacles}
		{Player 2}
		{MID 134}
		{NameId 131 20}
		{LastItem "colt"}
		{FsmState "board"}
	}
	{Human "usa.tankman" 0x80fb
		{Position 583.958 -3106.55 0}
		{Orientation
			 -0.336339   0.941741   0.000000
			  0.941741   0.336339   0.000000
			  0.000000   0.000000   1.000000
		}
		{Player 2}
		{MID 135}
		{NameId 140 40}
		{LastItem "colt"}
		{FsmState "board"}
	}
	{Human "usa.tankman" 0x80fc
		{Position 583.958 -3106.55 0}
		{Orientation
			 -0.336339   0.941741   0.000000
			  0.941741   0.336339   0.000000
			  0.000000   0.000000   1.000000
		}
		{Extender "inventory"
			{box
				{clear}
				{item "ammo pistol" 30 {cell 4 0}}
				{item "thompson" filling "ammo pistol" 30 {cell 0 0}}
			}
		}
		{Player 2}
		{MID 136}
		{NameId 101 63}
		{LastItem "thompson"}
		{FsmState "board"}
	}
	{Human "usa.tankman" 0x80fd
		{Position 581.866 -3119.77 29.5223}
		{Turn 109.654}
		{DisableObstacles}
		{Player 2}
		{MID 137}
		{NameId 103 69}
		{FsmState "board"}
	}
	{Human "usa.infantry1" 0x80fe
		{Position 571.44 -2878.8 0}
		{Turn -77.4712}
		{Player 2}
		{MID 138}
		{NameId 123 13}
		{FsmState "stand"}
	}
	{Entity "m8-scott" 0x80ff
		{Position 583.958 -3106.55 0}
		{Turn 109.654}
		{Player 2}
		{MID 139}
		
		{Weaponry
			{Number 1}
			{State "mgun"
				{Weapon
					{Ammo "ammo mgun" 200}
				}
			}
		}
	}
	{Entity "gmc" 0x80e0
		{Position 636.496 -2864.46 0}
		{Turn 135}
		{TexMod "ambush1"}
		{Player 2}
		{MID 140}
	}
	{Human "usa.infantry_mgun" 0x80e1
		{Position 924.897 -3327.1 0}
		{Turn 39.6667}
		{Extender "inventory"
			{box
				{clear}
				{item "ammo mgun" 100 {cell 0 0}}
				{item "ammo mgun" 20 {cell 2 0}}
				{item "grenade m61" {cell 4 0}}
			}
		}
		{Player 2}
		{MID 141}
		{Weaponry
			{State
				{Mounted "weapon bar"}
				{Weapon
					{Ammo "ammo mgun" 20}
				}
			}
		}
		{NameId 62 51}
		{Cover
			{sector 924.897 -3327.1 {type "bush_lie"}
			}
		}
		{FsmState "lie"}
	}
	{Human "usa.infantry1" 0x80e2
		{Position 741.242 -3222.63 0}
		{Turn 37.5628}
		{Player 2}
		{MID 142}
		{NameId 32 13}
		{Cover
			{sector 741.242 -3222.63 {type "hide_stand"}
				{wall 0 0 741.181 -3234.04 712.91 -3197.28}
			}
		}
		{FsmState "stand"}
	}
	{Human "usa.infantry2" 0x80e3
		{Position 583.141 -3384.34 0}
		{Turn -38.1572}
		{Player 2}
		{MID 143}
		{NameId 102 0}
		{FsmState "stand"}
	}
	{Entity "pz-4g" 0x820f
		{Position 542.958 -1902.99 1.80657}
		{Turn -150.125}
		{TexMod "ambush"}
		{Extender "inventory"
			{box
				{clear}
				{item "bullet75 ap" 17 {cell 0 1}}
				{item "bullet75 fg" 6 {cell 0 2}}
			}
		}
		{Player 2}
		{MID 123}
		{Weaponry
			{State "mgun"
				{Unmounted}
			}
		}
		{Chassis
			{Broken}
			{FuelBag
				{Remain 60}
			}
		}
		{Component "trackleft"
			{Able {work 0}}
		}
		{Component "body"
			{Able {work 0}}
		}
		{Component "engine"
			{Able {work 0}}
		}
		{Component "gun"
			{Able {work 0}}
		}
	}
	{Entity "flag_usa" 0x81ff
		{Position -1616.77 -2022.76 59.1982}
		{Turn 90}
	}
	{Entity "pointer_small" 0x8200
		{Position 2608.72 -4390.45 0}
	}
	{Entity "m4a2" 0x8201
		{Position 3987.3 323.501 5.59877}
		{Turn -172.895}
		{Player 2}
		{MID 70}
		
	}
	{Entity "m4a3" 0x8202
		{Position 4181.07 343.456 9.22444}
		{Turn -165.523}
		{Player 2}
		{MID 69}
		
	}
	{Entity "m3a1" 0x8203
		{Position 1628.06 2363.87 0}
		{Turn -90}
		{Extender "inventory"
			{box
				{clear}
				{item "ammo mgun" 1000 {cell 0 0}}
				{item "repair_kit" {cell 0 4}}
				{item "mine_detector" {cell 2 0}}
				{item "mine antitank" 4 {cell 0 1}}
				{item "mine antipersonnel" 4 {cell 0 3}}
				{item "can" filling "fuel" 20 {cell 3 4}}
			}
		}
		{Player 2}
		{MID 68}
		
		{Chassis
			{FuelBag
				{Remain 150}
			}
		}
	}
	{Entity "chaffee" 0x8204
		{Position 1653.57 3234.41 0}
		{Turn -93.0128}
		{Player 2}
		{MID 67}
	}
	{Entity "chaffee" 0x8205
		{Position 1648.63 2950.62 0}
		{Turn -90}
		{Player 2}
		{MID 66}
		
	}
	{Entity "chaffee" 0x8206
		{Position 1640.38 2662.41 0}
		{Turn -90}
		{Player 2}
		{MID 65}
	}
	{Human "x.a.tankman" 0x8207
		{Position 3987.3 323.501 5.59877}
		{Orientation
			 -0.992287  -0.123688  -0.008255
			 -0.123016   0.990736  -0.057522
			 -0.015293   0.056062   0.998310
		}
		{Extender "inventory"
			{box
				{clear}
				{item "ammo pistol" 28 {cell 2 0}}
				{item "colt" filling "ammo pistol" 7 {cell 0 0}}
			}
		}
		{Player 2}
		{MID 71}
		{NameId 135 20}
		{LastItem "colt"}
		{FsmState "board"}
	}
	{Human "x.a.tankman" 0x8208
		{Position 3987.3 323.501 5.59877}
		{Orientation
			 -0.992287  -0.123688  -0.008255
			 -0.123016   0.990736  -0.057522
			 -0.015293   0.056062   0.998310
		}
		{Extender "inventory"
			{box
				{clear}
				{item "ammo pistol" 28 {cell 2 0}}
				{item "colt" filling "ammo pistol" 7 {cell 0 0}}
			}
		}
		{Player 2}
		{MID 72}
		{NameId 17 2}
		{LastItem "colt"}
		{FsmState "board"}
	}
	{Human "x.a.tankman" 0x8209
		{Position 3987.3 323.501 5.59877}
		{Orientation
			 -0.992287  -0.123688  -0.008255
			 -0.123016   0.990736  -0.057522
			 -0.015293   0.056062   0.998310
		}
		{Extender "inventory"
			{box
				{clear}
				{item "ammo pistol" 28 {cell 2 0}}
				{item "colt" filling "ammo pistol" 7 {cell 0 0}}
			}
		}
		{Player 2}
		{MID 73}
		{NameId 104 42}
		{LastItem "colt"}
		{FsmState "board"}
	}
	{Human "usa.tankman" 0x820a
		{Position 3987.3 323.501 5.59877}
		{Orientation
			 -0.992287  -0.123688  -0.008255
			 -0.123016   0.990736  -0.057522
			 -0.015293   0.056062   0.998310
		}
		{Player 2}
		{MID 74}
		{NameId 54 82}
		{LastItem "m3a"}
		{FsmState "board"}
	}
	{Human "usa.infantry_mgun" 0x820b
		{Position 4016.25 353.615 32.3938}
		{Orientation
			 -0.308006   0.939368   0.150481
			 -0.932370  -0.329474   0.149064
			  0.189575  -0.094436   0.977345
		}
		{Extender "inventory"
			{box
				{clear}
				{item "weapon bar" filling "ammo mgun" 20 {cell 0 0}}
				{item "ammo mgun" 80 {cell 5 0}}
				{item "bandage" {cell 6 3}}
				{item "grenade m61" {cell 7 0}}
			}
		}
		{DisableObstacles}
		{Player 2}
		{MID 75}
		{NameId 99 45}
		{FsmState "board"}
	}
	{Human "usa.infantry2" 0x820c
		{Position 4033.12 355.755 31.2481}
		{Orientation
			 -0.123016   0.990736  -0.057522
			 -0.992287  -0.123688  -0.008255
			 -0.015293   0.056062   0.998310
		}
		{Extender "inventory"
			{box
				{clear}
				{item "ammo rifle" 8 {cell 0 0}}
				{item "ammo rifle" 8 {cell 5 0}}
				{item "ammo rifle" 8 {cell 6 0}}
				{item "m1" filling "ammo rifle" 8 {cell 1 0}}
				{item "bandage" {cell 6 3}}
				{item "grenade mk1" {cell 0 1}}
			}
		}
		{DisableObstacles}
		{Player 2}
		{MID 76}
		{NameId 49 27}
		{FsmState "board"}
	}
	{Human "usa.infantry2" 0x820d
		{Position 4038.4 307.687 32.9817}
		{Orientation
			  0.036021  -0.997757   0.056583
			  0.999243   0.036826   0.013240
			 -0.015293   0.056062   0.998310
		}
		{Extender "inventory"
			{box
				{clear}
				{item "ammo rifle" 8 {cell 0 0}}
				{item "ammo rifle" 8 {cell 5 0}}
				{item "ammo rifle" 8 {cell 6 0}}
				{item "m1" filling "ammo rifle" 8 {cell 1 0}}
				{item "bandage" {cell 6 3}}
				{item "grenade mk1" {cell 0 1}}
			}
		}
		{DisableObstacles}
		{Player 2}
		{MID 77}
		{NameId 79 91}
		{FsmState "board"}
	}
	{Human "usa.infantry_mgun" 0x820e
		{Position 4022.17 306.019 33.9935}
		{Orientation
			 -0.307851  -0.950175   0.048643
			  0.951296  -0.306587   0.031790
			 -0.015293   0.056062   0.998310
		}
		{Extender "inventory"
			{box
				{clear}
				{item "weapon bar" filling "ammo mgun" 20 {cell 0 0}}
				{item "ammo mgun" 80 {cell 5 0}}
				{item "bandage" {cell 6 3}}
				{item "grenade m61" {cell 7 0}}
			}
		}
		{DisableObstacles}
		{Player 2}
		{MID 78}
		{NameId 135 23}
		{FsmState "board"}
	}
	{Human "x.a.tankman" 0x8227
		{Position 1617.23 2354.05 15.5801}
		{Orientation
			 -0.000000  -0.939700   0.342000
			  1.000000  -0.000000   0.000000
			  0.000000   0.342000   0.939700
		}
		{Extender "inventory"
			{box
				{clear}
				{item "ammo pistol" 28 {cell 2 0}}
				{item "colt" filling "ammo pistol" 7 {cell 0 0}}
			}
		}
		{DisableObstacles}
		{Player 2}
		{MID 95}
		{NameId 9 79}
		{LastItem "colt"}
		{FsmState "board"}
	}
	{Human "usa.infantry_smg" 0x8228
		{Position 1633.73 2362.69 25.637}
		{Turn -80.0026}
		{Extender "inventory"
			{box
				{clear}
				{item "ammo pistol" 96 {cell 0 0}}
				{item "m3a" filling "ammo pistol" 32 {cell 2 0}}
				{item "grenade f1" {cell 5 1}}
			}
		}
		{DisableObstacles}
		{Player 2}
		{MID 96}
		{NameId 67 26}
		{FsmState "board"}
	}
	{Human "usa.infantry2" 0x8229
		{Position 1619.57 2371.01 16.8348}
		{Orientation
			  0.939700  -0.000000   0.342000
			  0.000000   1.000000   0.000000
			 -0.342000   0.000000   0.939700
		}
		{Extender "inventory"
			{box
				{clear}
				{item "ammo rifle" 8 {cell 0 0}}
				{item "ammo rifle" 8 {cell 5 0}}
				{item "ammo rifle" 8 {cell 6 0}}
				{item "m1" filling "ammo rifle" 8 {cell 1 0}}
				{item "bandage" {cell 6 3}}
				{item "grenade mk1" {cell 0 1}}
			}
		}
		{DisableObstacles}
		{Player 2}
		{MID 97}
		{NameId 13 66}
		{FsmState "board"}
	}
	{Human "usa.infantry2" 0x822a
		{Position 1619.57 2384.07 16.8348}
		{Orientation
			  0.939700  -0.000000   0.342000
			  0.000000   1.000000   0.000000
			 -0.342000   0.000000   0.939700
		}
		{Extender "inventory"
			{box
				{clear}
				{item "ammo rifle" 8 {cell 0 0}}
				{item "ammo rifle" 8 {cell 5 0}}
				{item "ammo rifle" 8 {cell 6 0}}
				{item "m1" filling "ammo rifle" 8 {cell 1 0}}
				{item "bandage" {cell 6 3}}
				{item "grenade mk1" {cell 0 1}}
			}
		}
		{DisableObstacles}
		{Player 2}
		{MID 98}
		{NameId 37 74}
		{FsmState "board"}
	}
	{Human "usa.infantry_mgun" 0x822b
		{Position 1619.57 2396.74 16.8348}
		{Orientation
			  0.939700  -0.000000   0.342000
			  0.000000   1.000000   0.000000
			 -0.342000   0.000000   0.939700
		}
		{Extender "inventory"
			{box
				{clear}
				{item "weapon bar" filling "ammo mgun" 20 {cell 0 0}}
				{item "ammo mgun" 80 {cell 5 0}}
				{item "bandage" {cell 6 3}}
				{item "grenade m61" {cell 7 0}}
			}
		}
		{DisableObstacles}
		{Player 2}
		{MID 99}
		{NameId 93 83}
		{FsmState "board"}
	}
	{Human "usa.infantry2" 0x822c
		{Position 1619.57 2410.19 16.8348}
		{Orientation
			  0.939700  -0.000000   0.342000
			  0.000000   1.000000   0.000000
			 -0.342000   0.000000   0.939700
		}
		{Extender "inventory"
			{box
				{clear}
				{item "ammo rifle" 8 {cell 0 0}}
				{item "ammo rifle" 8 {cell 5 0}}
				{item "ammo rifle" 8 {cell 6 0}}
				{item "m1" filling "ammo rifle" 8 {cell 1 0}}
				{item "bandage" {cell 6 3}}
				{item "grenade mk1" {cell 0 1}}
			}
		}
		{DisableObstacles}
		{Player 2}
		{MID 100}
		{NameId 46 53}
		{FsmState "board"}
	}
	{Human "usa.infantry2" 0x822d
		{Position 1634.6 2410.23 16.2048}
		{Orientation
			 -0.906300   0.000000   0.422600
			 -0.000000  -1.000000   0.000000
			  0.422600  -0.000000   0.906300
		}
		{Extender "inventory"
			{box
				{clear}
				{item "ammo rifle" 8 {cell 0 0}}
				{item "ammo rifle" 8 {cell 5 0}}
				{item "ammo rifle" 8 {cell 6 0}}
				{item "m1" filling "ammo rifle" 8 {cell 1 0}}
				{item "bandage" {cell 6 3}}
				{item "grenade mk1" {cell 0 1}}
			}
		}
		{DisableObstacles}
		{Player 2}
		{MID 101}
		{NameId 50 20}
		{FsmState "board"}
	}
	{Human "usa.infantry_mgun" 0x822e
		{Position 1634.6 2396.09 16.2048}
		{Orientation
			 -0.906300   0.000000   0.422600
			 -0.000000  -1.000000   0.000000
			  0.422600  -0.000000   0.906300
		}
		{Extender "inventory"
			{box
				{clear}
				{item "weapon bar" filling "ammo mgun" 20 {cell 0 0}}
				{item "ammo mgun" 80 {cell 5 0}}
				{item "bandage" {cell 6 3}}
				{item "grenade m61" {cell 7 0}}
			}
		}
		{DisableObstacles}
		{Player 2}
		{MID 102}
		{NameId 104 41}
		{FsmState "board"}
	}
	{Human "usa.infantry_smg" 0x822f
		{Position 1634.6 2381.96 16.2048}
		{Orientation
			 -0.906300   0.000000   0.422600
			 -0.000000  -1.000000   0.000000
			  0.422600  -0.000000   0.906300
		}
		{Extender "inventory"
			{box
				{clear}
				{item "ammo pistol" 90 {cell 0 0}}
				{item "thompson" filling "ammo pistol" 30 {cell 2 0}}
				{item "bandage" {cell 6 3}}
				{item "grenade mk1" {cell 0 1}}
			}
		}
		{DisableObstacles}
		{Player 2}
		{MID 103}
		{NameId 17 1}
		{FsmState "board"}
	}
	{Human "x.a.rifle" 0x8230
		{Position -2331.35 -691.025 51.1573}
		{Extender "inventory"
			{box
				{clear}
				{item "m1_carbine" filling "ammo rifle" 15 {cell 0 0}}
				{item "ammo rifle" 60 {cell 4 0}}
			}
			{armor "body"
				{Item "paratroops-ammo-holder"}
			}
		}
		{Player 2}
		{MID 104}
		{NameId 69 62}
		{FsmState "stand"}
	}
	{Human "x.a.rifle" 0x8231
		{Position -2286.48 -707.615 39.4341}
		{Extender "inventory"
			{box
				{clear}
				{item "m1" filling "ammo rifle" 8 {cell 0 0}}
				{item "bandage" 2 {cell 6 0}}
				{item "ammo rifle" 30 {cell 4 0}}
			}
			{armor "body"
				{Item "paratroops-ammo-holder"}
			}
		}
		{Player 2}
		{MID 105}
		{NameId 125 14}
		{FsmState "stand"}
	}
	{Human "x.a.rifle" 0x8232
		{Position -2184.41 -4982.33 0}
		{Extender "inventory"
			{box
				{clear}
				{item "ammo rifle" 30 {cell 4 0}}
				{item "springfield" filling "ammo rifle" 5 {cell 0 0}}
				{item "grenade m61" {cell 5 0}}
			}
			{armor "head"
				{Item "helmet1_usa"}
			}
		}
		{Player 2}
		{MID 106}
		{NameId 102 1}
		{FsmState "stand"}
	}
	{Human "x.a.rifle" 0x8233
		{Position -2114.37 -4951.73 0}
		{Extender "inventory"
			{box
				{clear}
				{item "bandage" 2 {cell 6 0}}
				{item "ammo rifle" 30 {cell 4 0}}
				{item "springfield" filling "ammo rifle" 5 {cell 0 0}}
			}
			{armor "head"
				{Item "helmet1_usa"}
			}
		}
		{Player 2}
		{MID 107}
		{NameId 87 23}
		{FsmState "stand"}
	}
	{Entity "dodgewc56" 0x8234
		{Position 1968.9 -5718.48 0}
		{Turn 83.991}
		{Extender "inventory"
			{box
				{clear}
				{item "barrel" filling "fuel" 75 {cell 0 0}}
			}
		}
		{Player 2}
		{MID 108}
		{Chassis
			{FuelBag
				{Remain 140}
			}
		}
	}
	{Human "usa.airborne.smg" 0x8235
		{Position 1976.02 -5714.36 10.9236}
		{Orientation
			  0.130259   0.838169   0.529600
			 -0.988151   0.153588   0.000000
			 -0.081324  -0.523262   0.848300
		}
		{DisableObstacles}
		{Player 2}
		{MID 109}
		{NameId 33 90}
		{LastItem "thompson"}
		{FsmState "board"}
	}
	{Human "usa.airborne.smg" 0x8236
		{Position 1962.9 -5712.98 10.9236}
		{Orientation
			  0.088804   0.843639   0.529600
			 -0.994505   0.104685   0.000000
			 -0.055441  -0.526690   0.848300
		}
		{Extender "inventory"
			{box
				{clear}
				{item "grenade m61" {cell 7 0}}
				{item "ammo pistol" 25 {cell 2 0}}
				{item "webley" filling "ammo pistol" 6 {cell 0 0}}
			}
		}
		{DisableObstacles}
		{Player 2}
		{MID 110}
		{NameId 93 81}
		{LastItem "webley"}
		{FsmState "board"}
	}
	{Human "usa.airborne.rifle" 0x8237
		{Position 1955.37 -5745.88 13.4471}
		{Orientation
			  0.983179  -0.009777   0.182300
			  0.006700   0.999792   0.017400
			 -0.182366  -0.015896   0.983100
		}
		{DisableObstacles}
		{Player 2}
		{MID 111}
		{NameId 148 99}
		{FsmState "board"}
	}
	{Human "usa.airborne.rifle" 0x8238
		{Position 1977.46 -5759.86 12.5371}
		{Orientation
			 -0.983205   0.170966   0.064300
			 -0.172824  -0.984618  -0.025700
			  0.058917  -0.036367   0.997600
		}
		{DisableObstacles}
		{Player 2}
		{MID 112}
		{NameId 41 81}
		{FsmState "board"}
	}
	{Human "usa.airborne.rifle" 0x8239
		{Position 1978.23 -5748.33 13.7495}
		{Orientation
			 -0.980352   0.080570   0.180200
			 -0.085061  -0.996269  -0.017500
			  0.178174  -0.032531   0.983500
		}
		{DisableObstacles}
		{Player 2}
		{MID 113}
		{NameId 15 6}
		{FsmState "board"}
	}
	{Human "usa.airborne.smg" 0x823a
		{Position 1954.8 -5758.42 12.5751}
		{Orientation
			  0.959153   0.275907   0.062100
			 -0.276933   0.960870   0.009300
			 -0.057043  -0.026072   0.998000
		}
		{DisableObstacles}
		{Player 2}
		{MID 114}
		{NameId 40 31}
		{FsmState "board"}
	}
	{Human "usa.airborne.smg" 0x823b
		{Position 1979.48 -5736.48 12.9399}
		{Orientation
			 -0.983796   0.009641   0.179000
			 -0.013028  -0.999729  -0.017400
			  0.178838  -0.019529   0.983700
		}
		{DisableObstacles}
		{Player 2}
		{MID 115}
		{NameId 101 32}
		{FsmState "board"}
	}
	{Human "usa.airborne.rifle" 0x823c
		{Position 1957.04 -5734.09 13.0272}
		{Orientation
			  0.957787  -0.225203   0.178500
			  0.225705   0.974024   0.017400
			 -0.177802   0.023643   0.983800
		}
		{DisableObstacles}
		{Player 2}
		{MID 116}
		{NameId 66 67}
		{FsmState "board"}
	}
	{Human "usa.infantry_smg" 0x823d
		{Position -1573.8 -2473.4 21.641}
		{Turn -97.3211}
		{Extender "inventory"
			{box
				{clear}
				{item "thompson" filling "ammo pistol" 30 {cell 0 0}}
				{item "ammo pistol" 90 {cell 4 0}}
				{item "grenade f1" {cell 6 0}}
				{item "grenade f1" {cell 7 0}}
			}
		}
		{Player 2}
		{MID 117}
		{NameId 69 7}
		{FsmState "stand"}
	}
	{Human "usa.infantry_smg" 0x823e
		{Position -1265.91 -2729.87 -16.4327}
		{Turn -6.70659}
		{Extender "inventory"
			{box
				{clear}
				{item "ammo rifle" 30 {cell 0 0}}
				{item "grenade m61" {cell 1 0}}
			}
		}
		{Player 2}
		{MID 118}
		{Weaponry
			{State
				{Mounted "m1"}
				{Weapon
					{Ammo "ammo rifle" 8}
				}
			}
		}
		{NameId 125 19}
		{Cover
			{sector -1265.91 -2729.87 {type "snipe_cover"}
				{wall 0 0 -1250.63 -2659.87 -1266.16 -2791.94}
			}
		}
		{FsmState "snipe"}
	}
	{Human "usa.infantry_smg" 0x823f
		{Position -1248.11 -1538.97 -11.3534}
		{Turn -3.01324}
		{Extender "inventory"
			{box
				{clear}
				{item "grenade m61" {cell 7 0}}
				{item "ammo rifle" 30 {cell 6 0}}
			}
		}
		{Player 2}
		{MID 119}
		{Weaponry
			{State
				{Mounted "m1_carbine"}
				{Weapon
					{Ammo "ammo rifle" 15}
				}
			}
		}
		{NameId 102 22}
		{Cover
			{sector -1248.11 -1538.97 {type "snipe_cover"}
				{wall 0 0 -1235.58 -1434.08 -1242.57 -1566.87}
			}
		}
		{FsmState "snipe"}
	}
	{Human "usa.infantry_smg" 0x8240
		{Position -1660.56 -996.886 11.9596}
		{Turn 102.095}
		{Extender "inventory"
			{box
				{clear}
				{item "ammo rifle" 8 {cell 4 0}}
				{item "ammo rifle" 8 {cell 5 0}}
				{item "ammo rifle" 8 {cell 6 0}}
				{item "ammo rifle" 8 {cell 7 0}}
				{item "grenade mk1" {cell 7 1}}
			}
		}
		{Player 2}
		{MID 120}
		{Weaponry
			{State
				{Mounted "m1"}
				{Weapon
					{Ammo "ammo rifle" 8}
				}
			}
		}
		{NameId 87 99}
		{Cover
			{sector -1660.56 -996.886 {type "snipe_cover"}
				{wall 0 0 -1690.91 -996.233 -1560.89 -968.37}
			}
		}
		{FsmState "snipe"}
	}
	{Human "usa.infantry_smg" 0x8241
		{Position -1671.1 -3138.82 0}
		{Turn 82.6476}
		{Extender "inventory"
			{box
				{clear}
				{item "thompson" filling "ammo pistol" 30 {cell 0 0}}
				{item "ammo pistol" 90 {cell 4 0}}
				{item "grenade f1" {cell 6 0}}
				{item "grenade f1" {cell 7 0}}
			}
		}
		{Player 2}
		{MID 121}
		{NameId 9 40}
		{FsmState "stand"}
	}
	{Human "usa.infantry_smg" 0x8242
		{Position -1630.4 -2126.76 55.3541}
		{Turn 1.31014}
		{Extender "inventory"
			{box
				{clear}
				{item "thompson" filling "ammo pistol" 30 {cell 0 0}}
				{item "ammo pistol" 90 {cell 4 0}}
				{item "grenade f1" {cell 6 0}}
			}
		}
		{Player 2}
		{MID 122}
		{NameId 79 4}
		{FsmState "stand"}
	}
	{Human "usa.tankman" 0x8226
		{Position 1640.38 2662.41 0}
		{Orientation
			 -0.000000  -1.000000   0.000000
			 -1.000000   0.000000   0.000000
			  0.000000   0.000000   1.000000
		}
		{Player 2}
		{MID 94}
		{NameId 96 95}
		{LastItem "m3a"}
		{FsmState "board"}
	}
	{Human "x.a.tankman" 0x8225
		{Position 1640.38 2662.41 0}
		{Orientation
			 -0.000000  -1.000000   0.000000
			 -1.000000   0.000000   0.000000
			  0.000000   0.000000   1.000000
		}
		{Extender "inventory"
			{box
				{clear}
				{item "ammo pistol" 28 {cell 2 0}}
				{item "colt" filling "ammo pistol" 7 {cell 0 0}}
			}
		}
		{Player 2}
		{MID 93}
		{NameId 39 0}
		{LastItem "colt"}
		{FsmState "board"}
	}
	{Human "x.a.tankman" 0x8224
		{Position 1640.38 2662.41 0}
		{Orientation
			 -0.000000  -1.000000   0.000000
			 -1.000000   0.000000   0.000000
			  0.000000   0.000000   1.000000
		}
		{Extender "inventory"
			{box
				{clear}
				{item "ammo pistol" 28 {cell 2 0}}
				{item "colt" filling "ammo pistol" 7 {cell 0 0}}
			}
		}
		{Player 2}
		{MID 92}
		{NameId 112 17}
		{LastItem "colt"}
		{FsmState "board"}
	}
	{Human "x.a.tankman" 0x8223
		{Position 1640.38 2662.41 0}
		{Orientation
			 -0.000000  -1.000000   0.000000
			 -1.000000   0.000000   0.000000
			  0.000000   0.000000   1.000000
		}
		{Extender "inventory"
			{box
				{clear}
				{item "ammo pistol" 28 {cell 2 0}}
				{item "colt" filling "ammo pistol" 7 {cell 0 0}}
			}
		}
		{Player 2}
		{MID 91}
		{NameId 92 17}
		{LastItem "colt"}
		{FsmState "board"}
	}
	{Human "usa.tankman" 0x8222
		{Position 1648.63 2950.62 0}
		{Orientation
			 -0.000000  -1.000000   0.000000
			 -1.000000   0.000000   0.000000
			  0.000000   0.000000   1.000000
		}
		{Player 2}
		{MID 90}
		{NameId 17 89}
		{LastItem "m3a"}
		{FsmState "board"}
	}
	{Human "x.a.tankman" 0x8221
		{Position 1648.63 2950.62 0}
		{Orientation
			 -0.000000  -1.000000   0.000000
			 -1.000000   0.000000   0.000000
			  0.000000   0.000000   1.000000
		}
		{Extender "inventory"
			{box
				{clear}
				{item "ammo pistol" 28 {cell 2 0}}
				{item "colt" filling "ammo pistol" 7 {cell 0 0}}
			}
		}
		{Player 2}
		{MID 89}
		{NameId 16 99}
		{LastItem "colt"}
		{FsmState "board"}
	}
	{Human "x.a.tankman" 0x8220
		{Position 1648.63 2950.62 0}
		{Orientation
			 -0.000000  -1.000000   0.000000
			 -1.000000   0.000000   0.000000
			  0.000000   0.000000   1.000000
		}
		{Extender "inventory"
			{box
				{clear}
				{item "ammo pistol" 28 {cell 2 0}}
				{item "colt" filling "ammo pistol" 7 {cell 0 0}}
			}
		}
		{Player 2}
		{MID 88}
		{NameId 88 8}
		{LastItem "colt"}
		{FsmState "board"}
	}
	{Human "x.a.tankman" 0x821f
		{Position 1648.63 2950.62 0}
		{Orientation
			 -0.000000  -1.000000   0.000000
			 -1.000000   0.000000   0.000000
			  0.000000   0.000000   1.000000
		}
		{Extender "inventory"
			{box
				{clear}
				{item "ammo pistol" 28 {cell 2 0}}
				{item "colt" filling "ammo pistol" 7 {cell 0 0}}
			}
		}
		{Player 2}
		{MID 87}
		{NameId 141 75}
		{LastItem "colt"}
		{FsmState "board"}
	}
	{Human "x.a.tankman" 0x821e
		{Position 1653.57 3234.41 0}
		{Orientation
			 -0.052559  -0.998618   0.000000
			 -0.998618   0.052559   0.000000
			  0.000000   0.000000   1.000000
		}
		{Extender "inventory"
			{box
				{clear}
				{item "ammo pistol" 28 {cell 2 0}}
				{item "colt" filling "ammo pistol" 7 {cell 0 0}}
			}
		}
		{Player 2}
		{MID 86}
		{NameId 74 96}
		{LastItem "colt"}
		{FsmState "board"}
	}
	{Human "x.a.tankman" 0x821d
		{Position 1653.57 3234.41 0}
		{Orientation
			 -0.052559  -0.998618   0.000000
			 -0.998618   0.052559   0.000000
			  0.000000   0.000000   1.000000
		}
		{Extender "inventory"
			{box
				{clear}
				{item "ammo pistol" 28 {cell 2 0}}
				{item "colt" filling "ammo pistol" 7 {cell 0 0}}
			}
		}
		{Player 2}
		{MID 85}
		{NameId 39 70}
		{LastItem "colt"}
		{FsmState "board"}
	}
	{Human "x.a.tankman" 0x821c
		{Position 1653.57 3234.41 0}
		{Orientation
			 -0.052559  -0.998618   0.000000
			 -0.998618   0.052559   0.000000
			  0.000000   0.000000   1.000000
		}
		{Extender "inventory"
			{box
				{clear}
				{item "ammo pistol" 28 {cell 2 0}}
				{item "colt" filling "ammo pistol" 7 {cell 0 0}}
			}
		}
		{Player 2}
		{MID 84}
		{NameId 122 8}
		{LastItem "colt"}
		{FsmState "board"}
	}
	{Human "usa.tankman" 0x821b
		{Position 1653.57 3234.41 0}
		{Orientation
			 -0.052559  -0.998618   0.000000
			 -0.998618   0.052559   0.000000
			  0.000000   0.000000   1.000000
		}
		{Player 2}
		{MID 83}
		{NameId 24 38}
		{LastItem "m3a"}
		{FsmState "board"}
	}
	{Human "x.a.tankman" 0x821a
		{Position 4181.07 343.456 9.22444}
		{Orientation
			 -0.963667  -0.248811  -0.097153
			 -0.239213   0.965749  -0.100531
			 -0.118838   0.073638   0.990179
		}
		{Extender "inventory"
			{box
				{clear}
				{item "ammo pistol" 28 {cell 2 0}}
				{item "colt" filling "ammo pistol" 7 {cell 0 0}}
			}
		}
		{Player 2}
		{MID 82}
		{NameId 132 74}
		{LastItem "colt"}
		{FsmState "board"}
	}
	{Human "x.a.tankman" 0x8219
		{Position 4181.07 343.456 9.22444}
		{Orientation
			 -0.963667  -0.248811  -0.097153
			 -0.239213   0.965749  -0.100531
			 -0.118838   0.073638   0.990179
		}
		{Extender "inventory"
			{box
				{clear}
				{item "ammo pistol" 28 {cell 2 0}}
				{item "colt" filling "ammo pistol" 7 {cell 0 0}}
			}
		}
		{Player 2}
		{MID 81}
		{NameId 31 53}
		{LastItem "colt"}
		{FsmState "board"}
	}
	{Human "x.a.tankman" 0x8218
		{Position 4181.07 343.456 9.22444}
		{Orientation
			 -0.963667  -0.248811  -0.097153
			 -0.239213   0.965749  -0.100531
			 -0.118838   0.073638   0.990179
		}
		{Extender "inventory"
			{box
				{clear}
				{item "ammo pistol" 28 {cell 2 0}}
				{item "colt" filling "ammo pistol" 7 {cell 0 0}}
			}
		}
		{Player 2}
		{MID 80}
		{NameId 93 84}
		{LastItem "colt"}
		{FsmState "board"}
	}
	{Human "usa.tankman" 0x8217
		{Position 4181.07 343.456 9.22444}
		{Orientation
			 -0.963667  -0.248811  -0.097153
			 -0.239213   0.965749  -0.100531
			 -0.118838   0.073638   0.990179
		}
		{Player 2}
		{MID 79}
		{NameId 88 66}
		{FsmState "board"}
	}
	{Human "ger.infantry_smg" 0x8216
		{Position 4290.39 -4314.77 16.7896}
		{Orientation
			 -0.000000   0.984800   0.173600
			 -1.000000  -0.000000   0.000000
			  0.000000  -0.173600   0.984800
		}
		{Extender "inventory"
			{box
				{clear}
				{item "ammo pistol" 96 {cell 4 0}}
				{item "grenade m24" {cell 6 0}}
				{item "mp40" filling "ammo pistol" 32 {cell 0 0}}
			}
		}
		{DisableObstacles}
		{Player 3}
		{MID 58}
		{NameId 100 50}
		{FsmState "board"}
	}
	{Human "ger.mp44soldier" 0x8215
		{Position 4300.22 -4304.37 14.957}
		{Orientation
			  0.001200  -0.984800   0.173600
			  1.000000   0.001200   0.000000
			 -0.000200   0.173600   0.984800
		}
		{Extender "inventory"
			{box
				{clear}
				{item "ammo pistol" 90 {cell 4 0}}
				{item "grenade m24" {cell 6 0}}
				{item "sg44" filling "ammo pistol" 30 {cell 0 0}}
			}
		}
		{DisableObstacles}
		{Player 3}
		{MID 59}
		{NameId 132 114}
		{FsmState "board"}
	}
	{Human "ger.mp44soldier" 0x8214
		{Position 4288.62 -4304.39 14.957}
		{Orientation
			  0.001200  -0.984800   0.173600
			  1.000000   0.001200   0.000000
			 -0.000200   0.173600   0.984800
		}
		{Extender "inventory"
			{box
				{clear}
				{item "sg44" filling "ammo pistol" 30 {cell 0 0}}
				{item "ammo pistol" 90 {cell 4 0}}
				{item "grenade m24" {cell 6 0}}
				{item "grenade m24x5" {cell 6 1}}
			}
		}
		{DisableObstacles}
		{Player 3}
		{MID 60}
		{NameId 123 101}
		{FsmState "board"}
	}
	{Human "ger.infantry_mgun" 0x8213
		{Position 4301.37 -4314.77 16.7896}
		{Orientation
			 -0.000000   0.984800   0.173600
			 -1.000000  -0.000000   0.000000
			  0.000000  -0.173600   0.984800
		}
		{Extender "inventory"
			{box
				{clear}
				{item "ammo mgun" 75 {cell 0 0}}
				{item "grenade m24" {cell 2 0}}
				{item "mg42" filling "ammo mgun" 75 {cell 0 2}}
			}
		}
		{DisableObstacles}
		{Player 3}
		{MID 61}
		{NameId 9 53}
		{FsmState "board"}
	}
	{Human "ger.crewtank" 0x8212
		{Position 4256.3 -4304.63 10.5485}
		{Orientation
			 -0.936200  -0.000000   0.351600
			  0.000000  -1.000000   0.000000
			  0.351600   0.000000   0.936200
		}
		{DisableObstacles}
		{Player 3}
		{MID 62}
		{NameId 50 8}
		{LastItem "mp40"}
		{FsmState "board"}
	}
	{Human "ger.ofitank" 0x8211
		{Position 4272.08 -4309.87 16.6882}
		{Turn -179.095}
		{DisableObstacles}
		{Player 3}
		{MID 63}
		{NameId 112 133}
		{FsmState "board"}
	}
	{Entity "sdkfz251_1" 0x8210
		{Position 4268.31 -4309.1 0}
		{Turn -180}
		{TexMod "ambush1"}
		{Extender "inventory"
			{box
				{clear}
				{item "ammo mgun" 900 {cell 0 0}}
			}
		}
		{Player 3}
		{MID 64}
		{Chassis
			{FuelBag
				{Remain 140}
			}
		}
		
	}
	{Entity "sdkfz250_3" 0x800c
		{Position 2491.84 -2005.37 0}
		{TexMod "ambush1"}
		{Extender "inventory"
			{box
				{clear}
				{item "bullet37 fg" 6 {cell 0 0}}
				{item "bullet37 ap" 24 {cell 0 1}}
			}
		}
		{Player 3}
		{MID 5}
		
	}
	{Human "ger.ofitank" 0x8013
		{Position 2520.48 -2061.06 0}
		{Turn -60.6423}
		{Player 3}
		{MID 20}
		{NameId 126 138}
		{FsmState "stand"}
	}
	{Human "ger.crewtank" 0x8032
		{Position 2497.28 -2011.76 5.1826}
		{Orientation
			  0.906300   0.000000   0.422600
			  0.000000   1.000000   0.000000
			 -0.422600   0.000000   0.906300
		}
		{DisableObstacles}
		{Player 3}
		{MID 19}
		{NameId 39 117}
		{FsmState "board"}
	}
	{Human "ger.crewtank" 0x800d
		{Position 2158.29 -2026.19 0}
		{Turn -165.069}
		{Extender "inventory"
			{box
				{clear}
				{item "ammo pistol" 32 {cell 0 0}}
				{item "grenade m24" {cell 2 0}}
			}
		}
		{Player 3}
		{MID 6}
		{Weaponry
			{State
				{Mounted "mp40"}
				{Weapon
					{Ammo "ammo pistol" 32}
				}
			}
		}
		{NameId 1 134}
		{LastItem "mp40"}
		{FsmState "stand"}
	}
	{Human "usa.infantry_smg" 0x8031
		{Position -1284.53 -2169.28 9.23243}
		{Turn 169.695}
		{Extender "inventory"
			{box
				{clear}
				{item "thompson" filling "ammo pistol" 30 {cell 0 0}}
				{item "ammo pistol" 90 {cell 4 0}}
				{item "grenade m61" {cell 6 0}}
				{item "grenade m61" {cell 7 0}}
				{item "bandage" 2 {cell 4 1}}
			}
		}
		{Player 2}
		{MID 50}
		{NameId 112 20}
		{FsmState "stand"}
	}
	{Human "usa.infantry_smg" 0x8030
		{Position -1243.45 -1252.77 0.822541}
		{Turn 69.444}
		{Extender "inventory"
			{box
				{clear}
				{item "m1" filling "ammo rifle" 8 {cell 0 0}}
				{item "bandage" 2 {cell 6 0}}
				{item "ammo rifle" 30 {cell 4 0}}
				{item "grenade m61" {cell 5 0}}
			}
		}
		{Player 2}
		{MID 49}
		{NameId 26 48}
		{FsmState "stand"}
	}
	{Human "x.a.rifle" 0x802f
		{Position -976.774 -5869.45 0}
		{Turn 97.59}
		{Extender "inventory"
			{box
				{clear}
				{item "bandage" 2 {cell 6 1}}
				{item "grenade m61" {cell 7 0}}
				{item "grenade m61" {cell 6 0}}
				{item "ammo rifle" 30 {cell 4 0}}
				{item "springfield" filling "ammo rifle" 5 {cell 0 0}}
			}
			{armor "head"
				{Item "helmet1_usa"}
			}
		}
		{Player 2}
		{MID 48}
		{NameId 148 27}
		{FsmState "stand"}
	}
	{Human "usa.infantry_smg" 0x8033
		{Position -1213.66 -5713.09 0}
		{Turn 169.695}
		{Extender "inventory"
			{box
				{clear}
				{item "thompson" filling "ammo pistol" 30 {cell 0 0}}
				{item "ammo pistol" 90 {cell 4 0}}
				{item "grenade m61" {cell 6 0}}
				{item "grenade m61" {cell 7 0}}
				{item "bandage" 2 {cell 4 1}}
			}
		}
		{Player 2}
		{MID 51}
		{NameId 69 74}
		{FsmState "stand"}
	}
	{Human "usa.infantry_smg" 0x8034
		{Position -1204.55 -5748.15 0}
		{Turn 169.695}
		{Extender "inventory"
			{box
				{clear}
				{item "m1" filling "ammo rifle" 8 {cell 0 0}}
				{item "bandage" 2 {cell 6 1}}
				{item "ammo rifle" 60 {cell 4 0}}
				{item "grenade m61" {cell 5 0}}
				{item "grenade m61" {cell 6 0}}
			}
		}
		{Player 2}
		{MID 52}
		{NameId 62 60}
		{FsmState "stand"}
	}
	{Human "usa.infantry_mgun" 0x8035
		{Position -1161.44 -5758.53 0}
		{Turn 169.695}
		{Extender "inventory"
			{box
				{clear}
				{item "weapon bar" filling "ammo mgun" 20 {cell 0 0}}
				{item "ammo mgun" 60 {cell 5 0}}
				{item "ammo mgun" 80 {cell 5 1}}
				{item "grenade m61" {cell 7 0}}
			}
			{armor "body"
				{Item "paratroops-ammo-holder"}
			}
		}
		{Player 2}
		{MID 53}
		{NameId 36 39}
		{FsmState "stand"}
	}
	{Human "usa.oficer" 0x8036
		{Position -1149.22 -5740.53 0}
		{Turn 90}
		{Extender "inventory"
			{box
				{clear}
				{item "colt" filling "ammo pistol" 7 {cell 0 0}}
				{item "ammo pistol" 35 {cell 2 0}}
				{item "grenade m61" {cell 4 0}}
				{item "bandage" 3 {cell 5 0}}
			}
		}
		{Player 2}
		{MID 54}
		{NameId 15 47}
		{FsmState "stand"}
	}
	{Entity "gmc-ammo" 0x8037
		{Position -1871.47 -3017.21 0}
		{Turn -79.1658}
		{Extender "inventory"
			{box
				{clear}
				{item "bullet75 fg" 10 {cell 0 0}}
				{item "bullet75 fg" 10 {cell 0 1}}
				{item "bullet75 fg" 10 {cell 0 2}}
				{item "bullet75 fg" 10 {cell 0 3}}
				{item "bullet75 fg" 10 {cell 4 0}}
				{item "bullet75 fg" 10 {cell 4 1}}
				{item "bullet75 fg" 10 {cell 4 2}}
				{item "bullet75 fg" 9 {cell 4 3}}
			}
		}
		{Player 2}
		{MID 55}
		{Chassis
			{FuelBag
				{Remain 14}
			}
		}
	}
	{Entity "gmc-ammo" 0x8038
		{Position -1877.24 -2572.12 0}
		{Turn 29.6024}
		{Extender "inventory"
			{box
				{clear}
				{item "bullet75 fg" 10 {cell 0 0}}
				{item "bullet75 fg" 10 {cell 0 1}}
				{item "bullet75 fg" 10 {cell 0 2}}
				{item "bullet75 fg" 10 {cell 0 3}}
				{item "bullet75 fg" 10 {cell 4 0}}
				{item "bullet75 fg" 10 {cell 4 1}}
				{item "bullet75 fg" 10 {cell 4 2}}
				{item "bullet75 fg" 10 {cell 4 3}}
			}
		}
		{Player 2}
		{MID 56}
		
		{Chassis
			{FuelBag
				{Remain 100}
			}
		}
	}
	{Entity "gmc" 0x8039
		{Position -1807.28 -1757.32 1.16839}
		{Turn 178.69}
		{Extender "inventory"
			{box
				{clear}
				{item "bullet75 fg" 10 {cell 0 0}}
				{item "bullet75 fg" 10 {cell 0 1}}
				{item "bullet75 fg" 10 {cell 0 2}}
				{item "bullet75 fg" 10 {cell 0 3}}
				{item "bullet75 fg" 10 {cell 4 0}}
				{item "bullet75 ap" 10 {cell 4 1}}
				{item "bullet75 ap" 10 {cell 4 2}}
				{item "bullet75 fg" 10 {cell 4 3}}
			}
		}
		{Player 2}
		{MID 57}
		
		{Chassis
			{FuelBag
				{Remain 100}
			}
		}
	}
	{Human "usa.infantry1" 0x802e
		{Position -938.4 -5866.68 0}
		{Player 2}
		{MID 47}
		{NameId 34 77}
		{FsmState "stand"}
	}
	{Human "usa.infantry_mgun" 0x802d
		{Position -1741.58 -2184.53 42}
		{Turn -9.46232}
		{Extender "inventory"
			{box
				{clear}
				{item "bandage" 2 {cell 6 0}}
				{item "ammo rifle" 60 {cell 4 0}}
				{item "m1_carbine" filling "ammo rifle" 15 {cell 0 0}}
			}
		}
		{Player 2}
		{MID 46}
		{NameId 44 39}
		{FsmState "stand"}
	}
	{Human "usa.infantry_smg" 0x802c
		{Position -1712.39 -3474.61 0}
		{Turn -9.46232}
		{Extender "inventory"
			{box
				{clear}
				{item "thompson" filling "ammo pistol" 30 {cell 0 0}}
				{item "ammo pistol" 90 {cell 4 0}}
				{item "grenade mk1" {cell 7 0}}
				{item "bandage" 3 {cell 4 1}}
			}
		}
		{Player 2}
		{MID 45}
		{NameId 133 8}
		{FsmState "stand"}
	}
	{Human "usa.infantry_smg" 0x801b
		{Position -1154.06 -2381.57 3.33767}
		{Turn -4.40001}
		{Extender "inventory"
			{box
				{clear}
				{item "thompson" filling "ammo pistol" 30 {cell 0 0}}
				{item "ammo pistol" 90 {cell 4 0}}
				{item "grenade m61" {cell 7 0}}
				{item "bandage" 3 {cell 4 1}}
			}
		}
		{Player 2}
		{MID 28}
		{NameId 42 91}
		{Cover
			{sector -1154.06 -2381.57 {type "squat_lie"}
				{wall 0 0 -1144.76 -2352.02 -1152.32 -2450.27}
			}
		}
		{FsmState "squat"}
	}
	{Human "usa.infantry2" 0x802b
		{Position -2076.82 -1272.55 9.95115}
		{Turn -44.9999}
		{Player 2}
		{MID 44}
		{NameId 148 28}
		{Cover
			{sector -2076.82 -1272.55 {type "snipe_cover"}
				{wall 0 0 -2064.6 -1270.23 -2099.04 -1304.67}
			}
		}
		{FsmState "snipe"}
	}
	{Human "usa.infantry_mgun" 0x802a
		{Position -1357.61 -991.39 11.863}
		{Turn -31.4296}
		{Player 2}
		{MID 43}
		{NameId 65 47}
		{FsmState "stand"}
	}
	{Human "x.a.rifle" 0x8029
		{Position -1233.39 -1824.74 -13.0175}
		{Turn -15.5246}
		{Extender "inventory"
			{box
				{clear}
				{item "ammo rifle" 30 {cell 4 0}}
			}
		}
		{Player 2}
		{MID 42}
		{Weaponry
			{State
				{Mounted "springfield"}
				{Weapon
					{Ammo "ammo rifle" 5}
				}
			}
		}
		{NameId 59 41}
		{Cover
			{sector -1233.39 -1824.74 {type "snipe_cover"}
				{wall 0 0 -1212.74 -1776.58 -1248.33 -1904.7}
			}
		}
		{FsmState "snipe"}
	}
	{Human "usa.infantry_smg" 0x8028
		{Position -1232.99 -2248.89 11.5775}
		{Turn -35.8377}
		{Extender "inventory"
			{box
				{clear}
				{item "ammo rifle" 8 {cell 0 0}}
				{item "ammo rifle" 8 {cell 0 1}}
				{item "ammo rifle" 8 {cell 0 2}}
				{item "m1" filling "ammo rifle" 8 {cell 1 0}}
				{item "grenade mk1" {cell 5 0}}
				{item "grenade mk1" {cell 6 0}}
				{item "bandage" 2 {cell 5 1}}
			}
		}
		{Player 2}
		{MID 41}
		{NameId 14 90}
		{FsmState "stand"}
	}
	{Human "usa.infantry_mgun" 0x8027
		{Position -1244.73 -1474.79 -11}
		{Turn -3.01324}
		{Extender "inventory"
			{box
				{clear}
				{item "m1" filling "ammo rifle" 8 {cell 0 0}}
				{item "bandage" 2 {cell 6 1}}
				{item "grenade m61" {cell 7 0}}
				{item "ammo rifle" 30 {cell 4 0}}
			}
		}
		{Player 2}
		{MID 40}
		{NameId 118 31}
		{Cover
			{sector -1244.73 -1474.79 {type "snipe_cover"}
				{wall 0 0 -1235.58 -1434.08 -1242.57 -1566.87}
			}
		}
		{FsmState "snipe"}
	}
	{Human "usa.infantry_smg" 0x8026
		{Position -1252.86 -1504.71 -11}
		{Turn 8.1301}
		{Extender "inventory"
			{box
				{clear}
				{item "thompson" filling "ammo pistol" 30 {cell 0 0}}
				{item "ammo pistol" 90 {cell 4 0}}
				{item "grenade m61" {cell 6 0}}
