;Exported by: ubrashaev
;Date:        Wed Sep 29 11:05:32 2004
;File:        D:\-Projects-\-work-\3d\construction\oldfarm\oldfarm_x.max
{Skeleton
	{animation
		{sequence "crush" {speed 0.5}}
	}
	{bone "oldfarm_corner3"
		{parameters "CommonMesh;"}
		{Orientation
			1.0000	0.0000	0.0000
			0.0000	-1.0000	0.0000
			0.0000	0.0000	1.0000
		}
		{VolumeView "oldfarm_corner3.ply"}
		{bone "piece1"
			{Matrix34
				-1.0000	0.0000	-0.0000
				-0.0000	-1.0000	0.0000
				-0.0000	0.0000	1.0000
				56.9964	15.0714	47.8247
			}
			{VolumeView "piece1.ply"}
		}
		{bone "piece2"
			{Matrix34
				1.0000	-0.0000	-0.0000
				-0.0000	-1.0000	0.0000
				-0.0000	0.0000	-1.0000
				-14.1512	11.6964	42.8549
			}
			{VolumeView "piece2.ply"}
		}
		{bone "piece3"
			{Matrix34
				0.9659	-0.0000	0.2588
				-0.0000	-1.0000	0.0000
				0.2588	-0.0000	-0.9659
				32.1204	11.6964	15.1864
			}
			{VolumeView "piece3.ply"}
		}
		{bone "piece4"
			{Matrix34
				1.0000	-0.0000	-0.0000
				-0.0000	-1.0000	0.0000
				-0.0000	-0.0000	-1.0000
				26.6539	11.6964	44.4041
			}
			{VolumeView "piece4.ply"}
		}
		{bone "piece5"
			{Matrix34
				0.0000	1.0000	-0.0000
				1.0000	-0.0000	0.0000
				-0.0000	-0.0000	-1.0000
				-62.3188	-11.0025	41.9307
			}
			{VolumeView "piece5.ply"}
		}
		{bone "piece6"
			{Matrix34
				-0.0000	-1.0000	-0.0000
				1.0000	-0.0000	0.0000
				-0.0000	-0.0000	1.0000
				-63.0824	-7.5233	18.8578
			}
			{VolumeView "piece6.ply"}
		}
		{bone "exterior"
			{Position 24.5837	-37.5331	91.6758}
		}
	}
}
{Volume "piece6"
	{Box 6.14249 36.3617 17.3278}
	{Bone "piece6"}
	{Matrix34
		-0.0000	1.0000	-0.0000
		-1.0000	-0.0000	-0.0000
		0.0000	0.0000	1.0000
		1.0663	-0.0000	-0.0000
	}
}
{Volume "piece5"
	{Box 6.74999 20.5033 25.6362}
	{Bone "piece5"}
	{Matrix34
		-0.0000	1.0000	-0.0000
		-0.7660	-0.0000	-0.6428
		-0.6428	-0.0000	0.7660
		0.1155	-0.0000	-0.3366
	}
}
{Volume "piece4"
	{Box 6.74999 20.5033 25.6362}
	{Bone "piece4"}
	{Matrix34
		-0.0000	1.0000	0.0000
		-0.7660	0.0000	-0.6428
		-0.6428	-0.0000	0.7660
		0.1155	-0.0000	-0.3366
	}
}
{Volume "piece3"
	{Box 6.74999 32.6409 18.0509}
	{Bone "piece3"}
	{Matrix34
		0.0000	1.0000	-0.0000
		-0.9397	0.0000	-0.3420
		-0.3420	0.0000	0.9397
		-0.4567	0.0000	-0.9353
	}
}
{Volume "piece2"
	{Box 6.74999 20.5033 29.9943}
	{Bone "piece2"}
	{Matrix34
		0.0000	1.0000	0.0000
		-0.6428	0.0000	0.7660
		0.7660	-0.0000	0.6428
		-0.3204	-0.0000	-1.2069
	}
}
{Volume "piece1"
	{Box 6.36848 14.1839 23.4682}
	{Bone "piece1"}
	{Matrix34
		-0.0000	1.0000	-0.0000
		-0.9063	-0.0000	-0.4226
		-0.4226	-0.0000	0.9063
		2.7934	3.7430	-3.7324
	}
}
