;Exported by: grechishkin
;Date:        Thu Nov 06 11:04:19 2003

{Skeleton
	{bone "Basis"
		{Orientation
			-1.0000	-0.0000	0.0000
			-0.0000	1.0000	0.0000
			0.0000	0.0000	1.0000
		}
		{bone "Body"
			{parameters "ID=body;"}
			{Matrix34
				0.9990	0.0038	0.0435
				0.0034	0.9862	-0.1657
				-0.0435	0.1657	0.9852
				2.0866	-3.3853	-3.1835
			}
			{VolumeView "Body.ply"}
			{bone "Engine"
				{parameters "ID=engine;"}
				{VolumeView "Engine.ply"}
			}
			{bone "part3"
				{Matrix34
					1.0000	-0.0028	-0.0003
					0.0029	0.9979	0.0653
					0.0001	-0.0653	0.9979
					-6.3062	14.6352	23.7684
				}
				{VolumeView "part3.ply"}
			}
			{bone "part1"
				{Matrix34
					-0.0630	-0.9893	-0.1318
					0.9973	-0.0674	0.0290
					-0.0376	-0.1297	0.9908
					-2.6036	-23.6625	22.6451
				}
				{VolumeView "part1.ply"}
			}
			{bone "part2"
				{Matrix34
					1.0000	-0.0026	-0.0003
					0.0026	0.9982	0.0604
					0.0001	-0.0604	0.9982
					13.2386	-16.3231	22.5300
				}
				{VolumeView "part2.ply"}
			}
			{bone "part4"
				{VolumeView "part4.ply"}
			}
		}
	}
}
{Volume "part4"
	{Box 23.692 8.08647 6.38406}
	{Bone "part4"}
		{Matrix34
			-0.9575	-0.0442	0.2849
			-0.0038	-0.9862	-0.1657
			0.2883	-0.1598	0.9441
			-25.5074	-0.3805	17.8160
		}
}
{Volume "part2"
	{Box 10.1754 21.0124 0.432221}
	{Bone "part2"}
		{Matrix34
			0.9984	0.0344	-0.0443
			0.0434	0.0264	0.9987
			0.0356	-0.9991	0.0249
			-1.8833	0.0265	0.9584
		}
}
{Volume "part1"
	{Box 16.338 19.9751 0.432221}
	{Bone "part1"}
		{Matrix34
			0.7616	-0.6474	0.0301
			0.0313	0.0831	0.9960
			-0.6473	-0.7576	0.0836
			-0.5597	0.5600	-0.3602
		}
}
{Volume "part3"
	{Box 16.338 19.9751 0.432221}
	{Bone "part3"}
		{Matrix34
			-0.9900	0.1335	0.0452
			0.0435	-0.0156	0.9989
			0.1340	0.9909	0.0096
			0.3580	0.1438	-0.2104
		}
}
{Volume "Body"
	{Polyhedron "Body.vol"}
	{Bone "Body"}
		{Matrix34
			-0.9990	-0.0034	0.0435
			-0.0435	0.1657	-0.9852
			-0.0038	-0.9862	-0.1657
			13.7986	16.0833	21.0671
		}
}
{Volume "engine"
	{Box 38.6528 18.7373 27.0516}
	{Bone "Engine"}
		{Matrix34
			-0.9990	-0.0034	0.0435
			-0.0435	0.1657	-0.9852
			-0.0038	-0.9862	-0.1657
			-26.2385	0.1567	16.0061
		}
}
