;Exported by: shevchenko
;Date:        Mon Apr 19 11:49:55 2004
;File:        D:\-Projects-\-3DWork-\sheva\kuznja_1_x.max
{Skeleton
	{animation
		{sequence "crush" {speed 0.8}}
	}
	{bone "kuznja_coner4_x"
		{parameters "CommonMesh;"}
		{Orientation
			1.0000	0.0000	0.0000
			0.0000	-1.0000	0.0000
			0.0000	0.0000	1.0000
		}
		{VolumeView "kuznja_coner4_x.ply"}
		{bone "piece0"
			{Matrix34
				-0.9955	-0.0000	-0.0944
				0.0944	0.0000	-0.9955
				0.0000	-1.0000	-0.0000
				23.9325	-77.1357	69.2736
			}
			{VolumeView "piece0.ply"}
		}
		{bone "piece1"
			{Matrix34
				-0.9955	-0.0000	-0.0944
				0.0944	0.0000	-0.9955
				0.0000	-1.0000	-0.0000
				-61.0846	-23.9764	41.1390
			}
			{VolumeView "piece1.ply"}
		}
		{bone "piece10"
			{Matrix34
				0.9955	0.0000	-0.0944
				-0.0944	-0.0000	-0.9955
				-0.0000	1.0000	-0.0000
				-7.2176	-14.1126	70.0525
			}
			{VolumeView "piece10.ply"}
		}
		{bone "piece11"
			{Matrix34
				0.9955	0.0000	-0.0944
				-0.0944	-0.0000	-0.9955
				-0.0000	1.0000	-0.0000
				5.6134	-14.0861	101.9376
			}
			{VolumeView "piece11.ply"}
		}
		{bone "piece12"
			{Matrix34
				0.9955	0.0000	-0.0944
				-0.0944	-0.0000	-0.9955
				-0.0000	1.0000	-0.0000
				43.6700	-14.0861	69.5835
			}
			{VolumeView "piece12.ply"}
		}
		{bone "piece14"
			{Matrix34
				0.9955	0.0000	-0.0944
				-0.0944	-0.0000	-0.9955
				-0.0000	1.0000	-0.0000
				44.3729	-14.1028	106.7474
			}
			{VolumeView "piece14.ply"}
		}
		{bone "piece15"
			{Matrix34
				0.9955	0.0000	-0.0944
				-0.0944	-0.0000	-0.9955
				-0.0000	1.0000	-0.0000
				-27.2100	-14.0861	36.3229
			}
			{VolumeView "piece15.ply"}
			{bone "sub_piece15"
				{Position -13.3144	-9.4772	-0.0000}
				{VolumeView "sub_piece15.ply"}
			}
		}
		{bone "piece2"
			{Matrix34
				-0.9955	-0.0000	-0.0944
				0.0944	0.0000	-0.9955
				0.0000	-1.0000	0.0000
				-61.0846	-3.3071	83.6614
			}
			{VolumeView "piece2.ply"}
		}
		{bone "piece3"
			{Matrix34
				0.9955	0.0000	-0.0944
				-0.0944	-0.0000	-0.9955
				-0.0000	1.0000	-0.0000
				-61.0192	-32.8166	78.2142
			}
			{VolumeView "piece3.ply"}
		}
		{bone "piece4"
			{Matrix34
				-0.9955	-0.0000	-0.0944
				0.0944	0.0000	-0.9955
				0.0000	-1.0000	-0.0000
				-61.0367	-63.0589	77.5101
			}
			{VolumeView "piece4.ply"}
		}
		{bone "piece5"
			{Matrix34
				-0.9955	-0.0000	-0.0944
				0.0944	0.0000	-0.9955
				0.0000	-1.0000	-0.0000
				-61.0846	-65.3149	33.4646
			}
			{VolumeView "piece5.ply"}
		}
		{bone "piece6"
			{Matrix34
				-0.9955	-0.0000	-0.0944
				0.0944	0.0000	-0.9955
				0.0000	-1.0000	-0.0000
				-39.3582	-77.1357	41.0582
			}
			{VolumeView "piece6.ply"}
		}
		{bone "piece7"
			{Matrix34
				0.9955	0.0000	-0.0944
				-0.0944	-0.0000	-0.9955
				-0.0000	1.0000	-0.0000
				-39.5361	-77.1357	83.0035
			}
			{VolumeView "piece7.ply"}
		}
		{bone "piece8"
			{Matrix34
				0.9955	0.0000	-0.0944
				-0.0944	-0.0000	-0.9955
				-0.0000	1.0000	-0.0000
				-7.2176	-77.1357	70.0525
			}
			{VolumeView "piece8.ply"}
		}
		{bone "piece9"
			{Matrix34
				0.9955	0.0000	-0.0944
				-0.0944	-0.0000	-0.9955
				-0.0000	1.0000	-0.0000
				1.4731	-77.1357	100.8015
			}
			{VolumeView "piece9.ply"}
		}
	}
}
{Volume "piece9"
	{Box 5.90551 14.1708 28.5168}
	{Bone "piece9"}
	{Matrix34
		-0.0000	-0.0000	1.0000
		0.7981	0.6025	0.0000
		-0.6025	0.7981	0.0000
		0.3828	0.4671	0.0352
	}
}
{Volume "piece8"
	{Box 5.90551 11.0521 11.6919}
	{Bone "piece8"}
	{Matrix34
		-0.0000	-0.0000	1.0000
		0.9955	-0.0944	-0.0000
		0.0944	0.9955	0.0000
		0.2032	0.5632	0.0352
	}
}
{Volume "piece7"
	{Box 5.90551 13.2438 17.053}
	{Bone "piece7"}
	{Matrix34
		-0.0000	-0.0000	1.0000
		0.8144	-0.5803	-0.0000
		0.5803	0.8144	0.0000
		0.2563	1.0184	0.0352
	}
}
{Volume "piece6"
	{Box 5.90551 23.5792 47.0527}
	{Bone "piece6"}
	{Matrix34
		0.0000	-0.0000	1.0000
		0.9862	0.1655	0.0000
		-0.1655	0.9862	0.0000
		-0.3292	-1.0885	0.0352
	}
}
{Volume "piece5"
	{Box 5.90551 10.4547 26.2955}
	{Bone "piece5"}
	{Matrix34
		0.9955	-0.0944	-0.0000
		-0.0073	-0.0775	-0.9970
		0.0941	0.9925	-0.0778
		0.0069	0.5456	-0.6141
	}
}
{Volume "piece4"
	{Box 5.90551 13.3749 28.5168}
	{Bone "piece4"}
	{Matrix34
		0.9955	-0.0944	-0.0000
		0.0056	0.0588	-0.9983
		0.0942	0.9938	0.0591
		0.0429	-0.0799	-1.0682
	}
}
{Volume "piece3"
	{Box 5.90551 9.71647 10.5512}
	{Bone "piece3"}
	{Matrix34
		0.9955	-0.0944	-0.0000
		-0.0218	-0.2297	-0.9730
		0.0919	0.9687	-0.2308
		0.0092	-0.6197	-0.1190
	}
}
{Volume "piece2"
	{Box 5.90551 10.8333 24.8096}
	{Bone "piece2"}
	{Matrix34
		0.9955	-0.0944	0.0000
		-0.0388	-0.4092	-0.9116
		0.0861	0.9075	-0.4110
		-0.0933	-1.0079	-0.2910
	}
}
{Volume "sub_piece15"
	{Box 5.90551 13.4974 25.1829}
	{Bone "sub_piece15"}
	{Matrix34
		0.0000	-0.0000	-1.0000
		0.6702	0.7421	0.0000
		0.7421	-0.6702	0.0000
		-0.3769	-0.5982	0.0038
	}
}
{Volume "piece15"
	{Box 5.90551 20.6511 34.2487}
	{Bone "piece15"}
	{Matrix34
		0.0000	-0.0000	1.0000
		-0.6296	-0.7769	0.0000
		0.7769	-0.6296	-0.0000
		0.2671	1.5623	0.0038
	}
}
{Volume "piece14"
	{Box 5.90551 16.0079 26.3495}
	{Bone "piece14"}
	{Matrix34
		-0.0000	-0.0000	1.0000
		0.5901	0.8073	0.0000
		-0.8073	0.5901	0.0000
		-0.4865	0.7937	0.0352
	}
}
{Volume "piece12"
	{Box 5.90551 20.6511 34.2487}
	{Bone "piece12"}
	{Matrix34
		-0.0000	-0.0000	-1.0000
		0.4724	-0.8814	0.0000
		-0.8814	-0.4724	0.0000
		0.2355	-0.7336	0.0039
	}
}
{Volume "piece11"
	{Box 5.90551 13.4974 25.1829}
	{Bone "piece11"}
	{Matrix34
		0.0000	-0.0000	-1.0000
		-0.9725	0.2330	-0.0000
		0.2330	0.9725	0.0000
		-0.5084	0.1608	0.0038
	}
}
{Volume "piece10"
	{Box 5.90551 11.0521 11.6919}
	{Bone "piece10"}
	{Matrix34
		-0.0000	-0.0000	1.0000
		0.9955	-0.0944	-0.0000
		0.0944	0.9955	0.0000
		0.2032	0.5632	0.0352
	}
}
{Volume "piece1"
	{Box 5.90551 18.076 37.5146}
	{Bone "piece1"}
	{Matrix34
		0.9955	-0.0944	-0.0000
		0.0142	0.1495	-0.9887
		0.0933	0.9842	0.1502
		-0.0893	-0.9659	-0.7298
	}
}
{Volume "piece0"
	{Box 5.90551 13.2438 26.2355}
	{Bone "piece0"}
	{Matrix34
		0.0000	0.0000	1.0000
		-0.9954	0.0960	0.0000
		-0.0960	-0.9954	0.0000
		-1.1811	0.2155	0.0352
	}
}
