;Exported by: sk
;Date:        Fri Dec 19 14:00:14 2003
;File:        D:\-Projects-\-3DWork-\Constructions\CitY\mill_water_x.max
{Skeleton
	{animation
		{sequence "crush" {speed 0.4}}
	}
	{bone "mill_water1_x"
		{parameters "CommonMesh;"}
		{Orientation
			1.0000	0.0000	0.0000
			0.0000	-1.0000	0.0000
			0.0000	0.0000	1.0000
		}
		{VolumeView "mill_water1_x.ply"}
		{bone "Piece1"
			{Matrix34
				-0.0000	-1.0000	0.0000
				-0.0000	0.0000	1.0000
				-1.0000	0.0000	-0.0000
				17.4274	-33.2787	24.7355
			}
			{VolumeView "Piece1.ply"}
		}
		{bone "Piece2"
			{Matrix34
				-0.0000	-1.0000	0.0000
				-0.0000	0.0000	1.0000
				-1.0000	0.0000	-0.0000
				25.2857	-33.2787	35.9228
			}
			{VolumeView "Piece2.ply"}
		}
		{bone "Piece3"
			{Matrix34
				-0.0000	-1.0000	0.0000
				-0.0000	0.0000	1.0000
				-1.0000	0.0000	-0.0000
				19.5028	-33.2787	67.9464
			}
			{VolumeView "Piece3.ply"}
		}
		{bone "Piece4"
			{Matrix34
				-0.0000	-1.0000	0.0000
				-0.0000	0.0000	1.0000
				-1.0000	0.0000	-0.0000
				-32.9787	-33.2787	47.5507
			}
			{VolumeView "Piece4.ply"}
		}
		{bone "Piece5"
			{Matrix34
				-0.0000	-1.0000	0.0000
				-0.0000	0.0000	1.0000
				-1.0000	0.0000	-0.0000
				-32.6055	-33.2787	67.2624
			}
			{VolumeView "Piece5.ply"}
		}
		{bone "Piece6"
			{Matrix34
				-0.0000	-1.0000	0.0000
				-0.0000	0.0000	1.0000
				-1.0000	0.0000	-0.0000
				-41.7552	-27.0865	28.1728
			}
			{VolumeView "Piece6.ply"}
		}
		{bone "Piece7"
			{Matrix34
				-0.0000	-1.0000	0.0000
				-0.0000	0.0000	1.0000
				-1.0000	0.0000	-0.0000
				-41.7552	-8.7246	41.0557
			}
			{VolumeView "Piece7.ply"}
		}
		{bone "Piece8"
			{Matrix34
				-0.0000	-1.0000	0.0000
				-0.0000	0.0000	1.0000
				-1.0000	0.0000	-0.0000
				-41.7552	-25.1143	54.3850
			}
			{VolumeView "Piece8.ply"}
		}
		{bone "Piece9"
			{Matrix34
				-0.0000	-1.0000	0.0000
				-0.0000	0.0000	1.0000
				-1.0000	0.0000	-0.0000
				-41.7552	11.4054	42.1438
			}
			{VolumeView "Piece9.ply"}
		}
		{bone "Piece10"
			{Matrix34
				-0.0000	-1.0000	0.0000
				-0.0000	0.0000	1.0000
				-1.0000	0.0000	-0.0000
				-41.7552	11.4054	68.7345
			}
			{VolumeView "Piece10.ply"}
		}
		{bone "Piece0"
			{Matrix34
				-0.0000	-1.0000	0.0000
				-0.0000	0.0000	1.0000
				-1.0000	0.0000	-0.0000
				-41.7552	-15.7973	73.0869
			}
			{VolumeView "Piece0.ply"}
		}
	}
}
{Volume "Piece0"
	{Box 17.4719 7.87402 6.87506}
	{Bone "Piece0"}
	{Matrix34
		0.9397	0.3420	-0.0000
		0.0000	-0.0000	-1.0000
		-0.3420	0.9397	-0.0000
		-0.3545	1.1487	-0.0018
	}
}
{Volume "Piece10"
	{Box 11.967 7.87402 19.0974}
	{Bone "Piece10"}
	{Matrix34
		1.0000	0.0000	-0.0000
		-0.0000	-0.0000	-1.0000
		-0.0000	1.0000	-0.0000
		0.8086	-0.0096	-0.0018
	}
}
{Volume "Piece9"
	{Box 9.79998 7.87402 20.6284}
	{Bone "Piece9"}
	{Matrix34
		0.9063	-0.4226	-0.0000
		-0.0000	-0.0000	-1.0000
		0.4226	0.9063	-0.0000
		-0.4342	0.0833	-0.0018
	}
}
{Volume "Piece8"
	{Box 17.4719 7.87402 12.8564}
	{Bone "Piece8"}
	{Matrix34
		0.9848	-0.1736	-0.0000
		-0.0000	-0.0000	-1.0000
		0.1736	0.9848	-0.0000
		2.3261	-1.6797	-0.0018
	}
}
{Volume "Piece7"
	{Box 13.8028 7.87402 13.6612}
	{Bone "Piece7"}
	{Matrix34
		0.9063	-0.4226	-0.0000
		-0.0000	-0.0000	-1.0000
		0.4226	0.9063	-0.0000
		1.3284	0.3087	-0.0018
	}
}
{Volume "Piece6"
	{Box 13.8028 7.87402 20.6987}
	{Bone "Piece6"}
	{Matrix34
		1.0000	0.0000	-0.0000
		-0.0000	-0.0000	-1.0000
		-0.0000	1.0000	-0.0000
		2.1113	-1.5533	-0.0018
	}
}
{Volume "Piece5"
	{Box 19.6181 7.87402 16.5355}
	{Bone "Piece5"}
	{Matrix34
		0.0000	0.0000	-1.0000
		-1.0000	-0.0000	-0.0000
		-0.0000	1.0000	0.0000
		-0.0775	1.3001	2.7766
	}
}
{Volume "Piece4"
	{Box 19.6181 7.87402 11.6447}
	{Bone "Piece4"}
	{Matrix34
		0.0000	0.0000	-1.0000
		-1.0000	-0.0000	-0.0000
		-0.0000	1.0000	0.0000
		-0.0775	0.1465	0.8847
	}
}
{Volume "Piece3"
	{Box 19.6181 7.87402 18.0237}
	{Bone "Piece3"}
	{Matrix34
		0.0000	0.0000	-1.0000
		-1.0000	-0.0000	-0.0000
		-0.0000	1.0000	0.0000
		-0.0775	0.1833	2.1731
	}
}
{Volume "Piece2"
	{Box 16.7852 7.87402 12.4364}
	{Bone "Piece2"}
	{Matrix34
		-0.0000	-0.4226	-0.9063
		-1.0000	-0.0000	0.0000
		-0.0000	0.9063	-0.4226
		-0.0775	0.3327	-1.3296
	}
}
{Volume "Piece1"
	{Box 12.1632 7.87402 12.4364}
	{Bone "Piece1"}
	{Matrix34
		0.0000	0.0000	-1.0000
		-1.0000	-0.0000	-0.0000
		-0.0000	1.0000	0.0000
		-0.0775	-0.8394	0.6495
	}
}
