;Modified by: Albus
;Date:        Thu Ago 26 13:29:33 2008
{Skeleton
	{bone "Basis"
		{Orientation
			1.0000	0.0000	0.0000
			0.0000	-1.0000	0.0000
			0.0000	0.0000	1.0000
		}
		{bone "body"
			{parameters "CommonMesh;ID=body;"}
			{Matrix34
				1.0000	0.0000	-0.0024
				-0.0000	1.0000	0.0000
				0.0024	-0.0000	1.0000
				5.8607	-2.0641	32.7917
			}
			{VolumeView "body.ply"}
			{bone "ammo1"
				{parameters "ID=body;"}
				{Matrix34
					-0.9997	-0.0262	-0.0024
					0.0262	-0.9997	0.0001
					-0.0024	0.0000	1.0000
					-53.0853	-4.8586	-7.8145
				}
				{VolumeView "ammo1.ply"}
			}
			{bone "ammo2"
				{parameters "ID=body;"}
				{Matrix34
					1.0000	0.0000	0.0024
					0.0000	1.0000	0.0000
					-0.0024	0.0000	1.0000
					57.3318	-0.6779	-7.2495
				}
				{VolumeView "ammo1.ply"}
			}
			{bone "ammo3"
				{parameters "ID=body;"}
				{Matrix34
					1.0000	0.0000	0.0024
					0.0000	1.0000	0.0000
					-0.0024	0.0000	1.0000
					-0.1682	-2.6779	-7.3875
				}
				{VolumeView "ammo2.ply"}
			}
			{bone "link1"
				{Position 100.9475	0.4191	-6.9609}
			}
			{bone "link2"
				{Position -99.9772	0.4191	-7.4391}
			}
		}
		{bone revolute "pivot_back"
			{parameters "ID=body;"}
			{Matrix34
				0.9998	0.0175	0.0000
				-0.0175	0.9998	0.0000
				0.0000	0.0000	1.0000
				-47.5525	-1.6388	9.5585
			}
			{VolumeView "pivot_back.ply"}
			{bone revolute "wheel_L2"
				{parameters "ID=wheelleft2;"}
				{Matrix34
					-0.9997	0.0175	0.0175
					0.0175	-0.0003	0.9998
					0.0175	0.9998	0.0000
					-0.1940	14.7845	-0.1610
				}
				{VolumeView "wheel_L2.ply"}
			}
			{bone revolute "wheel_R2"
				{parameters "ID=wheelright2;"}
				{Matrix34
					-0.9997	0.0175	0.0175
					0.0175	-0.0003	0.9998
					0.0175	0.9998	0.0000
					-0.7355	-16.1214	-0.1610
				}
				{VolumeView "wheel_R2.ply"}
			}
		}
		{bone revolute "pivot_front"
			{parameters "ID=body;"}
			{Matrix34
				0.9998	0.0175	0.0000
				-0.0175	0.9998	0.0000
				0.0000	0.0000	1.0000
				46.3939	-1.6450	9.5585
			}
			{VolumeView "pivot_front.ply"}
			{bone revolute "wheel_L1"
				{parameters "ID=wheelleft1;"}
				{Matrix34
					-0.9997	0.0175	0.0175
					0.0175	-0.0003	0.9998
					0.0175	0.9998	0.0000
					-0.0220	14.7815	-0.1610
				}
				{VolumeView "wheel_L1.ply"}
			}
			{bone revolute "wheel_R1"
				{parameters "ID=wheelright1;"}
				{Matrix34
					-0.9997	0.0175	0.0175
					0.0175	-0.0003	0.9998
					0.0175	0.9998	0.0000
					-0.5634	-16.1244	-0.1610
				}
				{VolumeView "wheel_R1.ply"}
			}
		}
	}
}
{Volume "wheelright1"
	{Cylinder 9.5318 3.87454}
	{Bone "wheel_R1"}
	{Matrix34
		-0.9998	0.0175	0.0000
		0.0175	0.9998	-0.0000
		-0.0000	-0.0000	-1.0000
		-0.0631	-0.0716	0.7562
	}
}
{Volume "wheelleft1"
	{Cylinder 9.5318 3.87454}
	{Bone "wheel_L1"}
	{Matrix34
		-0.9998	0.0175	0.0000
		0.0175	0.9998	-0.0000
		-0.0000	-0.0000	-1.0000
		-0.0945	0.0534	1.6640
	}
}
{Volume "wheelright2"
	{Cylinder 9.5318 3.84358}
	{Bone "wheel_R2"}
	{Matrix34
		-0.9998	0.0175	0.0000
		0.0175	0.9998	-0.0000
		-0.0000	-0.0000	-1.0000
		-0.2087	0.0554	0.7427
	}
}
{Volume "wheelleft2"
	{Cylinder 9.5318 3.6991}
	{Bone "wheel_L2"}
	{Matrix34
		-0.9998	0.0175	0.0000
		0.0175	0.9998	-0.0000
		-0.0000	-0.0000	-1.0000
		-0.3620	0.0192	1.7193
	}
}
{Volume "body1"
	{Box 174.111 66.2057 40.7743}
	{Bone "body"}
	{Matrix34
		1.0000	0.0000	0.0024
		0.0000	1.0000	-0.0000
		-0.0024	-0.0000	1.0000
		1.2494	-1.6308	4.7827
	}
}
