;Exported by: ubrashaev
;Date:        Mon Apr 19 11:53:31 2004
;File:        \\Sk\Constructions\CitY\Вокзал\rw_station2_a_x.max
{Skeleton
	{animation
		{sequence "crush" {speed 0.4}}
	}
	{bone "rw_station2_c3_a_x"
		{parameters "CommonMesh;"}
		{Orientation
			1.0000	0.0000	0.0000
			0.0000	-1.0000	0.0000
			0.0000	0.0000	1.0000
		}
		{VolumeView "rw_station2_c3_a_x.ply"}
		{bone "Sub_piece4"
			{Matrix34
				1.0000	-0.0000	0.0000
				0.0000	0.0000	-1.0000
				0.0000	1.0000	0.0000
				-44.6921	31.6620	123.4984
			}
			{VolumeView "Sub_piece4.ply"}
		}
		{bone "Sub_piece3"
			{Matrix34
				1.0000	-0.0000	0.0000
				0.0000	0.0000	-1.0000
				0.0000	1.0000	0.0000
				-23.5366	31.6620	81.6375
			}
			{VolumeView "Sub_piece3.ply"}
		}
		{bone "Sub_piece5"
			{Matrix34
				1.0000	-0.0000	0.0000
				0.0000	0.0000	-1.0000
				0.0000	1.0000	0.0000
				-49.1774	31.6620	88.7252
			}
			{VolumeView "Sub_piece5.ply"}
		}
		{bone "Sub_piece0"
			{Matrix34
				-1.0000	0.0000	0.0000
				0.0000	0.0000	1.0000
				0.0000	1.0000	-0.0000
				-46.5782	25.8391	54.1032
			}
			{VolumeView "Sub_piece0.ply"}
		}
		{bone "Piece6"
			{Matrix34
				1.0000	-0.0000	0.0000
				-0.0000	-1.0000	0.0000
				-0.0000	-0.0000	-1.0000
				-52.6146	-17.1763	169.4574
			}
			{VolumeView "Piece6.ply"}
		}
		{bone "Piece2"
			{Matrix34
				1.0000	-0.0000	0.0000
				-0.0000	-1.0000	0.0000
				-0.0000	-0.0000	-1.0000
				-52.6146	1.9793	152.6886
			}
			{VolumeView "Piece2.ply"}
		}
		{bone "Piece9"
			{Matrix34
				1.0000	-0.0000	0.0000
				-0.0000	-1.0000	0.0000
				-0.0000	-0.0000	-1.0000
				-52.6146	22.8545	138.0925
			}
			{VolumeView "Piece9.ply"}
		}
		{bone "Piece3"
			{Matrix34
				1.0000	-0.0000	0.0000
				-0.0000	-1.0000	0.0000
				-0.0000	-0.0000	-1.0000
				-52.6146	-15.7604	135.2664
			}
			{VolumeView "Piece3.ply"}
		}
		{bone "Piece0"
			{Matrix34
				1.0000	-0.0000	0.0000
				-0.0000	-1.0000	0.0000
				-0.0000	-0.0000	-1.0000
				-52.6146	-3.0135	88.8645
			}
			{VolumeView "Piece0.ply"}
		}
		{bone "Piece7"
			{Matrix34
				1.0000	-0.0000	0.0000
				-0.0000	-1.0000	0.0000
				-0.0000	-0.0000	-1.0000
				-52.6146	26.7599	82.3029
			}
			{VolumeView "Piece7.ply"}
		}
		{bone "Piece1"
			{Matrix34
				-1.0000	0.0000	0.0000
				0.0000	1.0000	0.0000
				0.0000	0.0000	-1.0000
				-30.0390	-29.6887	68.7948
			}
			{VolumeView "Piece1.ply"}
		}
		{bone "Piece10"
			{Matrix34
				-1.0000	0.0000	0.0000
				0.0000	1.0000	0.0000
				0.0000	0.0000	-1.0000
				53.6867	3.5139	70.7850
			}
			{VolumeView "Piece10.ply"}
		}
		{bone "Piece4"
			{Matrix34
				-1.0000	0.0000	0.0000
				0.0000	0.0000	1.0000
				0.0000	1.0000	-0.0000
				17.3810	31.8372	86.0176
			}
			{VolumeView "Piece4.ply"}
		}
		{bone "Sub_piece1"
			{Matrix34
				-0.9397	0.0000	-0.3420
				-0.3420	0.0000	0.9397
				0.0000	1.0000	-0.0000
				58.2425	32.7812	117.7365
			}
			{VolumeView "Sub_piece1.ply"}
		}
		{bone "Piece8"
			{Matrix34
				-1.0000	0.0000	0.0000
				0.0000	0.0000	1.0000
				0.0000	1.0000	-0.0000
				10.5329	31.8373	126.8482
			}
			{VolumeView "Piece8.ply"}
		}
		{bone "Sub_piece2"
			{Matrix34
				-1.0000	0.0000	0.0000
				0.0000	0.0000	1.0000
				0.0000	1.0000	-0.0000
				46.2977	31.8372	128.0109
			}
			{VolumeView "Sub_piece2.ply"}
		}
		{bone "Piece11"
			{Matrix34
				-1.0000	0.0000	0.0000
				0.0000	0.0000	1.0000
				0.0000	1.0000	-0.0000
				44.3217	31.8372	81.2367
			}
			{VolumeView "Piece11.ply"}
		}
		{bone "Piece5"
			{Matrix34
				1.0000	-0.0000	0.0000
				0.0000	0.0000	-1.0000
				0.0000	1.0000	0.0000
				22.2137	25.8161	29.9866
			}
			{VolumeView "Piece5.ply"}
		}
	}
}
{Volume "Piece5"
	{Box 15.1239 17.9934 7.87402}
	{Bone "Piece5"}
	{Matrix34
		0.9397	0.3420	-0.0000
		-0.3420	0.9397	-0.0000
		-0.0000	-0.0000	1.0000
		-1.2187	-1.1846	0.0000
	}
}
{Volume "Piece11"
	{Box 18.3737 14.9238 7.87402}
	{Bone "Piece11"}
	{Position 0.0000	0.0000	-0.0000}
}
{Volume "Sub_piece2"
	{Box 17.8724 13.394 7.87402}
	{Bone "Sub_piece2"}
	{Position 0.5429	2.9012	0.0000}
}
{Volume "Piece8"
	{Box 24.0228 15.8464 7.87402}
	{Bone "Piece8"}
	{Position 0.6839	2.5552	-0.0000}
}
{Volume "Sub_piece1"
	{Box 12.6575 17.9086 5.90551}
	{Bone "Sub_piece1"}
	{Matrix34
		0.9848	-0.1736	-0.0000
		0.1736	0.9848	-0.0000
		-0.0000	-0.0000	1.0000
		0.6078	1.4739	0.0000
	}
}
{Volume "Piece4"
	{Box 18.0171 20.9321 7.87402}
	{Bone "Piece4"}
	{Position 0.8640	-3.4724	-0.0000}
}
{Volume "Piece10"
	{Box 15.792 33.5141 3.89059}
	{Bone "Piece10"}
	{Position -5.9280	-7.6496	-0.0000}
}
{Volume "Piece1"
	{Box 36.8377 13.4759 3.91454}
	{Bone "Piece1"}
	{Position 0.1596	-2.3561	1.9797}
}
{Volume "Piece7"
	{Box 7.87402 17.9967 26.5214}
	{Bone "Piece7"}
	{Position 0.0000	0.0000	-0.0000}
}
{Volume "Piece0"
	{Box 7.87402 18.9767 27.0943}
	{Bone "Piece0"}
	{Matrix34
		1.0000	-0.0000	0.0000
		-0.0000	0.9063	-0.4226
		0.0000	0.4226	0.9063
		-0.0000	-2.8653	-5.4977
	}
}
{Volume "Piece3"
	{Box 7.87402 14.0595 26.9808}
	{Bone "Piece3"}
	{Matrix34
		1.0000	0.0000	-0.0000
		0.0000	0.8660	-0.5000
		-0.0000	0.5000	0.8660
		0.0000	1.7292	-2.0425
	}
}
{Volume "Piece9"
	{Box 7.87402 20.1912 25.3172}
	{Bone "Piece9"}
	{Position -0.0000	-2.0391	-7.0231}
}
{Volume "Piece2"
	{Box 7.87402 16.7509 23.5758}
	{Bone "Piece2"}
	{Matrix34
		1.0000	0.0000	0.0000
		-0.0000	0.6428	-0.7660
		0.0000	0.7660	0.6428
		0.0000	-5.1750	-1.7525
	}
}
{Volume "Piece6"
	{Box 7.87402 17.3905 22.5432}
	{Bone "Piece6"}
	{Matrix34
		1.0000	0.0000	0.0000
		-0.0000	0.6428	-0.7660
		0.0000	0.7660	0.6428
		-0.0000	-1.6447	-1.3801
	}
}
{Volume "Sub_piece0"
	{Box 18.8596 18.2109 7.87402}
	{Bone "Sub_piece0"}
	{Position 0.8158	1.2331	0.0000}
}
{Volume "Sub_piece5"
	{Box 11.7863 17.0306 7.87402}
	{Bone "Sub_piece5"}
	{Position -1.3245	0.1737	-0.0000}
}
{Volume "Sub_piece3"
	{Box 18.4931 13.1704 7.87402}
	{Bone "Sub_piece3"}
	{Position -0.3051	-1.9023	-0.0000}
}
{Volume "Sub_piece4"
	{Box 17.7301 22.6859 7.87402}
	{Bone "Sub_piece4"}
	{Position -2.5452	2.7335	-0.0000}
}
