{mission
	{Camera
		{Position -3045.25 3213.53}
		{Distance 1151}
		{ViewAngle 0.407247}
		{YawAngle 11.9849}
	}
	{Environment "day6"}
	{User 2}
	{GameProgress 0 0}
	{Entity "ba-64m" 0x8000
		{Position -3199.81 3260.61 17}
		{Turn -55.0132}
		{TexMod "ambush"}
		{Player 2}
		{MID 1}
		{Chassis
			{FuelBag
				{Remain 103.8}
			}
		}
	}
	{Entity "sdkfz-222" 0x8001
		{Position -3302.95 -3011.48 17}
		{Turn 40.1001}
		{Player 1}
		{MID 2}
		{Chassis
			{FuelBag
				{Remain 23}
			}
		}
	}
	{Human "rus.sailor1" 0x8002
		{Position -3191.84 3425.02 27.0468}
		{Turn -54.8553}
		{Extender "inventory"
			{box
				{clear}
				{item "ammo pistol" 71 {cell 4 0}}
				{item "grenade rpg43" {cell 6 0}}
				{item "grenade f1" {cell 7 1}}
				{item "ammo pistol" 71 {cell 4 1}}
				{item "grenade f1" {cell 6 1}}
				{item "bandage" 3 {cell 6 2}}
				{item "ppsh" filling "ammo pistol" 71 {cell 0 0}}
			}
		}
		{DisableObstacles}
		{Player 2}
		{MID 3}
		{NameId 38 61}
		{LastItem "ppsh"}
		{FsmState "board"}
	}
	{Human "rus.sailor5" 0x8003
		{Position -3211.02 3281.68 33.4883}
		{Orientation
			  0.573388  -0.819285   0.000005
			 -0.818354  -0.574689   0.008700
			  0.003033   0.002120   1.000015
		}
		{Extender "inventory"
			{box
				{clear}
				{item "ammo pistol" 70 {cell 6 0}}
				{item "ammo pistol" 70 {cell 4 0}}
				{item "grenade rgd33" {cell 6 1}}
				{item "grenade rgd33" {cell 6 2}}
				{item "grenade rpg40" {cell 6 3}}
				{item "matchbox" 2 {cell 5 1}}
				{item "grenade smoke" {cell 4 1}}
				{item "bandage" 2 {cell 4 2}}
				{item "pps" filling "ammo pistol" 35 {cell 0 0}}
			}
			{armor "body"
				{Item "shoulder_equip2"}
			}
		}
		{DisableObstacles}
		{Player 2}
		{MID 4}
		{NameId 32 12}
		{LastItem "pps"}
		{FsmState "board"}
	}
	{Human "rus.sailor4" 0x8004
		{Position -3204.31 3472.71 48.0377}
		{Orientation
			  0.574598  -0.818436   0.000000
			  0.818354   0.574541   0.015700
			 -0.012849  -0.009021   0.999900
		}
		{Extender "inventory"
			{box
				{clear}
				{item "grenade rpg43" {cell 6 0}}
				{item "grenade molotov_coctail" {cell 6 1}}
				{item "ammo pistol" 70 {cell 4 0}}
				{item "grenade f1" {cell 3 1}}
				{item "ammo pistol" 70 {cell 4 1}}
				{item "grenade f1" {cell 2 1}}
				{item "bandage" 3 {cell 2 0}}
				{item "pps" filling "ammo pistol" 35 {cell 0 2}}
			}
		}
		{DisableObstacles}
		{Player 2}
		{MID 5}
		{NameId 40 99}
		{LastItem "pps"}
		{FsmState "board"}
	}
	{Human "rus.sailor3" 0x8005
		{Position -3217.83 3461.02 46.7584}
		{Orientation
			  0.574598  -0.818436   0.000000
			  0.818354   0.574541   0.015700
			 -0.012849  -0.009021   0.999900
		}
		{Extender "inventory"
			{box
				{clear}
				{item "grenade rpg40" {cell 6 0}}
				{item "ammo rifle" 40 {cell 5 0}}
				{item "grenade smoke" {cell 4 0}}
				{item "bandage" 2 {cell 2 0}}
				{item "grenade rgd33" {cell 2 1}}
				{item "knife" {cell 4 1}}
				{item "svtautomatic" filling "ammo rifle" 10 {cell 0 2}}
			}
		}
		{DisableObstacles}
		{Player 2}
		{MID 6}
		{NameId 87 22}
		{LastItem "svtautomatic"}
		{FsmState "board"}
	}
	{Human "rus.sailor2" 0x8006
		{Position -3175.92 3436.19 27.0825}
		{Turn -54.9285}
		{Extender "inventory"
			{box
				{clear}
				{item "ammo mgun" 63 {cell 5 0}}
				{item "grenade f1" {cell 7 0}}
				{item "grenade smoke" {cell 7 1}}
				{item "grenade rgd33" {cell 5 1}}
				{item "bandage" 4 {cell 6 2}}
				{item "weapon dt" filling "ammo mgun" 63 {cell 0 0}}
			}
		}
		{DisableObstacles}
		{Player 2}
		{MID 7}
		{NameId 6 40}
		{LastItem "weapon dt"}
		{FsmState "board"}
	}
	{Human "rus.sailor1" 0x8007
		{Position -3197.99 3258.33 26.0616}
		{Orientation
			  0.521783  -0.745549   0.414600
			  0.819284   0.573388  -0.000000
			 -0.237726   0.339675   0.910000
		}
		{Extender "inventory"
			{box
				{clear}
				{item "ammo pistol" 70 {cell 6 0}}
				{item "grenade f1" {cell 7 1}}
				{item "grenade f1" {cell 6 1}}
				{item "ammo pistol" 70 {cell 4 0}}
				{item "bandage" 3 {cell 6 2}}
				{item "knife" {cell 6 3}}
				{item "grenade molotov_coctail" {cell 4 1}}
				{item "pps" filling "ammo pistol" 35 {cell 0 0}}
			}
		}
		{DisableObstacles}
		{Player 2}
		{MID 8}
		{NameId 43 27}
		{LastItem "pps"}
		{FsmState "board"}
	}
	{Entity "zis-30" 0x8008
		{Position -3190.48 3438.19 17}
		{Turn -54.9285}
		{Player 2}
		{MID 9}
	}
	{Entity "sdkfz-222" 0x8009
		{Position -3317.62 -3025.1 17}
		{Turn 41.1364}
		{Player 1}
		{MID 10}
		
		{Chassis
			{FuelBag
				{Remain 82}
			}
		}
	}
	{Entity "pz-4g" 0x800a
		{Position -3351.05 -3053.74 17}
		{Turn 41.8881}
		{TexMod "ambush"}
		{Player 1}
		{MID 11}
		
		{Chassis
			{FuelBag
				{Remain 108}
			}
		}
	}
	{Entity "pz-4g" 0x800b
		{Position -3337.25 -3041.38 17}
		{Turn 44.4927}
		{TexMod "ambush"}
		{Player 1}
		{MID 12}
		
		{Chassis
			{FuelBag
				{Remain 79}
			}
		}
	}
	{Human "x.g.tankman" 0x800c
		{Position -3337.25 -3041.38 17}
		{Orientation
			  0.713340   0.700818   0.000000
			  0.700818  -0.713340  -0.000000
			  0.000000  -0.000000   1.000000
		}
		{TexMod "2"}
		{Extender "inventory"
			{box
				{clear}
				{item "ammo pistol" 24 {cell 2 0}}
				{item "valter" filling "ammo pistol" 8 {cell 0 0}}
			}
		}
		{Player 1}
		{MID 13}
		{NameId 100 50}
		{LastItem "valter"}
		{FsmState "board"}
	}
	{Human "x.g.tankman" 0x800d
		{Position -3337.25 -3041.38 17}
		{Orientation
			  0.713340   0.700818   0.000000
			  0.700818  -0.713340  -0.000000
			  0.000000  -0.000000   1.000000
		}
		{TexMod "2"}
		{Extender "inventory"
			{box
				{clear}
				{item "ammo pistol" 24 {cell 2 0}}
				{item "valter" filling "ammo pistol" 8 {cell 0 0}}
			}
		}
		{Player 1}
		{MID 14}
		{NameId 132 114}
		{LastItem "valter"}
		{FsmState "board"}
	}
	{Human "x.g.tankman" 0x800e
		{Position -3337.25 -3041.38 17}
		{Orientation
			  0.713340   0.700818   0.000000
			  0.700818  -0.713340  -0.000000
			  0.000000  -0.000000   1.000000
		}
		{Extender "inventory"
			{box
				{clear}
				{item "ammo pistol" 64 {cell 6 0}}
				{item "mp38" filling "ammo pistol" 32 {cell 0 0}}
			}
		}
		{Player 1}
		{MID 15}
		{NameId 123 101}
		{LastItem "mp38"}
		{FsmState "board"}
	}
	{Human "x.g.tankman" 0x800f
		{Position -3337.25 -3041.38 17}
		{Orientation
			  0.713340   0.700818   0.000000
			  0.700818  -0.713340  -0.000000
			  0.000000  -0.000000   1.000000
		}
		{Extender "inventory"
			{box
				{clear}
				{item "ammo pistol" 24 {cell 2 0}}
				{item "valter" filling "ammo pistol" 8 {cell 0 0}}
			}
			{armor "head"
				{Item "fieldcap_ger"}
			}
			{armor "body"
				{Item "ger_pistol_holder"}
			}
		}
		{Player 1}
		{MID 16}
		{NameId 9 53}
		{LastItem "valter"}
		{FsmState "board"}
	}
	{Human "x.g.tankman" 0x8010
		{Position -3351.05 -3053.74 17}
		{Orientation
			  0.744450   0.667678   0.000000
			  0.667678  -0.744450  -0.000000
			  0.000000  -0.000000   1.000000
		}
		{Extender "inventory"
			{box
				{clear}
				{item "ammo pistol" 24 {cell 2 0}}
				{item "valter" filling "ammo pistol" 8 {cell 0 0}}
			}
			{armor "head"
				{Item "fieldcap_ger"}
			}
			{armor "body"
				{Item "ger_pistol_holder"}
			}
		}
		{Player 1}
		{MID 17}
		{NameId 126 137}
		{LastItem "valter"}
		{FsmState "board"}
	}
	{Human "x.g.tankman" 0x8011
		{Position -3351.05 -3053.74 17}
		{Orientation
			  0.744450   0.667678   0.000000
			  0.667678  -0.744450  -0.000000
			  0.000000  -0.000000   1.000000
		}
		{TexMod "2"}
		{Extender "inventory"
			{box
				{clear}
				{item "ammo pistol" 24 {cell 2 0}}
				{item "valter" filling "ammo pistol" 8 {cell 0 0}}
			}
		}
		{Player 1}
		{MID 18}
		{NameId 1 133}
		{LastItem "valter"}
		{FsmState "board"}
	}
	{Human "x.g.tankman" 0x8012
		{Position -3351.05 -3053.74 17}
		{Orientation
			  0.744450   0.667678   0.000000
			  0.667678  -0.744450  -0.000000
			  0.000000  -0.000000   1.000000
		}
		{TexMod "2"}
		{Extender "inventory"
			{box
				{clear}
				{item "ammo pistol" 24 {cell 2 0}}
				{item "valter" filling "ammo pistol" 8 {cell 0 0}}
			}
		}
		{Player 1}
		{MID 19}
		{NameId 39 117}
		{LastItem "valter"}
		{FsmState "board"}
	}
	{Human "x.g.tankman" 0x8013
		{Position -3351.05 -3053.74 17}
		{Orientation
			  0.744450   0.667678   0.000000
			  0.667678  -0.744450  -0.000000
			  0.000000  -0.000000   1.000000
		}
		{Extender "inventory"
			{box
				{clear}
				{item "ammo pistol" 64 {cell 6 0}}
				{item "mp38" filling "ammo pistol" 32 {cell 0 0}}
			}
		}
		{Player 1}
		{MID 20}
		{NameId 25 112}
		{LastItem "mp38"}
		{FsmState "board"}
	}
	{Human "x.g.tankman" 0x9000
		{Position -3285.88 -3005 26.2704}
		{Orientation
			  0.704415   0.593175   0.389700
			 -0.644125   0.764920  -0.000000
			 -0.298089  -0.251016   0.920900
		}
		{TexMod "2"}
		{Extender "inventory"
			{box
				{clear}
				{item "ammo pistol" 24 {cell 2 0}}
				{item "valter" filling "ammo pistol" 8 {cell 0 0}}
			}
		}
		{DisableObstacles}
		{Player 1}
		{MID 21}
		{NameId 62 116}
		{LastItem "valter"}
		{FsmState "board"}
	}
	{Human "x.g.tankman" 0x9001
		{Position -3293.04 -2996.5 26.2704}
		{Orientation
			  0.704415   0.593175   0.389700
			 -0.644125   0.764920  -0.000000
			 -0.298089  -0.251016   0.920900
		}
		{Extender "inventory"
			{box
				{clear}
				{item "ammo pistol" 64 {cell 6 0}}
				{item "mp38" filling "ammo pistol" 32 {cell 0 0}}
			}
		}
		{DisableObstacles}
		{Player 1}
		{MID 22}
		{NameId 66 129}
		{LastItem "mp38"}
		{FsmState "board"}
	}
	{Human "x.g.tankman" 0x9002
		{Position -3307.03 -3014.91 28.4236}
		{Turn 40.1001}
		{Extender "inventory"
			{box
				{clear}
				{item "ammo pistol" 64 {cell 6 0}}
				{item "mp38" filling "ammo pistol" 32 {cell 0 0}}
			}
		}
		{DisableObstacles}
		{Player 1}
		{MID 23}
		{NameId 140 20}
		{LastItem "mp38"}
		{FsmState "board"}
	}
	{Human "x.g.tankman" 0x9003
		{Position -3300.67 -3018.31 26.2704}
		{Orientation
			  0.693572   0.605818   0.389700
			 -0.657854   0.753146  -0.000000
			 -0.293501  -0.256366   0.920900
		}
		{TexMod "2"}
		{Extender "inventory"
			{box
				{clear}
				{item "ammo pistol" 24 {cell 2 0}}
				{item "valter" filling "ammo pistol" 8 {cell 0 0}}
			}
		}
		{DisableObstacles}
		{Player 1}
		{MID 24}
		{NameId 60 99}
		{LastItem "valter"}
		{FsmState "board"}
	}
	{Human "x.g.tankman" 0x9004
		{Position -3321.63 -3028.61 28.4236}
		{Turn 41.1364}
		{Extender "inventory"
			{box
				{clear}
				{item "ammo pistol" 64 {cell 6 0}}
				{item "mp38" filling "ammo pistol" 32 {cell 0 0}}
			}
		}
		{DisableObstacles}
		{Player 1}
		{MID 25}
		{NameId 122 37}
		{LastItem "mp38"}
		{FsmState "board"}
	}
	{Human "x.g.tankman" 0x9005
		{Position -3307.98 -3009.94 26.2704}
		{Orientation
			  0.693572   0.605818   0.389700
			 -0.657854   0.753146  -0.000000
			 -0.293501  -0.256366   0.920900
		}
		{Extender "inventory"
			{box
				{clear}
				{item "ammo pistol" 32 {cell 6 0}}
				{item "mp38" filling "ammo pistol" 32 {cell 0 0}}
			}
		}
		{DisableObstacles}
		{Player 1}
		{MID 26}
		{NameId 21 98}
		{LastItem "mp38"}
		{FsmState "board"}
	}
	{Human "ger.farseer" 0x8014
		{Position -3358.67 -3091.26 44.688}
		{Orientation
			  0.825516  -0.538816   0.167900
			  0.552363   0.832427  -0.044200
			 -0.115909   0.129237   0.984800
		}
		{DisableObstacles}
		{Player 1}
		{MID 27}
		{NameId 11 126}
		{LastItem "mauzer"}
		{FsmState "board"}
	}
	{Human "ger.farseer" 0x8015
		{Position -3400.35 -3069.18 44.688}
		{Orientation
			 -0.657529   0.733135   0.173600
			 -0.744450  -0.667678  -0.000000
			  0.115909  -0.129237   0.984800
		}
		{DisableObstacles}
		{Player 1}
		{MID 28}
		{NameId 43 11}
		{LastItem "mauzer"}
		{FsmState "board"}
	}
	{Human "ger.farseer" 0x8016
		{Position -3385.8 -3059.04 44.688}
		{Orientation
			 -0.690166   0.702497   0.173600
			 -0.713340  -0.700818  -0.000000
			  0.121662  -0.123836   0.984800
		}
		{DisableObstacles}
		{Player 1}
		{MID 29}
		{NameId 57 120}
		{LastItem "mauzer"}
		{FsmState "board"}
	}
	{Human "ger.farseer" 0x8017
		{Position -3343.15 -3079.21 44.688}
		{Orientation
			  0.849148  -0.500745   0.167900
			  0.513964   0.856668  -0.044200
			 -0.121662   0.123836   0.984800
		}
		{DisableObstacles}
		{Player 1}
		{MID 30}
		{NameId 58 42}
		{LastItem "mauzer"}
		{FsmState "board"}
	}
	{Human "ger.infantry_smg" 0x8018
		{Position -3388.23 -3058.31 44.688}
		{Orientation
			 -0.410346   0.896663   0.166000
			 -0.904520  -0.423303   0.050900
			  0.115909  -0.129237   0.984800
		}
		{Extender "inventory"
			{box
				{clear}
				{item "ammo pistol" 64 {cell 6 0}}
				{item "grenade m24" {cell 6 1}}
				{item "bandage" 2 {cell 3 0}}
				{item "mp40" filling "ammo pistol" 32 {cell 0 0}}
			}
		}
		{DisableObstacles}
		{Player 1}
		{MID 31}
		{NameId 104 56}
		{LastItem "mp40"}
		{FsmState "board"}
	}
	{Human "ger.infantry_smg" 0x8019
		{Position -3371.08 -3102.4 44.688}
		{Orientation
			  0.657529  -0.733135   0.173600
			  0.744450   0.667678   0.000000
			 -0.115909   0.129237   0.984800
		}
		{Extender "inventory"
			{box
				{clear}
				{item "ammo pistol" 64 {cell 6 0}}
				{item "mp40" filling "ammo pistol" 32 {cell 0 0}}
			}
		}
		{DisableObstacles}
		{Player 1}
		{MID 32}
		{NameId 138 0}
		{LastItem "mp40"}
		{FsmState "board"}
	}
	{Human "ger.infantry_smg" 0x801a
		{Position -3374.18 -3047.63 44.688}
		{Orientation
			 -0.450669   0.877089   0.166000
			 -0.884349  -0.463970   0.050900
			  0.121662  -0.123836   0.984800
		}
		{Extender "inventory"
			{box
				{clear}
				{item "ammo pistol" 64 {cell 6 0}}
				{item "grenade m24" {cell 6 1}}
				{item "bandage" 2 {cell 4 0}}
				{item "mp40" filling "ammo pistol" 32 {cell 0 0}}
			}
		}
		{DisableObstacles}
		{Player 1}
		{MID 33}
		{NameId 2 122}
		{LastItem "mp40"}
		{FsmState "board"}
	}
	{Human "ger.infantry_smg" 0x801b
		{Position -3355.05 -3090.9 44.688}
		{Orientation
			  0.690166  -0.702497   0.173600
			  0.713340   0.700818   0.000000
			 -0.121662   0.123836   0.984800
		}
		{Extender "inventory"
			{box
				{clear}
				{item "ammo pistol" 64 {cell 6 0}}
				{item "mp40" filling "ammo pistol" 32 {cell 0 0}}
			}
		}
		{DisableObstacles}
		{Player 1}
		{MID 34}
		{NameId 58 88}
		{LastItem "mp40"}
		{FsmState "board"}
	}
	{Human "ger.infantry_smg" 0x801c
		{Position -3301.45 -3007.51 29.4646}
		{Orientation
			  0.255001   0.859374   0.443100
			 -0.952306   0.302640  -0.038700
			 -0.167405  -0.412108   0.895600
		}
		{Extender "inventory"
			{box
				{clear}
				{item "grenade m24" {cell 6 0}}
				{item "ammo pistol" 64 {cell 6 1}}
				{item "grenade molotov_coctail" {cell 4 0}}
				{item "mp40" filling "ammo pistol" 32 {cell 0 0}}
			}
		}
		{DisableObstacles}
		{Player 1}
		{MID 35}
		{NameId 46 133}
		{LastItem "mp40"}
		{FsmState "board"}
	}
	{Human "ger.infantry_smg" 0x801d
		{Position -3316.19 -3021.11 29.4646}
		{Orientation
			  0.239417   0.863845   0.443100
			 -0.957624   0.285368  -0.038700
			 -0.159924  -0.415068   0.895600
		}
		{Extender "inventory"
			{box
				{clear}
				{item "ammo pistol" 64 {cell 6 1}}
				{item "grenade m24x5" {cell 6 0}}
				{item "mp40" filling "ammo pistol" 32 {cell 0 0}}
			}
		}
		{DisableObstacles}
		{Player 1}
		{MID 36}
		{NameId 123 29}
		{LastItem "mp40"}
		{FsmState "board"}
	}
	{Entity "sdkfz251_1" 0x801e
		{Position -3305.56 -3011.47 17}
		{Turn 42.8196}
		{Extender "inventory"
			{box
				{clear}
				{item "ammo mgun" 500 {cell 0 0}}
			}
		}
		{Player 1}
		{MID 37}
		
	}
	{Human "ger.infantry_rifle" 0x801f
		{Position -3317.26 -3028.73 31.957}
		{Orientation
			 -0.670241   0.721533   0.173600
			 -0.732682  -0.680573  -0.000000
			  0.118141  -0.127199   0.984800
		}
		{Extender "inventory"
			{box
				{clear}
				{item "ammo rifle" 25 {cell 4 0}}
				{item "grenade m24" {cell 6 0}}
				{item "grenade m24x5" {cell 6 1}}
				{item "mauzer" filling "ammo rifle" 5 {cell 0 0}}
			}
		}
		{DisableObstacles}
		{Player 1}
		{MID 38}
		{NameId 13 101}
		{LastItem "mauzer"}
		{FsmState "board"}
	}
	{Human "ger.infantry_rifle" 0x8020
		{Position -3341.79 -3037.31 33.7896}
		{Orientation
			  0.669361  -0.722348   0.173600
			  0.733497   0.679692   0.000000
			 -0.117995   0.127335   0.984800
		}
		{Extender "inventory"
			{box
				{clear}
				{item "ammo rifle" 25 {cell 4 0}}
				{item "bandage" 3 {cell 6 0}}
				{item "mauzer" filling "ammo rifle" 5 {cell 0 0}}
			}
		}
		{DisableObstacles}
		{Player 1}
		{MID 39}
		{NameId 48 135}
		{LastItem "mauzer"}
		{FsmState "board"}
	}
	{Human "ger.infantry_rifle" 0x8021
		{Position -3333.67 -3029.78 33.7896}
		{Orientation
			  0.669361  -0.722348   0.173600
			  0.733497   0.679692   0.000000
			 -0.117995   0.127335   0.984800
		}
		{Extender "inventory"
			{box
				{clear}
				{item "ammo rifle" 25 {cell 4 0}}
				{item "bandage" 3 {cell 6 0}}
				{item "mauzer" filling "ammo rifle" 5 {cell 0 0}}
			}
		}
		{DisableObstacles}
		{Player 1}
		{MID 40}
		{NameId 106 104}
		{LastItem "mauzer"}
		{FsmState "board"}
	}
	{Human "ger.infantry_rifle" 0x8022
		{Position -3317.95 -3015.22 33.7896}
		{Orientation
			  0.669361  -0.722348   0.173600
			  0.733497   0.679692   0.000000
			 -0.117995   0.127335   0.984800
		}
		{Extender "inventory"
			{box
				{clear}
				{item "ammo rifle" 25 {cell 4 0}}
				{item "bayonet" {cell 7 0}}
				{item "grenade m39" {cell 6 0}}
				{item "mauzer" filling "ammo rifle" 5 {cell 0 0}}
			}
		}
		{DisableObstacles}
		{Player 1}
		{MID 41}
		{NameId 62 7}
		{LastItem "mauzer"}
		{FsmState "board"}
	}
	{Human "ger.infantry_rifle" 0x8023
		{Position -3325.61 -3022.32 33.7896}
		{Orientation
			  0.669361  -0.722348   0.173600
			  0.733497   0.679692   0.000000
			 -0.117995   0.127335   0.984800
		}
		{Extender "inventory"
			{box
				{clear}
				{item "ammo rifle" 25 {cell 4 0}}
				{item "grenade m39" {cell 6 0}}
				{item "bayonet" {cell 7 0}}
				{item "mauzer" filling "ammo rifle" 5 {cell 0 0}}
			}
		}
		{DisableObstacles}
		{Player 1}
		{MID 42}
		{NameId 13 96}
		{LastItem "mauzer"}
		{FsmState "board"}
	}
	{Human "ger.infantry_smg" 0x8024
		{Position -3325.75 -3036.62 31.957}
		{Orientation
			 -0.670241   0.721533   0.173600
			 -0.732682  -0.680573  -0.000000
			  0.118141  -0.127199   0.984800
		}
		{Extender "inventory"
			{box
				{clear}
				{item "ammo pistol" 96 {cell 6 0}}
				{item "mp40" filling "ammo pistol" 32 {cell 0 0}}
			}
			{armor "head"
				{Item "german_cap"}
			}
		}
		{DisableObstacles}
		{Player 1}
		{MID 43}
		{NameId 45 116}
		{LastItem "mp40"}
		{FsmState "board"}
	}
	{Human "ger.infantry_smg" 0x8025
		{Position -3333.21 -3043.55 31.957}
		{Orientation
			 -0.670241   0.721533   0.173600
			 -0.732682  -0.680573  -0.000000
			  0.118141  -0.127199   0.984800
		}
		{Extender "inventory"
			{box
				{clear}
				{item "ammo pistol" 96 {cell 6 0}}
				{item "grenade m39" {cell 5 0}}
				{item "grenade m24x5" {cell 6 1}}
				{item "mp40" filling "ammo pistol" 32 {cell 0 0}}
			}
			{armor "head"
				{Item "german_cap"}
			}
		}
		{DisableObstacles}
		{Player 1}
		{MID 44}
		{NameId 75 146}
		{LastItem "mp40"}
		{FsmState "board"}
	}
	{Human "ger.infantry_mgun" 0x8026
		{Position -3309 -3021.07 31.957}
		{Orientation
			 -0.670241   0.721533   0.173600
			 -0.732682  -0.680573  -0.000000
			  0.118141  -0.127199   0.984800
		}
		{Extender "inventory"
			{box
				{clear}
				{item "ammo mgun" 90 {cell 6 0}}
				{item "zb-26-30" filling "ammo mgun" 30 {cell 0 0}}
			}
			{armor "body"
				{Item "rifle-ammo-holder3"}
			}
		}
		{DisableObstacles}
		{Player 1}
		{MID 45}
		{NameId 23 66}
		{LastItem "zb-26-30"}
		{FsmState "board"}
	}
	{Human "ger.infantry_smg" 0x8027
		{Position -3293.71 -3006.59 27.5485}
		{Orientation
			  0.686700   0.636328   0.351600
			 -0.679692   0.733497   0.000000
			 -0.257898  -0.238980   0.936200
		}
		{DisableObstacles}
		{Player 1}
		{MID 46}
		{NameId 46 147}
		{LastItem "mp40"}
		{FsmState "board"}
	}
	{Human "ger.infantry_smg" 0x8028
		{Position -3308.85 -3013.47 33.6882}
		{Turn 43.7249}
		{DisableObstacles}
		{Player 1}
		{MID 47}
		{NameId 108 147}
		{LastItem "mp40"}
		{FsmState "board"}
	}
	{Entity "mine_tablet" 0x8029
		{Position -1227.04 -2844.14 101.704}
	}
	{Entity "mine_tablet" 0x802a
		{Position -1235.64 -2009.56 87.4607}
		{TexMod "2"}
	}
	{Entity "mine_tablet" 0x802b
		{Position -1222.65 -1347.41 88.735}
	}
	{Entity "mine_tablet" 0x802c
		{Position -1132.81 -632.075 93.4962}
	}
	{Entity "mine_tablet" 0x802d
		{Position -731.124 37.2632 101.888}
		{Turn -33.7928}
	}
	{Entity "mine_tablet" 0x802e
		{Position -360.81 579.147 96.9233}
		{Turn -53.7479}
		{TexMod "2"}
	}
	{Entity "mine_tablet" 0x802f
		{Position 63.1716 -182.665 108.683}
		{Turn 124.657}
	}
	{Entity "mine_tablet" 0x8030
		{Position -314.318 -598.232 132.785}
		{Turn 124.657}
	}
	{Entity "mine_tablet" 0x8031
		{Position -807.297 -1265.8 99}
		{Turn 163.835}
	}
	{Entity "mine_tablet" 0x8032
		{Position -727.244 -2127.67 99}
		{Turn -179.198}
	}
	{Entity "mine_tablet" 0x8033
		{Position -362.807 -2663.67 118}
		{Turn -134.74}
		{TexMod "2"}
	}
	{Entity "mine_tablet" 0x8034
		{Position 85.3436 -2983.25 118}
		{Turn -168.845}
	}
	{Entity "mine_tablet" 0x8035
		{Position 87.9781 311.339 108}
		{Turn -150.677}
	}
	{Entity "blitz-ammo3" 0x8036
		{Position 487.968 -3093.88 118}
		{Turn 141.663}
		{Extender "inventory"
			{box
				{clear}
				{item 0x803d "box" {cell 0 0}}
				{item 0x803c "box" {cell 4 0}}
			}
		}
		{Player 1}
		{MID 48}
		
	}
	{Entity "blitz-ammo3" 0x8037
		{Position 506.162 -3108.6 118}
		{Turn 141.14}
		{Extender "inventory"
			{box
				{clear}
				{item 0x803e "small_box" {cell 0 0}}
				{item 0x803f "small_box" {cell 4 0}}
				{item 0x8040 "small_box" {cell 0 2}}
				{item 0x8057 "med_box" {cell 4 2}}
			}
		}
		{Player 1}
		{MID 49}
		
	}
	{Human "ger.infantry_smg" 0x8038
		{Position 484.859 -3102.23 137.609}
		{Orientation
			 -0.778589   0.627216   0.019600
			 -0.627342  -0.778744   0.000000
			  0.015262  -0.012297   0.999800
		}
		{Extender "inventory"
			{box
				{clear}
				{item "ammo pistol" 64 {cell 6 0}}
				{item "bandage" 2 {cell 4 0}}
				{item "mp40" filling "ammo pistol" 32 {cell 0 0}}
			}
			{armor "head"
				{Item "german_cap"}
			}
		}
		{DisableObstacles}
		{Player 1}
		{MID 50}
		{NameId 100 51}
		{LastItem "mp40"}
		{FsmState "board"}
	}
	{Human "ger.infantry_smg" 0x8039
		{Position 494.469 -3090.31 137.609}
		{Orientation
			 -0.778589   0.627216   0.019600
			 -0.627342  -0.778744   0.000000
			  0.015262  -0.012297   0.999800
		}
		{Extender "inventory"
			{box
				{clear}
				{item "ammo pistol" 64 {cell 6 0}}
				{item "mp40" filling "ammo pistol" 32 {cell 0 0}}
			}
		}
		{DisableObstacles}
		{Player 1}
		{MID 51}
		{NameId 132 115}
		{LastItem "mp40"}
		{FsmState "board"}
	}
	{Human "ger.infantry_smg" 0x803a
		{Position 466.608 -3087.71 137.609}
		{Orientation
			 -0.784281   0.620083   0.019600
			 -0.620207  -0.784438  -0.000000
			  0.015374  -0.012158   0.999800
		}
		{Extender "inventory"
			{box
				{clear}
				{item "ammo pistol" 64 {cell 6 0}}
				{item "mp40" filling "ammo pistol" 32 {cell 0 0}}
			}
			{armor "head"
				{Item "german_cap"}
			}
		}
		{DisableObstacles}
		{Player 1}
		{MID 52}
		{NameId 123 102}
		{LastItem "mp40"}
		{FsmState "board"}
	}
	{Human "ger.infantry_smg" 0x803b
		{Position 476.109 -3075.69 137.609}
		{Orientation
			 -0.784281   0.620083   0.019600
			 -0.620207  -0.784438  -0.000000
			  0.015374  -0.012158   0.999800
		}
		{Extender "inventory"
			{box
				{clear}
				{item "grenade m24" {cell 6 0}}
				{item "ammo pistol" 64 {cell 4 0}}
				{item "mp40" filling "ammo pistol" 32 {cell 0 0}}
			}
		}
		{DisableObstacles}
		{Player 1}
		{MID 53}
		{NameId 9 54}
		{LastItem "mp40"}
		{FsmState "board"}
	}
	{Entity "box1" 0x803c
		{Position 503.45 -3079.05 118}
		{Turn -133.782}
		{Extender "inventory"
			{box
				{clear}
				{item "dynamite" {cell 0 0}}
				{item "dynamite" {cell 0 2}}
				{item "dynamite" {cell 0 4}}
				{item "dynamite" {cell 2 0}}
				{item "dynamite" {cell 4 0}}
				{item "dynamite" {cell 6 0}}
				{item "dynamite" {cell 6 2}}
				{item "dynamite" {cell 6 4}}
				{item "dynamite" {cell 2 4}}
				{item "dynamite" {cell 4 4}}
				{item "dynamite" {cell 2 2}}
				{item "dynamite" {cell 4 2}}
			}
		}
	}
	{Entity "box1" 0x803d
		{Position 510.918 -3084.18 118}
		{Turn -154.683}
		{Extender "inventory"
			{box
				{clear}
				{item "ammo bazooka" {cell 0 0}}
				{item "ammo bazooka" {cell 2 0}}
				{item "ammo bazooka" {cell 4 0}}
				{item "ammo bazooka" {cell 6 0}}
				{item "ammo bazooka" {cell 0 1}}
				{item "ammo bazooka" {cell 2 1}}
				{item "ammo bazooka" {cell 4 1}}
				{item "ammo bazooka" {cell 6 1}}
				{item "ammo 80mm_mine" {cell 0 3}}
				{item "ammo 80mm_mine" {cell 0 4}}
				{item "ammo 80mm_mine" {cell 5 3}}
				{item "ammo 80mm_mine" {cell 5 4}}
				{item "ammo 80mm_mine" {cell 0 5}}
				{item "ammo 80mm_mine" {cell 5 5}}
			}
		}
	}
	{Entity "box2" 0x803e
		{Position 373.744 -2971.68 118}
		{Turn -124.836}
		{Extender "inventory"
			{box
				{clear}
				{item "ammo pistol" 2 {cell 0 0}}
				{item "ammo pistol" {cell 0 1}}
				{item "ammo pistol" {cell 0 2}}
				{item "ammo pistol" {cell 0 3}}
				{item "ammo pistol" {cell 0 4}}
				{item "ammo pistol" {cell 0 5}}
				{item "ammo pistol" {cell 2 0}}
				{item "ammo pistol" {cell 2 1}}
				{item "ammo pistol" {cell 2 2}}
				{item "ammo pistol" {cell 2 3}}
				{item "ammo pistol" {cell 4 0}}
				{item "ammo pistol" {cell 2 4}}
				{item "ammo pistol" {cell 2 5}}
				{item "ammo pistol" {cell 4 2}}
				{item "ammo pistol" {cell 4 3}}
				{item "ammo pistol" {cell 4 4}}
				{item "ammo pistol" {cell 4 5}}
				{item "ammo pistol" {cell 4 1}}
				{item "ammo pistol" {cell 6 0}}
				{item "ammo pistol" {cell 6 1}}
				{item "ammo pistol" {cell 6 2}}
				{item "ammo pistol" {cell 6 3}}
				{item "ammo pistol" {cell 6 4}}
				{item "ammo pistol" {cell 6 5}}
			}
		}
	}
	{Entity "box2" 0x803f
		{Position 382.926 -2977.14 118}
		{Turn -150.611}
		{Extender "inventory"
			{box
				{clear}
				{item "grenade m24" {cell 0 0}}
				{item "grenade m24" {cell 2 0}}
				{item "grenade m24" {cell 4 0}}
				{item "grenade m24" {cell 0 1}}
				{item "grenade m24" {cell 0 2}}
				{item "grenade m24" {cell 0 3}}
				{item "grenade m24" {cell 0 4}}
				{item "grenade m24" {cell 0 5}}
				{item "grenade m24" {cell 2 1}}
				{item "grenade m24" {cell 2 2}}
				{item "grenade m24" {cell 2 3}}
				{item "grenade m24" {cell 2 4}}
				{item "grenade m24" {cell 2 5}}
				{item "grenade m24" {cell 4 1}}
				{item "grenade m24" {cell 4 2}}
				{item "grenade m24" {cell 4 3}}
				{item "grenade m24" {cell 4 4}}
				{item "grenade m24" {cell 6 0}}
				{item "grenade m24" {cell 6 1}}
				{item "grenade m24" {cell 4 5}}
				{item "grenade m24" {cell 6 2}}
				{item "grenade m24" {cell 6 3}}
				{item "grenade m24" {cell 6 4}}
				{item "grenade m24" {cell 6 5}}
			}
		}
	}
	{Entity "box2" 0x8040
		{Position 374.476 -2972.17 118}
		{Turn -127.256}
		{Extender "inventory"
			{box
				{clear}
				{item "mine antitank" {cell 2 3}}
				{item "mine antitank" {cell 2 1}}
				{item "mine antitank" {cell 4 1}}
				{item "mine antitank" {cell 4 3}}
				{item "mine antitank" {cell 0 0}}
				{item "mine antitank" {cell 6 0}}
				{item "mine antitank" {cell 0 4}}
				{item "mine antitank" {cell 6 4}}
			}
		}
	}
	{Entity "box2" 0x8041
		{Position 1690.28 -627.08 108}
		{Turn 65.3269}
		{Extender "inventory"
			{box
				{clear}
				{item "ammo 80mm_mine" {cell 0 1}}
				{item "ammo 80mm_mine" {cell 0 2}}
				{item "ammo 80mm_mine" {cell 0 0}}
				{item "ammo 80mm_mine" {cell 5 0}}
				{item "ammo 80mm_mine" {cell 5 1}}
				{item "ammo 80mm_mine" {cell 5 2}}
				{item "ammo 80mm_mine" {cell 0 3}}
				{item "ammo 80mm_mine" {cell 5 3}}
			}
		}
	}
	{Entity "pak39" 0x8042
		{Position 2298.73 525.967 108}
		{Turn 104.93}
		{Player 1}
		{MID 54}
		{Chassis
			{FuelBag
				{Remain 10}
			}
		}
	}
	{Entity "pak39" 0x8043
		{Position 1672.83 -1117.93 109.913}
		{Turn -174.984}
		{Player 1}
		{MID 55}
		{Chassis
			{FuelBag
				{Remain 10}
			}
		}
	}
	{Entity "mg34_stan" 0x8044
		{Position 1741.04 -1324.1 112.59}
		{Turn -146.638}
		{Player 1}
		{MID 56}
	}
	{Entity "mg34_stan" 0x8045
		{Position 2936.4 375.99 108}
		{Turn 122.924}
		{Player 1}
		{MID 57}
	}
	{Entity "mg34_stan" 0x8046
		{Position 3004.43 337.854 108}
		{Player 1}
		{MID 58}
	}
	{Human "ger.infantry_rifle" 0x8047
		{Position 2295.78 498.56 115.056}
		{Orientation
			  0.036149   0.999350   0.000000
			 -0.998719   0.036110  -0.034700
			 -0.034681   0.001205   0.999400
		}
		{Extender "inventory"
			{box
				{clear}
				{item "mauzer" filling "ammo rifle" 5 {cell 0 0}}
				{item "ammo rifle" 25 {cell 7 0}}
			}
		}
		{DisableObstacles}
		{Player 1}
		{MID 59}
		{NameId 126 138}
		{FsmState "board"}
	}
	{Human "ger.infantry_rifle" 0x8048
		{Position 2336.6 465.335 107.385}
		{Turn 129.929}
		{Extender "inventory"
			{box
				{clear}
				{item "mauzer" filling "ammo rifle" 5 {cell 0 0}}
				{item "ammo rifle" 25 {cell 7 0}}
			}
		}
		{DisableObstacles}
		{Player 1}
		{MID 60}
		{NameId 1 134}
		{FsmState "board"}
	}
	{Human "ger.infantry_smg" 0x8049
		{Position 2292.09 452.817 110.006}
		{Turn 104.93}
		{Extender "inventory"
			{box
				{clear}
				{item "mp40" filling "ammo pistol" 32 {cell 0 0}}
				{item "ammo pistol" 64 {cell 6 0}}
			}
		}
		{DisableObstacles}
		{Player 1}
		{MID 61}
		{NameId 39 118}
		{FsmState "board"}
	}
	{Human "ger.infantry_smg" 0x804a
		{Position 2315.11 503.713 115.056}
		{Turn 129.929}
		{Extender "inventory"
			{box
				{clear}
				{item "mp40" filling "ammo pistol" 32 {cell 0 0}}
				{item "ammo pistol" 64 {cell 6 0}}
			}
		}
		{DisableObstacles}
		{Player 1}
		{MID 62}
		{NameId 25 113}
		{FsmState "board"}
	}
	{Human "ger.infantry_rifle" 0x804b
		{Position 1697.92 -1105.58 115.499}
		{Orientation
			 -0.864414  -0.500093   0.051634
			  0.499731  -0.865918  -0.020628
			  0.055029   0.007972   0.998453
		}
		{Extender "inventory"
			{box
				{clear}
				{item "ammo rifle" 25 {cell 7 0}}
				{item "mauzer" filling "ammo rifle" 5 {cell 0 0}}
			}
		}
		{DisableObstacles}
		{Player 1}
		{MID 63}
		{NameId 62 117}
		{LastItem "mauzer"}
		{FsmState "board"}
	}
	{Human "ger.infantry_rifle" 0x804c
		{Position 1738.93 -1091.08 105.44}
		{Orientation
			 -0.864480  -0.500102   0.050436
			  0.499758  -0.865914  -0.020129
			  0.053744   0.007759   0.998526
		}
		{Extender "inventory"
			{box
				{clear}
				{item "ammo rifle" 25 {cell 7 0}}
				{item "mauzer" filling "ammo rifle" 5 {cell 0 0}}
			}
		}
		{DisableObstacles}
		{Player 1}
		{MID 64}
		{NameId 66 130}
		{LastItem "mauzer"}
		{FsmState "board"}
	}
	{Human "ger.infantry_smg" 0x804d
		{Position 1699.67 -1125.5 115.561}
		{Orientation
			 -0.976785   0.207790   0.052175
			 -0.208815  -0.977806  -0.015438
			  0.047858  -0.025987   0.998518
		}
		{Extender "inventory"
			{box
				{clear}
				{item "ammo pistol" 64 {cell 6 0}}
				{item "mp40" filling "ammo pistol" 32 {cell 0 0}}
			}
		}
		{DisableObstacles}
		{Player 1}
		{MID 65}
		{NameId 140 21}
		{LastItem "mp40"}
		{FsmState "board"}
	}
	{Human "ger.infantry_smg" 0x804e
		{Position 1743.75 -1137.05 108.167}
		{Orientation
			 -0.994634  -0.087300   0.055515
			  0.087607  -0.996150   0.003125
			  0.055029   0.007972   0.998453
		}
		{Extender "inventory"
			{box
				{clear}
				{item "ammo pistol" 64 {cell 6 0}}
				{item "mp40" filling "ammo pistol" 32 {cell 0 0}}
			}
		}
		{DisableObstacles}
		{Player 1}
		{MID 66}
		{NameId 60 100}
		{LastItem "mp40"}
		{FsmState "board"}
	}
	{Human "ger.infantry_smg" 0x804f
		{Position 1753.06 -1316.45 112.59}
		{Turn -146.638}
		{DisableObstacles}
		{Player 1}
		{MID 67}
		{NameId 122 38}
		{FsmState "board"}
	}
	{Human "ger.infantry_smg" 0x8050
		{Position 2943.95 363.909 108}
		{Turn 122.924}
		{DisableObstacles}
		{Player 1}
		{MID 68}
		{NameId 21 99}
		{FsmState "board"}
	}
	{Human "ger.infantry_smg" 0x8051
		{Position 2990.18 338.079 108}
		{DisableObstacles}
		{Player 1}
		{MID 69}
		{NameId 11 127}
		{FsmState "board"}
	}
	{Human "ger.oficer" 0x8052
		{Position 2973.92 357.786 108}
		{Turn 96.3229}
		{Player 1}
		{MID 70}
		{NameId 43 12}
		{FsmState "squat"}
	}
	{Human "ger.rifleman" 0x8053
		{Position 2916.47 330.24 108}
		{Turn 172.165}
		{Player 1}
		{MID 71}
		{NameId 57 121}
		{Cover
			{sector 2916.47 330.24 {type "squat_lie"}
				{wall 0 0 2908.14 321.04 2914.51 367.335}
			}
		}
		{FsmState "squat"}
	}
	{Human "ger.rifleman" 0x8054
		{Position 2985.3 295.527 108}
		{Turn -40.615}
		{Player 1}
		{MID 72}
		{NameId 58 43}
		{Cover
			{sector 2985.3 295.527 {type "squat_lie"}
				{wall 0 0 3014.36 318.663 2983.94 283.19}
			}
		}
		{FsmState "squat"}
	}
	{Entity "minomet_80" 0x8055
		{Position 2219.71 258.909 108}
		{Turn 126.8}
		{Player 1}
		{MID 73}
	}
	{Entity "minomet_80" 0x8056
		{Position 1679.2 -591.587 108}
		{Turn 154.36}
		{Player 1}
		{MID 74}
	}
	{Entity "box4" 0x8057
		{Position 379.615 -2975.37 118}
		{Turn -142.721}
		{Extender "inventory"
			{box
				{clear}
				{item "bandage" 5 {cell 6 0}}
				{item "bandage" 5 {cell 6 1}}
				{item "bandage" 5 {cell 6 2}}
				{item "bandage" 5 {cell 6 3}}
				{item "bandage" 5 {cell 4 2}}
				{item "bandage" 5 {cell 4 1}}
				{item "bandage" 5 {cell 4 3}}
				{item "bandage" 5 {cell 4 0}}
				{item "bandage" 5 {cell 2 3}}
				{item "bandage" 5 {cell 2 2}}
				{item "bandage" 5 {cell 0 3}}
				{item "bandage" 5 {cell 0 2}}
				{item "bandage" 5 {cell 2 1}}
				{item "bandage" 5 {cell 0 1}}
				{item "bandage" 5 {cell 2 0}}
				{item "bandage" 5 {cell 0 0}}
				{item "morphine" {cell 2 4}}
				{item "morphine" {cell 4 4}}
			}
		}
	}
	{Human "ger.farseer" 0x8058
		{Position 1666.5 -556.188 108}
		{Turn 149.967}
		{Player 1}
		{MID 75}
		{NameId 104 57}
		{Cover
			{sector 1666.5 -556.188 {type "squat_lie"}
				{wall 0 0 1642.18 -584.268 1665.57 -543.81}
			}
		}
		{FsmState "squat"}
	}
	{Human "ger.infantry_smg" 0x8059
		{Position 1712.16 -543.63 108}
		{Turn 102.084}
		{Player 1}
		{MID 76}
		{NameId 138 1}
		{Cover
			{sector 1712.16 -543.63 {type "squat_lie"}
				{wall 0 0 1675.02 -544.423 1720.72 -534.639}
			}
		}
		{FsmState "squat"}
	}
	{Human "ger.infantry_smg" 0x805a
		{Position 1709.04 -595.927 108}
		{Turn 154.36}
		{DisableObstacles}
		{Player 1}
		{MID 77}
		{NameId 2 123}
		{FsmState "board"}
	}
	{Human "ger.infantry_smg" 0x805b
		{Position 2244.16 241.255 108}
		{Turn 126.8}
		{DisableObstacles}
		{Player 1}
		{MID 78}
		{NameId 58 89}
		{FsmState "board"}
	}
	{Human "ger.infantry_smg" 0x805c
		{Position 2172.09 266.873 108}
		{Turn -178.057}
		{Player 1}
		{MID 79}
		{NameId 46 134}
		{Cover
			{sector 2172.09 266.873 {type "snipe_cover"}
				{wall 0 0 2166.89 213.476 2164.14 294.542}
			}
		}
		{FsmState "snipe"}
	}
	{Human "ger.farseer" 0x805d
		{Position 2221.37 304.562 108}
		{Turn 72.6099}
		{Player 1}
		{MID 80}
		{NameId 123 30}
		{Cover
			{sector 2221.37 304.562 {type "snipe_cover"}
				{wall 0 0 2197.73 319.303 2275.13 295.062}
			}
		}
		{FsmState "snipe"}
	}
	{Entity "platform_ammo" 0x805e
		{Position 7632.6 2069.95 12}
		{Turn -163.117}
		{TexMod "ambush3"}
		{Volume "link1"
			{Able {visible 0}{bullet 0}{obstacle 0}{contact 0}{contact_ground 0}{blast 0}{select 0}{touch 1}}
		}
		{Volume "link2"
			{Able {visible 0}{bullet 0}{obstacle 0}{contact 0}{contact_ground 0}{blast 0}{select 0}{touch 1}}
		}
		{Impregnability}
		{Player 1}
		{MID 81}
		{Chassis
			{Links 82 97}
		}
	}
	{Entity "platform_stuff" 0x805f
		{Position 7440.34 2011.6 12}
		{Turn -163.117}
		{TexMod "ambush3"}
		{Volume "link1"
			{Able {visible 0}{bullet 0}{obstacle 0}{contact 0}{contact_ground 0}{blast 0}{select 0}{touch 1}}
		}
		{Volume "link2"
			{Able {visible 0}{bullet 0}{obstacle 0}{contact 0}{contact_ground 0}{blast 0}{select 0}{touch 1}}
		}
		{Impregnability}
		{Player 1}
		{MID 82}
		{Chassis
			{Links 84 81}
		}
	}
	{Entity "tradevan4" 0x8060
		{Position 8002.76 2180 12}
		{Turn -163.117}
		{TexMod "ambush5"}
		{Volume "link1"
			{Able {visible 0}{bullet 0}{obstacle 0}{contact 0}{contact_ground 0}{blast 0}{select 0}{touch 1}}
		}
		{Volume "link2"
			{Able {visible 0}{bullet 0}{overlap 1}{obstacle 0}{contact 0}{contact_ground 0}{blast 0}{select 0}{touch 1}}
		}
		{Impregnability}
		{Player 1}
		{MID 83}
		
		{Chassis
			{Links 97}
		}
	}
	{Entity "tendor" 0x8061
		{Position 7254.03 1953.34 12}
		{Turn -163.117}
		{Volume "link1"
			{Able {visible 0}{bullet 0}{obstacle 0}{contact 0}{contact_ground 0}{blast 0}{select 0}{touch 1}}
		}
		{Volume "link2"
			{Able {visible 0}{bullet 0}{obstacle 0}{contact 0}{contact_ground 0}{blast 0}{select 0}{touch 1}}
		}
		{Impregnability}
		{Player 1}
		{MID 84}
		{Chassis
			{Links 85 82}
		}
	}
	{Entity "steam_locomotive" 0x8062
		{Position 7032.77 1886.2 12}
		{Turn -163.117}
		{Volume "link1"
			{Able {visible 0}{bullet 0}{overlap 1}{obstacle 0}{contact 0}{contact_ground 0}{blast 0}{select 0}{touch 1}}
		}
		{Volume "link2"
			{Able {visible 0}{bullet 0}{obstacle 0}{contact 0}{contact_ground 0}{blast 0}{select 0}{touch 1}}
		}
		{Impregnability}
		{Player 1}
		{MID 85}
		
		{Chassis
			{Locomotive 1}
			{MaxSpeed 2}
			{Links 84}
		}
	}
	{Human "civilian4" 0x8063
		{Position 7139.05 1941.66 50.4949}
		{Turn -163.117}
		{DisableObstacles}
		{Player 1}
		{MID 86}
		{NameId 100 52}
		{FsmState "board"}
	}
	{Entity "coal_wagon3" 0x8064
		{Position 420.32 3649.38 13}
		{Turn -40.9115}
		{TexMod "sand"}
		{Volume "link1"
			{Able {visible 0}{bullet 0}{obstacle 0}{contact 0}{contact_ground 0}{blast 0}{select 0}{touch 1}}
		}
		{Volume "link2"
			{Able {visible 0}{bullet 0}{overlap 1}{obstacle 0}{contact 0}{contact_ground 0}{blast 0}{select 0}{touch 1}}
		}
		{Impregnability}
		{Player 0}
		{MID 87}
		{Chassis
			{Links 88}
		}
	}
	{Entity "coal_wagon1" 0x8065
		{Position 572.378 3518.04 13}
		{Turn -40.7917}
		{TexMod "sand"}
		{Volume "link1"
			{Able {visible 0}{bullet 0}{obstacle 0}{contact 0}{contact_ground 0}{blast 0}{select 0}{touch 1}}
		}
		{Volume "link2"
			{Able {visible 0}{bullet 0}{obstacle 0}{contact 0}{contact_ground 0}{blast 0}{select 0}{touch 1}}
		}
		{Impregnability}
		{Player 0}
		{MID 88}
		{Chassis
			{Links 89 87}
		}
	}
	{Entity "locomotive" 0x8066
		{Position 726.269 3387.18 13}
		{Turn -40.959}
		{Volume "link1"
			{Able {visible 0}{bullet 0}{overlap 1}{obstacle 0}{contact 0}{contact_ground 0}{blast 0}{select 0}{touch 1}}
		}
		{Volume "link2"
			{Able {visible 0}{bullet 0}{obstacle 0}{contact 0}{contact_ground 0}{blast 0}{select 0}{touch 1}}
		}
		{Impregnability}
		{Player 0}
		{MID 89}
		
		{Chassis
			{Locomotive 1}
			{MaxSpeed 3}
			{Links 88}
		}
	}
	{Human "civilian4" 0x8067
		{Position 668.054 3408.3 51.4949}
		{Turn -40.959}
		{Impregnability}
		{DisableObstacles}
		{Player 0}
		{MID 90}
		{NameId 100 53}
		{FsmState "board"}
	}
	{Human "civilian4" 0x8068
		{Position 7352.44 -389.771 51.4949}
		{Turn 156.062}
		{Impregnability}
		{DisableObstacles}
		{Player 0}
		{MID 91}
		{NameId 132 116}
		{FsmState "board"}
	}
	{Entity "coal_wagon2" 0x8069
		{Position 7980.56 -694.692 13}
		{Turn -23.9127}
		{Volume "link1"
			{Able {visible 0}{bullet 0}{overlap 1}{obstacle 0}{contact 0}{contact_ground 0}{blast 0}{select 0}{touch 1}}
		}
		{Volume "link2"
			{Able {visible 0}{bullet 0}{obstacle 0}{contact 0}{contact_ground 0}{blast 0}{select 0}{touch 1}}
		}
		{Impregnability}
		{Player 0}
		{MID 92}
		{Chassis
			{Links 93}
		}
	}
	{Entity "coal_wagon2" 0x806a
		{Position 7796.9 -613.186 13}
		{Turn -23.938}
		{Volume "link1"
			{Able {visible 0}{bullet 0}{obstacle 0}{contact 0}{contact_ground 0}{blast 0}{select 0}{touch 1}}
		}
		{Volume "link2"
			{Able {visible 0}{bullet 0}{obstacle 0}{contact 0}{contact_ground 0}{blast 0}{select 0}{touch 1}}
		}
		{Impregnability}
		{Player 0}
		{MID 93}
		{Chassis
			{Links 94 92}
		}
	}
	{Entity "coal_wagon2" 0x806b
		{Position 7613.26 -531.659 13}
		{Turn -23.938}
		{Volume "link1"
			{Able {visible 0}{bullet 0}{obstacle 0}{contact 0}{contact_ground 0}{blast 0}{select 0}{touch 1}}
		}
		{Volume "link2"
