{Skeleton
	{animation
		{sequence "recoil" {speed 0.4}}
	}
	{bone "basis"
		{Orientation
			1.0000	0.0000	0.0000
			0.0000	-1.0000	0.0000
			0.0000	0.0000	1.0000
		}
		{bone revolute "body"
			{limits -120.0000 120.0000}
			{speed 0.0100}
			{Position 0.0001	0.0000	17.1259}
			{VolumeView "body.ply"}
			{bone revolute "Gun_rot"
				{limits -5.0000 10.0000}
				{speed 0.0100}
				{Matrix34
					1.0000	0.0000	0.0000
					0.0000	0.0000	1.0000
					0.0000	-1.0000	0.0000
					2.0131	-0.0339	-0.8500
				}
				{VolumeView "Gun_rot.ply"}
				{bone "gun"
					{Matrix34
						0.0000	0.0000	-1.0000
						0.0000	1.0000	0.0000
						1.0000	0.0000	0.0000
						19.5032	3.3793	-0.0339
					}
					{VolumeView "gun.ply"}
					{bone "Foresight1"
						{Matrix34
							0.0000	0.0000	1.0000
							1.0000	0.0000	0.0000
							0.0000	1.0000	0.0000
							0.0468	-2.9900	37.4653
						}
					}
				}
			}
			{bone "Visor"
				{Position 6.1711	0.0000	10.8267}
			}
			{bone "gunner"
				{Matrix34
					1.0000	0.0000	-0.0010
					0.0000	1.0000	0.0009
					0.0010	-0.0009	1.0000
					-13.6711	-10.1647	-17.1259
				}
			}
			{bone "commander"
				{Matrix34
					0.9063	-0.4226	-0.0013
					0.4226	0.9063	0.0001
					0.0012	-0.0006	1.0000
					-13.9884	10.9157	-17.1259
				}
			}
		}
		{bone "emit2"
			{Matrix34
				0.9408	-0.3387	0.0000
				0.3387	0.9408	0.0000
				0.0000	0.0000	1.0000
				-25.7410	16.6176	0.0000
			}
		}
		{bone "emit1"
			{Position -25.9697	-10.3925	0.0000}
		}
	}
}
{Volume "body"
	{Box 14.58025 13.81408 22.6206}
	{Bone "body"}
	{Position 0.2227	0.0000	-6.0058}
}
{Volume "gun_rot"
	{Box 7.65901 6.624 26.895}
	{Bone "Gun_rot"}
	{Matrix34
		0.0000	1.0000	0.0000
		0.0000	0.0000	-1.0000
		-1.0000	0.0000	0.0000
		-10.8616	1.0553	-0.0339
	}
}
{Volume "Gun"
	{Cylinder 1.27835 39.453}
	{Bone "gun"}
	{Matrix34
		0.9994	-0.0349	0.0000
		-0.0349	-0.9994	0.0000
		0.0000	0.0000	1.0000
		-0.1304	-3.2003	9.1704
	}
}
