;MDL File generated by SOEdit 0.41r
;Model created by: <A.G.(ирјр)>
;Date:        Aug 3 2005
{Skeleton
	{bone "Basis"
		{Orientation
			1.0000	0.0000	0.0000
			0.0000	-1.0000	0.0000
			0.0000	0.0000	1.0000
		}
		{bone "WheelsL"
			{parameters "ID=trackleft;"}
			{Position -2.2900	25.1471	9.4020}
			{VolumeView "WheelsL.ply"}
		}
		{bone "WheelsR"
			{parameters "ID=trackright;"}
			{Matrix34
				1.0000	0.0000	0.0000
				0.0000	-1.0000	0.0000
				0.0000	0.0000	1.0000
				-2.2900	-24.7037	9.4020
			}
			{VolumeView "WheelsR.ply"}
		}
		{bone "Body"
			{parameters "ID=body;"}
			{Matrix34
				1.0000	0.0000	0.0000
				0.0000	0.9962	-0.0872
				0.0000	0.0872	0.9962
				-2.7006	-1.7654	22.9459
			}
			{VolumeView "Body.ply"}
			{bone revolute "Gun_rot"
				{parameters "ID=gun;"}
				{limits -13.0000 5.0000}
				{speed 0.0100}
				{Matrix34
					0.9727	0.0000	-0.2317
					-0.2317	0.0000	-0.9727
					0.0000	1.0000	0.0000
					43.1110	-2.7465	14.3925
				}
				{VolumeView "gun_rot.ply"}
				{bone "Gun"
					{parameters "ID=gun;"}
					{Matrix34
						1.0000	0.0000	-0.0000
						-0.0000	-0.0000	1.0000
						-0.0000	-1.0000	-0.0000
						5.0561	0.0747	-0.5390
					}
					{VolumeView "gun.ply"}
				}
			}
			{bone "luk"
				{Matrix34
					1.0000	0.0000	0.0000
					0.0000	1.0000	0.0000
					0.0000	0.0000	1.0000
					20.1684	-10.4233	5.9000
				}
				{bone "cover"
					{Matrix34
						1.0000	0.0000	0.0000
						0.0000	1.0000	0.0000
						0.0000	0.0000	1.0000
						-5.7718	6.9697	16.6199
					}
					{VolumeView "cover.ply"}
				}
			}
			{bone revolute "WheelL2"
				{parameters "ID=trackleft;"}
				{Matrix34
					-1.0000	0.0000	0.0000
					0.0000	0.0000	1.0000
					0.0000	1.0000	-0.0000
					-53.0817	22.3139	-7.3421
				}
				{VolumeView "WheelL2.ply"}
			}
			{bone revolute "WheelR2"
				{parameters "ID=trackright;"}
				{Matrix34
					-1.0000	-0.0000	0.0000
					0.0000	-0.0000	1.0000
					0.0000	-1.0000	-0.0000
					-53.0817	-19.6107	-7.3421
				}
				{VolumeView "WheelR2.ply"}
			}
			{bone revolute "WheelR1"
				{parameters "ID=trackright;"}
				{Matrix34
					-1.0000	-0.0000	0.0000
					0.0000	-0.0000	1.0000
					0.0000	-1.0000	-0.0000
					60.1184	-18.4647	-7.3421
				}
				{VolumeView "WheelR1.ply"}
			}
			{bone revolute "WheelL1"
				{parameters "ID=trackleft;"}
				{Matrix34
					-1.0000	0.0000	0.0000
					0.0000	0.0000	1.0000
					0.0000	1.0000	-0.0000
					60.1184	22.3407	-7.3421
				}
				{VolumeView "WheelL1.ply"}
			}
			{bone "engine"
				{Matrix34
					1.0000	0.0000	-0.0000
					0.0000	-1.0000	-0.0000
					0.0000	-0.0000	-1.0000
					-28.6481	1.2552	7.2958
				}
			}
			{bone "part2"
				{Matrix34
					-0.0000	-0.8726	-0.4885
					-0.0000	-0.4885	0.8726
					-1.0000	0.0000	-0.0000
					-5.9739	28.7631	8.9756
				}
				{VolumeView "part2.ply"}
			}
			{bone "part3"
				{Matrix34
					-0.0000	0.0000	1.0000
					0.0000	-1.0000	0.0000
					1.0000	0.0000	-0.0000
					30.7476	28.4644	4.6040
				}
				{VolumeView "part3.ply"}
			}
			{bone "part4"
				{Matrix34
					-1.0000	0.0000	-0.0000
					-0.0000	-0.0872	0.9962
					0.0000	0.9962	0.0872
					6.0954	21.7807	-11.7123
				}
				{VolumeView "part4.ply"}
			}
			{bone "part5"
				{Matrix34
					-0.0000	0.0000	1.0000
					0.0000	-1.0000	0.0000
					1.0000	0.0000	-0.0000
					-0.9501	-21.0634	8.4264
				}
				{VolumeView "part5.ply"}
			}
			{bone "part1"
				{Matrix34
					1.0000	-0.0000	-0.0000
					0.0000	-0.0872	0.9962
					-0.0000	-0.9962	-0.0872
					62.6508	31.1731	-3.8912
				}
				{VolumeView "part1.ply"}
			}
		}
	}
}
{Volume "trackright"
	{Box 113.395 11.6712 19.112}
	{Bone "WheelsR"}
	{Position 1.3053	0.7636	0.5737}
}
{Volume "trackleft"
	{Box 113.395 11.6712 19.112}
	{Bone "WheelsL"}
	{Position 1.3053	-0.9709	0.5737}
}
{Volume "part1"
	{Polyhedron "part1.vol"}
	{Bone "part1"}
	{Matrix34
		1.0000	0.0000	-0.0000
		-0.0000	-0.0000	-1.0000
		-0.0000	1.0000	-0.0000
		-3.5724	-2.1712	0.6459
	}
}
{Volume "part5"
	{Polyhedron "part5.vol"}
	{Bone "part5"}
	{Matrix34
		-0.6799	-0.7333	0.0000
		0.7333	-0.6799	0.0000
		0.0000	0.0000	1.0000
		-0.0739	0.1045	-52.1854
	}
}
{Volume "part4"
	{Cylinder 9.15438 5}
	{Bone "part4"}
	{Position 0.0000	0.1343	2.5000}
}
{Volume "part3"
	{Box 27.0811 6.19686 3.5}
	{Bone "part3"}
	{Matrix34
		0.0000	-0.0000	1.0000
		0.0872	-0.9962	-0.0000
		0.9962	0.0872	0.0000
		-0.0425	-0.1329	0.0000
	}
}
{Volume "part2"
	{Cylinder 4.06706 19.65}
	{Bone "part2"}
	{Matrix34
		-0.9118	-0.4106	0.0000
		-0.4106	0.9118	-0.0000
		0.0000	-0.0000	-1.0000
		0.0000	-0.0000	9.6479
	}
}
{Volume "gun"
	{Cylinder 2.31293 18.549}
	{Bone "gun"}
	{Matrix34
		-0.0000	1.0000	0.0000
		0.0023	0.0000	1.0000
		1.0000	0.0000	-0.0023
		25.5487	1.0060	-1.1314
	}
}
{Volume "gun_rot"
	{Box 13.6560 9.7682 20.8947}
	{Bone "gun_rot"}
	{Matrix34
		-0.0000	1.0000	0.0000
		0.0000	0.0000	1.0000
		1.0000	0.0000	0.0000
		14.4522	0.8060	0.3941
	}
}
{Volume "Body1"
	{Polyhedron "Body1.vol"}
	{Bone "Body"}
	{Matrix34
		-0.9800	0.0000	-0.0000
		-0.0000	-1.0000	0.0000
		-0.0000	0.0000	1.0000
		-1.7740	-0.1134	-17.0303
	}
}
{Volume "Body2"
	{Polyhedron "Body2.vol"}
	{Bone "Body"}
	{Matrix34
		0.5000	0.0000	0.0000
		0.0000	1.0000	0.0000
		0.0000	0.0000	1.0500
		-28.6558	2.8866	-1.8231
	}
}
{Volume "Body3"
	{Polyhedron "Body3.vol"}
	{Bone "Body"}
	{Matrix34
		1.1679	0.0000	0.0000
		0.0000	1.1105	0.0000
		0.0000	0.0000	2.9946
		19.0937	2.2866	-9.3269
	}
}
