;Exported by: garry
;Date:        Mon May 10 12:23:38 2004
;File:        \\sharepoint\gamedev\DESIGN\-Projects-\-3DWork-\Model\-“¿Õ »\Stug4_G\StuG40-G.max
{Skeleton
	{animation
		{sequence "start"}
		{sequence "stop"}
		{sequence "fire"}
		{sequence "open" {resume}}
	}
	{bone revolute "Basis"
		{limits 0.0000 0.0000}
		{speed 0.0010}
		{Orientation
			1.0000	0.0000	0.0000
			0.0000	-1.0000	0.0000
			0.0000	0.0000	1.0000
		}
		{bone "Body"
			{parameters "ID=body;"}
			{animation
				{sequence "repair" {file "body_r.anm"}}
			}
			{Position 1.3827	-1.0005	19.8671}
			{VolumeView "Body.ply"}
				{bone "Cover"
					{parameters "ID=body;"}
					{Matrix34
						-0.9063	0.4226	0.0000
						0.4226	0.9063	0.0000
						-0.0000	-0.0000	1.0000
						-14.8327	5.9054	19.6540
					}
					{VolumeView "Cover.ply"}
				}
				{bone revolute "Turret"
					{parameters "ID=turret;"}
					{animation
						{sequence "repair" {file "body_r.anm"}}
					}
					{limits -10.0000 10.0000}
					{Matrix34
						-0.0000	-1.0000	0.0000
						0.9999	-0.0000	-0.0103
						0.0103	-0.0000	0.9999
						1.6139	-13.1786	21.5658
					}
					{VolumeView "Turret.ply"}
					{bone revolute "MGun"
						{parameters "ID=turret;"}
						{limits -10.0000 15.0000}
						{speed 0.0200}
						{Matrix34
							0.0141	0.9999	-0.0037
							-0.0070	0.0038	1.0000
							0.9999	-0.0140	0.0070
							-0.4408	-1.3025	1.2932
						}
					}
				}
				{bone "gunner"
					{Matrix34
						0.9999	-0.0000	-0.0103
						0.0000	1.0000	0.0000
						0.0103	-0.0000	0.9999
						-8.3724	-13.0707	4.1958
					}
				}
			{bone "FXfire1"
				{Matrix34
					0.0000	-0.0000	1.0000
					-0.0000	-1.0000	0.0000
					1.0000	-0.0000	-0.0000
					-30.1328	1.1073	6.7187
				}
				{visibility 0}
			}
			{bone "FXshot"
				{Matrix34
					0.0000	-0.0000	1.0000
					-0.0000	-1.0000	0.0000
					1.0000	-0.0000	-0.0000
					-2.7927	-13.1395	5.9721
				}
				{visibility 0}
			}
			{bone "FXsmoke2"
				{Matrix34
					-0.9848	0.0000	-0.1736
					-0.0000	-1.0000	0.0000
					-0.1736	0.0000	0.9848
					-51.2002	15.4819	-3.5954
				}
				{visibility 0}
			}
			{bone "FXsmoke1"
				{Matrix34
					-0.9848	0.0000	-0.1736
					-0.0000	-1.0000	0.0000
					-0.1736	0.0000	0.9848
					-51.2002	-14.9264	-3.5954
				}
				{visibility 0}
			}
			{bone "FXfire2"
				{Matrix34
					0.0000	-0.0000	1.0000
					-0.0000	-1.0000	0.0000
					1.0000	-0.0000	-0.0000
					-4.1064	11.1726	9.7319
				}
				{visibility 0}
			}
			{bone "Visor1"
				{Position 2.1126	10.1691	23.3979}
				{visibility 0}
			}
			{bone revolute "WheelL1"
				{parameters "ID=trackleft;"}
				{Matrix34
					0.0000	-0.0000	1.0000
					1.0000	0.0000	0.0000
					0.0000	1.0000	0.0000
					44.2574	27.4906	-5.7479
				}
				{VolumeView "WheelL1.ply"}
			}
			{bone revolute "WheelR1"
				{parameters "ID=trackright;"}
				{Matrix34
					0.0000	0.0000	1.0000
					1.0000	0.0000	0.0000
					-0.0000	-1.0000	0.0000
					44.2574	-27.7770	-5.7479
				}
				{VolumeView "WheelR1.ply"}
			}
			{bone revolute "WheelR2"
				{parameters "ID=trackright;"}
				{Matrix34
					0.0000	0.0000	1.0000
					1.0000	0.0000	0.0000
					-0.0000	-1.0000	0.0000
					-43.3190	-27.7770	-3.8977
				}
				{VolumeView "WheelR2.ply"}
			}
			{bone revolute "WheelL2"
				{parameters "ID=trackleft;"}
				{Matrix34
					0.0000	-0.0000	1.0000
					1.0000	0.0000	0.0000
					-0.0000	1.0000	0.0000
					-43.3190	27.4906	-3.8977
				}
				{VolumeView "WheelL2.ply"}
			}
			{bone revolute "gun_rot"
				{parameters "ID=gun;"}
				{limits -15.0000 10.0000}
				{Matrix34
					-1.0000	0.0000	-0.0000
					-0.0000	0.0000	1.0000
					0.0000	1.0000	-0.0000
					14.7368	-1.5827	9.5304
				}
				{VolumeView "gun_rot.ply"}
				{bone "gun"
					{parameters "ID=gun;"}
					{Matrix34
						1.0000	-0.0080	-0.0000
						0.0080	1.0000	0.0000
						-0.0000	-0.0000	1.0000
						-23.4754	0.4310	-0.0449
					}
					{VolumeView "gun.ply"}
					{bone "Foresight1"
						{Matrix34
							-1.0000	-0.0080	0.0000
							0.0000	0.0000	1.0000
							-0.0080	1.0000	-0.0000
							-34.5897	-0.5910	-0.0187
						}
					}
				}
			}
			{bone "shield_right"
				{parameters "ID=shield_right;"}
				{animation
					{sequence "repair" {file "shield_right_r.anm"}}
				}
				{Matrix34
					-1.0000	-0.0000	0.0000
					0.0000	-0.0688	0.9976
					0.0000	-0.9976	-0.0688
					-4.0849	-31.2658	3.0002
				}
				{VolumeView "shield_right.ply"}
			}
			{bone "shield_left"
				{parameters "ID=shield_left;"}
				{animation
					{sequence "repair" {file "shield_left_r.anm"}}
				}
				{Matrix34
					-1.0000	0.0000	0.0000
					0.0000	0.0688	0.9976
					0.0000	0.9976	-0.0688
					-4.0849	30.1168	3.0002
				}
				{VolumeView "shield_left.ply"}
			}
		}
		{bone "WheelsL"
			{parameters "ID=trackleft;"}
			{animation
				{sequence "repair" {file "track_l.anm"}}
			}
			{Matrix34
				-1.0000	0.0000	0.0000
				0.0000	0.0000	1.0000
				0.0000	1.0000	0.0000
				3.6125	26.4901	11.4531
			}
			{VolumeView "WheelsL.ply"}
			{bone "FXtraceL1"
				{Matrix34
					1.0000	0.0000	-0.0000
					-0.0000	0.0000	-1.0000
					-0.0000	1.0000	-0.0000
					-19.7275	-1.9279	-3.5759
				}
				{visibility 0}
			}
			{bone "FXtraceL2"
				{Matrix34
					0.9397	0.3420	-0.0000
					-0.0000	-0.0000	-1.0000
					-0.3420	0.9397	0.0000
					50.9309	-4.1359	-3.5759
				}
				{visibility 0}
			}
			{bone "TrackL"
				{parameters "CommonMesh;ID=trackleft;"}
				{Matrix34
					1.0000	0.0000	0.0000
					0.0000	1.0000	-0.0000
					-0.0000	0.0000	1.0000
					3.8306	3.1622	-3.4084
				}
				{VolumeView "TrackL.ply"}
			}
		}
		{bone "WheelsR"
			{parameters "ID=trackright;"}
			{animation
				{sequence "repair" {file "track_r.anm"}}
			}
			{Matrix34
				-1.0000	0.0000	0.0000
				0.0000	0.0000	1.0000
				-0.0000	-1.0000	0.0000
				3.6125	-28.7775	11.4531
			}
			{VolumeView "WheelsR.ply"}
			{bone "FXtraceR1"
				{Matrix34
					1.0000	0.0000	0.0000
					-0.0000	0.0000	1.0000
					-0.0000	1.0000	-0.0000
					-19.7275	-1.9279	-3.9415
				}
				{visibility 0}
			}
			{bone "FXtraceR2"
				{Matrix34
					0.9397	0.3420	0.0000
					-0.0000	0.0000	1.0000
					-0.3420	0.9397	-0.0000
					50.9309	-4.1359	-3.9415
				}
				{visibility 0}
			}
			{bone "TrackR"
				{parameters "CommonMesh;ID=trackright;"}
				{Matrix34
					1.0000	0.0000	-0.0000
					0.0000	1.0000	0.0000
					-0.0000	0.0000	-1.0000
					3.5970	3.5392	-3.6271
				}
				{VolumeView "TrackR.ply"}
			}
		}
		{bone "emit1"
			{Position -63.0269	23.3558	0.0000}
			{visibility 0}
		}
		{bone "emit2"
			{Position -63.0269	-26.5758	0.0000}
			{visibility 0}
		}
	}
}
{Volume "Trackright"
	{Box 104.615 10.5794 25.7066}
	{Bone "WheelsR"}
	{Matrix34
		1.0000	-0.0000	0.0000
		0.0000	0.0000	-1.0000
		-0.0000	1.0000	0.0000
		2.5730	1.5111	-3.5728
	}
}
{Volume "Trackleft"
	{Box 104.615 10.5794 25.7066}
	{Bone "WheelsL"}
	{Matrix34
		-1.0000	0.0000	0.0000
		0.0000	0.0000	1.0000
		0.0000	1.0000	0.0000
		2.5730	1.5111	-3.4261
	}
}
{Volume "shield_left"
	{Box 78.9525 1.66784 23.6765}
	{Bone "shield_left"}
	{Matrix34
		-1.0000	0.0000	0.0000
		0.0000	0.0086	1.0000
		0.0000	1.0000	-0.0086
		-1.4454	0.6763	0.0645
	}
}
{Volume "shield_right"
	{Box 78.9525 1.66784 23.6765}
	{Bone "shield_right"}
	{Matrix34
		-1.0000	0.0000	-0.0000
		-0.0000	-0.0050	1.0000
		0.0000	1.0000	0.0050
		-1.4454	0.5912	-0.0626
	}
}
{Volume "gun"
	{Cylinder 2.19122 53.8889}
	{Bone "gun"}
	{Matrix34
		-0.0000	-0.0000	1.0000
		-0.0080	1.0000	-0.0000
		-1.0000	-0.0080	-0.0000
		-6.9589	-0.2438	-0.0453
	}
}
{Volume "Body2"
	{Polyhedron "Body2.vol"}
	{Bone "Body"}
	{Position 3.2821	0.0203	6.2404}
}
{Volume "Body1"
	{Polyhedron "Body1.vol"}
	{Bone "Body"}
	{Position -0.3311	0.0203	-13.0275}
}
{Volume "Engine"
	{Box 16.3125 33.0759 15.4736}
	{Bone "Body"}
	{Position -33.1325	0.0203	1.5644}
}
{Volume "Inventory"
	{Box 14.761 30.5118 17.2593}
	{Bone "Body"}
	{Position -17.1935	0.0203	0.1529}
}
{Volume "Crew"
	{Box 19.6814 19.685 22.1273}
	{Bone "Body"}
	{Position 3.9026	0.0203	5.0452}
}
{Volume "mgun_shield2"
	{Box 11.7272 1.22186 6.30648}
	{Bone "Turret"}
	{Matrix34
		0.9962	-0.0129	-0.0860
		0.0129	0.9999	-0.0012
		0.0860	0.0001	0.9963
		0.5577	-14.7743	-0.7728
	}
}
{Volume "mgun_shield1"
	{Box 11.7272 2.51778 8.29799}
	{Bone "Turret"}
	{Matrix34
		0.9999	-0.0137	-0.0097
		0.0137	0.9999	-0.0002
		0.0097	0.0000	1.0000
		0.2849	-0.0110	0.5888
	}
}
