{mission
	{Camera
		{Position 180.463 3223.92}
		{Distance 2751}
		{ViewAngle 0.428146}
		{YawAngle 73.7775}
	}
	{Environment "cloudy"}
	{User 2}
	{GameProgress 0 0}
	{Entity "lighthouse" 0x8000
		{Position 1813.19 -549.667 38}
		{Turn -55.11}
		{Player 0}
		{MID 1}
	}
	{Entity "fubukiclass" 0x8001
		{Position -140.149 -520.687 5}
		{Turn 89.5379}
		{Player 3}
		{MID 2}
		
	}
	{Entity "fubuki_127" 0x8002
		{Position -136.003 54.2865 77.6625}
		{Orientation
			  0.008065   0.999960   0.003749
			 -0.999943   0.008091  -0.006963
			 -0.006993  -0.003693   0.999969
		}
		{DisableObstacles}
		{Player 3}
		{MID 3}
		
	}
	{Entity "fubuki_127" 0x8003
		{Position -145.119 -1107.42 36.9917}
		{Orientation
			 -0.008065  -0.999960  -0.003749
			  0.999943  -0.008091   0.006963
			 -0.006993  -0.003693   0.999969
		}
		{DisableObstacles}
		{Player 3}
		{MID 4}
		
	}
	{Entity "fubuki_127" 0x8004
		{Position -144.22 -963.945 74.5447}
		{Orientation
			 -0.008065  -0.999960  -0.003749
			  0.999943  -0.008091   0.006963
			 -0.006993  -0.003693   0.999969
		}
		{DisableObstacles}
		{Player 3}
		{MID 5}
		
	}
	{Entity "type93_stan" 0x8005
		{Position -159.707 -570.611 80.8757}
		{Orientation
			 -0.999943   0.008091  -0.006963
			 -0.008065  -0.999960  -0.003749
			 -0.006993  -0.003693   0.999969
		}
		{DisableObstacles}
		{Player 3}
		{MID 6}
		
	}
	{Entity "type93_stan" 0x8006
		{Position -116.886 -570.954 80.3824}
		{Orientation
			  0.999943  -0.008091   0.006963
			  0.008065   0.999960   0.003749
			 -0.006993  -0.003693   0.999969
		}
		{DisableObstacles}
		{Player 3}
		{MID 7}
		
	}
	{Human "jap.sailor3" 0x8007
		{Position -129.323 -936.489 81.1644}
		{Turn -90.4621}
		{DisableObstacles}
		{Player 3}
		{MID 8}
		{NameId 68 32}
		{FsmState "board"}
	}
	{Human "jap.sailor3" 0x8008
		{Position -157.594 -1079.75 43.4208}
		{Turn -90.4621}
		{DisableObstacles}
		{Player 3}
		{MID 9}
		{NameId 2 10}
		{FsmState "board"}
	}
	{Human "jap.sailor3" 0x8009
		{Position -123.617 26.5605 84.0609}
		{Turn 89.5379}
		{DisableObstacles}
		{Player 3}
		{MID 10}
		{NameId 73 78}
		{FsmState "board"}
	}
	{Human "jap.sailor3" 0x800a
		{Position -150.989 26.7825 83.8703}
		{Turn 89.5379}
		{DisableObstacles}
		{Player 3}
		{MID 11}
		{NameId 31 51}
		{FsmState "board"}
	}
	{Human "jap.sailor2" 0x800b
		{Position -145.462 -570.951 80.9741}
		{Turn 179.536}
		{Extender "inventory"
			{box
				{clear}
				{item "bayonet" {cell 7 0}}
				{item "type26" filling "ammo pistol" 6 {cell 0 0}}
			}
		}
		{DisableObstacles}
		{Player 3}
		{MID 12}
		{NameId 1 45}
		{FsmState "board"}
	}
	{Human "jap.sailor2" 0x800c
		{Position -131.131 -570.614 80.284}
		{Turn -0.463304}
		{Extender "inventory"
			{box
				{clear}
				{item "bayonet" {cell 7 0}}
				{item "type26" filling "ammo pistol" 6 {cell 0 0}}
			}
		}
		{DisableObstacles}
		{Player 3}
		{MID 13}
		{NameId 13 87}
		{FsmState "board"}
	}
	{Human "jap.sailor3" 0x800d
		{Position -156.695 -936.267 80.9738}
		{Turn -90.4621}
		{DisableObstacles}
		{Player 3}
		{MID 14}
		{NameId 0 87}
		{FsmState "board"}
	}
	{Human "jap.sailor3" 0x800e
		{Position -130.223 -1079.97 43.6114}
		{Turn -90.4621}
		{DisableObstacles}
		{Player 3}
		{MID 15}
		{NameId 88 57}
		{FsmState "board"}
	}
	{Human "jap.subofisailor" 0x800f
		{Position -137.806 -156.456 91.8096}
		{Turn 89.5379}
		{DisableObstacles}
		{Player 3}
		{MID 16}
		{NameId 66 99}
		{FsmState "board"}
	}
	{Entity "diahatsu" 0x8010
		{Position 352.188 2511.33 5}
		{Turn -0.506561}
		{Player 3}
		{MID 17}
		
	}
	{Entity "diahatsu" 0x8011
		{Position 352.905 2749.04 5}
		{Player 3}
		{MID 18}
		
	}
	{Entity "diahatsu" 0x8012
		{Position 348.717 2989.81 5}
		{Turn 1.29693}
		{Player 3}
		{MID 19}
		
	}
	{Entity "diahatsu" 0x8013
		{Position 353.403 3591.43 5}
		{Turn 3.6653}
		{Player 3}
		{MID 20}
		
	}
	{Entity "diahatsu" 0x8014
		{Position 339.684 3865.03 5}
		{Turn 4.70007}
		{Player 3}
		{MID 21}
		
	}
	{Human "jap.sailor2" 0x8015
		{Position 279.716 2511.93 15.7085}
		{Orientation
			  0.999893  -0.008774  -0.011705
			  0.008808   0.999957   0.002862
			  0.011680  -0.002965   0.999927
		}
		{Extender "inventory"
			{box
				{clear}
				{item "bayonet" {cell 7 0}}
				{item "type26" filling "ammo pistol" 6 {cell 0 0}}
			}
		}
		{DisableObstacles}
		{Player 3}
		{MID 22}
		{NameId 18 25}
		{FsmState "board"}
	}
	{Human "jap.infantry_rifle" 0x8016
		{Position 311.615 3846.73 5.95486}
		{Orientation
			  0.996564   0.082000  -0.011705
			 -0.081972   0.996630   0.002862
			  0.011901  -0.001892   0.999927
		}
		{DisableObstacles}
		{Player 3}
		{MID 23}
		{NameId 48 54}
		{FsmState "board"}
	}
	{Human "jap.infantry_rifle" 0x8017
		{Position 369.571 3851.49 6.95854}
		{Orientation
			  0.996564   0.082000  -0.011705
			 -0.081972   0.996630   0.002862
			  0.011901  -0.001892   0.999927
		}
		{DisableObstacles}
		{Player 3}
		{MID 24}
		{NameId 25 19}
		{FsmState "board"}
	}
	{Human "jap.infantry_rifle" 0x8018
		{Position 310.312 3862.57 6.00035}
		{Orientation
			  0.996564   0.082000  -0.011705
			 -0.081972   0.996630   0.002862
			  0.011901  -0.001892   0.999927
		}
		{DisableObstacles}
		{Player 3}
		{MID 25}
		{NameId 78 100}
		{FsmState "board"}
	}
	{Human "jap.infantry_rifle" 0x8019
		{Position 308.918 3879.52 6.04901}
		{Orientation
			  0.996564   0.082000  -0.011705
			 -0.081972   0.996630   0.002862
			  0.011901  -0.001892   0.999927
		}
		{DisableObstacles}
		{Player 3}
		{MID 26}
		{NameId 5 86}
		{FsmState "board"}
	}
	{Human "jap.medic" 0x801a
		{Position 439.4 2510.5 11.3675}
		{Orientation
			  0.999893  -0.008774  -0.011705
			  0.008808   0.999957   0.002862
			  0.011680  -0.002965   0.999927
		}
		{Extender "inventory"
			{box
				{clear}
				{item "ammo pistol" 24 {cell 2 0}}
				{item "bandage" 5 {cell 6 0}}
				{item "bandage" 5 {cell 6 1}}
				{item "knife_jap" {cell 0 1}}
				{item "nambu" filling "ammo pistol" 8 {cell 0 0}}
			}
		}
		{DisableObstacles}
		{Player 3}
		{MID 27}
		{NameId 75 57}
		{LastItem "arisaka"}
		{FsmState "board"}
	}
	{Human "jap.infantry_rifle" 0x801b
		{Position 380.723 2495.14 6.95854}
		{Orientation
			  0.999893  -0.008774  -0.011705
			  0.008808   0.999957   0.002862
			  0.011680  -0.002965   0.999927
		}
		{DisableObstacles}
		{Player 3}
		{MID 28}
		{NameId 13 88}
		{LastItem "arisaka"}
		{FsmState "board"}
	}
	{Human "jap.infantry_rifle" 0x801c
		{Position 400.42 2527.75 7.97045}
		{Orientation
			  0.999893  -0.008774  -0.011705
			  0.008808   0.999957   0.002862
			  0.011680  -0.002965   0.999927
		}
		{DisableObstacles}
		{Player 3}
		{MID 29}
		{NameId 0 88}
		{LastItem "arisaka"}
		{FsmState "board"}
	}
	{Human "jap.infantry_rifle" 0x801d
		{Position 400.132 2494.96 7.87661}
		{Orientation
			  0.999893  -0.008774  -0.011705
			  0.008808   0.999957   0.002862
			  0.011680  -0.002965   0.999927
		}
		{DisableObstacles}
		{Player 3}
		{MID 30}
		{NameId 88 58}
		{LastItem "arisaka"}
		{FsmState "board"}
	}
	{Human "jap.infantry_rifle" 0x801e
		{Position 361.638 2528.15 6.22785}
		{Orientation
			  0.999893  -0.008774  -0.011705
			  0.008808   0.999957   0.002862
			  0.011680  -0.002965   0.999927
		}
		{DisableObstacles}
		{Player 3}
		{MID 31}
		{NameId 66 100}
		{LastItem "arisaka"}
		{FsmState "board"}
	}
	{Human "jap.infantry_rifle" 0x801f
		{Position 304.082 2511.71 6.00576}
		{Orientation
			  0.999893  -0.008774  -0.011705
			  0.008808   0.999957   0.002862
			  0.011680  -0.002965   0.999927
		}
		{DisableObstacles}
		{Player 3}
		{MID 32}
		{NameId 52 50}
		{LastItem "arisaka"}
		{FsmState "board"}
	}
	{Human "jap.infantry_rifle" 0x8020
		{Position 361.492 2511.56 6.18039}
		{Orientation
			  0.999893  -0.008774  -0.011705
			  0.008808   0.999957   0.002862
			  0.011680  -0.002965   0.999927
		}
		{DisableObstacles}
		{Player 3}
		{MID 33}
		{NameId 18 27}
		{LastItem "arisaka_kn"}
		{FsmState "board"}
	}
	{Human "jap.infantry_rifle" 0x8021
		{Position 342.078 2511.38 5.75965}
		{Orientation
			  0.999893  -0.008774  -0.011705
			  0.008808   0.999957   0.002862
			  0.011680  -0.002965   0.999927
		}
		{DisableObstacles}
		{Player 3}
		{MID 34}
		{NameId 2 11}
		{LastItem "arisaka_kn"}
		{FsmState "board"}
	}
	{Human "jap.infantry_rifle" 0x8022
		{Position 380.866 2511.39 7.00505}
		{Orientation
			  0.999893  -0.008774  -0.011705
			  0.008808   0.999957   0.002862
			  0.011680  -0.002965   0.999927
		}
		{DisableObstacles}
		{Player 3}
		{MID 35}
		{NameId 1 48}
		{LastItem "arisaka_kn"}
		{FsmState "board"}
	}
	{Human "jap.infantry_rifle" 0x8023
		{Position 322.714 2511.55 6.00035}
		{Orientation
			  0.999893  -0.008774  -0.011705
			  0.008808   0.999957   0.002862
			  0.011680  -0.002965   0.999927
		}
		{DisableObstacles}
		{Player 3}
		{MID 36}
		{NameId 61 19}
		{LastItem "arisaka_kn"}
		{FsmState "board"}
	}
	{Human "jap.infantry_rifle" 0x8024
		{Position 400.275 2511.2 7.92306}
		{Orientation
			  0.999893  -0.008774  -0.011705
			  0.008808   0.999957   0.002862
			  0.011680  -0.002965   0.999927
		}
		{DisableObstacles}
		{Player 3}
		{MID 37}
		{NameId 13 90}
		{LastItem "arisaka_kn"}
		{FsmState "board"}
	}
	{Human "jap.infantry_rifle" 0x8025
		{Position 342.228 2528.37 5.8083}
		{Orientation
			  0.999893  -0.008774  -0.011705
			  0.008808   0.999957   0.002862
			  0.011680  -0.002965   0.999927
		}
		{DisableObstacles}
		{Player 3}
		{MID 38}
		{NameId 73 79}
		{LastItem "arisaka_kn"}
		{FsmState "board"}
	}
	{Human "jap.infantry_rifle" 0x8026
		{Position 341.938 2495.48 5.71417}
		{Orientation
			  0.999893  -0.008774  -0.011705
			  0.008808   0.999957   0.002862
			  0.011680  -0.002965   0.999927
		}
		{DisableObstacles}
		{Player 3}
		{MID 39}
		{NameId 68 33}
		{LastItem "arisaka_kn"}
		{FsmState "board"}
	}
	{Human "jap.infantry_rifle" 0x8027
		{Position 361.349 2495.31 6.13388}
		{Orientation
			  0.999893  -0.008774  -0.011705
			  0.008808   0.999957   0.002862
			  0.011680  -0.002965   0.999927
		}
		{DisableObstacles}
		{Player 3}
		{MID 40}
		{NameId 31 55}
		{LastItem "arisaka_kn"}
		{FsmState "board"}
	}
	{Human "jap.infantry_rifle" 0x8028
		{Position 419.9 2494.78 9.97014}
		{Orientation
			  0.999893  -0.008774  -0.011705
			  0.008808   0.999957   0.002862
			  0.011680  -0.002965   0.999927
		}
		{DisableObstacles}
		{Player 3}
		{MID 41}
		{NameId 88 61}
		{LastItem "type100"}
		{FsmState "board"}
	}
	{Human "jap.infantry_rifle" 0x8029
		{Position 420.189 2527.65 10.0642}
		{Orientation
			  0.999893  -0.008774  -0.011705
			  0.008808   0.999957   0.002862
			  0.011680  -0.002965   0.999927
		}
		{DisableObstacles}
		{Player 3}
		{MID 42}
		{NameId 66 0}
		{LastItem "type100"}
		{FsmState "board"}
	}
	{Human "jap.infantry_rifle" 0x802a
		{Position 381.013 2527.97 7.05251}
		{Orientation
			  0.999893  -0.008774  -0.011705
			  0.008808   0.999957   0.002862
			  0.011680  -0.002965   0.999927
		}
		{DisableObstacles}
		{Player 3}
		{MID 43}
		{NameId 54 87}
		{LastItem "arisaka"}
		{FsmState "board"}
	}
	{Human "jap.infantry_rifle" 0x802b
		{Position 322.574 2495.65 5.95486}
		{Orientation
			  0.999893  -0.008774  -0.011705
			  0.008808   0.999957   0.002862
			  0.011680  -0.002965   0.999927
		}
		{DisableObstacles}
		{Player 3}
		{MID 44}
		{NameId 29 16}
		{LastItem "arisaka"}
		{FsmState "board"}
	}
	{Human "jap.infantry_rifle" 0x802c
		{Position 304.232 2528.71 6.05441}
		{Orientation
			  0.999893  -0.008774  -0.011705
			  0.008808   0.999957   0.002862
			  0.011680  -0.002965   0.999927
		}
		{DisableObstacles}
		{Player 3}
		{MID 45}
		{NameId 83 53}
		{LastItem "arisaka"}
		{FsmState "board"}
	}
	{Human "jap.infantry_rifle" 0x802d
		{Position 303.942 2495.82 5.96027}
		{Orientation
			  0.999893  -0.008774  -0.011705
			  0.008808   0.999957   0.002862
			  0.011680  -0.002965   0.999927
		}
		{Extender "inventory"
			{box
				{clear}
				{item "bayonet" {cell 7 0}}
				{item "ammo rifle" 25 {cell 6 0}}
				{item "arisaka" filling "ammo rifle" 5 {cell 0 0}}
			}
		}
		{DisableObstacles}
		{Player 3}
		{MID 46}
		{NameId 88 6}
		{LastItem "arisaka"}
		{FsmState "board"}
	}
	{Human "jap.infantry_rifle" 0x802e
		{Position 322.864 2528.55 6.04901}
		{Orientation
			  0.999893  -0.008774  -0.011705
			  0.008808   0.999957   0.002862
			  0.011680  -0.002965   0.999927
		}
		{Extender "inventory"
			{box
				{clear}
				{item "bayonet" {cell 7 0}}
				{item "ammo rifle" 25 {cell 6 0}}
				{item "arisaka" filling "ammo rifle" 5 {cell 0 0}}
			}
		}
		{DisableObstacles}
		{Player 3}
		{MID 47}
		{NameId 70 76}
		{LastItem "arisaka"}
		{FsmState "board"}
	}
	{Human "jap.infantry_rifle" 0x802f
		{Position 439.26 2494.61 11.322}
		{Orientation
			  0.999893  -0.008774  -0.011705
			  0.008808   0.999957   0.002862
			  0.011680  -0.002965   0.999927
		}
		{DisableObstacles}
		{Player 3}
		{MID 48}
		{NameId 52 52}
		{LastItem "type100"}
		{FsmState "board"}
	}
	{Human "jap.infantry_rifle" 0x8030
		{Position 420.039 2510.67 10.0156}
		{Orientation
			  0.999893  -0.008774  -0.011705
			  0.008808   0.999957   0.002862
			  0.011680  -0.002965   0.999927
		}
		{DisableObstacles}
		{Player 3}
		{MID 49}
		{NameId 0 90}
		{LastItem "type100"}
		{FsmState "board"}
	}
	{Human "jap.infantry_mgun" 0x8031
		{Position 439.55 2527.49 11.4161}
		{Orientation
			  0.999893  -0.008774  -0.011705
			  0.008808   0.999957   0.002862
			  0.011680  -0.002965   0.999927
		}
		{Extender "inventory"
			{box
				{clear}
				{item "ammo mgun" 80 {cell 6 0}}
				{item "type97" filling "ammo mgun" 20 {cell 0 0}}
			}
		}
		{DisableObstacles}
		{Player 3}
		{MID 50}
		{NameId 7 8}
		{LastItem "type97"}
		{FsmState "board"}
	}
	{Human "jap.oficer" 0x8032
		{Position 458.017 2518.85 12.5397}
		{Orientation
			  0.999893  -0.008774  -0.011705
			  0.008808   0.999957   0.002862
			  0.011680  -0.002965   0.999927
		}
		{DisableObstacles}
		{Player 3}
		{MID 51}
		{NameId 79 30}
		{LastItem "nambu"}
		{FsmState "board"}
	}
	{Human "jap.engineer" 0x8033
		{Position 457.864 2501.42 12.4898}
		{Orientation
			  0.999893  -0.008774  -0.011705
			  0.008808   0.999957   0.002862
			  0.011680  -0.002965   0.999927
		}
		{Extender "inventory"
			{box
				{clear}
				{item "ammo pistol" 90 {cell 4 0}}
				{item "mine_detector" {cell 6 0}}
				{item 0x8035 "dynamite" {cell 4 1}}
				{item "knife_jap" {cell 4 3}}
				{item "type100" filling "ammo pistol" 30 {cell 0 0}}
			}
		}
		{DisableObstacles}
		{Player 3}
		{MID 52}
		{NameId 38 5}
		{LastItem "type100"}
		{FsmState "board"}
	}
	{Entity "dynamite" 0x8035
		{Position 7479.89 2136.3 63.7726}
		{Orientation
			 -0.160529   0.650401   0.742493
			  0.856773   0.465362  -0.222406
			 -0.490139   0.600394  -0.631895
		}
	}
	{Entity "wildcat" 0x8034
		{Position 8601.74 2561.7 31.8092}
		{Turn -103.323}
		{TexMod "n7"}
		{Player 1}
		{MID 53}
	}
	{Entity "wildcat" 0x8036
		{Position 8813.44 2159.36 31.8092}
		{Turn -12.1957}
		{TexMod "n4"}
		{Player 1}
		{MID 54}
		
	}
	{Human "usa.tankman" 0x8037
		{Position 8809.23 2160.91 66.1144}
		{Orientation
			  0.962861  -0.208102   0.172026
			  0.211251   0.977432  -0.000002
			 -0.168144   0.036343   0.985092
		}
		{Extender "inventory"
			{box
				{clear}
				{item "ammo pistol" 21 {cell 6 0}}
				{item "colt" filling "ammo pistol" 7 {cell 0 0}}
			}
		}
		{DisableObstacles}
		{Player 1}
		{MID 55}
		{NameId 69 61}
		{LastItem "colt"}
		{FsmState "board"}
	}
	{Human "usa.tankman" 0x9000
		{Position 8603.38 2565.88 66.1144}
		{Orientation
			 -0.227006  -0.958580   0.172025
			  0.973086  -0.230441   0.000002
			  0.039640   0.167396   0.985093
		}
		{Extender "inventory"
			{box
				{clear}
				{item "ammo pistol" 21 {cell 6 0}}
				{item "colt" filling "ammo pistol" 7 {cell 0 0}}
			}
		}
		{DisableObstacles}
		{Player 1}
		{MID 56}
		{NameId 125 12}
		{LastItem "colt"}
		{FsmState "board"}
	}
	{Human "usa.marine.all" 0x8038
		{Position 7565.9 331.655 168.8}
		{Turn -152.502}
		{DisableObstacles}
		{Player 1}
		{MID 57}
		{NameId 102 99}
		{LastItem "m2_carbine"}
		{Cover
			{sector 7565.9 331.655 {type "snipe_cover"}
				{wall 0 0 7564.31 319.552 7555.07 337.293}
			}
		}
		{FsmState "snipe"}
	}
	{Human "usa.marine2.all" 0x8039
		{Position 9511.1 1746.44 38}
		{Turn 79.316}
		{Extender "inventory"
			{box
				{clear}
				{item "ammo pistol" 60 {cell 3 0}}
				{item "grenade m61" {cell 5 0}}
			}
		}
		{Player 1}
		{MID 58}
		{Weaponry
			{State
				{Mounted "m3a"}
				{Weapon
					{Ammo "ammo pistol" 30}
				}
			}
		}
		{NameId 87 22}
		{Cover
			{sector 9511.1 1746.44 {type "snipe_cover"}
				{wall 0 0 9473.37 1760.68 9601.43 1736.52}
			}
		}
		{FsmState "snipe"}
	}
	{Human "usa.marine.all" 0x803a
		{Position 9498.81 1676.88 38}
		{Turn -100.683}
		{Extender "inventory"
			{box
				{clear}
				{item "ammo rifle" 45 {cell 4 0}}
			}
		}
		{Player 1}
		{MID 59}
		{Weaponry
			{State
				{Mounted "m2_carbine"}
				{Weapon
					{Ammo "ammo rifle" 15}
				}
			}
		}
		{NameId 144 91}
		{Cover
			{sector 9498.81 1676.88 {type "snipe_cover"}
				{wall 0 0 9532.15 1663.47 9457.83 1677.49}
			}
		}
		{FsmState "snipe"}
	}
	{Human "usa.marine.oficer" 0x803b
		{Position 7722.45 319.889 168.8}
		{Turn -15.4999}
		{DisableObstacles}
		{Player 1}
		{MID 60}
		{NameId 135 23}
		{Cover
			{sector 7722.45 319.889 {type "snipe_cover"}
				{wall 0 0 7731.87 327.655 7726.52 308.382}
			}
		}
		{FsmState "snipe"}
	}
	{Human "usa.marine.all" 0x803c
		{Position 6961.07 781.647 25}
		{Turn 144.246}
		{Extender "inventory"
			{box
				{clear}
				{item "ammo rifle" 40 {cell 7 0}}
				{item "bandage" 3 {cell 5 0}}
			}
		}
		{Player 1}
		{MID 61}
		{Weaponry
			{State
				{Mounted "m1"}
				{Weapon
					{Ammo "ammo rifle" 8}
				}
			}
		}
		{NameId 145 49}
		{Cover
			{sector 6961.07 781.647 {type "snipe_cover"}
				{wall 0 0 6931.14 752.063 7008.84 859.979}
			}
		}
		{FsmState "snipe"}
	}
	{Human "usa.marine.all" 0x803d
		{Position 6875.92 671.857 27.5919}
		{Turn 141.499}
		{Extender "inventory"
			{box
				{clear}
				{item "ammo rifle" 45 {cell 4 0}}
			}
		}
		{Player 1}
		{MID 62}
		{Weaponry
			{State
				{Mounted "m2_carbine"}
				{Weapon
					{Ammo "ammo rifle" 15}
				}
			}
		}
		{NameId 130 41}
		{Cover
			{sector 6875.92 671.857 {type "snipe_cover"}
				{wall 0 0 6854.73 656.457 6937.51 760.522}
			}
		}
		{FsmState "snipe"}
	}
	{Human "usa.marine.all" 0x803e
		{Position 7008.53 847.571 24.6812}
		{Turn 144.246}
		{Extender "inventory"
			{box
				{clear}
				{item "ammo rifle" 40 {cell 7 0}}
				{item "bandage" 3 {cell 5 0}}
				{item "knife" {cell 6 1}}
			}
		}
		{Player 1}
		{MID 63}
		{Weaponry
			{State
				{Mounted "m1"}
				{Weapon
					{Ammo "ammo rifle" 8}
				}
			}
		}
		{NameId 105 13}
		{Cover
			{sector 7008.53 847.571 {type "snipe_cover"}
				{wall 0 0 6931.14 752.063 7008.84 859.979}
			}
		}
		{FsmState "snipe"}
	}
	{Human "usa.marine.all" 0x803f
		{Position 7088.68 941.868 25.5441}
		{Turn 138.964}
		{Extender "inventory"
			{box
				{clear}
				{item "ammo rifle" 45 {cell 4 0}}
			}
		}
		{Player 1}
		{MID 64}
		{Weaponry
			{State
				{Mounted "m2_carbine"}
				{Weapon
					{Ammo "ammo rifle" 15}
				}
			}
		}
		{NameId 55 52}
		{Cover
			{sector 7088.68 941.868 {type "snipe_cover"}
				{wall 0 0 7002.83 853.895 7090.13 954.195}
			}
		}
		{FsmState "snipe"}
	}
	{Human "usa.marine.all" 0x8040
		{Position 8517.02 38.1583 38}
		{Turn -126.25}
		{Extender "inventory"
			{box
				{clear}
				{item "ammo rifle" 40 {cell 7 0}}
				{item "pala" {cell 6 1}}
				{item "bandage" 3 {cell 5 0}}
			}
		}
		{Player 1}
		{MID 65}
		{Weaponry
			{State
				{Mounted "m1"}
				{Weapon
					{Ammo "ammo rifle" 8}
				}
			}
		}
		{NameId 142 49}
		{FsmState "stand"}
	}
	{Human "usa.marine.all" 0x8041
		{Position 8538.5 14.6056 38}
		{Turn 27.8284}
		{Extender "inventory"
			{box
				{clear}
				{item "ammo rifle" 45 {cell 4 0}}
			}
		}
		{Player 1}
		{MID 66}
		{Weaponry
			{State
				{Mounted "m2_carbine"}
				{Weapon
					{Ammo "ammo rifle" 15}
				}
			}
		}
		{NameId 67 26}
		{FsmState "stand"}
	}
	{Human "usa.marine.all" 0x8042
		{Position 8505.52 -44.0155 38}
		{Turn -148.439}
		{Extender "inventory"
			{box
				{clear}
				{item "ammo rifle" 40 {cell 7 0}}
				{item "pala" {cell 6 1}}
				{item "bandage" 3 {cell 5 0}}
			}
		}
		{Player 1}
		{MID 67}
		{Weaponry
			{State
				{Mounted "m1"}
				{Weapon
					{Ammo "ammo rifle" 8}
				}
			}
		}
		{NameId 88 66}
		{FsmState "stand"}
	}
	{Human "usa.marine.all" 0x8043
		{Position 8545.86 173.117 38}
		{Turn -160.677}
		{Extender "inventory"
			{box
				{clear}
				{item "ammo rifle" 45 {cell 4 0}}
			}
		}
		{Player 1}
		{MID 68}
		{Weaponry
			{State
				{Mounted "m2_carbine"}
				{Weapon
					{Ammo "ammo rifle" 15}
				}
			}
		}
		{NameId 132 74}
		{FsmState "stand"}
	}
	{Human "usa.marine2.all" 0x8044
		{Position 7067.35 917.359 25}
		{Turn 138.964}
		{Extender "inventory"
			{box
				{clear}
				{item "ammo pistol" 60 {cell 3 0}}
				{item "grenade m61" {cell 5 0}}
			}
		}
		{Player 1}
		{MID 69}
		{Weaponry
			{State
				{Mounted "m3a"}
				{Weapon
					{Ammo "ammo pistol" 30}
				}
			}
		}
		{NameId 93 83}
		{Cover
			{sector 7067.35 917.359 {type "snipe_cover"}
				{wall 0 0 7002.83 853.895 7090.13 954.195}
			}
		}
		{FsmState "snipe"}
	}
	{Human "usa.marine2.all" 0x8045
		{Position 6916.38 722.714 28.0651}
		{Turn 141.499}
		{Extender "inventory"
			{box
				{clear}
				{item "ammo pistol" 60 {cell 6 0}}
			}
		}
		{Player 1}
		{MID 70}
		{Weaponry
			{State
				{Mounted "m3a"}
				{Weapon
					{Ammo "ammo pistol" 30}
				}
			}
		}
		{NameId 31 53}
		{Cover
			{sector 6916.38 722.714 {type "snipe_cover"}
				{wall 0 0 6854.73 656.457 6937.51 760.522}
			}
		}
		{FsmState "snipe"}
	}
	{Human "usa.marine2.all" 0x8046
		{Position 8946.11 -257.155 38}
		{Turn 14.0426}
		{Extender "inventory"
			{box
				{clear}
				{item "ammo pistol" 60 {cell 3 0}}
				{item "grenade m61" {cell 5 0}}
			}
		}
		{Player 1}
		{MID 71}
		{Weaponry
			{State
				{Mounted "m3a"}
				{Weapon
					{Ammo "ammo pistol" 30}
				}
			}
		}
		{NameId 135 20}
		{FsmState "stand"}
	}
	{Human "usa.marine2.all" 0x8047
		{Position 8939.45 -218.192 38}
		{Turn 58.3815}
		{Extender "inventory"
			{box
				{clear}
				{item "ammo pistol" 60 {cell 6 0}}
			}
		}
		{Player 1}
		{MID 72}
		{Weaponry
			{State
				{Mounted "m3a"}
				{Weapon
					{Ammo "ammo pistol" 30}
				}
			}
		}
		{NameId 104 41}
		{FsmState "stand"}
	}
	{Human "usa.marine2.all" 0x8048
		{Position 8519.82 86.9361 38}
		{Turn 166.265}
		{Extender "inventory"
			{box
				{clear}
				{item "ammo pistol" 60 {cell 3 0}}
				{item "grenade m61" {cell 5 0}}
			}
		}
		{Player 1}
		{MID 73}
		{Weaponry
			{State
				{Mounted "m3a"}
				{Weapon
					{Ammo "ammo pistol" 30}
				}
			}
		}
		{NameId 17 1}
		{Cover
			{sector 8519.82 86.9361 {type "snipe_cover"}
				{wall 0 0 8505.65 58.4526 8525.45 139.458}
			}
		}
		{FsmState "snipe"}
	}
	{Human "usa.marine2.all" 0x8049
		{Position 8574.29 161.637 38}
		{Turn 0.883737}
		{Extender "inventory"
			{box
				{clear}
				{item "ammo pistol" 60 {cell 6 0}}
			}
		}
		{Player 1}
		{MID 74}
		{Weaponry
			{State
				{Mounted "m3a"}
				{Weapon
					{Ammo "ammo pistol" 30}
				}
			}
		}
		{NameId 30 29}
		{FsmState "stand"}
	}
	{Human "usa.marine_medic" 0x804a
		{Position 9060.89 -124.708 38}
		{Turn -89.8185}
		{Extender "inventory"
			{box
				{clear}
				{item "colt" filling "ammo pistol" 7 {cell 0 0}}
				{item "ammo pistol" 21 {cell 2 0}}
				{item "knife" {cell 4 0}}
				{item "bandage" 5 {cell 6 0}}
				{item "bandage" 5 {cell 6 1}}
				{item "morphine" {cell 6 2}}
				{item "morphine" {cell 4 2}}
			}
		}
		{Player 1}
		{MID 75}
		{NameId 54 81}
		{FsmState "stand"}
	}
	{Human "usa.marine_medic" 0x804b
		{Position 9033.85 -140.788 38}
		{Extender "inventory"
			{box
				{clear}
				{item "colt" filling "ammo pistol" 7 {cell 0 0}}
				{item "ammo pistol" 21 {cell 2 0}}
				{item "knife" {cell 4 0}}
				{item "bandage" 5 {cell 6 0}}
				{item "bandage" 5 {cell 6 1}}
				{item "morphine" {cell 6 2}}
				{item "morphine" {cell 4 2}}
			}
		}
		{Player 1}
		{MID 76}
		{NameId 9 78}
		{FsmState "stand"}
	}
	{Human "usa.marine2.smg" 0x804c
		{Position 9066.61 -168.728 38}
		{Turn 133.922}
		{Player 1}
		{MID 77}
		{NameId 39 99}
		{FsmState "stand"}
	}
	{Human "usa.marine.mgun" 0x804d
		{Position 8435.64 843.013 38}
		{Turn 165.793}
		{Extender "inventory"
			{box
				{clear}
				{item "ammo mgun" 80 {cell 6 0}}
			}
		}
		{Player 1}
		{MID 78}
		{Weaponry
			{State
				{Mounted "weapon bar"}
				{Weapon
					{Ammo "ammo mgun" 20}
				}
			}
		}
		{NameId 113 89}
		{Cover
			{sector 8435.64 843.013 {type "squat_lie"}
				{wall 0 0 8422.8 820.793 8434.92 868.668}
			}
		}
		{FsmState "squat"}
	}
	{Entity "m3stuart" 0x804e
		{Position 7817.84 7555 38}
		{Turn -106.189}
		{Player 1}
		{MID 79}
		
	}
	{Entity "m3stuart" 0x804f
		{Position 7808.61 7523.78 38}
		{Turn -108.341}
		{Player 1}
		{MID 80}
		
	}
	{Human "usa.tankman" 0x8050
		{Position 7808.61 7523.78 38}
		{Orientation
			 -0.314672  -0.949200  -0.000000
			 -0.949200   0.314672   0.000000
			  0.000000  -0.000000   1.000000
		}
		{Extender "inventory"
			{box
				{clear}
				{item "ammo pistol" 60 {cell 6 0}}
				{item "colt" filling "ammo pistol" 7 {cell 0 0}}
			}
		}
		{Player 1}
		{MID 81}
		{NameId 96 94}
		{LastItem "colt"}
		{FsmState "board"}
	}
	{Human "usa.tankman" 0x8051
		{Position 7808.61 7523.78 38}
		{Orientation
			 -0.314672  -0.949200  -0.000000
			 -0.949200   0.314672   0.000000
			  0.000000  -0.000000   1.000000
		}
		{Extender "inventory"
			{box
				{clear}
				{item "ammo pistol" 60 {cell 6 0}}
				{item "colt" filling "ammo pistol" 7 {cell 0 0}}
			}
		}
		{Player 1}
		{MID 82}
		{NameId 16 98}
		{LastItem "colt"}
		{FsmState "board"}
	}
	{Human "usa.tankman" 0x8052
		{Position 7808.61 7523.78 38}
		{Orientation
			 -0.314672  -0.949200  -0.000000
			 -0.949200   0.314672   0.000000
			  0.000000  -0.000000   1.000000
		}
		{Player 1}
		{MID 83}
		{NameId 88 7}
		{LastItem "m3a"}
		{FsmState "board"}
	}
	{Human "usa.tankman" 0x8053
		{Position 7808.61 7523.78 38}
		{Orientation
			 -0.314672  -0.949200  -0.000000
			 -0.949200   0.314672   0.000000
			  0.000000  -0.000000   1.000000
		}
		{Player 1}
		{MID 84}
		{NameId 141 74}
		{LastItem "m3a"}
		{FsmState "board"}
	}
	{Human "usa.tankman" 0x8054
		{Position 7817.84 7555 38}
		{Orientation
			 -0.278807  -0.960347   0.000000
			 -0.960347   0.278807  -0.000000
			 -0.000000   0.000000   1.000000
		}
		{Player 1}
		{MID 85}
		{NameId 16 1}
		{LastItem "m3a"}
		{FsmState "board"}
	}
	{Human "usa.tankman" 0x8055
		{Position 7817.84 7555 38}
		{Orientation
			 -0.278807  -0.960347   0.000000
			 -0.960347   0.278807  -0.000000
			 -0.000000   0.000000   1.000000
		}
		{Extender "inventory"
			{box
				{clear}
				{item "ammo pistol" 60 {cell 6 0}}
				{item "colt" filling "ammo pistol" 7 {cell 0 0}}
			}
		}
		{Player 1}
		{MID 86}
		{NameId 17 89}
		{LastItem "colt"}
		{FsmState "board"}
	}
	{Human "usa.tankman" 0x8056
		{Position 7817.84 7555 38}
		{Orientation
			 -0.278807  -0.960347   0.000000
			 -0.960347   0.278807  -0.000000
			 -0.000000   0.000000   1.000000
		}
		{Player 1}
		{MID 87}
		{NameId 74 96}
		{LastItem "m3a"}
		{FsmState "board"}
	}
	{Human "usa.tankman" 0x8057
		{Position 7817.84 7555 38}
		{Orientation
			 -0.278807  -0.960347   0.000000
			 -0.960347   0.278807  -0.000000
			 -0.000000   0.000000   1.000000
		}
		{Extender "inventory"
			{box
				{clear}
				{item "ammo pistol" 60 {cell 6 0}}
				{item "colt" filling "ammo pistol" 7 {cell 0 0}}
			}
		}
		{Player 1}
		{MID 88}
		{NameId 66 57}
		{LastItem "colt"}
		{FsmState "board"}
	}
	{Entity "browning_dot" 0x8058
		{Position 7513.11 1633.12 38}
		{Turn 116.315}
		{Player 1}
		{MID 89}
	}
	{Entity "browning_dot" 0x8059
		{Position 7390.08 1323.65 38}
		{Turn -155.232}
		{Player 1}
		{MID 90}
	}
	{Entity "browning_dot" 0x805a
		{Position 6577.38 3730.51 38}
		{Turn -110.281}
		{Player 1}
		{MID 91}
	}
	{Entity "browning_dot" 0x805b
		{Position 6398.23 3882.29 38}
		{Turn -141.246}
		{Player 1}
		{MID 92}
	}
	{Human "usa.marine2.all" 0x805c
		{Position 6404.59 3887.11 46.0118}
		{Turn -141.246}
		{DisableObstacles}
		{Player 1}
		{MID 93}
		{NameId 39 70}
		{FsmState "board"}
	}
	{Human "usa.marine2.all" 0x805d
		{Position 6580.35 3737.91 46.0118}
		{Turn -110.281}
		{DisableObstacles}
		{Player 1}
		{MID 94}
		{NameId 122 7}
		{FsmState "board"}
	}
	{Human "usa.marine2.all" 0x805e
		{Position 7397.41 1326.79 46.0118}
		{Turn -155.232}
		{DisableObstacles}
		{Player 1}
		{MID 95}
		{NameId 24 37}
		{FsmState "board"}
	}
	{Human "usa.marine2.all" 0x805f
		{Position 7516.44 1625.87 46.0118}
		{Turn 116.315}
		{DisableObstacles}
		{Player 1}
		{MID 96}
		{NameId 123 12}
		{FsmState "board"}
	}
	{Human "jap.sailor3" 0x8060
		{Position 276.263 2988.12 15.7085}
		{Orientation
			  0.999674   0.022698  -0.011705
			 -0.022666   0.999739   0.002862
			  0.011767  -0.002596   0.999927
		}
		{Extender "inventory"
			{box
				{clear}
				{item "knife_jap" {cell 6 0}}
				{item "type26" filling "ammo pistol" 6 {cell 0 0}}
			}
		}
		{DisableObstacles}
		{Player 3}
		{MID 97}
		{NameId 73 80}
		{LastItem "type26"}
		{FsmState "board"}
	}
	{Human "jap.sailor2" 0x8061
		{Position 267.457 3859.05 15.7085}
		{Orientation
			  0.996564   0.082000  -0.011705
			 -0.081972   0.996630   0.002862
			  0.011901  -0.001892   0.999927
		}
		{Extender "inventory"
			{box
				{clear}
				{item "bayonet" {cell 7 0}}
				{item "grenade type23" {cell 6 0}}
				{item "type26" filling "ammo pistol" 6 {cell 0 0}}
			}
		}
		{DisableObstacles}
		{Player 3}
		{MID 98}
		{NameId 68 34}
		{LastItem "type26"}
		{FsmState "board"}
	}
	{Human "jap.sailor2" 0x8062
		{Position 280.431 2748.99 15.7085}
		{Orientation
			  0.999932   0.000066  -0.011705
			 -0.000033   0.999996   0.002862
			  0.011705  -0.002861   0.999927
		}
		{Extender "inventory"
			{box
				{clear}
				{item "bayonet" {cell 7 0}}
				{item "grenade type23" {cell 6 0}}
				{item "type26" filling "ammo pistol" 6 {cell 0 0}}
			}
		}
		{DisableObstacles}
		{Player 3}
		{MID 99}
		{NameId 31 52}
		{LastItem "type26"}
		{FsmState "board"}
	}
	{Human "jap.sailor2" 0x8063
		{Position 281.08 3586.75 15.7085}
		{Orientation
			  0.997882   0.063990  -0.011705
			 -0.063960   0.997948   0.002862
			  0.011864  -0.002107   0.999927
		}
		{Extender "inventory"
			{box
				{clear}
				{item "type26" filling "ammo pistol" 6 {cell 0 0}}
			}
		}
		{DisableObstacles}
		{Player 3}
		{MID 100}
		{NameId 1 46}
		{LastItem "type26"}
		{FsmState "board"}
	}
	{Human "jap.infantry_rifle" 0x8064
		{Position 300.983 2972.79 5.96027}
		{Orientation
			  0.999674   0.022698  -0.011705
			 -0.022666   0.999739   0.002862
			  0.011767  -0.002596   0.999927
		}
		{DisableObstacles}
		{Player 3}
		{MID 101}
		{NameId 18 26}
		{FsmState "board"}
	}
	{Human "jap.infantry_rifle" 0x8065
		{Position 319.611 2973.21 5.95486}
		{Orientation
			  0.999674   0.022698  -0.011705
			 -0.022666   0.999739   0.002862
			  0.011767  -0.002596   0.999927
		}
		{DisableObstacles}
		{Player 3}
		{MID 102}
		{NameId 2 12}
		{FsmState "board"}
	}
	{Human "jap.infantry_rifle" 0x8066
		{Position 318.865 3006.1 6.04901}
		{Orientation
			  0.999674   0.022698  -0.011705
			 -0.022666   0.999739   0.002862
			  0.011767  -0.002596   0.999927
		}
		{DisableObstacles}
		{Player 3}
		{MID 103}
		{NameId 61 20}
		{FsmState "board"}
	}
	{Human "jap.infantry_rifle" 0x8067
		{Position 377.748 2974.52 6.95854}
		{Orientation
			  0.999674   0.022698  -0.011705
			 -0.022666   0.999739   0.002862
			  0.011767  -0.002596   0.999927
		}
		{DisableObstacles}
		{Player 3}
		{MID 104}
		{NameId 73 81}
		{FsmState "board"}
	}
	{Human "jap.infantry_rifle" 0x8068
		{Position 357.633 3006.92 6.22785}
		{Orientation
			  0.999674   0.022698  -0.011705
			 -0.022666   0.999739   0.002862
			  0.011767  -0.002596   0.999927
		}
		{DisableObstacles}
		{Player 3}
		{MID 105}
		{NameId 68 35}
		{FsmState "board"}
	}
	{Human "jap.infantry_rifle" 0x8069
		{Position 358.009 2990.34 6.18039}
		{Orientation
			  0.999674   0.022698  -0.011705
			 -0.022666   0.999739   0.002862
			  0.011767  -0.002596   0.999927
		}
		{DisableObstacles}
		{Player 3}
		{MID 106}
		{NameId 31 53}
		{FsmState "board"}
	}
	{Human "jap.infantry_rifle" 0x806a
		{Position 338.226 3006.53 5.8083}
		{Orientation
			  0.999674   0.022698  -0.011705
			 -0.022666   0.999739   0.002862
			  0.011767  -0.002596   0.999927
		}
		{DisableObstacles}
		{Player 3}
		{MID 107}
		{NameId 1 47}
		{FsmState "board"}
	}
	{Human "jap.infantry_rifle" 0x806b
		{Position 338.971 2973.65 5.71417}
		{Orientation
			  0.999674   0.022698  -0.011705
			 -0.022666   0.999739   0.002862
			  0.011767  -0.002596   0.999927
		}
		{DisableObstacles}
		{Player 3}
		{MID 108}
		{NameId 13 89}
		{FsmState "board"}
	}
	{Human "jap.infantry_rifle" 0x806c
		{Position 377.379 2990.77 7.00505}
		{Orientation
			  0.999674   0.022698  -0.011705
			 -0.022666   0.999739   0.002862
			  0.011767  -0.002596   0.999927
		}
		{DisableObstacles}
		{Player 3}
		{MID 109}
		{NameId 0 89}
		{FsmState "board"}
	}
	{Human "jap.infantry_rifle" 0x806d
		{Position 377.003 3007.35 7.05251}
		{Orientation
			  0.999674   0.022698  -0.011705
			 -0.022666   0.999739   0.002862
			  0.011767  -0.002596   0.999927
		}
		{DisableObstacles}
		{Player 3}
		{MID 110}
		{NameId 88 59}
		{FsmState "board"}
	}
	{Human "jap.infantry_rifle" 0x806e
		{Position 319.251 2989.1 6.00035}
		{Orientation
			  0.999674   0.022698  -0.011705
			 -0.022666   0.999739   0.002862
			  0.011767  -0.002596   0.999927
		}
		{DisableObstacles}
		{Player 3}
		{MID 111}
		{NameId 66 101}
		{FsmState "board"}
	}
	{Human "jap.infantry_rifle" 0x806f
		{Position 358.378 2974.09 6.13388}
		{Orientation
			  0.999674   0.022698  -0.011705
			 -0.022666   0.999739   0.002862
			  0.011767  -0.002596   0.999927
		}
		{DisableObstacles}
		{Player 3}
		{MID 112}
		{NameId 52 51}
		{FsmState "board"}
	}
	{Human "jap.infantry_rifle" 0x8070
		{Position 338.611 2989.54 5.75965}
		{Orientation
			  0.999674   0.022698  -0.011705
			 -0.022666   0.999739   0.002862
			  0.011767  -0.002596   0.999927
		}
		{DisableObstacles}
		{Player 3}
		{MID 113}
		{NameId 52 46}
		{FsmState "board"}
	}
	{Human "jap.infantry_rifle" 0x8071
		{Position 300.623 2988.68 6.00576}
		{Orientation
			  0.999674   0.022698  -0.011705
			 -0.022666   0.999739   0.002862
			  0.011767  -0.002596   0.999927
		}
		{DisableObstacles}
		{Player 3}
		{MID 114}
		{NameId 81 91}
		{FsmState "board"}
	}
	{Human "jap.infantry_rifle" 0x8072
		{Position 300.237 3005.68 6.05441}
		{Orientation
			  0.999674   0.022698  -0.011705
			 -0.022666   0.999739   0.002862
			  0.011767  -0.002596   0.999927
		}
		{DisableObstacles}
		{Player 3}
		{MID 115}
		{NameId 37 35}
		{FsmState "board"}
	}
	{Human "jap.infantry_smg" 0x8073
		{Position 416.171 3008.26 10.0642}
		{Orientation
			  0.999674   0.022698  -0.011705
			 -0.022666   0.999739   0.002862
			  0.011767  -0.002596   0.999927
		}
		{DisableObstacles}
		{Player 3}
		{MID 116}
		{NameId 3 53}
		{FsmState "board"}
	}
	{Human "jap.infantry_smg" 0x8074
		{Position 416.916 2975.4 9.97014}
		{Orientation
			  0.999674   0.022698  -0.011705
			 -0.022666   0.999739   0.002862
			  0.011767  -0.002596   0.999927
		}
		{DisableObstacles}
		{Player 3}
		{MID 117}
		{NameId 29 72}
		{FsmState "board"}
	}
	{Human "jap.infantry_smg" 0x8075
		{Position 396.784 2991.19 7.92306}
		{Orientation
			  0.999674   0.022698  -0.011705
			 -0.022666   0.999739   0.002862
			  0.011767  -0.002596   0.999927
		}
		{DisableObstacles}
		{Player 3}
		{MID 118}
		{NameId 90 8}
		{FsmState "board"}
	}
	{Human "jap.infantry_smg" 0x8076
		{Position 397.152 2974.96 7.87661}
		{Orientation
			  0.999674   0.022698  -0.011705
			 -0.022666   0.999739   0.002862
			  0.011767  -0.002596   0.999927
		}
		{DisableObstacles}
		{Player 3}
		{MID 119}
		{NameId 34 1}
		{FsmState "board"}
	}
	{Human "jap.infantry_smg" 0x8077
		{Position 396.409 3007.74 7.97045}
		{Orientation
			  0.999674   0.022698  -0.011705
			 -0.022666   0.999739   0.002862
			  0.011767  -0.002596   0.999927
		}
		{DisableObstacles}
		{Player 3}
		{MID 120}
		{NameId 26 86}
		{FsmState "board"}
	}
	{Human "jap.infantry_smg" 0x8078
		{Position 416.556 2991.28 10.0156}
		{Orientation
			  0.999674   0.022698  -0.011705
			 -0.022666   0.999739   0.002862
			  0.011767  -0.002596   0.999927
		}
		{DisableObstacles}
		{Player 3}
		{MID 121}
		{NameId 42 72}
		{FsmState "board"}
	}
	{Human "jap.infantry_smg" 0x8079
		{Position 436.272 2975.84 11.322}
		{Orientation
			  0.999674   0.022698  -0.011705
			 -0.022666   0.999739   0.002862
			  0.011767  -0.002596   0.999927
		}
		{DisableObstacles}
		{Player 3}
		{MID 122}
		{NameId 8 48}
		{FsmState "board"}
	}
	{Human "jap.infantry_smg" 0x807a
		{Position 435.912 2991.72 11.3675}
		{Orientation
			  0.999674   0.022698  -0.011705
			 -0.022666   0.999739   0.002862
			  0.011767  -0.002596   0.999927
		}
		{DisableObstacles}
		{Player 3}
		{MID 123}
		{NameId 54 88}
		{FsmState "board"}
	}
	{Human "jap.infantry_smg" 0x807b
		{Position 435.527 3008.71 11.4161}
		{Orientation
			  0.999674   0.022698  -0.011705
			 -0.022666   0.999739   0.002862
			  0.011767  -0.002596   0.999927
		}
		{DisableObstacles}
		{Player 3}
		{MID 124}
		{NameId 29 17}
		{FsmState "board"}
	}
	{Human "jap.oficer" 0x807c
		{Position 454.257 3000.66 12.5397}
		{Orientation
			  0.999674   0.022698  -0.011705
			 -0.022666   0.999739   0.002862
			  0.011767  -0.002596   0.999927
		}
		{DisableObstacles}
		{Player 3}
		{MID 125}
		{NameId 83 54}
		{FsmState "board"}
	}
	{Human "jap.soldier" 0x807d
		{Position 454.652 2983.24 12.4898}
		{Orientation
			  0.999674   0.022698  -0.011705
			 -0.022666   0.999739   0.002862
			  0.011767  -0.002596   0.999927
		}
		{DisableObstacles}
		{Player 3}
		{MID 126}
		{NameId 88 7}
		{FsmState "board"}
	}
	{Human "jap.soldier" 0x807e
		{Position 458.664 2757.5 12.5397}
		{Orientation
			  0.999932   0.000066  -0.011705
			 -0.000033   0.999996   0.002862
			  0.011705  -0.002861   0.999927
		}
		{DisableObstacles}
		{Player 3}
		{MID 127}
		{NameId 70 77}
		{FsmState "board"}
	}
	{Human "jap.oficer" 0x807f
		{Position 458.664 2740.07 12.4898}
		{Orientation
			  0.999932   0.000066  -0.011705
			 -0.000033   0.999996   0.002862
			  0.011705  -0.002861   0.999927
		}
		{DisableObstacles}
		{Player 3}
		{MID 128}
		{NameId 40 16}
		{FsmState "board"}
	}
	{Human "jap.infantry_smg" 0x8080
		{Position 420.759 2765.96 10.0642}
		{Orientation
			  0.999932   0.000066  -0.011705
			 -0.000033   0.999996   0.002862
			  0.011705  -0.002861   0.999927
		}
		{DisableObstacles}
		{Player 3}
		{MID 129}
		{NameId 15 99}
		{FsmState "board"}
	}
	{Human "jap.infantry_smg" 0x8081
		{Position 440.121 2733.09 11.322}
		{Orientation
			  0.999932   0.000066  -0.011705
			 -0.000033   0.999996   0.002862
			  0.011705  -0.002861   0.999927
		}
		{DisableObstacles}
		{Player 3}
		{MID 130}
		{NameId 7 9}
		{FsmState "board"}
	}
	{Human "jap.infantry_smg" 0x8082
		{Position 420.76 2733.09 9.97014}
		{Orientation
			  0.999932   0.000066  -0.011705
			 -0.000033   0.999996   0.002862
			  0.011705  -0.002861   0.999927
		}
		{DisableObstacles}
		{Player 3}
		{MID 131}
		{NameId 75 58}
		{FsmState "board"}
	}
	{Human "jap.infantry_smg" 0x8083
		{Position 440.12 2765.97 11.4161}
		{Orientation
			  0.999932   0.000066  -0.011705
			 -0.000033   0.999996   0.002862
			  0.011705  -0.002861   0.999927
		}
		{DisableObstacles}
		{Player 3}
		{MID 132}
		{NameId 79 31}
		{FsmState "board"}
	}
	{Human "jap.infantry_smg" 0x8084
		{Position 420.76 2748.98 10.0156}
		{Orientation
			  0.999932   0.000066  -0.011705
			 -0.000033   0.999996   0.002862
			  0.011705  -0.002861   0.999927
		}
		{DisableObstacles}
		{Player 3}
