;Exported by: serh
;Date:        2006
;File:        D:\-Projects-\-3DWork-\Model\mashines\Opel\Blitz_ammo\Blitz_ammo_x.max
{Skeleton
	{bone "Basis"
		{parameters "SteerMax=30;WheelRadius=0.3;"}
		{Orientation
			1.0000	0.0000	0.0000
			0.0000	-1.0000	0.0000
			0.0000	0.0000	1.0000
		}
		{bone "body"
			{parameters "ID=body;"}
			{Position -1.9803	-0.1993	21.0660}
			{VolumeView "body.ply"}
			{bone "bodyback"
				{parameters "ID=bodyback;"}
				{animation
					{sequence "break" {file "bodyback.anm"}}
				}
				{Position -29.1942	-0.5748	0.0160}
				{VolumeView "bodyback.ply"}
			}
			{bone "cabin"
				{parameters "ID=cabin;"}
				{animation
					{sequence "break" {file "cabin_b.anm"}}
				}
				{Matrix34
					0.9989	-0.0001	0.0463
					0.0001	1.0000	-0.0000
					-0.0463	0.0000	0.9989
					20.1681	-0.0012	0.0574
				}
				{VolumeView "cabin.ply"}
				{bone "DoorL"
					{parameters "ID=cabin;"}
					{Matrix34
						0.9998	0.0001	-0.0196
						-0.0001	1.0000	0.0000
						0.0196	-0.0000	0.9998
						13.0936	15.6423	12.3170
					}
					{VolumeView "DoorL.ply"}
				}
				{bone "DoorR"
					{parameters "ID=cabin;"}
					{Matrix34
						0.9998	0.0001	-0.0196
						0.0001	-1.0000	-0.0000
						0.0196	-0.0000	0.9998
						13.0953	-16.5631	12.3169
					}
					{VolumeView "DoorR.ply"}
				}
			}
			{bone "engine"
				{parameters "CommonMesh;ID=engine;"}
				{animation
					{sequence "break" {file "engine.anm"}}
				}
				{Matrix34
					0.9998	-0.0001	0.0196
					0.0001	1.0000	-0.0000
					-0.0196	0.0000	0.9998
					21.3848	-0.0040	-0.3208
				}
				{VolumeView "engine.ply"}
			}
		}
		{bone "pivot_back"
			{parameters "ID=bodyback;"}
			{Position -39.7542	-0.7740	10.1207}
			{VolumeView "pivot_back.ply"}
			{bone revolute "spring_R"
				{Matrix34
					0.9998	-0.0000	0.0175
					0.0000	1.0000	-0.0000
					-0.0175	-0.0000	0.9998
					-0.7338	-10.6728	-1.6240
				}
				{bone revolute "wheelR2"
					{parameters "ID=wheelright2;"}
					{Matrix34
						-0.9861	-0.1651	0.0173
						-0.0004	0.1061	0.9944
						-0.1660	0.9805	-0.1047
						0.0823	-7.3448	1.6495
					}
					{VolumeView "wheelR2.ply"}
				}
			}
			{bone revolute "spring_L"
				{Matrix34
					0.9998	-0.0000	0.0175
					-0.0000	1.0000	-0.0000
					-0.0175	-0.0000	0.9998
					-0.7272	12.0909	-1.3720
				}
				{bone revolute "wheelL2"
					{parameters "ID=wheelleft2;"}
					{Matrix34
						-0.9887	0.1470	0.0291
						0.0175	-0.0796	0.9967
						0.1489	0.9859	0.0762
						0.0713	7.5031	1.3978
					}
					{VolumeView "wheelL2.ply"}
				}
			}
		}
		{bone "pivot_front"
			{Position 41.5227	-0.7740	10.6202}
			{VolumeView "pivot_front.ply"}
			{bone revolute "steer_L"
				{Matrix34
					-0.9998	-0.0000	0.0175
					0.0000	1.0000	-0.0000
					-0.0175	0.0000	-0.9998
					0.0985	14.8029	-1.9376
				}
				{bone revolute "wheelL1"
					{parameters "ID=wheelleft1;"}
					{Matrix34
						0.9926	0.1215	0.0088
						0.0357	-0.2213	-0.9746
						-0.1164	0.9676	-0.2240
						-0.0803	4.0149	-1.4665
					}
					{VolumeView "wheelL1.ply"}
				}
			}
			{bone revolute "steer_R"
				{Matrix34
					-1.0000	0.0000	0.0000
					0.0000	1.0000	-0.0000
					-0.0000	0.0000	-1.0000
					0.1120	-14.9170	-1.9466
				}
				{bone revolute "wheelR1"
					{parameters "ID=wheelright1;"}
					{Matrix34
						0.9989	-0.0024	0.0460
						0.0456	0.2010	-0.9785
						-0.0069	0.9796	0.2009
						-0.0924	-3.8768	-1.4739
					}
					{VolumeView "wheelR1.ply"}
				}
			}
		}
	}
}
{Volume "wheelright1"
	{Cylinder 7.31815 4.12876}
	{Bone "wheelR1"}
	{Matrix34
		0.6946	0.7194	-0.0000
		-0.7194	0.6946	0.0000
		0.0000	0.0000	1.0000
		0.5045	0.6739	-0.3564
	}
}
{Volume "wheelleft1"
	{Cylinder 8.70253 4.95941}
	{Bone "wheelL1"}
	{Matrix34
		-0.7194	-0.6946	0.0000
		-0.6946	0.7194	-0.0000
		-0.0000	0.0000	-1.0000
		0.0059	0.6763	0.1025
	}
}
{Volume "wheelleft2"
	{Cylinder 8.25877 10.2577}
	{Bone "wheelL2"}
	{Matrix34
		-0.9998	0.0175	0.0000
		0.0175	0.9998	-0.0000
		-0.0000	-0.0000	-1.0000
		0.0000	-0.0000	-0.6561
	}
}
{Volume "wheelright2"
	{Cylinder 8.24462 9.11729}
	{Bone "wheelR2"}
	{Matrix34
		-0.9998	0.0175	0.0000
		0.0175	0.9998	-0.0000
		-0.0000	-0.0000	-1.0000
		-0.0000	-0.0000	-0.0478
	}
}
