;Exported by: garry
;Date:        Thu May 06 10:45:57 2004
;File:        D:\-Projects-\-3DWork-\Model\Пушки\nebelverfer\150mm_mortar_xx.max
{Skeleton
	{bone revolute "Basis"
		{Orientation
			1.0000	0.0000	0.0000
			0.0000	-1.0000	0.0000
			0.0000	0.0000	1.0000
		}
		{bone "body"
			{parameters "ID=body;"}
			{Matrix34
				-1.0000	-0.0000	-0.0000
				-0.0000	-0.0000	1.0000
				-0.0000	1.0000	0.0000
				1.2336	-2.0457	9.7862
			}
			{VolumeView "body.ply"}
			{bone revolute "turret"
				{parameters "ID=body;"}
				{Matrix34
					0.9801	-0.0303	-0.1961
					-0.1978	-0.2245	-0.9542
					-0.0151	0.9740	-0.2260
					-3.5405	1.3987	0.7438
				}
				{VolumeView "turret.ply"}
				{bone revolute "gun"
					{parameters "ID=gun;"}
					{Matrix34
						-0.6428	0.0000	-0.7660
						-0.7660	0.0000	0.6428
						0.0000	1.0000	-0.0000
						-0.8566	-0.0257	9.5911
					}
					{VolumeView "gun.ply"}
				}
			}
			{bone "part1"
				{Matrix34
					-0.6185	-0.7266	0.2992
					-0.7605	0.6493	0.0049
					-0.1978	-0.2245	-0.9542
					-6.2087	9.4916	3.5512
				}
				{VolumeView "part1.ply"}
			}
			{bone "part2"
				{Position 7.9322	-3.5749	0.7722}
				{VolumeView "part2.ply"}
			}
			{bone "part3"
				{Position 0.3840	-5.2227	-13.8104}
				{VolumeView "part3.ply"}
			}
			{bone "part4"
				{Position 21.8705	-7.1938	-15.4108}
				{VolumeView "part4.ply"}
			}
			{bone "part5"
				{Position -11.4895	-4.1942	0.7331}
				{VolumeView "part5.ply"}
			}
			{bone "WheelR"
				{parameters "ID=wheelright;"}
				{Matrix34
					1.0000	-0.0000	0.0000
					0.0000	0.8771	0.4804
					0.0000	-0.4804	0.8771
					0.3840	-5.5135	-13.8104
				}
				{VolumeView "WheelR.ply"}
			}
			{bone "WheelL"
				{parameters "ID=wheelleft;"}
				{Position 0.3370	-0.4091	14.4663}
				{VolumeView "WheelL.ply"}
			}
		}
	}
}
{Volume "wheelleft"
	{Cylinder 6.82966 3.9}
	{Bone "WheelL"}
	{Matrix34
		-1.0000	-0.0000	-0.0000
		-0.0000	1.0000	0.0000
		0.0000	0.0000	-1.0000
		0.0470	-0.6501	0.2826
	}
}
{Volume "body"
	{Polyhedron "body.vol"}
	{Bone "body"}
	{Matrix34
		-1.0000	0.0000	-0.0000
		-0.0000	0.0000	1.0000
		0.0000	1.0000	-0.0000
		9.2321	-9.7862	0.9544
	}
}
{Volume "part5"
	{Polyhedron "part5.vol"}
	{Bone "part5"}
	{Matrix34
		-0.8415	0.5403	-0.0000
		-0.0000	0.0000	1.0000
		0.5403	0.8415	0.0000
		-1.5955	-5.5919	-0.2633
	}
}
{Volume "part4"
	{Polyhedron "part4.vol"}
	{Bone "part4"}
	{Matrix34
		-0.9376	-0.0000	0.3478
		0.3478	0.0000	0.9376
		-0.0000	1.0000	0.0000
		-0.1965	-2.5923	4.8133
	}
}
{Volume "part3"
	{Cylinder 9.43415 4.19615}
	{Bone "part3"}
	{Matrix34
		-1.0000	-0.0000	-0.0000
		-0.0000	0.5079	0.8614
		-0.0000	0.8614	-0.5079
		-0.0000	-0.2162	-0.2101
	}
}
{Volume "part2"
	{Box 17.1115 10.049 3.49326}
	{Bone "part2"}
	{Matrix34
		-0.9679	0.2478	-0.0428
		0.0563	0.3796	0.9235
		0.2450	0.8914	-0.3813
		0.1641	-0.0349	0.0702
	}
}
{Volume "part1"
	{Cylinder 1.71437 24.7084}
	{Bone "part1"}
	{Matrix34
		0.0009	0.9493	-0.3143
		0.0036	-0.3143	-0.9493
		-1.0000	-0.0003	-0.0037
		0.0560	-0.0228	0.0331
	}
}
{Volume "turret"
	{Box 8.12734 12.965 10.3256}
	{Bone "turret"}
	{Matrix34
		-1.0000	0.0000	0.0000
		-0.0000	-1.0000	-0.0000
		0.0000	0.0000	1.0000
		0.5493	0.4502	5.4671
	}
}
{Volume "Gun"
	{Cylinder 5.8342 25.2999}
	{Bone "gun"}
	{Matrix34
		-0.0000	-0.0000	1.0000
		0.0000	1.0000	-0.0000
		-1.0000	-0.0000	-0.0000
		3.4843	0.6601	-0.0084
	}
}
