;Exported by: shevchenko
;Date:        Tue Mar 09 12:19:13 2004
;File:        D:\-Projects-\-3DWork-\sheva\SK\shed_big_x.max
{Skeleton
	{bone "ruin5"
		{Orientation
			1.0000	0.0000	0.0000
			0.0000	-1.0000	0.0000
			0.0000	0.0000	1.0000
		}
		{bone "piece0"
			{Matrix34
				-0.0000	1.0000	0.0000
				0.0000	0.0000	1.0000
				1.0000	0.0000	-0.0000
				-0.0406	31.3302	13.3982
			}
			{VolumeView "piece0.ply"}
		}
		{bone "piece1"
			{Matrix34
				-0.0000	1.0000	0.0000
				0.0000	0.0000	1.0000
				1.0000	0.0000	-0.0000
				-0.0406	-2.6653	13.8084
			}
			{VolumeView "piece1.ply"}
		}
		{bone "piece2"
			{Matrix34
				-0.0000	1.0000	0.0000
				0.0000	0.0000	1.0000
				1.0000	0.0000	-0.0000
				-0.0406	-18.9360	40.4375
			}
			{VolumeView "piece2.ply"}
		}
		{bone "piece3"
			{Matrix34
				-0.0000	1.0000	0.0000
				0.0000	0.0000	1.0000
				1.0000	0.0000	-0.0000
				-0.0406	-33.4093	21.1722
			}
			{VolumeView "piece3.ply"}
		}
		{bone "FX_stone1"
			{Matrix34
				0.0000	0.0000	1.0000
				0.0000	1.0000	0.0000
				-1.0000	0.0000	0.0000
				0.7434	-34.5013	42.7279
			}
		}
		{bone "FX_stone1a"
			{Matrix34
				0.0000	0.0000	1.0000
				0.0000	1.0000	0.0000
				-1.0000	0.0000	0.0000
				0.7434	41.3727	20.2237
			}
		}
	}
}
{Volume "piece3"
	{Box 14.5276 5.90551 29.5276}
	{Bone "piece3"}
	{Matrix34
		0.9974	0.0723	0.0000
		0.0000	-0.0000	-1.0000
		-0.0723	0.9974	-0.0000
		0.0421	0.7128	-0.0018
	}
}
{Volume "piece2"
	{Box 9.09379 5.90551 8.6392}
	{Bone "piece2"}
	{Matrix34
		0.5874	-0.8093	0.0000
		-0.0000	-0.0000	-1.0000
		0.8093	0.5874	-0.0000
		0.5712	-0.3115	-0.0018
	}
}
{Volume "piece1"
	{Box 21.6519 5.90551 9.93012}
	{Bone "piece1"}
	{Matrix34
		0.9611	-0.2762	0.0000
		-0.0000	-0.0000	-1.0000
		0.2762	0.9611	-0.0000
		0.2041	-0.6985	-0.0018
	}
}
{Volume "piece0"
	{Box 11.7673 5.90551 16.8307}
	{Bone "piece0"}
	{Matrix34
		0.9677	0.2522	-0.0000
		0.0000	-0.0000	-1.0000
		-0.2522	0.9677	-0.0000
		-0.6650	-0.3410	-0.0018
	}
}
