;Exported by: Yurov
;Date:        Wed Oct 06 16:01:08 2004
;File:        D:\-Projects-\-3DWork-\Model\Mk4Churchill\MkIV_Churchill.max
{Skeleton
	{animation
		{sequence "start"}
		{sequence "stop"}
		{sequence "fire"}
		{sequence "open" {resume}}
		{sequence "hit"}
	}
	{bone "Basis"
		{Orientation
			1.0000	0.0000	0.0000
			0.0000	-1.0000	0.0000
			0.0000	0.0000	1.0000
		}
		{bone "FXshot"
			{Matrix34
				0.0000	0.0000	1.0000
				0.0000	1.0000	0.0000
				-1.0000	0.0000	0.0000
				-10.2672	-0.3995	18.1590
			}
		}
		{bone "Body"
			{parameters "ID=Body;"}
			{Position -12.2226	-0.2891	24.2517}
			{VolumeView "Body.ply"}
			{bone "FXfire1"
				{Matrix34
					0.0000	0.0000	1.0000
					-0.0000	1.0000	0.0000
					-1.0000	-0.0000	0.0000
					-42.6102	-0.1104	10.5608
				}
			}
			{bone "FXfire2"
				{Matrix34
					0.0000	0.0000	1.0000
					-0.0000	1.0000	0.0000
					-1.0000	-0.0000	0.0000
					1.9554	-0.1104	23.6741
				}
			}
			{bone "FXsmoke1"
				{Matrix34
					-0.9397	0.0000	0.3420
					0.0000	1.0000	-0.0000
					-0.3420	-0.0000	-0.9397
					-71.0051	13.0101	-1.6939
				}
			}
			{bone "FXsmoke2"
				{Matrix34
					-0.9397	0.0000	0.3420
					0.0000	1.0000	-0.0000
					-0.3420	-0.0000	-0.9397
					-71.0051	-11.8397	-1.6939
				}
			}
			{bone revolute "Turret"
				{parameters "ID=turret;"}
				{speed 0.0100}
				{Position 8.5559	0.6747	19.5467}
				{VolumeView "Turret.ply"}
				{bone revolute "Gun_rot"
					{parameters "ID=turret;"}
					{limits -8.0000 20.0000}
					{speed 0.0200}
					{Matrix34
						1.0000	0.0000	0.0000
						0.0000	0.0000	1.0000
						0.0000	-1.0000	0.0000
						22.1172	-0.6747	-0.2294
					}
					{VolumeView "Gun_rot.ply"}
					{bone "Gun"
						{parameters "ID=turret;"}
						{Matrix34
							1.0000	0.0000	0.0000
							0.0000	0.0000	-1.0000
							0.0000	1.0000	0.0000
							9.7584	0.3590	0.0000
						}
						{VolumeView "Gun.ply"}
						{bone "Foresight1"
							{Position 25.7217	-0.1184	-0.3332}
						}
					}
					{bone "Foresight3"
						{parameters "ID=turret;"}
						{Matrix34
							1.0000	-0.0000	-0.0000
							-0.0000	0.0000	-1.0000
							0.0000	1.0000	0.0000
							10.0089	0.3085	-4.2020
						}
						{VolumeView "Foresight3.ply"}
					}
				}
				{bone "Visor1"
					{Position 14.1617	-10.0392	10.5424}
				}
				{bone "Cower1"
					{parameters "ID=Turret;"}
					{Matrix34
						0.9848	-0.1736	-0.0000
						0.1736	0.9848	0.0000
						0.0000	-0.0000	1.0000
						3.2467	5.8434	7.8774
					}
					{VolumeView "Cower1.ply"}
				}
				{bone "Cower"
					{parameters "ID=Turret;"}
					{Matrix34
						0.9848	-0.1736	-0.0000
						0.1736	0.9848	-0.0000
						0.0000	-0.0000	1.0000
						-11.8431	9.2958	8.9034
					}
					{VolumeView "Cower.ply"}
				}
				{bone "Visor2"
					{Position 53.4856	-10.0392	-12.3794}
				}
			}
			{bone "shield_left"
				{parameters "ID=shield_left;"}
				{VolumeView "shield_left.ply"}
			}
			{bone "shield_right"
				{parameters "ID=shield_right;"}
				{VolumeView "shield_right.ply"}
			}
			{bone "WheelL1"
				{parameters "ID=trackleft;"}
				{Matrix34
					-1.0000	0.0000	0.0000
					-0.0000	-0.0000	1.0000
					0.0000	1.0000	0.0000
					73.6301	19.7954	-2.8542
				}
				{VolumeView "WheelL1.ply"}
			}
			{bone "WheelL2"
				{parameters "ID=trackleft;"}
				{Matrix34
					-1.0000	0.0000	0.0000
					-0.0000	-0.0000	1.0000
					0.0000	1.0000	0.0000
					-60.9645	19.7954	-1.5315
				}
				{VolumeView "WheelL2.ply"}
			}
			{bone "WheelR1"
				{parameters "ID=trackright;"}
				{Matrix34
					-1.0000	0.0000	0.0000
					-0.0000	-0.0000	1.0000
					0.0000	1.0000	0.0000
					73.6301	-19.2278	-2.8542
				}
				{VolumeView "WheelR1.ply"}
			}
			{bone "WheelR2"
				{parameters "ID=trackright;"}
				{Matrix34
					-1.0000	0.0000	0.0000
					-0.0000	-0.0000	1.0000
					0.0000	1.0000	0.0000
					-60.9645	-19.2278	-1.5315
				}
				{VolumeView "WheelR2.ply"}
			}
			{bone "engine"
				{Matrix34
					0.0000	0.0000	1.0000
					-0.0000	1.0000	0.0000
					-1.0000	-0.0000	0.0000
					-43.6819	0.0913	-2.1407
				}
			}
			{bone "emit1"
				{Matrix34
					-0.0000	-1.0000	-0.0000
					1.0000	-0.0000	-0.0000
					-0.0000	-0.0000	1.0000
					4.8280	53.9806	-24.2517
				}
				{visibility 0}
			}
			{bone "emit2"
				{Matrix34
					0.0000	1.0000	0.0000
					-1.0000	0.0000	0.0000
					0.0000	-0.0000	1.0000
					1.0969	-54.1386	-24.2517
				}
				{visibility 0}
			}
			{bone "emit3"
				{Matrix34
					-0.0000	-1.0000	-0.0000
					1.0000	-0.0000	-0.0000
					-0.0000	-0.0000	1.0000
					26.2224	53.9806	-24.2517
				}
				{visibility 0}
			}
			{bone "emit4"
				{Matrix34
					0.0000	-1.0000	0.0000
					1.0000	0.0000	0.0000
					-0.0000	0.0000	1.0000
					-50.5360	53.9806	-24.2517
				}
				{visibility 0}
			}
			{bone "emit5"
				{Matrix34
					0.0000	1.0000	0.0000
					-1.0000	0.0000	0.0000
					0.0000	-0.0000	1.0000
					-50.5359	-54.1386	-24.2517
				}
				{visibility 0}
			}
			{bone "seat01"
				{Matrix34
					0.0872	0.9962	0.0000
					-0.9962	0.0872	0.0000
					0.0000	-0.0000	1.0000
					25.5680	28.7692	4.2164
				}
			}
			{bone "seat02"
				{Matrix34
					-0.5163	0.8345	0.1925
					-0.8547	-0.4878	-0.1775
					-0.0542	-0.2562	0.9651
					-49.3693	28.7692	4.6588
				}
			}
			{bone "seat03"
				{Matrix34
					0.5230	-0.7955	0.3061
					0.8282	0.5591	0.0379
					-0.2013	0.2337	0.9513
					-49.4181	-30.9704	6.0862
				}
			}
			{bone "seat04"
				{Matrix34
					0.2993	-0.9037	0.3061
					0.9447	0.3257	0.0379
					-0.1339	0.2778	0.9513
					27.9117	-30.2566	2.9202
				}
			}
			{bone "emit6"
				{Matrix34
					0.0000	1.0000	0.0000
					-1.0000	0.0000	0.0000
					0.0000	-0.0000	1.0000
					26.2224	-54.1386	-24.2517
				}
				{visibility 0}
			}
                        {bone revolute "Gun_rot2"
				{limits -10.0000 10.0000}
				{Position 70.2000 6.1000 5.6000}
				{bone revolute "foresight2"
					{parameters "ID=mgun2;"}
					{limits -10.0000 5.0000}
					{Orientation
						1.0000 0.0000 0.0000
						0.0000 0.0000 1.0000
						0.0000 1.0000 0.0000
					}
					{Position 0.0000 0.0000 0.0000}
				}
			}
		}
		{bone "WheelsL"
			{parameters "ID=trackleft;"}
			{Matrix34
				1.0000	0.0000	-0.0000
				0.0000	0.0000	1.0000
				-0.0000	1.0000	0.0000
				-6.3259	26.5555	16.5936
			}
			{VolumeView "WheelsL.ply"}
			{bone "TrackL"
				{parameters "ID=trackleft;"}
				{Matrix34
					-1.0000	-0.0000	0.0000
					-0.0000	1.0000	-0.0000
					0.0000	0.0000	1.0000
					3.9618	-4.2488	-1.0244
				}
				{VolumeView "TrackL.ply"}
				{bone "FXtraceL1"
					{Matrix34
						1.0000	0.0000	-0.0000
						-0.0000	0.0000	-1.0000
						-0.0000	1.0000	0.0000
						-43.5686	-5.0233	-1.3779
					}
				}
				{bone "FXtraceL2"
					{Matrix34
						1.0000	0.0000	-0.0000
						-0.0000	0.0000	-1.0000
						-0.0000	1.0000	0.0000
						20.0340	-5.0233	-1.3779
					}
				}
				{bone "FXtraceL3"
					{Matrix34
						0.8192	0.5736	-0.0000
						-0.0000	0.0000	-1.0000
						-0.5736	0.8192	0.0000
						57.2943	-11.4823	-1.3779
					}
				}
			}
		}
		{bone "WheelsR"
			{parameters "ID=trackright;"}
			{Matrix34
				1.0000	0.0000	-0.0000
				0.0000	0.0000	1.0000
				-0.0000	1.0000	0.0000
				-6.3259	-26.2253	16.5936
			}
			{VolumeView "WheelsR.ply"}
			{bone "TrackR"
				{parameters "ID=trackright;"}
				{Matrix34
					-1.0000	-0.0000	0.0000
					-0.0000	1.0000	-0.0000
					0.0000	0.0000	1.0000
					3.9618	-4.2488	3.6153
				}
				{VolumeView "TrackR.ply"}
				{bone "FXtraceR1"
					{Matrix34
						1.0000	0.0000	-0.0000
						-0.0000	0.0000	-1.0000
						-0.0000	1.0000	0.0000
						-43.5686	-5.0233	-1.1644
					}
				}
				{bone "FXtraceR2"
					{Matrix34
						1.0000	0.0000	-0.0000
						-0.0000	0.0000	-1.0000
						-0.0000	1.0000	0.0000
						20.0340	-5.0233	-1.1644
					}
				}
				{bone "FXtraceR3"
					{Matrix34
						0.8192	0.5736	0.0000
						-0.0000	0.0000	-1.0000
						-0.5736	0.8192	0.0000
						57.2943	-11.4823	-1.1644
					}
				}
			}
		}
	}
}
{Volume "trackright"
	{Box 151.332 11.1714 31.4949}
	{Bone "WheelsR"}
	{Matrix34
		-1.0000	0.0000	0.0000
		-0.0000	-0.0000	1.0000
		0.0000	1.0000	0.0000
		-0.2224	-0.8461	1.6776
	}
}
{Volume "trackleft"
	{Box 151.332 11.1714 31.4949}
	{Bone "WheelsL"}
	{Matrix34
		-1.0000	0.0000	0.0000
		-0.0000	-0.0000	1.0000
		0.0000	1.0000	0.0000
		-0.2224	-0.8462	-2.2728
	}
}
{Volume "Engine"
	{Box 33.5567 25.8081 21.469}
	{Bone "engine"}
	{Matrix34
		0.0000	-0.0000	-1.0000
		0.0000	1.0000	-0.0000
		1.0000	-0.0000	0.0000
		0.0000	-0.0000	-0.0000
	}
}
{Volume "shield_right"
	{Box 165.411 14.3971 24.0752}
	{Bone "shield_right"}
	{Position 5.9862	-24.4333	-0.9184}
}
{Volume "shield_left"
	{Box 165.411 14.3971 24.0752}
	{Bone "shield_left"}
	{Position 5.9862	24.4447	-0.9126}
}
{Volume "Body1"
	{Box 131.556 35.2071 10.9059}
	{Bone "Body"}
	{Position -6.1233	0.0060	5.0018}
}
{Volume "Turret"
	{Polyhedron "Turret.vol"}
	{Bone "Turret"}
	{Position -2.1103	-0.5834	-8.8503}
}
{Volume "Gun"
	{Box 36.1566 3.55814 3.34688}
	{Bone "Gun"}
	{Position 7.3192	-0.1219	-0.3433}
}
{Volume "Body2"
	{Box 135.583 35.2071 15.8057}
	{Bone "Body"}
	{Position 5.9862	0.0060	-7.7779}
}
{Volume "inventory"
	{Box 17.6388 27.1845 24.9639}
	{Bone "Body"}
	{Position -15.5896	0.0913	-1.9743}
}
{Volume "Crew"
	{Box 17.6388 26.3036 37.4459}
	{Bone "Body"}
	{Position 6.2238	0.0913	4.2667}
}
