;Exported by: Yurov
;Date:        Tue May 11 15:46:42 2004
;File:        D:\-Projects-\-3DWork-\Model\Kv-2\Kv2.max
{Skeleton
	{animation
		{sequence "start"}
		{sequence "stop"}
		{sequence "fire" {speed 0.5}}
		{sequence "open" {resume}}
	}
	{bone "Basis"
		{Orientation
			1.0000	0.0000	0.0000
			0.0000	-1.0000	0.0000
			0.0000	0.0000	1.0000
		}
		{bone "Body"
			{parameters "ID=body;"}
			{animation
				{sequence "repair" {file "body_r.anm"} {speed 0.8}}
			}
			{Matrix34
				-1.0000	0.0000	0.0000
				-0.0000	-1.0000	0.0000
				0.0000	0.0000	1.0000
				-4.5329	0.3068	7.7553
			}
			{VolumeView "Body.ply"}
			{bone "FXfire1"
				{Matrix34
					-0.0000	0.0000	1.0000
					0.0000	-1.0000	0.0000
					1.0000	0.0000	0.0000
					33.2583	0.2634	24.4043
				}
			}
			{bone "FXsmoke2"
				{Matrix34
					0.7069	0.5592	0.4332
					0.4768	-0.8290	0.2922
					0.5225	0.0000	-0.8526
					36.0508	11.5255	25.5925
				}
			}
			{bone "FXsmoke1"
				{Matrix34
					0.6336	-0.6691	0.3883
					-0.5705	-0.7431	-0.3496
					0.5225	0.0000	-0.8526
					36.0508	-12.8479	25.5925
				}
			}
			{bone "FXshot"
				{Matrix34
					-0.0000	0.0000	1.0000
					0.0000	-1.0000	0.0000
					1.0000	0.0000	0.0000
					-0.8827	0.2634	6.4268
				}
			}
			{bone revolute "WheelR2"
				{parameters "ID=trackright;"}
				{Matrix34
					1.0000	-0.0000	-0.0000
					-0.0000	-0.0000	1.0000
					0.0000	-1.0000	-0.0000
					59.1728	27.0466	7.4611
				}
				{VolumeView "WheelR2.ply"}
			}
			{bone revolute "WheelL2"
				{parameters "ID=trackleft;"}
				{Matrix34
					1.0000	0.0000	0.0000
					-0.0000	0.0000	1.0000
					-0.0000	1.0000	-0.0000
					59.1728	-25.7183	7.4611
				}
				{VolumeView "WheelL2.ply"}
			}
			{bone revolute "WheelR1"
				{parameters "ID=trackright;"}
				{Matrix34
					1.0000	0.0000	-0.0000
					-0.0000	-0.0000	1.0000
					0.0000	-1.0000	-0.0000
					-58.8150	23.2747	9.3368
				}
				{VolumeView "WheelR1.ply"}
			}
			{bone revolute "WheelL1"
				{parameters "ID=trackleft;"}
				{Matrix34
					1.0000	0.0000	-0.0000
					-0.0000	0.0000	1.0000
					-0.0000	1.0000	-0.0000
					-58.8150	-21.9895	9.3369
				}
				{VolumeView "WheelL1.ply"}
			}
			{bone revolute "Turret"
				{parameters "ID=turret;"}
				{animation
					{sequence "repair" {file "turret_r.anm"}}
				}
				{speed 0.0015}
				{Matrix34
					-1.0000	-0.0000	-0.0000
					0.0000	-1.0000	0.0000
					-0.0000	0.0000	1.0000
					-8.2684	-0.0268	25.8015
				}
				{VolumeView "Turret.ply"}
				{bone revolute "gun_rot"
					{parameters "ID=gun;"}
					{animation
						{sequence "repair" {file "gun_r.anm"}}
					}
					{limits -20.0000 10.0000}
					{speed 0.0030}
					{Matrix34
						1.0000	-0.0000	-0.0000
						-0.0000	-0.0000	-1.0000
						-0.0000	1.0000	-0.0000
						19.3170	0.1574	16.1438
					}
					{VolumeView "gun_rot.ply"}
					{bone "gun"
						{parameters "ID=gun;"}
						{Matrix34
							1.0000	0.0000	-0.0000
							-0.0000	-0.0000	1.0000
							0.0000	-1.0000	-0.0000
							17.1983	-1.6554	-0.3114
						}
						{VolumeView "gun.ply"}
						{bone "Foresight1"
							{Position 24.0628	0.0453	0.2051}
						}
					}
					{bone revolute "Foresight3"
						{limits -5.0000 15.0000}
						{Matrix34
							1.0000	0.0000	-0.0000
							-0.0000	-1.0000	0.0000
							-0.0000	-0.0000	-1.0000
							8.1557	6.8772	-7.1132
						}
					}
				}
				{bone "cover"
					{parameters "ID=turret;"}
					{Position 1.7810	-6.7904	27.1095}
					{VolumeView "cover.ply"}
				}
				{bone "FXfire2"
					{Matrix34
						0.0000	0.0000	1.0000
						0.0000	1.0000	-0.0000
						-1.0000	0.0000	0.0000
						-10.0504	-1.2153	11.2866
					}
				}
				{bone "Visor1"
					{Position 12.7573	11.7620	28.5165}
				}
			}
			{bone "Visor2"
				{Matrix34
					-1.0000	-0.0000	0.0000
					0.0000	-1.0000	-0.0000
					0.0000	-0.0000	1.0000
					-51.1127	0.5130	21.4721
				}
			}
			{bone "Seat01"
				{Matrix34
					-0.8427	0.5201	0.1390
					-0.5328	-0.8427	-0.0774
					0.0769	-0.1393	0.9873
					15.9818	27.9301	18.4859
				}
			}
			{bone "Seat02"
				{Matrix34
					-0.2158	0.9665	0.1390
					-0.9754	-0.2066	-0.0774
					-0.0461	-0.1523	0.9873
					32.7960	29.8234	18.5548
				}
			}
			{bone "Seat03"
				{Matrix34
					-0.2182	0.9757	0.0198
					-0.9674	-0.2135	-0.1364
					-0.1288	-0.0489	0.9905
					48.4131	29.7216	18.7239
				}
			}
			{bone "Seat04"
				{Matrix34
					0.2122	-0.9772	0.0000
					0.9772	0.2122	0.0000
					0.0000	0.0000	1.0000
					17.2273	-27.7805	18.9515
				}
			}
			{bone "Seat05"
				{Matrix34
					0.2032	-0.9693	0.1385
					0.9724	0.1833	-0.1443
					0.1145	0.1640	0.9798
					34.4818	-29.1560	18.9126
				}
			}
			{bone "Seat06"
				{Matrix34
					0.2927	-0.9553	-0.0411
					0.9460	0.2956	-0.1328
					0.1391	0.0000	0.9903
					51.6565	-28.4693	17.6098
				}
			}
			{bone "Seat07"
				{Matrix34
					0.9638	-0.0300	0.2650
					0.0290	0.9995	0.0080
					-0.2651	-0.0000	0.9642
					60.6350	-14.6812	19.1346
				}
			}
			{bone "Seat08"
				{Matrix34
					0.8977	0.4092	0.1633
					-0.3965	0.9119	-0.1055
					-0.1921	0.0300	0.9809
					61.7847	0.1635	18.3170
				}
			}
			{bone "Seat09"
				{Matrix34
					0.9724	0.0750	0.2207
					-0.0754	0.9971	-0.0066
					-0.2206	-0.0102	0.9753
					61.8034	15.2450	17.7705
				}
			}
                        {bone revolute "Gun_rot2"
				{limits -15.0000 15.0000}
				{Orientation
					-1.0000 0.0000 0.0000
					0.0000 1.0000 0.0000
					0.0000 0.0000 1.0000
				}
				{Position -54.0000 -11.5000 21.0000}
				{bone revolute "foresight2"
					{parameters "ID=mgun2;"}
					{limits -10.0000 5.0000}
					{Orientation
					1.0000 0.0000 0.0000
 					0.0000 0.0000 1.0000
					0.0000 1.0000 0.0000
					}
					{Position 0.0000 0.0000 0.0000}
				}
			}
		}
		{bone "WheelsR"
			{parameters "ID=trackright;"}
			{Matrix34
				1.0000	0.0000	0.0000
				0.0000	0.0000	1.0000
				0.0000	1.0000	-0.0000
				-5.2322	-24.4024	12.4550
			}
			{VolumeView "WheelsR.ply"}
			{bone "FXtraceR1"
				{Matrix34
					-1.0000	0.0000	0.0000
					-0.0000	-0.0000	-1.0000
					0.0000	1.0000	-0.0000
					37.7049	-5.7399	-0.7182
				}
			}
			{bone "FXtraceR2"
				{Matrix34
					-1.0000	0.0000	0.0000
					-0.0000	-0.0000	-1.0000
					0.0000	1.0000	-0.0000
					-17.7439	-5.7399	-0.7182
				}
			}
			{bone "FXtraceR3"
				{Matrix34
					-0.9659	0.2588	-0.0000
					0.0000	-0.0000	-1.0000
					0.2588	0.9659	0.0000
					-53.2290	-9.6570	-0.7182
				}
			}
			{bone "TrackR"
				{parameters "ID=trackright;"}
				{Matrix34
					-1.0000	0.0000	0.0000
					0.0000	0.0000	1.0000
					0.0000	1.0000	-0.0000
					-0.1075	0.0578	-1.4776
				}
				{VolumeView "TrackR.ply"}
			}
		}
		{bone "WheelsL"
			{parameters "ID=trackleft;"}
			{Matrix34
				1.0000	0.0000	0.0000
				0.0000	0.0000	1.0000
				0.0000	-1.0000	-0.0000
				-5.2322	25.6406	12.4550
			}
			{VolumeView "WheelsL.ply"}
			{bone "TrackL"
				{parameters "ID=trackleft;"}
				{Matrix34
					-1.0000	0.0000	-0.0000
					-0.0000	-0.0000	1.0000
					-0.0000	1.0000	0.0000
					-0.1075	0.0577	0.0737
				}
				{VolumeView "TrackL.ply"}
			}
			{bone "FXtraceL1"
				{Matrix34
					-1.0000	0.0000	-0.0000
					-0.0000	-0.0000	1.0000
					0.0000	1.0000	-0.0000
					37.7049	-5.7399	0.0443
				}
			}
			{bone "FXtraceL2"
				{Matrix34
					-1.0000	0.0000	-0.0000
					-0.0000	-0.0000	1.0000
					0.0000	1.0000	-0.0000
					-17.7439	-5.7399	0.0443
				}
			}
			{bone "FXtraceL3"
				{Matrix34
					-0.9659	0.2588	-0.0000
					0.0000	-0.0000	1.0000
					0.2588	0.9659	-0.0000
					-53.2290	-9.6570	0.0443
				}
			}
		}
		{bone "emit1"
			{parameters "Group=crew;"}
			{Matrix34
				0.0000	-1.0000	-0.0000
				1.0000	0.0000	-0.0000
				0.0000	-0.0000	1.0000
				20.3327	44.3257	0.2856
			}
		}
		{bone "emit2"
			{parameters "Group=crew;"}
			{Matrix34
				0.0000	1.0000	0.0000
				-1.0000	0.0000	0.0000
				0.0000	-0.0000	1.0000
				3.2078	-45.0112	0.2856
			}
		}
		{bone "emit11"
			{parameters "Group=passengers;"}
			{Position -92.6890	-13.5838	0.2856}
		}
		{bone "emit10"
			{parameters "Group=passengers;"}
			{Position -92.6890	-0.9810	0.2856}
		}
		{bone "emit9"
			{parameters "Group=passengers;"}
			{Position -92.6890	12.8493	0.2856}
		}
		{bone "emit8"
			{parameters "Group=passengers;"}
			{Matrix34
				-0.0000	-1.0000	0.0000
				1.0000	-0.0000	0.0000
				-0.0000	0.0000	1.0000
				-52.2526	53.9448	0.2856
			}
		}
		{bone "emit7"
			{parameters "Group=passengers;"}
			{Matrix34
				0.0000	-1.0000	0.0000
				1.0000	-0.0000	0.0000
				-0.0000	0.0000	1.0000
				-36.2399	53.9448	0.2856
			}
		}
		{bone "emit6"
			{parameters "Group=passengers;"}
			{Matrix34
				0.0000	-1.0000	0.0000
				1.0000	-0.0000	0.0000
				-0.0000	0.0000	1.0000
				-21.8841	53.9448	0.2856
			}
		}
		{bone "emit5"
			{parameters "Group=passengers;"}
			{Matrix34
				0.0000	1.0000	0.0000
				-1.0000	0.0000	0.0000
				0.0000	-0.0000	1.0000
				-52.5817	-55.0984	0.2856
			}
		}
		{bone "emit4"
			{parameters "Group=passengers;"}
			{Matrix34
				0.0000	1.0000	0.0000
				-1.0000	0.0000	0.0000
				0.0000	-0.0000	1.0000
				-35.4552	-55.0984	0.2856
			}
		}
		{bone "emit3"
			{parameters "Group=passengers;"}
			{Matrix34
				0.0000	1.0000	0.0000
				-1.0000	0.0000	0.0000
				0.0000	-0.0000	1.0000
				-16.9911	-55.0984	0.2856
			}
		}
	}
}
{Volume "trackleft"
	{Box 130.903 12.6049 24.2722}
	{Bone "WheelsL"}
	{Matrix34
		1.0000	0.0000	-0.0000
		-0.0000	0.0000	-1.0000
		0.0000	1.0000	-0.0000
		-0.0549	-0.2499	-0.0042
	}
}
{Volume "trackright"
	{Box 130.903 12.6049 24.2722}
	{Bone "WheelsR"}
	{Matrix34
		-1.0000	0.0000	0.0000
		0.0000	0.0000	1.0000
		0.0000	1.0000	-0.0000
		-0.0549	-0.2499	-1.5826
	}
}
{Volume "gun"
	{Cylinder 2.59773 39.9993}
	{Bone "gun"}
	{Matrix34
		-0.0000	-1.0000	-0.0000
		-0.0000	0.0000	1.0000
		-1.0000	0.0000	-0.0000
		3.9819	-0.1434	-0.1096
	}
}
{Volume "Turret"
	{Box 50.5322 36.1029 28.5102}
	{Bone "Turret"}
	{Position -4.6946	-0.3276	12.9049}
}
{Volume "Body2"
	{Polyhedron "Body2.vol"}
	{Bone "Body"}
	{Matrix34
		-1.0000	-0.0000	0.0000
		0.0000	-1.0000	0.0000
		0.0000	0.0000	1.0000
		-0.1522	0.3509	14.5039
	}
}
{Volume "Body1"
	{Polyhedron "Body1.vol"}
	{Bone "Body"}
	{Matrix34
		-1.0000	-0.0000	0.0000
		0.0000	-1.0000	0.0000
		0.0000	0.0000	1.0000
		-0.1522	0.3509	-0.2825
	}
}
{Volume "Engine"
	{Box 27.2148 31.8715 20.9834}
	{Bone "Body"}
	{Matrix34
		-1.0000	-0.0000	0.0000
		0.0000	-1.0000	-0.0000
		0.0000	-0.0000	1.0000
		38.2119	-0.2369	12.3300
	}
}
{Volume "Inventory"
	{Box 21.4191 31.8715 17.8359}
	{Bone "Body"}
	{Matrix34
		-1.0000	-0.0000	0.0000
		0.0000	-1.0000	-0.0000
		0.0000	-0.0000	1.0000
		12.1395	0.3008	13.9634
	}
}
{Volume "Crew"
	{Box 22.4069 23.725 29.1272}
	{Bone "Body"}
	{Matrix34
		-1.0000	-0.0000	0.0000
		0.0000	-1.0000	-0.0000
		0.0000	-0.0000	1.0000
		-11.2463	0.3008	19.8864
	}
}
