;Exported by: garry
;Date:        Mon Oct 11 15:55:30 2004
;File:        \\sharepoint\gamedev\DESIGN\-Projects-\-3DWork-\Model\-Корабли\моторка\Lodka2.max
{Skeleton
	{animation
		{sequence "drift"}
	}
	{bone "Basis"
		{Orientation
			1.0000	0.0000	0.0000
			0.0000	-1.0000	0.0000
			0.0000	0.0000	1.0000
		}
		{bone "Body"
			{parameters "ID=body;"}
			{Matrix34
				-1.0000	-0.0000	0.0000
				0.0000	-1.0000	0.0000
				0.0000	0.0000	1.0000
				-5.3699	-0.0228	0.1097
			}
			{VolumeView "Body.ply"}
			{bone "Driver"
				{Matrix34
					-0.7698	-0.5390	0.3420
					0.5736	-0.8192	0.0000
					0.2802	0.1962	0.9397
					27.8958	4.3789	-1.0346
				}
			}
			{bone "passenger1"
				{Matrix34
					-0.9002	-0.0380	0.4339
					0.0000	-0.9962	-0.0871
					0.4355	-0.0784	0.8967
					0.2242	-8.6609	-1.0346
				}
			}
			{bone "passenger2"
				{Matrix34
					-0.9002	-0.0380	0.4339
					0.0000	-0.9962	-0.0871
					0.4355	-0.0784	0.8967
					-1.0488	8.2629	-1.9445
				}
			}
			{bone "passenger3"
				{Matrix34
					-0.9164	0.2078	0.3420
					-0.2212	-0.9752	0.0000
					0.3336	-0.0756	0.9397
					-28	-6.5	-1.9445
				}
			}
			{bone "passenger4"
				{Matrix34
					-0.9002	-0.0380	0.4339
					0.0000	-0.9962	-0.0871
					0.4355	-0.0784	0.8967
					26	-6.6609	-1.0346
				}
			}
			{bone "passenger5"
				{Matrix34
					-0.7698	-0.539	0.4339
					0.5736	-0.8192	-0.0871
					0.2802	0.1962	0.8967
					-28	6.599	-1.9445
				}
			}
			{bone "engine"
				{parameters "ID=body;"}
				{Position 45.0611	0.0053	5.8386}
				{VolumeView "engine.ply"}
			}
			{bone "FX_bulb_small_back2"
				{Matrix34
					-0.0017	1.0000	0.0000
					-1.0000	-0.0017	0.0000
					0.0000	0.0000	1.0000
					48.5814	9.9006	-3.9102
				}
			}
			{bone "visor1"
				{Matrix34
					-1.0000	-0.0017	0.0000
					0.0017	-1.0000	0.0000
					0.0000	0.0000	1.0000
					29.7174	7.7087	19.0630
				}
			}
			{bone "FX_bulb_small_center1"
				{Matrix34
					0.0017	-1.0000	0.0000
					1.0000	0.0017	0.0000
					0.0000	0.0000	1.0000
					-1.3024	-20.6230	-0.0685
				}
			}
			{bone "FX_bulb_small_center2"
				{Matrix34
					-0.0017	1.0000	0.0000
					-1.0000	-0.0017	0.0000
					0.0000	0.0000	1.0000
					-1.3024	20.5041	-0.0685
				}
			}
			{bone "scissor"
				{VolumeView "scissor.ply"
					{Layer waterscissor}
				}
			}
			{bone "FX_bulb_small_back1"
				{Matrix34
					0.0017	-1.0000	0.0000
					1.0000	0.0017	0.0000
					0.0000	0.0000	1.0000
					48.5814	-9.9358	-3.9102
				}
			}
			{bone "FX_bulb_small_front2"
				{Matrix34
					-0.5015	0.8652	0.0000
					-0.8652	-0.5015	0.0000
					0.0000	0.0000	1.0000
					-36.4023	15.6814	-3.1692
				}
			}
			{bone "FX_bulb_small_engine1"
				{Matrix34
					1.0000	0.0017	0.0000
					-0.0017	1.0000	0.0000
					0.0000	0.0000	1.0000
					48.5814	-0.0245	-3.9132
				}
			}
			{bone "FX_bulb_small_front1"
				{Matrix34
					-0.4985	-0.8669	0.0000
					0.8669	-0.4985	0.0000
					0.0000	0.0000	1.0000
					-36.4023	-15.7482	-3.1692
				}
			}
			{bone "visor2"
				{Matrix34
					-0.0017	1.0000	0.0000
					-1.0000	-0.0017	0.0000
					0.0000	0.0000	1.0000
					40.9618	0.7225	21.2949
				}
			}
		}
		{bone "emit6"
			{parameters "Group=passengers;"}
			{Matrix34
				0.0000	1.0000	0.0000
				-1.0000	0.0000	0.0000
				0.0000	0.0000	1.0000
				30.8064	-34.3159	-0.0000
			}
			{visibility 0}
		}
		{bone "emit5"
			{parameters "Group=passengers;"}
			{Matrix34
				-0.0000	-1.0000	0.0000
				1.0000	-0.0000	0.0000
				0.0000	0.0000	1.0000
				-30.5150	34.2705	0.0000
			}
			{visibility 0}
		}
		{bone "emit4"
			{parameters "Group=passengers;"}
			{Matrix34
				-0.0000	-1.0000	0.0000
				1.0000	-0.0000	0.0000
				0.0000	0.0000	1.0000
				33.5150	34.2705	0.0000
			}
			{visibility 0}
		}
		{bone "emit2"
			{parameters "Group=driver;"}
			{Matrix34
				0.0000	1.0000	0.0000
				-1.0000	0.0000	0.0000
				0.0000	0.0000	1.0000
				-0.8064	-34.3159	-0.0000
			}
			{visibility 0}
		}
		{bone "emit1"
			{parameters "Group=passengers;"}
			{Matrix34
				-0.0000	-1.0000	0.0000
				1.0000	-0.0000	0.0000
				0.0000	0.0000	1.0000
				2.5150	34.2705	0.0000
			}
			{visibility 0}
		}
		{bone "emit3"
			{parameters "Group=driver;"}
			{Position -64.1450	-17.2444	-0.0000}
			{visibility 0}
		}
	}
}
{Volume "ballast"
	{Box 95.2037 42.9456 14.8832}
	{Bone "Body"}
	{Matrix34
		-1.0000	-0.0000	0.0000
		0.0000	-1.0000	0.0000
		0.0000	0.0000	1.0000
		0.7521	0.8425	5.6137
	}
}
{Volume "Engine"
	{Box 10.5775 6.35424 13.8994}
	{Bone "engine"}
	{Matrix34
		-1.0000	0.0000	0.0000
		-0.0000	-1.0000	0.0000
		0.0000	0.0000	1.0000
		5.9421	0.0254	7.0225
	}
}
{Volume "Body"
	{Box 88.9754 39.3997 12.0026}
	{Bone "Body"}
	{Matrix34
		-1.0000	-0.0000	0.0000
		0.0000	-1.0000	0.0000
		0.0000	0.0000	1.0000
		0.7521	0.8425	4.1734
	}
}
