;Exported by: garry
;Date:        Sat May 08 10:27:39 2004
;File:        D:\-Projects-\-3DWork-\Model\Танки\PZ-4\Pz_4G_xx.max
{Skeleton
	{bone "Basis"
		{Orientation
			1.0000	0.0000	0.0000
			0.0000	-1.0000	0.0000
			0.0000	0.0000	1.0000
		}
		{bone "Body"
			{parameters "ID=body;"}
			{Position -3.2370	-1.7970	14.5860}
			{VolumeView "Body.ply"}
				{bone "turret"
					{parameters "ID=turret;"}
					{Matrix34
						-1.0000	-0.0000	-0.0000
						0.0000	-1.0000	0.0000
						-0.0000	0.0000	1.0000
						0.6806	2.2849	25.4337
					}
					{VolumeView "turret.ply"}
						{bone revolute "Gun_rot"
							{parameters "ID=gun;"}
							{limits -15.0000 10.0000}
							{speed 0.0100}
							{Matrix34
								-0.9898	0.0000	-0.1423
								-0.1373	0.2634	0.9549
								0.0375	0.9647	-0.2607
								-15.2717	1.1039	0.5797
							}
							{VolumeView "Gun_rot.ply"}
							{bone "Gun"
								{parameters "ID=gun;"}
								{Matrix34
									1.0000	-0.0000	-0.0000
									0.0000	-0.0000	-1.0000
									-0.0000	1.0000	0.0000
									3.4398	-1.7298	-1.8088
								}
								{VolumeView "Gun.ply"}
							}
						}
				}
			{bone revolute "WheelL1"
				{parameters "ID=body;"}
				{Matrix34
					-1.0000	-0.0000	-0.0051
					-0.0051	-0.0000	1.0000
					-0.0000	1.0000	0.0000
					46.4177	23.9098	0.3378
				}
				{VolumeView "WheelL1.ply"}
			}
			{bone revolute "WheelR1"
				{parameters "ID=body;"}
				{Matrix34
					-1.0000	-0.0000	-0.0051
					-0.0051	-0.0000	1.0000
					-0.0000	1.0000	0.0000
					46.4177	-18.1474	0.3378
				}
				{VolumeView "WheelR1.ply"}
			}
			{bone revolute "WheelL2"
				{parameters "ID=body;"}
				{Matrix34
					-0.9664	-0.0666	-0.2484
					-0.2551	0.1250	0.9588
					-0.0328	0.9899	-0.1378
					-45.1760	22.8229	-3.8144
				}
				{VolumeView "WheelL2.ply"}
			}
			{bone revolute "part3"
				{Matrix34
					-1.0000	-0.0000	-0.0000
					0.0000	-0.0000	1.0000
					-0.0000	1.0000	0.0000
					-45.1949	-19.5453	-3.5835
				}
				{VolumeView "part3.ply"}
			}
			{bone "Part1"
				{Matrix34
					-0.9634	0.1760	0.2021
					0.1699	-0.1823	0.9685
					0.2073	0.9674	0.1458
					-56.7687	-9.8228	3.9510
				}
				{VolumeView "Part1.ply"}
			}
			{bone "part2"
				{Matrix34
					-1.0000	-0.0000	-0.0000
					0.0000	-1.0000	0.0000
					-0.0000	0.0000	1.0000
					5.9538	1.1810	-5.4010
				}
				{VolumeView "part2.ply"}
			}
			{bone "engine"
				{parameters "ID=engine;"}
				{Matrix34
					-1.0000	0.0000	0.0000
					-0.0000	1.0000	-0.0000
					0.0000	0.0000	1.0000
					-21.5942	0.9556	4.2456
				}
				{VolumeView "engine.ply"}
			}
		}
		{bone "WheelsL"
			{parameters "ID=trackleft;"}
			{Matrix34
				-1.0000	-0.0000	0.0000
				0.0000	-0.0000	1.0000
				-0.0000	1.0000	0.0000
				-1.8230	22.5787	11.8224
			}
			{VolumeView "WheelsL.ply"}
		}
		{bone "WheelsR"
			{parameters "ID=trackright;"}
			{Matrix34
				-1.0000	-0.0000	0.0000
				0.0000	-0.0000	1.0000
				-0.0000	1.0000	0.0000
				-1.8230	-21.6223	10.9635
			}
			{VolumeView "WheelsR.ply"}
		}
	}
}
{Volume "Trackright"
	{Box 80.1208 8.65687 21.6335}
	{Bone "WheelsR"}
	{Matrix34
		-1.0000	0.0000	-0.0000
		-0.0000	-0.0000	1.0000
		0.0000	1.0000	-0.0000
		-0.2197	3.5808	-1.1673
	}
}
{Volume "Trackleft"
	{Box 79.0233 8.65687 21.6335}
	{Bone "WheelsL"}
	{Matrix34
		-1.0000	0.0000	-0.0000
		-0.0000	-0.0000	1.0000
		0.0000	1.0000	-0.0000
		-0.2197	2.9136	0.7374
	}
}
{Volume "part2"
	{Box 31.5571 47.8907 7.99235}
	{Bone "part2"}
	{Matrix34
		-0.9704	0.0575	-0.2347
		-0.0443	-0.9971	-0.0610
		-0.2375	-0.0488	0.9701
		41.7998	-1.3278	24.1227
	}
}
{Volume "part1"
	{Cylinder 2.94688 30.6623}
	{Bone "Part1"}
	{Matrix34
		-0.9848	0.1736	0.0000
		0.1736	0.9848	0.0000
		0.0000	0.0000	-1.0000
		0.2062	-0.0735	15.4728
	}
}
{Volume "part3"
	{Cylinder 7.07066 6.48071}
	{Bone "part3"}
	{Position 0.2633	-0.0007	0.1787}
}
{Volume "Body2"
	{Box 80.5091 46.1986 8.91692}
	{Bone "Body"}
	{Position -5.6955	1.9592	16.1818}
}
{Volume "Body1"
	{Box 107.158 39.3494 18.4902}
	{Bone "Body"}
	{Position -1.3650	1.1078	2.4192}
}
{Volume "Turret"
	{Polyhedron "Turret.vol"}
	{Bone "turret"}
	{Matrix34
		-1.0000	0.0000	-0.0000
		-0.0000	-1.0000	0.0000
		-0.0000	0.0000	1.0000
		3.7491	-0.4338	-4.3967
	}
}
{Volume "Gun"
	{Box 49.5884 3.64437 3.84099}
	{Bone "Gun"}
	{Matrix34
		0.9933	-0.0305	-0.1115
		0.0305	0.9995	-0.0017
		0.1115	-0.0017	0.9938
		25.6431	-0.3603	-0.1775
	}
}
