;Exported by: Yurov
;Date:        Wed May 12 17:12:23 2004
;File:        D:\-Projects-\-3DWork-\Model\Mk2-Matilda\Mk2Matilda.max
{Skeleton
	{animation
		{sequence "start" {speed 0.6}}
		{sequence "stop" {speed 0.6}}
		{sequence "fire"}
		{sequence "open" {resume}}
	}
	{bone "Basis"
		{Orientation
			1.0000	0.0000	0.0000
			0.0000	-1.0000	0.0000
			0.0000	0.0000	1.0000
		}
		{bone "Body"
			{parameters "ID=body;"}
			{animation
				{sequence "repair" {file "body_r.anm"} {speed 0.7}}
			}
			{Position -11.2919	0.1656	7.8949}
			{VolumeView "Body.ply"}
			{bone revolute "WheelR2"
				{Matrix34
					-1.0000	-0.0000	0.0000
					0.0000	-0.0000	1.0000
					0.0000	-1.0000	-0.0000
					-40.3999	-16.7567	4.1470
				}
				{VolumeView "WheelR2.ply"}
			}
			{bone revolute "WheelL2"
				{Matrix34
					-1.0000	0.0000	0.0000
					0.0000	0.0000	1.0000
					0.0000	1.0000	-0.0000
					-40.3999	16.5344	4.1470
				}
				{VolumeView "WheelL2.ply"}
			}
			{bone revolute "WheelL1"
				{parameters "ID=trackleft;"}
				{Matrix34
					-1.0000	0.0000	0.0000
					0.0000	0.0000	1.0000
					0.0000	1.0000	-0.0000
					51.5617	16.5344	6.8167
				}
				{VolumeView "WheelL1.ply"}
			}
			{bone revolute "WheelR1"
				{Matrix34
					-1.0000	-0.0000	0.0000
					0.0000	-0.0000	1.0000
					0.0000	-1.0000	-0.0000
					51.5617	-16.7567	6.8167
				}
				{VolumeView "WheelR1.ply"}
			}
			{bone revolute "turret"
				{parameters "ID=turret;"}
				{animation
					{sequence "repair" {file "turret_r.anm"} {speed 0.8}}
				}
				{speed 0.0100}
				{Position 11.3893	-0.0687	21.4707}
				{VolumeView "turret.ply"}
				{bone revolute "gun_rot"
					{parameters "ID=gun;"}
					{limits -15.0000 15.0000}
					{speed 0.0100}
					{Matrix34
						1.0000	0.0000	0.0000
						0.0000	-0.0000	-1.0000
						0.0000	1.0000	-0.0000
						15.0690	-0.5514	7.2184
					}
					{VolumeView "gun_rot.ply"}
					{bone "gun"
						{parameters "ID=gun;"}
						{Matrix34
							1.0000	0.0000	0.0000
							0.0000	-0.0000	1.0000
							0.0000	-1.0000	-0.0000
							7.6895	0.2028	-0.1140
						}
						{VolumeView "gun.ply"}
						{bone "Foresight1"
							{Position 22.1691	0.0057	0.0847}
						}
					}
					{bone "Foresight3"
						{Matrix34
							1.0000	0.0000	0.0000
							-0.0000	0.0000	1.0000
							-0.0000	-1.0000	0.0000
							2.6116	0.4294	4.5818
						}
					}
				}
				{bone "FXfire2"
					{Matrix34
						0.0000	0.0000	1.0000
						-0.0000	-1.0000	0.0000
						1.0000	-0.0000	-0.0000
						-5.5663	6.9933	7.3731
					}
				}
				{bone "Visor1"
					{Matrix34
						1.0000	0.0000	-0.0000
						-0.0000	1.0000	-0.0000
						0.0000	0.0000	1.0000
						2.6428	6.9420	15.8875
					}
				}
				{bone "cover1"
					{parameters "ID=turret;"}
					{Matrix34
						0.9907	-0.1362	0.0000
						0.1362	0.9907	0.0000
						0.0000	0.0000	1.0000
						-4.9113	12.5591	18.2251
					}
					{VolumeView "cover1.ply"}
				}
				{bone "cover2"
					{parameters "ID=turret;"}
					{Matrix34
						0.9902	-0.1399	0.0000
						0.1399	0.9902	0.0000
						0.0000	0.0000	1.0000
						-6.9182	-0.7820	18.1851
					}
					{VolumeView "cover2.ply"}
				}
			}
			{bone "FXfire1"
				{Matrix34
					0.0000	-0.0000	1.0000
					-0.0000	-1.0000	0.0000
					1.0000	-0.0000	-0.0000
					-16.0460	-0.0588	20.2833
				}
			}
			{bone "FXshot"
				{Matrix34
					0.0000	-0.0000	1.0000
					-0.0000	-1.0000	0.0000
					1.0000	-0.0000	-0.0000
					9.0572	-0.0588	18.3835
				}
			}
			{bone "FXsmoke1"
				{Matrix34
					-0.8102	-0.5736	0.1211
					0.5673	-0.8192	-0.0848
					0.1478	-0.0000	0.9890
					-46.8307	-13.2566	10.8525
				}
			}
			{bone "FXsmoke2"
				{Matrix34
					-0.8102	0.5736	0.1211
					-0.5673	-0.8192	0.0848
					0.1478	-0.0000	0.9890
					-46.8307	12.4287	10.8525
				}
			}
			{bone "seat01"
				{Matrix34
					0.2139	0.9637	0.1595
					-0.9743	0.2223	-0.0366
					-0.0707	-0.1476	0.9865
					-13.8300	25.1027	15.5483
				}
			}
			{bone "seat02"
				{Matrix34
					-0.6037	0.7819	0.1552
					-0.7873	-0.6154	0.0383
					0.1254	-0.0991	0.9871
					-33.2113	23.9691	14.6258
				}
			}
			{bone "seat03"
				{Matrix34
					-0.5044	-0.8594	0.0839
					0.8635	-0.5020	0.0490
					0.0000	0.0972	0.9953
					-33.4690	-24.3028	13.8729
				}
			}
			{bone "seat04"
				{Matrix34
					0.3079	-0.9514	-0.0000
					0.9514	0.3079	-0.0000
					0.0000	0.0000	1.0000
					-13.6369	-24.4102	12.5519
				}
			}
			{bone "Visor2"
				{Matrix34
					1.0000	0.0000	-0.0000
					-0.0000	1.0000	-0.0000
					0.0000	0.0000	1.0000
					41.4222	0.5022	19.9740
				}
			}
			{bone "engine"
				{Matrix34
					0.0000	-0.0000	1.0000
					-0.0000	-1.0000	0.0000
					1.0000	-0.0000	-0.0000
					-22.4134	-1.1458	9.5452
				}
			}
		}
		{bone "WheelsL"
			{parameters "ID=trackleft;"}
			{Position -1.4430	-0.8035	22.5186}
			{VolumeView "WheelsL.ply"}
			{bone "TrackL"
				{parameters "ID=trackleft;"}
				{Matrix34
					-1.0000	-0.0000	-0.0000
					0.0000	-0.0000	1.0000
					0.0000	-1.0000	-0.0000
					2.7310	20.1996	-8.2069
				}
				{VolumeView "TrackL.ply"}
			}
			{bone "FXtraceL1"
				{Matrix34
					-1.0000	0.0000	0.0000
					-0.0000	-1.0000	0.0000
					0.0000	0.0000	1.0000
					24.7831	22.2270	-15.3451
				}
			}
			{bone "FXtraceL2"
				{Matrix34
					-0.9397	0.0000	0.3420
					-0.0000	-1.0000	-0.0000
					0.3420	-0.0000	0.9397
					-44.3948	22.2270	-17.5558
				}
			}
		}
		{bone "WheelsR"
			{parameters "ID=trackright;"}
			{Matrix34
				1.0000	-0.0000	0.0000
				-0.0000	-1.0000	-0.0000
				-0.0000	-0.0000	1.0000
				-1.4430	0.1466	22.5186
			}
			{VolumeView "WheelsR.ply"}
			{bone "FXtraceR1"
				{Matrix34
					-1.0000	-0.0000	0.0000
					-0.0000	1.0000	0.0000
					0.0000	-0.0000	1.0000
					24.7831	21.6863	-15.3451
				}
			}
			{bone "FXtraceR2"
				{Matrix34
					-0.9397	-0.0000	0.3420
					-0.0000	1.0000	-0.0000
					0.3420	0.0000	0.9397
					-44.3948	21.6863	-17.5558
				}
			}
			{bone "TrackR"
				{parameters "ID=trackright;"}
				{Matrix34
					-1.0000	0.0000	-0.0000
					0.0000	0.0000	1.0000
					0.0000	1.0000	-0.0000
					2.7310	23.6153	-8.2069
				}
				{VolumeView "TrackR.ply"}
			}
		}
		{bone "Emit1"
			{Matrix34
				0.0000	-1.0000	0.0000
				1.0000	0.0000	0.0000
				0.0000	0.0000	1.0000
				22.8634	37.9531	0.0000
			}
			{visibility 0}
		}
		{bone "Emit2"
			{Matrix34
				0.0000	1.0000	0.0000
				-1.0000	0.0000	0.0000
				0.0000	0.0000	1.0000
				28.1094	-35.7069	0.0000
			}
			{visibility 0}
		}
		{bone "Emit6"
			{Matrix34
				0.0000	1.0000	-0.0000
				-1.0000	0.0000	-0.0000
				0.0000	0.0000	1.0000
				-24.0412	-46.6851	0.0000
			}
			{visibility 0}
		}
		{bone "Emit5"
			{Matrix34
				0.0000	1.0000	-0.0000
				-1.0000	0.0000	-0.0000
				0.0000	0.0000	1.0000
				-46.5768	-36.3576	0.0000
			}
			{visibility 0}
		}
		{bone "Emit4"
			{Matrix34
				0.0000	-1.0000	-0.0000
				1.0000	0.0000	-0.0000
				0.0000	-0.0000	1.0000
				-46.2751	36.4885	-0.0000
			}
			{visibility 0}
		}
		{bone "Emit3"
			{Matrix34
				0.0000	-1.0000	-0.0000
				1.0000	0.0000	-0.0000
				0.0000	-0.0000	1.0000
				-24.8895	47.3892	-0.0000
			}
			{visibility 0}
		}
	}
}
{Volume "trackright"
	{Box 100.095 8.91721 22.6218}
	{Bone "WheelsR"}
	{Matrix34
		-1.0000	0.0000	0.0000
		-0.0000	-1.0000	-0.0000
		0.0000	-0.0000	1.0000
		-4.8075	21.7448	-10.6575
	}
}
{Volume "trackleft"
	{Box 100.095 8.88667 22.6218}
	{Bone "WheelsL"}
	{Position -4.8075	22.4849	-10.6575}
}
{Volume "Body2"
	{Polyhedron "Body2.vol"}
	{Bone "Body"}
	{Position 2.1538	-0.1085	10.9299}
}
{Volume "Crew"
	{Box 14.5642 14.5669 32.0846}
	{Bone "turret"}
	{Position 0.1891	0.0697	-4.1107}
}
{Volume "turret"
	{Polyhedron "turret.vol"}
	{Bone "turret"}
	{Position -1.4528	0.6587	-0.1054}
}
{Volume "Gun"
	{Box 22.9003 1.59113 1.48894}
	{Bone "gun"}
	{Position 10.5243	0.0569	0.0013}
}
{Volume "Body1"
	{Polyhedron "Body1.vol"}
	{Bone "Body"}
	{Position 2.1538	-0.1085	-2.4693}
}
{Volume "Inventory"
	{Box 12.045 30.5118 17.4319}
	{Bone "Body"}
	{Position -3.2629	-1.1458	10.8519}
}
{Volume "Engine"
	{Box 24.7324 33.0759 14.5916}
	{Bone "Body"}
	{Position -22.4134	-1.1458	9.5452}
}
