;Exported by: sk
;Date:        Sun May 16 16:53:00 2004
;File:        D:\-Projects-\-3DWork-\Constructions\Monastery\Monastery2_x_vic.max
{Skeleton
	{bone "wall5_x"
		{Orientation
			1.0000	0.0000	0.0000
			0.0000	-1.0000	0.0000
			0.0000	0.0000	1.0000
		}
		{bone "piece1"
			{Matrix34
				-1.0000	0.0000	0.0000
				0.0000	0.0000	1.0000
				0.0000	1.0000	-0.0000
				-26.8421	-0.0668	26.1954
			}
			{VolumeView "piece1.ply"}
		}
		{bone "piece0"
			{Matrix34
				-1.0000	0.0000	0.0000
				0.0000	0.0000	1.0000
				0.0000	1.0000	-0.0000
				36.0334	-0.0668	26.6801
			}
			{VolumeView "piece0.ply"}
		}
		{bone "sub_piece0"
			{Matrix34
				-1.0000	0.0000	0.0000
				0.0000	0.0000	1.0000
				0.0000	1.0000	-0.0000
				20.6696	-0.0668	9.3898
			}
			{VolumeView "sub_piece0.ply"}
		}
		{bone "sub_piece1"
			{Matrix34
				-1.0000	0.0000	0.0000
				0.0000	0.0000	1.0000
				0.0000	1.0000	-0.0000
				-8.8304	-0.0668	9.7185
			}
			{VolumeView "sub_piece1.ply"}
		}
	}
}
{Volume "sub_piece1"
	{Box 10.7645 11.811 11.398}
	{Bone "sub_piece1"}
	{Matrix34
		-0.6550	-0.7556	-0.0000
		-0.0000	0.0000	1.0000
		-0.7556	0.6550	-0.0000
		-0.6253	0.2602	0.2630
	}
}
{Volume "sub_piece0"
	{Box 17.1302 11.811 11.4163}
	{Bone "sub_piece0"}
	{Matrix34
		-0.8909	-0.4541	0.0000
		-0.0000	0.0000	1.0000
		-0.4541	0.8909	-0.0000
		0.0927	0.4179	0.2630
	}
}
{Volume "piece0"
	{Box 29.6839 11.811 20.1062}
	{Bone "piece0"}
	{Matrix34
		-0.9998	0.0188	-0.0000
		0.0000	0.0000	1.0000
		0.0188	0.9998	-0.0000
		0.5354	0.7825	0.2631
	}
}
{Volume "piece1"
	{Box 39.4699 11.811 20.59}
	{Bone "piece1"}
	{Matrix34
		-0.9980	0.0629	0.0000
		-0.0000	-0.0000	1.0000
		0.0629	0.9980	0.0000
		0.4409	0.8271	0.2630
	}
}
