;Exported by: vic
;Date:        Tue Feb 03 15:20:04 2004
;File:        D:\-Projects-\-3DWork-\Constructions\NEW\Ruini\monastery\Monastery2_x.max
{Skeleton
	{bone "wall2_x"
		{Orientation
			1.0000	0.0000	0.0000
			0.0000	-1.0000	0.0000
			0.0000	0.0000	1.0000
		}
		{bone "sub_piece3"
			{Matrix34
				-1.0000	0.0000	0.0000
				0.0000	0.0000	1.0000
				0.0000	1.0000	-0.0000
				-11.3974	-0.0605	29.0078
			}
			{VolumeView "sub_piece3.ply"}
		}
		{bone "sub_piece4"
			{Matrix34
				-1.0000	0.0000	0.0000
				0.0000	0.0000	1.0000
				0.0000	1.0000	-0.0000
				-50.1899	-0.0605	8.0524
			}
			{VolumeView "sub_piece4.ply"}
		}
		{bone "sub_piece2"
			{Matrix34
				-1.0000	0.0000	0.0000
				0.0000	0.0000	1.0000
				0.0000	1.0000	-0.0000
				12.2285	-0.0605	29.8077
			}
			{VolumeView "sub_piece2.ply"}
		}
		{bone "piece1"
			{Matrix34
				-1.0000	0.0000	0.0000
				0.0000	0.0000	1.0000
				0.0000	1.0000	-0.0000
				-33.7665	-0.0605	16.8839
			}
			{VolumeView "piece1.ply"}
		}
		{bone "piece0"
			{Matrix34
				-1.0000	0.0000	0.0000
				0.0000	0.0000	1.0000
				0.0000	1.0000	-0.0000
				43.8454	-0.0605	20.1792
			}
			{VolumeView "piece0.ply"}
		}
		{bone "sub_piece1"
			{Matrix34
				-1.0000	0.0000	0.0000
				0.0000	0.0000	1.0000
				0.0000	1.0000	-0.0000
				-2.7272	-0.0605	10.2461
			}
			{VolumeView "sub_piece1.ply"}
		}
		{bone "sub_piece0"
			{Matrix34
				-1.0000	0.0000	0.0000
				0.0000	0.0000	1.0000
				0.0000	1.0000	-0.0000
				23.2046	-0.0605	12.4682
			}
			{VolumeView "sub_piece0.ply"}
		}
	}
}
{Volume "sub_piece0"
	{Box 15.2172 11.7003 12.7275}
	{Bone "sub_piece0"}
	{Matrix34
		-0.9391	-0.3436	-0.0000
		-0.0000	0.0000	1.0000
		-0.3436	0.9391	-0.0000
		-1.0391	-0.5074	-0.0677
	}
}
{Volume "sub_piece1"
	{Box 13.6843 11.7003 11.1583}
	{Bone "sub_piece1"}
	{Matrix34
		-0.7527	-0.6584	-0.0000
		0.0000	-0.0000	1.0000
		-0.6584	0.7527	0.0000
		0.2248	-0.1892	-0.0676
	}
}
{Volume "piece0"
	{Box 31.1013 11.7003 20.2296}
	{Bone "piece0"}
	{Matrix34
		-0.3918	-0.9201	0.0000
		0.0000	-0.0000	1.0000
		-0.9201	0.3918	0.0000
		-1.6964	0.4261	-0.0677
	}
}
{Volume "piece1"
	{Box 22.023 11.7003 25.7018}
	{Bone "piece1"}
	{Matrix34
		-0.9201	0.3917	-0.0000
		0.0000	0.0000	1.0000
		0.3917	0.9201	-0.0000
		-0.3259	1.0755	-0.0677
	}
}
{Volume "sub_piece2"
	{Box 14.0351 11.7003 11.3327}
	{Bone "sub_piece2"}
	{Matrix34
		-0.5763	0.8173	0.0000
		0.0000	0.0000	1.0000
		0.8173	0.5763	-0.0000
		0.0240	-0.1394	-0.0677
	}
}
{Volume "sub_piece4"
	{Box 10.8772 11.7003 10.984}
	{Bone "sub_piece4"}
	{Matrix34
		-0.7600	0.6499	0.0000
		0.0000	0.0000	1.0000
		0.6499	0.7600	-0.0000
		0.3223	-0.1637	-0.0678
	}
}
{Volume "sub_piece3"
	{Box 17.3598 11.7003 13.7028}
	{Bone "sub_piece3"}
	{Matrix34
		-0.9666	-0.2563	0.0000
		-0.0000	0.0000	1.0000
		-0.2563	0.9666	-0.0000
		0.8330	0.2248	-0.0677
	}
}
