;Exported by: shevchenko
;Date:        Mon Apr 19 11:17:23 2004
;File:        D:\-Projects-\-3DWork-\sheva\SK\Build-22_x.max
{Skeleton
	{animation
		{sequence "crush" {speed 0.4}}
	}
	{bone "build-22_corner1"
		{parameters "CommonMesh;"}
		{Orientation
			1.0000	0.0000	0.0000
			0.0000	-1.0000	0.0000
			0.0000	0.0000	1.0000
		}
		{VolumeView "build-22_corner1.ply"}
		{bone "piece0"
			{Position -21.6198	-42.0146	145.6693}
			{VolumeView "piece0.ply"}
		}
		{bone "piece1"
			{Matrix34
				1.0000	0.0000	0.0000
				0.0000	-0.0000	1.0000
				0.0000	-1.0000	-0.0000
				7.2185	-41.9914	101.4771
			}
			{VolumeView "piece1.ply"}
		}
		{bone "piece2"
			{Matrix34
				1.0000	0.0000	0.0000
				0.0000	-0.0000	1.0000
				0.0000	-1.0000	-0.0000
				-13.8274	-41.9914	59.0551
			}
			{VolumeView "piece2.ply"}
		}
		{bone "piece3"
			{Matrix34
				1.0000	0.0000	0.0000
				0.0000	-0.0000	1.0000
				0.0000	-1.0000	-0.0000
				11.8447	-41.9914	68.8976
			}
			{VolumeView "piece3.ply"}
		}
		{bone "piece4"
			{Matrix34
				1.0000	0.0000	0.0000
				0.0000	-0.0000	1.0000
				0.0000	-1.0000	-0.0000
				0.0337	-41.9914	16.6914
			}
			{VolumeView "piece4.ply"}
		}
		{bone "piece5"
			{Matrix34
				-0.0000	1.0000	0.0000
				0.0000	0.0000	1.0000
				1.0000	0.0000	-0.0000
				27.6372	-29.5672	22.6378
			}
			{VolumeView "piece5.ply"}
		}
		{bone "piece6"
			{Matrix34
				-0.0000	1.0000	0.0000
				0.0000	0.0000	1.0000
				1.0000	0.0000	-0.0000
				27.6372	-26.2082	70.8661
			}
			{VolumeView "piece6.ply"}
		}
		{bone "piece7"
			{Position 27.6020	17.5670	69.4450}
			{VolumeView "piece7.ply"}
		}
		{bone "piece8"
			{Position 27.6020	5.9193	14.2305}
			{VolumeView "piece8.ply"}
		}
		{bone "piece9"
			{Position -1.9348	-13.4914	49.7023}
			{VolumeView "piece9.ply"}
		}
		{bone "FX_dust1"
			{Matrix34
				-0.0000	0.0000	1.0000
				0.0000	1.0000	0.0000
				-1.0000	0.0000	-0.0000
				-22.7258	17.9472	52.2882
			}
		}
		{bone "FX_stone1"
			{Matrix34
				-0.0000	0.0000	1.0000
				0.0000	1.0000	0.0000
				-1.0000	0.0000	-0.0000
				28.8259	-2.0142	42.2872
			}
		}
		{bone "FX_stone1a"
			{Matrix34
				-0.0000	0.0000	1.0000
				0.0000	1.0000	0.0000
				-1.0000	0.0000	-0.0000
				-18.3071	-41.5279	35.2976
			}
		}
		{bone "FX_wood1"
			{Matrix34
				-0.0000	0.0000	1.0000
				0.0000	1.0000	0.0000
				-1.0000	0.0000	-0.0000
				27.3530	-8.8058	72.7411
			}
		}
		{bone "FX_wood1a"
			{Matrix34
				-0.0000	0.0000	1.0000
				0.0000	1.0000	0.0000
				-1.0000	0.0000	-0.0000
				-18.3071	-41.5171	108.8273
			}
		}
		{bone "FX_wood2"
			{Matrix34
				-0.0000	0.0000	1.0000
				0.0000	1.0000	0.0000
				-1.0000	0.0000	-0.0000
				-14.2182	11.2000	129.0484
			}
		}
	}
}
{Volume "piece9"
	{Box 3.93701 48.5528 43.3228}
	{Bone "piece9"}
	{Matrix34
		-0.0000	0.0000	1.0000
		0.0000	1.0000	0.0000
		-1.0000	0.0000	-0.0000
		3.9598	-0.3054	-0.0681
	}
}
{Volume "piece8"
	{Box 7.87402 23.1083 25.689}
	{Bone "piece8"}
	{Position -0.0092	-0.4046	-1.3860}
}
{Volume "piece7"
	{Box 7.87402 18.7913 43.4055}
	{Bone "piece7"}
	{Matrix34
		1.0000	0.0000	0.0000
		0.0000	0.9962	-0.0872
		0.0000	0.0872	0.9962
		-0.0092	-3.3988	3.8474
	}
}
{Volume "piece6"
	{Box 7.87402 20.315 38.6811}
	{Bone "piece6"}
	{Matrix34
		-0.0000	0.0000	1.0000
		1.0000	-0.0000	0.0000
		0.0000	1.0000	-0.0000
		0.2459	0.8826	-0.0444
	}
}
{Volume "piece5"
	{Box 7.87402 17.5217 33.7972}
	{Bone "piece5"}
	{Matrix34
		-0.0000	0.0000	1.0000
		1.0000	-0.0000	0.0000
		0.0000	1.0000	-0.0000
		0.1608	0.3323	-0.0444
	}
}
{Volume "piece4"
	{Box 7.87402 24.1799 35.8251}
	{Bone "piece4"}
	{Matrix34
		-0.0000	0.0000	1.0000
		0.3420	0.9397	-0.0000
		-0.9397	0.3420	-0.0000
		-0.5783	1.2961	-0.0700
	}
}
{Volume "piece3"
	{Box 7.87402 15.0686 21.2923}
	{Bone "piece3"}
	{Matrix34
		-0.0000	0.0000	1.0000
		0.7071	0.7071	-0.0000
		-0.7071	0.7071	-0.0000
		0.5334	-0.2983	-0.0700
	}
}
{Volume "piece2"
	{Box 7.87402 21.2012 33.7972}
	{Bone "piece2"}
	{Matrix34
		0.0000	0.0000	1.0000
		0.9848	0.1736	-0.0000
		-0.1736	0.9848	-0.0000
		0.1632	0.0836	-0.0700
	}
}
{Volume "piece1"
	{Box 7.87402 17.5217 19.9404}
	{Bone "piece1"}
	{Matrix34
		-0.0000	0.0000	1.0000
		0.5736	0.8192	-0.0000
		-0.8192	0.5736	-0.0000
		-1.0277	0.0497	-0.0700
	}
}
{Volume "piece0"
	{Box 7.87402 22.6029 33.7972}
	{Bone "piece0"}
	{Matrix34
		-0.0000	-1.0000	-0.0000
		0.9962	-0.0000	0.0872
		-0.0872	0.0000	0.9962
		2.4217	0.0932	2.1924
	}
}
