;Exported by: vic
;Date:        Tue Feb 03 16:55:40 2004
;File:        D:\-Projects-\-3DWork-\Constructions\NEW\Ruini\monastery\Monastery2_x.max
{Skeleton
	{bone "wall3_x"
		{Orientation
			1.0000	0.0000	0.0000
			0.0000	-1.0000	0.0000
			0.0000	0.0000	1.0000
		}
		{bone "piece0"
			{Matrix34
				-1.0000	0.0000	0.0000
				0.0000	0.0000	1.0000
				0.0000	1.0000	-0.0000
				-33.3712	-0.0170	21.0803
			}
			{VolumeView "piece0.ply"}
		}
		{bone "sub_piece1"
			{Matrix34
				-1.0000	0.0000	0.0000
				0.0000	0.0000	1.0000
				0.0000	1.0000	-0.0000
				-13.6939	-0.0170	27.2506
			}
			{VolumeView "sub_piece1.ply"}
		}
		{bone "sub_piece0"
			{Matrix34
				-1.0000	0.0000	0.0000
				0.0000	0.0000	1.0000
				0.0000	1.0000	-0.0000
				-13.9423	-0.0170	8.9777
			}
			{VolumeView "sub_piece0.ply"}
		}
		{bone "piece1"
			{Matrix34
				-1.0000	0.0000	0.0000
				0.0000	0.0000	1.0000
				0.0000	1.0000	-0.0000
				8.2538	-0.0170	16.5463
			}
			{VolumeView "piece1.ply"}
		}
		{bone "sub_piece2"
			{Matrix34
				-1.0000	0.0000	0.0000
				0.0000	0.0000	1.0000
				0.0000	1.0000	-0.0000
				34.6199	-0.0170	9.9015
			}
			{VolumeView "sub_piece2.ply"}
		}
	}
}
{Volume "sub_piece2"
	{Box 15.8654 11.71 12.2103}
	{Bone "sub_piece2"}
	{Matrix34
		-0.9890	0.1477	-0.0000
		0.0000	0.0000	1.0000
		0.1477	0.9890	-0.0000
		0.1662	0.0394	0.0844
	}
}
{Volume "piece1"
	{Box 20.5317 11.71 21.5008}
	{Bone "piece1"}
	{Matrix34
		-0.9964	0.0850	-0.0000
		0.0000	0.0000	1.0000
		0.0850	0.9964	-0.0000
		0.7932	0.0563	0.0844
	}
}
{Volume "sub_piece0"
	{Box 11.7198 11.71 9.15775}
	{Bone "sub_piece0"}
	{Matrix34
		-0.9421	-0.3353	0.0000
		-0.0000	0.0000	1.0000
		-0.3353	0.9421	-0.0000
		0.3918	-0.5608	0.0844
	}
}
{Volume "sub_piece1"
	{Box 9.14593 11.71 10.9462}
	{Bone "sub_piece1"}
	{Matrix34
		-0.9073	0.4204	-0.0000
		0.0000	0.0000	1.0000
		0.4204	0.9073	-0.0000
		0.5455	-0.7619	0.0844
	}
}
{Volume "piece0"
	{Box 19.0385 11.71 25.8806}
	{Bone "piece0"}
	{Matrix34
		-0.9951	-0.0987	-0.0000
		0.0000	-0.0000	1.0000
		-0.0987	0.9951	0.0000
		-0.2689	-0.7168	0.0844
	}
}
