;Exported by: garry
;Date:        Tue Jun 01 11:18:57 2004
;File:        \\gamer2\d$\-PROJE~1\-3DWork-\9226~1\Kv-85\Kv85.max
{Skeleton
	{animation
		{sequence "start"}
		{sequence "stop"}
		{sequence "fire"}
		{sequence "open" {resume}}
	}
	{bone "Basis"
		{Orientation
			1.0000	0.0000	0.0000
			0.0000	-1.0000	0.0000
			0.0000	0.0000	1.0000
		}
		{bone "Body"
			{parameters "ID=body;"}
			{animation
				{sequence "repair" {file "body_r.anm"}}
			}
			{Matrix34
				-1.0000	0.0000	0.0000
				-0.0000	-1.0000	0.0000
				0.0000	0.0000	1.0000
				-4.5329	0.6083	7.7553
			}
			{VolumeView "Body.ply"}
			{bone "FXfire1"
				{Matrix34
					-0.0000	0.0000	1.0000
					0.0000	-1.0000	0.0000
					1.0000	0.0000	0.0000
					33.2583	0.2634	24.4043
				}
			}
			{bone "FXsmoke2"
				{Matrix34
					0.7069	0.5592	0.4332
					0.4768	-0.8290	0.2922
					0.5225	0.0000	-0.8526
					36.0508	11.5255	25.5925
				}
			}
			{bone "FXsmoke1"
				{Matrix34
					0.6336	-0.6691	0.3883
					-0.5705	-0.7431	-0.3496
					0.5225	0.0000	-0.8526
					36.0508	-12.8479	25.5925
				}
			}
			{bone "FXshot"
				{Matrix34
					-0.0000	0.0000	1.0000
					0.0000	-1.0000	0.0000
					1.0000	0.0000	0.0000
					-0.8827	0.2634	6.4268
				}
			}
			{bone revolute "WheelR2"
				{parameters "ID=trackright;"}
				{Matrix34
					1.0000	-0.0000	-0.0000
					-0.0000	-0.0000	1.0000
					0.0000	-1.0000	-0.0000
					59.1728	27.0466	7.4611
				}
				{VolumeView "WheelR2.ply"}
			}
			{bone revolute "WheelL2"
				{parameters "ID=trackleft;"}
				{Matrix34
					1.0000	0.0000	0.0000
					-0.0000	0.0000	1.0000
					-0.0000	1.0000	-0.0000
					59.1728	-25.7183	7.4611
				}
				{VolumeView "WheelL2.ply"}
			}
			{bone revolute "WheelR1"
				{parameters "ID=trackright;"}
				{Matrix34
					1.0000	0.0000	-0.0000
					-0.0000	-0.0000	1.0000
					0.0000	-1.0000	-0.0000
					-58.8150	23.2747	9.3368
				}
				{VolumeView "WheelR1.ply"}
			}
			{bone revolute "WheelL1"
				{parameters "ID=trackleft;"}
				{Matrix34
					1.0000	0.0000	-0.0000
					-0.0000	0.0000	1.0000
					-0.0000	1.0000	-0.0000
					-58.8150	-21.9895	9.3369
				}
				{VolumeView "WheelL1.ply"}
			}
			{bone "Visor2"
				{Matrix34
					-1.0000	-0.0000	0.0000
					0.0000	-1.0000	-0.0000
					0.0000	-0.0000	1.0000
					-51.6896	0.7595	21.0998
				}
			}
			{bone revolute "Turret"
				{parameters "ID=turret;"}
				{animation
					{sequence "repair" {file "turret_r.anm"} {speed 0.8}}
				}
				{speed 0.0070}
				{Matrix34
					-1.0000	-0.0000	0.0000
					0.0000	-1.0000	0.0000
					0.0000	0.0000	1.0000
					-7.8976	-0.2244	26.7074
				}
				{VolumeView "Turret.ply"}
				{bone "Cover"
					{Position -3.7152	5.2279	22.0183}
					{VolumeView "Cover.ply"}
				}
				{bone "FXfire2"
					{Matrix34
						0.0000	-0.0000	1.0000
						0.0000	1.0000	0.0000
						-1.0000	0.0000	0.0000
						-9.6796	-1.7144	10.3806
					}
				}
				{bone "Visor1"
					{Position 13.0767	8.2234	16.7997}
				}
				{bone revolute "gun_rot"
					{parameters "ID=gun;"}
					{animation
						{sequence "repair" {file "gun_r.anm"} {speed 0.9}}
					}
					{limits -10.0000 15.0000}
					{speed 0.0100}
					{Matrix34
						1.0000	0.0000	0.0000
						-0.0000	0.0000	1.0000
						0.0000	-1.0000	0.0000
						24.4100	-1.0843	7.9292
					}
					{VolumeView "gun_rot.ply"}
					{bone revolute "Foresight3"
						{limits -5.0000 5.0000}
						{Position 7.3131	2.1303	-4.6081}
					}
					{bone "gun"
						{parameters "ID=gun;"}
						{Matrix34
							1.0000	0.0000	-0.0000
							-0.0000	0.0000	-1.0000
							0.0000	1.0000	0.0000
							10.9599	-0.3915	0.3346
						}
						{VolumeView "gun.ply"}
						{bone "Foresight1"
							{Position 58.6116	0.0662	0.2305}
						}
					}
				}
			}
			{bone "engine"
				{Matrix34
					-0.0000	0.0000	1.0000
					-0.0000	-1.0000	0.0000
					1.0000	-0.0000	0.0000
					38.2119	-0.2369	12.3300
				}
			}
			{bone "Seat01"
				{Matrix34
					-0.8427	0.5201	0.1390
					-0.5328	-0.8427	-0.0774
					0.0769	-0.1393	0.9873
					20.5211	27.9301	18.4859
				}
			}
			{bone "Seat02"
				{Matrix34
					-0.2158	0.9665	0.1390
					-0.9754	-0.2066	-0.0774
					-0.0461	-0.1523	0.9873
					37.3352	29.8234	18.5548
				}
			}
			{bone "Seat03"
				{Matrix34
					-0.2182	0.9757	0.0198
					-0.9674	-0.2135	-0.1364
					-0.1288	-0.0489	0.9905
					52.9524	29.7216	18.7239
				}
			}
			{bone "Seat04"
				{Matrix34
					0.2122	-0.9772	0.0000
					0.9772	0.2122	0.0000
					0.0000	0.0000	1.0000
					17.4607	-27.7805	18.9515
				}
			}
			{bone "Seat05"
				{Matrix34
					0.2032	-0.9693	0.1385
					0.9724	0.1833	-0.1443
					0.1145	0.1640	0.9798
					32.5080	-29.1560	18.9126
				}
			}
			{bone "Seat06"
				{Matrix34
					0.2927	-0.9553	-0.0411
					0.9460	0.2956	-0.1328
					0.1391	0.0000	0.9903
					48.9873	-28.4693	17.6098
				}
			}
		}
		{bone "WheelsR"
			{parameters "ID=trackright;"}
			{Matrix34
				1.0000	0.0000	0.0000
				0.0000	0.0000	1.0000
				0.0000	1.0000	-0.0000
				-5.2322	-24.4024	12.4550
			}
			{VolumeView "WheelsR.ply"}
			{bone "FXtraceR1"
				{Matrix34
					-1.0000	0.0000	0.0000
					-0.0000	-0.0000	-1.0000
					0.0000	1.0000	-0.0000
					37.7049	-5.7399	-0.7182
				}
			}
			{bone "FXtraceR2"
				{Matrix34
					-1.0000	0.0000	0.0000
					-0.0000	-0.0000	-1.0000
					0.0000	1.0000	-0.0000
					-17.7439	-5.7399	-0.7182
				}
			}
			{bone "FXtraceR3"
				{Matrix34
					-0.9659	0.2588	-0.0000
					0.0000	-0.0000	-1.0000
					0.2588	0.9659	0.0000
					-53.2290	-9.6570	-0.7182
				}
			}
			{bone "TrackR"
				{parameters "ID=trackright;"}
				{Matrix34
					-1.0000	0.0000	0.0000
					0.0000	0.0000	1.0000
					0.0000	1.0000	-0.0000
					-0.1075	0.0578	-1.4776
				}
				{VolumeView "TrackR.ply"}
			}
		}
		{bone "WheelsL"
			{parameters "ID=trackleft;"}
			{Matrix34
				1.0000	0.0000	0.0000
				0.0000	0.0000	1.0000
				0.0000	-1.0000	-0.0000
				-5.2322	25.6406	12.4550
			}
			{VolumeView "WheelsL.ply"}
			{bone "TrackL"
				{parameters "ID=trackleft;"}
				{Matrix34
					-1.0000	0.0000	-0.0000
					-0.0000	-0.0000	1.0000
					-0.0000	1.0000	0.0000
					-0.1075	0.0577	0.0737
				}
				{VolumeView "TrackL.ply"}
			}
			{bone "FXtraceL1"
				{Matrix34
					-1.0000	0.0000	-0.0000
					-0.0000	-0.0000	1.0000
					0.0000	1.0000	-0.0000
					37.7049	-5.7399	0.0443
				}
			}
			{bone "FXtraceL2"
				{Matrix34
					-1.0000	0.0000	-0.0000
					-0.0000	-0.0000	1.0000
					0.0000	1.0000	-0.0000
					-17.7439	-5.7399	0.0443
				}
			}
			{bone "FXtraceL3"
				{Matrix34
					-0.9659	0.2588	-0.0000
					0.0000	-0.0000	1.0000
					0.2588	0.9659	-0.0000
					-53.2290	-9.6570	0.0443
				}
			}
		}
		{bone "emit1"
			{Matrix34
				0.0000	-1.0000	-0.0000
				1.0000	0.0000	-0.0000
				0.0000	-0.0000	1.0000
				21.5667	44.9005	0.2856
			}
		}
		{bone "emit2"
			{Matrix34
				0.0000	1.0000	0.0000
				-1.0000	0.0000	0.0000
				0.0000	-0.0000	1.0000
				-5.0439	-45.2169	0.2856
			}
		}
		{bone "emit8"
			{parameters "Group=passengers;"}
			{Matrix34
				-0.0000	-1.0000	0.0000
				1.0000	-0.0000	0.0000
				-0.0000	0.0000	1.0000
				-52.2526	53.9448	0.2856
			}
		}
		{bone "emit7"
			{parameters "Group=passengers;"}
			{Matrix34
				0.0000	-1.0000	0.0000
				1.0000	-0.0000	0.0000
				-0.0000	0.0000	1.0000
				-36.2399	53.9448	0.2856
			}
		}
		{bone "emit6"
			{parameters "Group=passengers;"}
			{Matrix34
				0.0000	-1.0000	0.0000
				1.0000	-0.0000	0.0000
				-0.0000	0.0000	1.0000
				-21.8841	53.9448	0.2856
			}
		}
		{bone "emit5"
			{parameters "Group=passengers;"}
			{Matrix34
				0.0000	1.0000	0.0000
				-1.0000	0.0000	0.0000
				0.0000	-0.0000	1.0000
				-52.5817	-55.0984	0.2856
			}
		}
		{bone "emit4"
			{parameters "Group=passengers;"}
			{Matrix34
				0.0000	1.0000	0.0000
				-1.0000	0.0000	0.0000
				0.0000	-0.0000	1.0000
				-35.4552	-55.0984	0.2856
			}
		}
		{bone "emit3"
			{parameters "Group=passengers;"}
			{Matrix34
				0.0000	1.0000	0.0000
				-1.0000	0.0000	0.0000
				0.0000	-0.0000	1.0000
				-16.9911	-55.0984	0.2856
			}
		}
	}
}
{Volume "trackleft"
	{Box 130.903 12.6049 24.2722}
	{Bone "WheelsL"}
	{Matrix34
		1.0000	0.0000	-0.0000
		-0.0000	0.0000	-1.0000
		0.0000	1.0000	-0.0000
		-0.0549	-0.2499	-0.0042
	}
}
{Volume "trackright"
	{Box 130.903 12.6049 24.2722}
	{Bone "WheelsR"}
	{Matrix34
		-1.0000	0.0000	0.0000
		0.0000	0.0000	1.0000
		0.0000	1.0000	-0.0000
		-0.0549	-0.2499	-0.9274
	}
}
{Volume "Engine"
	{Box 27.2148 31.8715 20.9834}
	{Bone "engine"}
	{Matrix34
		0.0000	0.0000	-1.0000
		-0.0000	1.0000	0.0000
		1.0000	0.0000	-0.0000
		-0.0000	-0.0000	-0.0000
	}
}
{Volume "Turret"
	{Polyhedron "Turret.vol"}
	{Bone "Turret"}
	{Position 5.4323	-0.7574	1.7038}
}
{Volume "Gun"
	{Cylinder 1.7826 58.316}
	{Bone "gun_rot"}
	{Matrix34
		0.0000	0.0000	-1.0000
		0.0000	1.0000	0.0000
		1.0000	-0.0000	-0.0000
		39.8653	-0.3586	0.2670
	}
}
{Volume "Body2"
	{Polyhedron "Body2.vol"}
	{Bone "Body"}
	{Matrix34
		-1.0000	-0.0000	0.0000
		0.0000	-1.0000	0.0000
		0.0000	0.0000	1.0000
		-0.1522	0.3509	14.5039
	}
}
{Volume "Body1"
	{Polyhedron "Body1.vol"}
	{Bone "Body"}
	{Matrix34
		-1.0000	-0.0000	0.0000
		0.0000	-1.0000	0.0000
		0.0000	0.0000	1.0000
		-0.1522	0.3509	-0.2825
	}
}
{Volume "Inventory"
	{Box 21.4191 31.8715 17.8359}
	{Bone "Body"}
	{Matrix34
		-1.0000	-0.0000	0.0000
		0.0000	-1.0000	-0.0000
		0.0000	-0.0000	1.0000
		12.1395	0.3008	13.9634
	}
}
{Volume "Crew"
	{Box 22.4069 23.725 29.1272}
	{Bone "Body"}
	{Matrix34
		-1.0000	-0.0000	0.0000
		0.0000	-1.0000	-0.0000
		0.0000	-0.0000	1.0000
		-11.2463	0.3008	19.8864
	}
}
