;Exported by: garry
;Date:        Mon Feb 23 13:09:23 2004
;File:        D:\-Projects-\-3DWork-\Model\mashines\horch\Horch_x.max
{Skeleton
	{bone "Basis"
		{parameters "WheelRadius=0.4;"}
		{Orientation
			1.0000	0.0000	0.0000
			0.0000	-1.0000	0.0000
			0.0000	0.0000	1.0000
		}
		{bone "pivot_back"
			{Matrix34
				-1.0000	0.0000	0.0000
				-0.0000	-1.0000	0.0000
				0.0000	0.0000	1.0000
				-23.1973	-0.2788	11.3254
			}
			{bone "spring_L2"
				{Matrix34
					1.0000	0.0000	0.0000
					0.0000	-1.0000	0.0000
					-0.0000	-0.0000	-1.0000
					0.0090	-11.3297	-5.5229
				}
				{bone revolute "WheelL2"
					{parameters "ID=wheelleft2;"}
					{Matrix34
						0.4226	-0.0000	-0.9063
						-0.9063	-0.0000	-0.4226
						-0.0000	1.0000	-0.0000
						0.1343	3.8082	-1.9400
					}
					{VolumeView "WheelL2.ply"}
				}
			}
			{bone "spring_R2"
				{Matrix34
					1.0000	0.0000	0.0000
					0.0000	-1.0000	0.0000
					-0.0000	-0.0000	-1.0000
					0.0421	10.5495	-5.5229
				}
				{bone revolute "WheelR2"
					{parameters "ID=wheelright2;"}
					{Matrix34
						1.0000	0.0000	-0.0000
						-0.0000	0.0000	-1.0000
						0.0000	-1.0000	-0.0000
						-0.0854	-3.9039	-1.9400
					}
					{VolumeView "WheelR2.ply"}
				}
			}
		}
		{bone "Body"
			{parameters "ID=body;"}
			{animation
				{sequence "break" {file "body.anm"}}
			}
			{Matrix34
				0.0000	1.0000	0.0000
				-1.0000	0.0000	0.0000
				0.0000	0.0000	1.0000
				6.1510	0.0635	18.8147
			}
			{VolumeView "Body.ply"}
			{bone "glass"
				{parameters "ID=body;"}
				{animation
					{sequence "break" {file "body.anm"}}
				}
				{VolumeView "glass.ply"}
			}
			{bone "Engine"
				{parameters "CommonMesh;ID=engine;"}
				{animation
					{sequence "break" {file "engine.anm"}}
				}
				{VolumeView "Engine.ply"}
			}
			{bone revolute "steer_B"
				{parameters "ID=body;"}
				{animation
					{sequence "break" {file "body.anm"}}
				}
				{Matrix34
					0.0000	-0.1864	0.9825
					-1.0000	-0.0000	-0.0000
					0.0000	-0.9825	-0.1864
					6.9414	-1.8913	1.0249
				}
				{VolumeView "steer_B.ply"}
				{bone "wheel_hand"
					{parameters "ID=body;"}
					{animation
						{sequence "break" {file "body.anm"}}
					}
					{Matrix34
						-0.0000	-1.0000	0.0000
						1.0000	-0.0000	-0.0046
						0.0046	-0.0000	1.0000
						0.0809	-0.1969	0.4679
					}
					{VolumeView "wheel_hand.ply"}
				}
			}
			{bone revolute "DoorL"
				{parameters "ID=body;"}
				{animation
					{sequence "break" {file "body.anm"}}
				}
				{Matrix34
					0.9982	-0.0047	-0.0595
					-0.0000	0.9969	-0.0788
					0.0597	0.0786	0.9951
					15.5787	17.6986	-3.2215
				}
				{VolumeView "DoorL.ply"}
			}
			{bone revolute "DoorR"
				{parameters "ID=body;"}
				{animation
					{sequence "break" {file "body.anm"}}
				}
				{Matrix34
					0.9954	0.0096	0.0948
					0.0000	0.9949	-0.1005
					-0.0953	0.1000	0.9904
					-15.5634	17.7055	-3.2501
				}
				{VolumeView "DoorR.ply"}
			}
		}
		{bone "pivot_front"
			{Position 44.7105	0.0871	5.8025}
			{bone revolute "steer_R"
				{Matrix34
					-1.0000	0.0000	0.0000
					0.0000	1.0000	0.0000
					-0.0000	0.0000	-1.0000
					-0.0000	-10.9154	-0.0000
				}
				{bone revolute "WheelR1"
					{parameters "ID=wheelright1;"}
					{Matrix34
						0.1736	0.0000	0.9848
						0.9848	0.0000	-0.1736
						0.0000	-1.0000	-0.0000
						-0.0529	-3.9039	-1.9400
					}
					{VolumeView "WheelR1.ply"}
				}
			}
			{bone revolute "steer_L"
				{Matrix34
					-1.0000	0.0000	-0.0000
					0.0000	1.0000	0.0000
					0.0000	0.0000	-1.0000
					-0.0000	10.9638	0.0000
				}
				{bone revolute "WheelL1"
					{parameters "ID=wheelleft1;"}
					{Matrix34
						0.8192	-0.0000	-0.5736
						-0.5736	-0.0000	-0.8192
						-0.0000	1.0000	-0.0000
						-0.0529	3.8082	-1.9400
					}
					{VolumeView "WheelL1.ply"}
				}
			}
		}
	}
}
