;Exported by: shevchenko
;Date:        Sun Apr 18 14:40:37 2004
;File:        D:\-Projects-\-3DWork-\sheva\SK\build-05x.max
{Skeleton
	{animation
		{sequence "crush" {speed 0.4}}
	}
	{bone "build-05_corner3"
		{parameters "CommonMesh;"}
		{Orientation
			1.0000	0.0000	0.0000
			0.0000	-1.0000	0.0000
			0.0000	0.0000	1.0000
		}
		{VolumeView "build-05_corner3.ply"}
		{bone "Piece1"
			{Matrix34
				0.0000	-1.0000	0.0000
				-0.0000	-0.0000	1.0000
				-1.0000	-0.0000	-0.0000
				57.0206	-12.1355	75.5180
			}
			{VolumeView "Piece1.ply"}
		}
		{bone "Piece2"
			{Matrix34
				-1.0000	0.0000	0.0000
				-0.0000	-0.0000	-1.0000
				-0.0000	-1.0000	0.0000
				52.0994	-40.4822	84.9539
			}
			{VolumeView "Piece2.ply"}
		}
		{bone "Piece3"
			{Matrix34
				0.0000	-0.9659	-0.2588
				0.0000	0.2588	-0.9659
				1.0000	0.0000	0.0000
				57.0206	10.9141	108.0551
			}
			{VolumeView "Piece3.ply"}
		}
		{bone "Piece4"
			{Matrix34
				-1.0000	0.0000	0.0000
				0.0000	0.0000	1.0000
				0.0000	1.0000	-0.0000
				43.6331	-40.4822	106.3691
			}
			{VolumeView "Piece4.ply"}
		}
		{bone "Piece5"
			{Matrix34
				-1.0000	0.0000	0.0000
				-0.0000	-0.0000	-1.0000
				-0.0000	-1.0000	0.0000
				1.4026	-40.4822	86.9074
			}
			{VolumeView "Piece5.ply"}
		}
		{bone "Piece6"
			{Matrix34
				-0.0872	-0.0000	-0.9962
				0.9962	0.0000	-0.0872
				0.0000	-1.0000	-0.0000
				28.7306	-40.4822	62.8985
			}
			{VolumeView "Piece6.ply"}
		}
		{bone "Piece7"
			{Matrix34
				-0.0000	1.0000	0.0000
				0.0000	-0.0000	1.0000
				1.0000	0.0000	-0.0000
				57.0206	-22.3041	127.1259
			}
			{VolumeView "Piece7.ply"}
		}
		{bone "Piece8"
			{Matrix34
				-1.0000	0.0000	0.0000
				0.0000	0.0000	1.0000
				0.0000	1.0000	-0.0000
				1.8823	-40.4822	107.6956
			}
			{VolumeView "Piece8.ply"}
		}
		{bone "Piece9"
			{Matrix34
				0.9848	0.0000	0.1736
				0.0000	1.0000	0.0000
				-0.1736	0.0000	0.9848
				2.8203	-40.5610	49.7343
			}
			{VolumeView "Piece9.ply"}
		}
		{bone "Piece10"
			{Matrix34
				-0.0000	0.9962	0.0872
				0.0000	-0.0872	0.9962
				1.0000	0.0000	-0.0000
				57.0206	2.3368	138.5077
			}
			{VolumeView "Piece10.ply"}
		}
		{bone "Piece12"
			{Matrix34
				0.0000	-1.0000	0.0000
				-0.0000	-0.0000	1.0000
				-1.0000	-0.0000	-0.0000
				57.0206	27.6828	56.9432
			}
			{VolumeView "Piece12.ply"}
		}
		{bone "Piece13"
			{Matrix34
				0.0000	-0.0000	-1.0000
				0.0000	-1.0000	0.0000
				-1.0000	-0.0000	0.0000
				57.0206	-15.3996	51.6342
			}
			{VolumeView "Piece13.ply"}
		}
		{bone "Piece11"
			{Matrix34
				1.0000	-0.0000	0.0000
				0.0000	0.0000	-1.0000
				0.0000	1.0000	0.0000
				-48.7077	-40.4822	92.0739
			}
			{VolumeView "Piece11.ply"}
		}
	}
}
{Volume "Piece11"
	{Box 9.74409 20.7951 29.3314}
	{Bone "Piece11"}
	{Matrix34
		0.0000	-0.0000	-1.0000
		1.0000	-0.0000	0.0000
		-0.0000	-1.0000	0.0000
		-3.8898	2.2569	0.1998
	}
}
{Volume "Piece13"
	{Box 9.84252 25.5222 14.379}
	{Bone "Piece13"}
	{Matrix34
		0.0000	0.0000	1.0000
		0.0000	1.0000	-0.0000
		-1.0000	0.0000	0.0000
		0.5967	1.6384	-0.0839
	}
}
{Volume "Piece12"
	{Box 9.84252 20.7119 27.9312}
	{Bone "Piece12"}
	{Matrix34
		0.0000	0.0000	1.0000
		1.0000	-0.0000	-0.0000
		0.0000	1.0000	-0.0000
		1.4199	0.6919	-0.0839
	}
}
{Volume "Piece10"
	{Box 9.84252 24.984 17.4291}
	{Bone "Piece10"}
	{Matrix34
		0.0000	0.0000	-1.0000
		0.9659	0.2588	0.0000
		0.2588	-0.9659	-0.0000
		1.4332	-2.0464	-0.0839
	}
}
{Volume "Piece9"
	{Box 9.74409 12.0058 22.0918}
	{Bone "Piece9"}
	{Matrix34
		0.0000	1.0000	-0.0000
		-0.9848	0.0000	0.1736
		0.1736	-0.0000	0.9848
		-0.0537	-0.2785	0.4910
	}
}
{Volume "Piece8"
	{Box 9.74409 22.233 16.244}
	{Bone "Piece8"}
	{Matrix34
		0.0000	-0.0000	-1.0000
		1.0000	-0.0000	0.0000
		-0.0000	-1.0000	0.0000
		0.1529	0.5830	0.1998
	}
}
{Volume "Piece7"
	{Box 9.84252 27.1565 14.5242}
	{Bone "Piece7"}
	{Matrix34
		0.0000	0.0000	-1.0000
		0.9659	0.2588	0.0000
		0.2588	-0.9659	-0.0000
		0.5224	-2.8898	-0.0839
	}
}
{Volume "Piece6"
	{Box 9.74409 27.9434 13.1808}
	{Bone "Piece6"}
	{Matrix34
		0.0000	-0.0000	-1.0000
		0.0872	-0.9962	0.0000
		-0.9962	-0.0872	-0.0000
		0.2143	-1.0471	0.1998
	}
}
{Volume "Piece5"
	{Box 9.74409 22.233 20.8256}
	{Bone "Piece5"}
	{Matrix34
		0.0000	-0.0000	-1.0000
		1.0000	-0.0000	0.0000
		-0.0000	-1.0000	0.0000
		0.2319	0.6422	0.1998
	}
}
{Volume "Piece4"
	{Box 9.74409 19.8398 23.0943}
	{Bone "Piece4"}
	{Matrix34
		0.0000	-0.0000	-1.0000
		1.0000	-0.0000	0.0000
		-0.0000	-1.0000	0.0000
		8.5235	-0.4158	0.1998
	}
}
{Volume "Piece3"
	{Box 9.84252 17.6341 27.9312}
	{Bone "Piece3"}
	{Matrix34
		0.0000	0.0000	-1.0000
		1.0000	-0.0000	0.0000
		-0.0000	-1.0000	-0.0000
		-0.6451	-0.4198	-0.0839
	}
}
{Volume "Piece2"
	{Box 9.74409 19.8398 20.0348}
	{Bone "Piece2"}
	{Matrix34
		0.0000	-0.0000	-1.0000
		1.0000	-0.0000	0.0000
		-0.0000	-1.0000	0.0000
		0.0572	-0.0976	0.1998
	}
}
{Volume "Piece1"
	{Box 9.84252 29.3506 25.1633}
	{Bone "Piece1"}
	{Matrix34
		0.0000	0.0000	1.0000
		1.0000	-0.0000	-0.0000
		0.0000	1.0000	-0.0000
		1.4197	-1.0720	-0.0839
	}
}
