{mission
	{Camera
		{Position 1512.17 8567.51}
		{Distance 1618.61}
		{ViewAngle 0.492165}
		{YawAngle 7.32813}
	}
	{Environment "menu1"}
	{User 2}
	{GameProgress 0 0}
	{Entity "type97_81" 0x8000
		{Position -930.951 8307.66 35}
		{Turn -84.1434}
		{Extender "inventory"
			{box
				{clear}
				{item "ammo 81mm_mine" {cell 0 0}}
				{item "ammo 81mm_mine" {cell 0 1}}
				{item "ammo 81mm_mine" {cell 4 0}}
				{item "ammo 81mm_mine" {cell 4 1}}
			}
		}
		{Player 3}
		{MID 1}
		
	}
	{Entity "type97_81" 0x8001
		{Position -853.199 8302.96 35}
		{Turn -81.7464}
		{Extender "inventory"
			{box
				{clear}
				{item "ammo 81mm_mine" {cell 0 0}}
				{item "ammo 81mm_mine" {cell 0 1}}
				{item "ammo 81mm_mine" {cell 0 2}}
				{item "ammo 81mm_mine" {cell 3 1}}
				{item "ammo 81mm_mine" {cell 1 4}}
			}
		}
		{Player 3}
		{MID 2}
		
	}
	{Entity "type1_47" 0x8002
		{Position 491.365 9073.59 35}
		{Turn -22.4717}
		{Extender "inventory"
			{box
				{clear}
				{item "bullet47 ap" 30 {cell 0 0}}
			}
		}
		{Player 0}
		{MID 3}
		{Chassis
			{FuelBag
				{Remain 25}
			}
		}
	}
	{Entity "type1_stan" 0x8003
		{Position -1016.15 7518.33 27}
		{Turn -88.1467}
		{Player 3}
		{MID 4}
		
	}
	{Entity "type1_stan" 0x8004
		{Position 64.6186 8281.72 26.9073}
		{Turn -27.1652}
		{Player 0}
		{MID 5}
	}
	{Human "jap.infantry_smg" 0x8005
		{Position -842.052 8413.21 35}
		{Turn -170.462}
		{Player 3}
		{MID 6}
		{NameId 18 25}
		{FsmState "stand"}
	}
	{Human "jap.infantry_smg" 0x8006
		{Position -869.487 8419.06 35}
		{Turn -35.4579}
		{Player 3}
		{MID 7}
		{NameId 2 10}
		{FsmState "stand"}
	}
	{Human "jap.infantry_mgun" 0x8007
		{Position -825.939 8268.85 35}
		{Turn -93.8244}
		{Extender "inventory"
			{box
				{clear}
				{item "ammo mgun" 80 {cell 5 0}}
				{item "grenade type23" {cell 7 0}}
			}
		}
		{Player 3}
		{MID 8}
		{Weaponry
			{State
				{Mounted "type97"}
				{Weapon
					{Ammo "ammo mgun" 20}
				}
			}
		}
		{NameId 61 19}
		{Cover
			{sector -825.939 8268.85 {type "squat_lie"}
				{wall 0 0 -796.851 8259.89 -877.783 8265.3}
			}
		}
		{FsmState "squat"}
	}
	{Human "jap.infantry_mgun" 0x8008
		{Position -957.651 8274.69 35}
		{Turn -94.3479}
		{Extender "inventory"
			{box
				{clear}
				{item "ammo mgun" 80 {cell 5 0}}
				{item "grenade type23" {cell 7 0}}
			}
		}
		{Player 3}
		{MID 9}
		{Weaponry
			{State
				{Mounted "type97"}
				{Weapon
					{Ammo "ammo mgun" 20}
				}
			}
		}
		{NameId 73 78}
		{Cover
			{sector -957.651 8274.69 {type "squat_lie"}
				{wall 0 0 -908.084 8263.9 -988.964 8270.05}
			}
		}
		{FsmState "squat"}
	}
	{Human "jap.oficer" 0x8009
		{Position -902.391 8271.78 35}
		{Turn -90.8195}
		{Player 3}
		{MID 10}
		{NameId 68 32}
		{Cover
			{sector -902.391 8271.78 {type "squat_lie"}
				{wall 0 0 -852.255 8264.07 -933.359 8265.23}
			}
		}
		{FsmState "squat"}
	}
	{Entity "box_wood" 0x800a
		{Position -870.979 8365.35 35}
		{Extender "inventory"
			{box
				{clear}
				{item "ammo 81mm_mine" {cell 0 0}}
				{item "ammo 81mm_mine" {cell 0 1}}
				{item "ammo 81mm_mine" {cell 0 2}}
				{item "ammo 81mm_mine" {cell 0 3}}
				{item "ammo 81mm_mine" {cell 0 4}}
				{item "ammo 81mm_mine" {cell 0 5}}
				{item "ammo 81mm_mine" {cell 4 3}}
				{item "ammo mgun" 20 {cell 6 0}}
				{item "ammo mgun" 20 {cell 4 0}}
				{item "ammo 81mm_mine" {cell 4 2}}
				{item "ammo mgun" 20 {cell 6 4}}
				{item "ammo mgun" 20 {cell 6 5}}
				{item "ammo mgun" 20 {cell 4 5}}
				{item "ammo mgun" 20 {cell 4 4}}
				{item "ammo mgun" 20 {cell 4 1}}
				{item "ammo mgun" 20 {cell 6 1}}
			}
		}
	}
	{Entity "box_wood" 0x800b
		{Position -940.844 8371.79 35}
		{Turn -157.448}
		{Extender "inventory"
			{box
				{clear}
				{item "ammo 81mm_mine" {cell 0 0}}
				{item "ammo 81mm_mine" {cell 0 1}}
				{item "ammo 81mm_mine" {cell 5 0}}
				{item "ammo 81mm_mine" {cell 5 1}}
				{item "ammo 81mm_mine" {cell 0 3}}
				{item "ammo 81mm_mine" {cell 5 2}}
				{item "ammo mgun" 20 {cell 0 5}}
				{item "ammo mgun" 20 {cell 2 5}}
				{item "ammo mgun" 20 {cell 1 4}}
				{item "ammo mgun" 20 {cell 5 4}}
				{item "ammo mgun" 20 {cell 4 5}}
				{item "ammo mgun" 20 {cell 6 5}}
			}
		}
	}
	{Entity "type1_47" 0x800c
		{Position -1441.99 7496.93 35}
		{Turn -90.2792}
		{Extender "inventory"
			{box
				{clear}
				{item "bullet47 ap" 31 {cell 0 2}}
			}
		}
		{Player 3}
		{MID 11}
		
		{Chassis
			{FuelBag
				{Remain 25}
			}
		}
	}
	{Entity "type1_47" 0x800d
		{Position -477.386 7593.15 35}
		{Turn -61.2688}
		{Extender "inventory"
			{box
				{clear}
				{item "bullet47 ap" 30 {cell 0 2}}
			}
		}
		{Player 3}
		{MID 12}
		
		{Chassis
			{FuelBag
				{Remain 25}
			}
		}
	}
	{Human "jap.infantry_rifle" 0x800e
		{Position 91.428 8391.69 22}
		{Turn -28.5208}
		{Extender "inventory"
			{box
				{clear}
				{item "ammo rifle" 25 {cell 4 0}}
				{item "grenade type23" {cell 5 0}}
				{item "bayonet" {cell 6 0}}
			}
		}
		{Player 3}
		{MID 13}
		{Weaponry
			{State
				{Mounted "arisaka"}
				{Weapon
					{Ammo "ammo rifle" 5}
				}
			}
		}
		{NameId 18 26}
		{Cover
			{sector 91.428 8391.69 {type "snipe_cover"}
				{wall 0 0 132.527 8452.65 62.0335 8322.93}
			}
		}
		{FsmState "snipe"}
	}
	{Human "jap.infantry_rifle" 0x800f
		{Position -34.9614 8159.62 22}
		{Turn -28.5422}
		{Extender "inventory"
			{box
				{clear}
				{item "ammo rifle" 25 {cell 4 0}}
				{item "grenade type23" {cell 5 0}}
				{item "bayonet" {cell 6 0}}
			}
		}
		{Player 3}
		{MID 14}
		{Weaponry
			{State
				{Mounted "arisaka"}
				{Weapon
					{Ammo "ammo rifle" 5}
				}
			}
		}
		{NameId 2 11}
		{Cover
			{sector -34.9614 8159.62 {type "snipe_cover"}
				{wall 0 0 29.167 8262.87 -41.3783 8133.17}
			}
		}
		{FsmState "snipe"}
	}
	{Human "jap.infantry_rifle" 0x8010
		{Position -1016.39 7532.58 27}
		{Turn -88.1467}
		{DisableObstacles}
		{Player 3}
		{MID 15}
		{NameId 61 20}
		{FsmState "board"}
	}
	{Human "jap.infantry_rifle" 0x8011
		{Position 3.38061 8230.11 22}
		{Turn -28.5422}
		{Extender "inventory"
			{box
				{clear}
				{item "ammo rifle" 25 {cell 4 0}}
				{item "grenade type23" {cell 5 0}}
				{item "bayonet" {cell 6 0}}
			}
		}
		{Player 3}
		{MID 16}
		{Weaponry
			{State
				{Mounted "arisaka"}
				{Weapon
					{Ammo "ammo rifle" 5}
				}
			}
		}
		{NameId 73 79}
		{Cover
			{sector 3.38061 8230.11 {type "snipe_cover"}
				{wall 0 0 29.167 8262.87 -41.3783 8133.17}
			}
		}
		{FsmState "snipe"}
	}
	{Human "jap.infantry_rifle" 0x8012
		{Position -432.511 7671.78 35}
		{Turn -29.2384}
		{Extender "inventory"
			{box
				{clear}
				{item "ammo rifle" 25 {cell 4 0}}
				{item "grenade type23" {cell 5 0}}
				{item "bayonet" {cell 6 0}}
			}
		}
		{Player 3}
		{MID 17}
		{Weaponry
			{State
				{Mounted "arisaka"}
				{Weapon
					{Ammo "ammo rifle" 5}
				}
			}
		}
		{NameId 68 33}
		{Cover
			{sector -432.511 7671.78 {type "squat_lie"}
				{wall 0 0 -401.251 7713.29 -440.871 7642.51}
			}
		}
		{FsmState "squat"}
	}
	{Human "jap.infantry_rifle" 0x8013
		{Position -898.077 7552.89 22}
		{Turn -88.4048}
		{Extender "inventory"
			{box
				{clear}
				{item "ammo rifle" 25 {cell 4 0}}
				{item "grenade type23" {cell 5 0}}
				{item "bayonet" {cell 6 0}}
			}
		}
		{Player 3}
		{MID 18}
		{Weaponry
			{State
				{Mounted "arisaka"}
				{Weapon
					{Ammo "ammo rifle" 5}
				}
			}
		}
		{NameId 31 51}
		{Cover
			{sector -898.077 7552.89 {type "snipe_cover"}
				{wall 0 0 -840.759 7547.48 -988.34 7543.37}
			}
		}
		{FsmState "snipe"}
	}
	{Human "jap.infantry_rifle" 0x8014
		{Position -1577.23 7967.87 35}
		{Turn -5.0446}
		{Player 3}
		{MID 19}
		{NameId 1 45}
		{FsmState "stand"}
	}
	{Human "jap.infantry_rifle" 0x8015
		{Position -1300.34 7545.18 35}
		{Turn -89.1595}
		{Extender "inventory"
			{box
				{clear}
				{item "ammo rifle" 25 {cell 4 0}}
				{item "grenade type23" {cell 5 0}}
				{item "bayonet" {cell 6 0}}
			}
		}
		{Player 3}
		{MID 20}
		{Weaponry
			{State
				{Mounted "arisaka"}
				{Weapon
					{Ammo "ammo rifle" 5}
				}
			}
		}
		{NameId 13 87}
		{Cover
			{sector -1300.34 7545.18 {type "squat_lie"}
				{wall 0 0 -1248.75 7538.94 -1329.86 7537.75}
			}
		}
		{FsmState "squat"}
	}
	{Human "jap.infantry_rifle" 0x8016
		{Position -1130.48 7547.67 22}
		{Turn -92.1377}
		{Extender "inventory"
			{box
				{clear}
				{item "ammo rifle" 25 {cell 4 0}}
				{item "grenade type23" {cell 5 0}}
				{item "bayonet" {cell 6 0}}
			}
		}
		{Player 3}
		{MID 21}
		{Weaponry
			{State
				{Mounted "arisaka"}
				{Weapon
					{Ammo "ammo rifle" 5}
				}
			}
		}
		{NameId 0 87}
		{Cover
			{sector -1130.48 7547.67 {type "snipe_cover"}
				{wall 0 0 -1056.81 7537.92 -1189.69 7542.88}
			}
		}
		{FsmState "snipe"}
	}
	{Human "jap.infantry_rifle" 0x8017
		{Position -561.929 7952.44 35}
		{Turn 5.69373}
		{Player 3}
		{MID 22}
		{NameId 88 57}
		{FsmState "stand"}
	}
	{Human "jap.infantry_smg" 0x8018
		{Position -1558.39 7976.57 35}
		{Turn -89.2764}
		{Player 3}
		{MID 23}
		{NameId 66 99}
		{FsmState "stand"}
	}
	{Human "jap.infantry_smg" 0x8019
		{Position -628.049 7575.6 35}
		{Turn -68.5364}
		{Extender "inventory"
			{box
				{clear}
				{item "ammo pistol" 90 {cell 6 0}}
				{item "grenade smoke" {cell 7 1}}
				{item "pala" {cell 6 2}}
				{item "grenade type3at" {cell 4 0}}
			}
		}
		{Player 3}
		{MID 24}
		{Weaponry
			{State
				{Mounted "type100"}
				{Weapon
					{Ammo "ammo pistol" 30}
				}
			}
		}
		{NameId 52 50}
		{Cover
			{sector -628.049 7575.6 {type "squat_lie"}
				{wall 0 0 -598.697 7579.62 -674.185 7549.94}
			}
		}
		{FsmState "squat"}
	}
	{Human "jap.infantry_smg" 0x801a
		{Position -767.624 7558.48 22}
		{Turn -87.1722}
		{Extender "inventory"
			{box
				{clear}
				{item "ammo pistol" 90 {cell 4 0}}
				{item "grenade type23" {cell 6 0}}
			}
		}
		{Player 3}
		{MID 25}
		{Weaponry
			{State
				{Mounted "type100"}
				{Weapon
					{Ammo "ammo pistol" 30}
				}
			}
		}
		{NameId 52 45}
		{Cover
			{sector -767.624 7558.48 {type "snipe_cover"}
				{wall 0 0 -725.837 7553.54 -858.649 7546.98}
			}
		}
		{FsmState "snipe"}
	}
	{Human "jap.infantry_smg" 0x801b
		{Position -538.254 7957.23 35}
		{Turn -152.447}
		{Player 3}
		{MID 26}
		{NameId 81 90}
		{FsmState "stand"}
	}
	{Human "jap.oficer" 0x801c
		{Position -574.164 7596.55 35}
		{Turn -68.5364}
		{Extender "inventory"
			{box
				{clear}
				{item "ammo pistol" 24 {cell 2 0}}
				{item "bino" {cell 4 0}}
			}
		}
		{Player 3}
		{MID 27}
		{Weaponry
			{State
				{Mounted "nambu"}
				{Weapon
					{Ammo "ammo pistol" 8}
				}
			}
		}
		{NameId 37 34}
		{Cover
			{sector -574.164 7596.55 {type "squat_lie"}
				{wall 0 0 -544.036 7600.87 -619.524 7571.19}
			}
		}
		{FsmState "squat"}
	}
	{Human "jap.oficer" 0x801d
		{Position -1335.01 7545.56 35}
		{Turn -90.8688}
		{Extender "inventory"
			{box
				{clear}
				{item "ammo pistol" 24 {cell 2 0}}
				{item "bino" {cell 4 0}}
			}
		}
		{Player 3}
		{MID 28}
		{Weaponry
			{State
				{Mounted "nambu"}
				{Weapon
					{Ammo "ammo pistol" 8}
				}
			}
		}
		{NameId 3 52}
		{Cover
			{sector -1335.01 7545.56 {type "squat_lie"}
				{wall 0 0 -1305.5 7538.11 -1386.61 7539.34}
			}
		}
		{FsmState "squat"}
	}
	{Human "jap.infantry_mgun" 0x801e
		{Position -1570.87 7574.06 35}
		{Turn -106.871}
		{Extender "inventory"
			{box
				{clear}
				{item "ammo mgun" 80 {cell 6 0}}
			}
		}
		{Player 3}
		{MID 29}
		{Weaponry
			{State
				{Mounted "type97"}
				{Weapon
					{Ammo "ammo mgun" 20}
				}
			}
		}
		{NameId 29 71}
		{Cover
			{sector -1570.87 7574.06 {type "squat_lie"}
				{wall 0 0 -1544.56 7558.77 -1622.18 7582.31}
			}
		}
		{FsmState "squat"}
	}
	{Human "jap.infantry_smg" 0x801f
		{Position -141.669 7965.63 35}
		{Turn -35.3768}
		{Extender "inventory"
			{box
				{clear}
				{item "ammo pistol" 90 {cell 4 0}}
				{item "grenade type23" {cell 6 0}}
			}
		}
		{Player 3}
		{MID 30}
		{Weaponry
			{State
				{Mounted "type100"}
				{Weapon
					{Ammo "ammo pistol" 30}
				}
			}
		}
		{NameId 90 7}
		{Cover
			{sector -141.669 7965.63 {type "squat_lie"}
				{wall 0 0 -118.811 7985.73 -165.774 7919.59}
			}
		}
		{FsmState "squat"}
	}
	{Human "jap.infantry_rifle" 0x8020
		{Position -198.413 7886.72 35}
		{Turn -35.3768}
		{Extender "inventory"
			{box
				{clear}
				{item "ammo rifle" 25 {cell 4 0}}
				{item "grenade type23" {cell 5 0}}
				{item "bayonet" {cell 6 0}}
			}
		}
		{Player 3}
		{MID 31}
		{Weaponry
			{State
				{Mounted "arisaka"}
				{Weapon
					{Ammo "ammo rifle" 5}
				}
			}
		}
		{NameId 34 0}
		{Cover
			{sector -198.413 7886.72 {type "squat_lie"}
				{wall 0 0 -151.677 7940.45 -198.64 7874.31}
			}
		}
		{FsmState "squat"}
	}
	{Human "jap.infantry_rifle" 0x8021
		{Position 198.46 8601.03 35}
		{Turn -22.183}
		{Extender "inventory"
			{box
				{clear}
				{item "ammo rifle" 25 {cell 4 0}}
				{item "grenade type23" {cell 5 0}}
				{item "bayonet" {cell 6 0}}
			}
		}
		{Player 3}
		{MID 32}
		{Weaponry
			{State
				{Mounted "arisaka"}
				{Weapon
					{Ammo "ammo rifle" 5}
				}
			}
		}
		{NameId 26 85}
		{Cover
			{sector 198.46 8601.03 {type "squat_lie"}
				{wall 0 0 216.126 8625.82 185.5 8550.71}
			}
		}
		{FsmState "squat"}
	}
	{Human "jap.infantry_smg" 0x8022
		{Position 394.582 9007.5 37}
		{Turn -37.4978}
		{Extender "inventory"
			{box
				{clear}
				{item "ammo pistol" 90 {cell 4 0}}
				{item "grenade type23" {cell 6 0}}
			}
		}
		{Player 3}
		{MID 33}
		{Weaponry
			{State
				{Mounted "type100"}
				{Weapon
					{Ammo "ammo pistol" 30}
				}
			}
		}
		{NameId 42 71}
		{Cover
			{sector 394.582 9007.5 {type "squat_lie"}
				{wall 0 0 430.211 9042.44 380.837 8978.09}
			}
		}
		{FsmState "squat"}
	}
	{Human "jap.oficer" 0x8023
		{Position 246.327 8679.6 35}
		{Turn -31.9318}
		{Extender "inventory"
			{box
				{clear}
				{item "ammo pistol" 24 {cell 2 0}}
				{item "bino" {cell 4 0}}
			}
		}
		{Player 3}
		{MID 34}
		{Weaponry
			{State
				{Mounted "nambu"}
				{Weapon
					{Ammo "ammo pistol" 8}
				}
			}
		}
		{NameId 8 47}
		{Cover
			{sector 246.327 8679.6 {type "squat_lie"}
				{wall 0 0 278.842 8718.54 235.94 8649.7}
			}
		}
		{FsmState "squat"}
	}
	{Human "jap.infantry_rifle" 0x8024
		{Position 224.826 8988.56 35}
		{Turn -165.724}
		{Player 3}
		{MID 35}
		{NameId 54 87}
		{FsmState "stand"}
	}
	{Human "jap.infantry_smg" 0x8025
		{Position 281.301 8728.47 35}
		{Turn -41.3952}
		{Extender "inventory"
			{box
				{clear}
				{item "ammo pistol" 90 {cell 4 0}}
				{item "grenade type23" {cell 6 0}}
			}
		}
		{Player 3}
		{MID 36}
		{Weaponry
			{State
				{Mounted "type100"}
				{Weapon
					{Ammo "ammo pistol" 30}
				}
			}
		}
		{NameId 29 16}
		{Cover
			{sector 281.301 8728.47 {type "squat_lie"}
				{wall 0 0 319.776 8761.53 266.138 8700.68}
			}
		}
		{FsmState "squat"}
	}
	{Human "jap.infantry_rifle" 0x8026
		{Position 312.996 8768.55 35}
		{Turn -28.973}
		{Extender "inventory"
			{box
				{clear}
				{item "ammo rifle" 25 {cell 4 0}}
				{item "grenade type23" {cell 5 0}}
				{item "bayonet" {cell 6 0}}
			}
		}
		{Player 3}
		{MID 37}
		{Weaponry
			{State
				{Mounted "arisaka"}
				{Weapon
					{Ammo "ammo rifle" 5}
				}
			}
		}
		{NameId 83 53}
		{Cover
			{sector 312.996 8768.55 {type "squat_lie"}
				{wall 0 0 344.062 8810.2 304.772 8739.24}
			}
		}
		{FsmState "squat"}
	}
	{Entity "ho-ri" 0x8027
		{Position -218.372 8373.9 35}
		{Turn -57.5902}
		{Extender "inventory"
			{box
				{clear}
				{item "bullet105 ap" 24 {cell 0 0}}
				{item "bullet105 fg" 4 {cell 0 1}}
				{item "bullet37 ap" 46 {cell 0 2}}
				{item "ammo mgun" 600 {cell 0 5}}
				{item "dynamite" {cell 3 4}}
			}
		}
		{Player 3}
		{MID 38}
		
	}
	{Entity "chi-ha47" 0x8028
		{Position -1269.11 8617.66 35}
		{Turn -52.9622}
		{Player 3}
		{MID 39}
		
	}
	{Entity "ke-nu" 0x8029
		{Position -650.765 8899.42 35}
		{Turn -125.587}
		{Player 3}
		{MID 40}
		
	}
	{Entity "isuzu-ammo" 0x802a
		{Position -1306.51 8944.7 35}
		{Turn -145.6}
		{Extender "inventory"
			{box
				{clear}
				{item "ammo mgun" 1500 {cell 6 0}}
				{item "ammo mgun" 1500 {cell 6 1}}
				{item "ammo pistol" 1350 {cell 6 3}}
				{item "ammo pistol" 1350 {cell 6 2}}
				{item "ammo ptr20" 28 {cell 4 3}}
				{item "bullet47 ap" 10 {cell 3 1}}
				{item "bullet47 ap" 10 {cell 3 0}}
				{item "bullet57 ap" 8 {cell 3 2}}
				{item "tnt" {cell 0 0}}
				{item "tnt" {cell 0 1}}
				{item "tnt" {cell 0 2}}
				{item "grenade type23" 6 {cell 2 0}}
				{item "grenade type3at" 2 {cell 2 3}}
			}
		}
		{Player 3}
		{MID 41}
		
		{Chassis
			{FuelBag
				{Remain 44.2}
			}
		}
	}
	{Entity "isuzu-ammo2" 0x802b
		{Position -694.285 8514.31 35}
		{Turn -60.1194}
		{Extender "inventory"
			{box
				{clear}
				{item "bullet75 ap" 16 {cell 0 0}}
				{item "bullet47 ap" 28 {cell 0 3}}
				{item "bullet37 ap" 15 {cell 0 1}}
				{item "bullet57 ap" 18 {cell 0 2}}
				{item "ammo mgun" 1500 {cell 3 3}}
				{item "ammo mgun" 1500 {cell 3 2}}
				{item "mine antipersonnel" 6 {cell 4 0}}
				{item "mine antitank" 2 {cell 6 0}}
				{item "morphine" 2 {cell 6 2}}
			}
		}
		{Player 3}
		{MID 42}
		
		{Chassis
			{FuelBag
				{Remain 36.5}
			}
		}
	}
	{Entity "barrel1" 0x802c
		{Position -655.167 8377.34 35}
	}
	{Entity "barrel1" 0x802d
		{Position -636.017 8359.7 35}
	}
	{Entity "barrel1" 0x802e
		{Position -624.276 8388.39 35}
	}
	{Entity "barrel1" 0x802f
		{Position -384.445 8572.85 35}
		{Turn 63.7729}
	}
	{Entity "barrel1" 0x8030
		{Position -377.287 8582.54 35}
	}
	{Entity "can" 0x8031
		{Position -365.093 8596.72 35}
		{Turn -26.5234}
	}
	{Entity "ke-nu" 0x8032
		{Position 1701.04 9016.13 11.6578}
		{Turn -112.069}
		{Extender "inventory"
			{box
				{clear}
				{item "ammo mgun" 600 {cell 0 0}}
				{item "bullet57 ap" 39 {cell 0 1}}
				{item "can" filling "fuel" 25 {cell 3 0}}
			}
		}
		{Player 2}
		{MID 43}
	}
	{Entity "ke-nu" 0x8033
		{Position 1686.91 9145.2 16.2622}
		{Turn -106.158}
		{Extender "inventory"
			{box
				{clear}
				{item "ammo mgun" 600 {cell 0 0}}
				{item "bullet57 ap" 39 {cell 0 1}}
				{item "can" filling "fuel" 25 {cell 3 0}}
			}
		}
		{Player 2}
		{MID 44}
	}
	{Entity "chi-ha47" 0x8034
		{Position 1783.56 9199.96 14.6555}
		{Turn -106.075}
		{Extender "inventory"
			{box
				{clear}
				{item "ammo mgun" 900 {cell 0 0}}
				{item "bullet47 ap" 28 {cell 0 1}}
				{item "dynamite" {cell 3 0}}
				{item "can" filling "fuel" 25 {cell 0 4}}
			}
		}
		{Player 2}
		{MID 45}
	}
	{Entity "ho-ni1" 0x8035
		{Position 4411.9 9220.36 0}
		{Turn -106.985}
		{Extender "inventory"
			{box
				{clear}
				{item "bullet75 ap" 28 {cell 0 0}}
				{item "plant" 3 {cell 0 1}}
				{item "dynamite" {cell 2 1}}
			}
		}
		{Player 2}
		{MID 46}
		
		{Chassis
			{FuelBag
				{Remain 192}
			}
		}
	}
	{Entity "chi-nu" 0x8036
		{Position 4381.8 9128.04 0}
		{Turn -111.497}
		{Extender "inventory"
			{box
				{clear}
				{item "ammo mgun" 900 {cell 0 0}}
				{item "bullet75 ap" 29 {cell 0 1}}
				{item "dynamite" {cell 0 4}}
			}
		}
		{Player 2}
		{MID 47}
		
		{Chassis
			{FuelBag
				{Remain 185}
			}
		}
	}
	{Human "jap.crewman" 0x8037
		{Position 1701.04 9016.13 11.6578}
		{Orientation
			 -0.375328  -0.925738  -0.046243
			 -0.926129   0.372527   0.059243
			  0.037616  -0.065063   0.997172
		}
		{Extender "inventory"
			{box
				{clear}
				{item "ammo pistol" 30 {cell 6 0}}
				{item "type100" filling "ammo pistol" 30 {cell 0 0}}
			}
		}
		{Player 2}
		{MID 48}
		
		{NameId 18 27}
		{LastItem "type100"}
		{FsmState "board"}
	}
	{Human "jap.tankman" 0x8038
		{Position 1701.04 9016.13 11.6578}
		{Orientation
			 -0.375328  -0.925738  -0.046243
			 -0.926129   0.372527   0.059243
			  0.037616  -0.065063   0.997172
		}
		{Extender "inventory"
			{box
				{clear}
				{item "ammo pistol" 30 {cell 6 0}}
				{item "type26" filling "ammo pistol" 6 {cell 0 0}}
			}
		}
		{Player 2}
		{MID 49}
		{NameId 18 29}
		{LastItem "type26"}
		{FsmState "board"}
	}
	{Human "jap.crewman" 0x8039
		{Position 1686.91 9145.2 16.2622}
		{Orientation
			 -0.278285  -0.960488   0.004514
			 -0.960364   0.278321   0.015424
			  0.016071   0.000043   0.999871
		}
		{Extender "inventory"
			{box
				{clear}
				{item "ammo pistol" 60 {cell 6 0}}
				{item "type100" filling "ammo pistol" 30 {cell 0 0}}
			}
		}
		{Player 2}
		{MID 50}
		
		{NameId 61 21}
		{LastItem "type100"}
		{FsmState "board"}
	}
	{Human "jap.tankman" 0x803a
		{Position 1686.91 9145.2 16.2622}
		{Orientation
			 -0.278285  -0.960488   0.004514
			 -0.960364   0.278321   0.015424
			  0.016071   0.000043   0.999871
		}
		{Extender "inventory"
			{box
				{clear}
				{item "ammo pistol" 30 {cell 6 0}}
				{item "type26" filling "ammo pistol" 6 {cell 0 0}}
			}
		}
		{Player 2}
		{MID 51}
		{NameId 2 14}
		{LastItem "type26"}
		{FsmState "board"}
	}
	{Human "jap.crewman" 0x803b
		{Position 1783.56 9199.96 14.6555}
		{Orientation
			 -0.276898  -0.960895  -0.003039
			 -0.958606   0.276017   0.069929
			  0.066356  -0.022277   0.997547
		}
		{Player 2}
		{MID 52}
		
		{NameId 68 34}
		{LastItem "type26"}
		{FsmState "board"}
	}
	{Human "jap.crewman" 0x803c
		{Position 1783.56 9199.96 14.6555}
		{Orientation
			 -0.276898  -0.960895  -0.003039
			 -0.958606   0.276017   0.069929
			  0.066356  -0.022277   0.997547
		}
		{Extender "inventory"
			{box
				{clear}
				{item "ammo pistol" 60 {cell 6 0}}
				{item "type100" filling "ammo pistol" 30 {cell 0 0}}
			}
		}
		{Player 2}
		{MID 53}
		
		{NameId 31 52}
		{LastItem "type100"}
		{FsmState "board"}
	}
	{Human "jap.tankman" 0x803d
		{Position 1783.56 9199.96 14.6555}
		{Orientation
			 -0.276898  -0.960895  -0.003039
			 -0.958606   0.276017   0.069929
			  0.066356  -0.022277   0.997547
		}
		{Extender "inventory"
			{box
				{clear}
				{item "ammo pistol" 30 {cell 6 0}}
				{item "type26" filling "ammo pistol" 6 {cell 0 0}}
			}
		}
		{Player 2}
		{MID 54}
		{NameId 61 23}
		{LastItem "type26"}
		{FsmState "board"}
	}
	{Human "jap.ofitank" 0x803e
		{Position 1783.56 9199.96 14.6555}
		{Orientation
			 -0.276898  -0.960895  -0.003039
			 -0.958606   0.276017   0.069929
			  0.066356  -0.022277   0.997547
		}
		{Player 2}
		{MID 55}
		
		{NameId 13 88}
		{LastItem "nambu"}
		{FsmState "board"}
	}
	{Human "jap.ofitank" 0x803f
		{Position 1686.91 9145.2 16.2622}
		{Orientation
			 -0.278285  -0.960488   0.004514
			 -0.960364   0.278321   0.015424
			  0.016071   0.000043   0.999871
		}
		{Player 2}
		{MID 56}
		
		{NameId 0 88}
		{LastItem "nambu"}
		{FsmState "board"}
	}
	{Human "jap.ofitank" 0x8040
		{Position 1701.04 9016.13 11.6578}
		{Orientation
			 -0.375328  -0.925738  -0.046243
			 -0.926129   0.372527   0.059243
			  0.037616  -0.065063   0.997172
		}
		{Player 2}
		{MID 57}
		
		{NameId 88 58}
		{LastItem "nambu"}
		{FsmState "board"}
	}
	{Human "jap.infantry_rifle" 0x8041
		{Position 1793.12 9249.14 31.8193}
		{Orientation
			  0.276898   0.960895   0.003039
			 -0.958606   0.276017   0.069929
			  0.066356  -0.022277   0.997547
		}
		{Extender "inventory"
			{box
				{clear}
				{item "ammo rifle" 30 {cell 4 0}}
				{item "grenade type23" {cell 5 0}}
				{item "bayonet" {cell 7 0}}
				{item "bandage" 2 {cell 5 1}}
				{item "grenade type23" {cell 6 0}}
				{item "arisaka" filling "ammo rifle" 5 {cell 0 0}}
			}
		}
		{DisableObstacles}
		{Player 2}
		{MID 58}
		
		{NameId 66 100}
		{LastItem "arisaka"}
		{FsmState "board"}
	}
	{Human "jap.infantry_rifle" 0x8042
		{Position 1676.35 9182.99 33.4326}
		{Orientation
			 -0.960364   0.278321   0.015424
			 -0.278285  -0.960488   0.004514
			  0.016071   0.000043   0.999871
		}
		{Extender "inventory"
			{box
				{clear}
				{item "ammo rifle" 30 {cell 4 0}}
				{item "grenade type23" {cell 5 0}}
				{item "bayonet" {cell 7 0}}
				{item "bandage" 2 {cell 5 1}}
				{item "grenade type23" {cell 6 0}}
				{item "arisaka" filling "ammo rifle" 5 {cell 0 0}}
			}
		}
		{DisableObstacles}
		{Player 2}
		{MID 59}
		
		{NameId 52 51}
		{LastItem "arisaka"}
		{FsmState "board"}
	}
	{Human "jap.infantry_smg" 0x8043
		{Position 1807.79 9244.92 30.7486}
		{Orientation
			  0.276898   0.960895   0.003039
			 -0.958606   0.276017   0.069929
			  0.066356  -0.022277   0.997547
		}
		{Extender "inventory"
			{box
				{clear}
				{item "ammo pistol" 89 {cell 6 0}}
				{item "ammo pistol" {cell 4 0}}
				{item "grenade type23" {cell 4 1}}
				{item "knife" {cell 4 2}}
				{item "grenade molotov_coctail" {cell 6 1}}
				{item "grenade type23" {cell 5 1}}
				{item "grenade type3at" {cell 6 2}}
				{item "bandage" 5 {cell 6 3}}
				{item "type100" filling "ammo pistol" 30 {cell 0 0}}
			}
			{armor "body"
				{Item "jap_equip3"}
			}
		}
		{DisableObstacles}
		{Player 2}
		{MID 60}
		
		{NameId 52 46}
		{LastItem "type100"}
		{FsmState "board"}
	}
	{Human "jap.infantry_smg" 0x8044
		{Position 1673.29 9172.42 33.4823}
		{Orientation
			 -0.960364   0.278321   0.015424
			 -0.278285  -0.960488   0.004514
			  0.016071   0.000043   0.999871
		}
		{Extender "inventory"
			{box
				{clear}
				{item "ammo pistol" 89 {cell 6 0}}
				{item "ammo pistol" {cell 4 0}}
				{item "grenade type23" {cell 4 1}}
				{item "grenade type23" {cell 5 1}}
				{item "bandage" 3 {cell 6 3}}
				{item "dynamite" {cell 6 1}}
				{item "grenade smoke" {cell 5 2}}
				{item "type100" filling "ammo pistol" 30 {cell 0 0}}
			}
			{armor "body"
				{Item "jap_equip3"}
			}
		}
		{DisableObstacles}
		{Player 2}
		{MID 61}
		
		{NameId 81 91}
		{LastItem "type100"}
		{FsmState "board"}
	}
	{Human "jap.infantry_mgun" 0x8045
		{Position 1694.79 9053.62 31.3882}
		{Orientation
			 -0.926129   0.372527   0.059243
			 -0.375328  -0.925738  -0.046243
			  0.037616  -0.065063   0.997172
		}
		{Extender "inventory"
			{box
				{clear}
				{item "grenade type23" {cell 7 1}}
				{item "ammo mgun" 79 {cell 6 0}}
				{item "ammo mgun" {cell 4 0}}
				{item "bandage" 3 {cell 5 1}}
				{item "pala" {cell 6 2}}
				{item "type97" filling "ammo mgun" 20 {cell 0 1}}
			}
		}
		{DisableObstacles}
		{Player 2}
		{MID 62}
		
		{NameId 37 35}
		{LastItem "type97"}
		{FsmState "board"}
	}
	{Human "jap.infantry_rifle" 0x8046
		{Position 1772.71 9233.48 33.3282}
		{Orientation
			 -0.958606   0.276017   0.069929
			 -0.276898  -0.960895  -0.003039
			  0.066356  -0.022277   0.997547
		}
		{Extender "inventory"
			{box
				{clear}
				{item "grenade type23" {cell 5 0}}
				{item "ammo rifle" 40 {cell 4 0}}
				{item "bandage" 4 {cell 6 2}}
				{item "pala" {cell 6 1}}
				{item "grenade type3at" {cell 6 0}}
				{item "grenade type23" {cell 5 1}}
				{item "type5" filling "ammo rifle" 10 {cell 0 0}}
			}
		}
		{DisableObstacles}
		{Player 2}
		{MID 63}
		
		{NameId 3 53}
		{LastItem "type5"}
		{FsmState "board"}
	}
	{Human "jap.infantry_rifle" 0x8047
		{Position 1817.19 9222.13 30.1157}
		{Orientation
			  0.958606  -0.276017  -0.069929
			  0.276898   0.960895   0.003039
			  0.066356  -0.022277   0.997547
		}
		{TexMod "2"}
		{Extender "inventory"
			{box
				{clear}
				{item "ammo rifle" 20 {cell 5 0}}
				{item "ammo rifle" 11 {cell 6 0}}
				{item "bayonet" {cell 7 1}}
				{item "grenade type23" {cell 5 1}}
				{item "grenade type23" {cell 6 1}}
				{item "grenade smoke" {cell 7 0}}
				{item "pala" {cell 5 2}}
				{item "bandage" 4 {cell 5 3}}
				{item "arisaka_kn" filling "ammo rifle" 5 {cell 0 0}}
			}
			{armor "head"
				{Removed}
			}
		}
		{DisableObstacles}
		{Player 2}
		{MID 64}
		
		{NameId 29 72}
		{LastItem "arisaka_kn"}
		{FsmState "board"}
	}
	{Human "jap.infantry_smg" 0x8048
		{Position 1690.66 9043.44 30.8795}
		{Orientation
			 -0.926129   0.372527   0.059243
			 -0.375328  -0.925738  -0.046243
			  0.037616  -0.065063   0.997172
		}
		{Extender "inventory"
			{box
				{clear}
				{item "grenade type23" {cell 7 1}}
				{item "ammo pistol" 100 {cell 6 0}}
				{item "ammo pistol" 15 {cell 4 0}}
				{item "grenade type3at" {cell 5 1}}
				{item "knife" {cell 6 2}}
				{item "bandage" 2 {cell 6 3}}
				{item "type100" filling "ammo pistol" 30 {cell 0 0}}
			}
		}
		{DisableObstacles}
		{Player 2}
		{MID 65}
		
		{NameId 90 8}
		{LastItem "type100"}
		{FsmState "board"}
	}
	{Entity "p-51mustang" 0x8049
		{Position 529.25 -4681.19 25.6568}
		{Turn 88.4295}
		{Player 0}
		{MID 66}
		
	}
	{Entity "p-51mustang" 0x804a
		{Position 853.918 -4520.23 26.6607}
		{Orientation
			  0.137047   0.934275   0.329162
			 -0.986921   0.157258  -0.035447
			 -0.084881  -0.319999   0.943608
		}
		{Player 0}
		{MID 67}
		
	}
	{Entity "wildcat" 0x804b
		{Position -1158.76 -3914.04 -3.1908}
		{Turn 87.1539}
		{TexMod "n4"}
		{Player 0}
		{MID 68}
		
	}
	{Entity "wildcat" 0x804c
		{Position -1523.03 -3788.46 -6.19079}
		{Turn 88.0155}
		{TexMod "n7"}
		{Player 0}
		{MID 69}
		
	}
	{Human "usa.tankman" 0x804d
		{Position 528.821 -4673.69 33.3174}
		{Orientation
			  0.023489   0.881518   0.471646
			 -0.999575   0.028851  -0.004142
			 -0.017259  -0.471349   0.881821
		}
		{Extender "inventory"
			{box
				{clear}
				{item "ammo pistol" 21 {cell 6 0}}
				{item "colt" filling "ammo pistol" 7 {cell 0 0}}
			}
		}
		{DisableObstacles}
		{Player 0}
		{MID 70}
		{NameId 69 61}
		{LastItem "colt"}
		{FsmState "board"}
	}
	{Human "usa.tankman" 0x804e
		{Position -1159.61 -3918.45 31.1144}
		{Orientation
			  0.048913   0.983877   0.172025
			 -0.998767   0.049653   0.000001
			 -0.008540  -0.171813   0.985093
		}
		{Extender "inventory"
			{box
				{clear}
				{item "ammo pistol" 21 {cell 6 0}}
				{item "colt" filling "ammo pistol" 7 {cell 0 0}}
			}
		}
		{DisableObstacles}
		{Player 0}
		{MID 71}
		{NameId 125 12}
		{LastItem "colt"}
		{FsmState "board"}
	}
	{Human "usa.tankman" 0x804f
		{Position 854.221 -4512.7 34.296}
		{Orientation
			  0.122271   0.873560   0.471188
			 -0.986921   0.157258  -0.035447
			 -0.105064  -0.460691   0.881363
		}
		{Extender "inventory"
			{box
				{clear}
				{item "ammo pistol" 21 {cell 6 0}}
				{item "colt" filling "ammo pistol" 7 {cell 0 0}}
			}
		}
		{DisableObstacles}
		{Player 0}
		{MID 72}
		{NameId 102 99}
		{LastItem "colt"}
		{FsmState "board"}
	}
	{Human "usa.tankman" 0x8050
		{Position -1523.81 -3792.88 28.1144}
		{Orientation
			  0.034113   0.984502   0.172026
			 -0.999400   0.034629   0.000001
			 -0.005956  -0.171923   0.985092
		}
		{Extender "inventory"
			{box
				{clear}
				{item "ammo pistol" 21 {cell 6 0}}
				{item "colt" filling "ammo pistol" 7 {cell 0 0}}
			}
		}
		{DisableObstacles}
		{Player 0}
		{MID 73}
		{NameId 87 22}
		{LastItem "colt"}
		{FsmState "board"}
	}
	{Entity "flag_jap2" 0x8051
		{Position -812.38 8378.08 35}
	}
	{Human "jap.crewman" 0x8052
		{Position 4405.61 9220.16 15.6603}
		{Turn -106.985}
		{DisableObstacles}
		{Player 2}
		{MID 74}
		{Able {select 0}{repair 0}}
		{NameId 18 28}
		{LastItem "type26"}
		{FsmState "board"}
	}
	{Human "jap.crewman" 0x8053
		{Position 4411.9 9220.36 0}
		{Orientation
			 -0.292121  -0.956381   0.000000
			 -0.956381   0.292121   0.000000
			  0.000000   0.000000   1.000000
		}
		{Player 2}
		{MID 75}
		{Able {select 0}{repair 0}}
		{NameId 2 13}
		{LastItem "type26"}
		{FsmState "board"}
	}
	{Human "jap.crewman" 0x8054
		{Position 4381.8 9128.04 0}
		{Orientation
			 -0.366453  -0.930437   0.000000
			 -0.930437   0.366453   0.000000
			  0.000000   0.000000   1.000000
		}
		{Player 2}
		{MID 76}
		{Able {select 0}{repair 0}}
		{NameId 61 22}
		{LastItem "type26"}
		{FsmState "board"}
	}
	{Human "jap.crewman" 0x8055
		{Position 4381.8 9128.04 0}
		{Orientation
			 -0.366453  -0.930437   0.000000
			 -0.930437   0.366453   0.000000
			  0.000000   0.000000   1.000000
		}
		{Player 2}
		{MID 77}
		{Able {select 0}{repair 0}}
		{NameId 73 81}
		{LastItem "type26"}
		{FsmState "board"}
	}
	{Human "jap.soldier" 0x8056
		{Position -512.746 7939.12 35}
		{Turn -44.7868}
		{Extender "inventory"
			{box
				{clear}
				{item "ammo rifle" 20 {cell 4 0}}
			}
		}
		{Player 3}
		{MID 78}
		{Weaponry
			{State
				{Mounted "arisaka_kn"}
				{Weapon
					{Ammo "ammo rifle" 5}
				}
			}
		}
		{NameId 68 35}
		{Cover
			{sector -512.746 7939.12 {type "squat_lie"}
				{wall 0 0 -496.954 7945.1 -529.878 7911.93}
			}
		}
		{FsmState "squat"}
	}
	{Human "jap.soldier" 0x8057
		{Position -530.232 7922.51 35}
		{Turn -89.3008}
		{Extender "inventory"
			{box
				{clear}
				{item "ammo mgun" 30 {cell 6 0}}
				{item "ammo mgun" 30 {cell 6 1}}
				{item "ammo mgun" 30 {cell 6 2}}
			}
		}
		{Player 3}
		{MID 79}
		{Weaponry
			{State
				{Mounted "type99"}
				{Weapon
					{Ammo "ammo mgun" 30}
				}
			}
		}
		{NameId 31 53}
		{Cover
			{sector -530.232 7922.51 {type "squat_lie"}
				{wall 0 0 -521.146 7915.62 -567.875 7915.05}
			}
		}
		{FsmState "squat"}
	}
	{Entity "boxes2" 0x8058
		{Position -527.642 8001.55 35}
		{Extender "inventory"
			{box
				{clear}
				{item "dynamite" {cell 0 0}}
				{item "dynamite" {cell 0 2}}
				{item "grenade type3at" {cell 4 5}}
				{item "grenade type3at" {cell 6 5}}
				{item "grenade type23" {cell 4 4}}
				{item "grenade type23" {cell 5 4}}
				{item "grenade type23" {cell 6 4}}
				{item "grenade type23" {cell 4 3}}
				{item "grenade type23" {cell 5 3}}
				{item "grenade type23" {cell 7 4}}
				{item "grenade type23" {cell 6 3}}
				{item "grenade type23" {cell 7 3}}
				{item "sugegasa" {cell 2 4}}
				{item "pala" {cell 0 4}}
				{item "pala" {cell 0 5}}
				{item "grenade smoke" {cell 2 0}}
				{item "grenade smoke" {cell 2 1}}
				{item "grenade smoke" {cell 2 2}}
				{item "grenade molotov_coctail" {cell 6 2}}
				{item "grenade molotov_coctail" {cell 6 1}}
				{item "wires" {cell 3 1}}
				{item "knife" {cell 3 0}}
				{item "bandage" 10 {cell 6 0}}
				{item "bayonet" {cell 5 0}}
			}
		}
	}
	{Entity "pointer" 0x8059
		{Position -156.537 8367.77 35}
	}
	{Entity "m3stuart" 0x805a
		{Position 5714.41 -1444.42 0}
		{Turn 83.6269}
		{Player 1}
		{MID 80}
		
	}
	{Entity "m3stuart" 0x805b
		{Position 5711.27 -1468.19 0}
		{Turn 83.8572}
		{Player 1}
		{MID 81}
		
	}
	{Entity "m3stuart" 0x805c
		{Position 2602.06 -1427.03 4.70644}
		{Turn 87.6335}
		{Player 1}
		{MID 82}
		
	}
	{Entity "m3stuart" 0x805d
		{Position 2600.44 -1466.14 4.50285}
		{Turn 88.2065}
		{Player 1}
		{MID 83}
		
	}
	{Entity "m3stuart" 0x805e
		{Position -1622.14 1356.72 0}
		{Player 1}
		{MID 84}
		
	}
	{Entity "m3stuart" 0x805f
		{Position -1586.62 1356.52 0}
		{Player 1}
		{MID 85}
	}
	{Entity "m8grayhound" 0x8060
		{Position 5724.86 -1357.24 0}
		{Turn 83.1725}
		{Player 1}
		{MID 86}
		
	}
	{Entity "m8grayhound" 0x8061
		{Position 2608.85 -1340.24 4.50047}
		{Turn 83.9236}
		{Player 1}
		{MID 87}
		
	}
	{Entity "m8grayhound" 0x8062
		{Position -1510.7 1354.78 0}
		{Turn 0.37241}
		{Player 1}
		{MID 88}
		
	}
	{Human "usa.tankman" 0x8063
		{Position -1510.7 1354.78 0}
		{Orientation
			  0.999979   0.006500   0.000000
			  0.006500  -0.999979   0.000000
			  0.000000   0.000000   1.000000
		}
		{Player 1}
		{MID 89}
		{NameId 69 62}
		{LastItem "m3a"}
		{FsmState "board"}
	}
	{Human "x.a.tankman" 0x8064
		{Position -1510.7 1354.78 0}
		{Orientation
			  0.999979   0.006500   0.000000
			  0.006500  -0.999979   0.000000
			  0.000000   0.000000   1.000000
		}
		{Extender "inventory"
			{box
				{clear}
				{item "ammo pistol" 28 {cell 2 0}}
				{item "colt" filling "ammo pistol" 7 {cell 0 0}}
			}
		}
		{Player 1}
		{MID 90}
		{NameId 125 13}
		{LastItem "colt"}
		{FsmState "board"}
	}
	{Human "x.a.tankman" 0x8065
		{Position -1510.7 1354.78 0}
		{Orientation
			  0.999979   0.006500   0.000000
			  0.006500  -0.999979   0.000000
			  0.000000   0.000000   1.000000
		}
		{Extender "inventory"
			{box
				{clear}
				{item "ammo pistol" 28 {cell 6 0}}
				{item "grenade n73at" {cell 4 0}}
				{item "colt" filling "ammo pistol" 7 {cell 0 0}}
			}
		}
		{Player 1}
		{MID 91}
		{NameId 102 0}
		{LastItem "colt"}
		{FsmState "board"}
	}
	{Human "x.a.tankman" 0x8066
		{Position -1586.62 1356.52 0}
		{Orientation
			  1.000000   0.000000   0.000000
			  0.000000  -1.000000   0.000000
			  0.000000   0.000000   1.000000
		}
		{Extender "inventory"
			{box
				{clear}
				{item "ammo pistol" 28 {cell 2 0}}
				{item "colt" filling "ammo pistol" 7 {cell 0 0}}
			}
		}
		{Player 1}
		{MID 92}
		{NameId 87 23}
		{LastItem "colt"}
		{FsmState "board"}
	}
	{Human "x.a.tankman" 0x8067
		{Position -1586.62 1356.52 0}
		{Orientation
			  1.000000   0.000000   0.000000
			  0.000000  -1.000000   0.000000
			  0.000000   0.000000   1.000000
		}
		{Extender "inventory"
			{box
				{clear}
				{item "ammo pistol" 28 {cell 6 0}}
				{item "grenade n73at" {cell 4 0}}
				{item "colt" filling "ammo pistol" 7 {cell 0 0}}
			}
		}
		{Player 1}
		{MID 93}
		{NameId 99 40}
		{LastItem "colt"}
		{FsmState "board"}
	}
	{Human "x.a.tankman" 0x8068
		{Position -1622.14 1356.72 0}
		{Orientation
			  1.000000   0.000000   0.000000
			  0.000000  -1.000000   0.000000
			  0.000000   0.000000   1.000000
		}
		{Extender "inventory"
			{box
				{clear}
				{item "ammo pistol" 28 {cell 2 0}}
				{item "colt" filling "ammo pistol" 7 {cell 0 0}}
			}
		}
		{Player 1}
		{MID 94}
		{NameId 74 27}
		{LastItem "colt"}
		{FsmState "board"}
	}
	{Human "x.a.tankman" 0x8069
		{Position -1622.14 1356.72 0}
		{Orientation
			  1.000000   0.000000   0.000000
			  0.000000  -1.000000   0.000000
			  0.000000   0.000000   1.000000
		}
		{Extender "inventory"
			{box
				{clear}
				{item "ammo pistol" 28 {cell 6 0}}
				{item "grenade n73at" {cell 4 0}}
				{item "colt" filling "ammo pistol" 7 {cell 0 0}}
			}
		}
		{Player 1}
		{MID 95}
		{NameId 144 91}
		{LastItem "colt"}
		{FsmState "board"}
	}
	{Human "usa.tankman" 0x806a
		{Position -1622.14 1356.72 0}
		{Orientation
			  1.000000   0.000000   0.000000
			  0.000000  -1.000000   0.000000
			  0.000000   0.000000   1.000000
		}
		{Player 1}
		{MID 96}
		{NameId 135 23}
		{LastItem "m3a"}
		{FsmState "board"}
	}
	{Human "usa.tankman" 0x806b
		{Position -1622.14 1356.72 0}
		{Orientation
			  1.000000   0.000000   0.000000
			  0.000000  -1.000000   0.000000
			  0.000000   0.000000   1.000000
		}
		{Player 1}
		{MID 97}
		{NameId 145 49}
		{LastItem "m3a"}
		{FsmState "board"}
	}
	{Human "usa.tankman" 0x806c
		{Position -1586.62 1356.52 0}
		{Orientation
			  1.000000   0.000000   0.000000
			  0.000000  -1.000000   0.000000
			  0.000000   0.000000   1.000000
		}
		{Player 1}
		{MID 98}
		{NameId 130 41}
		{LastItem "m3a"}
		{FsmState "board"}
	}
	{Human "usa.tankman" 0x806d
		{Position -1586.62 1356.52 0}
		{Orientation
			  1.000000   0.000000   0.000000
			  0.000000  -1.000000   0.000000
			  0.000000   0.000000   1.000000
		}
		{Player 1}
		{MID 99}
		{NameId 105 13}
		{LastItem "m3a"}
		{FsmState "board"}
	}
	{Human "usa.tankman" 0x806e
		{Position -1510.7 1354.78 0}
		{Orientation
			  0.999979   0.006500   0.000000
			  0.006500  -0.999979   0.000000
			  0.000000   0.000000   1.000000
		}
		{Player 1}
		{MID 100}
		{NameId 55 52}
		{LastItem "m3a"}
		{FsmState "board"}
	}
	{Human "usa.tankman" 0x806f
		{Position 2608.85 -1340.24 4.50047}
		{Orientation
			  0.105853   0.994367  -0.005457
			  0.989523  -0.104792   0.099318
			 -0.098186   0.015913   0.995041
		}
		{Player 1}
		{MID 101}
		{NameId 142 49}
		{LastItem "m3a"}
		{FsmState "board"}
	}
	{Human "usa.tankman" 0x8070
		{Position 2608.85 -1340.24 4.50047}
		{Orientation
			  0.105853   0.994367  -0.005457
			  0.989523  -0.104792   0.099318
			 -0.098186   0.015913   0.995041
		}
		{Player 1}
		{MID 102}
		{NameId 67 26}
		{LastItem "m3a"}
		{FsmState "board"}
	}
	{Human "usa.tankman" 0x8071
		{Position 2602.06 -1427.03 4.70644}
		{Orientation
			  0.041291   0.999139   0.004114
			  0.990873  -0.041478   0.128258
			 -0.128318   0.001220   0.991732
		}
		{Player 1}
		{MID 103}
		{NameId 88 66}
		{LastItem "m3a"}
		{FsmState "board"}
	}
	{Human "usa.tankman" 0x8072
		{Position 2602.06 -1427.03 4.70644}
		{Orientation
			  0.041291   0.999139   0.004114
			  0.990873  -0.041478   0.128258
			 -0.128318   0.001220   0.991732
		}
		{Player 1}
		{MID 104}
		{NameId 132 74}
		{LastItem "m3a"}
		{FsmState "board"}
	}
	{Human "usa.tankman" 0x8073
