;Exported by: garry
;Date:        Tue Jun 01 19:12:43 2004
;File:        \\webcam\d$\-PROJE~1\-3DWork-\Model\Willis\WillysMB.max
{Skeleton
	{animation
		{sequence "stop" {speed 0.5}}
		{sequence "start" {speed 0.8}}
	}
	{bone "Basis"
		{parameters "SteerMax=35;WheelRadius=0.4;"}
		{Orientation
			1.0000	0.0000	0.0000
			0.0000	-1.0000	0.0000
			0.0000	0.0000	1.0000
		}
		{bone "FXsmoke1"
			{Matrix34
				-0.6428	-0.7660	0.0000
				0.7660	-0.6428	-0.0000
				0.0000	-0.0000	1.0000
				11.2224	-10.0501	7.2196
			}
		}
		{bone "FXstop1"
			{Matrix34
				-1.0000	0.0006	-0.0000
				-0.0006	-1.0000	0.0000
				-0.0000	0.0000	1.0000
				-29.5809	12.8032	13.4991
			}
		}
		{bone "FXstop2"
			{Matrix34
				-1.0000	0.0006	-0.0000
				-0.0006	-1.0000	0.0000
				-0.0000	0.0000	1.0000
				-29.8529	-11.5888	13.3492
			}
		}
		{bone "FXfire1"
			{Matrix34
				-0.0130	0.0035	0.9999
				-0.4066	0.9135	-0.0085
				-0.9135	-0.4067	-0.0104
				-19.8770	0.9359	12.5467
			}
		}
		{bone "Body"
			{parameters "ID=body;"}
			{animation
				{sequence "repair" {file "body_r.anm"} {speed 0.8}}
			}
			{Position 0.5192	0.4972	8.3095}
			{VolumeView "Body.ply"}
			{bone "visor"
				{Position 8.3682	8.0739	19.5406}
			}
			{bone "HeadlightR"
				{Matrix34
					1.0000	0.0000	0.0000
					0.0000	-0.0000	1.0000
					-0.0000	-1.0000	-0.0000
					31.4948	-8.1580	10.5682
				}
			}
			{bone "HeadlightL"
				{Matrix34
					1.0000	0.0000	0.0000
					0.0000	-0.0000	1.0000
					-0.0000	-1.0000	-0.0000
					31.6348	8.3237	10.7820
				}
			}
			{bone "Engine"
				{parameters "ID=engine;"}
				{animation
					{sequence "repair" {file "engine_r.anm"}}
				}
				{Matrix34
					0.0000	1.0000	0.0000
					1.0000	-0.0000	-0.0000
					0.0000	-0.0000	1.0000
					12.1932	-0.0173	11.1183
				}
				{VolumeView "Engine.ply"}
			}
			{bone "commander"
				{Matrix34
					0.7071	0.7071	-0.0023
					-0.7071	0.7071	0.0000
					0.0016	0.0016	1.0000
					-5.5824	-7.6005	1.7990
				}
			}
			{bone "Driver"
				{Matrix34
					0.0000	-1.0000	0.0064
					1.0000	0.0000	0.0000
					-0.0000	0.0064	1.0000
					-5.9498	8.3070	2.0801
				}
			}
			{bone "glass"
				{parameters "ID=glass;"}
				{Matrix34
					0.0000	1.0000	0.0000
					1.0000	-0.0000	-0.0000
					0.0000	-0.0000	1.0000
					-18.9853	11.8560	7.5196
				}
				{VolumeView "glass.ply"}
			}
			{bone revolute "turret"
				{parameters "ID=gun;"}
				{speed 0.0480}
				{Matrix34
					-1.0000	0.0000	0.0000
					-0.0000	-1.0000	-0.0000
					0.0000	-0.0000	1.0000
					-8.9091	0.3499	5.4276
				}
				{VolumeView "turret.ply"}
				{bone revolute "gun_rot"
					{parameters "ID=gun;"}
					{limits -20.0000 20.0000}
					{Matrix34
						-1.0000	-0.0000	0.0049
						0.0049	0.0000	1.0000
						-0.0000	1.0000	-0.0000
						0.1598	0.1922	20.7669
					}
					{VolumeView "gun_rot.ply"}
					{bone "Mgun"
						{Position -6.2302	2.3593	0.0669}
					}
				}
				{bone "gunner"
					{Matrix34
						-0.9998	-0.0175	-0.0013
						0.0175	-0.9998	0.0001
						-0.0013	0.0000	1.0000
						11.7548	-0.6661	-0.6427
					}
				}
			}
			{bone "FXlight"
				{Matrix34
					1.0000	0.0000	-0.0000
					-0.0000	-0.0000	1.0000
					-0.0000	-1.0000	-0.0000
					31.5758	0.1007	10.7891
				}
			}
		}
		{bone "Pivot_back"
			{Matrix34
				-1.0000	0.0000	0.0000
				-0.0000	-0.0000	1.0000
				0.0000	1.0000	0.0000
				-17.3323	1.0484	8.2277
			}
			{VolumeView "Pivot_back.ply"}
			{bone "spring_L"
				{Matrix34
					-0.9998	0.0175	0.0000
					0.0000	-0.0000	1.0000
					0.0175	0.9998	0.0000
					0.0411	-3.1024	11.6189
				}
				{bone revolute "WheelL2"
					{parameters "ID=wheelleft2;"}
					{Matrix34
						-0.9998	0.0000	0.0175
						0.0175	0.0000	0.9998
						0.0000	1.0000	-0.0000
						0.5536	-0.0000	2.0359
					}
					{VolumeView "WheelL2.ply"}
				}
				{bone "FXTraceL2"
					{Matrix34
						-0.9998	-0.0087	0.0175
						0.0175	0.0000	0.9998
						-0.0087	1.0000	0.0002
						-6.3810	0.1661	-4.4159
					}
				}
			}
			{bone "spring_R"
				{Matrix34
					-0.9998	0.0175	0.0000
					0.0000	-0.0000	1.0000
					0.0175	0.9998	0.0000
					0.0411	-3.1024	-12.6773
				}
				{bone revolute "WheelR2"
					{parameters "ID=wheelright2;"}
					{Matrix34
						-0.9998	0.0000	0.0175
						0.0175	0.0000	0.9998
						0.0000	1.0000	-0.0000
						0.5535	0.0000	2.0359
					}
					{VolumeView "WheelR2.ply"}
				}
				{bone "FXTraceR2"
					{Matrix34
						-0.9998	-0.0087	0.0175
						0.0175	0.0000	0.9998
						-0.0087	1.0000	0.0002
						-6.2983	0.3880	-4.4173
					}
				}
			}
		}
		{bone "Pivot_front"
			{Matrix34
				-1.0000	0.0000	0.0000
				0.0000	-0.0000	1.0000
				0.0000	1.0000	0.0000
				24.6063	3.2879	8.5685
			}
			{VolumeView "Pivot_front.ply"}
			{bone revolute "steer_L"
				{Matrix34
					0.9998	0.0175	-0.0000
					0.0000	-0.0000	1.0000
					0.0175	-0.9998	-0.0000
					0.8751	-2.8135	9.3794
				}
				{bone revolute "WheelL1"
					{parameters "ID=wheelleft1;"}
					{Matrix34
						0.9998	0.0000	0.0175
						0.0175	0.0000	-0.9998
						-0.0000	1.0000	0.0000
						0.0247	-0.0000	-1.4154
					}
					{VolumeView "WheelL1.ply"}
				}
				{bone "FXTraceL1"
					{Matrix34
						0.9998	-0.0087	0.0175
						0.0175	0.0000	-0.9998
						0.0087	1.0000	0.0002
						5.9361	-0.1626	5.3563
					}
				}
			}
			{bone revolute "steer_R"
				{Matrix34
					1.0000	0.0000	-0.0000
					0.0000	-0.0000	1.0000
					0.0000	-1.0000	-0.0000
					0.8751	-2.8134	-14.9168
				}
				{bone revolute "WheelR1"
					{parameters "ID=wheelright1;"}
					{Matrix34
						1.0000	0.0000	0.0000
						-0.0000	0.0000	-1.0000
						-0.0000	1.0000	0.0000
						0.0000	-0.0000	-1.4156
					}
					{VolumeView "WheelR1.ply"}
				}
				{bone "FXTraceR1"
					{Matrix34
						1.0000	-0.0087	0.0004
						0.0000	-0.0436	-0.9990
						0.0087	0.9990	-0.0436
						6.5430	0.0870	5.2242
					}
				}
			}
		}
		{bone "Emit1"
			{Matrix34
				0.0000	-1.0000	0.0000
				1.0000	0.0000	0.0000
				0.0000	0.0000	1.0000
				1.9740	25.3238	0.0000
			}
		}
		{bone "emit2"
			{Matrix34
				0.7037	0.7105	0.0000
				-0.7105	0.7037	0.0000
				0.0000	0.0000	1.0000
				-4.3555	-22.5976	0.0603
			}
		}
		{bone "Emit3"
			{Matrix34
				-0.0000	-1.0000	-0.0000
				1.0000	-0.0000	-0.0000
				0.0000	-0.0000	1.0000
				-20.9123	28.4958	-0.0000
			}
			{visibility 0}
		}
	}
}
{Volume "wheelright1"
	{Cylinder 7.03538 3.52267}
	{Bone "WheelR1"}
	{Matrix34
		-1.0000	0.0000	0.0000
		0.0000	1.0000	-0.0000
		0.0000	-0.0000	-1.0000
		-0.0000	0.0000	0.2502
	}
}
{Volume "wheelleft1"
	{Cylinder 7.03538 3.52267}
	{Bone "WheelL1"}
	{Matrix34
		-1.0000	0.0000	0.0000
		0.0000	1.0000	-0.0000
		0.0000	-0.0000	-1.0000
		0.0000	-0.0000	0.0000
	}
}
{Volume "wheelright2"
	{Cylinder 7.03538 3.52267}
	{Bone "WheelR2"}
	{Matrix34
		-1.0000	-0.0000	-0.0000
		-0.0000	1.0000	-0.0000
		-0.0000	-0.0000	-1.0000
		-0.0000	-0.0000	0.3291
	}
}
{Volume "wheelleft2"
	{Cylinder 7.03538 3.52267}
	{Bone "WheelL2"}
	{Matrix34
		-1.0000	-0.0000	0.0000
		-0.0000	1.0000	-0.0000
		0.0000	-0.0000	-1.0000
		0.0000	-0.0000	0.0789
	}
}
{Volume "fuel"
	{Box 14.7505 15.334 3.61947}
	{Bone "Body"}
	{Position -2.5297	-0.0173	0.9272}
}
{Volume "glass"
	{Box 27.0565 11.14 1.9685}
	{Bone "glass"}
	{Matrix34
		-1.0000	-0.0000	-0.0000
		0.0000	-0.2639	0.9760
		-0.0000	0.9760	0.1801
		-11.6239	24.6163	10.9443
	}
}
{Volume "body"
	{Box 42.1443 26.3492 10.3963}
	{Bone "Body"}
	{Position -8.9697	-0.0173	6.6462}
}
{Volume "engine"
	{Box 18.8844 21.6332 10.1924}
	{Bone "Engine"}
	{Matrix34
		-0.0000	-1.0000	-0.0000
		1.0000	-0.0000	-0.0000
		0.0000	-0.0000	1.0000
		0.5354	9.3915	-3.8306
	}
}
