;Exported by: dinsen
;Date:        Wed Feb 02 15:17:16 2011
;File:        C:\Archivos de programa\Autodesk\3dsMax8\scenes\spider.max
{Skeleton
	{animation
		{sequence "walk"}
		{sequence "run"}
		{sequence "eat"}
		{sequence "passive"}
		{sequence "death"}
	}
	{bone "basis"
		{Orientation
			1.0000	0.0000	0.0000
			0.0000	-1.0000	0.0000
			0.0000	0.0000	1.0000
		}
		{bone "Spider"
			{Position -0.3637	-0.0613	1.1664}
			{VolumeView "Spider.ply"}
			{bone "Box01"
				{Matrix34
					0.0000	1.0000	0.0000
					-1.0000	0.0000	0.0000
					0.0000	0.0000	1.0000
					0.5666	0.0076	-0.1191
				}
				{bone "Box02"
					{Position 0.0000	0.6052	0.0089}
					{bone "Box03"
						{Position 0.0000	0.6440	0.1656}
						{bone "Box04"
							{Position 0.0000	0.6013	-0.1269}
							{bone "Box08"
								{Position 0.3123	0.4795	-0.0348}
								{bone "Dummy10"
									{Position -0.0549	0.8021	-0.1825}
								}
							}
							{bone "Box07"
								{Position -0.3274	0.4795	-0.0348}
								{bone "Dummy09"
									{Position 0.0681	0.8021	-0.1825}
								}
							}
						}
					}
				}
				{bone "Box05"
					{Position 0.3123	-0.4629	-0.1431}
					{bone "Dummy03"
						{Position -0.0603	-0.7480	-0.2729}
					}
					{bone "Box16"
						{Position -0.1222	-0.3775	-0.2836}
						{bone "Dummy08"
							{Position -0.1754	0.0862	-0.1880}
						}
					}
				}
				{bone "Box06"
					{Position -0.3274	-0.4629	-0.1431}
					{bone "Dummy04"
						{Position 0.0626	-0.7480	-0.2729}
					}
					{bone "Box17"
						{Position 0.0740	-0.3775	-0.2736}
						{bone "Dummy07"
							{Position 0.1707	0.0862	-0.1980}
						}
					}
				}
				{bone "Box12"
					{Position -0.0223	-0.4402	-0.0171}
					{bone "Dummy11"
						{Position -0.0011	-0.3166	0.0034}
					}
				}
				{bone "Box13"
					{Position -0.0223	-0.4351	-0.2476}
					{bone "Dummy12"
						{Position -0.0011	-0.3218	-0.0555}
					}
				}
				{bone "Dummy02"
					{Position -0.0054	0.1368	-0.4579}
					{bone "Box09"
						{Matrix34
							0.9981	0.0015	0.0612
							0.0006	0.9994	-0.0343
							-0.0612	0.0343	0.9975
							0.3595	-0.0690	0.0117
						}
						{bone "Box10"
							{Matrix34
								0.9999	-0.0008	-0.0164
								0.0010	1.0000	0.0089
								0.0164	-0.0089	0.9998
								1.0929	-0.5461	0.9381
							}
							{bone "Box11"
								{Matrix34
									0.9992	-0.0010	-0.0400
									0.0023	0.9995	0.0314
									0.0400	-0.0314	0.9987
									0.3072	-0.2352	-1.3455
								}
								{bone "Dummy01"
									{Position 0.5076	-0.4053	-0.1640}
								}
							}
						}
					}
					{bone "Box20"
						{Matrix34
							0.9993	0.0015	0.0369
							0.0007	0.9982	-0.0597
							-0.0369	0.0597	0.9975
							0.2879	-0.1728	0.0117
						}
						{bone "Box18"
							{Matrix34
								0.9999	-0.0008	-0.0100
								0.0010	0.9999	0.0157
								0.0100	-0.0157	0.9998
								0.6881	-1.0095	0.9381
							}
							{bone "Box19"
								{Matrix34
									0.9998	-0.0010	-0.0195
									0.0020	0.9989	0.0466
									0.0194	-0.0466	0.9987
									0.1536	-0.3551	-1.3455
								}
								{bone "Dummy13"
									{Position 0.2457	-0.6013	-0.1640}
								}
							}
						}
					}
					{bone "Box25"
						{Matrix34
							1.0000	0.0000	0.0001
							-0.0000	1.0000	-0.0002
							-0.0001	0.0002	1.0000
							0.2532	0.1418	0.0117
						}
						{bone "Box22"
							{Position 0.7287	0.9806	0.9381}
							{bone "Box23"
								{Matrix34
									1.0000	0.0001	0.0003
									-0.0001	1.0000	0.0003
									-0.0003	-0.0003	1.0000
									0.1680	0.3485	-1.3455
								}
								{bone "Dummy14"
									{Position 0.2700	0.5907	-0.1640}
								}
							}
						}
					}
					{bone "Box26"
						{Position 0.3333	0.0472	0.0117}
						{bone "Box21"
							{Position 1.1372	0.4465	0.9381}
							{bone "Box24"
								{Matrix34
									1.0000	-0.0003	-0.0000
									0.0003	1.0000	0.0003
									0.0000	-0.0003	1.0000
									0.3270	0.2068	-1.3455
								}
								{bone "Dummy15"
									{Position 0.5417	0.3584	-0.1640}
								}
							}
						}
					}
					{bone "Box31"
						{Matrix34
							0.9981	-0.0014	-0.0614
							-0.0007	0.9994	-0.0339
							0.0614	0.0339	0.9975
							-0.4106	-0.0690	0.0117
						}
						{bone "Box28"
							{Matrix34
								0.9999	0.0008	0.0164
								-0.0010	1.0000	0.0089
								-0.0164	-0.0089	0.9998
								-1.0929	-0.5461	0.9381
							}
							{bone "Box29"
								{Matrix34
									0.9992	0.0011	0.0399
									-0.0024	0.9995	0.0315
									-0.0398	-0.0316	0.9987
									-0.3072	-0.2352	-1.3455
								}
								{bone "Dummy16"
									{Position -0.5076	-0.4053	-0.1640}
								}
							}
						}
					}
					{bone "Box35"
						{Matrix34
							0.9993	-0.0015	-0.0369
							-0.0007	0.9982	-0.0597
							0.0369	0.0597	0.9975
							-0.3389	-0.1728	0.0117
						}
						{bone "Box32"
							{Matrix34
								0.9999	0.0008	0.0100
								-0.0010	0.9999	0.0157
								-0.0100	-0.0157	0.9998
								-0.6881	-1.0095	0.9381
							}
							{bone "Box36"
								{Matrix34
									0.9998	0.0013	0.0195
									-0.0022	0.9989	0.0469
									-0.0194	-0.0470	0.9987
									-0.1536	-0.3551	-1.3455
								}
								{bone "Dummy18"
									{Position -0.2457	-0.6013	-0.1640}
								}
							}
						}
					}
					{bone "Box37"
						{Matrix34
							1.0000	0.0003	0.0001
							-0.0003	1.0000	0.0000
							-0.0001	-0.0000	1.0000
							-0.3043	0.1418	0.0117
						}
						{bone "Box33"
							{Position -0.7287	0.9806	0.9381}
							{bone "Box34"
								{Matrix34
									1.0000	-0.0006	0.0004
									0.0006	1.0000	-0.0005
									-0.0004	0.0005	1.0000
									-0.1680	0.3485	-1.3455
								}
								{bone "Dummy19"
									{Position -0.2700	0.5907	-0.1640}
								}
							}
						}
					}
					{bone "Box38"
						{Position -0.3844	0.0472	0.0117}
						{bone "Box27"
							{Position -1.1372	0.4465	0.9381}
							{bone "Box30"
								{Position -0.3270	0.2068	-1.3455}
								{bone "Dummy17"
									{Position -0.5417	0.3584	-0.1640}
								}
							}
						}
					}
				}
			}
		}
	}
}
{Volume "body"
	{Polyhedron "body.vol"}
	{Bone "Spider"}
	{Matrix34
		-0.0000	1.0000	0.0000
		-1.0000	-0.0000	0.0000
		0.0000	0.0000	1.0000
		0.0000	0.0000	-1.0878
	}
}
