;Exported by: ubrashaev
;Date:        Mon Apr 19 10:23:15 2004
;File:        D:\-Projects-\-work-\3d\construction\city\mill_granary_x.max
{Skeleton
	{bone "mill_granary3_x"
		{Orientation
			1.0000	0.0000	0.0000
			0.0000	-1.0000	0.0000
			0.0000	0.0000	1.0000
		}
		{bone "Piece0"
			{Matrix34
				0.0000	1.0000	-0.0000
				0.0000	-0.0000	-1.0000
				-1.0000	0.0000	-0.0000
				-0.9379	17.0698	71.5824
			}
			{VolumeView "Piece0.ply"}
		}
		{bone "Piece1"
			{Matrix34
				0.0000	0.8192	0.5736
				0.0000	0.5736	-0.8192
				-1.0000	0.0000	-0.0000
				-0.9379	31.6222	39.0548
			}
			{VolumeView "Piece1.ply"}
		}
		{bone "Piece2"
			{Matrix34
				-0.0000	-0.8660	0.5000
				0.0000	0.5000	0.8660
				-1.0000	0.0000	-0.0000
				-0.9379	23.2756	54.2873
			}
			{VolumeView "Piece2.ply"}
		}
		{bone "Piece3"
			{Matrix34
				0.0000	0.9397	-0.3420
				0.0000	-0.3420	-0.9397
				-1.0000	0.0000	-0.0000
				-0.9379	-27.9300	30.7602
			}
			{VolumeView "Piece3.ply"}
		}
		{bone "Piece4"
			{Matrix34
				-0.0000	-1.0000	0.0000
				-0.0000	0.0000	1.0000
				-1.0000	0.0000	-0.0000
				-0.9379	-13.6443	74.4845
			}
			{VolumeView "Piece4.ply"}
		}
		{bone "Piece5"
			{Matrix34
				0.0000	0.5736	-0.8192
				-0.0000	-0.8192	-0.5736
				-1.0000	0.0000	-0.0000
				-0.9379	-26.8382	49.3450
			}
			{VolumeView "Piece5.ply"}
		}
		{bone "Piece6"
			{Matrix34
				-0.0000	-0.8660	0.5000
				0.0000	0.5000	0.8660
				-1.0000	0.0000	-0.0000
				-0.9379	0.1808	43.5020
			}
			{VolumeView "Piece6.ply"}
		}
		{bone "Piece7"
			{Matrix34
				-0.0000	-1.0000	0.0000
				-0.0000	0.0000	1.0000
				-1.0000	0.0000	-0.0000
				-0.9359	22.2702	24.1207
			}
			{VolumeView "Piece7.ply"}
		}
	}
}
{Volume "Piece7"
	{Box 7.87402 14.841 10.9307}
	{Bone "Piece7"}
	{Matrix34
		0.0000	0.0000	-1.0000
		-0.9397	-0.3420	-0.0000
		-0.3420	0.9397	0.0000
		-1.4050	0.1294	-0.0111
	}
}
{Volume "Piece6"
	{Box 7.87402 20.4072 18.2279}
	{Bone "Piece6"}
	{Matrix34
		0.0000	0.0000	-1.0000
		-0.9848	0.1736	-0.0000
		0.1736	0.9848	0.0000
		-1.2522	-2.9578	0.0080
	}
}
{Volume "Piece5"
	{Box 7.87402 11.1235 14.5802}
	{Bone "Piece5"}
	{Matrix34
		0.0000	0.0000	-1.0000
		-1.0000	-0.0000	-0.0000
		-0.0000	1.0000	0.0000
		0.5283	-1.4974	0.0080
	}
}
{Volume "Piece4"
	{Box 7.87402 17.8807 11.6102}
	{Bone "Piece4"}
	{Matrix34
		0.0000	0.0000	-1.0000
		-1.0000	-0.0000	-0.0000
		-0.0000	1.0000	0.0000
		-1.3142	-0.9309	0.0080
	}
}
{Volume "Piece3"
	{Box 7.87402 12.0816 13.5002}
	{Bone "Piece3"}
	{Matrix34
		0.0000	0.0000	-1.0000
		-1.0000	-0.0000	-0.0000
		-0.0000	1.0000	0.0000
		0.8489	0.0599	0.0081
	}
}
{Volume "Piece2"
	{Box 7.87402 11.1235 11.81}
	{Bone "Piece2"}
	{Matrix34
		0.0000	0.0000	-1.0000
		-0.6428	0.7660	0.0000
		0.7660	0.6428	0.0000
		1.8512	-0.1259	0.0081
	}
}
{Volume "Piece1"
	{Box 7.87402 11.1235 14.5802}
	{Bone "Piece1"}
	{Matrix34
		0.0000	0.0000	-1.0000
		-1.0000	-0.0000	-0.0000
		-0.0000	1.0000	0.0000
		0.5283	-1.4974	0.0080
	}
}
{Volume "Piece0"
	{Box 7.87402 12.0816 13.5002}
	{Bone "Piece0"}
	{Matrix34
		0.0000	0.0000	-1.0000
		-1.0000	-0.0000	-0.0000
		-0.0000	1.0000	0.0000
		0.8489	0.0599	0.0081
	}
}
