;Exported by: Albus
;Date:        Fri Mar 09 19:33:35 2012
;File:        C:\Archivos de programa\3dsMax8\scenes\water_depot_nuevo.max
{Skeleton
	{bone "basis"
		{Orientation
			1.0000	0.0000	0.0000
			0.0000	-1.0000	0.0000
			0.0000	0.0000	1.0000
		}
		{bone "depo1"
			{Position 0.2649	2.1463	113.2659}
			{VolumeView "depo1.ply"}
			{bone "depo2"
				{Position 1.1941	-0.8639	46.5195}
				{VolumeView "depo2.ply"}
			}
		}
	}
}
{Obstacle "pata1"
	{Obb2
		{Center 42.3447 41.6318}
		{Extent 4.35005 4.39466}
		{Axis 1 0}
	}
	{Rotate}
}
{Obstacle "pata2"
	{Obb2
		{Center -42.2995 41.6318}
		{Extent 4.34355 4.39466}
		{Axis 1 0}
	}
	{Rotate}
}
{Obstacle "pata3"
	{Obb2
		{Center -42.5425 -43.469}
		{Extent 4.10064 4.78016}
		{Axis 1 0}
	}
	{Rotate}
}
{Obstacle "pata4"
	{Obb2
		{Center 42.119 -42.991}
		{Extent 4.35882 4.78016}
		{Axis 1 0}
	}
	{Rotate}
}
{Volume "Cylinder01"
	{Cylinder 54.7089 3.38492}
	{Bone "depo1"}
	{Matrix34
		0.9904	-0.1379	0.0000
		0.1379	0.9904	0.0000
		0.0000	0.0000	1.0000
		-0.1586	-2.6309	20.8229
	}
}
{Volume "Box36"
	{Box 52.1289 5.74836 5.32255}
	{Bone "depo1"}
	{Matrix34
		-0.5336	0.1087	0.8387
		0.8139	0.3355	0.4743
		-0.2299	0.9357	-0.2675
		20.3710	-33.1369	-3.1723
	}
}
{Volume "Box35"
	{Box 52.1289 5.74836 5.32255}
	{Bone "depo1"}
	{Matrix34
		0.5587	0.1087	0.8222
		0.7580	0.3355	-0.5594
		-0.3367	0.9357	0.1051
		-20.5205	-33.1376	-2.1816
	}
}
{Volume "Box34"
	{Box 52.1289 5.74836 5.32255}
	{Bone "depo1"}
	{Matrix34
		0.5587	-0.1258	0.8198
		0.7580	0.4787	-0.4431
		-0.3367	0.8689	0.3628
		-20.5205	29.2156	-2.9400
	}
}
{Volume "Box33"
	{Box 52.1289 5.74836 5.32255}
	{Bone "depo1"}
	{Matrix34
		-0.5483	-0.1258	0.8268
		0.6964	0.4787	0.5347
		-0.4630	0.8689	-0.1748
		20.7148	29.1762	-3.0521
	}
}
{Volume "Box32"
	{Box 52.1289 5.74836 5.32255}
	{Bone "depo1"}
	{Matrix34
		-0.1143	-0.5295	0.8406
		0.5406	0.6768	0.4998
		-0.8335	0.5115	0.2089
		31.8018	18.0318	-0.4566
	}
}
{Volume "Box31"
	{Box 52.1289 5.74836 5.32255}
	{Bone "depo1"}
	{Matrix34
		-0.1143	0.5196	0.8467
		0.5406	0.7476	-0.3858
		-0.8335	0.4136	-0.3663
		31.8018	-21.2735	-2.7344
	}
}
{Volume "Box30"
	{Box 52.1289 5.74836 5.32255}
	{Bone "depo1"}
	{Matrix34
		0.1235	0.5196	0.8454
		0.4133	0.7476	-0.5199
		-0.9022	0.4136	-0.1224
		-31.4099	-21.2735	-1.2310
	}
}
{Volume "Box29"
	{Box 52.1289 5.74836 5.32255}
	{Bone "depo1"}
	{Matrix34
		0.1235	-0.5212	0.8444
		0.4133	0.8007	0.4337
		-0.9022	0.2954	0.3143
		-31.4093	18.6199	-1.8425
	}
}
{Volume "Box28"
	{Box 78.7111 5.74836 5.32255}
	{Bone "depo1"}
	{Matrix34
		-0.0744	-0.8507	0.5204
		-0.3272	0.5138	0.7931
		-0.9420	-0.1113	-0.3165
		38.0449	1.2872	-46.8502
	}
}
{Volume "Box27"
	{Box 78.7111 5.74836 5.32255}
	{Bone "depo1"}
	{Matrix34
		0.0677	-0.8349	-0.5462
		-0.1028	-0.5504	0.8285
		-0.9924	0.0000	-0.1231
		37.9114	-4.5384	-46.9089
	}
}
{Volume "Box26"
	{Box 78.7111 5.74836 5.32255}
	{Bone "depo1"}
	{Matrix34
		0.0768	-0.8458	0.5280
		0.3887	0.5131	0.7653
		-0.9182	0.1465	0.3681
		-38.0917	1.8425	-47.2962
	}
}
{Volume "Box25"
	{Box 78.7111 5.74836 5.32255}
	{Bone "depo1"}
	{Matrix34
		-0.0890	-0.8349	-0.5432
		0.1350	-0.5504	0.8239
		-0.9868	0.0000	0.1617
		-38.2746	-4.8973	-48.1480
	}
}
{Volume "Box23"
	{Box 83.6705 5.74836 5.32255}
	{Bone "depo1"}
	{Matrix34
		-0.8395	0.0844	-0.5367
		-0.5221	-0.3986	0.7540
		-0.1503	0.9132	0.3787
		-3.7989	35.9942	-47.0799
	}
}
{Volume "Box22"
	{Box 83.6705 5.74836 5.32255}
	{Bone "depo1"}
	{Matrix34
		-0.8408	-0.0898	0.5339
		0.5414	-0.1395	0.8291
		0.0000	0.9861	0.1659
		1.1707	36.1891	-45.8034
	}
}
{Volume "Box21"
	{Box 83.6705 5.74836 5.32255}
	{Bone "depo1"}
	{Matrix34
		-0.8408	0.0812	0.5353
		0.5414	0.1261	0.8313
		0.0000	0.9887	-0.1500
		1.1707	-38.2492	-46.6419
	}
}
{Volume "Box20"
	{Polyhedron "Box20.vol"}
	{Bone "depo1"}
	{Position 34.0422	32.3479	-23.8243}
}
{Volume "Box19"
	{Polyhedron "Box19.vol"}
	{Bone "depo1"}
	{Position -34.6497	32.6723	-23.8243}
}
{Volume "Box18"
	{Polyhedron "Box18.vol"}
	{Bone "depo1"}
	{Position -34.5442	-36.1797	-23.8243}
}
{Volume "Box17"
	{Polyhedron "Box17.vol"}
	{Bone "depo1"}
	{Position 33.9100	-36.1797	-23.8243}
}
{Volume "pata1"
	{Polyhedron "pata1.vol"}
	{Bone "depo1"}
	{Position 42.0797	-43.7780	-91.7891}
}
{Volume "pata2"
	{Polyhedron "pata2.vol"}
	{Bone "depo1"}
	{Position -42.5644	-43.7780	-91.7892}
}
{Volume "pata3"
	{Polyhedron "pata3.vol"}
	{Bone "depo1"}
	{Position -42.8074	41.3227	-91.7892}
}
{Volume "pata4"
	{Polyhedron "pata4.vol"}
	{Bone "depo1"}
	{Position 41.8541	40.8447	-91.7891}
}
{Volume "Box24"
	{Box 83.6705 5.74836 5.32255}
	{Bone "depo1"}
	{Matrix34
		-0.8421	-0.0706	-0.5347
		-0.5219	0.3562	0.7750
		0.1358	0.9317	-0.3368
		-1.4761	-38.4014	-46.1693
	}
}
{Volume "Box12"
	{Box 65.7381 5.74836 5.32255}
	{Bone "depo1"}
	{Matrix34
		-1.0000	0.0000	0.0000
		0.0000	0.0000	1.0000
		0.0000	1.0000	0.0000
		-1.1247	32.6136	-23.5466
	}
}
{Volume "Box11"
	{Box 65.7381 5.74836 5.32255}
	{Bone "depo1"}
	{Matrix34
		-1.0000	0.0000	0.0000
		0.0000	0.0000	1.0000
		0.0000	1.0000	0.0000
		-1.1247	-36.6924	-23.5466
	}
}
{Volume "Box10"
	{Box 72.6884 5.74836 5.32255}
	{Bone "depo1"}
	{Matrix34
		-1.0000	0.0000	0.0000
		0.0000	0.0000	1.0000
		0.0000	1.0000	0.0000
		-0.2168	35.7765	-44.6499
	}
}
{Volume "Box09"
	{Box 72.6884 5.74836 5.32255}
	{Bone "depo1"}
	{Matrix34
		-1.0000	0.0000	0.0000
		0.0000	0.0000	1.0000
		0.0000	1.0000	0.0000
		-0.2168	-39.0690	-44.6499
	}
}
{Volume "Box08"
	{Box 83.6705 5.74836 5.32255}
	{Bone "depo1"}
	{Matrix34
		-1.0000	0.0000	0.0000
		0.0000	0.0000	1.0000
		0.0000	1.0000	0.0000
		0.0972	40.2306	-70.3714
	}
}
{Volume "Box07"
	{Box 83.6705 5.74836 5.32255}
	{Bone "depo1"}
	{Matrix34
		-1.0000	0.0000	0.0000
		0.0000	0.0000	1.0000
		0.0000	1.0000	0.0000
		1.3770	-42.4950	-71.4262
	}
}
{Volume "Box06"
	{Box 65.7381 5.74836 5.32255}
	{Bone "depo1"}
	{Matrix34
		0.0000	-1.0000	0.0000
		0.0000	0.0000	1.0000
		-1.0000	0.0000	0.0000
		-34.9621	-1.6054	-23.5466
	}
}
{Volume "Box05"
	{Box 72.6884 5.74836 5.32255}
	{Bone "depo1"}
	{Matrix34
		0.0000	-1.0000	0.0000
		0.0000	0.0000	1.0000
		-1.0000	0.0000	0.0000
		-38.3106	-1.6054	-44.6499
	}
}
{Volume "Box04"
	{Box 83.6705 5.74836 5.32255}
	{Bone "depo1"}
	{Matrix34
		0.0000	-1.0000	0.0000
		0.0000	0.0000	1.0000
		-1.0000	0.0000	0.0000
		-41.8995	-1.6054	-71.4262
	}
}
{Volume "Box03"
	{Box 65.7381 5.74836 5.32255}
	{Bone "depo1"}
	{Matrix34
		0.0000	-1.0000	0.0000
		0.0000	0.0000	1.0000
		-1.0000	0.0000	0.0000
		34.2037	-1.6054	-23.5466
	}
}
{Volume "Box02"
	{Box 72.6884 5.74836 5.32255}
	{Bone "depo1"}
	{Matrix34
		0.0000	-1.0000	0.0000
		0.0000	0.0000	1.0000
		-1.0000	0.0000	0.0000
		37.9635	-1.6054	-44.6499
	}
}
{Volume "Box01"
	{Box 83.6705 5.74836 5.32255}
	{Bone "depo1"}
	{Matrix34
		0.0000	-1.0000	0.0000
		0.0000	0.0000	1.0000
		-1.0000	0.0000	0.0000
		40.5684	-1.6054	-71.4262
	}
}
{Volume "body"
	{Cylinder 40.9398 53.5743}
	{Bone "depo2"}
	{Position -0.9806	-1.5207	3.3699}
}
