;Modified by: Albus
;Date:        Sat May 24 18:44:40 2008
{Skeleton
	{animation
		{sequence "start"}
		{sequence "stop"}
	}
	{bone "Basis"
		{parameters "WheelRadius=0.5;SteerMax=25;"}
		{Orientation
			1.0000	0.0000	0.0000
			0.0000	-1.0000	0.0000
			0.0000	0.0000	1.0000
		}
		{bone "pivot_back"
			{Position -10.5618	-0.4769	10.4543}
			{bone revolute "spring_L"
				{Matrix34
					1.0000	0.0000	0.0000
					0.0000	0.0175	0.9998
					0.0000	-0.9998	0.0175
					-0.2035	11.8525	-1.4177
				}
				{bone "TrackL"
					{parameters "ID=trackleft;"}
					{Matrix34
						-1.0000	-0.0000	-0.0000
						-0.0000	0.9998	0.0175
						0.0000	0.0175	-0.9998
						1.5513	-0.5654	11.9597
					}
					{VolumeView "TrackL.ply"}
				}
				{bone revolute "wheelL2"
					{Matrix34
						-0.0000	0.9998	0.0175
						1.0000	0.0000	-0.0000
						-0.0000	0.0175	-0.9998
						26.8035	-0.3480	11.9769
					}
					{VolumeView "wheelL2.ply"}
				}
				{bone revolute "wheelL3"
					{Matrix34
						-0.0000	0.9998	0.0175
						1.0000	0.0000	-0.0000
						-0.0000	0.0175	-0.9998
						7.1073	-2.7047	11.9357
					}
					{VolumeView "wheelL3.ply"}
				}
				{bone revolute "wheelL4"
					{Matrix34
						-0.0000	0.9998	0.0175
						1.0000	0.0000	0.0000
						-0.0000	-0.0175	0.9998
						-7.3749	-2.7047	11.9357
					}
					{VolumeView "wheelL4.ply"}
				}
				{bone revolute "wheelL5"
					{Matrix34
						-0.0000	0.9998	0.0175
						1.0000	0.0000	-0.0000
						-0.0000	0.0175	-0.9998
						-21.6161	-0.9873	11.9657
					}
					{VolumeView "wheelL5.ply"}
				}
				{bone "FXtraceL1"
					{Matrix34
						-0.9836	0.1806	0.0032
						0.0000	-0.0175	0.9998
						0.1806	0.9834	0.0172
						50.4296	-8.5296	-2.8108
					}
				}
				{bone "FXtraceL2"
					{Matrix34
						-1.0000	0.0000	0.0000
						-0.0000	-0.0175	0.9998
						0.0000	0.9998	0.0175
						-21.3609	-6.3457	-4.8216
					}
				}
			}
			{bone revolute "spring_R"
				{Matrix34
					1.0000	0.0000	0.0000
					0.0000	0.0175	0.9998
					0.0000	-0.9998	0.0175
					-0.2035	-12.1991	-0.9979
				}
				{bone "TrackR"
					{parameters "ID=trackright;"}
					{Matrix34
						-1.0000	-0.0000	0.0000
						0.0000	0.9998	0.0175
						0.0000	-0.0175	0.9998
						1.5513	-0.5659	-12.0689
					}
					{VolumeView "TrackR.ply"}
				}
				{bone revolute "wheelR2"
					{Matrix34
						-0.0000	0.9998	0.0175
						1.0000	0.0000	-0.0000
						-0.0000	0.0175	-0.9998
						14.1839	-2.5534	-12.1170
					}
					{VolumeView "wheelR2.ply"}
				}
				{bone revolute "wheelR3"
					{Matrix34
						-0.0000	0.9998	0.0175
						1.0000	0.0000	0.0000
						-0.0000	-0.0175	0.9998
						-0.2283	-2.5534	-12.1170
					}
					{VolumeView "wheelR3.ply"}
				}
				{bone revolute "wheelR4"
					{Matrix34
						-0.0000	0.9998	0.0175
						1.0000	0.0000	0.0000
						-0.0000	-0.0175	0.9998
						-14.5265	-2.5534	-12.1170
					}
					{VolumeView "wheelR4.ply"}
				}
				{bone "FXtraceR2"
					{Matrix34
						-1.0000	-0.0000	-0.0000
						-0.0000	-0.0175	0.9998
						-0.0000	0.9998	0.0175
						-21.3608	-6.9216	4.1135
					}
				}
				{bone "FXtraceR1"
					{Matrix34
						-0.9893	0.1457	0.0025
						0.0005	-0.0139	0.9999
						0.1458	0.9892	0.0136
						50.4308	-8.9802	2.7966
					}
				}
			}
		}
		{bone "pivot_front"
			{Position 45.2624	-0.4769	10.4543}
			{bone revolute "steer_R"
				{Matrix34
					1.0000	0.0000	0.0000
					0.0000	-1.0000	-0.0000
					0.0000	0.0000	-1.0000
					-4.1325	-8.6018	-1.8997
				}
				{bone revolute "wheelR1"
					{parameters "ID=wheelright1;"}
					{Matrix34
						0.0000	0.0000	1.0000
						-1.0000	-0.0000	0.0000
						0.0000	-1.0000	0.0000
						0.0000	6.4707	-0.0000
					}
					{VolumeView "wheelR1.ply"}
				}
			}
			{bone revolute "steer_L"
				{Matrix34
					1.0000	0.0000	0.0000
					0.0000	-1.0000	-0.0000
					0.0000	0.0000	-1.0000
					-4.1325	7.9552	-1.8997
				}
				{bone revolute "wheelL1"
					{parameters "ID=wheelleft1;"}
					{Matrix34
						0.0000	0.0000	1.0000
						-1.0000	-0.0000	0.0000
						0.0000	-1.0000	0.0000
						0.0000	-6.8601	0.0000
					}
					{VolumeView "wheelL1.ply"}
				}
			}
		}
		{bone "Body"
			{parameters "ID=body;"}
			{animation
				{sequence "repair" {file "body_r.anm"}}
			}
			{Position 1.8573	-0.6054	-0.0378}
			{VolumeView "Body.ply"}
			{bone "HeadlightR"
				{Matrix34
					1.0000	0.0000	-0.0000
					0.0000	-0.0000	1.0000
					-0.0000	-1.0000	-0.0000
					46.7500	-8.1580	19.5682
				}
			}
			{bone "HeadlightL"
				{Matrix34
					1.0000	0.0000	-0.0000
					0.0000	-0.0000	1.0000
					-0.0000	-1.0000	-0.0000
					46.7500	8.3237	19.7820
				}
			}
			{bone "FXlight"
				{Matrix34
					1.0000	0.0000	-0.0000
					-0.0000	-0.0000	1.0000
					-0.0000	-1.0000	-0.0000
					46.7500	0.1007	19.7891
				}
			}
			{bone "Antenna"
				{parameters "ID=body;"}
				{Matrix34
					0.9994	-0.0000	0.0349
					0.0000	1.0000	0.0000
					-0.0349	0.0000	0.9994
					-4.16792	-12.5129	17.1575
				}
				{VolumeView "anten.ply"}
			}
			{bone "caja1"
				{parameters "ID=body;"}
				{Matrix34
					1.0000	0.0000	-0.0035
					0.0000	1.0000	0.0000
					0.0035	0.0000	1.0000
					-38.9111	-0.1129	17.8152
				}
				{VolumeView "crate1.ply"}
			}
			{bone "caja2"
				{parameters "ID=body;"}
				{Matrix34
					1.0000	0.0000	0.0000
					0.0000	1.0000	0.0000
					0.0000	0.0000	1.0000
					-26.0569	-0.1129	17.7153
				}
				{VolumeView "crate2.ply"}
			}
			{bone "glass"
				{parameters "ID=engine;"}
				{Matrix34
					0.9996	0.0000	0.0286
					0.0000	1.0000	0.0000
					-0.0286	0.0000	0.9996
					18.3678	-0.0000	25.1170
				}
				{VolumeView "glass.ply"}
			}
			{bone "engine"
				{parameters "ID=engine;"}
				{animation
					{sequence "repair" {file "engine_r.anm"}}
				}
				{Position 29.8015	0.0000	21.3499}
				{VolumeView "engine.ply"}
			}
			{bone "commander"
				{Matrix34
					0.9848	0.0000	0.1736
					0.0000	1.0000	0.0000
					-0.1736	0.0000	0.9848
					9.3925	-5.1113	7.9127
				}
			}
			{bone "driver"
				{Matrix34
					0.9848	0.0000	0.1736
					0.0000	1.0000	0.0000
					-0.1736	0.0000	0.9848
					9.4246	9.8977	7.9138
				}
			}
			{bone "seat01"
				{Matrix34
					0.9848	0.0000	0.1736
					0.0000	1.0000	0.0000
					-0.1736	0.0000	0.9848
					-14.3925	-7.1113	9.9127
				}
			}
			{bone "seat02"
				{Matrix34
					0.9848	0.0000	0.1736
					0.0000	1.0000	0.0000
					-0.1736	0.0000	0.9848
					-14.3925	7.1113	9.9127
				}
			}
			{bone revolute "steer_B"
				{Matrix34
					0.7071	0.0000	0.7071
					0.0000	-1.0000	-0.0000
					0.7071	0.0000	-0.7071
					15.7945	6.7497	19.2596
				}
				{bone "wheel_hand"
					{parameters "ID=body;"}
					{Matrix34
						1.0000	0.0000	0.0000
						0.0000	-1.0000	0.0000
						0.0000	-0.0000	-1.0000
						0.3388	0.2239	-4.7452
					}
					{VolumeView "wheel_hand.ply"}
				}
			}
			{bone "visor"
				{Position 20.0568	7.5871	27.7398}
			}
		}
		{bone "emit1"
			{Matrix34
				-0.0000	-1.0000	0.0000
				1.0000	-0.0000	0.0000
				0.0000	0.0000	1.0000
				8.7138	30.7438	-0.0000
			}
			{visibility 0}
		}
		{bone "emit2"
			{Matrix34
				-0.0000	1.0000	0.0000
				-1.0000	-0.0000	0.0000
				0.0000	0.0000	1.0000
				9.6264	-32.5378	-0.0000
			}
			{visibility 0}
		}
		{bone "emit3"
			{Matrix34
				0.0000	1.0000	0.0000
				-1.0000	0.0000	0.0000
				0.0000	0.0000	1.0000
				-5.6264	-32.5378	0.0000
			}
			{visibility 0}
		}
		{bone "emit4"
			{Matrix34
				0.0000	-1.0000	0.0000
				1.0000	0.0000	0.0000
				0.0000	0.0000	1.0000
				-5.6264	30.5378	0.0000
			}
			{visibility 0}
		}
	}
}
{Volume "inventory"
	{Box 7.2425 22.1087 5.14599}
	{Bone "Body"}
	{Position -36.9510	0.4633	20.9639}
}
{Volume "engine"
	{Box 18.4352 21.9448 13.1077}
	{Bone "engine"}
	{Matrix34
		0.0000	1.0000	0.0000
		-1.0000	0.0000	0.0000
		0.0000	0.0000	1.0000
		2.8610	0.0118	-4.7195
	}
}
{Volume "glass"
	{Box 8.41259 28.098 0.943892}
	{Bone "glass"}
	{Matrix34
		-0.2123	0.0000	0.9772
		0.0000	1.0000	0.0000
		-0.9772	0.0000	-0.2123
		-1.0045	-0.0000	3.9094
	}
}
{Volume "fuel"
	{Box 19.8018 11.1687 8.52683}
	{Bone "Body"}
	{Matrix34
		-0.0000	1.0000	0.0000
		-1.0000	-0.0000	0.0000
		0.0000	0.0000	1.0000
		16.1541	0.0787	11.1714
	}
}
{Volume "Body"
	{Box 69.8074 30.344 14.5591}
	{Bone "Body"}
	{Position -9.2591	-0.0000	15.3719}
}
{Volume "wheelleft1"
	{Cylinder 8.70253 4.95941}
	{Bone "wheelL1"}
	{Matrix34
		-0.6946	0.7194	-0.0000
		0.7194	0.6946	-0.0000
		-0.0000	-0.0000	-1.0000
		-0.0000	-0.0000	0.0000
	}
}
{Volume "wheelright1"
	{Cylinder 8.70253 4.94701}
	{Bone "wheelR1"}
	{Matrix34
		0.7194	-0.6946	-0.0000
		0.6946	0.7194	-0.0000
		0.0000	-0.0000	1.0000
		0.0000	0.0000	0.0828
	}
}
{Volume "trackright"
	{Box 56.2793 5.08146 14.6193}
	{Bone "spring_R"}
	{Matrix34
		-1.0000	-0.0000	0.0000
		0.0000	-0.0175	0.9998
		-0.0000	0.9998	0.0175
		4.2932	-1.3680	4.5044
	}
}
{Volume "trackleft"
	{Box 56.2793 5.08146 14.6193}
	{Bone "spring_L"}
	{Matrix34
		-1.0000	-0.0000	0.0000
		0.0000	-0.0175	0.9998
		-0.0000	0.9998	0.0175
		4.2932	-0.7906	-4.5152
	}
}
