;Exported by: shevchenko
;Date:        Tue Jun 01 11:15:28 2004
;File:        D:\-PROJE~1\-3DWork-\sheva\SK\build-05x.max
{Skeleton
	{bone "build-05_wall1"
		{Orientation
			1.0000	0.0000	0.0000
			0.0000	-1.0000	0.0000
			0.0000	0.0000	1.0000
		}
		{bone "Piece3"
			{Matrix34
				-0.0872	0.0000	-0.9962
				0.0000	1.0000	0.0000
				0.9962	0.0000	-0.0872
				-7.1850	0.0787	58.7622
			}
			{VolumeView "Piece3.ply"}
		}
		{bone "Piece4"
			{Matrix34
				0.0872	0.0000	-0.9962
				0.0000	1.0000	0.0000
				0.9962	0.0000	0.0872
				19.3676	0.0787	49.9095
			}
			{VolumeView "Piece4.ply"}
		}
		{bone "Piece5"
			{Matrix34
				-0.9397	0.0000	-0.3420
				0.0000	1.0000	0.0000
				0.3420	0.0000	-0.9397
				41.4024	0.0787	47.7813
			}
			{VolumeView "Piece5.ply"}
		}
		{bone "Piece1"
			{Matrix34
				0.7071	0.0000	-0.7071
				0.0000	1.0000	0.0000
				0.7071	0.0000	0.7071
				-44.4102	0.0788	42.1020
			}
			{VolumeView "Piece1.ply"}
		}
		{bone "Piece6"
			{Matrix34
				0.0872	0.0000	-0.9962
				0.0000	1.0000	0.0000
				0.9962	0.0000	0.0872
				26.3695	0.0787	31.3344
			}
			{VolumeView "Piece6.ply"}
		}
		{bone "Piece2"
			{Position -33.2676	0.0940	61.2438}
			{VolumeView "Piece2.ply"}
		}
		{bone "FX_dust1"
			{Matrix34
				-0.0000	0.0000	1.0000
				0.0000	1.0000	0.0000
				-1.0000	0.0000	-0.0000
				-0.9407	0.2503	29.9444
			}
		}
		{bone "FX_stone1"
			{Matrix34
				-0.0000	0.0000	1.0000
				0.0000	1.0000	0.0000
				-1.0000	0.0000	-0.0000
				-0.9407	0.2503	50.6620
			}
		}
	}
}
{Volume "Piece2"
	{Box 9.84252 16.768 11.8506}
	{Bone "Piece2"}
	{Matrix34
		-0.0000	-1.0000	0.0000
		1.0000	-0.0000	0.0000
		-0.0000	0.0000	1.0000
		0.4072	0.1945	-0.2289
	}
}
{Volume "Piece6"
	{Box 9.84252 14.8135 15.0656}
	{Bone "Piece6"}
	{Matrix34
		-0.0000	-1.0000	-0.0000
		0.0872	-0.0000	0.9962
		-0.9962	0.0000	0.0872
		-2.7846	0.2098	0.5161
	}
}
{Volume "Piece1"
	{Box 9.84252 23.6169 14.8132}
	{Bone "Piece1"}
	{Matrix34
		-0.0000	-1.0000	-0.0000
		-0.0872	-0.0000	0.9962
		-0.9962	0.0000	-0.0872
		-0.1069	0.2098	-0.4277
	}
}
{Volume "Piece5"
	{Box 9.84252 14.8135 21.8451}
	{Bone "Piece5"}
	{Matrix34
		0.0000	-1.0000	-0.0000
		-0.9962	-0.0000	0.0872
		-0.0872	0.0000	-0.9962
		-1.0860	0.2098	0.7448
	}
}
{Volume "Piece4"
	{Box 9.84252 23.5134 11.8627}
	{Bone "Piece4"}
	{Matrix34
		-0.0000	-1.0000	-0.0000
		0.0872	-0.0000	0.9962
		-0.9962	0.0000	0.0872
		-1.1505	0.2098	0.6957
	}
}
{Volume "Piece3"
	{Box 9.84252 19.0459 14.2352}
	{Bone "Piece3"}
	{Matrix34
		-0.0000	-1.0000	-0.0000
		0.1736	-0.0000	0.9848
		-0.9848	0.0000	0.1736
		-0.8463	0.2098	0.1103
	}
}
