{mission
	{Camera
		{Position 758.44 -2836.28}
		{Distance 1550}
		{ViewAngle 0.565487}
		{YawAngle 3.05737}
	}
	{Environment "day1"}
	{User 1}
	{GameProgress 0 0}
	{Entity "pz-4h" 0x8000
		{Position 924.497 -3117.95 0}
		{Turn 91.9329}
		{Extender "inventory"
			{box
				{clear}
				{item "ammo mgun" 900 {cell 0 0}}
				{item "bullet75 ap" 39 {cell 0 1}}
				{item "bullet75 fg" 8 {cell 0 2}}
				{item "can" filling "fuel" 20 {cell 0 3}}
				{item "repair_kit" {cell 2 3}}
			}
		}
		{Player 1}
		{MID 1}
	}
	{Human "ger.friedrich" 0x8001
		{Position 949.463 -2519.85 0}
		{Turn 90}
		{Extender "inventory"
			{box
				{clear}
				{item "grenade m39" {cell 7 0}}
				{item "grenade m39" {cell 7 1}}
				{item "grenade molotov_coctail" {cell 6 2}}
				{item "ammo mgun" 25 {cell 5 0}}
				{item "ammo mgun" 100 {cell 5 1}}
			}
			{armor "head"
				{Item "helmet1_ger"}
			}
			{armor "body"
				{Item "rifle-ammo-holder"}
			}
		}
		{Player 1}
		{MID 2}
		{Weaponry
			{State
				{Mounted "mg13"}
				{Weapon
					{Ammo "ammo mgun" 25}
				}
			}
		}
		{NameId 66 129}
		{FsmState "stand"}
	}
	{Human "ger.hans" 0x8002
		{Position 768.072 -2541.77 0}
		{Turn 90}
		{Extender "inventory"
			{box
				{clear}
				{item "grenade m24x5" {cell 4 1}}
				{item "weapon panzerfaust" filling "ammo panzerfaust" {cell 0 2}}
				{item "grenade m39" {cell 4 0}}
				{item "ammo rifle" 35 {cell 5 0}}
				{item "grenade m24" {cell 6 0}}
				{item "knife_ger" {cell 6 1}}
			}
			{armor "head"
				{Item "helmet1_ger"}
			}
			{armor "body"
				{Item "rifle-ammo-holder"}
			}
		}
		{Player 1}
		{MID 3}
		{Weaponry
			{State
				{Mounted "mauzer"}
				{Weapon
					{Ammo "ammo rifle" 5}
				}
			}
		}
		{NameId 62 116}
		{FsmState "stand"}
	}
	{Entity "pz-3j" 0x8003
		{Position 2371.71 -2382.65 0}
		{Turn 93.8141}
		{Extender "inventory"
			{box
				{clear}
				{item "ammo mgun" 600 {cell 0 0}}
				{item "bullet50 ap" 39 {cell 2 0}}
				{item "bullet50 fg" 6 {cell 0 1}}
				{item "can" filling "fuel" 20 {cell 3 1}}
				{item "repair_kit" {cell 0 2}}
			}
		}
		{Player 1}
		{MID 4}
		{Chassis
			{FuelBag
				{Remain 199}
			}
		}
	}
	{Human "ger.albert" 0x8004
		{Position -889.096 -2548.64 0}
		{Turn 85.6013}
		{Extender "inventory"
			{box
				{clear}
				{item "grenade m24x5" {cell 3 0}}
				{item "grenade m24" {cell 6 0}}
				{item "ammo pistol" 96 {cell 3 1}}
				{item "weapon panzerfaust" filling "ammo panzerfaust" {cell 0 3}}
				{item "grenade m39" {cell 7 1}}
				{item "grenade smoke" {cell 5 0}}
				{item "grenade m39" {cell 6 1}}
				{item "mp40" filling "ammo pistol" 32 {cell 0 0}}
			}
			{armor "head"
				{Item "helmet1_ger"}
			}
			{armor "body"
				{Item "mp-ammo-holder"}
			}
		}
		{Player 1}
		{MID 5}
		{NameId 132 114}
		{FsmState "stand"}
	}
	{Entity "hetzer" 0x8005
		{Position -963.319 -2697.38 0}
		{Turn 176.987}
		{TexMod "1"}
		{Extender "inventory"
			{box
				{clear}
				{item "ammo mgun" 750 {cell 0 0}}
				{item "can" filling "fuel" 20 {cell 3 0}}
				{item "bullet75 ap" 39 {cell 0 4}}
				{item "bullet75 fg" 8 {cell 0 5}}
				{item "repair_kit" {cell 0 1}}
			}
		}
		{Player 1}
		{MID 6}
	}
	{Human "ger.karl2" 0x8010
		{Position 719.594 -3087.63 0}
		{Orientation
			 -0.000000   1.000000   0.000000
			  1.000000   0.000000   0.000000
			  0.000000   0.000000   1.000000
		}
		{Extender "inventory"
			{box
				{clear}
				{item "grenade m24x5" {cell 6 0}}
				{item "grenade m39" {cell 5 0}}
				{item "grenade molotov_coctail" {cell 6 1}}
				{item "grenade smoke" {cell 5 1}}
				{item "ammo pistol" 96 {cell 3 0}}
				{item "mp38" filling "ammo pistol" 32 {cell 0 0}}
			}
			{armor "head"
				{Item "tank_cap2_ger"}
			}
			{armor "body"
				{Item "mp-ammo-holder"}
			}
		}
		{Player 1}
		{MID 17}
		{NameId 140 20}
		{LastItem "mp38"}
		{FsmState "board"}
	}
	{Human "ger.crewtank" 0x800f
		{Position 719.594 -3087.63 0}
		{Orientation
			 -0.000000   1.000000   0.000000
			  1.000000   0.000000   0.000000
			  0.000000   0.000000   1.000000
		}
		{Extender "inventory"
			{box
				{clear}
				{item "ammo pistol" 24 {cell 2 0}}
				{item "valter" filling "ammo pistol" 8 {cell 0 0}}
			}
		}
		{Player 1}
		{MID 16}
		{NameId 122 38}
		{LastItem "valter"}
		{FsmState "board"}
	}
	{Human "ger.crewtank" 0x800e
		{Position 719.594 -3087.63 0}
		{Orientation
			 -0.000000   1.000000   0.000000
			  1.000000   0.000000   0.000000
			  0.000000   0.000000   1.000000
		}
		{Extender "inventory"
			{box
				{clear}
				{item "ammo pistol" 24 {cell 2 0}}
				{item "valter" filling "ammo pistol" 8 {cell 0 0}}
			}
		}
		{Player 1}
		{MID 15}
		{NameId 21 99}
		{LastItem "valter"}
		{FsmState "board"}
	}
	{Human "ger.crewtank" 0x800d
		{Position 719.594 -3087.63 0}
		{Orientation
			 -0.000000   1.000000   0.000000
			  1.000000   0.000000   0.000000
			  0.000000   0.000000   1.000000
		}
		{Extender "inventory"
			{box
				{clear}
				{item "ammo pistol" 24 {cell 2 0}}
				{item "valter" filling "ammo pistol" 8 {cell 0 0}}
			}
		}
		{Player 1}
		{MID 14}
		{NameId 60 101}
		{LastItem "valter"}
		{FsmState "board"}
	}
	{Human "ger.crewtank" 0x8006
		{Position 2371.71 -2382.65 0}
		{Orientation
			 -0.066520   0.997785   0.000000
			  0.997785   0.066520   0.000000
			  0.000000   0.000000   1.000000
		}
		{Extender "inventory"
			{box
				{clear}
				{item "ammo pistol" 24 {cell 2 0}}
				{item "valter" filling "ammo pistol" 8 {cell 0 0}}
			}
		}
		{Player 1}
		{MID 7}
		{NameId 39 120}
		{LastItem "valter"}
		{FsmState "board"}
	}
	{Human "ger.crewtank" 0x8007
		{Position 2371.71 -2382.65 0}
		{Orientation
			 -0.066520   0.997785   0.000000
			  0.997785   0.066520   0.000000
			  0.000000   0.000000   1.000000
		}
		{Extender "inventory"
			{box
				{clear}
				{item "ammo pistol" 24 {cell 2 0}}
				{item "valter" filling "ammo pistol" 8 {cell 0 0}}
			}
		}
		{Player 1}
		{MID 8}
		{NameId 25 115}
		{LastItem "valter"}
		{FsmState "board"}
	}
	{Human "ger.crewtank" 0x8008
		{Position 2371.71 -2382.65 0}
		{Orientation
			 -0.066520   0.997785   0.000000
			  0.997785   0.066520   0.000000
			  0.000000   0.000000   1.000000
		}
		{Extender "inventory"
			{box
				{clear}
				{item "ammo pistol" 24 {cell 2 0}}
				{item "valter" filling "ammo pistol" 8 {cell 0 0}}
			}
		}
		{Player 1}
		{MID 9}
		{NameId 1 136}
		{LastItem "valter"}
		{FsmState "board"}
	}
	{Human "ger.otto2" 0x8009
		{Position 2371.71 -2382.65 0}
		{Orientation
			 -0.066520   0.997785   0.000000
			  0.997785   0.066520   0.000000
			  0.000000   0.000000   1.000000
		}
		{Extender "inventory"
			{box
				{clear}
				{item "grenade m24x5" {cell 6 0}}
				{item "grenade m39" {cell 5 0}}
				{item "ammo pistol" 96 {cell 3 0}}
				{item "grenade smoke" {cell 7 1}}
				{item "grenade m24x5" {cell 5 1}}
				{item "mp41" filling "ammo pistol" 32 {cell 0 0}}
			}
			{armor "head"
				{Item "tank_cap2_ger"}
			}
			{armor "body"
				{Item "mp-ammo-holder"}
			}
		}
		{Player 1}
		{MID 10}
		{NameId 123 101}
		{LastItem "mp41"}
		{FsmState "board"}
	}
	{Human "ger.franz2" 0x8019
		{Position -963.319 -2697.38 0}
		{Orientation
			 -0.998618   0.052562   0.000000
			  0.052562   0.998618   0.000000
			  0.000000   0.000000   1.000000
		}
		{Extender "inventory"
			{box
				{clear}
				{item "ammo pistol" 96 {cell 3 0}}
				{item "grenade m24x5" {cell 5 0}}
				{item "grenade m39" {cell 7 0}}
				{item "bandage" 5 {cell 6 1}}
				{item "mp41" filling "ammo pistol" 32 {cell 0 0}}
			}
			{armor "head"
				{Item "tank_cap2_ger"}
			}
		}
		{Player 1}
		{MID 25}
		{NameId 100 50}
		{LastItem "mp41"}
		{FsmState "board"}
	}
	{Human "ger.crewtank" 0x801a
		{Position -963.319 -2697.38 0}
		{Orientation
			 -0.998618   0.052562   0.000000
			  0.052562   0.998618   0.000000
			  0.000000   0.000000   1.000000
		}
		{Extender "inventory"
			{box
				{clear}
				{item "ammo pistol" 24 {cell 0 0}}
				{item "valter" filling "ammo pistol" 8 {cell 2 0}}
			}
		}
		{Player 1}
		{MID 24}
		{NameId 1 134}
		{LastItem "valter"}
		{FsmState "board"}
	}
	{Human "ger.crewtank" 0x801b
		{Position -963.319 -2697.38 0}
		{Orientation
			 -0.998618   0.052562   0.000000
			  0.052562   0.998618   0.000000
			  0.000000   0.000000   1.000000
		}
		{Extender "inventory"
			{box
				{clear}
				{item "ammo pistol" 24 {cell 0 0}}
				{item "valter" filling "ammo pistol" 8 {cell 2 0}}
			}
		}
		{Player 1}
		{MID 23}
		{NameId 39 118}
		{LastItem "valter"}
		{FsmState "board"}
	}
	{Human "ger.crewtank" 0x801c
		{Position -963.319 -2697.38 0}
		{Orientation
			 -0.998618   0.052562   0.000000
			  0.052562   0.998618   0.000000
			  0.000000   0.000000   1.000000
		}
		{Extender "inventory"
			{box
				{clear}
				{item "ammo pistol" 24 {cell 0 0}}
				{item "valter" filling "ammo pistol" 8 {cell 2 0}}
			}
		}
		{Player 1}
		{MID 22}
		{NameId 25 113}
		{LastItem "valter"}
		{FsmState "board"}
	}
	{Human "ger.infantry_ss" 0x801d
		{Position 458.65 -272.977 -11.0401}
		{Turn 84.7562}
		{Extender "inventory"
			{box
				{clear}
				{item "ammo rifle" 60 {cell 4 0}}
				{item "grenade m24" {cell 6 0}}
				{item "bandage" 2 {cell 4 1}}
				{item "weapon panzerfaust" filling "ammo panzerfaust" {cell 0 3}}
			}
		}
		{Player 3}
		{MID 30}
		{Weaponry
			{State
				{Mounted "sg44"}
				{Weapon
					{Ammo "ammo rifle" 30}
				}
			}
		}
		{NameId 100 52}
		{Cover
			{sector 458.65 -272.977 {type "snipe_cover"}
				{wall 0 0 337.079 -254.79 469.497 -266.943}
			}
		}
		{FsmState "snipe"}
	}
	{Human "ger.infantry_ss" 0x801e
		{Position 377.758 -265.553 -12.555}
		{Turn 84.7562}
		{Extender "inventory"
			{box
				{clear}
				{item "ammo rifle" 90 {cell 4 0}}
				{item "grenade m24" {cell 6 0}}
				{item "bandage" 2 {cell 4 1}}
				{item "weapon panzerfaust" filling "ammo panzerfaust" {cell 0 3}}
			}
		}
		{Player 3}
		{MID 31}
		{Weaponry
			{State
				{Mounted "sg44"}
				{Weapon
					{Ammo "ammo rifle" 30}
				}
			}
		}
		{NameId 132 116}
		{Cover
			{sector 377.758 -265.553 {type "snipe_cover"}
				{wall 0 0 337.079 -254.79 469.497 -266.943}
			}
		}
		{FsmState "snipe"}
	}
	{Human "ger.infantry_ss" 0x801f
		{Position 270.758 -255.862 -15.924}
		{Turn 84.7562}
		{Extender "inventory"
			{box
				{clear}
				{item "ammo rifle" 90 {cell 4 0}}
				{item "grenade m24" {cell 6 0}}
				{item "bandage" 2 {cell 4 1}}
				{item "weapon panzerfaust" filling "ammo panzerfaust" {cell 0 3}}
			}
		}
		{Player 3}
		{MID 32}
		{Weaponry
			{State
				{Mounted "sg44"}
				{Weapon
					{Ammo "ammo rifle" 30}
				}
			}
		}
		{NameId 123 103}
		{Cover
			{sector 270.758 -255.862 {type "snipe_cover"}
				{wall 0 0 206.155 -242.904 338.573 -255.057}
			}
		}
		{FsmState "snipe"}
	}
	{Human "ger.infantry_ss" 0x8020
		{Position 131.296 -242.892 -17.4889}
		{Turn 84.7562}
		{Extender "inventory"
			{box
				{clear}
				{item "ammo pistol" 64 {cell 4 0}}
				{item "grenade m24" {cell 6 0}}
				{item "bandage" 2 {cell 4 1}}
				{item "weapon panzerfaust" filling "ammo panzerfaust" {cell 0 3}}
			}
		}
		{Player 3}
		{MID 33}
		{Weaponry
			{State
				{Mounted "mp40"}
				{Weapon
					{Ammo "ammo pistol" 32}
				}
			}
		}
		{NameId 9 55}
		{Cover
			{sector 131.296 -242.892 {type "snipe_cover"}
				{wall 0 0 79.6237 -231.12 212.042 -243.273}
			}
		}
		{FsmState "snipe"}
	}
	{Human "ger.infantry_ss" 0x8021
		{Position -33.516 -261.558 -9.14417}
		{Turn 101.422}
		{Extender "inventory"
			{box
				{clear}
				{item "ammo rifle" 90 {cell 4 0}}
				{item "grenade m24" {cell 6 0}}
				{item "bandage" 2 {cell 4 1}}
				{item "weapon panzerfaust" filling "ammo panzerfaust" {cell 0 3}}
			}
		}
		{Player 3}
		{MID 34}
		{Weaponry
			{State
				{Mounted "sg44"}
				{Weapon
					{Ammo "ammo rifle" 30}
				}
			}
		}
		{NameId 126 139}
		{Cover
			{sector -33.516 -261.558 {type "snipe_cover"}
				{wall 0 0 -60.8169 -259.933 83.897 -230.695}
			}
		}
		{FsmState "snipe"}
	}
	{Human "ger.infantry_ss" 0x8022
		{Position -152.15 -275.709 -12.1844}
		{Turn 96.0613}
		{Extender "inventory"
			{box
				{clear}
				{item "ammo rifle" 60 {cell 4 0}}
				{item "grenade m24" {cell 6 0}}
				{item "bandage" 2 {cell 4 1}}
				{item "weapon panzerfaust" filling "ammo panzerfaust" {cell 0 3}}
			}
		}
		{Player 3}
		{MID 35}
		{Weaponry
			{State
				{Mounted "sg44"}
				{Weapon
					{Ammo "ammo rifle" 30}
				}
			}
		}
		{NameId 1 135}
		{Cover
			{sector -152.15 -275.709 {type "snipe_cover"}
				{wall 0 0 -179.06 -271.527 -46.8291 -257.486}
			}
		}
		{FsmState "snipe"}
	}
	{Human "ger.infantry_ss" 0x8023
		{Position -419.194 -296.341 -10}
		{Turn 94.848}
		{Extender "inventory"
			{box
				{clear}
				{item "ammo rifle" 10 {cell 4 0}}
				{item "grenade m24" {cell 5 1}}
				{item "weapon panzerfaust" filling "ammo panzerfaust" {cell 0 3}}
			}
		}
		{Player 3}
		{MID 36}
		{Weaponry
			{State
				{Mounted "g43"}
				{Weapon
					{Ammo "ammo rifle" 10}
				}
			}
		}
		{NameId 39 119}
		{Cover
			{sector -419.194 -296.341 {type "snipe_cover"}
				{wall 0 0 -509.694 -296.992 -377.196 -285.754}
			}
		}
		{FsmState "snipe"}
	}
	{Human "ger.infantry_ss" 0x8024
		{Position -713.143 -311.471 -13.5391}
		{Turn 101.937}
		{Extender "inventory"
			{box
				{clear}
				{item "ammo rifle" 10 {cell 4 0}}
				{item "grenade m24" {cell 5 1}}
				{item "weapon panzerfaust" filling "ammo panzerfaust" {cell 0 3}}
			}
		}
		{Player 3}
		{MID 37}
		{Weaponry
			{State
				{Mounted "mauzer"}
				{Weapon
					{Ammo "ammo rifle" 5}
				}
			}
		}
		{NameId 25 114}
		{Cover
			{sector -713.143 -311.471 {type "snipe_cover"}
				{wall 0 0 -770.501 -316.442 -626.056 -285.906}
			}
		}
		{FsmState "snipe"}
	}
	{Human "ger.infantry_ss" 0x8025
		{Position -541.361 -300.675 -10}
		{Turn 85.309}
		{Extender "inventory"
			{box
				{clear}
				{item "ammo mgun" 75 {cell 5 0}}
				{item "grenade m24" {cell 5 1}}
			}
		}
		{Player 3}
		{MID 38}
		{Weaponry
			{State
				{Mounted "mg42"}
				{Weapon
					{Ammo "ammo mgun" 75}
				}
			}
		}
		{NameId 62 117}
		{Cover
			{sector -541.361 -300.675 {type "snipe_cover"}
				{wall 0 0 -630.718 -286.319 -498.189 -297.194}
			}
		}
		{FsmState "snipe"}
	}
	{Human "ger.infantry_ss" 0x8026
		{Position -927.317 -593.865 1}
		{Turn 103.96}
		{Extender "inventory"
			{box
				{clear}
				{item "ammo pistol" 32 {cell 0 0}}
				{item "grenade m24" {cell 2 0}}
				{item "grenade m39" {cell 6 0}}
				{item "bandage" {cell 0 1}}
				{item "weapon panzerfaust" filling "ammo panzerfaust" {cell 0 3}}
			}
		}
		{Player 3}
		{MID 39}
		{Weaponry
			{State
				{Mounted "mp40"}
				{Weapon
					{Ammo "ammo pistol" 32}
				}
			}
		}
		{NameId 66 130}
		{Cover
			{sector -927.317 -593.865 {type "squat_lie"}
				{wall 0 0 -973.988 -598.253 -902.16 -580.398}
			}
		}
		{FsmState "squat"}
	}
	{Human "ger.infantry_ss" 0x8027
		{Position 896.166 -261.815 88.9306}
		{Turn 101.145}
		{Extender "inventory"
			{box
				{clear}
				{item "ammo rifle" 10 {cell 4 0}}
				{item "grenade m39" {cell 5 0}}
				{item "grenade m39" {cell 6 0}}
				{item "weapon panzerfaust" filling "ammo panzerfaust" {cell 0 3}}
			}
		}
		{Player 3}
		{MID 40}
		{Weaponry
			{State
				{Mounted "mauzer"}
				{Weapon
					{Ammo "ammo rifle" 5}
				}
			}
		}
		{NameId 140 21}
		{FsmState "lie"}
	}
	{Human "ger.infantry_ss" 0x8028
		{Position 363.998 -527.002 53.3797}
		{Turn 83.767}
		{Extender "inventory"
			{box
				{clear}
				{item "ammo pistol" 32 {cell 0 0}}
				{item "grenade m24" {cell 2 0}}
				{item "grenade m39" {cell 6 0}}
				{item "bandage" {cell 0 1}}
				{item "weapon panzerfaust" filling "ammo panzerfaust" {cell 0 3}}
			}
		}
		{Player 3}
		{MID 41}
		{Weaponry
			{State
				{Mounted "mp40"}
				{Weapon
					{Ammo "ammo pistol" 32}
				}
			}
		}
		{NameId 60 100}
		{FsmState "squat"}
	}
	{Entity "boxes1" 0x8029
		{Position 197.253 -2835.21 0}
		{Extender "inventory"
			{box
				{clear}
				{item "ptrs" {cell 0 0}}
				{item "ammo ptr" 250 {cell 0 5}}
				{item "ammo piat" 50 {cell 4 4}}
				{item "repair_kit" {cell 6 4}}
				{item "weapon piat" filling "ammo piat" {cell 0 2}}
				{item "ammo bazooka" 50 {cell 5 3}}
				{item "ammo mgun" 1000 {cell 0 4}}
				{item "ammo rifle" 1000 {cell 2 5}}
				{item "ammo rifle" 1000 {cell 2 4}}
				{item "ammo rifle" 1000 {cell 3 4}}
				{item "ammo rifle" 1000 {cell 3 5}}
				{item "ammo pistol" 1000 {cell 4 5}}
				{item "ammo mgun" 1000 {cell 5 2}}
			}
		}
	}
	{Entity "box_metal" 0x802a
		{Position 78.3921 -2860.42 0}
		{Extender "inventory"
			{box
				{clear}
				{item "weapon panzershreck" filling "ammo bazooka" {cell 0 0}}
				{item "ammo pistol" 180 {cell 6 4}}
				{item "eg" 10 {cell 0 2}}
				{item "bandage" 250 {cell 6 5}}
				{item "ammo bazooka" 9 {cell 4 5}}
				{item "body_armor" 5 {cell 6 0}}
				{item "mine antipersonnel" 10 {cell 4 4}}
				{item "mine antitank" 10 {cell 2 4}}
				{item "repair_kit" {cell 3 2}}
				{item "morphine" 10 {cell 0 4}}
			}
		}
	}
	{Entity "box_metal" 0x802b
		{Position 289.739 -2845.71 0}
		{Extender "inventory"
			{box
				{clear}
				{item "weapon panzerpatrone" 50 filling "ammo panzerfaust" {cell 0 4}}
				{item "grenade m24x5" 6 {cell 0 5}}
				{item "ammo pistol" 1200 {cell 2 5}}
				{item "sg44" 5 {cell 0 2}}
				{item "mp41" 5 {cell 4 4}}
				{item "ammo rifle" 1000 {cell 7 5}}
				{item "ammo rifle" 1000 {cell 7 4}}
				{item "helmet6_ger" 50 {cell 0 0}}
			}
		}
	}
	{Entity "blitz-fuel" 0x802c
		{Position 2152.2 -3139.44 0.178031}
		{Extender "inventory"
			{box
				{clear}
				{item "eg" 10 {cell 0 0}}
				{item "barrel" 10 {cell 3 0}}
				{item "can" 10 {cell 5 0}}
			}
		}
		{Player 1}
		{MID 44}
	}
	{Entity "blitz-ammo" 0x802d
		{Position -1823.1 -3028.11 0}
		{Turn -93.1798}
		{Extender "inventory"
			{box
				{clear}
				{item "bullet75 ap" 50 {cell 0 0}}
				{item "bullet75 fg" 50 {cell 0 1}}
				{item "bullet75 ap" 50 {cell 4 0}}
				{item "bullet75 fg" 50 {cell 4 1}}
				{item "bullet50 ap" 50 {cell 0 2}}
				{item "bullet50 fg" 50 {cell 0 3}}
				{item "bullet50 ap" 50 {cell 5 2}}
				{item "bullet50 fg" 50 {cell 5 3}}
				{item "ammo mgun" 1500 {cell 3 2}}
				{item "ammo mgun" 1500 {cell 3 3}}
			}
		}
		{Player 1}
		{MID 43}
		{Chassis
			{FuelBag
				{Remain 30}
			}
		}
	}
	{Entity "blitz-ammo" 0x802e
		{Position 1165.67 -3104.07 0}
		{Turn 90}
		{Extender "inventory"
			{box
				{clear}
				{item "bullet75 ap" 50 {cell 0 0}}
				{item "bullet75 fg" 50 {cell 0 1}}
				{item "bullet75 ap" 50 {cell 4 0}}
				{item "bullet75 fg" 50 {cell 4 1}}
				{item "bullet50 ap" 50 {cell 0 2}}
				{item "bullet50 fg" 50 {cell 0 3}}
				{item "bullet50 ap" 50 {cell 5 2}}
				{item "bullet50 fg" 50 {cell 5 3}}
				{item "ammo mgun" 1500 {cell 3 2}}
				{item "ammo mgun" 1500 {cell 3 3}}
			}
		}
		{Player 1}
		{MID 42}
		{Chassis
			{FuelBag
				{Remain 30}
			}
		}
	}
	{Entity "bt-7" 0x802f
		{Position -1066.7 2519.47 0.735245}
		{Turn -88.9484}
		{Player 2}
		{MID 45}
		{Weaponry
			{State "mgun"
				{Mounted "weapon dt"}
			}
		}
	}
	{Entity "bt-7" 0x8030
		{Position -182.053 2559.91 0.42962}
		{Turn -90.426}
		{Player 2}
		{MID 46}
		{Weaponry
			{State "mgun"
				{Mounted "weapon dt"}
			}
		}
	}
	{Entity "bt-7" 0x8031
		{Position 621.409 2534.16 0}
		{Turn -90}
		{Player 2}
		{MID 47}
		{Weaponry
			{State "mgun"
				{Mounted "weapon dt"}
			}
		}
	}
	{Entity "bt-7" 0x8032
		{Position 1320.47 2486.8 56.6095}
		{Turn -91.8322}
		{Player 2}
		{MID 48}
		{Weaponry
			{State "mgun"
				{Mounted "weapon dt"}
			}
		}
	}
	{Entity "t-26" 0x8033
		{Position 1996.1 2540.32 0.0515951}
		{Turn -90.012}
		{Player 2}
		{MID 49}
		{Weaponry
			{State "mgun"
				{Mounted "weapon dt"}
			}
		}
	}
	{Entity "t-26" 0x8034
		{Position -614.855 2435.95 0}
		{Turn -90}
		{Player 2}
		{MID 50}
		{Weaponry
			{State "mgun"
				{Mounted "weapon dt"}
			}
		}
	}
	{Entity "t-60" 0x8035
		{Position -1439.4 2397.41 25.5748}
		{Orientation
			 -0.031831  -0.995542  -0.088781
			  0.941325   0.000000  -0.337500
			  0.335995  -0.094314   0.937129
		}
		{Player 2}
		{MID 51}
	}
	{Entity "t-60" 0x8036
		{Position 2713.11 2460.63 53.7761}
		{Orientation
			  0.010616  -0.947722  -0.318920
			  0.999446   0.000000   0.033270
			 -0.031531  -0.319097   0.947197
		}
		{Player 2}
		{MID 52}
	}
	{Entity "t-60" 0x8037
		{Position 443.305 2588.92 0}
		{Turn -90}
		{Player 2}
		{MID 53}
	}
	{Entity "t-60" 0x8038
		{Position 878.092 2593.05 0.529424}
		{Turn -89.3834}
		{Player 2}
		{MID 54}
	}
	{Entity "t-60" 0x8039
		{Position 2439.16 3302.84 27.5233}
		{Turn -114.882}
		{TexMod "ambush"}
		{Player 2}
		{MID 55}
	}
	{Entity "t-60" 0x803a
		{Position -1113.97 3205.47 25.8811}
		{Turn -84.91}
		{Player 2}
		{MID 56}
	}
	{Entity "t-70" 0x803b
		{Position -1495.94 2982.97 0}
		{Turn -60.6423}
		{Player 2}
		{MID 57}
	}
	{Entity "t-70" 0x803c
		{Position -590.334 3234.94 0}
		{Turn -86.4237}
		{Player 2}
		{MID 58}
	}
	{Entity "t-70" 0x803d
		{Position 2835.44 3140.59 10.8745}
		{Orientation
			 -0.552837  -0.825192   0.115887
			  0.830317  -0.533776   0.160178
			 -0.070320   0.184775   0.980262
		}
		{Player 2}
		{MID 59}
	}
	{Entity "t-70" 0x803e
		{Position 2090.58 3154.16 59.548}
		{Orientation
			 -0.197029  -0.956444  -0.215393
			  0.978424  -0.177895  -0.105067
			  0.062174  -0.231447   0.970859
		}
		{Player 2}
		{MID 60}
	}
	{Entity "t-34-57" 0x803f
		{Position 1298.42 3215.05 10.2851}
		{Orientation
			  0.010721  -0.997936  -0.063313
			  0.985963   0.000000   0.166965
			 -0.166620  -0.064215   0.983928
		}
		{Player 2}
		{MID 61}
	}
	{Entity "t-34-57" 0x8040
		{Position 121.062 3232.28 58.3277}
		{Orientation
			 -0.036934  -0.977743  -0.206532
			  0.984383   0.000000  -0.176038
			  0.172120  -0.209808   0.962474
		}
		{Player 2}
		{MID 62}
	}
	{Entity "m3a1-ll" 0x8041
		{Position 586.376 3282.44 0}
		{Turn -90}
		{Extender "inventory"
			{box
				{clear}
				{item "ammo mgun" 800 {cell 0 0}}
				{item "repair_kit" {cell 0 2}}
			}
		}
		{Player 2}
		{MID 63}
	}
	{Entity "ba-20m" 0x8042
		{Position -1103.06 2888.06 16.8362}
		{Orientation
			  0.052411  -0.974307  -0.219040
			  0.972547   0.000000   0.232707
			 -0.226728  -0.225223   0.947560
		}
		{Player 2}
		{MID 64}
	}
	{Entity "ba-20m" 0x8043
		{Position 2779.13 3315.84 0}
		{Turn -119.745}
		{Player 2}
		{MID 65}
	}
	{Entity "m3a1-ll" 0x8044
		{Position 574.57 3853.16 13.1674}
		{Turn -81.6441}
		{Extender "inventory"
			{box
				{clear}
				{item "ammo mgun" 800 {cell 0 0}}
			}
		}
		{Player 2}
		{MID 66}
	}
	{Entity "ba-6" 0x8045
		{Position 2962.02 3635.76 0.206755}
		{Turn -119.925}
		{TexMod "ambush1"}
		{Player 2}
		{MID 67}
	}
	{Entity "ba-6" 0x8046
		{Position -641.99 3759.62 7.57528}
		{Turn -84.3756}
		{TexMod "ambush1"}
		{Player 2}
		{MID 68}
	}
	{Entity "t-70" 0x8047
		{Position -2007.28 3457.25 2.74672}
		{Turn -92.2405}
		{Player 2}
		{MID 69}
	}
	{Entity "t-70" 0x8048
		{Position 2683.64 3770.86 50.957}
		{Orientation
			 -0.060903  -0.969129  -0.238914
			  0.969012   0.000000  -0.247014
			  0.239389  -0.246554   0.939097
		}
		{Player 2}
		{MID 70}
	}
	{Entity "t-34-57" 0x8049
		{Position 1394.43 3821.27 77.808}
		{Turn -83.1361}
		{Player 2}
		{MID 71}
	}
	{Entity "t-34-57" 0x804a
		{Position 34.4184 3824.73 32.4917}
		{Turn -94.7717}
		{Player 2}
		{MID 72}
	}
	{Entity "t-34-85" 0x804b
		{Position -802.369 3805.01 14.7065}
		{Turn -76.9088}
		{Player 2}
		{MID 73}
		{Weaponry
			{State "mgun"
				{Mounted "weapon dt"}
			}
		}
	}
	{Entity "t-34-85" 0x804c
		{Position 909.817 3885.07 70.543}
		{Turn -88.6338}
		{Player 2}
		{MID 74}
		{Weaponry
			{State "mgun"
				{Mounted "weapon dt"}
			}
		}
	}
	{Human "rus.tankman" 0x806c
		{Position -1439.4 2397.41 25.5748}
		{Orientation
			 -0.031831  -0.995542  -0.088781
			 -0.941325   0.000000   0.337500
			  0.335995  -0.094314   0.937129
		}
		{Extender "inventory"
			{box
				{clear}
				{item "ppsh35" filling "ammo pistol" 35 {cell 0 0}}
				{item "ammo pistol" 35 {cell 4 0}}
				{item "grenade rpg40" {cell 6 0}}
			}
		}
		{Player 2}
		{MID 106}
		{NameId 38 61}
		{LastItem "ppsh35"}
		{FsmState "board"}
	}
	{Human "rus.tankman" 0x806b
		{Position -1439.4 2397.41 25.5748}
		{Orientation
			 -0.031831  -0.995542  -0.088781
			 -0.941325   0.000000   0.337500
			  0.335995  -0.094314   0.937129
		}
		{Extender "inventory"
			{box
				{clear}
				{item "ppsh35" filling "ammo pistol" 35 {cell 0 0}}
				{item "ammo pistol" 35 {cell 4 0}}
				{item "grenade rpg40" {cell 6 0}}
			}
		}
		{Player 2}
		{MID 105}
		{NameId 32 12}
		{LastItem "ppsh35"}
		{FsmState "board"}
	}
	{Human "x.r.prof_smg" 0x806a
		{Position -633.313 2471.74 18.982}
		{Orientation
			 -0.930500   0.299700   0.210700
			 -0.320200  -0.944700  -0.070400
			  0.177900  -0.133000   0.975000
		}
		{Extender "inventory"
			{box
				{clear}
				{item "ammo pistol" 100 {cell 5 0}}
				{item "grenade f1" {cell 7 0}}
				{item "grenade rpg40" {cell 6 1}}
				{item "bandage" 5 {cell 4 1}}
				{item "grenade smoke" {cell 4 0}}
				{item "ppsh35" filling "ammo pistol" 35 {cell 0 0}}
			}
		}
		{DisableObstacles}
		{Player 2}
		{MID 104}
		{NameId 6 48}
		{LastItem "ppsh35"}
		{FsmState "board"}
	}
	{Human "rus.tankman" 0x8069
		{Position -1066.7 2519.47 0.735245}
		{Orientation
			  0.018346  -0.999437   0.028103
			 -0.999608  -0.017740   0.021677
			  0.021166   0.028490   0.999370
		}
		{Extender "inventory"
			{box
				{clear}
				{item "ppsh35" filling "ammo pistol" 35 {cell 0 0}}
				{item "ammo pistol" 35 {cell 4 0}}
				{item "grenade rpg40" {cell 6 0}}
			}
		}
		{Player 2}
		{MID 103}
		{NameId 87 22}
		{LastItem "ppsh35"}
		{FsmState "board"}
	}
	{Human "rus.tankman" 0x8068
		{Position -1066.7 2519.47 0.735245}
		{Orientation
			  0.018346  -0.999437   0.028103
			 -0.999608  -0.017740   0.021677
			  0.021166   0.028490   0.999370
		}
		{Extender "inventory"
			{box
				{clear}
				{item "ppsh35" filling "ammo pistol" 35 {cell 0 0}}
				{item "ammo pistol" 35 {cell 4 0}}
				{item "grenade rpg40" {cell 6 0}}
			}
		}
		{Player 2}
		{MID 102}
		{NameId 6 40}
		{LastItem "ppsh35"}
		{FsmState "board"}
	}
	{Human "rus.tankman" 0x8067
		{Position -1066.7 2519.47 0.735245}
		{Orientation
			  0.018346  -0.999437   0.028103
			 -0.999608  -0.017740   0.021677
			  0.021166   0.028490   0.999370
		}
		{Extender "inventory"
			{box
				{clear}
				{item "ppsh35" filling "ammo pistol" 35 {cell 0 0}}
				{item "ammo pistol" 35 {cell 4 0}}
				{item "grenade rpg40" {cell 6 0}}
			}
		}
		{Player 2}
		{MID 101}
		{NameId 43 27}
		{LastItem "ppsh35"}
		{FsmState "board"}
	}
	{Human "x.r.heavy_grenadier2" 0x8066
		{Position -593.892 2473.63 15.95}
		{Orientation
			  0.987400  -0.048100   0.150700
			  0.021300   0.984500   0.174300
			 -0.156800  -0.168900   0.973100
		}
		{Extender "inventory"
			{box
				{clear}
				{item "ammo ptr" 5 {cell 0 2}}
				{item "ammo ptr" 5 {cell 2 2}}
				{item "grenade rpg43" {cell 0 3}}
				{item "grenade molotov_coctail" {cell 2 3}}
				{item "ptrs" filling "ammo ptr" 5 {cell 0 0}}
			}
		}
		{DisableObstacles}
		{Player 2}
		{MID 100}
		{NameId 51 1}
		{LastItem "ptrs"}
		{FsmState "board"}
	}
	{Human "rus.tankman" 0x8065
		{Position -614.855 2435.95 0}
		{Orientation
			 -0.000000  -1.000000   0.000000
			 -1.000000   0.000000   0.000000
			  0.000000   0.000000   1.000000
		}
		{Extender "inventory"
			{box
				{clear}
				{item "ppsh35" filling "ammo pistol" 35 {cell 0 0}}
				{item "ammo pistol" 35 {cell 4 0}}
				{item "grenade rpg40" {cell 6 0}}
			}
		}
		{Player 2}
		{MID 99}
		{NameId 11 23}
		{LastItem "ppsh35"}
		{FsmState "board"}
	}
	{Human "rus.tankman" 0x8064
		{Position -614.855 2435.95 0}
		{Orientation
			 -0.000000  -1.000000   0.000000
			 -1.000000   0.000000   0.000000
			  0.000000   0.000000   1.000000
		}
		{Extender "inventory"
			{box
				{clear}
				{item "ppsh35" filling "ammo pistol" 35 {cell 0 0}}
				{item "ammo pistol" 35 {cell 4 0}}
				{item "grenade rpg40" {cell 6 0}}
			}
		}
		{Player 2}
		{MID 98}
		{NameId 52 49}
		{LastItem "ppsh35"}
		{FsmState "board"}
	}
	{Human "rus.tankman" 0x8063
		{Position -614.855 2435.95 0}
		{Orientation
			 -0.000000  -1.000000   0.000000
			 -1.000000   0.000000   0.000000
			  0.000000   0.000000   1.000000
		}
		{Extender "inventory"
			{box
				{clear}
				{item "ppsh35" filling "ammo pistol" 35 {cell 0 0}}
				{item "ammo pistol" 35 {cell 4 0}}
				{item "grenade rpg40" {cell 6 0}}
			}
		}
		{Player 2}
		{MID 97}
		{NameId 68 41}
		{LastItem "ppsh35"}
		{FsmState "board"}
	}
	{Human "rus.tankman" 0x8062
		{Position -182.053 2559.91 0.42962}
		{Orientation
			 -0.007435  -0.999901  -0.011942
			 -0.999759   0.007186   0.020760
			  0.020672  -0.012093   0.999713
		}
		{Extender "inventory"
			{box
				{clear}
				{item "ppsh35" filling "ammo pistol" 35 {cell 0 0}}
				{item "ammo pistol" 35 {cell 4 0}}
				{item "grenade rpg40" {cell 6 0}}
			}
		}
		{Player 2}
		{MID 96}
		{NameId 43 13}
		{LastItem "ppsh35"}
		{FsmState "board"}
	}
	{Human "rus.tankman" 0x8061
		{Position -182.053 2559.91 0.42962}
		{Orientation
			 -0.007435  -0.999901  -0.011942
			 -0.999759   0.007186   0.020760
			  0.020672  -0.012093   0.999713
		}
		{Extender "inventory"
			{box
				{clear}
				{item "ppsh35" filling "ammo pistol" 35 {cell 0 0}}
				{item "ammo pistol" 35 {cell 4 0}}
				{item "grenade rpg40" {cell 6 0}}
			}
		}
		{Player 2}
		{MID 95}
		{NameId 24 52}
		{LastItem "ppsh35"}
		{FsmState "board"}
	}
	{Human "x.r.prof_smg" 0x8060
		{Position -199.272 2596.62 29.6861}
		{Orientation
			 -0.907535   0.330689   0.258875
			 -0.321866  -0.943619   0.076914
			  0.269728  -0.013504   0.962768
		}
		{Extender "inventory"
			{box
				{clear}
				{item "ammo pistol" 100 {cell 5 0}}
				{item "grenade f1" {cell 7 0}}
				{item "grenade rpg40" {cell 6 1}}
				{item "bandage" 5 {cell 4 1}}
				{item "grenade smoke" {cell 4 0}}
				{item "ppsh35" filling "ammo pistol" 35 {cell 0 0}}
			}
		}
		{DisableObstacles}
		{Player 2}
		{MID 94}
		{NameId 40 8}
		{LastItem "ppsh35"}
		{FsmState "board"}
	}
	{Human "rus.tankman" 0x805f
		{Position -182.053 2559.91 0.42962}
		{Orientation
			 -0.007435  -0.999901  -0.011942
			 -0.999759   0.007186   0.020760
			  0.020672  -0.012093   0.999713
		}
		{Extender "inventory"
			{box
				{clear}
				{item "ppsh35" filling "ammo pistol" 35 {cell 0 0}}
				{item "ammo pistol" 35 {cell 4 0}}
				{item "grenade rpg40" {cell 6 0}}
			}
		}
		{Player 2}
		{MID 93}
		{NameId 67 26}
		{LastItem "ppsh35"}
		{FsmState "board"}
	}
	{Human "rus.tankman" 0x805e
		{Position 443.305 2588.92 0}
		{Orientation
			 -0.000000  -1.000000   0.000000
			 -1.000000   0.000000   0.000000
			  0.000000   0.000000   1.000000
		}
		{Extender "inventory"
			{box
				{clear}
				{item "ppsh35" filling "ammo pistol" 35 {cell 0 0}}
				{item "ammo pistol" 35 {cell 4 0}}
				{item "grenade rpg40" {cell 6 0}}
			}
		}
		{Player 2}
		{MID 92}
		{NameId 57 66}
		{LastItem "ppsh35"}
		{FsmState "board"}
	}
	{Human "rus.tankman" 0x805d
		{Position 443.305 2588.92 0}
		{Orientation
			 -0.000000  -1.000000   0.000000
			 -1.000000   0.000000   0.000000
			  0.000000   0.000000   1.000000
		}
		{Extender "inventory"
			{box
				{clear}
				{item "ppsh35" filling "ammo pistol" 35 {cell 0 0}}
				{item "ammo pistol" 35 {cell 4 0}}
				{item "grenade rpg40" {cell 6 0}}
			}
		}
		{Player 2}
		{MID 91}
		{NameId 70 74}
		{LastItem "ppsh35"}
		{FsmState "board"}
	}
	{Human "rus.infantry_mgun" 0x805c
		{Position 1293.83 2509.08 72.4787}
		{Orientation
			 -0.699824  -0.708061  -0.093891
			  0.687117  -0.703294   0.182170
			 -0.194968   0.062970   0.978714
		}
		{DisableObstacles}
		{Player 2}
		{MID 90}
		{NameId 38 70}
		{LastItem "weapon dp"}
		{FsmState "board"}
	}
	{Human "rus.tankman" 0x805b
		{Position 1320.47 2486.8 56.6095}
		{Orientation
			 -0.031973  -0.999487   0.001843
			 -0.972188   0.030671  -0.232185
			 -0.232010   0.009216   0.972670
		}
		{Extender "inventory"
			{box
				{clear}
				{item "ppsh35" filling "ammo pistol" 35 {cell 0 0}}
				{item "ammo pistol" 35 {cell 4 0}}
				{item "grenade rpg40" {cell 6 0}}
			}
		}
		{Player 2}
		{MID 89}
		{NameId 62 53}
		{LastItem "ppsh35"}
		{FsmState "board"}
	}
	{Human "rus.tankman" 0x805a
		{Position 1320.47 2486.8 56.6095}
		{Orientation
			 -0.031973  -0.999487   0.001843
			 -0.972188   0.030671  -0.232185
			 -0.232010   0.009216   0.972670
		}
		{Extender "inventory"
			{box
				{clear}
				{item "ppsh35" filling "ammo pistol" 35 {cell 0 0}}
				{item "ammo pistol" 35 {cell 4 0}}
				{item "grenade rpg40" {cell 6 0}}
			}
		}
		{Player 2}
		{MID 88}
		{NameId 42 20}
		{LastItem "ppsh35"}
		{FsmState "board"}
	}
	{Human "rus.tankman" 0x8059
		{Position 1320.47 2486.8 56.6095}
		{Orientation
			 -0.031973  -0.999487   0.001843
			 -0.972188   0.030671  -0.232185
			 -0.232010   0.009216   0.972670
		}
		{Extender "inventory"
			{box
				{clear}
				{item "ppsh35" filling "ammo pistol" 35 {cell 0 0}}
				{item "ammo pistol" 35 {cell 4 0}}
				{item "grenade rpg40" {cell 6 0}}
			}
		}
		{Player 2}
		{MID 87}
		{NameId 11 41}
		{LastItem "ppsh35"}
		{FsmState "board"}
	}
	{Human "rus.tankman" 0x8058
		{Position 621.409 2534.16 0}
		{Orientation
			 -0.000000  -1.000000   0.000000
			 -1.000000   0.000000   0.000000
			  0.000000   0.000000   1.000000
		}
		{Extender "inventory"
			{box
				{clear}
				{item "ppsh35" filling "ammo pistol" 35 {cell 0 0}}
				{item "ammo pistol" 35 {cell 4 0}}
				{item "grenade rpg40" {cell 6 0}}
			}
		}
		{Player 2}
		{MID 86}
		{NameId 79 1}
		{LastItem "ppsh35"}
		{FsmState "board"}
	}
	{Human "rus.tankman" 0x8057
		{Position 621.409 2534.16 0}
		{Orientation
			 -0.000000  -1.000000   0.000000
			 -1.000000   0.000000   0.000000
			  0.000000   0.000000   1.000000
		}
		{Extender "inventory"
			{box
				{clear}
				{item "ppsh35" filling "ammo pistol" 35 {cell 0 0}}
				{item "ammo pistol" 35 {cell 4 0}}
				{item "grenade rpg40" {cell 6 0}}
			}
		}
		{Player 2}
		{MID 85}
		{NameId 92 29}
		{LastItem "ppsh35"}
		{FsmState "board"}
	}
	{Human "x.r.grenadier" 0x8056
		{Position -204.336 2581.19 22.9758}
		{Orientation
			 -0.684372  -0.725719   0.069907
			  0.726867  -0.686628  -0.012041
			  0.056793   0.042571   0.997407
		}
		{Extender "inventory"
			{box
				{clear}
				{item "ammo ptr" 5 {cell 0 2}}
				{item "ammo ptr" 5 {cell 2 2}}
				{item "plant" {cell 6 2}}
				{item "grenade molotov_coctail" {cell 0 3}}
				{item "ptrd" filling "ammo ptr" {cell 0 0}}
			}
		}
		{DisableObstacles}
		{Player 2}
		{MID 84}
		{NameId 87 30}
		{LastItem "ptrd"}
		{FsmState "board"}
	}
	{Human "rus.tankman" 0x8055
		{Position 621.409 2534.16 0}
		{Orientation
			 -0.000000  -1.000000   0.000000
			 -1.000000   0.000000   0.000000
			  0.000000   0.000000   1.000000
		}
		{Extender "inventory"
			{box
				{clear}
				{item "ppsh35" filling "ammo pistol" 35 {cell 0 0}}
				{item "ammo pistol" 35 {cell 4 0}}
				{item "grenade rpg40" {cell 6 0}}
			}
		}
		{Player 2}
		{MID 83}
		{NameId 40 78}
		{LastItem "ppsh35"}
		{FsmState "board"}
	}
	{Human "rus.tankman" 0x8054
		{Position 878.092 2593.05 0.529424}
		{Orientation
			  0.010759  -0.999685  -0.022678
			 -0.999823  -0.010404  -0.015701
			 -0.015460  -0.022843   0.999619
		}
		{Extender "inventory"
			{box
				{clear}
				{item "ppsh35" filling "ammo pistol" 35 {cell 0 0}}
				{item "ammo pistol" 35 {cell 4 0}}
				{item "grenade rpg40" {cell 6 0}}
			}
		}
		{Player 2}
		{MID 82}
		{NameId 70 99}
		{LastItem "ppsh35"}
		{FsmState "board"}
	}
	{Human "rus.tankman" 0x8053
		{Position 878.092 2593.05 0.529424}
		{Orientation
			  0.010759  -0.999685  -0.022678
			 -0.999823  -0.010404  -0.015701
			 -0.015460  -0.022843   0.999619
		}
		{Extender "inventory"
			{box
				{clear}
				{item "ppsh35" filling "ammo pistol" 35 {cell 0 0}}
				{item "ammo pistol" 35 {cell 4 0}}
				{item "grenade rpg40" {cell 6 0}}
			}
		}
		{Player 2}
		{MID 81}
		{NameId 81 16}
		{LastItem "ppsh35"}
		{FsmState "board"}
	}
	{Human "rus.tankman" 0x8052
		{Position 1996.1 2540.32 0.0515951}
		{Orientation
			 -0.000209  -0.999998   0.002211
			 -0.999995   0.000203  -0.003035
			 -0.003035   0.002212   0.999993
		}
		{Extender "inventory"
			{box
				{clear}
				{item "ppsh35" filling "ammo pistol" 35 {cell 0 0}}
				{item "ammo pistol" 35 {cell 4 0}}
				{item "grenade rpg40" {cell 6 0}}
			}
		}
		{Player 2}
		{MID 80}
		{NameId 92 16}
		{LastItem "ppsh35"}
		{FsmState "board"}
	}
	{Human "rus.tankman" 0x8051
		{Position 1996.1 2540.32 0.0515951}
		{Orientation
			 -0.000209  -0.999998   0.002211
			 -0.999995   0.000203  -0.003035
			 -0.003035   0.002212   0.999993
		}
		{Extender "inventory"
			{box
				{clear}
				{item "ppsh35" filling "ammo pistol" 35 {cell 0 0}}
				{item "ammo pistol" 35 {cell 4 0}}
				{item "grenade rpg40" {cell 6 0}}
			}
		}
		{Player 2}
		{MID 79}
		{NameId 51 89}
		{LastItem "ppsh35"}
		{FsmState "board"}
	}
	{Human "rus.tankman" 0x8050
		{Position 1996.1 2540.32 0.0515951}
		{Orientation
			 -0.000209  -0.999998   0.002211
			 -0.999995   0.000203  -0.003035
			 -0.003035   0.002212   0.999993
		}
		{Extender "inventory"
			{box
				{clear}
				{item "ppsh35" filling "ammo pistol" 35 {cell 0 0}}
				{item "ammo pistol" 35 {cell 4 0}}
				{item "grenade rpg40" {cell 6 0}}
			}
		}
		{Player 2}
		{MID 78}
		{NameId 3 94}
		{LastItem "ppsh35"}
		{FsmState "board"}
	}
	{Human "x.r.prof_smg" 0x804f
		{Position 1977.59 2576.15 18.8983}
		{Orientation
			 -0.931072   0.300354   0.207212
			 -0.320183  -0.944789  -0.069282
			  0.174913  -0.130879   0.975827
		}
		{Extender "inventory"
			{box
				{clear}
				{item "ammo pistol" 100 {cell 5 0}}
				{item "grenade f1" {cell 7 0}}
				{item "grenade rpg40" {cell 6 1}}
				{item "grenade smoke" {cell 5 1}}
				{item "bandage" 5 {cell 6 2}}
				{item "ppsh35" filling "ammo pistol" 35 {cell 0 0}}
			}
		}
		{DisableObstacles}
		{Player 2}
		{MID 77}
		{NameId 32 23}
		{LastItem "ppsh35"}
		{FsmState "board"}
	}
	{Human "rus.tankman" 0x804e
		{Position 2713.11 2460.63 53.7761}
		{Orientation
			  0.010616  -0.947722  -0.318920
			 -0.999446   0.000000  -0.033270
			 -0.031531  -0.319097   0.947197
		}
		{Extender "inventory"
			{box
				{clear}
				{item "ppsh35" filling "ammo pistol" 35 {cell 0 0}}
				{item "ammo pistol" 35 {cell 4 0}}
				{item "grenade rpg40" {cell 6 0}}
			}
		}
		{Player 2}
		{MID 76}
		{NameId 57 7}
		{LastItem "ppsh35"}
		{FsmState "board"}
	}
	{Human "rus.tankman" 0x804d
		{Position 2713.11 2460.63 53.7761}
		{Orientation
			  0.010616  -0.947722  -0.318920
			 -0.999446   0.000000  -0.033270
			 -0.031531  -0.319097   0.947197
		}
		{Extender "inventory"
			{box
				{clear}
				{item "ppsh35" filling "ammo pistol" 35 {cell 0 0}}
				{item "ammo pistol" 35 {cell 4 0}}
				{item "grenade rpg40" {cell 6 0}}
			}
		}
		{Player 2}
		{MID 75}
		{NameId 48 74}
		{LastItem "ppsh35"}
		{FsmState "board"}
	}
	{Human "rus.tankman" 0x8092
		{Position -1495.94 2982.97 0}
		{Orientation
			  0.490260  -0.871576   0.000000
			 -0.871576  -0.490260   0.000000
			  0.000000   0.000000   1.000000
		}
		{Extender "inventory"
			{box
				{clear}
				{item "ppsh35" filling "ammo pistol" 35 {cell 0 0}}
				{item "ammo pistol" 35 {cell 4 0}}
				{item "grenade rpg40" {cell 6 0}}
			}
		}
		{Player 2}
		{MID 144}
		{NameId 38 62}
		{LastItem "ppsh35"}
		{FsmState "board"}
	}
	{Human "rus.tankman" 0x8091
		{Position -1495.94 2982.97 0}
		{Orientation
			  0.490260  -0.871576   0.000000
			 -0.871576  -0.490260   0.000000
			  0.000000   0.000000   1.000000
		}
		{Extender "inventory"
			{box
				{clear}
				{item "ppsh35" filling "ammo pistol" 35 {cell 0 0}}
				{item "ammo pistol" 35 {cell 4 0}}
				{item "grenade rpg40" {cell 6 0}}
			}
		}
		{Player 2}
		{MID 143}
		{NameId 32 13}
		{LastItem "ppsh35"}
		{FsmState "board"}
	}
	{Human "rus.tankman" 0x8090
		{Position -1495.94 2982.97 0}
		{Orientation
			  0.490260  -0.871576   0.000000
			 -0.871576  -0.490260   0.000000
			  0.000000   0.000000   1.000000
		}
		{Extender "inventory"
			{box
				{clear}
