;Exported by: garry
;Date:        Fri Jun 04 12:09:57 2004
;File:        D:\-Projects-\-3DWork-\Model\Авто-мото\willys\willysMB\WillysMB_xx.max
{Skeleton
	{bone "Basis"
		{parameters "WheelRadius=0.3;"}
		{Orientation
			1.0000	0.0000	0.0000
			0.0000	-1.0000	0.0000
			0.0000	0.0000	1.0000
		}
		{bone "Body"
			{parameters "ID=body;"}
			{Matrix34
				0.9999	0.0104	0.0106
				-0.0112	0.9970	0.0771
				-0.0097	-0.0772	0.9970
				0.5192	0.4972	2.9606
			}
			{VolumeView "Body.ply"}
			{bone "Engine"
				{parameters "ID=engine;"}
				{Matrix34
					-0.0743	0.9971	0.0165
					0.9964	0.0749	-0.0396
					0.0408	-0.0135	0.9991
					12.1932	-0.0173	11.1183
				}
				{VolumeView "Engine.ply"}
			}
			{bone revolute "turret"
				{parameters "ID=gun;"}
				{limits -50.0000 50.0000}
				{Matrix34
					-1.0000	0.0000	-0.0000
					-0.0000	-1.0000	-0.0000
					0.0000	-0.0000	1.0000
					-8.9091	0.3499	5.4276
				}
				{VolumeView "turret.ply"}
				{bone revolute "gun_rot"
					{parameters "ID=gun;"}
					{limits -20.0000 20.0000}
					{speed 0.1000}
					{Matrix34
						-1.0000	-0.0000	0.0049
						0.0049	0.0000	1.0000
						-0.0000	1.0000	-0.0000
						0.1598	0.1922	20.7669
					}
					{VolumeView "gun_rot.ply"}
				}
			}
			{bone "part5"
				{Matrix34
					0.9718	0.0075	0.2356
					0.1018	-0.9149	-0.3906
					0.2126	0.4036	-0.8899
					-33.0508	6.1968	11.8281
				}
				{VolumeView "part5.ply"}
			}
			{bone "part2"
				{Position 9.2814	0.6647	16.6899}
				{VolumeView "part2.ply"}
			}
			{bone "part1"
				{Position 21.4724	0.0721	10.7852}
				{VolumeView "part1.ply"}
			}
			{bone "part3"
				{Position 18.1941	12.1465	5.4138}
				{VolumeView "part3.ply"}
			}
			{bone "part4"
				{Position -3.7636	-7.7567	8.6245}
				{VolumeView "part4.ply"}
			}
		}
		{bone "Pivot_back"
			{Matrix34
				-1.0000	0.0000	0.0000
				-0.0000	-0.0000	1.0000
				0.0000	1.0000	0.0000
				-17.3323	1.0484	5.4675
			}
			{VolumeView "Pivot_back.ply"}
			{bone "spring_L"
				{Matrix34
					-0.9998	0.0175	0.0000
					0.0000	-0.0000	1.0000
					0.0175	0.9998	0.0000
					0.0411	-3.1024	11.6189
				}
				{bone revolute "WheelL2"
					{parameters "ID=wheelleft2;"}
					{Matrix34
						-0.9998	0.0000	0.0175
						0.0005	0.9996	0.0288
						-0.0175	0.0288	-0.9994
						0.5212	-0.0000	0.1912
					}
					{VolumeView "WheelL2.ply"}
				}
			}
			{bone "spring_R"
				{Matrix34
					-0.9998	0.0175	0.0000
					0.0000	-0.0000	1.0000
					0.0175	0.9998	0.0000
					0.0411	-3.1024	-12.6773
				}
				{bone revolute "WheelR2"
					{parameters "ID=wheelright2;"}
					{Matrix34
						-0.9998	0.0000	0.0175
						0.0175	0.0000	0.9998
						0.0000	1.0000	-0.0000
						0.5535	0.0000	2.0359
					}
					{VolumeView "WheelR2.ply"}
				}
			}
		}
		{bone "Pivot_front"
			{Matrix34
				-1.0000	0.0000	0.0000
				0.0000	-0.0000	1.0000
				0.0000	1.0000	0.0000
				24.6063	3.2879	5.8082
			}
			{VolumeView "Pivot_front.ply"}
			{bone revolute "steer_L"
				{Matrix34
					0.9998	0.0175	-0.0000
					0.0000	-0.0000	1.0000
					0.0175	-0.9998	-0.0000
					0.8751	-2.8135	9.3794
				}
				{bone revolute "WheelL1"
					{parameters "ID=wheelleft1;"}
					{Matrix34
						0.9642	0.1986	0.1757
						0.0136	0.6247	-0.7807
						-0.2648	0.7552	0.5996
						0.0247	-0.0000	-1.4154
					}
					{VolumeView "WheelL1.ply"}
				}
			}
			{bone revolute "steer_R"
				{Matrix34
					1.0000	0.0000	-0.0000
					0.0000	-0.0000	1.0000
					0.0000	-1.0000	-0.0000
					0.8751	-2.8134	-14.9168
				}
				{bone revolute "WheelR1"
					{parameters "ID=wheelright1;"}
					{Matrix34
						1.0000	0.0000	0.0000
						-0.0000	0.0000	-1.0000
						-0.0000	1.0000	0.0000
						0.0000	-0.0000	-1.4156
					}
					{VolumeView "WheelR1.ply"}
				}
			}
		}
	}
}
{Volume "wheelright1"
	{Cylinder 3.23065 3.52267}
	{Bone "WheelR1"}
	{Matrix34
		-1.0000	0.0000	0.0000
		0.0000	1.0000	-0.0000
		0.0000	-0.0000	-1.0000
		-0.0000	0.0000	0.2502
	}
}
{Volume "wheelleft1"
	{Cylinder 5.83937 3.52267}
	{Bone "WheelL1"}
	{Matrix34
		-1.0000	0.0000	-0.0000
		0.0000	1.0000	0.0000
		-0.0000	-0.0000	-1.0000
		0.0000	-0.0000	0.0000
	}
}
{Volume "wheelright2"
	{Cylinder 3.5191 3.52267}
	{Bone "WheelR2"}
	{Matrix34
		-1.0000	-0.0000	-0.0000
		-0.0000	1.0000	-0.0000
		-0.0000	-0.0000	-1.0000
		-0.0000	-0.0000	0.3291
	}
}
{Volume "wheelleft2"
	{Cylinder 5.90972 3.52267}
	{Bone "WheelL2"}
	{Matrix34
		-1.0000	-0.0000	-0.0000
		-0.0000	1.0000	-0.0000
		-0.0000	-0.0000	-1.0000
		0.0000	-0.0000	0.0789
	}
}
{Volume "part4"
	{Polyhedron "part4.vol"}
	{Bone "part4"}
	{Matrix34
		0.9999	-0.0112	-0.0097
		0.0104	0.9970	-0.0772
		0.0106	0.0771	0.9970
		-0.0776	-0.1947	-3.4350
	}
}
{Volume "Part3"
	{Polyhedron "Part3.vol"}
	{Bone "part3"}
	{Matrix34
		0.9999	-0.0112	-0.0097
		0.0104	0.9970	-0.0772
		0.0106	0.0771	0.9970
		-0.0358	-0.2040	-3.5011
	}
}
{Volume "Part1"
	{Box 18.6906 21.8195 2.03896}
	{Bone "part1"}
	{Matrix34
		0.9976	0.0566	-0.0396
		-0.0561	0.9983	0.0127
		0.0402	-0.0105	0.9991
		0.0779	1.1744	0.3853
	}
}
{Volume "part2"
	{Box 26.8652 12.6177 1.7126}
	{Bone "part2"}
	{Matrix34
		0.0113	0.9999	0.0091
		0.2671	-0.0118	0.9636
		0.9636	-0.0085	-0.2672
		-0.6167	0.1303	1.3527
	}
}
{Volume "part5"
	{Cylinder 7.0698 3.18898}
	{Bone "part5"}
	{Matrix34
		-0.0006	-0.8809	0.4732
		-0.0046	-0.4732	-0.8809
		1.0000	-0.0027	-0.0038
		-0.0056	0.1693	0.1800
	}
}
{Volume "body"
	{Box 42.1443 30.2864 10.3963}
	{Bone "Body"}
	{Position -8.9697	-0.0173	6.6462}
}
{Volume "engine"
	{Box 18.8844 1.34991 2.34426}
	{Bone "Engine"}
	{Matrix34
		-0.0707	0.9977	0.0111
		-0.9701	-0.0630	0.1800
		0.3024	0.0029	0.9724
		10.8972	9.3344	-0.7317
	}
}
