;Exported by: Dinsen y Albus
;Date:  Dec 2009      
{Skeleton
	{bone "Basis"
		{parameters "WheelRadius=0.43;SteerMax=28;"}
		{Orientation
			1.0000	0.0000	0.0000
			0.0000	-1.0000	0.0000
			0.0000	0.0000	1.0000
		}
		{bone "body"
			{parameters "ID=body;"}
			{Matrix34
				-1.0000	0.0000	0.0000
				0.0000	0.0000	1.0000
				0.0000	1.0000	0.0000
				1.1110	-0.1883	10.2616
			}
			{VolumeView "body.ply"}
			{bone "FXtraceR2"
				{Matrix34
					1.0000	0.0000	0.0000
					0.0000	0.0000	1.0000
					0.0000	1.0000	0.0000
					28.7692	-7.0469	12.6203
				}
			}
			{bone "FXsmoke1"
				{Matrix34
					0.5253	-0.5740	-0.6279
					-0.3695	0.5107	-0.7762
					-0.7663	-0.6399	-0.0561
					8.5000	-1.5642	-11.759
				}
			}
			{bone "FXtraceL2"
				{Matrix34
					1.0000	0.0000	0.0000
					0.0000	0.0000	1.0000
					0.0000	1.0000	0.0000
					28.8568	-7.4170	-12.9432
				}
			}
			{bone "engine"
				{parameters "CommonMesh;ID=engine;"}
				{Matrix34
					-1.0000	0.0000	0.0000
					0.0000	0.0000	-1.0000
					0.0000	1.0000	0.0000
					-20.2141	0.6121	-0.1223
				}
			}
			{bone "driver"
				{Matrix34
					-0.9100	0.4146	0.0000
					0.0000	0.0000	1.0000
					0.4146	0.9100	0.0000
					-1.8000	-1.2000	0.0000
				}
			}
			{bone revolute "Turret"
				{parameters "ID=turret;"}
				{speed 0.0100}
				{Matrix34
					-1.0000	0.0000	-0.0008
					-0.0008	0.0062	1.0000
					0.0000	1.0000	-0.0062
					21.5894	25.5544	-0.7763
				}
				{VolumeView "Turret.ply"}
				{bone revolute "MGun"
					{limits -10.0000 8.0000}
					{speed 0.1000}
					{Matrix34
						1.0000	0.0008	0.0000
						0.0000	0.0025	1.0000
						-0.0008	-1.0000	-0.0025
						2.5965	0.0000	1.8901
					}
					{bone "Foresight3"
						{Matrix34
							1.0000	0.0000	0.0000
							0.0000	0.0037	-1.0000
							0.0000	1.0000	0.0037
							19.0626	2.5229	-0.4755
						}
					}
					{bone "gunner"
						{Matrix34
							1.0000	0.0000	0.0000
							0.0000	0.0000	1.0000
							0.0000	1.0000	0.0000
							-5.8000	-21.2000	2.0000
						}
					}
				}
				{bone "visor1"
					{Matrix34
						1.0000	0.0008	0.0000
						0.0008	-1.0000	0.0062
						0.0000	0.0062	1.0000
						5.6984	1.3312	8.6876
					}
				}
				{bone "FXfire2"
					{Matrix34
						0.0287	0.0025	0.9996
						-0.0029	-1.0000	0.0026
						-0.9996	0.0029	0.0287
						-0.7251	1.2937	3.4804
					}
				}
			}
			{bone "visor2"
				{Matrix34
					-1.0000	0.0000	0.0000
					0.0000	0.0000	-1.0000
					0.0000	1.0000	0.0000
					-6.0298	21.3575	-4.5195
				}
			}
			{bone "door_R"
				{parameters "ID=body;"}
				{Position 0.0000	0.0000	0.0000}
				{VolumeView "door_r.ply"}
			}
			{bone "door_L"
				{parameters "ID=body;"}
				{Position 0.0000	0.0000	0.0000}
				{VolumeView "door_L.ply"}
			}
			{bone "FXfire1"
				{Matrix34
					-0.0287	0.9996	-0.0037
					0.0037	-0.0036	-1.0000
					0.9996	0.0287	0.0036
					-15.2219	11.3596	1.1964
				}
			}
		}
		{bone "Pivot_front"
			{Position 27.7496	-2.8274	8.8083}
			{bone revolute "steer_L1"
				{Matrix34
					-1.0000	0.0000	0.0000
					0.0000	1.0000	0.0000
					0.0000	0.0000	-1.0000
					0.1183	11.9325	0.0048
				}
				{bone revolute "WheelL1"
					{parameters "ID=wheelleft1;"}
					{Matrix34
						1.0000	0.0000	0.0000
						0.0000	0.0000	-1.0000
						0.0000	1.0000	0.0000
						0.5301	3.4943	0.2453
					}
					{VolumeView "WheelL1.ply"}
				}
				{bone "FXtraceL1"
					{Matrix34
						1.0000	0.0000	0.0000
						0.0000	-1.0000	0.0000
						0.0000	0.0000	-1.0000
						2.1988	2.1913	6.9970
					}
				}
			}
			{bone revolute "steer_R1"
				{Matrix34
					-1.0000	0.0000	0.0000
					0.0000	1.0000	0.0000
					0.0000	0.0000	-1.0000
					0.0963	-11.4906	0.0048
				}
				{bone revolute "WheelR1"
					{parameters "ID=wheelright1;"}
					{Matrix34
						-1.0000	0.0000	0.0000
						0.0000	0.0000	1.0000
						0.0000	1.0000	0.0000
						0.5080	-0.2360	0.2453
					}
					{VolumeView "WheelR1.ply"}
				}
				{bone "FXtraceR1"
					{Matrix34
						1.0000	0.0000	0.0000
						0.0000	-1.0000	0.0000
						0.0000	0.0000	-1.0000
						2.1988	-2.4435	6.9970
					}
				}
			}
		}
		{bone "Pivot_back"
			{Position -27.1787	-0.0274	8.8083}
			{bone revolute "WheelR2"
				{parameters "ID=wheelright2;"}
				{Matrix34
					-1.0000	0.0000	0.0000
					0.0000	0.0000	1.0000
					0.0000	1.0000	0.0000
					3.9832	-14.5266	-0.2404
				}
				{VolumeView "WheelR2.ply"}
			}
			{bone revolute "WheelL2"
				{parameters "ID=wheelleft2;"}
				{Matrix34
					-1.0000	0.0000	0.0000
					0.0000	0.0000	1.0000
					0.0000	1.0000	0.0000
					3.9832	12.7266	-0.2404
				}
				{VolumeView "WheelL2.ply"}
			}
		}
		{bone "emit2"
			{parameters "Group=crew;"}
			{Matrix34
				0.0000	1.0000	0.0000
				-1.0000	0.0000	0.0000
				0.0000	0.0000	1.0000
				-8.3072	-28.6513	0.0000
			}
			{visibility 0}
		}
		{bone "emit1"
			{parameters "Group=crew;"}
			{Matrix34
				0.0000	-1.0000	0.0000
				1.0000	0.0000	0.0000
				0.0000	0.0000	1.0000
				-14.0212	24.9752	0.0000
			}
			{visibility 0}
		}
		{bone "wheel3"
			{parameters "ID=body;"}
			{Matrix34
				-0.0031	0.9999	0.0122
				-0.4242	0.0097	-0.9054
				-0.9054	-0.0080	0.4241
				-39.9244	-1.1503	28.6069
			}
			{VolumeView "Wheel3.ply"}
		}
	}
}
{Volume "wheelleft2"
	{Cylinder 8.95597 4.24243}
	{Bone "wheelL2"}
	{Position 0.0835	0.0644	0.5000}
}
{Volume "wheelright2"
	{Cylinder 8.95597 4.24243}
	{Bone "WheelR2"}
	{Position 0.0835	0.0644	-0.5000}
}
{Volume "wheelright1"
	{Cylinder 8.95597 4.24243}
	{Bone "WheelR1"}
	{Position 0.0835	0.0644	0.5000}
}
{Volume "wheelleft1"
	{Cylinder 8.95597 4.24243}
	{Bone "WheelL1"}
	{Position 0.0835	0.0644	-0.5000}
}
{Volume "body1"
	{Polyhedron "body1.vol"}
	{Bone "body"}
	{Matrix34
		-1.0000	0.0000	0.0000
		0.0000	0.0000	1.0000
		0.0000	1.0000	0.0000
		18.6129	0.7072	-0.1530
	}
}
{Volume "body2"
	{Box 32.7966 17.7251 12.0099}
	{Bone "body"}
	{Matrix34
		-0.9945	-0.1045	0.0000
		0.0000	0.0000	1.0000
		-0.1045	0.9945	0.0000
		-19.7038	9.6731	-0.2000
	}
}
{Volume "fuel"
	{Box 9.8654 9.5141 3.9935}
	{Bone "body"}
	{Matrix34
		0.9997	0.0246	0.0000
		0.0000	0.0000	-1.0000
		-0.0246	0.9997	0.0000
		5.7806	4.1806	-0.7915
	}
}
{Volume "inventory"
	{Box 11.6128 17.0161 9.59534}
	{Bone "body"}
	{Matrix34
		-0.9997	-0.0234	0.0000
		0.0000	0.0000	1.0000
		-0.0234	0.9997	0.0000
		26.9384	14.3465	-0.1530
	}
}
{Volume "turret"
	{Box 23.7966 21.7251 6.5099}
	{Bone "Turret"}
	{Matrix34
		1.0000	0.0000	0.0000
		0.0000	1.0000	0.0000
		0.0000	0.0000	1.0000
		0.0178	-0.0802	2.9020
	}
}
{Volume "engine"
	{Box 16.7966 8.9251 6.0099}
	{Bone "engine"}
	{Matrix34
		0.9981	0.0000	-0.0611
		0.0000	1.0000	0.0000
		0.0611	0.0000	0.9981
		0.1856	0.0307	9.2269
	}
}