;Exported by: shevchenko
;Date:        Mon Apr 19 11:07:40 2004
;File:        D:\-Projects-\-3DWork-\sheva\SK\build-21_x.max
{Skeleton
	{animation
		{sequence "crush" {speed 0.4}}
	}
	{bone "build-21_corner4_x"
		{parameters "CommonMesh;"}
		{Orientation
			1.0000	0.0000	0.0000
			0.0000	-1.0000	0.0000
			0.0000	0.0000	1.0000
		}
		{VolumeView "build-21_corner4_x.ply"}
		{bone "Piece0"
			{Position 7.6841	-9.0071	45.4071}
			{VolumeView "Piece0.ply"}
		}
		{bone "Piece1"
			{Position -18.1521	-22.2026	44.9018}
			{VolumeView "Piece1.ply"}
		}
		{bone "Piece2"
			{Position 33.7483	22.2182	25.2814}
			{VolumeView "Piece2.ply"}
		}
		{bone "Piece3"
			{Position 17.7696	16.2336	45.3220}
			{VolumeView "Piece3.ply"}
		}
		{bone "Piece4"
			{Position -25.2428	10.6362	44.7856}
			{VolumeView "Piece4.ply"}
		}
		{bone "Piece5"
			{Position 12.8125	-36.1167	38.8300}
			{VolumeView "Piece5.ply"}
		}
		{bone "Piece6"
			{Position -11.7548	-36.1151	36.6479}
			{VolumeView "Piece6.ply"}
		}
		{bone "Piece7"
			{Position 33.7483	18.1995	41.0363}
			{VolumeView "Piece7.ply"}
		}
		{bone "Piece8"
			{Matrix34
				-0.0000	1.0000	0.0000
				-1.0000	-0.0000	0.0000
				0.0000	0.0000	1.0000
				34.1311	-24.0824	38.8300
			}
			{VolumeView "Piece8.ply"}
		}
		{bone "Piece9"
			{Matrix34
				-0.0000	1.0000	0.0000
				-1.0000	-0.0000	0.0000
				0.0000	0.0000	1.0000
				33.6877	-4.1645	36.6479
			}
			{VolumeView "Piece9.ply"}
		}
		{bone "Piece10"
			{Position -3.6560	10.5085	44.8148}
			{VolumeView "Piece10.ply"}
		}
	}
}
{Volume "Body10"
	{Box 7.87402 16.5219 28.6311}
	{Bone "Piece10"}
	{Matrix34
		-0.0000	-0.0000	1.0000
		0.9962	-0.0872	-0.0000
		0.0872	0.9962	0.0000
		-1.4447	0.3476	-0.0741
	}
}
{Volume "Body9"
	{Box 7.87402 16.1721 10.2031}
	{Bone "Piece9"}
	{Matrix34
		-0.0000	-1.0000	0.0000
		1.0000	-0.0000	0.0000
		0.0000	0.0000	1.0000
		-4.8931	-0.3425	6.9039
	}
}
{Volume "Body8"
	{Box 7.87402 18.5886 20.8226}
	{Bone "Piece8"}
	{Matrix34
		-0.0000	-1.0000	0.0000
		1.0000	-0.0000	0.0000
		0.0000	0.0000	1.0000
		-3.3293	0.1009	-1.2598
	}
}
{Volume "Body7"
	{Box 7.87402 19.5682 14.1823}
	{Bone "Piece7"}
	{Position 0.2820	0.2323	0.5467}
}
{Volume "Body6"
	{Box 7.87402 24.2451 20.4876}
	{Bone "Piece6"}
	{Matrix34
		-0.0000	-1.0000	0.0000
		1.0000	-0.0000	0.0000
		0.0000	0.0000	1.0000
		1.1189	0.0077	1.4699
	}
}
{Volume "Body5"
	{Box 7.87402 25.2397 18.1306}
	{Bone "Piece5"}
	{Matrix34
		-0.0000	-1.0000	0.0000
		1.0000	-0.0000	0.0000
		0.0000	0.0000	1.0000
		0.8062	0.0093	0.8354
	}
}
{Volume "Body4"
	{Box 7.87402 16.5219 28.6311}
	{Bone "Piece4"}
	{Matrix34
		0.0000	0.0000	1.0000
		0.9962	-0.0872	0.0000
		0.0872	0.9962	-0.0000
		2.1814	0.2199	-0.0450
	}
}
{Volume "Body3"
	{Box 7.87402 35.153 15.47}
	{Bone "Piece3"}
	{Matrix34
		0.0000	0.0000	1.0000
		0.9397	0.3420	-0.0000
		-0.3420	0.9397	-0.0000
		2.9603	-0.0127	-0.5814
	}
}
{Volume "Body2"
	{Box 7.87402 18.4231 19.2879}
	{Bone "Piece2"}
	{Position 0.2820	-0.7046	-0.2029}
}
{Volume "Body1"
	{Box 7.87402 19.6385 32.9851}
	{Bone "Piece1"}
	{Matrix34
		0.0000	0.0000	1.0000
		1.0000	-0.0000	0.0000
		0.0000	1.0000	-0.0000
		0.4796	-1.2129	-0.1611
	}
}
{Volume "Body0"
	{Box 7.87402 24.6071 15.47}
	{Bone "Piece0"}
	{Matrix34
		0.0000	0.0000	1.0000
		0.9962	-0.0872	0.0000
		0.0872	0.9962	-0.0000
		-1.7264	-3.1674	-0.6664
	}
}
