;Exported by: dinsen
;Date:        Sat Apr 23 22:56:57 2011
;File:        C:\Archivos de programa\Autodesk\3dsMax8\scenes\pendientes\hecho\m114.max
{Skeleton
	{animation
		{sequence "recoil"}
	}
	{bone revolute "basis"
		{limits 0.0000 0.0000}
		{speed 0.0200}
		{Orientation
			1.0000	0.0000	0.0000
			0.0000	-1.0000	0.0000
			0.0000	0.0000	1.0000
		}
		{bone "body"
			{parameters "ID=body;"}
			{Position -66.1250	-2.0105	-0.0621}
			{VolumeView "body.ply"}
			{bone "driver"
				{Matrix34
					0.9999	0.0153	-0.0003
					-0.0153	0.9999	-0.0066
					0.0002	0.0066	1.0000
					19.3843	26.7240	0.0621
				}
			}
			{bone "commander"
				{Matrix34
					0.9999	0.0153	-0.0003
					-0.0153	0.9999	-0.0066
					0.0002	0.0066	1.0000
					20.0947	-27.8826	0.0621
				}
			}
			{bone "emit1"
				{Matrix34
					0.9999	0.0153	-0.0003
					-0.0153	0.9999	-0.0066
					0.0002	0.0066	1.0000
					36.0755	10.1229	0.0621
				}
			}
			{bone "emit2"
				{Matrix34
					0.9999	0.0153	-0.0003
					-0.0153	0.9999	-0.0066
					0.0002	0.0066	1.0000
					35.5679	-10.4729	0.0621
				}
			}
			{bone "emit3"
				{Matrix34
					0.9999	0.0153	-0.0003
					-0.0153	0.9999	-0.0066
					0.0002	0.0066	1.0000
					-2.2774	26.7560	-0.0809
				}
			}
			{bone "emit4"
				{Matrix34
					0.9999	0.0153	-0.0003
					-0.0153	0.9999	-0.0066
					0.0002	0.0066	1.0000
					-0.1594	-28.1513	0.1673
				}
			}
			{bone revolute "turret"
				{parameters "ID=turret;"}
				{limits -10.0000 10.0000}
				{Position 66.0701	1.5137	13.5969}
				{VolumeView "turret.ply"}
				{bone "visor"
					{parameters "ID=Vis;"}
					{Matrix34
						0.9999	0.0153	-0.0003
						0.0002	0.0066	1.0000
						0.0153	-0.9999	0.0066
						8.8358	0.3877	17.1181
					}
				}
				{bone "gunner"
					{Matrix34
						0.9999	0.0153	-0.0003
						-0.0153	0.9999	-0.0066
						0.0002	0.0066	1.0000
						-20.3785	9.1938	-13.5348
					}
				}
				{bone "charger"
					{Matrix34
						0.9999	0.0153	-0.0003
						-0.0153	0.9999	-0.0066
						0.0002	0.0066	1.0000
						-19.9627	-11.3296	-13.5348
					}
				}
				{bone revolute "gun_rot"
					{parameters "ID=gun;"}
					{limits -15.0000 15.0000}
					{Matrix34
						1.0000	0.0000	0.0000
						0.0000	0.0000	1.0000
						0.0000	-1.0000	0.0000
						-12.8042	-0.2689	14.0451
					}
					{VolumeView "gun_rot.ply"}
					{bone "gun"
						{parameters "ID=gun;"}
						{Matrix34
							0.9512	0.3087	0.0000
							0.0000	0.0000	-1.0000
							-0.3087	0.9512	0.0000
							23.8861	10.0572	0.3814
						}
						{VolumeView "gun.ply"}
						{bone "foresight1"
							{Matrix34
								0.9999	0.0153	-0.0003
								0.0002	0.0066	1.0000
								0.0153	-0.9999	0.0066
								40.0420	0.9982	0.1820
							}
						}
					}
				}
			}
			{bone revolute "wheelR"
				{parameters "ID=wheelright;"}
				{Matrix34
					-1.0000	0.0000	0.0000
					0.0000	0.0000	1.0000
					0.0000	1.0000	0.0000
					66.3079	-17.9073	10.5529
				}
				{VolumeView "wheelR.ply"}
			}
			{bone revolute "wheelL"
				{parameters "ID=wheelleft;"}
				{Matrix34
					-1.0000	0.0000	0.0000
					0.0000	0.0000	1.0000
					0.0000	1.0000	0.0000
					66.0746	20.8957	10.6506
				}
				{VolumeView "wheelL.ply"}
			}
		}
	}
}
{Obstacle "obstacle3"
	{Obb2
		{Center 0.258903 0.779366}
		{Extent 10.319 22.9744}
		{Axis 1 0}
	}
	{Rotate}
}
{Volume "wheelLeft"
	{Cylinder 8.33665 4.05661}
	{Bone "wheelL"}
	{Matrix34
		-1.2683	0.0000	0.0048
		0.0000	1.3008	0.0000
		0.0101	0.0000	-1.5553
		-0.0751	-0.1841	0.1818
	}
}
{Volume "wheelRight"
	{Cylinder 8.33665 4.05661}
	{Bone "wheelR"}
	{Matrix34
		-1.2825	0.0000	0.0134
		0.0000	1.2866	0.0000
		-0.0011	0.0000	-1.6423
		-0.1371	-0.2165	0.0206
	}
}
{Volume "gun"
	{Box 88.2391 3.55142 5.73691}
	{Bone "gun"}
	{Matrix34
		0.8465	-0.0003	-0.0004
		0.0003	0.0078	1.2714
		-0.0026	-0.7817	0.0056
		0.2351	0.9417	-0.1351
	}
}
{Volume "turret"
	{Box 2.18549 27.5918 38.246}
	{Bone "turret"}
	{Matrix34
		0.9999	0.0130	0.0021
		-0.0020	0.0070	1.2431
		0.0179	-0.9988	0.0078
		3.2817	-0.3492	3.7752
	}
}
{Volume "body2"
	{Box 70.7008 8.49955 5.40881}
	{Bone "body"}
	{Matrix34
		0.8180	-0.5622	0.1214
		-0.0683	0.1146	0.9911
		-0.5711	-0.8190	0.0554
		29.9786	32.1474	6.3550
	}
}
{Volume "body1"
	{Box 70.7008 8.49955 5.40881}
	{Bone "body"}
	{Matrix34
		0.8143	0.5689	0.1155
		-0.1262	-0.0207	0.9918
		0.5666	-0.8221	0.0549
		31.2351	-29.5057	6.6742
	}
}
