{mission
	{Camera
		{Position -3830.49 -2685.74}
		{Distance 1200}
		{ViewAngle 0.523599}
		{YawAngle -71.7559}
	}
	{Environment "day"}
	{User 2}
	{GameProgress 0 0}
	{Human "ger.friedrich" 0x8000
		{Position -3625.48 -2709.55 180.955}
		{Turn 45.7602}
		{TexMod "2"}
		{Extender "inventory"
			{box
				{clear}
				{item "ammo mgun" 100 {cell 6 0}}
				{item "grenade m39" {cell 6 1}}
				{item "grenade m39" {cell 7 1}}
				{item "grenade m24x5" {cell 6 2}}
				{item "knife_ger" {cell 6 3}}
				{item "bandage" 3 {cell 4 0}}
				{item "grenade smoke" {cell 5 1}}
				{item "morphine" 5 {cell 0 0}}
			}
			{armor "head"
				{Item "helmet4_ger"}
			}
			{armor "body"
				{Item "rifle-ammo-holder2"}
			}
		}
		{Player 2}
		{MID 1}
		{Weaponry
			{State
				{Mounted "mg34"}
				{Weapon
					{Ammo "ammo mgun" 100}
				}
			}
		}
		{NameId 1 1}
		{FsmState "lie"}
	}
	{Human "ger.hans" 0x8001
		{Position -3853.35 -2873.76 135}
		{Turn -135.872}
		{TexMod "2"}
		{Extender "inventory"
			{box
				{clear}
				{item "grenade m24" {cell 6 0}}
				{item "grenade m24" {cell 6 1}}
				{item "grenade m24x5" {cell 6 2}}
				{item "grenade m39" {cell 7 3}}
				{item "grenade smoke" {cell 6 3}}
				{item "bandage" 4 {cell 4 0}}
				{item "ammo rifle" 50 {cell 3 0}}
				{item "knife_ger" {cell 4 1}}
				{item "dynamite" {cell 4 2}}
				{item "g43" filling "ammo rifle" 10 {cell 0 2}}
				{item "grenade m39" {cell 3 1}}
				{item "grenade smoke" {cell 2 1}}
				{item "morphine" 5 {cell 0 0}}
			}
			{armor "head"
				{Item "helmet4_ger"}
			}
			{armor "body"
				{Item "rifle-ammo-holder"}
			}
		}
		{Player 2}
		{MID 2}
		{NameId 2 2}
		{FsmState "squat"}
	}
	{Human "ger.albert" 0x8002
		{Position -3854.93 -2932.63 135}
		{Turn 93.4083}
		{TexMod "2"}
		{Extender "inventory"
			{box
				{clear}
				{item "grenade m39" {cell 7 0}}
				{item "grenade m39" {cell 6 0}}
				{item "grenade m39" {cell 5 0}}
				{item "grenade smoke" {cell 5 1}}
				{item "grenade smoke" {cell 5 2}}
				{item "bandage" 5 {cell 6 3}}
				{item "weapon panzerpatrone" filling "ammo panzerfaust" {cell 0 3}}
				{item "ammo pistol" 96 {cell 3 0}}
				{item "ammo pistol" 96 {cell 3 1}}
				{item "mp40" filling "ammo pistol" 32 {cell 0 0}}
				{item "grenade pwm1" {cell 0 2}}
				{item "knife_ger" {cell 2 2}}
				{item "morphine" 5 {cell 6 1}}
			}
			{armor "head"
				{Item "german_cap2"}
			}
			{armor "body"
				{Item "mp-ammo-holder"}
			}
		}
		{Player 2}
		{MID 3}
		{NameId 3 3}
		{FsmState "stand"}
	}
	{Human "ger.franz" 0x8003
		{Position -3887.32 -2945.97 135}
		{Turn 88.6596}
		{TexMod "2"}
		{Extender "inventory"
			{box
				{clear}
				{item "grenade m24" {cell 6 0}}
				{item "grenade m24" {cell 6 2}}
				{item "grenade m24" {cell 6 1}}
				{item "grenade m24x5" {cell 6 3}}
				{item "grenade molotov_coctail" {cell 4 0}}
				{item "grenade smoke" {cell 4 1}}
				{item "grenade smoke" {cell 5 1}}
				{item "ammo pistol" 96 {cell 4 2}}
				{item "ammo pistol" 96 {cell 4 3}}
				{item "mp40_i" filling "ammo pistol" 64 {cell 0 0}}
				{item "morphine" 5 {cell 0 2}}
			}
			{armor "head"
				{Item "german_cap2"}
			}
			{armor "body"
				{Item "mp-ammo-holder"}
			}
		}
		{Player 2}
		{MID 4}
		{NameId 4 4}
		{FsmState "squat"}
	}
	{Human "ger.karl" 0x8004
		{Position -3913.69 -2890.05 135}
		{Turn 3.06205}
		{TexMod "2"}
		{Extender "inventory"
			{box
				{clear}
				{item "ammo pistol" 96 {cell 6 0}}
				{item "ammo pistol" 96 {cell 4 0}}
				{item "bandage" 4 {cell 6 1}}
				{item "grenade smoke" {cell 5 1}}
				{item "grenade pwm1" {cell 6 2}}
				{item "grenade m24" {cell 6 3}}
				{item "grenade m24" {cell 4 3}}
				{item "knife_ger" {cell 4 2}}
				{item "mp41" filling "ammo pistol" 32 {cell 0 2}}
				{item "morphine" 5 {cell 0 0}}
				{item "grenade m24x5" {cell 2 0}}
			}
			{armor "head"
				{Item "helmet4_ger"}
			}
			{armor "body"
				{Item "mp-ammo-holder"}
			}
		}
		{Player 2}
		{MID 5}
		{NameId 5 5}
		{FsmState "stand"}
	}
	{Human "ger.otto" 0x8005
		{Position -3915.58 -2924.82 135}
		{Turn 36.5286}
		{TexMod "2"}
		{Extender "inventory"
			{box
				{clear}
				{item "mine antipersonnel" {cell 6 0}}
				{item "mine antipersonnel" {cell 4 0}}
				{item "mine antipersonnel" {cell 2 0}}
				{item "mine antitank" {cell 6 1}}
				{item "bandage" 3 {cell 6 3}}
				{item "ammo rifle" 40 {cell 5 3}}
				{item "grenade smoke" {cell 5 2}}
				{item "grenade m24" {cell 4 1}}
				{item "grenade molotov_coctail" {cell 2 1}}
				{item "grenade m39" {cell 4 2}}
				{item "grenade m39" {cell 4 3}}
				{item "mauzer" filling "ammo rifle" 5 {cell 0 2}}
				{item "morphine" 5 {cell 0 0}}
			}
			{armor "head"
				{Item "helmet4_ger"}
			}
			{armor "body"
				{Item "rifle-ammo-holder"}
			}
		}
		{Player 2}
		{MID 6}
		{NameId 6 6}
		{FsmState "stand"}
	}
	{Human "ger.infantry_smg" 0x8006
		{Position -3946.17 -3068.2 141.82}
		{Turn 61.3024}
		{TexMod "2"}
		{Extender "inventory"
			{box
				{clear}
				{item "ammo pistol" 100 {cell 6 0}}
				{item "grenade m24" {cell 4 0}}
				{item "knife_ger" {cell 6 1}}
				{item "grenade m24" {cell 4 1}}
				{item "grenade m24" {cell 6 2}}
				{item "grenade molotov_coctail" {cell 6 3}}
				{item "bandage" 3 {cell 4 2}}
				{item "grenade m24x5" {cell 0 0}}
				{item "morphine" 5 {cell 2 0}}
			}
			{armor "head"
				{Item "helmet4_ger"}
			}
		}
		{Player 2}
		{MID 7}
		{Weaponry
			{State
				{Mounted "mp40"}
				{Weapon
					{Ammo "ammo pistol" 32}
				}
			}
		}
		{NameId 39 117}
		{FsmState "squat"}
	}
	{Human "ger.infantry_rifle" 0x8007
		{Position -3912.13 -3090.34 142}
		{Turn 65.5784}
		{TexMod "2"}
		{Extender "inventory"
			{box
				{clear}
				{item "grenade m24" {cell 6 0}}
				{item "grenade m39" {cell 7 1}}
				{item "grenade m39" {cell 6 1}}
				{item "matchbox" 3 {cell 7 3}}
				{item "ammo rifle" 100 {cell 7 2}}
				{item "mauzer" filling "ammo rifle" 5 {cell 2 0}}
				{item "morphine" 5 {cell 0 0}}
				{item "grenade m24x5" {cell 0 2}}
			}
			{armor "head"
				{Item "tank_cap2_ger"}
			}
		}
		{Player 2}
		{MID 8}
		{NameId 25 112}
		{FsmState "lie"}
	}
	{Human "ger.infantry_smg" 0x8008
		{Position -3961.17 -3024.05 139.405}
		{Turn 66.8337}
		{TexMod "2"}
		{Extender "inventory"
			{box
				{clear}
				{item "mp40" filling "ammo pistol" 32 {cell 5 0}}
				{item "ammo pistol" 100 {cell 6 2}}
				{item "grenade m24" {cell 6 3}}
				{item "knife_ger" {cell 4 3}}
				{item "bandage" 2 {cell 4 2}}
				{item "morphine" 5 {cell 0 0}}
				{item "grenade m24x5" {cell 2 0}}
			}
			{armor "head"
				{Item "helmet4_ger"}
			}
		}
		{Player 2}
		{MID 9}
		{NameId 62 116}
		{FsmState "squat"}
	}
	{Human "ger.infantry_smg" 0x8009
		{Position -3866.41 -3067.97 140}
		{Turn 68.6591}
		{TexMod "2"}
		{Extender "inventory"
			{box
				{clear}
				{item "ammo bazooka" {cell 0 2}}
				{item "ammo bazooka" {cell 2 2}}
				{item "weapon panzershreck" filling "ammo bazooka" {cell 0 0}}
				{item "luger" filling "ammo pistol" 8 {cell 4 2}}
				{item "ammo bazooka" {cell 0 3}}
				{item "ammo bazooka" {cell 2 3}}
				{item "ammo pistol" 24 {cell 4 3}}
				{item "morphine" 5 {cell 5 0}}
				{item "ammo bazooka" {cell 6 2}}
				{item "ammo bazooka" {cell 6 3}}
			}
			{armor "head"
				{Item "helmet4_ger"}
			}
		}
		{Player 2}
		{MID 10}
		{Able {repair 0}{talk 0}}
		{NameId 66 129}
		{FsmState "squat"}
	}
	{Entity "zis-ammo3" 0x800a
		{Position 4449.9 -2942.62 13}
		{Turn 134.799}
		{Extender "inventory"
			{box
				{clear}
				{item "bullet76 ap" 20 {cell 0 0}}
				{item "bullet76 ap" 20 {cell 0 1}}
				{item "bullet76 ap" 20 {cell 0 2}}
				{item "bullet76 ap" 20 {cell 0 3}}
				{item "bullet85 ap" 12 {cell 4 0}}
				{item "bullet85 ap" 12 {cell 4 1}}
				{item "bullet85 ap" 12 {cell 4 2}}
				{item "bullet85 ap" 12 {cell 4 3}}
			}
		}
		{Player 1}
		{MID 11}
	}
	{Entity "zis-ammo" 0x800b
		{Position 4265.89 -2761.13 13}
		{Turn 133.986}
		{Extender "inventory"
			{box
				{clear}
				{item "ammo katusha" 3 {cell 0 0}}
				{item "ammo katusha" 3 {cell 0 1}}
				{item "ammo katusha" 3 {cell 0 2}}
				{item "ammo katusha" 3 {cell 0 3}}
			}
		}
		{Player 1}
		{MID 12}
	}
	{Entity "zis-ammo" 0x800c
		{Position 4080.11 -2584.64 13}
		{Turn 134.168}
		{Extender "inventory"
			{box
				{clear}
				{item "air bomb" 5 {cell 0 0}}
				{item "air bomb" 5 {cell 4 0}}
			}
		}
		{Player 1}
		{MID 13}
	}
	{Entity "zis-ammo3" 0x800d
		{Position 4623.96 -3108.07 13}
		{Turn 135.406}
		{Extender "inventory"
			{box
				{clear}
				{item "bullet100 fg" 10 {cell 0 0}}
				{item "bullet100 fg" 10 {cell 0 1}}
				{item "bullet100 fg" 10 {cell 0 2}}
				{item "bullet100 fg" 10 {cell 4 0}}
				{item "bullet100 fg" 10 {cell 4 1}}
				{item "bullet100 fg" 10 {cell 4 2}}
				{item "bullet100 fg" 10 {cell 0 3}}
				{item "bullet100 fg" 10 {cell 4 3}}
			}
		}
		{Player 1}
		{MID 14}
	}
	{Entity "willysmb_ll" 0x800e
		{Position 3749.78 -2259.3 13}
		{Turn 132.034}
		{Player 1}
		{MID 15}
	}
	{Entity "bmw-r12r" 0x800f
		{Position 3597.67 -2095.31 13.0251}
		{Turn 133.021}
		{Player 1}
		{MID 16}
	}
	{Entity "m3a1-ll" 0x8010
		{Position 4793.39 -3271 13}
		{Turn 135.66}
		{Extender "inventory"
			{box
				{clear}
				{item "ammo mgun" 630 {cell 3 0}}
			}
		}
		{Player 1}
		{MID 17}
	}
	{Entity "ba-6" 0x8011
		{Position 3908.82 -2414.94 13}
		{Turn 132.59}
		{TexMod "ambush1"}
		{Player 1}
		{MID 18}
	}
	{Entity "willysmb_ll" 0x8012
		{Position 4606.85 3814.28 34.4453}
		{Orientation
			 -0.918993  -0.355097  -0.171342
			  0.332946  -0.931706   0.145156
			 -0.211185   0.076349   0.974460
		}
		{Player 1}
		{MID 19}
	}
	{Entity "bt-7" 0x8013
		{Position 4072.23 3649.79 8.87308}
		{Turn -164.299}
		{Player 1}
		{MID 20}
		{Weaponry
			{State "mgun"
				{Mounted "weapon dt"}
			}
		}
	}
	{Entity "gaz-67b" 0x8014
		{Position 3414.2 3511.81 0}
		{Turn -157.57}
		{Extender "inventory"
			{box
				{clear}
				{item "grenade rpg43" {cell 0 0}}
				{item "grenade rgd33" 3 {cell 2 0}}
				{item "ammo pistol" 50 {cell 4 0}}
				{item "ppsh35" {cell 0 2}}
			}
		}
		{Player 1}
		{MID 21}
	}
	{Entity "zis-5" 0x8015
		{Position 4358.55 3717.31 14.5494}
		{Turn -163.902}
		{Extender "inventory"
			{box
				{clear}
				{item "bullet45 fg" 20 {cell 0 0}}
				{item "bullet45 fg" 20 {cell 5 0}}
				{item "bullet45 fg" 20 {cell 5 1}}
				{item "bullet45 fg" 20 {cell 5 2}}
				{item "bullet45 fg" 20 {cell 5 3}}
				{item "bullet45 fg" 20 {cell 0 1}}
				{item "bullet45 fg" 20 {cell 0 2}}
				{item "bullet45 fg" 20 {cell 0 3}}
				{item "ammo ptr" 10 {cell 3 0}}
				{item "ammo ptr" 10 {cell 3 1}}
				{item "ammo ptr" 10 {cell 3 2}}
				{item "ammo ptr" 10 {cell 3 3}}
			}
		}
		{Player 1}
		{MID 22}
	}
	{Entity "zis-5" 0x8016
		{Position -276.018 -196.984 0}
		{Turn -76.7412}
		{Extender "inventory"
			{box
				{clear}
				{item "bullet76 fg" 10 {cell 0 0}}
				{item "bullet76 fg" 10 {cell 4 0}}
				{item "bullet76 fg" 10 {cell 0 1}}
				{item "bullet76 fg" 10 {cell 4 1}}
				{item "bullet76 fg" 10 {cell 0 2}}
				{item "bullet76 fg" 10 {cell 4 2}}
				{item "bullet76 fg" 10 {cell 0 3}}
				{item "bullet76 fg" 10 {cell 4 3}}
			}
		}
		{Player 1}
		{MID 23}
		{Chassis
			{FuelBag
				{Remain 19}
			}
		}
	}
	{Entity "zis-ammo3" 0x8017
		{Position 3849.77 3600.22 0.0561548}
		{Turn -173.971}
		{Extender "inventory"
			{box
				{clear}
				{item "ammo katusha" 3 {cell 0 0}}
				{item "ammo katusha" 3 {cell 0 1}}
				{item "ammo katusha" 3 {cell 0 2}}
				{item "ammo katusha" 3 {cell 0 3}}
			}
		}
		{Player 1}
		{MID 24}
	}
	{Entity "zis-ammo3" 0x8018
		{Position 3615.55 3573.8 0}
		{Turn -170.292}
		{Extender "inventory"
			{box
				{clear}
				{item "bullet122 fg" 5 {cell 0 0}}
				{item "bullet122 fg" 5 {cell 0 1}}
				{item "bullet122 fg" 5 {cell 0 2}}
				{item "bullet122 fg" 5 {cell 0 3}}
				{item "ammo pistol" 300 {cell 6 0}}
				{item "ammo pistol" 300 {cell 6 1}}
				{item "ammo pistol" 300 {cell 6 2}}
				{item "ammo pistol" 300 {cell 6 3}}
			}
		}
		{Player 1}
		{MID 25}
	}
	{Entity "bmw-r12r" 0x8019
		{Position 3197.2 3424.03 0}
		{Turn -157.017}
		{Player 1}
		{MID 26}
	}
	{Human "rus.oficer" 0x801a
		{Position 3747.89 -2267.82 23.1085}
		{Turn 87.034}
		{DisableObstacles}
		{Player 1}
		{MID 27}
		{NameId 38 61}
		{LastItem "tt"}
		{FsmState "board"}
	}
	{Human "rus.infantry_smg" 0x801b
		{Position 3764.39 -2273.25 26.0944}
		{Turn 131.031}
		{DisableObstacles}
		{Player 1}
		{MID 28}
		{NameId 32 12}
		{LastItem "ppsh"}
		{FsmState "board"}
	}
	{Human "rus.infantry_smg" 0x801c
		{Position 3759.96 -2257.44 23.3896}
		{Turn -137.966}
		{DisableObstacles}
		{Player 1}
		{MID 29}
		{NameId 40 99}
		{LastItem "ppsh"}
		{FsmState "board"}
	}
	{Human "rus.infantry_smg" 0x801d
		{Position 3606.02 -2094.79 12.1807}
		{Orientation
			 -0.678516   0.727308  -0.103268
			 -0.731103  -0.682266  -0.001477
			 -0.071531   0.074497   0.994665
		}
		{DisableObstacles}
		{Player 1}
		{MID 30}
		{NameId 87 22}
		{FsmState "board"}
	}
	{Human "rus.infantry_smg" 0x801e
		{Position 3597.51 -2107.12 13.32}
		{Turn 133.021}
		{DisableObstacles}
		{Player 1}
		{MID 31}
		{NameId 6 40}
		{LastItem "ppsh"}
		{FsmState "board"}
	}
	{Human "rus.tankman" 0x801f
		{Position 3908.82 -2414.94 13}
		{Orientation
			 -0.676748   0.736215  -0.000000
			  0.736215   0.676748   0.000000
			 -0.000000   0.000000   1.000000
		}
		{Player 1}
		{MID 32}
		{NameId 43 27}
		{LastItem "tt"}
		{FsmState "board"}
	}
	{Human "rus.tankman" 0x8020
		{Position 3908.82 -2414.94 13}
		{Orientation
			 -0.676748   0.736215  -0.000000
			  0.736215   0.676748   0.000000
			 -0.000000   0.000000   1.000000
		}
		{Player 1}
		{MID 33}
		{NameId 51 91}
		{LastItem "tt"}
		{FsmState "board"}
	}
	{Human "rus.infantry_rifle" 0x8021
		{Position 4079.46 -2576.7 28.0964}
		{Turn 134.168}
		{DisableObstacles}
		{Player 1}
		{MID 34}
		{NameId 11 23}
		{LastItem "mosin"}
		{FsmState "board"}
	}
	{Human "rus.infantry_rifle" 0x8022
		{Position 4071.44 -2584.85 27.9179}
		{Orientation
			 -0.685244   0.705440   0.180607
			 -0.717300  -0.696765   0.000000
			  0.125841  -0.129549   0.983465
		}
		{DisableObstacles}
		{Player 1}
		{MID 35}
		{NameId 52 49}
		{LastItem "mosin"}
		{FsmState "board"}
	}
	{Human "rus.infantry_rifle" 0x8023
		{Position 4832.46 -3297.3 29.8348}
		{Orientation
			 -0.656770  -0.672078   0.342000
			  0.715205  -0.698915   0.000000
			  0.239029   0.244600   0.939700
		}
		{DisableObstacles}
		{Player 1}
		{MID 36}
		{NameId 68 41}
		{LastItem "mosin"}
		{FsmState "board"}
	}
	{Human "rus.infantry_rifle" 0x8024
		{Position 4813.77 -3279.04 29.8348}
		{Orientation
			 -0.656770  -0.672078   0.342000
			  0.715205  -0.698915   0.000000
			  0.239029   0.244600   0.939700
		}
		{DisableObstacles}
		{Player 1}
		{MID 37}
		{NameId 43 13}
		{LastItem "mosin"}
		{FsmState "board"}
	}
	{Human "rus.infantry_smg" 0x8025
		{Position 4822.84 -3287.9 29.8348}
		{Orientation
			 -0.656770  -0.672078   0.342000
			  0.715205  -0.698915   0.000000
			  0.239029   0.244600   0.939700
		}
		{DisableObstacles}
		{Player 1}
		{MID 38}
		{NameId 24 52}
		{LastItem "ppsh"}
		{FsmState "board"}
	}
	{Human "rus.infantry_rifle" 0x8026
		{Position 4257.21 -2761.31 27.9179}
		{Orientation
			 -0.683000   0.707613   0.180607
			 -0.719509  -0.694483   0.000000
			  0.125428  -0.129948   0.983465
		}
		{DisableObstacles}
		{Player 1}
		{MID 39}
		{NameId 49 49}
		{LastItem "mosin"}
		{FsmState "board"}
	}
	{Human "rus.infantry_rifle" 0x8027
		{Position 4265.27 -2753.19 28.0964}
		{Turn 133.986}
		{DisableObstacles}
		{Player 1}
		{MID 40}
		{NameId 67 26}
		{LastItem "mosin"}
		{FsmState "board"}
	}
	{Human "rus.infantry_rifle" 0x8028
		{Position 4793.94 -3256.39 28.5801}
		{Orientation
			 -0.672078   0.656770   0.342000
			 -0.698915  -0.715205  -0.000000
			  0.244600  -0.239029   0.939700
		}
		{DisableObstacles}
		{Player 1}
		{MID 41}
		{NameId 57 66}
		{LastItem "mosin"}
		{FsmState "board"}
	}
	{Human "rus.infantry_rifle" 0x8029
		{Position 4788.59 -3274.23 38.637}
		{Turn 145.657}
		{DisableObstacles}
		{Player 1}
		{MID 42}
		{NameId 70 74}
		{LastItem "mosin"}
		{FsmState "board"}
	}
	{Human "rus.infantry_smg" 0x802a
		{Position 4804.43 -3269.91 29.8348}
		{Orientation
			 -0.656770  -0.672078   0.342000
			  0.715205  -0.698915   0.000000
			  0.239029   0.244600   0.939700
		}
		{DisableObstacles}
		{Player 1}
		{MID 43}
		{NameId 62 83}
		{LastItem "ppsh"}
		{FsmState "board"}
	}
	{Human "rus.infantry_smg" 0x802b
		{Position 4449.16 -2934.69 28.0964}
		{Turn 134.799}
		{DisableObstacles}
		{Player 1}
		{MID 44}
		{NameId 62 53}
		{LastItem "ppsh"}
		{FsmState "board"}
	}
	{Human "rus.infantry_smg" 0x802c
		{Position 4441.23 -2942.92 27.9179}
		{Orientation
			 -0.692971   0.697850   0.180607
			 -0.709583  -0.704622  -0.000000
			  0.127260  -0.128156   0.983465
		}
		{DisableObstacles}
		{Player 1}
		{MID 45}
		{NameId 42 20}
		{LastItem "ppsh"}
		{FsmState "board"}
	}
	{Human "rus.infantry_smg" 0x802d
		{Position 4615.29 -3108.47 27.9179}
		{Orientation
			 -0.700326   0.690470   0.180607
			 -0.702078  -0.712100  -0.000000
			  0.128610  -0.126800   0.983465
		}
		{DisableObstacles}
		{Player 1}
		{MID 46}
		{NameId 11 41}
		{LastItem "ppsh"}
		{FsmState "board"}
	}
	{Human "rus.infantry_smg" 0x802e
		{Position 4623.14 -3100.15 28.0964}
		{Turn 135.406}
		{DisableObstacles}
		{Player 1}
		{MID 47}
		{NameId 79 1}
		{LastItem "ppsh"}
		{FsmState "board"}
	}
	{Human "rus.infantry_mgun" 0x802f
		{Position 4811.87 -3298.2 29.2048}
		{Orientation
			  0.633426   0.648190   0.422600
			 -0.715205   0.698915  -0.000000
			 -0.295361  -0.302246   0.906300
		}
		{DisableObstacles}
		{Player 1}
		{MID 48}
		{NameId 92 29}
		{LastItem "weapon dp"}
		{FsmState "board"}
	}
	{Human "rus.infantry_smg" 0x8030
		{Position 4801.76 -3288.32 29.2048}
		{Orientation
			  0.633426   0.648190   0.422600
			 -0.715205   0.698915  -0.000000
			 -0.295361  -0.302246   0.906300
		}
		{DisableObstacles}
		{Player 1}
		{MID 49}
		{NameId 85 81}
		{LastItem "ppsh"}
		{FsmState "board"}
	}
	{Human "rus.infantry_rifle" 0x8031
		{Position 4821.98 -3308.08 29.2048}
		{Orientation
			  0.633426   0.648190   0.422600
			 -0.715205   0.698915  -0.000000
			 -0.295361  -0.302246   0.906300
		}
		{DisableObstacles}
		{Player 1}
		{MID 50}
		{NameId 40 78}
		{LastItem "mosin"}
		{FsmState "board"}
	}
	{Human "rus.infantry_rifle" 0x8032
		{Position 3199.57 3432.05 -0.8506}
		{Orientation
			 -0.915650  -0.388349  -0.103900
			  0.390458  -0.920621   0.000000
			 -0.095653  -0.040569   0.994600
		}
		{DisableObstacles}
		{Player 1}
		{MID 51}
		{NameId 70 99}
		{LastItem "mosin"}
		{FsmState "board"}
	}
	{Human "rus.infantry_rifle" 0x8033
		{Position 3208.24 3419.84 0.3124}
		{Turn -157.017}
		{DisableObstacles}
		{Player 1}
		{MID 52}
		{NameId 81 16}
		{LastItem "mosin"}
		{FsmState "board"}
	}
	{Human "rus.infantry_smg" 0x8034
		{Position 3415.54 3519.56 9.63784}
		{Orientation
			  0.374539  -0.926747  -0.027596
			  0.892808   0.368587  -0.258846
			  0.250015   0.072334   0.965518
		}
		{DisableObstacles}
		{Player 1}
		{MID 53}
		{NameId 92 16}
		{LastItem "ppsh"}
		{FsmState "board"}
	}
	{Human "rus.oficer" 0x8035
		{Position 3422.64 3508.19 9.27348}
		{Orientation
			 -0.935631   0.308861   0.170660
			 -0.281625  -0.945033   0.166391
			  0.212655   0.107541   0.971131
		}
		{DisableObstacles}
		{Player 1}
		{MID 54}
		{NameId 51 89}
		{LastItem "tt"}
		{FsmState "board"}
	}
	{Human "rus.specnaz" 0x8036
		{Position 3429.88 3522.76 12.1426}
		{Orientation
			 -0.930325   0.207422   0.302515
			 -0.217656  -0.976036   0.000026
			  0.295260  -0.065842   0.953188
		}
		{Extender "inventory"
			{box
				{clear}
				{item "grenade f1" {cell 4 0}}
				{item "grenade rpg40" {cell 6 0}}
				{item "ammo pistol" 71 {cell 6 1}}
				{item "ppsh" filling "ammo pistol" 71 {cell 0 0}}
			}
			{armor "body"
				{Item "shoulder_equip"}
			}
		}
		{DisableObstacles}
		{Player 1}
		{MID 55}
		{NameId 3 94}
		{LastItem "ppsh"}
		{FsmState "board"}
	}
	{Human "rus.specnaz" 0x8037
		{Position 3433.54 3513.88 12.1424}
		{Orientation
			 -0.908740   0.287747   0.302503
			 -0.301885  -0.953347  -0.000038
			  0.288354  -0.091308   0.953181
		}
		{Extender "inventory"
			{box
				{clear}
				{item "grenade rpg40" {cell 6 0}}
				{item "ammo pistol" 71 {cell 6 1}}
				{item "grenade f1" {cell 5 0}}
				{item "ppsh" filling "ammo pistol" 71 {cell 0 0}}
			}
			{armor "body"
				{Item "shoulder_equip"}
			}
		}
		{DisableObstacles}
		{Player 1}
		{MID 56}
		{NameId 47 98}
		{LastItem "ppsh"}
		{FsmState "board"}
	}
	{Human "rus.recruit" 0x8038
		{Position 3610.81 3566.53 14.9179}
		{Orientation
			 -0.969382  -0.165838   0.180607
			  0.168627  -0.985680   0.000000
			  0.178021   0.030455   0.983465
		}
		{DisableObstacles}
		{Player 1}
		{MID 57}
		{NameId 57 7}
		{LastItem "mosin"}
		{FsmState "board"}
	}
	{Human "rus.recruit" 0x8039
		{Position 3608.64 3577.76 15.0964}
		{Turn -170.292}
		{DisableObstacles}
		{Player 1}
		{MID 58}
		{NameId 48 74}
		{LastItem "mosin"}
		{FsmState "board"}
	}
	{Human "rus.recruit" 0x803a
		{Position 3844.55 3593.22 14.9387}
		{Orientation
			 -0.978393  -0.103926   0.178239
			  0.105031  -0.994464  -0.003303
			  0.177595   0.015489   0.983892
		}
		{DisableObstacles}
		{Player 1}
		{MID 59}
		{NameId 16 1}
		{LastItem "mosin"}
		{FsmState "board"}
	}
	{Human "rus.recruit" 0x803b
		{Position 3843.1 3604.56 15.1543}
		{Turn -173.971}
		{DisableObstacles}
		{Player 1}
		{MID 60}
		{NameId 48 89}
		{LastItem "mosin"}
		{FsmState "board"}
	}
	{Human "rus.tankman" 0x803c
		{Position 4072.23 3649.79 8.87308}
		{Orientation
			 -0.962687  -0.270617  -0.000000
			 -0.270609   0.962660  -0.007465
			 -0.002020   0.007187   0.999972
		}
		{Player 1}
		{MID 61}
		{NameId 74 96}
		{LastItem "tt"}
		{FsmState "board"}
	}
	{Human "rus.tankman" 0x803d
		{Position 4072.23 3649.79 8.87308}
		{Orientation
			 -0.962687  -0.270617  -0.000000
			 -0.270609   0.962660  -0.007465
			 -0.002020   0.007187   0.999972
		}
		{Player 1}
		{MID 62}
		{NameId 4 57}
		{LastItem "tt"}
		{FsmState "board"}
	}
	{Human "rus.tankman" 0x803e
		{Position 4072.23 3649.79 8.87308}
		{Orientation
			 -0.962687  -0.270617  -0.000000
			 -0.270609   0.962660  -0.007465
			 -0.002020   0.007187   0.999972
		}
		{Player 1}
		{MID 63}
		{NameId 39 70}
		{LastItem "tt"}
		{FsmState "board"}
	}
	{Human "rus.recruit" 0x803f
		{Position 4102.83 3677.4 37.1854}
		{Orientation
			  0.066696   0.971086   0.229202
			 -0.995580   0.049636   0.079284
			  0.065635  -0.233487   0.970069
		}
		{DisableObstacles}
		{Player 1}
		{MID 64}
		{NameId 60 7}
		{LastItem "mosin"}
		{FsmState "board"}
	}
	{Human "rus.recruit" 0x8040
		{Position 4086.58 3677.78 30.5232}
		{Orientation
			 -0.886930   0.457976   0.059434
			 -0.457849  -0.888838   0.016756
			  0.060515  -0.012403   0.998019
		}
		{DisableObstacles}
		{Player 1}
		{MID 65}
		{NameId 24 37}
		{LastItem "mosin"}
		{FsmState "board"}
	}
	{Human "rus.recruit" 0x8041
		{Position 4111.79 3642.47 32.9953}
		{Orientation
			  0.332693  -0.942955  -0.010014
			  0.943050   0.332714   0.000653
			  0.002716  -0.009661   0.999903
		}
		{DisableObstacles}
		{Player 1}
		{MID 66}
		{NameId 61 12}
		{LastItem "mosin"}
		{FsmState "board"}
	}
	{Human "rus.recruit" 0x8042
		{Position 4093.17 3636.35 33.3522}
		{Orientation
			 -0.134162  -0.980146   0.145895
			  0.990914  -0.131331   0.028640
			 -0.008893   0.148407   0.988862
		}
		{DisableObstacles}
		{Player 1}
		{MID 67}
		{NameId 32 13}
		{LastItem "mosin"}
		{FsmState "board"}
	}
	{Human "rus.tankman" 0x8043
		{Position 4606.72 3825.2 44.2221}
		{Orientation
			  0.331594  -0.931217   0.151393
			  0.918993   0.355097   0.171342
			 -0.213316   0.082312   0.973531
		}
		{Extender "inventory"
			{box
				{clear}
				{item "grenade rgd33" {cell 6 0}}
				{item "ammo pistol" 16 {cell 4 0}}
				{item "tt" filling "ammo pistol" 8 {cell 0 0}}
			}
			{armor "head"
				{Item "fieldcap_rus"}
			}
		}
		{DisableObstacles}
		{Player 1}
		{MID 68}
		{NameId 34 76}
		{LastItem "tt"}
		{FsmState "board"}
	}
	{Human "rus.tank_com" 0x8044
		{Position 4611.73 3810.23 46.1943}
		{Orientation
			 -0.884760   0.407545  -0.226037
			 -0.414394  -0.909898  -0.018516
			 -0.213188   0.077272   0.973954
		}
		{DisableObstacles}
		{Player 1}
		{MID 69}
		{NameId 24 98}
		{LastItem "ppsh35"}
		{FsmState "board"}
	}
	{Entity "hangar_w_gate" 0x8045
		{Position -2335.28 1288.44 0}
		{Turn -54.784}
	}
	{Entity "hangar_w_gate" 0x8046
		{Position -2141.68 1026.24 0}
		{Turn -54.0277}
	}
	{Entity "hangar_w_gate" 0x8047
		{Position -2600.22 701.733 0}
		{Turn 125.425}
	}
	{Entity "hangar_w_gate" 0x8048
		{Position -2798.57 971.102 0}
		{Turn 125.425}
	}
	{Human "rus.recruit" 0x8049
		{Position 4417.79 3727.82 35.7398}
		{Orientation
			 -0.368568   0.929578  -0.002794
			 -0.929472  -0.368522   0.010574
			  0.008785   0.006552   0.999892
		}
		{DisableObstacles}
		{Player 1}
		{MID 70}
		{NameId 38 62}
		{LastItem "mosin"}
		{FsmState "board"}
	}
	{Human "rus.recruit" 0x804a
		{Position 4408.14 3725.16 36.6444}
		{Turn 107.562}
		{DisableObstacles}
		{Player 1}
		{MID 71}
		{NameId 32 14}
		{LastItem "mosin"}
		{FsmState "board"}
	}
	{Human "rus.recruit" 0x804b
		{Position 4398.61 3722.16 35.6145}
		{Orientation
			 -0.214398   0.969338  -0.120237
			 -0.975312  -0.218993  -0.026934
			 -0.052427   0.111544   0.992298
		}
		{DisableObstacles}
		{Player 1}
		{MID 72}
		{NameId 40 0}
		{LastItem "mosin"}
		{FsmState "board"}
	}
	{Human "rus.recruit" 0x804c
		{Position 4413.89 3745.92 32.3014}
		{Orientation
			  0.132529  -0.925217   0.355603
			  0.987611   0.153345   0.030945
			 -0.083165   0.347115   0.934082
		}
		{DisableObstacles}
		{Player 1}
		{MID 73}
		{NameId 87 23}
		{LastItem "mosin"}
		{FsmState "board"}
	}
	{Human "rus.recruit" 0x804d
		{Position 4372.71 3734.55 31.8927}
		{Orientation
			  0.341929  -0.868876   0.357944
			  0.931757   0.362737  -0.009403
			 -0.121624   0.336835   0.933643
		}
		{DisableObstacles}
		{Player 1}
		{MID 74}
		{NameId 6 41}
		{LastItem "mosin"}
		{FsmState "board"}
	}
	{Human "rus.recruit" 0x804e
		{Position 4382.26 3737.49 32.9341}
		{Orientation
			  0.274892  -0.892324   0.358110
			  0.955230   0.295841   0.003813
			 -0.109325   0.341106   0.933638
		}
		{DisableObstacles}
		{Player 1}
		{MID 75}
		{NameId 43 28}
		{LastItem "mosin"}
		{FsmState "board"}
	}
	{Human "rus.recruit" 0x804f
		{Position 4402.88 3743.37 32.7303}
		{Orientation
			  0.341929  -0.868876   0.357944
			  0.931757   0.362737  -0.009403
			 -0.121624   0.336835   0.933643
		}
		{DisableObstacles}
		{Player 1}
		{MID 76}
		{NameId 51 92}
		{LastItem "mosin"}
		{FsmState "board"}
	}
	{Human "rus.recruit" 0x8050
		{Position 4391.92 3740.09 32.0409}
		{Orientation
			  0.200912  -0.948694   0.244270
			  0.977547   0.210160   0.011939
			 -0.062674   0.236382   0.969588
		}
		{DisableObstacles}
		{Player 1}
		{MID 77}
		{NameId 11 24}
		{LastItem "mosin"}
		{FsmState "board"}
	}
	{Human "rus.infantry_smg" 0x8051
		{Position 4387.6 3719.03 36.1474}
		{Orientation
			 -0.368568   0.929578  -0.002794
			 -0.929472  -0.368522   0.010574
			  0.008785   0.006552   0.999892
		}
		{DisableObstacles}
		{Player 1}
		{MID 78}
		{NameId 52 50}
		{LastItem "ppsh"}
		{FsmState "board"}
	}
	{Human "rus.infantry_smg" 0x8052
		{Position 4353.75 3712.26 30.3384}
		{Orientation
			 -0.955333  -0.241215   0.170225
			  0.271268  -0.944844   0.183527
			  0.116567   0.221507   0.968076
		}
		{DisableObstacles}
		{Player 1}
		{MID 79}
		{NameId 68 42}
		{LastItem "ppsh"}
		{FsmState "board"}
	}
	{Human "rus.recruit" 0x8053
		{Position 4376.68 3716.2 35.3801}
		{Orientation
			 -0.159424   0.987175  -0.000689
			 -0.986696  -0.159427  -0.029827
			 -0.029566  -0.004106   0.999527
		}
		{DisableObstacles}
		{Player 1}
		{MID 80}
		{NameId 43 14}
		{LastItem "mosin"}
		{FsmState "board"}
	}
	{Human "rus.recruit" 0x8054
		{Position 4350.4 3723.02 28.4139}
		{Orientation
			 -0.960670  -0.277255  -0.007431
			  0.271268  -0.944844   0.183527
			 -0.057905   0.174293   0.982894
		}
		{DisableObstacles}
		{Player 1}
		{MID 81}
		{NameId 24 53}
		{LastItem "mosin"}
		{FsmState "board"}
	}
	{Entity "steam_locomotive" 0x8055
		{Position 110.834 -2600.85 15}
		{Turn 111.513}
		{TexMod "1"}
		{Volume "link1"
			{Able {visible 0}{bullet 0}{overlap 1}{obstacle 0}{contact 0}{contact_ground 0}{blast 0}{select 0}{touch 1}}
		}
		{Volume "link2"
			{Able {visible 0}{bullet 0}{obstacle 0}{contact 0}{contact_ground 0}{blast 0}{select 0}{touch 1}}
		}
		{Player 1}
		{MID 82}
		{Chassis
			{Locomotive 1}
			{MaxSpeed 3}
			{Links 83}
		}
	}
	{Entity "tendor" 0x8056
		{Position 195.591 -2815.98 15}
		{Turn 111.498}
		{TexMod "1"}
		{Volume "link1"
			{Able {visible 0}{bullet 0}{obstacle 0}{contact 0}{contact_ground 0}{blast 0}{select 0}{touch 1}}
		}
		{Volume "link2"
			{Able {visible 0}{bullet 0}{obstacle 0}{contact 0}{contact_ground 0}{blast 0}{select 0}{touch 1}}
		}
		{Player 1}
		{MID 83}
		{Chassis
			{Links 84 82}
		}
	}
	{Entity "platform" 0x8057
		{Position 260.958 -2986.42 15}
		{Turn -68.5023}
		{Volume "link1"
			{Able {visible 0}{bullet 0}{obstacle 0}{contact 0}{contact_ground 0}{blast 0}{select 0}{touch 1}}
		}
		{Volume "link2"
			{Able {visible 0}{bullet 0}{obstacle 0}{contact 0}{contact_ground 0}{blast 0}{select 0}{touch 1}}
		}
		{Player 1}
		{MID 84}
		{Chassis
			{Links 85 83}
		}
	}
	{Entity "tradevan2" 0x8058
		{Position 343.825 -3190.86 15}
		{Turn -68.5023}
		{Volume "link1"
			{Able {visible 0}{bullet 0}{obstacle 0}{contact 0}{contact_ground 0}{blast 0}{select 0}{touch 1}}
		}
		{Volume "link2"
			{Able {visible 0}{bullet 0}{obstacle 0}{contact 0}{contact_ground 0}{blast 0}{select 0}{touch 1}}
		}
		{Extender "inventory"
			{box
				{clear}
				{item "grenade molotov_coctail" 6 {cell 0 0}}
				{item "grenade rgd33" 6 {cell 2 0}}
				{item "grenade rpg40" 3 {cell 4 0}}
				{item "grenade rpg43" 3 {cell 6 0}}
				{item "ppsh" 6 {cell 0 1}}
				{item "ppsh35" 6 {cell 5 1}}
				{item "weapon dt" 2 {cell 0 4}}
				{item "ammo pistol" 500 {cell 2 3}}
				{item "ammo pistol" 500 {cell 4 3}}
				{item "ammo pistol" 500 {cell 6 3}}
				{item "ammo pistol" 500 {cell 6 5}}
				{item "ammo mgun" 1000 {cell 6 4}}
				{item "ammo mgun" 1000 {cell 0 3}}
			}
		}
		{Player 1}
		{MID 85}
		{Chassis
			{Links 86 84}
		}
	}
	{Entity "tradevan4" 0x8059
		{Position 409.621 -3360.77 15}
		{Turn 111.514}
		{Volume "link1"
			{Able {visible 0}{bullet 0}{obstacle 0}{contact 0}{contact_ground 0}{blast 0}{select 0}{touch 1}}
		}
		{Volume "link2"
			{Able {visible 0}{bullet 0}{overlap 1}{obstacle 0}{contact 0}{contact_ground 0}{blast 0}{select 0}{touch 1}}
		}
		{Player 1}
		{MID 86}
		{Chassis
			{Links 85}
		}
	}
	{Entity "zis-42" 0x805a
		{Position 265.346 -2990.99 38.5985}
		{Orientation
			  0.366466  -0.930438   0.000000
			  0.930432   0.366464   0.000000
			  0.000000   0.000000   1.000006
		}
		{DisableObstacles}
		{Player 1}
		{MID 87}
	}
	{Human "rus.recruit" 0x805b
		{Position 174.7 -2702.3 53.4949}
		{Turn 111.513}
		{Extender "inventory"
			{box
				{clear}
				{item "pps" filling "ammo pistol" 35 {cell 0 0}}
				{item "ammo pistol" 50 {cell 3 0}}
			}
		}
		{DisableObstacles}
		{Player 1}
		{MID 88}
		{NameId 40 6}
		{FsmState "board"}
	}
	{Entity "steam_locomotive" 0x805c
		{Position -4142.92 2347.87 15}
		{Turn -9.3032}
		{TexMod "2"}
		{Volume "link1"
			{Able {visible 0}{bullet 0}{overlap 1}{obstacle 0}{contact 0}{contact_ground 0}{blast 0}{select 0}{touch 1}}
		}
		{Volume "link2"
			{Able {visible 0}{bullet 0}{obstacle 0}{contact 0}{contact_ground 0}{blast 0}{select 0}{touch 1}}
		}
		{Player 1}
		{MID 89}
		{Chassis
			{Locomotive 1}
			{MaxSpeed 2}
			{Links 90}
		}
	}
	{Entity "tendor" 0x805d
		{Position -4371.1 2385.25 15}
		{Turn -9.30359}
		{TexMod "2"}
		{Volume "link1"
			{Able {visible 0}{bullet 0}{obstacle 0}{contact 0}{contact_ground 0}{blast 0}{select 0}{touch 1}}
		}
		{Volume "link2"
			{Able {visible 0}{bullet 0}{obstacle 0}{contact 0}{contact_ground 0}{blast 0}{select 0}{touch 1}}
		}
		{Player 1}
		{MID 90}
		{Chassis
			{Links 91 89}
		}
	}
	{Entity "platform_ammo" 0x805e
		{Position -4564.04 2414.85 15}
		{Turn -9.05505}
		{TexMod "ambush4"}
		{Volume "link1"
			{Able {visible 0}{bullet 0}{obstacle 0}{contact 0}{contact_ground 0}{blast 0}{select 0}{touch 1}}
		}
		{Volume "link2"
			{Able {visible 0}{bullet 0}{obstacle 0}{contact 0}{contact_ground 0}{blast 0}{select 0}{touch 1}}
		}
		{Player 1}
		{MID 91}
		{Chassis
			{Links 92 90}
		}
	}
	{Entity "platform_stuff" 0x805f
		{Position -4762.47 2446.48 15}
		{Turn -9.0549}
		{TexMod "ambush4"}
		{Volume "link1"
			{Able {visible 0}{bullet 0}{obstacle 0}{contact 0}{contact_ground 0}{blast 0}{select 0}{touch 1}}
		}
		{Volume "link2"
			{Able {visible 0}{bullet 0}{obstacle 0}{contact 0}{contact_ground 0}{blast 0}{select 0}{touch 1}}
		}
		{Player 1}
		{MID 92}
		{Chassis
			{Links 93 91}
		}
	}
	{Entity "cistern" 0x8060
		{Position -4948.09 2476.91 15}
		{Turn -8.64907}
		{Volume "link1"
			{Able {visible 0}{bullet 0}{obstacle 0}{contact 0}{contact_ground 0}{blast 0}{select 0}{touch 1}}
		}
		{Volume "link2"
			{Able {visible 0}{bullet 0}{obstacle 0}{contact 0}{contact_ground 0}{blast 0}{select 0}{touch 1}}
		}
		{Player 1}
		{MID 93}
		{Chassis
			{Links 94 92}
		}
	}
	{Entity "tradevan3" 0x8061
		{Position -5129.22 2505.01 15}
		{Turn -8.649}
		{TexMod "ambush4"}
		{Volume "link1"
			{Able {visible 0}{bullet 0}{obstacle 0}{contact 0}{contact_ground 0}{blast 0}{select 0}{touch 1}}
		}
		{Volume "link2"
			{Able {visible 0}{bullet 0}{overlap 1}{obstacle 0}{contact 0}{contact_ground 0}{blast 0}{select 0}{touch 1}}
		}
		{Player 1}
		{MID 94}
		{Chassis
			{Links 93}
		}
	}
	{Human "rus.railwayman" 0x8062
		{Position -4262.77 2344.99 53.4949}
		{Turn -9.3032}
		{DisableObstacles}
		{Player 1}
		{MID 95}
		{NameId 67 27}
		{FsmState "board"}
	}
	{Entity "railroad1_branch2" 0x8063
		{Position -598.362 -759.093 15}
		{Turn 111.071}
		{Volume "body1"
			{Able {touch 0}}
		}
	}
	{Entity "gate_wire" 0x8064
		{Position -2217.37 1415.5 0}
		{Turn -53.9451}
		{TexMod "1"}
		{AreaDisable "left"}
		{AreaDisable "right"}
	}
	{Entity "gate_wire" 0x8065
		{Position -1983.79 1106.1 0}
		{Turn -55.1404}
		{TexMod "3"}
		{AreaDisable "left"}
		{AreaDisable "right"}
	}
	{Entity "gate_wire" 0x8066
		{Position -3256.94 661.73 0}
		{Turn 113.305}
		{TexMod "1"}
		{AreaDisable "left"}
		{AreaDisable "right"}
	}
	{Entity "watch-tower_armed" 0x8067
		{Position -2982.3 -182.89 15}
		{Turn -154.747}
	}
	{Entity "degtyarev_tower" 0x8068
		{Position -2992.38 -189.094 136.349}
		{Orientation
			 -0.904433  -0.426616   0.000000
			  0.426616  -0.904433   0.000000
			  0.000000   0.000000   1.000000
		}
		{DisableObstacles}
		{Player 1}
		{MID 96}
	}
	{Entity "watch-tower_armed" 0x8069
		{Position -2167.69 -1076.66 15}
		{Turn -124.256}
	}
	{Entity "degtyarev_tower" 0x806a
		{Position -2173.23 -1087.12 136.349}
		{Orientation
			 -0.562892  -0.826531   0.000000
			  0.826531  -0.562892   0.000000
			  0.000000   0.000000   1.000000
		}
		{DisableObstacles}
		{Player 1}
		{MID 97}
	}
	{Entity "watch-tower_armed" 0x806b
		{Position -1929.73 873.634 0}
	}
	{Entity "degtyarev_tower" 0x806c
		{Position -1917.96 874.943 121.349}
		{DisableObstacles}
		{Player 1}
		{MID 98}
	}
	{Entity "watch-tower_armed" 0x806d
		{Position -2497.24 1509.36 0}
		{Turn 109.234}
	}
	{Entity "degtyarev_tower" 0x806e
		{Position -2502.35 1520.04 121.349}
		{Orientation
			 -0.329427   0.944181   0.000000
			 -0.944181  -0.329427   0.000000
			  0.000000   0.000000   1.000000
		}
		{DisableObstacles}
		{Player 1}
		{MID 99}
	}
	{Entity "t-34-85" 0x806f
		{Position -3663.26 -4.08159 12.8688}
		{Turn -30.5498}
		{Player 1}
		{MID 100}
		{Weaponry
			{State "mgun"
				{Mounted "weapon dt"}
			}
		}
	}
	{Human "rus.tankman" 0x8070
		{Position -3554.79 -68.8954 15}
		{Turn -49.1333}
		{Player 1}
		{MID 101}
		{NameId 38 63}
		{FsmState "stand"}
	}
	{Human "rus.tankman" 0x8071
		{Position -3663.26 -4.08159 12.8688}
		{Orientation
			  0.860182  -0.507694   0.048317
			 -0.509680  -0.859086   0.046882
			 -0.017707   0.064953   0.997731
		}
		{Player 1}
		{MID 102}
		{NameId 32 15}
		{FsmState "board"}
	}
	{Human "rus.tankman" 0x8072
		{Position -3663.26 -4.08159 12.8688}
		{Orientation
			  0.860182  -0.507694   0.048317
			 -0.509680  -0.859086   0.046882
			 -0.017707   0.064953   0.997731
		}
		{Player 1}
		{MID 103}
		{NameId 40 1}
		{LastItem "tt"}
		{FsmState "board"}
	}
	{Human "rus.tank_com" 0x8073
		{Position -3479.89 -133.094 15}
		{Turn -94.2525}
		{Player 1}
		{MID 104}
		{NameId 87 24}
		{FsmState "stand"}
	}
	{Human "rus.oficer" 0x8074
		{Position -3476.92 -175.765 15}
		{Turn 113.334}
		{Player 1}
		{MID 105}
		{NameId 6 42}
		{FsmState "stand"}
	}
	{Human "rus.infantry_rifle" 0x8075
		{Position -3533.66 148.113 0}
		{Turn -46.2818}
		{Player 1}
		{MID 106}
		{NameId 43 29}
		{FsmState "stand"}
	}
	{Human "rus.recruit" 0x8076
		{Position -3529.83 -89.6997 15}
		{Turn 147.208}
		{Player 1}
		{MID 107}
		{NameId 51 93}
		{FsmState "stand"}
	}
	{Human "rus.infantry_mgun" 0x8077
		{Position -3526.27 -164.647 15}
		{Turn -132.06}
		{Extender "inventory"
			{box
				{clear}
				{item "ammo mgun" 100 {cell 5 0}}
				{item "grenade f1" {cell 7 0}}
			}
		}
		{Player 1}
		{MID 108}
		{Weaponry
			{State
				{Mounted "weapon dp"}
				{Weapon
					{Ammo "ammo mgun" 47}
				}
			}
		}
		{NameId 11 25}
		{Cover
			{sector -3526.27 -164.647 {type "snipe_cover"}
				{wall 0 0 -3481.68 -214.307 -3552.87 -150.071}
			}
		}
		{FsmState "snipe"}
	}
	{Human "rus.recruit" 0x8078
		{Position -3615.11 -290.014 15}
		{Turn 147.296}
		{Player 1}
		{MID 109}
		{NameId 52 51}
		{FsmState "stand"}
	}
	{Human "rus.recruit" 0x8079
		{Position -3754.83 -273.139 15}
		{Turn 80.2506}
		{Player 1}
		{MID 110}
		{NameId 68 43}
		{FsmState "stand"}
	}
	{Human "rus.recruit" 0x807a
		{Position -3764.25 -329.615 15}
		{Turn -129.264}
		{Player 1}
		{MID 111}
		{NameId 43 15}
		{Cover
			{sector -3764.25 -329.615 {type "snipe_cover"}
				{wall 0 0 -3664.14 -420.486 -3816.29 -296.11}
			}
		}
		{FsmState "snipe"}
	}
	{Human "rus.recruit" 0x807b
		{Position -3697.28 -319.017 15}
		{Turn 152.168}
		{Player 1}
		{MID 112}
		{NameId 24 54}
		{FsmState "stand"}
	}
	{Human "rus.recruit" 0x807c
		{Position -3714.33 -368.036 15}
		{Turn -131.556}
		{Player 1}
		{MID 113}
		{NameId 49 51}
		{FsmState "stand"}
	}
	{Human "rus.recruit" 0x807d
		{Position -3631.59 -341.51 15}
		{Turn -44.1856}
		{Player 1}
		{MID 114}
		{NameId 67 28}
		{FsmState "stand"}
	}
	{Human "rus.recruit" 0x807e
		{Position -3937.86 -322.427 12.2427}
		{Turn -102.303}
		{Player 1}
		{MID 115}
		{NameId 57 67}
		{FsmState "stand"}
	}
	{Human "rus.infantry_rifle" 0x807f
		{Position -3828.89 -46.4481 2.68426}
		{Turn 139.826}
		{Player 1}
		{MID 116}
		{NameId 70 75}
		{FsmState "stand"}
	}
	{Entity "pointer_small" 0x8080
		{Position -3862.35 -230.912 10.0912}
	}
	{Human "rus.infantry_mgun" 0x8081
		{Position -2594.94 -626.992 217.559}
		{Turn -179.25}
		{Extender "inventory"
			{box
				{clear}
				{item "ammo mgun" 100 {cell 5 0}}
				{item "grenade f1" {cell 7 0}}
			}
		}
		{DisableObstacles}
		{Player 1}
		{MID 117}
		{Weaponry
			{State
				{Mounted "weapon dp"}
				{Weapon
					{Ammo "ammo mgun" 47}
				}
			}
		}
		{NameId 38 64}
		{LastItem "weapon dp"}
		{Cover
			{sector -2594.94 -626.992 {type "squat_lie"}
				{wall 0 0 -2601.81 -637.083 -2602.07 -617.084}
			}
		}
		{FsmState "squat"}
	}
	{Human "rus.infantry_smg" 0x8082
		{Position -2165.03 -1075.47 136.918}
		{Turn -124.256}
		{DisableObstacles}
		{Player 1}
		{MID 118}
		{NameId 32 16}
		{FsmState "board"}
	}
	{Human "rus.infantry_smg" 0x8083
		{Position -2979.4 -183.22 136.918}
		{Turn -154.747}
		{DisableObstacles}
		{Player 1}
		{MID 119}
		{NameId 40 2}
		{FsmState "board"}
	}
	{Human "rus.infantry_rifle" 0x8084
