{mission
	{Camera
		{Position -924.079 2704.86}
		{Distance 1851}
		{ViewAngle 0.615535}
		{YawAngle 9.94753}
	}
	{Environment "daynw1"}
	{User 2}
	{GameProgress 0 0}
	{Human "jap.bazooka" 0x8000
		{Position -1055.15 2013.15 379}
		{Turn 68.5696}
		{Extender "inventory"
			{box
				{clear}
				{item "ammo pistol" 18 {cell 6 2}}
				{item "ammo bazooka" {cell 6 1}}
				{item "ammo bazooka" {cell 6 0}}
				{item "bandage" 3 {cell 4 2}}
				{item "grenade type23" {cell 5 0}}
				{item "grenade smoke" {cell 5 1}}
				{item "weapon type4_launcher" filling "ammo bazooka" {cell 0 0}}
				{item "type26" filling "ammo pistol" 6 {cell 0 2}}
			}
		}
		{Player 2}
		{MID 1}
		{NameId 18 25}
		{FsmState "stand"}
	}
	{Human "jap.infantry_mgun" 0x8001
		{Position -1082.51 2034.09 378.852}
		{Turn 54.4586}
		{Extender "inventory"
			{box
				{clear}
				{item "type97" filling "ammo mgun" 20 {cell 0 0}}
				{item "ammo mgun" 80 {cell 6 0}}
				{item "bandage" 4 {cell 6 1}}
				{item "pala" {cell 6 2}}
			}
		}
		{Player 2}
		{MID 2}
		{NameId 2 10}
		{FsmState "stand"}
	}
	{Human "jap.medic" 0x8002
		{Position -1139.57 2030.32 372.064}
		{Turn 40.2865}
		{Extender "inventory"
			{box
				{clear}
				{item "nambu" filling "ammo pistol" 8 {cell 0 0}}
				{item "ammo pistol" 24 {cell 2 0}}
				{item "bandage" 5 {cell 6 0}}
				{item "bandage" 5 {cell 6 1}}
				{item "knife_jap" {cell 4 0}}
				{item "morphine" 3 {cell 6 2}}
				{item "morphine" 3 {cell 4 2}}
			}
		}
		{Player 2}
		{MID 3}
		{NameId 61 19}
		{FsmState "stand"}
	}
	{Human "jap.infantry_rifle" 0x8003
		{Position -1105.07 2058.4 378.919}
		{Turn 57.484}
		{Extender "inventory"
			{box
				{clear}
				{item "ammo rifle" 25 {cell 7 0}}
				{item "bandage" 5 {cell 5 1}}
				{item "grenade type23" {cell 6 0}}
				{item "grenade type23" {cell 5 0}}
				{item "grenade smoke" {cell 7 1}}
				{item "dynamite" {cell 6 2}}
				{item "arisaka_kn" filling "ammo rifle" 5 {cell 0 0}}
			}
		}
		{Player 2}
		{MID 4}
		{NameId 73 78}
		{FsmState "stand"}
	}
	{Human "jap.infantry_rifle" 0x8004
		{Position -1132.37 2081.2 379}
		{Turn 20.3517}
		{Extender "inventory"
			{box
				{clear}
				{item "arisaka" filling "ammo rifle" 5 {cell 0 0}}
				{item "bayonet" {cell 7 0}}
				{item "grenade type23" {cell 6 0}}
				{item "ammo rifle" 25 {cell 5 0}}
				{item "grenade type3at" {cell 5 1}}
				{item "bandage" 2 {cell 6 3}}
			}
		}
		{Player 2}
		{MID 5}
		{NameId 68 32}
		{FsmState "stand"}
	}
	{Human "jap.infantry_smg" 0x8005
		{Position -1109.6 2004.49 371.058}
		{Turn 62.0772}
		{Extender "inventory"
			{box
				{clear}
				{item "type100" filling "ammo pistol" 30 {cell 0 0}}
				{item "ammo pistol" 90 {cell 4 0}}
				{item "grenade type23" {cell 7 0}}
				{item "ammo pistol" 90 {cell 4 1}}
				{item "knife_jap" {cell 6 1}}
				{item "grenade type23" {cell 6 0}}
				{item "bandage" 3 {cell 6 2}}
			}
			{armor "head"
				{Item "cap2_jap"}
			}
		}
		{Player 2}
		{MID 6}
		{NameId 31 51}
		{FsmState "stand"}
	}
	{Entity "clemson_class" 0x8006
		{Position 4379.18 -3390.21 -10}
		{Turn -169.219}
		{TexMod "other"}
		{Player 1}
		{MID 7}
		
	}
	{Entity "cannon_105" 0x8007
		{Position 3813.67 -3497.89 62.5508}
		{Orientation
			 -0.982349  -0.187055   0.000699
			  0.187055  -0.982349   0.000000
			  0.000687   0.000131   1.000000
		}
		{DisableObstacles}
		{Player 1}
		{MID 8}
		
	}
	{Entity "cannon_105" 0x8008
		{Position 4872.81 -3296.21 74.7205}
		{Orientation
			  0.982349   0.187055  -0.000699
			 -0.187055   0.982349  -0.000000
			  0.000687   0.000131   1.000000
		}
		{DisableObstacles}
		{Player 1}
		{MID 9}
		
	}
	{Entity "oerlikon" 0x8009
		{Position 3994.68 -3463.43 143.361}
		{Orientation
			 -0.982349  -0.187055   0.000699
			  0.187055  -0.982349   0.000000
			  0.000687   0.000131   1.000000
		}
		{DisableObstacles}
		{Player 1}
		{MID 10}
		
	}
	{Entity "oerlikon" 0x800a
		{Position 4298.89 -3458.79 94.1474}
		{Orientation
			 -0.488170  -0.872719   0.000450
			  0.872719  -0.488170  -0.000535
			  0.000687   0.000131   1.000000
		}
		{DisableObstacles}
		{Player 1}
		{MID 11}
		
	}
	{Entity "oerlikon" 0x800b
		{Position 4279.08 -3354.78 94.1473}
		{Orientation
			 -0.774738   0.632241   0.000449
			 -0.632240  -0.774738   0.000536
			  0.000687   0.000131   1.000000
		}
		{DisableObstacles}
		{Player 1}
		{MID 12}
		
	}
	{Entity "lci" 0x800c
		{Position 2978.51 -3565.57 -10}
		{Turn 143.058}
		{TexMod "n85"}
		{Player 1}
		{MID 13}
		
	}
	{Entity "oerlikon" 0x800d
		{Position 2728.92 -3372.81 61.8847}
		{Orientation
			 -0.798955   0.601004   0.021579
			 -0.600683  -0.799269   0.020614
			  0.029636   0.003508   0.999593
		}
		{DisableObstacles}
		{Player 1}
		{MID 14}
		
	}
	{Entity "oerlikon" 0x800e
		{Position 3183.04 -3748.14 29.106}
		{Orientation
			 -0.031278  -0.999471   0.004437
			  0.999068  -0.031369  -0.029492
			  0.029636   0.003508   0.999593
		}
		{DisableObstacles}
		{Player 1}
		{MID 15}
		
	}
	{Entity "oerlikon" 0x800f
		{Position 3220.45 -3714.02 27.879}
		{Orientation
			  0.982667   0.182940  -0.029703
			 -0.182946   0.983173   0.002037
			  0.029636   0.003508   0.999593
		}
		{DisableObstacles}
		{Player 1}
		{MID 16}
		
	}
	{Entity "oerlikon" 0x8010
		{Position 3074.94 -3635.95 69.8093}
		{Orientation
			  0.798955  -0.601004  -0.021579
			  0.600173   0.799122  -0.035405
			  0.038523   0.015336   0.999169
		}
		{DisableObstacles}
		{Player 1}
		{MID 17}
		
	}
	{Entity "lci" 0x8011
		{Position 5081.53 -2255.65 -10}
		{Turn 102.489}
		{TexMod "n88"}
		{Player 1}
		{MID 18}
		
	}
	{Entity "oerlikon" 0x8012
		{Position 5017.3 -1946.9 61.8847}
		{Orientation
			 -0.216034   0.976147   0.021579
			 -0.976109  -0.216481   0.020614
			  0.024793  -0.016610   0.999593
		}
		{DisableObstacles}
		{Player 1}
		{MID 19}
		
	}
	{Entity "oerlikon" 0x8013
		{Position 5118.16 -2527.36 29.106}
		{Orientation
			 -0.673779  -0.738879   0.004437
			  0.738514  -0.673586  -0.029492
			  0.024793  -0.016610   0.999593
		}
		{DisableObstacles}
		{Player 1}
		{MID 20}
		
	}
	{Entity "oerlikon" 0x8014
		{Position 5168.77 -2525.77 27.879}
		{Orientation
			  0.865434  -0.500125  -0.029703
			  0.500450   0.865822   0.002037
			  0.024793  -0.016610   0.999593
		}
		{DisableObstacles}
		{Player 1}
		{MID 21}
		
	}
	{Entity "oerlikon" 0x8015
		{Position 5109.01 -2371.83 69.8093}
		{Orientation
			  0.216034  -0.976147  -0.021579
			  0.975626   0.216701  -0.035405
			  0.039237  -0.013404   0.999169
		}
		{DisableObstacles}
		{Player 1}
		{MID 22}
		
	}
	{Human "usa.seaman" 0x8016
		{Position 5130.6 -2513.81 28.8571}
		{Orientation
			 -0.673811  -0.738858   0.003137
			  0.738511  -0.673585  -0.029592
			  0.023844  -0.017503   0.999602
		}
		{DisableObstacles}
		{Player 1}
		{MID 23}
		{NameId 69 61}
		{FsmState "board"}
	}
	{Human "usa.seaman" 0x8017
		{Position 5152.88 -2516.5 28.2603}
		{Orientation
			  0.865402  -0.500104  -0.031003
			  0.500448   0.865824   0.001937
			  0.025869  -0.017347   0.999554
		}
		{DisableObstacles}
		{Player 1}
		{MID 24}
		{NameId 125 12}
		{FsmState "board"}
	}
	{Human "usa.seaman" 0x8018
		{Position 5105.1 -2353.85 70.0385}
		{Orientation
			  0.215983  -0.976130  -0.022878
			  0.975622   0.216702  -0.035505
			  0.039420  -0.014695   0.999145
		}
		{DisableObstacles}
		{Player 1}
		{MID 25}
		{NameId 102 99}
		{FsmState "board"}
	}
	{Human "usa.seaman" 0x8019
		{Position 5021.2 -1964.87 61.3241}
		{Orientation
			 -0.216066   0.976169   0.020279
			 -0.976111  -0.216479   0.020514
			  0.024610  -0.015319   0.999619
		}
		{DisableObstacles}
		{Player 1}
		{MID 26}
		{NameId 87 22}
		{FsmState "board"}
	}
	{Human "usa.seaman" 0x801a
		{Position 3183.69 -3729.76 28.8571}
		{Orientation
			 -0.031317  -0.999476   0.003137
			  0.999065  -0.031370  -0.029592
			  0.029496   0.002211   0.999602
		}
		{DisableObstacles}
		{Player 1}
		{MID 27}
		{NameId 99 40}
		{FsmState "board"}
	}
	{Human "usa.seaman" 0x801b
		{Position 3202.36 -3717.32 28.2603}
		{Orientation
			  0.982629   0.182936  -0.031003
			 -0.182949   0.983173   0.001937
			  0.030932   0.003647   0.999554
		}
		{DisableObstacles}
		{Player 1}
		{MID 28}
		{NameId 74 27}
		{FsmState "board"}
	}
	{Human "usa.seaman" 0x801c
		{Position 2743.57 -3383.92 61.3241}
		{Orientation
			 -0.798993   0.600999   0.020279
			 -0.600686  -0.799270   0.020514
			  0.028658   0.004369   0.999619
		}
		{DisableObstacles}
		{Player 1}
		{MID 29}
		{NameId 144 91}
		{FsmState "board"}
	}
	{Human "usa.seaman" 0x801d
		{Position 3060.28 -3624.84 70.0385}
		{Orientation
			  0.798905  -0.601024  -0.022878
			  0.600169   0.799121  -0.035505
			  0.039501   0.014475   0.999145
		}
		{DisableObstacles}
		{Player 1}
		{MID 30}
		{NameId 135 23}
		{FsmState "board"}
	}
	{Human "usa.seaman" 0x801e
		{Position 3826.03 -3484.14 62.1966}
		{Turn -134.219}
		{DisableObstacles}
		{Player 1}
		{MID 31}
		{NameId 145 49}
		{FsmState "board"}
	}
	{Human "usa.seaman" 0x801f
		{Position 3830.84 -3508.07 62.1965}
		{Turn 150.779}
		{DisableObstacles}
		{Player 1}
		{MID 32}
		{NameId 130 41}
		{FsmState "board"}
	}
	{Human "usa.seaman" 0x8020
		{Position 4012.76 -3460.06 143.182}
		{Turn -169.219}
		{DisableObstacles}
		{Player 1}
		{MID 33}
		{NameId 105 13}
		{FsmState "board"}
	}
	{Human "usa.seaman" 0x8021
		{Position 4293.29 -3366.46 93.9738}
		{Turn 140.783}
		{DisableObstacles}
		{Player 1}
		{MID 34}
		{NameId 55 52}
		{FsmState "board"}
	}
	{Human "usa.seaman" 0x8022
		{Position 4307.93 -3442.78 93.9738}
		{Turn -119.221}
		{DisableObstacles}
		{Player 1}
		{MID 35}
		{NameId 142 49}
		{FsmState "board"}
	}
	{Human "usa.seaman" 0x8023
		{Position 4855.64 -3286.04 74.387}
		{Turn -29.2212}
		{DisableObstacles}
		{Player 1}
		{MID 36}
		{NameId 67 26}
		{FsmState "board"}
	}
	{Human "usa.seaman" 0x8024
		{Position 4860.45 -3309.96 74.3869}
		{Turn 45.7805}
		{DisableObstacles}
		{Player 1}
		{MID 37}
		{NameId 88 66}
		{FsmState "board"}
	}
	{Human "jap.oficer" 0x8025
		{Position 1141.43 1262.62 252}
		{Turn -82.4386}
		{Extender "inventory"
			{box
				{clear}
				{item "ammo pistol" 24 {cell 2 0}}
				{item "bino" {cell 4 0}}
			}
		}
		{Player 3}
		{MID 38}
		{Weaponry
			{State
				{Mounted "nambu"}
				{Weapon
					{Ammo "ammo pistol" 8}
				}
			}
		}
		{NameId 18 26}
		{Cover
			{sector 1141.43 1262.62 {type "squat_lie"}
				{wall 0 0 1151.28 1256.87 1104.95 1250.72}
			}
		}
		{FsmState "squat"}
	}
	{Human "jap.crewman" 0x8026
		{Position 1243.27 664.253 68}
		{Turn -63.5275}
		{DisableObstacles}
		{Player 3}
		{MID 39}
		{NameId 2 11}
		{FsmState "board"}
	}
	{Human "jap.crewman" 0x8027
		{Position 1107.32 1302.37 253.305}
		{Orientation
			  0.798018  -0.602468  -0.014000
			  0.602529   0.798097   0.000000
			  0.011173  -0.008435   0.999900
		}
		{DisableObstacles}
		{Player 3}
		{MID 40}
		{NameId 61 20}
		{FsmState "board"}
	}
	{Human "jap.infantry_mgun" 0x8028
		{Position -3680.34 1306.62 156.773}
		{Orientation
			  0.998894   0.047403  -0.003593
			 -0.047483   0.998535  -0.026890
			  0.002313   0.027029   0.999632
		}
		{Extender "inventory"
			{box
				{clear}
				{item "ammo pistol" 24 {cell 6 0}}
				{item "nambu94" filling "ammo pistol" 6 {cell 0 0}}
			}
			{armor "body"
				{Item "jap_pistol_holder"}
			}
		}
		{DisableObstacles}
		{Player 3}
		{MID 41}
		
		{NameId 18 28}
		{LastItem "nambu94"}
		{FsmState "board"}
	}
	{Human "jap.crewman" 0x8029
		{Position 729.876 2121 344}
		{DisableObstacles}
		{Player 3}
		{MID 42}
		{NameId 68 33}
		{FsmState "board"}
	}
	{Human "jap.infantry_rifle" 0x802a
		{Position 1867.05 1978.84 83.2608}
		{Turn -121.064}
		{Extender "inventory"
			{box
				{clear}
				{item "bayonet" {cell 7 0}}
				{item "ammo rifle" 25 {cell 6 0}}
			}
		}
		{Player 3}
		{MID 43}
		{Weaponry
			{State
				{Mounted "arisaka"}
				{Weapon
					{Ammo "ammo rifle" 5}
				}
			}
		}
		{NameId 31 52}
		{Cover
			{sector 1867.05 1978.84 {type "snipe_cover"}
				{wall 0 0 1871.98 1967.7 1853.57 1978.79}
			}
		}
		{FsmState "snipe"}
	}
	{Human "jap.infantry_rifle" 0x802b
		{Position 1309.58 2896.98 170.042}
		{Turn 171.746}
		{Extender "inventory"
			{box
				{clear}
				{item "ammo rifle" 25 {cell 4 0}}
				{item "grenade type23" {cell 5 0}}
				{item "bayonet" {cell 6 0}}
			}
		}
		{Player 3}
		{MID 44}
		{Weaponry
			{State
				{Mounted "arisaka"}
				{Weapon
					{Ammo "ammo rifle" 5}
				}
			}
		}
		{NameId 1 45}
		{Cover
			{sector 1309.58 2896.98 {type "snipe_cover"}
				{wall 0 0 1297.59 2863.1 1308.45 2937.96}
			}
		}
		{FsmState "snipe"}
	}
	{Human "jap.infantry_rifle" 0x802c
		{Position -78.6906 1585.31 412}
		{Turn -94.0298}
		{Extender "inventory"
			{box
				{clear}
				{item "ammo rifle" 25 {cell 4 0}}
				{item "grenade type23" {cell 5 0}}
				{item "bayonet" {cell 6 0}}
			}
		}
		{Player 3}
		{MID 45}
		{Weaponry
			{State
				{Mounted "arisaka"}
				{Weapon
					{Ammo "ammo rifle" 5}
				}
			}
		}
		{NameId 13 87}
		{Cover
			{sector -78.6906 1585.31 {type "look_left"}
				{wall 0 0 -87.1764 1592.93 -3.00104 1587}
			}
		}
		{FsmState "stand"}
	}
	{Human "jap.infantry_rifle" 0x802d
		{Position 1939.95 2019.22 81.922}
		{Turn -8.06967}
		{Extender "inventory"
			{box
				{clear}
				{item "bayonet" {cell 7 0}}
				{item "ammo rifle" 25 {cell 6 0}}
			}
		}
		{Player 3}
		{MID 46}
		{Weaponry
			{State
				{Mounted "arisaka"}
				{Weapon
					{Ammo "ammo rifle" 5}
				}
			}
		}
		{NameId 0 87}
		{Cover
			{sector 1939.95 2019.22 {type "snipe_cover"}
				{wall 0 0 1948.06 2026.54 1945.05 2005.31}
			}
		}
		{FsmState "snipe"}
	}
	{Human "jap.infantry_rifle" 0x802e
		{Position -1573.86 2186.34 439.508}
		{Turn -90}
		{Extender "inventory"
			{box
				{clear}
				{item "ammo rifle" 25 {cell 4 0}}
				{item "grenade type23" {cell 5 0}}
				{item "bayonet" {cell 6 0}}
			}
		}
		{DisableObstacles}
		{Player 3}
		{MID 47}
		{Weaponry
			{State
				{Mounted "arisaka"}
				{Weapon
					{Ammo "ammo rifle" 5}
				}
			}
		}
		{NameId 88 57}
		{Cover
			{sector -1573.86 2186.34 {type "snipe_cover"}
				{wall 0 0 -1563.86 2179.34 -1583.86 2179.34}
			}
		}
		{FsmState "snipe"}
	}
	{Human "jap.infantry_rifle" 0x802f
		{Position 137.035 1942.43 394}
		{Turn -38.6397}
		{Extender "inventory"
			{box
				{clear}
				{item "ammo rifle" 25 {cell 4 0}}
				{item "grenade type23" {cell 5 0}}
				{item "bayonet" {cell 6 0}}
			}
		}
		{Player 3}
		{MID 48}
		{Weaponry
			{State
				{Mounted "arisaka"}
				{Weapon
					{Ammo "ammo rifle" 5}
				}
			}
		}
		{NameId 66 99}
		{Cover
			{sector 137.035 1942.43 {type "squat_lie"}
				{wall 0 0 148.122 1945.09 118.943 1908.59}
			}
		}
		{FsmState "squat"}
	}
	{Human "jap.infantry_smg" 0x8030
		{Position 1842.93 2043.5 85.707}
		{Turn -22.0741}
		{Extender "inventory"
			{box
				{clear}
				{item "ammo pistol" 90 {cell 4 0}}
				{item "grenade type23" {cell 6 0}}
			}
		}
		{Player 3}
		{MID 49}
		{Weaponry
			{State
				{Mounted "type100"}
				{Weapon
					{Ammo "ammo pistol" 30}
				}
			}
		}
		{NameId 52 50}
		{Cover
			{sector 1842.93 2043.5 {type "look_left"}
				{wall 0 0 1832.7 2036.9 1840.77 2056.8}
			}
		}
		{FsmState "stand"}
	}
	{Human "jap.soldier" 0x8031
		{Position 1384.96 2397.4 170}
		{Turn -12.8215}
		{Extender "inventory"
			{box
				{clear}
				{item "ammo rifle" 20 {cell 4 0}}
			}
		}
		{Player 3}
		{MID 50}
		{Weaponry
			{State
				{Mounted "arisaka_kn"}
				{Weapon
					{Ammo "ammo rifle" 5}
				}
			}
		}
		{NameId 52 45}
		{Cover
			{sector 1384.96 2397.4 {type "snipe_cover"}
				{wall 0 0 1399.67 2430.48 1381.67 2351.39}
			}
		}
		{FsmState "snipe"}
	}
	{Human "jap.soldier" 0x8032
		{Position 1028.44 645.332 67.5331}
		{Turn -87.2613}
		{Extender "inventory"
			{box
				{clear}
				{item "ammo rifle" 20 {cell 4 0}}
			}
		}
		{Player 3}
		{MID 51}
		{Weaponry
			{State
				{Mounted "arisaka_kn"}
				{Weapon
					{Ammo "ammo rifle" 5}
				}
			}
		}
		{NameId 81 90}
		{Cover
			{sector 1028.44 645.332 {type "snipe_cover"}
				{wall 0 0 1057.39 639.709 1010.71 637.476}
			}
		}
		{FsmState "snipe"}
	}
	{Human "jap.soldier" 0x8033
		{Position 1464.87 2772.69 169.731}
		{Turn -16.7522}
		{Extender "inventory"
			{box
				{clear}
				{item "ammo rifle" 20 {cell 4 0}}
			}
		}
		{Player 3}
		{MID 52}
		{Weaponry
			{State
				{Mounted "arisaka_kn"}
				{Weapon
					{Ammo "ammo rifle" 5}
				}
			}
		}
		{NameId 37 34}
		{Cover
			{sector 1464.87 2772.69 {type "squat_lie"}
				{wall 0 0 1474.17 2779.29 1460.7 2734.54}
			}
		}
		{FsmState "squat"}
	}
	{Human "jap.soldier" 0x8034
		{Position 1332.9 734.05 68}
		{Turn -40.7236}
		{Extender "inventory"
			{box
				{clear}
				{item "ammo rifle" 20 {cell 4 0}}
			}
		}
		{Player 3}
		{MID 53}
		{Weaponry
			{State
				{Mounted "arisaka_kn"}
				{Weapon
					{Ammo "ammo rifle" 5}
				}
			}
		}
		{NameId 3 52}
		{Cover
			{sector 1332.9 734.05 {type "squat_lie"}
				{wall 0 0 1357.53 751.933 1304.61 690.459}
			}
		}
		{FsmState "squat"}
	}
	{Human "jap.soldier" 0x8035
		{Position 328.262 789.247 131.423}
		{Turn -23.6748}
		{Extender "inventory"
			{box
				{clear}
				{item "ammo rifle" 20 {cell 4 0}}
			}
		}
		{Player 3}
		{MID 54}
		{Weaponry
			{State
				{Mounted "arisaka_kn"}
				{Weapon
					{Ammo "ammo rifle" 5}
				}
			}
		}
		{NameId 29 71}
		{Cover
			{sector 328.262 789.247 {type "squat_lie"}
				{wall 0 0 349.322 819.848 330.557 777.049}
			}
		}
		{FsmState "squat"}
	}
	{Human "jap.soldier" 0x8036
		{Position 266.573 781.294 138.657}
		{Turn -90}
		{Extender "inventory"
			{box
				{clear}
				{item "ammo rifle" 20 {cell 4 0}}
			}
		}
		{Player 3}
		{MID 55}
		{Weaponry
			{State
				{Mounted "arisaka_kn"}
				{Weapon
					{Ammo "ammo rifle" 5}
				}
			}
		}
		{NameId 90 7}
		{Cover
			{sector 266.573 781.294 {type "squat_lie"}
				{wall 0 0 316.814 774.294 235.702 774.294}
			}
		}
		{FsmState "squat"}
	}
	{Human "jap.infantry_mgun" 0x8037
		{Position -151.177 1413.02 412}
		{Turn -93.6713}
		{Extender "inventory"
			{box
				{clear}
				{item "ammo mgun" 80 {cell 6 0}}
			}
		}
		{Player 3}
		{MID 56}
		{Weaponry
			{State
				{Mounted "type97"}
				{Weapon
					{Ammo "ammo mgun" 20}
				}
			}
		}
		{NameId 2 14}
		{Cover
			{sector -151.177 1413.02 {type "snipe_cover"}
				{wall 0 0 -142.643 1405.46 -185.036 1408.18}
			}
		}
		{FsmState "snipe"}
	}
	{Human "jap.infantry_mgun" 0x8038
		{Position -48.7409 1408.1 412}
		{Turn -48.503}
		{Extender "inventory"
			{box
				{clear}
				{item "ammo mgun" 80 {cell 6 0}}
			}
		}
		{Player 3}
		{MID 57}
		{Weaponry
			{State
				{Mounted "type97"}
				{Weapon
					{Ammo "ammo mgun" 20}
				}
			}
		}
		{NameId 18 30}
		{Cover
			{sector -48.7409 1408.1 {type "snipe_cover"}
				{wall 0 0 -23.1124 1421.43 -51.7798 1396.07}
			}
		}
		{FsmState "snipe"}
	}
	{Human "jap.crewman" 0x8039
		{Position -954.156 2246.6 379}
		{Turn -112.262}
		{Player 3}
		{MID 58}
		{NameId 42 71}
		{FsmState "stand"}
	}
	{Human "jap.crewman" 0x803a
		{Position -3674.05 1323.62 145.155}
		{Orientation
			  0.936541   0.039106   0.348505
			 -0.031694   0.999135  -0.026943
			 -0.349257   0.014187   0.936969
		}
		{DisableObstacles}
		{Player 3}
		{MID 59}
		
		{NameId 8 47}
		{LastItem "type26"}
		{FsmState "board"}
	}
	{Human "jap.infantry_mgun" 0x803b
		{Position 1348.54 2371.68 169.878}
		{Turn -90}
		{Extender "inventory"
			{box
				{clear}
				{item "ammo mgun" 80 {cell 6 0}}
			}
		}
		{Player 3}
		{MID 60}
		{Weaponry
			{State
				{Mounted "type97"}
				{Weapon
					{Ammo "ammo mgun" 20}
				}
			}
		}
		{NameId 54 87}
		{Cover
			{sector 1348.54 2371.68 {type "snipe_cover"}
				{wall 0 0 1399.2 2364.68 1318.09 2364.68}
			}
		}
		{FsmState "snipe"}
	}
	{Human "jap.infantry_mgun" 0x803c
		{Position 1913.45 1979.27 81}
		{Turn -64.0319}
		{Extender "inventory"
			{box
				{clear}
				{item "ammo mgun" 80 {cell 6 0}}
			}
		}
		{Player 3}
		{MID 61}
		{Weaponry
			{State
				{Mounted "type97"}
				{Weapon
					{Ammo "ammo mgun" 20}
				}
			}
		}
		{NameId 29 16}
		{Cover
			{sector 1913.45 1979.27 {type "snipe_cover"}
				{wall 0 0 1925.46 1977.33 1906.16 1967.93}
			}
		}
		{FsmState "snipe"}
	}
	{Human "jap.infantry_smg" 0x803d
		{Position 110.669 1622.33 411}
		{Turn 77.4687}
		{Extender "inventory"
			{box
				{clear}
				{item "ammo pistol" 90 {cell 6 0}}
			}
			{armor "head"
				{Item "cap2_jap"}
			}
		}
		{Player 3}
		{MID 62}
		{Weaponry
			{State
				{Mounted "type100"}
				{Weapon
					{Ammo "ammo pistol" 30}
				}
			}
		}
		{NameId 83 53}
		{Cover
			{sector 110.669 1622.33 {type "squat_lie"}
				{wall 0 0 76.5724 1637.08 122.193 1626.94}
			}
		}
		{FsmState "squat"}
	}
	{Entity "type97_81" 0x803e
		{Position 1130.12 1296.43 253}
		{Turn -37.0512}
		{Player 3}
		{MID 63}
	}
	{Entity "type97mg_stan" 0x803f
		{Position 1249.42 651.399 68}
		{Turn -63.5275}
		{Player 3}
		{MID 64}
		
	}
	{Entity "flag_jap2" 0x8040
		{Position -1017.88 2197.87 379}
		{Turn -158.525}
	}
	{Entity "flag_jap2" 0x8041
		{Position 1407.08 2920.8 162.292}
		{Turn -158.525}
	}
	{Entity "type97mg_stan" 0x8042
		{Position -1027.73 1610.22 371}
		{Turn -83.0314}
		{Player 3}
		{MID 65}
	}
	{Entity "type93_stan" 0x8043
		{Position 744.123 2120.77 344}
		{Player 3}
		{MID 66}
		
	}
	{Entity "type97_81" 0x8044
		{Position -631.865 1698.85 399.094}
		{Turn -69.6495}
		{Extender "inventory"
			{box
				{clear}
				{item "ammo 81mm_mine" 4 {cell 0 0}}
				{item "ammo 81mm_mine" 4 {cell 5 0}}
				{item "ammo 81mm_mine" {cell 2 1}}
			}
		}
		{Player 3}
		{MID 67}
	}
	{Entity "horch" 0x8045
		{Position -925.347 2265.59 376.945}
		{Turn -65.4913}
		{TexMod "black"}
		{Player 3}
		{MID 68}
		
	}
	{Entity "chi-nu" 0x8046
		{Position -3702.15 3341.87 204}
		{Extender "inventory"
			{box
				{clear}
				{item "ammo mgun" 900 {cell 0 0}}
				{item "bullet75 fg" 3 {cell 0 3}}
				{item "bullet75 ap" 29 {cell 0 2}}
				{item "dynamite" {cell 3 0}}
				{item "morphine" {cell 0 4}}
			}
		}
		{Player 2}
		{MID 69}
		
	}
	{Entity "chi-nu" 0x8047
		{Position -3695.92 3340.31 204}
		{Extender "inventory"
			{box
				{clear}
				{item "ammo mgun" 900 {cell 0 0}}
				{item "bullet75 fg" 3 {cell 0 3}}
				{item "bullet75 ap" 29 {cell 0 2}}
				{item "dynamite" {cell 3 0}}
				{item "morphine" {cell 0 4}}
			}
		}
		{Player 2}
		{MID 70}
		
	}
	{Human "jap.oficer" 0x8048
		{Position -1024.9 2124.63 379}
		{Turn -142.094}
		{Player 3}
		{MID 71}
		{NameId 18 27}
		{FsmState "stand"}
	}
	{Human "jap.soldier" 0x8049
		{Position -27.9156 1519.92 412}
		{Turn 175.971}
		{Extender "inventory"
			{box
				{clear}
				{item "ammo rifle" 20 {cell 4 0}}
			}
		}
		{Player 3}
		{MID 72}
		{Weaponry
			{State
				{Mounted "arisaka_kn"}
				{Weapon
					{Ammo "ammo rifle" 5}
				}
			}
		}
		{NameId 18 31}
		{Cover
			{sector -27.9156 1519.92 {type "look_left"}
				{wall 0 0 -20.2508 1529.11 -21.7195 1508.26}
			}
		}
		{FsmState "stand"}
	}
	{Human "jap.soldier" 0x804a
		{Position -132.671 1483.95 412}
		{Turn -93.6764}
		{Extender "inventory"
			{box
				{clear}
				{item "ammo rifle" 20 {cell 4 0}}
			}
		}
		{Player 3}
		{MID 73}
		{Weaponry
			{State
				{Mounted "arisaka_kn"}
				{Weapon
					{Ammo "ammo rifle" 5}
				}
			}
		}
		{NameId 2 15}
		{Cover
			{sector -132.671 1483.95 {type "look_left"}
				{wall 0 0 -141.204 1491.52 -82.0625 1487.72}
			}
		}
		{FsmState "stand"}
	}
	{Entity "ho-ha" 0x804b
		{Position -3696.95 1312.41 134.458}
		{Turn 1.81199}
		{Extender "inventory"
			{box
				{clear}
				{item "ammo mgun" 300 {cell 0 0}}
				{item "repair_kit" {cell 0 4}}
				{item "can" {cell 3 4}}
				{item "dynamite" {cell 3 0}}
				{item "morphine" {cell 3 2}}
			}
		}
		{Player 3}
		{MID 74}
		
	}
	{Entity "type97mg_stan" 0x804c
		{Position 1456.64 872.947 83.5649}
		{Turn -23.3788}
		{Player 3}
		{MID 75}
	}
	{Entity "type1_47" 0x804d
		{Position 2629.3 2841.33 28.6701}
		{Turn -65.4325}
		{Extender "inventory"
			{box
				{clear}
				{item "bullet47 ap" 29 {cell 0 0}}
				{item "bullet47 fg" 2 {cell 0 1}}
				{item "plant" {cell 3 0}}
				{item "plant" {cell 5 0}}
			}
		}
		{Player 3}
		{MID 76}
		{Chassis
			{FuelBag
				{Remain 20}
			}
		}
	}
	{Human "jap.crewman" 0x804e
		{Position -1406.08 2280.17 439.508}
		{DisableObstacles}
		{Player 3}
		{MID 77}
		{NameId 2 12}
		{Cover
			{sector -1406.08 2280.17 {type "snipe_cover"}
				{wall 0 0 -1399.08 2290.17 -1399.08 2270.17}
			}
		}
		{FsmState "snipe"}
	}
	{Entity "crate3" 0x804f
		{Position 1372.84 2671.92 170}
		{Turn 125.782}
		{TexMod "5"}
		{Extender "inventory"
			{box
				{clear}
				{item "ammo rifle" 5 {cell 0 0}}
				{item "ammo mgun" 20 {cell 6 0}}
				{item "ammo mgun" 20 {cell 6 1}}
				{item "ammo mgun" 20 {cell 6 2}}
				{item "ammo mgun" 20 {cell 4 1}}
				{item "ammo mgun" 20 {cell 4 0}}
				{item "ammo mgun" 20 {cell 4 2}}
				{item "ammo mgun" 20 {cell 4 3}}
				{item "ammo mgun" 20 {cell 6 3}}
				{item "ammo pistol" 30 {cell 0 4}}
				{item "ammo pistol" 30 {cell 2 4}}
				{item "ammo pistol" 30 {cell 0 5}}
				{item "ammo pistol" 30 {cell 2 5}}
				{item "ammo pistol" 30 {cell 4 4}}
				{item "ammo pistol" 30 {cell 4 5}}
				{item "ammo pistol" 30 {cell 6 4}}
				{item "ammo pistol" 30 {cell 6 5}}
				{item "ammo rifle" 5 {cell 1 0}}
				{item "ammo rifle" 5 {cell 2 0}}
				{item "ammo rifle" 5 {cell 3 0}}
				{item "ammo rifle" 5 {cell 0 1}}
				{item "ammo rifle" 5 {cell 1 1}}
				{item "ammo rifle" 5 {cell 2 1}}
				{item "ammo rifle" 5 {cell 3 1}}
				{item "ammo rifle" 5 {cell 0 2}}
				{item "ammo rifle" 5 {cell 1 2}}
				{item "ammo rifle" 5 {cell 2 2}}
				{item "ammo rifle" 5 {cell 3 2}}
				{item "grenade type23" {cell 0 3}}
				{item "grenade type23" {cell 1 3}}
				{item "grenade type3at" {cell 2 3}}
			}
		}
	}
	{Entity "crate3" 0x8050
		{Position 1356.74 2525.98 170}
		{Turn 67.3482}
		{TexMod "5"}
		{Extender "inventory"
			{box
				{clear}
				{item "ammo rifle" 5 {cell 0 0}}
				{item "ammo mgun" 20 {cell 6 0}}
				{item "ammo mgun" 20 {cell 6 1}}
				{item "ammo mgun" 20 {cell 6 2}}
				{item "ammo mgun" 20 {cell 4 1}}
				{item "ammo mgun" 20 {cell 4 0}}
				{item "ammo mgun" 20 {cell 4 2}}
				{item "ammo mgun" 20 {cell 4 3}}
				{item "ammo mgun" 20 {cell 6 3}}
				{item "ammo pistol" 30 {cell 0 4}}
				{item "ammo pistol" 30 {cell 2 4}}
				{item "ammo pistol" 30 {cell 0 5}}
				{item "ammo pistol" 30 {cell 2 5}}
				{item "ammo pistol" 30 {cell 4 4}}
				{item "ammo pistol" 30 {cell 4 5}}
				{item "ammo pistol" 30 {cell 6 4}}
				{item "ammo pistol" 30 {cell 6 5}}
				{item "ammo rifle" 5 {cell 1 0}}
				{item "ammo rifle" 5 {cell 2 0}}
				{item "ammo rifle" 5 {cell 3 0}}
				{item "ammo rifle" 5 {cell 0 1}}
				{item "ammo rifle" 5 {cell 1 1}}
				{item "ammo rifle" 5 {cell 2 1}}
				{item "ammo rifle" 5 {cell 3 1}}
				{item "grenade type23" {cell 0 3}}
				{item "grenade type23" {cell 3 3}}
				{item "grenade type3at" {cell 1 3}}
				{item "grenade type23" {cell 0 2}}
				{item "grenade type23" {cell 1 2}}
				{item "grenade type23" {cell 3 2}}
				{item "grenade type23" {cell 2 2}}
			}
		}
	}
	{Human "usa.marine.all" 0x8051
		{Position 2551.19 -3312.4 -8.24004}
		{Turn 145.621}
		{Extender "inventory"
			{box
				{clear}
				{item "knife" {cell 6 0}}
				{item "ammo rifle" 45 {cell 5 0}}
				{item "pala" {cell 6 3}}
				{item "bandage" 2 {cell 6 1}}
			}
		}
		{Player 1}
		{MID 78}
		{Weaponry
			{State
				{Mounted "m2_carbine"}
				{Weapon
					{Ammo "ammo rifle" 15}
				}
			}
		}
		{NameId 69 62}
		{FsmState "stand"}
	}
	{Human "usa.marine2.all" 0x8052
		{Position 2662.99 -3276.91 -9.78339}
		{Turn 139.25}
		{Extender "inventory"
			{box
				{clear}
				{item "ammo pistol" 60 {cell 6 0}}
				{item "bandage" 3 {cell 6 1}}
			}
		}
		{Player 1}
		{MID 79}
		{Weaponry
			{State
				{Mounted "m3a"}
				{Weapon
					{Ammo "ammo pistol" 30}
				}
			}
		}
		{NameId 125 13}
		{FsmState "stand"}
	}
	{Human "usa.marine.all" 0x8053
		{Position 4938.6 -1886.12 -10.472}
		{Turn 100.188}
		{Extender "inventory"
			{box
				{clear}
				{item "ammo rifle" 40 {cell 6 0}}
				{item "bayonet" {cell 7 0}}
				{item "bandage" 2 {cell 5 1}}
				{item "pala" {cell 6 3}}
			}
		}
		{Player 1}
		{MID 80}
		{Weaponry
			{State
				{Mounted "m1"}
				{Weapon
					{Ammo "ammo rifle" 8}
				}
			}
		}
		{NameId 69 63}
		{FsmState "stand"}
	}
	{Human "usa.marine.all" 0x9000
		{Position 5027.84 -1819.06 -10.69}
		{Turn 132.838}
		{Extender "inventory"
			{box
				{clear}
				{item "bandage" 3 {cell 6 1}}
				{item "pala" {cell 6 3}}
				{item "ammo pistol" 60 {cell 6 0}}
			}
			{armor "head"
				{Item "helmet1_usa"}
			}
		}
		{Player 1}
		{MID 81}
		{Weaponry
			{State
				{Mounted "m3a"}
				{Weapon
					{Ammo "ammo pistol" 30}
				}
			}
		}
		{NameId 125 14}
		{FsmState "stand"}
	}
	{Entity "crater_norm" 0x8802
		{Position 446.308 588.555 26.1335}
		{Orientation
			  0.998251   0.059177   0.000000
			 -0.059177   0.998251   0.000000
			  0.000000   0.000000   1.000000
		}
		{AreaDisable "cut"}
	}
	{Entity "lcm" 0x8054
		{Position 5210.39 -2939.52 -10}
		{Turn 156.5}
		{Player 1}
		{MID 82}
		
	}
	{Entity "m4a1" 0x8055
		{Position 5157.3 -2918.07 -10.747}
		{Orientation
			 -0.916905   0.398884  -0.013295
			 -0.398735  -0.916981  -0.012525
			 -0.017187  -0.006183   0.999833
		}
		{DisableObstacles}
		{Player 1}
		{MID 83}
		
	}
	{Human "usa.seaman" 0x8056
		{Position 5258.51 -2935.98 3.88423}
		{Orientation
			 -0.916905   0.398884  -0.013295
			 -0.398735  -0.916981  -0.012525
			 -0.017187  -0.006183   0.999833
		}
		{DisableObstacles}
		{Player 1}
		{MID 84}
		{NameId 69 64}
		{FsmState "board"}
	}
	{Human "usa.seaman" 0x8057
		{Position 5279.79 -2992.94 10.6084}
		{Orientation
			 -0.916905   0.398884  -0.013295
			 -0.398735  -0.916981  -0.012525
			 -0.017187  -0.006183   0.999833
		}
		{DisableObstacles}
		{Player 1}
		{MID 85}
		{NameId 125 15}
		{FsmState "board"}
	}
	{Entity "lcm" 0x8058
		{Position 3524.39 -3646.31 -10}
		{Turn 122.469}
		{Player 1}
		{MID 86}
		
	}
	{Entity "m4a1" 0x8059
		{Position 3492.39 -3598.82 -10.747}
		{Orientation
			 -0.536639   0.843707  -0.013295
			 -0.843626  -0.536785  -0.012525
			 -0.017704   0.004495   0.999833
		}
		{DisableObstacles}
		{Player 1}
		{MID 87}
		
	}
	{Human "usa.seaman" 0x805a
		{Position 3566.25 -3670.3 3.88423}
		{Orientation
			 -0.536639   0.843707  -0.013295
			 -0.843626  -0.536785  -0.012525
			 -0.017704   0.004495   0.999833
		}
		{DisableObstacles}
		{Player 1}
		{MID 88}
		{NameId 102 0}
		{FsmState "board"}
	}
	{Human "usa.seaman" 0x805b
		{Position 3552 -3729.42 10.6084}
		{Orientation
			 -0.536639   0.843707  -0.013295
			 -0.843626  -0.536785  -0.012525
			 -0.017704   0.004495   0.999833
		}
		{DisableObstacles}
		{Player 1}
		{MID 89}
		{NameId 87 23}
		{FsmState "board"}
	}
	{Entity "m4a1" 0x805c
		{Position 3046.09 -3061.78 -4.91371}
		{Turn 138.097}
		{TexMod "n689"}
		{Extender "inventory"
			{box
				{clear}
				{item "ammo mgun" 800 {cell 0 0}}
				{item "bullet75 ap" 29 {cell 0 1}}
				{item "bullet75 fg" 9 {cell 0 2}}
				{item "dynamite" {cell 0 4}}
				{item "can" {cell 2 4}}
			}
		}
		{Player 1}
		{MID 90}
		
	}
	{Entity "m4a1" 0x805d
		{Position 4398.08 -2285.05 -6.52842}
		{Turn 156.001}
		{TexMod "n663"}
		{Extender "inventory"
			{box
				{clear}
				{item "ammo mgun" 800 {cell 0 0}}
				{item "bullet75 ap" 29 {cell 0 1}}
				{item "bullet75 fg" 6 {cell 0 2}}
				{item "dynamite" {cell 0 4}}
				{item "can" {cell 2 4}}
			}
		}
		{Player 1}
		{MID 91}
		
	}
	{Human "usa.tankman" 0x805e
		{Position 4398.08 -2285.05 -6.52842}
		{Orientation
			 -0.910021   0.405153   0.087820
			  0.410675   0.909969   0.057469
			  0.056630  -0.088363   0.994477
		}
		{Player 1}
		{MID 92}
		{NameId 69 65}
		{LastItem "m3a"}
		{FsmState "board"}
	}
	{Human "usa.tankman" 0x805f
		{Position 4398.08 -2285.05 -6.52842}
		{Orientation
			 -0.910021   0.405153   0.087820
			  0.410675   0.909969   0.057469
			  0.056630  -0.088363   0.994477
		}
		{Player 1}
		{MID 93}
		{NameId 125 16}
		{LastItem "m3a"}
		{FsmState "board"}
	}
	{Human "x.a.tankman" 0x8060
		{Position 4398.08 -2285.05 -6.52842}
		{Orientation
			 -0.910021   0.405153   0.087820
			  0.410675   0.909969   0.057469
			  0.056630  -0.088363   0.994477
		}
		{Extender "inventory"
			{box
				{clear}
				{item "ammo pistol" 28 {cell 2 0}}
				{item "colt" filling "ammo pistol" 7 {cell 0 0}}
			}
		}
		{Player 1}
		{MID 94}
		{NameId 102 1}
		{LastItem "colt"}
		{FsmState "board"}
	}
	{Human "x.a.tankman" 0x8061
		{Position 4398.08 -2285.05 -6.52842}
		{Orientation
			 -0.910021   0.405153   0.087820
			  0.410675   0.909969   0.057469
			  0.056630  -0.088363   0.994477
		}
		{Extender "inventory"
			{box
				{clear}
				{item "ammo pistol" 28 {cell 2 0}}
				{item "colt" filling "ammo pistol" 7 {cell 0 0}}
			}
		}
		{Player 1}
		{MID 95}
		{NameId 87 24}
		{LastItem "colt"}
		{FsmState "board"}
	}
	{Human "x.a.tankman" 0x8062
		{Position 3046.09 -3061.78 -4.91371}
		{Orientation
			 -0.741193   0.665107   0.090919
			  0.669715   0.741917   0.032270
			  0.045991  -0.084808   0.995335
		}
		{Extender "inventory"
			{box
				{clear}
				{item "ammo pistol" 28 {cell 2 0}}
				{item "colt" filling "ammo pistol" 7 {cell 0 0}}
			}
		}
		{Player 1}
		{MID 96}
		{NameId 99 41}
		{LastItem "colt"}
		{FsmState "board"}
	}
	{Human "x.a.tankman" 0x8063
		{Position 3046.09 -3061.78 -4.91371}
		{Orientation
			 -0.741193   0.665107   0.090919
			  0.669715   0.741917   0.032270
			  0.045991  -0.084808   0.995335
		}
		{Extender "inventory"
			{box
				{clear}
				{item "ammo pistol" 28 {cell 2 0}}
				{item "colt" filling "ammo pistol" 7 {cell 0 0}}
			}
		}
		{Player 1}
		{MID 97}
		{NameId 74 28}
		{LastItem "colt"}
		{FsmState "board"}
	}
	{Human "usa.tankman" 0x8064
		{Position 3046.09 -3061.78 -4.91371}
		{Orientation
			 -0.741193   0.665107   0.090919
			  0.669715   0.741917   0.032270
			  0.045991  -0.084808   0.995335
		}
		{Player 1}
		{MID 98}
		{NameId 144 92}
		{LastItem "m3a"}
		{FsmState "board"}
	}
	{Human "usa.tankman" 0x8065
		{Position 3046.09 -3061.78 -4.91371}
		{Orientation
			 -0.741193   0.665107   0.090919
			  0.669715   0.741917   0.032270
			  0.045991  -0.084808   0.995335
		}
		{Player 1}
		{MID 99}
		{NameId 135 24}
		{LastItem "m3a"}
		{FsmState "board"}
	}
	{Entity "lcm" 0x8066
		{Position 5213.59 -3059.26 -10}
		{Turn 157.317}
		{Player 1}
		{MID 100}
		
	}
	{Entity "m4a2" 0x8067
		{Position 5160.2 -3038.57 -10.747}
		{Orientation
			 -0.922499   0.385769  -0.013295
			 -0.385620  -0.922573  -0.012525
			 -0.017097  -0.006428   0.999833
		}
		{TexMod "n277"}
		{DisableObstacles}
		{Player 1}
		{MID 101}
		
	}
	{Entity "lcm" 0x8068
		{Position 3415.52 -3715.22 -10}
		{Turn 129.116}
		{Player 1}
		{MID 102}
		
	}
	{Entity "m3a1" 0x8069
		{Position 3378.24 -3671.75 -10.747}
		{Orientation
			 -0.630693   0.775919  -0.013295
			 -0.775822  -0.630828  -0.012525
			 -0.018105   0.002415   0.999833
		}
		{DisableObstacles}
		{Player 1}
		{MID 103}
		
	}
	{Entity "m4a2" 0x806a
		{Position 4182.68 -2442.89 -5.67071}
		{Turn 143.19}
		{TexMod "n277"}
		{Extender "inventory"
			{box
				{clear}
				{item "bullet75 fg" 3 {cell 0 1}}
				{item "bullet75 ap" 5 {cell 0 2}}
				{item "ammo mgun" 400 {cell 0 0}}
			}
		}
		{Player 1}
		{MID 104}
		
	}
	{Entity "m3a1" 0x806b
		{Position 2783.3 -3162.02 -3.77659}
		{Turn 165.32}
		{Extender "inventory"
			{box
				{clear}
				{item "ammo mgun" 400 {cell 3 0}}
			}
		}
		{Player 1}
		{MID 105}
		
	}
	{Human "usa.seaman" 0x806c
		{Position 3452.57 -3794.57 10.6084}
		{Orientation
			 -0.630693   0.775919  -0.013295
			 -0.775822  -0.630828  -0.012525
			 -0.018105   0.002415   0.999833
		}
		{DisableObstacles}
		{Player 1}
		{MID 106}
		{NameId 69 66}
		{FsmState "board"}
	}
	{Human "usa.seaman" 0x806d
		{Position 3459.88 -3734.21 3.88423}
		{Orientation
			 -0.630693   0.775919  -0.013295
			 -0.775822  -0.630828  -0.012525
			 -0.018105   0.002415   0.999833
		}
		{DisableObstacles}
		{Player 1}
		{MID 107}
		{NameId 125 17}
		{FsmState "board"}
	}
	{Human "usa.seaman" 0x806e
		{Position 5261.65 -3055.03 3.88423}
		{Orientation
			 -0.922499   0.385769  -0.013295
			 -0.385620  -0.922573  -0.012525
			 -0.017097  -0.006428   0.999833
		}
		{DisableObstacles}
		{Player 1}
		{MID 108}
		{NameId 102 2}
		{FsmState "board"}
	}
	{Human "usa.seaman" 0x806f
		{Position 5283.74 -3111.69 10.6084}
		{Orientation
			 -0.922499   0.385769  -0.013295
			 -0.385620  -0.922573  -0.012525
			 -0.017097  -0.006428   0.999833
		}
		{DisableObstacles}
		{Player 1}
		{MID 109}
		{NameId 87 25}
		{FsmState "board"}
	}
	{Human "usa.tankman" 0x8070
		{Position 4182.68 -2442.89 -5.67071}
		{Orientation
			 -0.796120   0.595792   0.105943
			  0.600242   0.799709   0.013257
			  0.076826  -0.074145   0.994284
		}
		{Player 1}
		{MID 110}
		{NameId 69 67}
		{LastItem "m3a"}
		{FsmState "board"}
	}
	{Human "usa.tankman" 0x8071
		{Position 4182.68 -2442.89 -5.67071}
		{Orientation
			 -0.796120   0.595792   0.105943
			  0.600242   0.799709   0.013257
			  0.076826  -0.074145   0.994284
		}
		{Player 1}
		{MID 111}
		{NameId 125 18}
		{LastItem "m3a"}
		{FsmState "board"}
	}
	{Human "x.a.tankman" 0x8072
		{Position 4182.68 -2442.89 -5.67071}
		{Orientation
			 -0.796120   0.595792   0.105943
			  0.600242   0.799709   0.013257
			  0.076826  -0.074145   0.994284
		}
		{Extender "inventory"
			{box
				{clear}
				{item "ammo pistol" 28 {cell 2 0}}
				{item "colt" filling "ammo pistol" 7 {cell 0 0}}
			}
		}
		{Player 1}
		{MID 112}
		{NameId 102 3}
		{LastItem "colt"}
		{FsmState "board"}
	}
	{Human "x.a.tankman" 0x8073
		{Position 4182.68 -2442.89 -5.67071}
		{Orientation
			 -0.796120   0.595792   0.105943
			  0.600242   0.799709   0.013257
			  0.076826  -0.074145   0.994284
		}
		{Extender "inventory"
			{box
				{clear}
				{item "ammo pistol" 28 {cell 2 0}}
				{item "colt" filling "ammo pistol" 7 {cell 0 0}}
			}
		}
		{Player 1}
		{MID 113}
		{NameId 87 26}
		{LastItem "colt"}
		{FsmState "board"}
	}
	{Human "usa.marine2.smg" 0x8074
		{Position 2786.74 -3152.29 9.58763}
		{Orientation
			 -0.966469   0.253195   0.042778
			 -0.256595  -0.958665  -0.122990
			  0.009869  -0.129843   0.991489
		}
		{DisableObstacles}
		{Player 1}
		{MID 114}
		{NameId 69 68}
		{LastItem "m3a"}
		{FsmState "board"}
	}
	{Human "usa.marine2.all" 0x8075
		{Position 2788.62 -3173.39 14.7926}
		{Orientation
			 -0.966469   0.253195   0.042778
			 -0.256509  -0.959697  -0.114957
			  0.011947  -0.122075   0.992464
		}
		{Extender "inventory"
			{box
				{clear}
				{item "m3a" filling "ammo pistol" 30 {cell 0 0}}
				{item "ammo pistol" 60 {cell 6 0}}
			}
			{armor "head"
				{Item "helmet1_usa"}
			}
			{armor "body"
				{Removed}
			}
		}
		{DisableObstacles}
		{Player 1}
		{MID 115}
		{NameId 125 19}
		{FsmState "board"}
	}
	{Human "usa.marine2.all" 0x8076
		{Position 2834.46 -3185.83 6.1671}
		{Orientation
			  0.256567   0.958996   0.120412
			 -0.966469   0.253195   0.042778
			  0.010536  -0.127350   0.991802
		}
		{DisableObstacles}
		{Player 1}
		{MID 116}
		{NameId 102 4}
		{LastItem "m3a"}
		{FsmState "board"}
	}
	{Human "usa.marine2.all" 0x8077
		{Position 2829.19 -3165.98 8.77277}
		{Orientation
			 -0.254538  -0.959528  -0.120502
			  0.967029  -0.251436  -0.040541
			  0.008603  -0.126843   0.991887
		}
		{DisableObstacles}
		{Player 1}
		{MID 117}
		{NameId 87 27}
		{LastItem "m3a"}
		{FsmState "board"}
	}
	{Human "usa.marine2.all" 0x8078
		{Position 2808.23 -3160.48 9.70064}
		{Orientation
			 -0.254538  -0.959528  -0.120502
			  0.967029  -0.251436  -0.040541
			  0.008603  -0.126843   0.991887
		}
		{Extender "inventory"
			{box
				{clear}
				{item "ammo pistol" 60 {cell 6 0}}
				{item "m3a" filling "ammo pistol" 30 {cell 0 0}}
			}
			{armor "head"
				{Item "helmet1_usa"}
			}
			{armor "body"
				{Item "usa_equip"}
			}
		}
		{DisableObstacles}
		{Player 1}
		{MID 118}
		{NameId 99 42}
		{LastItem "m3a"}
		{FsmState "board"}
	}
	{Human "usa.marine2.all" 0x8079
		{Position 2818.63 -3163.21 9.24036}
