;Exported by: ubrashaev
;Date:        Wed Sep 29 11:10:10 2004
;File:        D:\-Projects-\-work-\3d\construction\oldfarm\oldfarm_x.max
{Skeleton
	{animation
		{sequence "crush" {speed 0.6}}
	}
	{bone "oldfarm_corner4"
		{parameters "CommonMesh;"}
		{Orientation
			1.0000	0.0000	0.0000
			0.0000	-1.0000	0.0000
			0.0000	0.0000	1.0000
		}
		{VolumeView "oldfarm_corner4.ply"}
		{bone "piece1"
			{Matrix34
				-0.0000	-1.0000	-0.0000
				1.0000	-0.0000	0.0000
				-0.0000	-0.0000	1.0000
				71.2051	-48.9213	20.9237
			}
			{VolumeView "piece1.ply"}
		}
		{bone "piece2"
			{Matrix34
				-0.0000	-1.0000	-0.0000
				1.0000	-0.0000	0.0000
				-0.0000	-0.0000	1.0000
				71.2051	-13.7658	9.6137
			}
			{VolumeView "piece2.ply"}
		}
		{bone "piece3"
			{Matrix34
				-0.0000	-1.0000	-0.0000
				1.0000	-0.0000	0.0000
				-0.0000	-0.0000	1.0000
				71.2051	13.5670	21.5835
			}
			{VolumeView "piece3.ply"}
		}
		{bone "piece4"
			{Matrix34
				-0.0000	-1.0000	-0.0000
				1.0000	-0.0000	0.0000
				-0.0000	-0.0000	1.0000
				71.2051	35.8101	29.1236
			}
			{VolumeView "piece4.ply"}
		}
		{bone "piece5"
			{Position 45.7591	44.1179	26.5788}
		}
		{bone "piece6"
			{Position 7.7761	44.1179	25.1650}
			{VolumeView "piece6.ply"}
		}
		{bone "piece7"
			{Position -24.2691	44.1179	43.9209}
			{VolumeView "piece7.ply"}
		}
		{bone "piece8"
			{Position -51.6019	44.1179	17.7192}
			{VolumeView "piece8.ply"}
		}
		{bone "exterior"
			{Position -10.4530	-2.4147	84.4791}
		}
		{bone "piece9"
			{Matrix34
				-0.0000	-0.7660	0.6428
				1.0000	-0.0000	0.0000
				0.0000	0.6428	0.7660
				71.2051	-15.7069	30.6914
			}
			{VolumeView "piece9.ply"}
		}
	}
}
{Volume "piece9"
	{Box 5.25 22.2432 14.066}
	{Bone "piece9"}
	{Matrix34
		-0.0000	1.0000	-0.0000
		-0.9848	-0.0000	0.1736
		0.1736	0.0000	0.9848
		-0.2867	0.0000	-0.8024
	}
}
{Volume "piece8"
	{Box 5.25 19.5188 30.2866}
	{Bone "piece8"}
	{Matrix34
		-0.0000	1.0000	0.0000
		-0.7660	-0.0000	0.6428
		0.6428	0.0000	0.7660
		3.2360	-0.4369	-1.4258
	}
}
{Volume "piece7"
	{Box 5.25 19.5188 34.2238}
	{Bone "piece7"}
	{Matrix34
		-0.0000	1.0000	-0.0000
		-0.7071	-0.0000	-0.7071
		-0.7071	-0.0000	0.7071
		-0.1695	-0.4369	-0.7990
	}
}
{Volume "piece6"
	{Box 5.25 26.025 24.825}
	{Bone "piece6"}
	{Matrix34
		-0.0000	1.0000	-0.0000
		-0.8192	-0.0000	0.5736
		0.5736	0.0000	0.8192
		3.2750	-0.4369	0.5456
	}
}
{Volume "piece5"
	{Box 5.25 32.943 15.6132}
	{Bone "piece5"}
	{Matrix34
		-0.0000	1.0000	-0.0000
		-0.4226	-0.0000	0.9063
		0.9063	0.0000	0.4226
		-3.1234	-0.6105	-2.1020
	}
}
{Volume "piece4"
	{Box 5.25 12.4784 14.066}
	{Bone "piece4"}
	{Matrix34
		-0.0000	1.0000	-0.0000
		-0.7071	-0.0000	0.7071
		0.7071	0.0000	0.7071
		-1.3061	-0.0000	1.5051
	}
}
{Volume "piece3"
	{Box 5.25 31.7366 18.0045}
	{Bone "piece3"}
	{Matrix34
		-0.0000	1.0000	-0.0000
		0.5000	0.0000	0.8660
		0.8660	0.0000	-0.5000
		-0.0778	-0.0000	1.0974
	}
}
{Volume "piece2"
	{Box 5.25 22.2432 14.066}
	{Bone "piece2"}
	{Matrix34
		-0.0000	1.0000	-0.0000
		-0.9848	-0.0000	0.1736
		0.1736	0.0000	0.9848
		-0.2867	0.0000	-0.8024
	}
}
{Volume "piece1"
	{Box 5.25 29.361 15.6132}
	{Bone "piece1"}
	{Matrix34
		-0.0000	1.0000	-0.0000
		-0.6428	-0.0000	0.7660
		0.7660	0.0000	0.6428
		-1.2732	0.3323	-0.2990
	}
}
