{mission
	{Camera
		{Position -1660.01 1715.11}
		{Distance 1031.26}
		{ViewAngle 0.523599}
		{YawAngle -6.86714}
	}
	{Environment "day1"}
	{User 1}
	{GameProgress 0 0}
	{Entity "_infantry2_rus" 0x8669
		{Position 2628.71 -284.403 108}
		{Turn -28.7717}
		{Extender "inventory"
			{box
				{clear}
				{item "ammo pistol" 20 {cell 0 0}}
				{item "grenade m39" {cell 2 0}}
			}
		}
		{Player 2}
		{MID 2}
		{Weaponry
			{State
				{Mounted "mp40"}
				{Weapon
					{Ammo "ammo pistol" 32}
				}
			}
		}
		{Breed "ger.infantry_smg"}
		{Cover
			{sector 2628.71 -284.403 {type "hide_stand"}
				{wall 0 0 2607.1 -309.214 2638.65 -251.758}
			}
		}
		{FsmState "stand"}
	}
	{Entity "_infantry2_rus" 0x866a
		{Position 3050.95 191.406 107.222}
		{Turn 87.7096}
		{Extender "inventory"
			{box
				{clear}
				{item "mg34" {cell 0 0}}
				{item "ammo mgun" 100 {cell 6 0}}
				{item "ammo mgun" 100 {cell 6 1}}
				{item "grenade m39" {cell 5 0}}
			}
		}
		{Player 2}
		{MID 3}
		{Breed "ger.infantry_mgun"}
		{Cover
			{sector 3014 195 {type "bush_stand"}
			}
		}
		{FsmState "stand"}
	}
	{Entity "_infantry2_rus" 0x866b
		{Position 2640.72 -320.048 108}
		{Turn 61.2309}
		{Extender "inventory"
			{box
				{clear}
				{item "ammo pistol" 20 {cell 0 0}}
				{item "grenade m24" {cell 4 0}}
			}
		}
		{Player 2}
		{MID 4}
		{Weaponry
			{State
				{Mounted "mp40"}
				{Weapon
					{Ammo "ammo pistol" 32}
				}
			}
		}
		{Breed "ger.infantry_smg"}
		{Cover
			{sector 2640.72 -320.048 {type "hide_stand"}
				{wall 0 0 2732.26 -378.294 2599.36 -305.325}
			}
		}
		{FsmState "stand"}
	}
	{Entity "_infantry2_rus" 0x866c
		{Position -1396.39 721.149 11.2781}
		{Turn -96.0003}
		{Extender "inventory"
			{box
				{clear}
				{item "mauzer" {cell 0 0}}
				{item "ammo rifle" 6 {cell 4 0}}
			}
		}
		{Player 2}
		{MID 8}
		{Breed "ger.infantry_rifle"}
		{FsmState "stand"}
	}
	{Entity "_infantry2_rus" 0x866d
		{Position -1376.51 701.791 8.65103}
		{Turn 168}
		{Extender "inventory"
			{box
				{clear}
				{item "ammo mgun" 100 {cell 0 1}}
				{item "mg34" filling "ammo mgun" 50 {cell 2 0}}
				{item "grenade m39" {cell 0 0}}
			}
		}
		{Player 2}
		{MID 5}
		{Breed "ger.infantry_mgun"}
		{FsmState "stand"}
	}
	{Entity "_infantry2_rus" 0x866e
		{Position -1717.36 654.108 18}
		{Turn -57.2941}
		{Extender "inventory"
			{box
				{clear}
				{item "ammo pistol" 20 {cell 0 0}}
				{item "mp40" {cell 0 1}}
				{item "grenade m39" {cell 2 0}}
			}
		}
		{Player 2}
		{MID 6}
		{Breed "ger.infantry_smg"}
		{FsmState "stand"}
	}
	{Entity "_infantry2_rus" 0x866f
		{Position -2844.13 -2711.67 36.6093}
		{Orientation
			  0.815060   0.579031   0.019600
			 -0.579147   0.815223  -0.000000
			 -0.015980  -0.011350   0.999800
		}
		{Extender "inventory"
			{box
				{clear}
				{item "valter" {cell 0 0}}
				{item "ammo pistol" 42 {cell 4 0}}
				{item "knife hand" {cell 6 0}}
			}
		}
		{DisableObstacles}
		{Player 2}
		{MID 7}
		{Breed "ger.oficer"}
		{FsmState "board"}
	}
	{Entity "bmw-r12" 0x8671
		{Position 8060.82 -1539.07 15}
		{Turn 145.028}
		{Extender "inventory"
			{box
				{clear}
				{item "ammo mgun" 1000 {cell 0 0}}
				{item "ammo mgun" 50 {cell 2 0}}
			}
		}
		{Player 2}
		{MID 10}
		{Weaponry
			{State
				{Weapon
					{Ammo "ammo mgun" 50}
				}
			}
		}
	}
	{Entity "sdkfz-223" 0x8672
		{Position 8043.14 -1426.21 15}
		{Turn 148.287}
		{Extender "inventory"
			{box
				{clear}
				{item "ammo mgun" 1050 {cell 0 0}}
			}
		}
		{Player 2}
		{MID 11}
		{Weaponry
			{State
				{Weapon
					{Ammo "ammo mgun" 50}
				}
			}
		}
		{Chassis
			{FuelBag
				{Remain 10}
			}
		}
	}
	{Entity "_infantry2_rus" 0x8673
		{Position 8051.42 -1431.32 34.0236}
		{Turn 148.287}
		{Extender "inventory"
			{box
				{clear}
				{item "mp41" {cell 0 0}}
				{item "ammo pistol" 60 {cell 4 0}}
			}
		}
		{DisableObstacles}
		{Player 2}
		{MID 12}
		{Breed "ger.tankman"}
		{FsmState "board"}
	}
	{Entity "_infantry2_rus" 0x8674
		{Position 8031.66 -1412.01 24.2704}
		{Orientation
			 -0.783402   0.484084   0.389700
			 -0.525665  -0.850692  -0.000000
			  0.331515  -0.204851   0.920900
		}
		{Extender "inventory"
			{box
				{clear}
				{item "ammo pistol" 20 {cell 0 0}}
				{item "mp40" {cell 0 1}}
				{item "grenade m24" {cell 4 0}}
			}
		}
		{DisableObstacles}
		{Player 2}
		{MID 13}
		{Breed "ger.infantry_smg"}
		{FsmState "board"}
	}
	{Entity "_infantry2_rus" 0x8675
		{Position 8063.12 -1550.65 15.3124}
		{Turn 145.028}
		{Extender "inventory"
			{box
				{clear}
				{item "ammo pistol" 20 {cell 0 0}}
				{item "mp40" {cell 0 1}}
				{item "grenade m24" {cell 4 0}}
			}
		}
		{DisableObstacles}
		{Player 2}
		{MID 14}
		{Breed "ger.infantry_smg"}
		{FsmState "board"}
	}
	{Entity "_infantry2_rus" 0x8676
		{Position 8068.88 -1536.83 14.1494}
		{Orientation
			 -0.815007   0.570081  -0.103900
			 -0.573176  -0.819432   0.000000
			 -0.085139   0.059553   0.994600
		}
		{Extender "inventory"
			{box
				{clear}
				{item "mauzer" {cell 0 0}}
				{item "ammo rifle" 6 {cell 4 0}}
			}
		}
		{DisableObstacles}
		{Player 2}
		{MID 15}
		{Breed "ger.infantry_rifle"}
		{FsmState "board"}
	}
	{Entity "_infantry2_rus" 0x8677
		{Position 8075.62 -1541.54 21.953}
		{Orientation
			 -0.806977   0.564464   0.173600
			 -0.573176  -0.819432   0.000000
			  0.142253  -0.099503   0.984800
		}
		{Extender "inventory"
			{box
				{clear}
				{item "ammo pistol" 20 {cell 0 0}}
				{item "mp40" {cell 0 1}}
				{item "grenade m24" {cell 4 0}}
			}
		}
		{DisableObstacles}
		{Player 2}
		{MID 16}
		{Breed "ger.infantry_smg"}
		{FsmState "board"}
	}
	{Entity "_infantry2_rus" 0x8678
		{Position 4193.38 2646.48 0}
		{Turn -114.471}
		{Extender "inventory"
			{box
				{clear}
				{item "ammo pistol" 20 {cell 0 0}}
				{item "mp40" {cell 0 1}}
				{item "grenade m24" {cell 4 0}}
				{item "grenade smoke" {cell 6 0}}
				{item "grenade smoke" {cell 7 0}}
			}
		}
		{Player 2}
		{MID 17}
		{Breed "ger.infantry_smg"}
		{FsmState "stand"}
	}
	{Entity "_infantry2_rus" 0x8679
		{Position 4160.92 2527.39 0}
		{Turn -108.358}
		{Extender "inventory"
			{box
				{clear}
				{item "mp40" {cell 0 0}}
				{item "ammo pistol" 60 {cell 4 0}}
				{item "grenade m24" {cell 6 0}}
				{item "grenade smoke" {cell 7 1}}
				{item "grenade smoke" {cell 6 1}}
			}
		}
		{Player 2}
		{MID 18}
		{Breed "ger.infantry_ss"}
		{FsmState "stand"}
	}
	{Entity "_infantry2_rus" 0x867a
		{Position 4177.08 2576.79 0}
		{Turn -112.17}
		{Extender "inventory"
			{box
				{clear}
				{item "mp40" {cell 0 0}}
				{item "ammo pistol" 60 {cell 4 0}}
				{item "grenade m24" {cell 6 0}}
				{item "grenade smoke" {cell 7 1}}
				{item "grenade smoke" {cell 6 1}}
			}
		}
		{Player 2}
		{MID 22}
		{Breed "ger.infantry_ss"}
		{FsmState "stand"}
	}
	{Entity "_infantry2_rus" 0x867b
		{Position 4051.2 1392.31 0}
		{Turn 159.824}
		{Extender "inventory"
			{box
				{clear}
				{item "valter" {cell 0 0}}
				{item "ammo pistol" 42 {cell 4 0}}
				{item "knife hand" {cell 6 0}}
			}
		}
		{Player 2}
		{MID 20}
		{Breed "ger.oficer"}
		{Cover
			{sector 4051.2 1392.31 {type "hide_stand"}
				{wall 0 0 4082.54 1457.32 4031.61 1318.72}
			}
		}
		{FsmState "stand"}
	}
	{Entity "_infantry2_rus" 0x867c
		{Position 3155.26 -39.9409 86.9687}
		{Turn 145.237}
		{Extender "inventory"
			{box
				{clear}
				{item "ammo pistol" 20 {cell 0 0}}
				{item "mp40" {cell 0 1}}
				{item "grenade m24" {cell 4 0}}
			}
		}
		{Player 2}
		{MID 19}
		{Breed "ger.infantry_smg"}
		{FsmState "stand"}
	}
	{Entity "_infantry2_rus" 0x867d
		{Position 3141.97 -9.93212 98.0283}
		{Turn 114.209}
		{Extender "inventory"
			{box
				{clear}
				{item "valter" {cell 0 0}}
				{item "ammo pistol" 42 {cell 4 0}}
				{item "knife hand" {cell 6 0}}
			}
		}
		{Player 2}
		{MID 21}
		{Breed "ger.oficer"}
		{FsmState "stand"}
	}
	{Entity "_infantry2_rus" 0x867e
		{Position 3127.23 -29.9433 93.294}
		{Turn 130.007}
		{Extender "inventory"
			{box
				{clear}
				{item "mauzer" {cell 0 0}}
				{item "ammo rifle" 6 {cell 4 0}}
			}
		}
		{Player 2}
		{MID 23}
		{Breed "ger.infantry_rifle"}
		{FsmState "stand"}
	}
	{Entity "pz-3g" 0x867f
		{Position -3080.52 -2758.19 17.895}
		{Turn 36.3674}
		{Extender "inventory"
			{box
				{clear}
				{item "ammo mgun" 100 {cell 0 0}}
				{item "bullet50 ap" 3 {cell 0 1}}
				{item "bullet50 fg" 2 {cell 0 2}}
			}
		}
		{Player 2}
		{MID 24}
		{Chassis
			{FuelBag
				{Remain 10}
			}
		}
	}
	{Entity "_infantry2_rus" 0x8680
		{Position -3080.52 -2758.19 17.895}
		{Orientation
			  0.805215   0.592950  -0.006206
			  0.592929  -0.804959   0.021820
			 -0.007942   0.021250   0.999743
		}
		{Extender "inventory"
			{box
				{clear}
				{item "mp41" {cell 0 0}}
				{item "ammo pistol" 60 {cell 4 0}}
			}
		}
		{Player 2}
		{MID 25}
		{Breed "ger.tankman"}
		{FsmState "board"}
	}
	{Entity "_infantry2_rus" 0x8681
		{Position -3080.52 -2758.19 17.895}
		{Orientation
			  0.805215   0.592950  -0.006206
			  0.592929  -0.804959   0.021820
			 -0.007942   0.021250   0.999743
		}
		{Extender "inventory"
			{box
				{clear}
				{item "mp41" {cell 0 0}}
				{item "ammo pistol" 60 {cell 4 0}}
			}
		}
		{Player 2}
		{MID 26}
		{Breed "ger.tankman"}
		{FsmState "board"}
	}
	{Entity "_infantry2_rus" 0x8682
		{Position -3080.52 -2758.19 17.895}
		{Orientation
			  0.805215   0.592950  -0.006206
			  0.592929  -0.804959   0.021820
			 -0.007942   0.021250   0.999743
		}
		{Extender "inventory"
			{box
				{clear}
				{item "mp41" {cell 0 0}}
				{item "ammo pistol" 60 {cell 4 0}}
			}
		}
		{Player 2}
		{MID 27}
		{Breed "ger.tankman"}
		{FsmState "board"}
	}
	{Entity "_infantry2_rus" 0x8683
		{Position -3080.52 -2758.19 17.895}
		{Orientation
			  0.805215   0.592950  -0.006206
			  0.592929  -0.804959   0.021820
			 -0.007942   0.021250   0.999743
		}
		{Extender "inventory"
			{box
				{clear}
				{item "mp41" {cell 0 0}}
				{item "ammo pistol" 60 {cell 4 0}}
			}
		}
		{Player 2}
		{MID 28}
		{Breed "ger.tankman"}
		{FsmState "board"}
	}
	{Entity "blitz-3.6" 0x8684
		{Position 510.615 -3120.71 118}
		{Turn 139.915}
		{Player 2}
		{MID 29}
	}
	{Entity "_infantry2_rus" 0x8685
		{Position 499.316 -3102.17 137.609}
		{Orientation
			 -0.765001   0.643718   0.019600
			 -0.643847  -0.765154   0.000000
			  0.014996  -0.012621   0.999800
		}
		{Extender "inventory"
			{box
				{clear}
				{item "ammo pistol" 20 {cell 0 0}}
				{item "mp40" {cell 0 1}}
				{item "grenade m24" {cell 4 0}}
			}
		}
		{DisableObstacles}
		{Player 2}
		{MID 30}
		{Breed "ger.infantry_smg"}
		{FsmState "board"}
	}
	{Entity "_infantry2_rus" 0x8686
		{Position 489.453 -3113.89 137.609}
		{Orientation
			 -0.765001   0.643718   0.019600
			 -0.643847  -0.765154   0.000000
			  0.014996  -0.012621   0.999800
		}
		{Extender "inventory"
			{box
				{clear}
				{item "mauzer" {cell 0 0}}
				{item "ammo rifle" 6 {cell 4 0}}
			}
		}
		{DisableObstacles}
		{Player 2}
		{MID 31}
		{Breed "ger.infantry_rifle"}
		{FsmState "board"}
	}
	{Entity "_infantry2_rus" 0x8687
		{Position 4034.23 1346.14 0}
		{Turn 159.824}
		{Player 3}
		{MID 32}
		{Breed "rus.infantry_smg"}
		{Cover
			{sector 4034.23 1346.14 {type "hide_stand"}
				{wall 0 0 4082.54 1457.32 4031.61 1318.72}
			}
		}
		{FsmState "stand"}
	}
	{Entity "_infantry2_rus" 0x8688
		{Position -1799.64 2003.12 0}
		{Turn -56.6686}
		{Extender "vitality"
			{Health
				{Max 250}
				{Current 250}
			}
		}
		{Extender "inventory"
			{box
				{clear}
				{item "ppsh" {cell 0 0}}
				{item "ammo pistol" 100 {cell 4 0}}
				{item "ammo pistol" 42 {cell 6 0}}
				{item "bandage" 5 {cell 6 1}}
				{item "grenade rpg40" {cell 4 1}}
			}
		}
		{Player 1}
		{MID 33}
		{Breed "rus.infantry_smg"}
		{FsmState "stand"}
	}
	{Entity "_infantry2_rus" 0x8689
		{Position -1833.68 2008.6 0}
		{Turn -42.6798}
		{Extender "vitality"
			{Health
				{Max 250}
				{Current 250}
			}
		}
		{Extender "inventory"
			{box
				{clear}
				{item "mosin" {cell 0 0}}
				{item "bandage" 5 {cell 0 2}}
				{item "grenade f1" {cell 3 3}}
				{item "grenade f1" {cell 2 3}}
				{item "ammo rifle" 10 {cell 4 0}}
				{item "grenade rpg40" {cell 0 3}}
				{item "ammo rifle" 2 {cell 6 0}}
				{item "ammo rifle" 10 {cell 5 0}}
			}
		}
		{Player 1}
		{MID 34}
		{Breed "rus.infantry_rifle"}
		{FsmState "stand"}
	}
	{Entity "_infantry2_rus" 0x868a
		{Position -912.758 609.536 15}
		{Turn -72.4669}
		{Extender "inventory"
			{box
				{clear}
				{item "ammo pistol" 20 {cell 0 0}}
				{item "mp40" {cell 0 1}}
				{item "grenade m24" {cell 4 0}}
			}
		}
		{Player 2}
		{MID 35}
		{Breed "ger.infantry_smg"}
		{FsmState "stand"}
	}
	{Entity "_infantry2_rus" 0x868b
		{Position 3853.74 -623.652 3}
		{Extender "inventory"
			{box
				{clear}
				{item "ammo pistol" 20 {cell 0 0}}
				{item "mp40" {cell 0 1}}
				{item "grenade m24" {cell 4 0}}
			}
		}
		{Player 2}
		{MID 36}
		{Breed "ger.infantry_smg"}
		{FsmState "stand"}
	}
	{Entity "_infantry2_rus" 0x868c
		{Position 3830.88 -636.074 3}
		{Extender "inventory"
			{box
				{clear}
				{item "ammo pistol" 20 {cell 0 0}}
				{item "mp40" {cell 0 1}}
				{item "grenade m24" {cell 4 0}}
			}
		}
		{Player 2}
		{MID 37}
		{Breed "ger.infantry_smg"}
		{FsmState "stand"}
	}
	{Entity "_infantry2_rus" 0x868d
		{Position 3862.33 -653.127 3}
		{Extender "inventory"
			{box
				{clear}
				{item "mp40" {cell 0 0}}
				{item "ammo pistol" 60 {cell 4 0}}
				{item "grenade m24" {cell 6 0}}
			}
		}
		{Player 2}
		{MID 38}
		{Breed "ger.infantry_ss"}
		{FsmState "stand"}
	}
	{Entity "_infantry2_rus" 0x868e
		{Position 2604.64 327.824 108}
		{Extender "inventory"
			{box
				{clear}
				{item "mauzer" {cell 0 0}}
				{item "ammo rifle" 6 {cell 4 0}}
			}
		}
		{Player 2}
		{MID 39}
		{Breed "ger.infantry_rifle"}
		{FsmState "stand"}
	}
	{Entity "steam_locomotive" 0x8699
		{Position 911.159 3364.6 13}
		{Turn -40.7917}
		{TexMod "2"}
		{Player 2}
		{MID 47}
		{Chassis
			{Locomotive 1}
			{MaxSpeed 3}
		}
	}
	{Entity "_infantry2_rus" 0x869a
		{Position 807.458 3424.75 51.4949}
		{Turn -40.7917}
		{Impregnability}
		{DisableObstacles}
		{Player 2}
		{MID 54}
		{Breed "ger.infantry_smg"}
		{FsmState "board"}
	}
	{Entity "tendor" 0x869d
		{Position 736.101 3515.67 13}
		{Turn -40.7921}
		{TexMod "2"}
		{Player 2}
		{MID 42}
		{Able {select 0}}
		{Chassis
			{Uplink 47}
		}
	}
	{Entity "steam_locomotive" 0x869e
		{Position 7710.82 -710.068 13}
		{Turn 155.871}
		{Player 2}
		{MID 53}
		{Chassis
			{Locomotive 1}
			{MaxSpeed 3}
		}
	}
	{Entity "tendor" 0x869f
		{Position 7922.04 -804.15 13}
		{Turn 156.061}
		{Player 2}
		{MID 56}
		{Chassis
			{Uplink 53}
		}
	}
	{Entity "_infantry2_rus" 0x86a0
		{Position 7827.41 -737.956 51.4949}
		{Turn 155.871}
		{DisableObstacles}
		{Player 2}
		{MID 57}
		{Breed "ger.infantry_smg"}
		{FsmState "board"}
	}
	{Entity "barrel1" 0x8001
		{Position 1993.66 -472.718 108}
		{Extender "stuff"
			{Item "barrel" filling "fuel" 50}
		}
	}
	{Entity "barrel1" 0x8003
		{Position 1978.37 -461.022 108}
		{Extender "stuff"
			{Item "barrel" filling "fuel" 50}
		}
	}
	{Entity "barrel1" 0x8004
		{Position 2591.52 -238.682 108}
		{Extender "stuff"
			{Item "barrel" filling "fuel" 50}
		}
	}
	{Entity "barrel1" 0x8005
		{Position 2605.42 -262.106 108}
		{Extender "stuff"
			{Item "barrel" filling "fuel" 50}
		}
	}
	{Entity "box1" 0x800b
		{Position 1884.01 -796.685 108}
		{Extender "inventory"
			{box
				{clear}
				{item "bullet20 zenite" 30 {cell 5 0}}
			}
		}
	}
	{Entity "boxes1" 0x800c
		{Position 1932.42 -775.779 108}
		{Turn -29.5502}
		{Extender "inventory"
			{box
				{clear}
				{item "dynamite" 4 {cell 0 0}}
			}
		}
	}
	{Entity "cistern" 0x8006
		{Position 598.021 3634.82 13}
		{Turn -40.7917}
		{Player 2}
		{MID 44}
		{Able {select 0}}
		{Chassis
			{Uplink 42}
		}
	}
	{Entity "tradevan" 0x8008
		{Position 441.722 3768.98 13}
		{Turn 139.206}
		{Player 2}
		{MID 51}
		{Able {select 0}}
		{Chassis
			{Uplink 44}
		}
	}
	{Entity "platform_can" 0x800a
		{Position 1077.31 3222.23 13}
		{Turn 139.208}
		{TexMod "ambush7"}
		{Player 2}
		{MID 55}
		{Able {select 0}}
		{Chassis
			{Uplink 47}
		}
	}
	{Entity "rail" 0x800d
		{Position 4820.02 1374.86 8.00201}
	}
	{Entity "crane_m" 0x800e
		{Position 4749.86 1195.06 13}
		{Turn -163.116}
		{Player 2}
		{MID 58}
		{Able {select 0}}
	}
	{Entity "sdkfz232" 0x8000
		{Position -1308.53 653.469 10.5712}
		{Turn -112.406}
		{Player 2}
		{MID 9}
		{Weaponry
			{State "gun"
				{Weapon
					{Ammo "bullet20 zenite" 1}
				}
			}
			{State "mgun"
				{Weapon
					{Ammo "ammo mgun" 50}
				}
			}
		}
	}
	{Entity "_infantry2_rus" 0x8002
		{Position -1308.53 653.469 10.5712}
		{Orientation
			 -0.381153  -0.924477   0.008083
			 -0.922907   0.379962  -0.062223
			 -0.054452   0.031176   0.998030
		}
		{Extender "inventory"
			{box
				{clear}
				{item "mp40" {cell 0 0}}
				{item "ammo pistol" 40 {cell 4 0}}
				{item "grenade m24" {cell 6 0}}
			}
		}
		{Player 2}
		{MID 59}
		{Breed "ger.infantry_smg"}
		{FsmState "board"}
	}
	{Entity "_infantry2_rus" 0x8011
		{Position -1308.53 653.469 10.5712}
		{Orientation
			 -0.381153  -0.924477   0.008083
			 -0.922907   0.379962  -0.062223
			 -0.054452   0.031176   0.998030
		}
		{Extender "inventory"
			{box
				{clear}
				{item "mp40" {cell 0 0}}
				{item "ammo pistol" 40 {cell 4 0}}
				{item "grenade m24" {cell 6 0}}
			}
		}
		{Player 2}
		{MID 60}
		{Breed "ger.infantry_smg"}
		{FsmState "board"}
	}
	{Entity "_infantry2_rus" 0x8012
		{Position -1308.53 653.469 10.5712}
		{Orientation
			 -0.381153  -0.924477   0.008083
			 -0.922907   0.379962  -0.062223
			 -0.054452   0.031176   0.998030
		}
		{Extender "inventory"
			{box
				{clear}
				{item "mp40" {cell 0 0}}
				{item "ammo pistol" 40 {cell 4 0}}
				{item "grenade m24" {cell 6 0}}
			}
		}
		{Player 2}
		{MID 63}
		{Breed "ger.infantry_smg"}
		{FsmState "board"}
	}
	{Entity "_infantry2_rus" 0x8013
		{Position -1308.53 653.469 10.5712}
		{Orientation
			 -0.381153  -0.924477   0.008083
			 -0.922907   0.379962  -0.062223
			 -0.054452   0.031176   0.998030
		}
		{Extender "inventory"
			{box
				{clear}
				{item "mp40" {cell 0 0}}
				{item "ammo pistol" 40 {cell 4 0}}
				{item "grenade m24" {cell 6 0}}
			}
		}
		{Player 2}
		{MID 64}
		{Breed "ger.infantry_smg"}
		{FsmState "board"}
	}
	{Entity "blitz-3.6" 0x8009
		{Position -2856.04 -2730.44 17}
		{Turn 35.3848}
		{Player 2}
		{MID 40}
	}
	{Entity "_infantry2_rus" 0x800f
		{Position -2859.39 -2742.4 42.5088}
		{Orientation
			 -0.643283   0.744402   0.179000
			 -0.758594  -0.651278  -0.017400
			  0.103603  -0.147074   0.983700
		}
		{Extender "inventory"
			{box
				{clear}
				{item "ammo pistol" 40 {cell 4 0}}
				{item "grenade m24" {cell 6 0}}
				{item "mp40" filling "ammo pistol" 32 {cell 0 0}}
			}
		}
		{DisableObstacles}
		{Player 2}
		{MID 65}
		{Breed "ger.infantry_smg"}
		{LastItem "mp40"}
		{FsmState "board"}
	}
	{Entity "_infantry2_rus" 0x8010
		{Position -2835.26 -2724.15 36.6094}
		{Orientation
			  0.815060   0.579031   0.019600
			 -0.579147   0.815223  -0.000000
			 -0.015980  -0.011350   0.999800
		}
		{Extender "inventory"
			{box
				{clear}
				{item "ammo pistol" 40 {cell 4 0}}
				{item "grenade m24" {cell 6 0}}
				{item "mp40" filling "ammo pistol" 32 {cell 0 0}}
			}
		}
		{DisableObstacles}
		{Player 2}
		{MID 41}
		{Breed "ger.infantry_smg"}
		{LastItem "mp40"}
		{FsmState "board"}
	}
	{Entity "_infantry2_rus" 0x8014
		{Position -2867.51 -2748.16 43.3185}
		{Orientation
			 -0.587796   0.788719   0.180200
			 -0.803629  -0.594952  -0.017500
			  0.093410  -0.155173   0.983500
		}
		{Extender "inventory"
			{box
				{clear}
				{item "ammo mgun" 100 {cell 5 0}}
				{item "ammo mgun" 100 {cell 5 1}}
				{item "grenade m24" {cell 0 2}}
				{item "mg34" filling "ammo mgun" 50 {cell 0 0}}
			}
		}
		{DisableObstacles}
		{Player 2}
		{MID 43}
		{Breed "ger.infantry_mgun"}
		{LastItem "mg34"}
		{FsmState "board"}
	}
	{Entity "_infantry2_rus" 0x8015
		{Position 4065.97 1432.51 0}
		{Turn -20.1764}
		{Extender "inventory"
			{box
				{clear}
				{item "mp40" {cell 0 0}}
				{item "ammo pistol" 40 {cell 4 0}}
				{item "grenade m24" {cell 6 0}}
			}
		}
		{Player 2}
		{MID 45}
		{Breed "ger.infantry_smg"}
		{Cover
			{sector 4065.97 1432.51 {type "snipe_cover"}
				{wall 0 0 4082.54 1457.32 4031.61 1318.72}
			}
		}
		{FsmState "snipe"}
	}
	{Entity "_infantry2_rus" 0x8016
		{Position 4027.76 1445.26 0}
		{Turn 159.824}
		{Extender "inventory"
			{box
				{clear}
				{item "mp40" {cell 0 0}}
				{item "ammo pistol" 40 {cell 4 0}}
				{item "grenade m39" {cell 6 0}}
			}
		}
		{Player 2}
		{MID 46}
		{Breed "ger.infantry_smg"}
		{Cover
			{sector 4027.76 1445.26 {type "snipe_cover"}
				{wall 0 0 4015.29 1431.64 4031.44 1475.59}
			}
		}
		{FsmState "snipe"}
	}
	{Entity "_infantry2_rus" 0x8017
		{Position 3998.97 1363.45 0}
		{Turn 159.827}
		{Extender "inventory"
			{box
				{clear}
				{item "mg34" {cell 0 0}}
				{item "ammo mgun" 100 {cell 5 0}}
				{item "ammo mgun" 100 {cell 5 1}}
				{item "grenade m39" {cell 7 0}}
			}
		}
		{Player 2}
		{MID 48}
		{Breed "ger.infantry_mgun"}
		{Cover
			{sector 3998.97 1363.45 {type "snipe_cover"}
				{wall 0 0 3981.7 1336.73 4010.46 1415.01}
			}
		}
		{FsmState "snipe"}
	}
	{Entity "_infantry2_rus" 0x8018
		{Position 4014.96 1347.9 0}
		{Turn -110.172}
		{Extender "inventory"
			{box
				{clear}
				{item "mp40" {cell 0 0}}
				{item "ammo pistol" 40 {cell 4 0}}
				{item "grenade m24" {cell 6 0}}
			}
		}
		{Player 2}
		{MID 49}
		{Breed "ger.infantry_smg"}
		{Cover
			{sector 4014.96 1347.9 {type "snipe_cover"}
				{wall 0 0 4054.02 1326.09 3971.08 1356.56}
			}
		}
		{FsmState "snipe"}
	}
	{Entity "bmw-r12" 0x8019
		{Position -3071.84 -2881.93 17}
		{Turn 33.0134}
		{Player 2}
		{MID 52}
	}
	{Entity "bmw-r12" 0x801a
		{Position -2697.2 -2586.25 17}
		{Turn 45.8197}
		{Player 2}
		{MID 61}
	}
	{Entity "_infantry2_rus" 0x801b
		{Position -2709 -2586.67 17.3124}
		{Turn 45.8197}
		{Extender "inventory"
			{box
				{clear}
				{item "mp40" {cell 0 0}}
				{item "ammo pistol" 40 {cell 4 0}}
				{item "grenade m24" {cell 6 0}}
			}
		}
		{DisableObstacles}
		{Player 2}
		{MID 62}
		{Breed "ger.infantry_smg"}
		{FsmState "board"}
	}
	{Entity "_infantry2_rus" 0x801c
		{Position -2696.28 -2594.57 16.1494}
		{Orientation
			  0.693155   0.713278  -0.103900
			 -0.717150   0.696919   0.000000
			  0.072410   0.074512   0.994600
		}
		{Extender "inventory"
			{box
				{clear}
				{item "mp40" {cell 0 0}}
				{item "ammo pistol" 40 {cell 4 0}}
				{item "grenade m24" {cell 6 0}}
			}
		}
		{DisableObstacles}
		{Player 2}
		{MID 66}
		{Breed "ger.infantry_smg"}
		{FsmState "board"}
	}
	{Entity "_infantry2_rus" 0x801d
		{Position -3079.68 -2894.73 23.953}
		{Orientation
			  0.825797   0.536554   0.173600
			 -0.544835   0.838543   0.000000
			 -0.145571  -0.094583   0.984800
		}
		{Extender "inventory"
			{box
				{clear}
				{item "mp40" {cell 0 0}}
				{item "ammo pistol" 40 {cell 4 0}}
				{item "grenade m24" {cell 6 0}}
			}
		}
		{DisableObstacles}
		{Player 2}
		{MID 67}
		{Breed "ger.infantry_smg"}
		{FsmState "board"}
	}
	{Entity "_infantry2_rus" 0x801e
		{Position -3072.78 -2890.24 16.1494}
		{Orientation
			  0.834015   0.541893  -0.103900
			 -0.544835   0.838543   0.000000
			  0.087125   0.056608   0.994600
		}
		{Extender "inventory"
			{box
				{clear}
				{item "mp40" {cell 0 0}}
				{item "ammo pistol" 40 {cell 4 0}}
				{item "grenade m24" {cell 6 0}}
			}
		}
		{DisableObstacles}
		{Player 2}
		{MID 68}
		{Breed "ger.infantry_smg"}
		{FsmState "board"}
	}
	{Entity "_infantry2_rus" 0x801f
		{Position -2702.01 -2600.47 23.953}
		{Orientation
			  0.686325   0.706250   0.173600
			 -0.717150   0.696919   0.000000
			 -0.120985  -0.124497   0.984800
		}
		{Extender "inventory"
			{box
				{clear}
				{item "mp40" {cell 0 0}}
				{item "ammo pistol" 60 {cell 4 0}}
				{item "grenade m24" {cell 6 0}}
			}
		}
		{DisableObstacles}
		{Player 2}
		{MID 69}
		{Breed "ger.infantry_ss"}
		{FsmState "board"}
	}
	{Entity "_infantry2_rus" 0x8020
		{Position -3083.44 -2879.72 17.3124}
		{Turn 33.0134}
		{Extender "inventory"
			{box
				{clear}
				{item "mp40" {cell 0 0}}
				{item "ammo pistol" 60 {cell 4 0}}
				{item "grenade m24" {cell 6 0}}
			}
		}
		{DisableObstacles}
		{Player 2}
		{MID 70}
		{Breed "ger.infantry_ss"}
		{FsmState "board"}
	}
	{Entity "_infantry2_rus" 0x8021
		{Position 2958.85 338.156 229.918}
		{Turn 63.0688}
		{Extender "vitality"
			{Health
				{Max 300}
				{Current 300}
			}
		}
		{Extender "inventory"
			{box
				{clear}
				{item "mp40" {cell 0 0}}
				{item "ammo pistol" 40 {cell 4 0}}
				{item "grenade m24" {cell 6 0}}
			}
		}
		{DisableObstacles}
		{Player 2}
		{MID 71}
		{Breed "ger.infantry_smg"}
		{FsmState "board"}
	}
	{Entity "_infantry2_rus" 0x8022
		{Position 2684.23 -343.937 108}
		{Turn 61.2309}
		{Extender "inventory"
			{box
				{clear}
				{item "ammo mgun" 100 {cell 5 0}}
				{item "ammo mgun" 100 {cell 5 1}}
				{item "grenade m24" {cell 0 2}}
			}
		}
		{Player 2}
		{MID 72}
		{Weaponry
			{State
				{Mounted "mg34"}
				{Weapon
					{Ammo "ammo mgun" 50}
				}
			}
		}
		{Breed "ger.infantry_mgun"}
		{Cover
			{sector 2684.23 -343.937 {type "hide_stand"}
				{wall 0 0 2732.26 -378.294 2599.36 -305.325}
			}
		}
		{FsmState "stand"}
	}
	{Entity "_infantry2_rus" 0x8023
		{Position 2688.53 -318.508 108}
		{Turn 42.5301}
		{Extender "inventory"
			{box
				{clear}
				{item "ammo mgun" 100 {cell 5 0}}
				{item "ammo mgun" 100 {cell 5 1}}
				{item "grenade m39" {cell 0 0}}
			}
		}
		{Player 2}
		{MID 73}
		{Weaponry
			{State
				{Mounted "mg34"}
				{Weapon
					{Ammo "ammo mgun" 50}
				}
			}
		}
		{Breed "ger.infantry_mgun"}
		{FsmState "stand"}
	}
	{Entity "_infantry2_rus" 0x8024
		{Position 2714.98 -284.533 108}
		{Turn -98.7678}
		{Extender "inventory"
			{box
				{clear}
				{item "ammo pistol" 40 {cell 4 0}}
				{item "grenade m24" {cell 6 0}}
			}
		}
		{Player 2}
		{MID 74}
		{Weaponry
			{State
				{Mounted "mp40"}
				{Weapon
					{Ammo "ammo pistol" 32}
				}
			}
		}
		{Breed "ger.infantry_smg"}
		{Cover
			{sector 2714.98 -284.533 {type "look_right"}
				{wall 0 0 2686.48 -273.054 2726.18 -279.177}
			}
		}
		{FsmState "stand"}
	}
	{Entity "_infantry2_rus" 0x8025
		{Position 2737.23 -355.29 107.471}
		{Turn 151.233}
		{Extender "inventory"
			{box
				{clear}
				{item "ammo pistol" 40 {cell 4 0}}
				{item "grenade m24" {cell 6 0}}
			}
		}
		{Player 2}
		{MID 75}
		{Weaponry
			{State
				{Mounted "mp40"}
				{Weapon
					{Ammo "ammo pistol" 32}
				}
			}
		}
		{Breed "ger.infantry_smg"}
		{Cover
			{sector 2737.23 -355.29 {type "hide_stand"}
				{wall 0 0 2767.83 -314.09 2728.36 -385.983}
			}
		}
		{FsmState "stand"}
	}
	{Entity "_infantry2_rus" 0x8026
		{Position 2753.82 -323.575 108}
		{Turn -118.773}
		{Extender "inventory"
			{box
				{clear}
				{item "ammo pistol" 40 {cell 4 0}}
				{item "grenade m24" {cell 6 0}}
			}
		}
		{Player 2}
		{MID 76}
		{Weaponry
			{State
				{Mounted "mp40"}
				{Weapon
					{Ammo "ammo pistol" 32}
				}
			}
		}
		{Breed "ger.infantry_smg"}
		{Cover
			{sector 2753.82 -323.575 {type "look_left"}
				{wall 0 0 2751.21 -314.157 2764.52 -321.466}
			}
		}
		{FsmState "stand"}
	}
	{Entity "_infantry2_rus" 0x8027
		{Position 1926.61 -755.551 108}
		{Turn -69.5471}
		{Extender "inventory"
			{box
				{clear}
				{item "ammo pistol" 40 {cell 4 0}}
				{item "grenade m39" {cell 0 0}}
			}
		}
		{Player 2}
		{MID 77}
		{Weaponry
			{State
				{Mounted "mp40"}
				{Weapon
					{Ammo "ammo pistol" 32}
				}
			}
		}
		{Breed "ger.infantry_smg"}
		{Cover
			{sector 1926.61 -755.551 {type "squat_lie"}
				{wall 0 0 1938.12 -758.728 1918.6 -766.008}
			}
		}
		{FsmState "squat"}
	}
	{Entity "_infantry2_rus" 0x8028
		{Position 2229.52 -1046.97 103}
		{Turn 140.004}
		{Extender "inventory"
			{box
				{clear}
				{item "ammo pistol" 40 {cell 4 0}}
				{item "grenade m24" {cell 6 0}}
			}
		}
		{Player 2}
		{MID 78}
		{Weaponry
			{State
				{Mounted "mp40"}
				{Weapon
					{Ammo "ammo pistol" 32}
				}
			}
		}
		{Breed "ger.infantry_smg"}
		{Cover
			{sector 2229.52 -1046.97 {type "squat_lie"}
				{wall 0 0 2217.94 -1049.89 2231.33 -1033.93}
			}
		}
		{FsmState "squat"}
	}
	{Entity "boxes1" 0x8029
		{Position 2213.13 -1033.41 103}
		{Extender "inventory"
			{box
				{clear}
				{item "sg44" 50 {cell 1 0}}
			}
		}
	}
	{Entity "box2" 0x802a
		{Position 2229.1 -1100.2 103}
		{Extender "inventory"
			{box
				{clear}
				{item "repair_kit" 4 {cell 0 0}}
			}
		}
	}
	{Entity "box2" 0x802b
		{Position 2250.28 -1045.86 103}
		{Extender "inventory"
			{box
				{clear}
				{item "grenade m24x5" 6 {cell 0 0}}
			}
		}
	}
	{Entity "box1" 0x802c
		{Position 1867.5 -810 108}
		{Extender "inventory"
			{box
				{clear}
				{item "bullet50 fg" 6 {cell 0 0}}
				{item "bullet50 ap" 6 {cell 0 1}}
			}
		}
	}
	{Entity "box1" 0x802d
		{Position 1877.9 -823.978 108}
		{Extender "inventory"
			{box
				{clear}
				{item "weapon bazooka" 6 {cell 0 0}}
			}
		}
	}
	{Entity "box1" 0x802e
		{Position 2204.02 -1062.24 103}
		{Extender "inventory"
			{box
				{clear}
				{item "mine_detector" 6 {cell 0 0}}
			}
		}
	}
	{Entity "crate2" 0x8030
		{Position 2162.96 -1137.61 103}
		{Scale 0.6}
	}
	{Entity "crate3" 0x802f
		{Position 1912.81 -830.873 108}
	}
	{Entity "crate4" 0x8031
		{Position 2203.48 -1136.88 103}
		{Scale 0.8}
	}
	{Entity "watch-tower_armed" 0x8032
		{Position 2961.34 339.672 108}
		{Turn 63.0688}
	}
	{Entity "mg34_tower" 0x8033
		{Position 2965.5 350.756 229.349}
		{Orientation
			  0.452920   0.891551   0.000000
			 -0.891551   0.452920   0.000000
			  0.000000   0.000000   1.000000
		}
		{DisableObstacles}
		{Player 2}
		{MID 79}
		{Weaponry
			{State
				{Weapon
					{Ammo "ammo mgun" 50}
				}
			}
		}
	}
	{Entity "boxes1" 0x8034
		{Position 1879.12 -936.409 108}
		{Turn -29.5502}
		{Extender "inventory"
			{box
				{clear}
				{item "dynamite" 4 {cell 0 0}}
				{item "ammo bazooka" 9 {cell 2 0}}
			}
		}
	}
	{Entity "box1" 0x8035
		{Position 1841.24 -908.864 108}
		{Extender "inventory"
			{box
				{clear}
				{item "weapon panzershreck" 6 {cell 0 0}}
			}
		}
	}
	{Entity "box2" 0x8036
		{Position 1840.63 -926.908 108}
		{Extender "inventory"
			{box
				{clear}
				{item "grenade m24x5" 6 {cell 0 0}}
			}
		}
	}
	{Entity "netting1" 0x9000
		{Position 1848.19 -943.835 108}
		{Turn 153.677}
	}
	{Entity "mg34_stan" 0x9001
		{Position 7546.78 -656.505 37.1089}
		{Orientation
			  0.018523  -0.999815  -0.000014
			 -0.999819  -0.018519  -0.000025
			  0.000000   0.000000   1.000006
		}
		{DisableObstacles}
		{Player 2}
		{MID 1}
	}
	{Entity "mg34_stan" 0x9002
		{Position 7570.89 -625.533 36.8778}
		{Orientation
			  0.856654   0.515998   0.000023
			 -0.515913   0.856612   0.000066
			  0.000000   0.000000   1.000006
		}
		{DisableObstacles}
		{Player 2}
		{MID 82}
	}
	{Entity "mg34_stan" 0x9003
		{Position 7452.49 -592.485 36.646}
		{Orientation
			 -0.913996   0.405752  -0.002400
			 -0.405748  -0.913985   0.000000
			 -0.002194   0.000974   1.000012
		}
		{DisableObstacles}
		{Player 2}
		{MID 86}
	}
	{Entity "_infantry2_rus" 0x9004
		{Position 7465.42 -598.472 36.6802}
		{Turn 156.062}
		{Extender "inventory"
			{box
				{clear}
				{item "ammo rifle" 4 {cell 0 0}}
				{item "mauzer" {cell 1 0}}
			}
		}
		{DisableObstacles}
		{Player 2}
		{MID 87}
		{Breed "ger.farseer"}
		{FsmState "board"}
	}
	{Entity "_infantry2_rus" 0x9005
		{Position 7558.57 -632.692 36.8774}
		{Turn 31.0623}
		{Extender "inventory"
			{box
				{clear}
				{item "ammo rifle" 4 {cell 0 0}}
				{item "mauzer" {cell 1 0}}
			}
		}
		{DisableObstacles}
		{Player 2}
		{MID 88}
		{Breed "ger.farseer"}
		{FsmState "board"}
	}
	{Entity "_infantry2_rus" 0x9006
		{Position 7546.3 -642.264 37.1091}
		{Orientation
			  0.018523  -0.999815  -0.001314
			 -0.999819  -0.018519  -0.000125
			 -0.000076  -0.001302   1.000006
		}
		{Extender "inventory"
			{box
				{clear}
				{item "ammo rifle" 4 {cell 0 0}}
				{item "mauzer" {cell 1 0}}
			}
		}
		{DisableObstacles}
		{Player 2}
		{MID 89}
		{Breed "ger.farseer"}
		{FsmState "board"}
	}
	{Entity "platform_can" 0x9007
		{Position 7510.29 -622.514 13}
		{Turn -23.938}
		{Player 2}
		{MID 90}
		{Chassis
			{Uplink 53}
		}
	}
	{Entity "passengervan" 0x8037
		{Position 8141.53 -899.599 13}
		{Turn -23.938}
		{Placer
			{State "seat00" {Broken}}
		}
		{Player 2}
		{MID 91}
		{Chassis
			{Uplink 56}
		}
	}
	{Entity "_infantry2_rus" 0x8038
		{Position 8159.25 -929.455 39.7468}
		{Turn -23.938}
		{Extender "inventory"
			{box
				{clear}
				{item "ammo pistol" 45 {cell 0 0}}
				{item "grenade m24" {cell 2 0}}
				{item "mp41" {cell 4 0}}
				{item "bandage" {cell 0 1}}
			}
		}
		{DisableObstacles}
		{Player 2}
		{MID 92}
		{Breed "ger.infantry_smg"}
		{FsmState "board"}
	}
	{Entity "_infantry2_rus" 0x8039
		{Position 8220.38 -956.596 39.7468}
		{Turn -23.938}
		{Extender "inventory"
			{box
				{clear}
				{item "ammo pistol" 45 {cell 0 0}}
				{item "grenade m24" {cell 2 0}}
				{item "mp41" {cell 4 0}}
				{item "bandage" {cell 0 1}}
			}
		}
		{DisableObstacles}
		{Player 2}
		{MID 93}
		{Breed "ger.infantry_smg"}
		{FsmState "board"}
	}
	{Entity "_infantry2_rus" 0x803a
		{Position 8128.58 -916.251 39.614}
		{Turn 156.062}
		{Extender "inventory"
			{box
				{clear}
				{item "ammo pistol" 45 {cell 0 0}}
				{item "grenade m24" {cell 2 0}}
				{item "mp41" {cell 4 0}}
				{item "bandage" {cell 0 1}}
			}
		}
		{DisableObstacles}
		{Player 2}
		{MID 94}
		{Breed "ger.infantry_smg"}
		{FsmState "board"}
	}
	{Entity "_infantry2_rus" 0x803b
		{Position 8190.11 -943.564 39.614}
		{Turn 156.062}
		{Extender "inventory"
			{box
				{clear}
				{item "mauzer" {cell 0 0}}
				{item "ammo rifle" 6 {cell 4 0}}
			}
		}
		{DisableObstacles}
		{Player 2}
		{MID 95}
		{Breed "ger.infantry_rifle"}
		{FsmState "board"}
	}
	{Entity "_infantry2_rus" 0x803c
		{Position 8174.46 -895.193 39.7468}
		{Turn -23.938}
		{Extender "inventory"
			{box
				{clear}
				{item "mauzer" {cell 0 0}}
				{item "ammo rifle" 6 {cell 4 0}}
			}
		}
		{DisableObstacles}
		{Player 2}
		{MID 96}
		{Breed "ger.infantry_rifle"}
		{FsmState "board"}
	}
	{Entity "_infantry2_rus" 0x803d
		{Position 8205.29 -909.351 39.614}
		{Turn 156.062}
		{Extender "inventory"
			{box
				{clear}
				{item "mg42" {cell 0 0}}
				{item "ammo mgun" 100 {cell 5 0}}
				{item "ammo mgun" 100 {cell 5 1}}
				{item "grenade m24" {cell 0 2}}
			}
		}
		{DisableObstacles}
		{Player 2}
		{MID 97}
		{Breed "ger.infantry_mgun"}
		{FsmState "board"}
	}
	{Entity "_infantry2_rus" 0x803e
		{Position 8235.59 -922.334 39.7468}
		{Turn -23.938}
		{Extender "inventory"
			{box
				{clear}
				{item "mg42" {cell 0 0}}
				{item "ammo mgun" 100 {cell 5 0}}
				{item "ammo mgun" 100 {cell 5 1}}
				{item "grenade m24" {cell 0 2}}
			}
		}
		{DisableObstacles}
		{Player 2}
		{MID 98}
		{Breed "ger.infantry_mgun"}
		{FsmState "board"}
	}
	{Entity "mg34_stan" 0x803f
		{Position 1052.24 3265.34 37.1089}
		{Orientation
			  0.272148   0.962241  -0.000014
			  0.962244  -0.272153  -0.000025
			  0.000000   0.000000   1.000006
		}
		{DisableObstacles}
		{Player 2}
		{MID 80}
		{Weaponry
			{State
				{Weapon
					{Ammo "ammo mgun" 100}
				}
			}
		}
	}
	{Entity "mg34_stan" 0x8040
		{Position 1020.19 3242.69 36.8778}
		{Orientation
			 -0.969462  -0.245466   0.000023
			  0.245396  -0.969397   0.000066
			  0.000000   0.000000   1.000006
		}
		{DisableObstacles}
		{Player 2}
		{MID 81}
		{Weaponry
			{State
				{Weapon
					{Ammo "ammo mgun" 100}
				}
			}
		}
	}
	{Entity "mg34_stan" 0x8041
		{Position 1123.92 3176.73 36.646}
		{Orientation
			  0.757098  -0.653319  -0.002400
			  0.653311   0.757090   0.000000
			  0.001817  -0.001568   1.000012
		}
		{DisableObstacles}
		{Player 2}
		{MID 83}
		{Weaponry
			{State
				{Weapon
					{Ammo "ammo mgun" 100}
				}
			}
		}
	}
	{Entity "_infantry2_rus" 0x8042
		{Position 1034.06 3245.97 36.8774}
		{Turn -165.791}
		{Extender "vitality"
			{Health
				{Max 180}
				{Current 180}
			}
		}
		{Extender "inventory"
			{box
				{clear}
				{item "ammo rifle" 4 {cell 0 0}}
				{item "mauzer" {cell 1 0}}
			}
		}
		{DisableObstacles}
		{Player 2}
		{MID 84}
		{Breed "ger.farseer"}
		{FsmState "board"}
	}
	{Entity "_infantry2_rus" 0x8043
		{Position 1048.58 3251.57 37.1091}
		{Orientation
			  0.272148   0.962241  -0.001314
			  0.962244  -0.272153  -0.000125
			  0.000450   0.001224   1.000006
		}
		{Extender "vitality"
			{Health
				{Max 180}
				{Current 180}
			}
		}
		{Extender "inventory"
			{box
				{clear}
				{item "mp41" {cell 0 0}}
				{item "ammo pistol" 60 {cell 4 0}}
			}
		}
		{DisableObstacles}
		{Player 2}
		{MID 85}
		{Breed "ger.tankman"}
		{FsmState "board"}
	}
	{Entity "_infantry2_rus" 0x8044
		{Position 1113.28 3186.21 36.6802}
		{Turn -40.7917}
		{Extender "vitality"
			{Health
				{Max 180}
				{Current 180}
			}
		}
		{Extender "inventory"
			{box
				{clear}
				{item "mp41" {cell 0 0}}
				{item "ammo pistol" 60 {cell 4 0}}
			}
		}
		{DisableObstacles}
		{Player 2}
		{MID 99}
		{Breed "ger.tankman"}
		{FsmState "board"}
	}
	{Entity "passengervan" 0x8045
		{Position 259.75 3929.14 13}
		{Turn -40.7917}
		{Placer
			{State "seat00" {Broken}}
		}
		{Player 2}
		{MID 100}
		{Chassis
			{Uplink 51}
		}
	}
	{Entity "passengervan" 0x8046
		{Position 30.9333 4126.58 13}
		{Turn -40.7917}
		{Placer
			{State "seat00" {Broken}}
		}
		{Player 2}
		{MID 101}
		{Chassis
			{Uplink 100}
		}
	}
	{Entity "_infantry2_rus" 0x8047
		{Position 89.8748 4049.17 39.7468}
		{Turn -40.7917}
		{Extender "inventory"
			{box
				{clear}
				{item "mp40" {cell 0 0}}
				{item "ammo pistol" 70 {cell 4 0}}
				{item "grenade m24" {cell 6 0}}
				{item "grenade m24" {cell 4 1}}
				{item "bandage" 3 {cell 6 1}}
			}
		}
		{DisableObstacles}
		{Player 2}
		{MID 102}
		{Breed "ger.infantry_ss"}
		{FsmState "board"}
	}
	{Entity "_infantry2_rus" 0x8048
		{Position 63.7238 4121.25 39.7468}
		{Turn -40.7917}
		{Extender "inventory"
			{box
				{clear}
				{item "ammo pistol" 45 {cell 0 0}}
				{item "grenade m24" {cell 2 0}}
				{item "mp41" {cell 4 0}}
				{item "bandage" {cell 0 1}}
			}
		}
		{DisableObstacles}
		{Player 2}
		{MID 103}
		{Breed "ger.infantry_smg"}
		{FsmState "board"}
	}
	{Entity "_infantry2_rus" 0x8049
		{Position 89.1337 4098.76 39.614}
		{Turn 139.208}
		{Extender "inventory"
			{box
				{clear}
				{item "ammo pistol" 45 {cell 0 0}}
				{item "grenade m24" {cell 2 0}}
				{item "mp41" {cell 4 0}}
				{item "bandage" {cell 0 1}}
			}
		}
		{DisableObstacles}
		{Player 2}
		{MID 104}
		{Breed "ger.infantry_smg"}
		{FsmState "board"}
	}
	{Entity "_infantry2_rus" 0x804a
		{Position 13.7146 4114.4 39.614}
		{Turn 139.208}
		{Extender "inventory"
			{box
				{clear}
				{item "mg42" {cell 0 0}}
				{item "ammo mgun" 100 {cell 5 0}}
				{item "ammo mgun" 100 {cell 5 1}}
				{item "grenade m24" {cell 0 2}}
			}
		}
		{DisableObstacles}
		{Player 2}
		{MID 105}
		{Breed "ger.infantry_mgun"}
		{FsmState "board"}
	}
	{Entity "_infantry2_rus" 0x804b
		{Position 114.365 4077.55 39.7468}
		{Turn -40.7917}
		{Extender "inventory"
			{box
				{clear}
				{item "mauzer" {cell 0 0}}
				{item "ammo rifle" 6 {cell 4 0}}
			}
		}
		{DisableObstacles}
		{Player 2}
		{MID 106}
		{Breed "ger.infantry_rifle"}
		{FsmState "board"}
	}
	{Entity "_infantry2_rus" 0x804c
		{Position 64.6781 4070.42 39.614}
		{Turn 139.208}
		{Extender "inventory"
			{box
				{clear}
				{item "valter" {cell 0 0}}
				{item "ammo pistol" 32 {cell 2 0}}
				{item "knife hand" {cell 4 0}}
			}
		}
		{DisableObstacles}
		{Player 2}
		{MID 107}
		{Breed "ger.oficer"}
		{FsmState "board"}
	}
	{Entity "_infantry2_rus" 0x804d
		{Position 39.2334 4092.87 39.7468}
		{Turn -40.7917}
		{Extender "inventory"
			{box
				{clear}
				{item "mauzer" {cell 0 0}}
				{item "ammo rifle" 6 {cell 4 0}}
			}
		}
		{DisableObstacles}
		{Player 2}
		{MID 108}
		{Breed "ger.rifleman"}
