{Skeleton
    {Animation
        {sequence "start"}
        {sequence "stop"}
    }
    {bone "basis"
        {Orientation
            1.0000 0.0000 0.0000
            0.0000 -1.0000 0.0000
            0.0000 0.0000 1.0000
        }
        {bone "Body"
            {parameters "ID=body;"}
            {Matrix34
                1.0000 0.0000 0.0000
                0.0000 0.0157 0.9999
                0.0000 -0.9999 0.0157
                -8.4000 0.6125 19.8928
            }
            {VolumeView "Body.ply"}
            {bone revolute "WheelL1"
                {parameters "ID=trackleft;"}
                {Matrix34
                    -0.9817 -0.1908 -0.0029
                    -0.1908 0.9816 0.0154
                    0.0000 0.0157 -0.9999
                    42.0920 -7.4730 19.6855
                }
                {VolumeView "WeelL1.ply"}
            }
            {bone revolute "WheelL2"
                {parameters "ID=trackleft;"}
                {Matrix34
                    0.9965 0.0837 0.0000
                    0.0837 -0.9965 0.0000
                    0.0000 0.0000 -1.0000
                    -38.8031 -10.9232 19.5000
                }
                {VolumeView "WeelL2.ply"}
            }
            {bone revolute "WheelR1"
                {parameters "ID=trackright;"}
                {Matrix34
                    -0.1599 0.9869 0.0173
                    0.9871 0.1598 0.0028
                    0.0000 0.0175 -0.9998
                    42.5963 -7.0198 -20.6344
                }
                {VolumeView "WeelR1.ply"}
            }
            {bone revolute "WheelR2"
                {parameters "ID=trackright;"}
                {Matrix34
                    1.0000 0.0000 0.0000
                    0.0000 -0.9998 -0.0175
                    0.0000 0.0175 -0.9998
                    -39.0700 -10.0363 -20.8870
                }
                {VolumeView "WeelR2.ply"}
            }
            {bone "seat01"
                {Matrix34
                    -0.0008 0.0182 -0.9998
                    -1.0000 -0.0041 0.0008
                    -0.0040 0.9999 0.0183
                    -0.7812 -7.4037 11.7090
                }
            }
            {bone "seat02"
                {Matrix34
                    -0.0015 -0.0100 1.0000
                    1.0000 -0.0003 0.0015
                    0.0003 0.9999 0.0099
                    0.6314 -7.0250 -10.5134
                }
            }
            {bone "seat03"
                {Matrix34
                    0.0070 0.0146 -0.9999
                    -1.0000 -0.0004 -0.0070
                    -0.0006 0.9999 0.0146
                    -16.9853 -7.4291 11.9508
                }
            }
            {bone "seat04"
                {Matrix34
                    -0.0002 -0.0155 0.9999
                    1.0000 0.0002 0.0002
                    -0.0002 0.9999 0.0155
                    -16.3708 -7.0063 -10.5657
                }
            }
            {bone "Driver"
                {Matrix34
                    1.0000 -0.0050 0.0012
                    0.0013 0.0139 -0.9999
                    0.0050 0.9999 0.0138
                    18.3989 -9.7179 -8.2221
                }
            }
            {bone revolute "turret"
                {limits -10.0000 10.0000}
                {Matrix34
                    1.0000 0.0000 0.0000
                    0.0000 0.0227 -0.9997
                    0.0000 0.9997 0.0227
                    29.7000 -2.7670 11.7402
                }
                {bone "Visor1"
                    {Position 11.5000 0.0000 10.4000}
                }
                {bone "FXfire2"
                    {Matrix34
                        -0.0802 0.0000 0.9968
                        0.0000 1.0000 0.0000
                        -0.9968 0.0000 -0.0802
                        0.1936 -0.2000 -4.9003
                    }
                }
                {bone revolute "Mgun"
                    {limits -10.0000 15.0000}
                    {Matrix34
                        1.0000 0.0000 0.0000
                        0.0000 0.0140 0.9999
                        0.0000 -0.9999 0.0140
                        -6.2000 -0.0078 6.6007
                    }
                }
            }
            {bone "FXsmoke1"
                {Matrix34
                    -0.5015 -0.8650 -0.0155
                    0.0121 0.0109 -0.9998
                    0.8651 -0.5016 0.0049
                    -40.2401 -13.8900 1.1047
                }
            }
            {bone "FXfire1"
                {Matrix34
                    -0.0170 0.9667 0.2553
                    -0.9998 -0.0175 -0.0005
                    0.0040 -0.2553 0.9669
                    -13.0946 9.7753 2.5677
                }
            }
            {bone "engine"
                {Matrix34
                    -0.0021 1.0000 0.0027
                    0.9998 0.0022 -0.0195
                    -0.0196 0.0027 -0.9998
                    -7.6922 1.5818 0.6547
                }
            }
            {bone "Visor2"
                {Matrix34
                    1.0000 -0.0028 0.0052
                    0.0053 0.0347 -0.9994
                    0.0026 0.9994 0.0347
                    33.9662 6.1571 -9.2705
                }
            }
            {bone "FXshot"
            }
            {bone "gunner"
                {Matrix34
                    1.0000 0.0000 0.0000
                    0.0000 0.0160 -0.9998
                    0.0000 0.9998 0.0160
                    18.4000 -9.9875 11.2211
                }
            }
        }
        {bone "WheelsL"
            {parameters "ID=trackleft;"}
            {Matrix34
                0.9999 0.0001 0.0140
                -0.0140 0.0052 0.9999
                0.0001 -1.0000 0.0052
                -8.3818 -39.1052 18.7053
            }
            {VolumeView "WeelsL.ply"}
            {bone "TrackL"
                {parameters "ID=trackleft;"}
                {Position 0.0000 -1.4000 0.2000}
                {VolumeView "trackl.ply"}
            }
            {bone "FXtraceL1"
                {Matrix34
                    -0.9999 0.0001 0.0105
                    0.0105 0.0087 0.9999
                    0.0000 1.0000 -0.0087
                    23.6001 -16.4344 -19.7630
                }
            }
            {bone "FXtraceL2"
                {Matrix34
                    -0.9875 0.1564 -0.0172
                    -0.0175 0.0000 0.9998
                    0.1564 0.9877 0.0027
                    -26.3826 -15.0810 -19.6242
                }
            }
        }
        {bone "WheelsR"
            {parameters "ID=trackright;"}
            {Matrix34
                1.0000 0.0000 0.0000
                0.0000 0.0000 1.0000
                0.0000 -1.0000 0.0000
                -8.3000 40.0048 18.9828
            }
            {VolumeView "WeelsR.ply"}
            {bone "TrackR"
                {parameters "ID=trackright;"}
                {Position -0.2000 -0.6000 -0.1000}
                {VolumeView "trackr.ply"}
            }
            {bone "FXtraceR1"
                {Matrix34
                    -0.9985 -0.0142 0.0523
                    0.0523 -0.0052 0.9986
                    -0.0139 0.9999 0.0060
                    23.6372 -17.1610 20.0663
                }
            }
            {bone "FXtraceR2"
                {Matrix34
                    -0.9694 0.2453 0.0043
                    0.0000 -0.0175 0.9998
                    0.2453 0.9693 0.0169
                    -26.1389 -16.3902 19.8319
                }
            }
        }
        {bone "emit1"
            {Matrix34
                0.0105 0.9999 0.0000
                -0.9999 0.0105 0.0000
                0.0000 0.0000 1.0000
                11.2675 -32.7179 1.3000
            }
        }
        {bone "emit2"
            {parameters "Group=crew;"}
            {Matrix34
                -0.0070 -0.9998 -0.0209
                1.0000 -0.0070 -0.0001
                0.0000 -0.0209 0.9998
                11.6095 31.2952 1.4557
            }
        }
        {bone "emit3"
            {Matrix34
                0.0000 1.0000 0.0000
                -1.0000 0.0000 0.0000
                0.0000 0.0000 1.0000
                -9.1087 -38.9637 1.3000
            }
        }
        {bone "emit4"
            {Matrix34
                -0.0105 -0.9999 0.0000
                0.9999 -0.0105 0.0000
                0.0000 0.0000 1.0000
                -7.4137 37.6896 1.5000
            }
        }
        {bone "emit5"
            {Matrix34
                0.0052 1.0000 0.0000
                -1.0000 0.0052 0.0000
                0.0000 0.0000 1.0000
                -26.4787 -38.6434 1.4000
            }
        }
        {bone "emit6"
            {Matrix34
                -0.0157 -0.9999 0.0000
                0.9999 -0.0157 0.0000
                0.0000 0.0000 1.0000
                -24.6790 37.9080 1.4000
            }
        }
    }
}
{Volume "Engine"
    {Box 19.6814 23.5500 9.8747}
    {Bone "engine"}
    {Matrix34
        0.5897 0.0000 0.0000
        0.0000 0.8668 0.0000
        0.0000 0.0000 1.1502
        0.0000 0.0000 0.0000
    }
}
{Volume "Body2"
    {Box 31.4667 29.8829 11.5687}
    {Bone "Body"}
    {Matrix34
        2.0904 0.0000 0.0000
        0.0000 0.0000 -1.4802
        0.0000 1.4589 0.0000
        2.8450 8.0622 0.5981
    }
}
{Volume "Body1"
    {Polyhedron "Body1.vol"}
    {Bone "Body"}
    {Matrix34
        1.0868 0.0000 0.0000
        0.0000 0.0000 -1.1040
        0.0000 0.8600 0.0000
        1.5904 -5.3010 -0.0045
    }
}
{Volume "Inventory"
    {Box 9.8075 16.7815 13.7627}
    {Bone "Body"}
    {Matrix34
        0.9703 0.0000 0.0000
        0.0000 0.0000 -0.7323
        0.0000 0.9631 0.0000
        7.9034 0.6870 0.4420
    }
}
{Volume "trackright"
    {Box 83.7008 4.8622 19.6850}
    {Bone "WheelsR"}
    {Matrix34
        -1.1233 0.0000 0.0000
        0.0000 0.0000 1.2923
        0.0000 -0.8727 0.0000
        0.6407 -9.8223 20.2027
    }
}
{Volume "trackleft"
    {Box 83.6916 4.8665 19.6850}
    {Bone "WheelsL"}
    {Matrix34
        -1.1230 0.0000 0.0000
        0.0000 0.0000 1.3556
        0.0000 0.8819 0.0000
        0.2577 -8.7362 -19.3731
    }
}
