;Exported by: shevchenko
;Date:        Mon Mar 01 11:31:37 2004
;File:        D:\-Projects-\-3DWork-\sheva\hangar_wood1_x.max
{Skeleton
	{animation
		{sequence "crush" {speed 0.4}}
	}
	{bone "hangar_corner3"
		{parameters "CommonMesh;"}
		{Orientation
			1.0000	0.0000	0.0000
			0.0000	-1.0000	0.0000
			0.0000	0.0000	1.0000
		}
		{VolumeView "hangar_corner3.ply"}
		{bone "FX_dust1"
			{Matrix34
				0.0000	-0.0000	1.0000
				-0.0000	1.0000	0.0000
				-1.0000	-0.0000	0.0000
				-17.3111	-7.9579	46.5113
			}
		}
		{bone "FX_dust1a"
			{Matrix34
				0.0000	0.0000	1.0000
				0.0000	1.0000	0.0000
				-1.0000	0.0000	0.0000
				-18.2716	56.6555	18.8082
			}
		}
		{bone "FX_stone1"
			{Matrix34
				0.0000	-0.0000	1.0000
				-0.0000	1.0000	0.0000
				-1.0000	-0.0000	0.0000
				-17.3111	-7.9579	63.6248
			}
		}
		{bone "FX_stone1a"
			{Matrix34
				0.0000	0.0000	1.0000
				0.0000	1.0000	0.0000
				-1.0000	0.0000	0.0000
				-18.2716	56.6555	29.2572
			}
		}
		{bone "FX_wood1"
			{Matrix34
				0.0000	0.0000	1.0000
				0.0000	1.0000	0.0000
				-1.0000	0.0000	0.0000
				-18.2716	56.6555	52.0147
			}
		}
		{bone "FX_wood1a"
			{Matrix34
				0.0000	0.0000	1.0000
				0.0000	1.0000	0.0000
				-1.0000	0.0000	0.0000
				-18.2716	44.1720	99.4598
			}
		}
		{bone "piece0"
			{Matrix34
				-0.0000	1.0000	0.0000
				0.0000	0.0000	1.0000
				1.0000	0.0000	-0.0000
				-17.2934	25.5906	43.3071
			}
			{VolumeView "piece0.ply"}
		}
		{bone "piece1"
			{Matrix34
				-0.0000	1.0000	0.0000
				0.0000	0.0000	1.0000
				1.0000	0.0000	-0.0000
				-17.2836	-48.5363	83.3799
			}
			{VolumeView "piece1.ply"}
		}
		{bone "piece2"
			{Matrix34
				-0.0000	1.0000	0.0000
				0.0000	0.0000	1.0000
				1.0000	0.0000	-0.0000
				-17.2836	-5.9838	77.4956
			}
			{VolumeView "piece2.ply"}
		}
		{bone "piece3"
			{Matrix34
				-0.0000	1.0000	0.0000
				0.0000	0.0000	1.0000
				1.0000	0.0000	-0.0000
				-17.2841	30.5708	86.7833
			}
			{VolumeView "piece3.ply"}
		}
		{bone "piece4"
			{Matrix34
				-1.0000	-0.0000	0.0000
				0.0000	-1.0000	0.0000
				0.0000	0.0000	1.0000
				-18.2967	56.1037	86.9157
			}
			{VolumeView "piece4.ply"}
		}
		{bone "piece5"
			{Matrix34
				-1.0000	-0.0000	0.0000
				0.0000	-1.0000	0.0000
				0.0000	0.0000	1.0000
				-18.2967	56.0945	64.6600
			}
			{VolumeView "piece5.ply"}
		}
		{bone "piece6"
			{Matrix34
				-1.0000	-0.0000	0.0000
				0.0000	-1.0000	0.0000
				0.0000	0.0000	1.0000
				-18.2967	56.0991	44.8376
			}
			{VolumeView "piece6.ply"}
		}
		{bone "piece7"
			{Matrix34
				-1.0000	-0.0000	0.0000
				0.0000	-1.0000	0.0000
				0.0000	0.0000	1.0000
				-18.2967	56.1037	16.8566
			}
			{VolumeView "piece7.ply"}
		}
		{bone "piece8"
			{Matrix34
				-0.0000	1.0000	0.0000
				0.0000	0.0000	1.0000
				1.0000	0.0000	-0.0000
				-17.2934	-50.1968	42.3228
			}
			{VolumeView "piece8.ply"}
		}
		{bone "piece9"
			{Matrix34
				-0.0000	1.0000	0.0000
				0.0000	0.0000	1.0000
				1.0000	0.0000	-0.0000
				-17.2934	-9.8425	26.5748
			}
			{VolumeView "piece9.ply"}
		}
	}
}
{Volume "piece9"
	{Box 5.90551 26.8937 21.4191}
	{Bone "piece9"}
	{Matrix34
		-0.0000	0.0000	1.0000
		-0.6269	0.7791	-0.0000
		-0.7791	-0.6269	-0.0000
		1.6288	-0.2734	0.0249
	}
}
{Volume "piece8"
	{Box 5.90551 38.9764 21.6354}
	{Bone "piece8"}
	{Matrix34
		-0.0000	0.0000	1.0000
		-0.6269	0.7791	-0.0000
		-0.7791	-0.6269	-0.0000
		-2.0445	-1.0042	0.0248
	}
}
{Volume "piece7"
	{Box 19.685 19.685 27.8346}
	{Bone "piece7"}
	{Matrix34
		-1.0000	0.0000	0.0000
		-0.0000	-1.0000	0.0000
		0.0000	0.0000	1.0000
		0.0049	-0.0105	-2.9393
	}
}
{Volume "piece6"
	{Box 19.685 19.685 30.6181}
	{Bone "piece6"}
	{Matrix34
		-1.0000	0.0000	0.0000
		-0.0000	-1.0000	0.0000
		0.0000	0.0000	1.0000
		0.0049	-0.0151	-1.6335
	}
}
{Volume "piece5"
	{Box 19.685 19.685 26.0254}
	{Bone "piece5"}
	{Matrix34
		-1.0000	0.0000	0.0000
		-0.0000	-1.0000	0.0000
		0.0000	0.0000	1.0000
		0.0049	-0.0197	1.1010
	}
}
{Volume "piece4"
	{Box 19.685 19.685 19.2588}
	{Bone "piece4"}
	{Matrix34
		-1.0000	0.0000	0.0000
		-0.0000	-1.0000	0.0000
		0.0000	0.0000	1.0000
		0.0049	-0.0105	1.7187
	}
}
{Volume "piece3"
	{Box 5.90551 30.4795 17.9876}
	{Bone "piece3"}
	{Matrix34
		-0.0000	0.0000	1.0000
		0.9631	-0.2692	0.0000
		0.2692	0.9631	-0.0000
		1.6826	1.3603	0.0155
	}
}
{Volume "piece2"
	{Box 5.90551 44.8228 35.9752}
	{Bone "piece2"}
	{Matrix34
		0.0000	-0.0000	1.0000
		0.9997	0.0251	-0.0000
		-0.0251	0.9997	0.0000
		-1.5830	3.4271	0.0150
	}
}
{Volume "piece1"
	{Box 5.90551 38.9764 25.1575}
	{Bone "piece1"}
	{Matrix34
		-0.0000	0.0000	1.0000
		0.9384	-0.3455	0.0000
		0.3455	0.9384	-0.0000
		0.1059	1.5678	0.0150
	}
}
{Volume "piece0"
	{Box 5.90551 43.0299 23.7752}
	{Bone "piece0"}
	{Matrix34
		-0.0000	0.0000	1.0000
		-0.1677	0.9858	-0.0000
		-0.9858	-0.1677	-0.0000
		1.7354	0.3952	0.0249
	}
}
