{mission
	{Camera
		{Position 1437.63 3654.66}
		{Distance 916.316}
		{ViewAngle 0.5236}
		{YawAngle 0.323659}
	}
	{Environment "day3"}
	{User 2}
	{GameProgress 0 0}
	{Entity "pz-6e" 0x8002
		{Position 1464.29 3865.04 -3.03486}
		{Turn -95.8283}
		{TexMod "222"}
		{Extender "inventory"
			{box
				{clear}
				{item "ammo mgun" 1950 {cell 0 0}}
				{item "bullet88 ap" 50 {cell 0 5}}
				{item "bullet88 fg" 26 {cell 0 4}}
				{item "repair_kit" 2 {cell 0 1}}
				{item "can" {cell 2 0}}
			}
		}
		{Player 2}
		{MID 3}
		{Weaponry
			{State "gun"
				{Weapon
					{Ammo "bullet88 fg" 1}
				}
			}
			{State "mgun"
				{Weapon
					{Ammo "ammo mgun" 50}
				}
			}
		}
		{Chassis
			{FuelBag
				{Remain 149.564}
			}
		}
	}
	{Entity "_infantry2_rus" 0x8005
		{Position 749.2 2942.71 -6.34036}
		{Orientation
			  0.435158  -0.899694   0.034483
			 -0.895261  -0.428310   0.122714
			  0.095636   0.084271   0.991843
		}
		{Extender "vitality"
			{Health
				{Max 50}
				{Current 50}
			}
		}
		{Extender "inventory"
			{box
				{clear}
				{item "mp41" {cell 0 0}}
				{item "ammo pistol" 60 {cell 4 0}}
			}
		}
		{Player 3}
		{MID 6}
		{Breed "ger.tankman"}
		{FsmState "board"}
	}
	{Entity "_infantry2_rus" 0x8006
		{Position 749.2 2942.71 -6.34036}
		{Orientation
			  0.435158  -0.899694   0.034483
			 -0.895261  -0.428310   0.122714
			  0.095636   0.084271   0.991843
		}
		{Extender "vitality"
			{Health
				{Max 50}
				{Current 50}
			}
		}
		{Extender "inventory"
			{box
				{clear}
				{item "mp41" {cell 0 0}}
				{item "ammo pistol" 60 {cell 4 0}}
			}
		}
		{Player 3}
		{MID 7}
		{Breed "ger.tankman"}
		{FsmState "board"}
	}
	{Entity "_infantry2_rus" 0x8007
		{Position 749.2 2942.71 -6.34036}
		{Orientation
			  0.435158  -0.899694   0.034483
			 -0.895261  -0.428310   0.122714
			  0.095636   0.084271   0.991843
		}
		{Extender "vitality"
			{Health
				{Max 50}
				{Current 50}
			}
		}
		{Extender "inventory"
			{box
				{clear}
				{item "mp41" {cell 0 0}}
				{item "ammo pistol" 60 {cell 4 0}}
			}
		}
		{Player 3}
		{MID 8}
		{Breed "ger.tankman"}
		{FsmState "board"}
	}
	{Entity "_infantry2_rus" 0x8008
		{Position 749.2 2942.71 -6.34036}
		{Orientation
			  0.435158  -0.899694   0.034483
			 -0.895261  -0.428310   0.122714
			  0.095636   0.084271   0.991843
		}
		{Extender "vitality"
			{Health
				{Max 50}
				{Current 50}
			}
		}
		{Extender "inventory"
			{box
				{clear}
				{item "mp41" {cell 0 0}}
				{item "ammo pistol" 60 {cell 4 0}}
			}
		}
		{Player 3}
		{MID 9}
		{Breed "ger.tankman"}
		{FsmState "board"}
	}
	{Entity "_infantry2_rus" 0x8009
		{Position 710.765 2977.9 22.291}
		{Orientation
			 -0.865051  -0.407170   0.293033
			  0.435158  -0.899694   0.034483
			  0.249600   0.157345   0.955464
		}
		{Extender "vitality"
			{Health
				{Max 50}
				{Current 50}
			}
		}
		{Extender "inventory"
			{box
				{clear}
				{item "mp40" {cell 0 0}}
				{item "ammo pistol" 40 {cell 4 0}}
			}
		}
		{DisableObstacles}
		{Player 3}
		{MID 10}
		{Breed "ger.infantry_smg"}
		{FsmState "board"}
	}
	{Entity "_infantry2_rus" 0x800a
		{Position 718.023 2962.9 22.8662}
		{Orientation
			 -0.725621  -0.622973   0.292177
			  0.641192  -0.766266  -0.041283
			  0.249600   0.157345   0.955464
		}
		{Extender "vitality"
			{Health
				{Max 50}
				{Current 50}
			}
		}
		{Extender "inventory"
			{box
				{clear}
				{item "mp40" {cell 0 0}}
				{item "ammo pistol" 40 {cell 4 0}}
			}
		}
		{DisableObstacles}
		{Player 3}
		{MID 11}
		{Breed "ger.infantry_smg"}
		{FsmState "board"}
	}
	{Entity "_infantry2_rus" 0x800b
		{Position 612.343 2395.37 53.1432}
		{Turn 90}
		{Extender "inventory"
			{box
				{clear}
				{item "ammo bazooka" {cell 0 0}}
				{item "ammo bazooka" {cell 2 0}}
				{item "ammo bazooka" {cell 4 0}}
				{item "weapon bazooka" filling "ammo bazooka" {cell 0 1}}
			}
		}
		{DisableObstacles}
		{Player 1}
		{MID 12}
		{Breed "eng.bazuker"}
		{Cover
			{sector 612.343 2395.37 {type "squat_lie"}
				{wall 0 0 602.343 2402.37 622.343 2402.37}
			}
		}
		{FsmState "squat"}
	}
	{Entity "_infantry2_rus" 0x800c
		{Position 651.896 2395.37 0.0025}
		{Turn 90}
		{Extender "inventory"
			{box
				{clear}
				{item "ammo pistol" 24 {cell 0 0}}
			}
		}
		{DisableObstacles}
		{Player 1}
		{MID 13}
		{Weaponry
			{State
				{Mounted "thompson"}
				{Weapon
					{Ammo "ammo pistol" 30}
				}
			}
		}
		{Breed "eng.infantry.smg"}
		{Cover
			{sector 651.896 2395.37 {type "squat_lie"}
				{wall 0 0 641.896 2402.37 661.896 2402.37}
			}
		}
		{FsmState "squat"}
	}
	{Entity "_infantry2_rus" 0x800d
		{Position 2180.16 2164.7 0}
		{Turn 93.9131}
		{Extender "vitality"
			{Health
				{Max 200}
				{Current 200}
			}
		}
		{Extender "inventory"
			{box
				{clear}
				{item "ammo pistol" 24 {cell 0 0}}
			}
		}
		{Player 1}
		{MID 14}
		{Weaponry
			{State
				{Mounted "sten"}
				{Weapon
					{Ammo "ammo pistol" 32}
				}
			}
		}
		{Breed "eng.infantry.smg"}
		{Cover
			{sector 2180.16 2164.7 {type "squat_lie"}
				{wall 0 0 2170.7 2171.07 2209.44 2173.72}
			}
		}
		{FsmState "squat"}
	}
	{Entity "defence2_08" 0x800e
		{Position 1904.53 2177.93 0}
		{Turn 175.511}
	}
	{Entity "_infantry2_rus" 0x800f
		{Position 1118.78 2420.81 0}
		{Turn 163.249}
		{Extender "inventory"
			{box
				{clear}
				{item "ammo pistol" 24 {cell 0 0}}
			}
		}
		{Player 1}
		{MID 15}
		{Weaponry
			{State
				{Mounted "sten"}
				{Weapon
					{Ammo "ammo pistol" 32}
				}
			}
		}
		{Breed "eng.infantry.smg"}
		{FsmState "stand"}
	}
	{Entity "_infantry2_rus" 0x8011
		{Position 1898.26 2981.45 -9.85474}
		{Turn -72.158}
		{Extender "vitality"
			{Health
				{Max 30}
				{Current 30}
			}
		}
		{Extender "inventory"
			{box
				{clear}
				{item "ammo pistol" 40 {cell 0 1}}
			}
		}
		{Player 3}
		{MID 17}
		{Weaponry
			{State
				{Mounted "mp40"}
				{Weapon
					{Ammo "ammo pistol" 32}
				}
			}
		}
		{Breed "ger.infantry_smg"}
		{FsmState "stand"}
	}
	{Entity "_infantry2_rus" 0x8012
		{Position 2094.42 3036.22 3.88446}
		{Turn -59.1476}
		{Extender "vitality"
			{Health
				{Max 30}
				{Current 30}
			}
		}
		{Extender "inventory"
			{box
				{clear}
				{item "ammo pistol" 40 {cell 0 1}}
				{item "grenade m24" {cell 2 0}}
			}
		}
		{Player 3}
		{MID 18}
		{Weaponry
			{State
				{Mounted "mp40"}
				{Weapon
					{Ammo "ammo pistol" 32}
				}
			}
		}
		{Breed "ger.infantry_smg"}
		{FsmState "stand"}
	}
	{Entity "_infantry2_rus" 0x8017
		{Position 1464.29 3865.04 -3.03486}
		{Orientation
			 -0.101548  -0.994830   0.000634
			 -0.994828   0.101549   0.002051
			  0.002105   0.000422   0.999998
		}
		{Extender "vitality"
			{Health
				{Max 200}
				{Current 200}
			}
		}
		{Extender "inventory"
			{box
				{clear}
				{item "ammo pistol" 33 {cell 0 0}}
				{item "grenade m24" {cell 2 0}}
				{item "grenade m24" {cell 4 0}}
				{item "mp40" filling "ammo pistol" 32 {cell 0 1}}
			}
		}
		{Player 2}
		{MID 23}
		{Breed "ger.tank_crew"}
		{LastItem "mp40"}
		{FsmState "board"}
	}
	{Entity "_infantry2_rus" 0x8018
		{Position 1464.29 3865.04 -3.03486}
		{Orientation
			 -0.101548  -0.994830   0.000634
			 -0.994828   0.101549   0.002051
			  0.002105   0.000422   0.999998
		}
		{Extender "vitality"
			{Health
				{Max 200}
				{Current 200}
			}
		}
		{Extender "inventory"
			{box
				{clear}
				{item "ammo pistol" 40 {cell 0 0}}
				{item "grenade m24" {cell 2 0}}
				{item "grenade m24" {cell 4 0}}
				{item "mp40" {cell 0 1}}
			}
		}
		{Player 2}
		{MID 24}
		{Breed "ger.tank_crew"}
		{FsmState "board"}
	}
	{Entity "_infantry2_rus" 0x8019
		{Position 1464.29 3865.04 -3.03486}
		{Orientation
			 -0.101548  -0.994830   0.000634
			 -0.994828   0.101549   0.002051
			  0.002105   0.000422   0.999998
		}
		{Extender "vitality"
			{Health
				{Max 200}
				{Current 200}
			}
		}
		{Extender "inventory"
			{box
				{clear}
				{item "ammo pistol" 23 {cell 0 0}}
				{item "grenade m24" {cell 2 0}}
				{item "grenade m24" {cell 4 0}}
				{item "mp41" filling "ammo pistol" 32 {cell 0 1}}
			}
		}
		{Player 2}
		{MID 25}
		{Breed "ger.tank_crew"}
		{LastItem "mp41"}
		{FsmState "board"}
	}
	{Entity "defence1_08" 0x8016
		{Position 943.019 2378.62 0}
		{Turn 161.216}
	}
	{Entity "mg34_stan" 0x801b
		{Position 937.361 2355.01 0}
		{Turn 66.6229}
		{Player 1}
		{MID 22}
		{Weaponry
			{State
				{Weapon
					{Ammo "ammo mgun" 50}
				}
			}
		}
	}
	{Entity "_infantry2_rus" 0x801d
		{Position 931.501 2342.02 0}
		{Turn 66.6229}
		{Extender "inventory"
			{box
				{clear}
				{item "ammo pistol" 45 {cell 0 0}}
				{item "sten" {cell 2 0}}
			}
		}
		{DisableObstacles}
		{Player 1}
		{MID 27}
		{Breed "eng.infantry.smg"}
		{FsmState "board"}
	}
	{Entity "_infantry2_rus" 0x801f
		{Position 956.117 2795.56 0}
		{Extender "inventory"
			{box
				{clear}
				{item "ammo bazooka" {cell 0 0}}
				{item "ammo bazooka" {cell 2 0}}
				{item "ammo bazooka" {cell 4 0}}
			}
		}
		{Player 1}
		{MID 30}
		{Weaponry
			{State
				{Mounted "weapon bazooka"}
				{Weapon
					{Ammo "ammo bazooka" 1}
				}
			}
		}
		{Breed "eng.bazuker"}
		{FsmState "bazooka_with"}
	}
	{Entity "mg34_stan" 0x8010
		{Position 1915.68 2151.14 0}
		{Turn 90.6018}
		{Player 1}
		{MID 16}
		{Weaponry
			{State
				{Weapon
					{Ammo "ammo mgun" 50}
				}
			}
		}
	}
	{Entity "_infantry2_rus" 0x8020
		{Position 1915.6 2136.89 0}
		{Turn 90.6018}
		{Extender "inventory"
			{box
				{clear}
				{item "ammo pistol" 49 {cell 0 0}}
				{item "sten" {cell 2 0}}
			}
		}
		{DisableObstacles}
		{Player 1}
		{MID 31}
		{Breed "eng.infantry.smg"}
		{FsmState "board"}
	}
	{Entity "_infantry2_rus" 0x8021
		{Position 2277.4 2352.42 0}
		{Turn -35.9995}
		{Extender "inventory"
			{box
				{clear}
				{item "grenade n73at" {cell 0 0}}
				{item "sten" {cell 2 0}}
				{item "ammo pistol" 47 {cell 6 0}}
			}
			{hand_right
				{Item 0x9001 "grenade n73at"}
			}
		}
		{Player 1}
		{MID 32}
		{Breed "eng.bazuker"}
		{LastThrowItem "grenade n73at"}
		{FsmState "stand"}
	}
	{Entity "cromwell" 0x8022
		{Position 1103.61 1709.48 0}
		{Turn 81.1652}
		{Player 1}
		{MID 33}
		{Weaponry
			{State "gun"
				{Weapon
					{Ammo "bullet75 ap" 1}
				}
			}
			{State "mgun"
				{Weapon
					{Ammo "ammo mgun" 30}
				}
			}
		}
	}
	{Entity "_infantry2_rus" 0x8023
		{Position 1103.61 1709.48 0}
		{Orientation
			  0.153586   0.988135   0.000000
			  0.988135  -0.153586   0.000000
			  0.000000   0.000000   1.000000
		}
		{Extender "inventory"
			{box
				{clear}
				{item "ammo pistol" 30 {cell 0 0}}
				{item "webley" {cell 2 0}}
			}
		}
		{Player 1}
		{MID 34}
		{Breed "eng.tankman"}
		{FsmState "board"}
	}
	{Entity "_infantry2_rus" 0x8024
		{Position 1103.61 1709.48 0}
		{Orientation
			  0.153586   0.988135   0.000000
			  0.988135  -0.153586   0.000000
			  0.000000   0.000000   1.000000
		}
		{Extender "inventory"
			{box
				{clear}
				{item "ammo pistol" 30 {cell 0 0}}
				{item "webley" {cell 2 0}}
			}
		}
		{Player 1}
		{MID 35}
		{Breed "eng.tankman"}
		{FsmState "board"}
	}
	{Entity "_infantry2_rus" 0x8025
		{Position 1103.61 1709.48 0}
		{Orientation
			  0.153586   0.988135   0.000000
			  0.988135  -0.153586   0.000000
			  0.000000   0.000000   1.000000
		}
		{Extender "inventory"
			{box
				{clear}
				{item "ammo pistol" 30 {cell 0 0}}
				{item "webley" {cell 2 0}}
				{item "grenade n73at" {cell 4 0}}
			}
		}
		{Player 1}
		{MID 36}
		{Breed "eng.tankman"}
		{FsmState "board"}
	}
	{Entity "_infantry2_rus" 0x8026
		{Position 1103.61 1709.48 0}
		{Orientation
			  0.153586   0.988135   0.000000
			  0.988135  -0.153586   0.000000
			  0.000000   0.000000   1.000000
		}
		{Extender "inventory"
			{box
				{clear}
				{item "ammo pistol" 30 {cell 0 0}}
				{item "webley" {cell 2 0}}
			}
		}
		{Player 1}
		{MID 37}
		{Breed "eng.tankman"}
		{FsmState "board"}
	}
	{Entity "_infantry2_rus" 0x8028
		{Position 1740.63 2229.72 0}
		{Turn 109.868}
		{Extender "inventory"
			{box
				{clear}
				{item "ammo bazooka" {cell 0 0}}
				{item "ammo bazooka" {cell 2 0}}
				{item "ammo bazooka" {cell 4 0}}
				{item "weapon bazooka" filling "ammo bazooka" {cell 0 1}}
			}
		}
		{Player 1}
		{MID 39}
		{Breed "eng.bazuker"}
		{FsmState "stand"}
	}
	{Entity "m4a2" 0x8000
		{Position 379.966 1439.55 0}
		{Turn 163.045}
		{Player 1}
		{MID 1}
		{Weaponry
			{Number 1}
			{State "gun"
				{Weapon
					{Ammo "bullet75 ap" 1}
				}
			}
			{State "mgun"
				{Weapon
					{Ammo "ammo mgun" 200}
				}
			}
		}
	}
	{Entity "_infantry2_rus" 0x8001
		{Position 379.966 1439.55 0}
		{Orientation
			 -0.956534   0.291620   0.000000
			  0.291620   0.956534   0.000000
			  0.000000   0.000000   1.000000
		}
		{Extender "inventory"
			{box
				{clear}
				{item "ammo pistol" 30 {cell 0 0}}
				{item "colt" {cell 2 0}}
			}
		}
		{Player 1}
		{MID 2}
		{Breed "eng.tankman"}
		{FsmState "board"}
	}
	{Entity "_infantry2_rus" 0x8029
		{Position 379.966 1439.55 0}
		{Orientation
			 -0.956534   0.291620   0.000000
			  0.291620   0.956534   0.000000
			  0.000000   0.000000   1.000000
		}
		{Extender "inventory"
			{box
				{clear}
				{item "ammo pistol" 30 {cell 0 0}}
				{item "webley" {cell 2 0}}
			}
		}
		{Player 1}
		{MID 40}
		{Breed "eng.tankman"}
		{FsmState "board"}
	}
	{Entity "_infantry2_rus" 0x802a
		{Position 379.966 1439.55 0}
		{Orientation
			 -0.956534   0.291620   0.000000
			  0.291620   0.956534   0.000000
			  0.000000   0.000000   1.000000
		}
		{Extender "inventory"
			{box
				{clear}
				{item "ammo pistol" 30 {cell 0 0}}
				{item "webley" {cell 2 0}}
			}
		}
		{Player 1}
		{MID 41}
		{Breed "eng.tankman"}
		{FsmState "board"}
	}
	{Entity "_infantry2_rus" 0x802b
		{Position 379.966 1439.55 0}
		{Orientation
			 -0.956534   0.291620   0.000000
			  0.291620   0.956534   0.000000
			  0.000000   0.000000   1.000000
		}
		{Extender "inventory"
			{box
				{clear}
				{item "ammo pistol" 30 {cell 0 0}}
				{item "sten" {cell 2 0}}
			}
		}
		{Player 1}
		{MID 42}
		{Breed "eng.tankman"}
		{FsmState "board"}
	}
	{Entity "mg34_stan" 0x802c
		{Position 1599.54 782.624 0}
		{Turn -149.441}
		{Player 1}
		{MID 43}
	}
	{Entity "_infantry2_rus" 0x802d
		{Position -325.002 1867 0}
		{Turn 101.31}
		{Extender "inventory"
			{box
				{clear}
				{item "grenade n73at" {cell 2 0}}
				{item "bar" {cell 0 1}}
				{item "ammo mgun" 100 {cell 0 0}}
			}
			{hand_right
				{Item 0x9003 "grenade n73at"}
			}
		}
		{Player 1}
		{MID 44}
		{Breed "eng.infantry.smg"}
		{LastThrowItem "grenade n73at"}
		{Cover
			{sector -325.002 1867 {type "bush_stand"}
			}
		}
		{FsmState "stand"}
	}
	{Entity "_infantry2_rus" 0x802e
		{Position -565.68 1978.07 0}
		{Turn -73.6699}
		{Extender "inventory"
			{box
				{clear}
				{item "weapon bazooka" {cell 0 0}}
				{item "ammo bazooka" {cell 5 0}}
				{item "ammo bazooka" {cell 5 1}}
				{item "ammo bazooka" {cell 0 2}}
			}
		}
		{Player 1}
		{MID 45}
		{Breed "eng.infantry.smg"}
		{FsmState "stand"}
	}
	{Entity "_infantry2_rus" 0x8031
		{Position 1611.92 789.674 0}
		{Turn -149.441}
		{Extender "inventory"
			{box
				{clear}
				{item "ammo pistol" 49 {cell 0 0}}
				{item "sten" {cell 2 0}}
			}
		}
		{DisableObstacles}
		{Player 1}
		{MID 48}
		{Breed "eng.infantry.smg"}
		{FsmState "board"}
	}
	{Entity "m4a2" 0x8032
		{Position -207.355 839.861 0}
		{Turn -5.60946}
		{Player 1}
		{MID 49}
		{Weaponry
			{Number 1}
			{State "gun"
				{Weapon
					{Ammo "bullet75 ap" 1}
				}
			}
			{State "mgun"
				{Weapon
					{Ammo "ammo mgun" 200}
				}
			}
		}
	}
	{Entity "_infantry2_rus" 0x8033
		{Position -207.355 839.861 0}
		{Orientation
			  0.995211  -0.097747   0.000000
			 -0.097747  -0.995211   0.000000
			  0.000000   0.000000   1.000000
		}
		{Extender "inventory"
			{box
				{clear}
				{item "ammo pistol" 30 {cell 0 0}}
				{item "webley" {cell 2 0}}
			}
		}
		{Player 1}
		{MID 50}
		{Breed "eng.tankman"}
		{FsmState "board"}
	}
	{Entity "_infantry2_rus" 0x8034
		{Position -207.355 839.861 0}
		{Orientation
			  0.995211  -0.097747   0.000000
			 -0.097747  -0.995211   0.000000
			  0.000000   0.000000   1.000000
		}
		{Extender "inventory"
			{box
				{clear}
				{item "ammo pistol" 30 {cell 0 0}}
				{item "webley" {cell 2 0}}
			}
		}
		{Player 1}
		{MID 51}
		{Breed "eng.tankman"}
		{FsmState "board"}
	}
	{Entity "_infantry2_rus" 0x8035
		{Position -207.355 839.861 0}
		{Orientation
			  0.995211  -0.097747   0.000000
			 -0.097747  -0.995211   0.000000
			  0.000000   0.000000   1.000000
		}
		{Extender "inventory"
			{box
				{clear}
				{item "ammo pistol" 30 {cell 0 0}}
				{item "webley" {cell 2 0}}
			}
		}
		{Player 1}
		{MID 52}
		{Breed "eng.tankman"}
		{FsmState "board"}
	}
	{Entity "_infantry2_rus" 0x8036
		{Position -207.355 839.861 0}
		{Orientation
			  0.995211  -0.097747   0.000000
			 -0.097747  -0.995211   0.000000
			  0.000000   0.000000   1.000000
		}
		{Extender "inventory"
			{box
				{clear}
				{item "ammo pistol" 30 {cell 0 0}}
				{item "webley" {cell 2 0}}
			}
		}
		{Player 1}
		{MID 53}
		{Breed "eng.tankman"}
		{FsmState "board"}
	}
	{Entity "_infantry2_rus" 0x8037
		{Position 1156.95 338.513 58.9925}
		{Turn 95.2435}
		{Extender "inventory"
			{box
				{clear}
				{item "ammo bazooka" {cell 0 0}}
				{item "ammo bazooka" {cell 2 0}}
				{item "ammo bazooka" {cell 4 0}}
				{item "weapon bazooka" filling "ammo bazooka" {cell 0 1}}
			}
		}
		{DisableObstacles}
		{Player 1}
		{MID 54}
		{Breed "eng.bazuker"}
		{Cover
			{sector 1156.95 338.513 {type "squat_lie"}
				{wall 0 0 1146.35 344.57 1166.27 346.398}
			}
		}
		{FsmState "squat"}
	}
	{Entity "m4a2" 0x8038
		{Position 1827.58 1574.87 0}
		{Turn -154.354}
		{Player 1}
		{MID 55}
		{Weaponry
			{Number 1}
			{State "gun"
				{Weapon
					{Ammo "bullet75 ap" 1}
				}
			}
			{State "mgun"
				{Weapon
					{Ammo "ammo mgun" 200}
				}
			}
		}
	}
	{Entity "_infantry2_rus" 0x8039
		{Position 1827.58 1574.87 0}
		{Orientation
			 -0.901486  -0.432809   0.000000
			 -0.432809   0.901486   0.000000
			  0.000000   0.000000   1.000000
		}
		{Extender "inventory"
			{box
				{clear}
				{item "ammo pistol" 30 {cell 0 0}}
				{item "webley" {cell 2 0}}
			}
		}
		{Player 1}
		{MID 56}
		{Breed "eng.tankman"}
		{FsmState "board"}
	}
	{Entity "_infantry2_rus" 0x803a
		{Position 1827.58 1574.87 0}
		{Orientation
			 -0.901486  -0.432809   0.000000
			 -0.432809   0.901486   0.000000
			  0.000000   0.000000   1.000000
		}
		{Extender "inventory"
			{box
				{clear}
				{item "ammo pistol" 30 {cell 0 0}}
				{item "sten" {cell 2 0}}
			}
		}
		{Player 1}
		{MID 57}
		{Breed "eng.tankman"}
		{FsmState "board"}
	}
	{Entity "_infantry2_rus" 0x803b
		{Position 1827.58 1574.87 0}
		{Orientation
			 -0.901486  -0.432809   0.000000
			 -0.432809   0.901486   0.000000
			  0.000000   0.000000   1.000000
		}
		{Extender "inventory"
			{box
				{clear}
				{item "ammo pistol" 30 {cell 0 0}}
				{item "sten" {cell 2 0}}
			}
		}
		{Player 1}
		{MID 58}
		{Breed "eng.tankman"}
		{FsmState "board"}
	}
	{Entity "_infantry2_rus" 0x803c
		{Position 1827.58 1574.87 0}
		{Orientation
			 -0.901486  -0.432809   0.000000
			 -0.432809   0.901486   0.000000
			  0.000000   0.000000   1.000000
		}
		{Extender "inventory"
			{box
				{clear}
				{item "ammo pistol" 30 {cell 0 0}}
				{item "webley" {cell 2 0}}
			}
		}
		{Player 1}
		{MID 59}
		{Breed "eng.tankman"}
		{FsmState "board"}
	}
	{Entity "cromwell" 0x803d
		{Position 1895.2 184.215 0}
		{Turn 107.587}
		{Player 1}
		{MID 60}
		{Weaponry
			{State "gun"
				{Weapon
					{Ammo "bullet75 ap" 1}
				}
			}
			{State "mgun"
				{Weapon
					{Ammo "ammo mgun" 30}
				}
			}
		}
	}
	{Entity "_infantry2_rus" 0x803e
		{Position 1895.2 184.215 0}
		{Orientation
			 -0.302154   0.953259   0.000000
			  0.953259   0.302154   0.000000
			  0.000000   0.000000   1.000000
		}
		{Extender "vitality"
			{Energy 98.8}
		}
		{Extender "inventory"
			{box
				{clear}
				{item "ammo pistol" 30 {cell 0 0}}
				{item "tt" {cell 2 0}}
			}
		}
		{Player 1}
		{MID 61}
		{Breed "eng.tankman"}
		{FsmState "board"}
	}
	{Entity "_infantry2_rus" 0x803f
		{Position 1895.2 184.215 0}
		{Orientation
			 -0.302154   0.953259   0.000000
			  0.953259   0.302154   0.000000
			  0.000000   0.000000   1.000000
		}
		{Extender "inventory"
			{box
				{clear}
				{item "ammo pistol" 30 {cell 0 0}}
				{item "tt" {cell 2 0}}
			}
		}
		{Player 1}
		{MID 62}
		{Breed "eng.tankman"}
		{FsmState "board"}
	}
	{Entity "_infantry2_rus" 0x8040
		{Position 1895.2 184.215 0}
		{Orientation
			 -0.302154   0.953259   0.000000
			  0.953259   0.302154   0.000000
			  0.000000   0.000000   1.000000
		}
		{Extender "inventory"
			{box
				{clear}
				{item "ammo pistol" 30 {cell 0 0}}
				{item "tt" {cell 2 0}}
			}
		}
		{Player 1}
		{MID 63}
		{Breed "eng.tankman"}
		{FsmState "board"}
	}
	{Entity "_infantry2_rus" 0x8041
		{Position -3.00244 1055 0}
		{Turn -8.1301}
		{Extender "inventory"
			{box
				{clear}
				{item "weapon bazooka" {cell 0 0}}
				{item "ammo bazooka" {cell 5 0}}
				{item "ammo bazooka" {cell 5 1}}
				{item "ammo bazooka" {cell 0 2}}
			}
		}
		{Player 1}
		{MID 64}
		{Breed "eng.bazuker"}
		{Cover
			{sector -3.00244 1055 {type "bush_stand"}
			}
		}
		{FsmState "stand"}
	}
	{Entity "_infantry2_rus" 0x8042
		{Position -150.002 1202 0}
		{Turn -8.38968}
		{Extender "inventory"
			{box
				{clear}
				{item "ammo pistol" 24 {cell 0 0}}
				{item "sten" {cell 4 0}}
			}
			{hand_right
				{Item 0x9004 "grenade n73at"}
			}
		}
		{Player 1}
		{MID 65}
		{Breed "eng.infantry.smg"}
		{LastThrowItem "grenade n73at"}
		{Cover
			{sector -150.002 1202 {type "bush_stand"}
			}
		}
		{FsmState "stand"}
	}
	{Entity "m4a2" 0x8044
		{Position 1609.65 378.751 0}
		{Turn 91.4771}
		{Player 1}
		{MID 67}
	}
	{Entity "_infantry2_rus" 0x8045
		{Position 1609.65 378.751 0}
		{Orientation
			 -0.025778   0.999668   0.000000
			  0.999668   0.025778   0.000000
			  0.000000   0.000000   1.000000
		}
		{Extender "inventory"
			{box
				{clear}
				{item "ammo pistol" 30 {cell 0 0}}
				{item "tt" {cell 2 0}}
			}
		}
		{Player 1}
		{MID 68}
		{Breed "eng.tankman"}
		{FsmState "board"}
	}
	{Entity "_infantry2_rus" 0x8046
		{Position 1609.65 378.751 0}
		{Orientation
			 -0.025778   0.999668   0.000000
			  0.999668   0.025778   0.000000
			  0.000000   0.000000   1.000000
		}
		{Extender "inventory"
			{box
				{clear}
				{item "ammo pistol" 30 {cell 0 0}}
				{item "tt" {cell 2 0}}
			}
		}
		{Player 1}
		{MID 69}
		{Breed "eng.tankman"}
		{FsmState "board"}
	}
	{Entity "_infantry2_rus" 0x8047
		{Position 1609.65 378.751 0}
		{Orientation
			 -0.025778   0.999668   0.000000
			  0.999668   0.025778   0.000000
			  0.000000   0.000000   1.000000
		}
		{Extender "inventory"
			{box
				{clear}
				{item "ammo pistol" 30 {cell 0 0}}
				{item "tt" {cell 2 0}}
			}
		}
		{Player 1}
		{MID 70}
		{Breed "eng.tankman"}
		{FsmState "board"}
	}
	{Entity "_infantry2_rus" 0x8048
		{Position 1609.65 378.751 0}
		{Orientation
			 -0.025778   0.999668   0.000000
			  0.999668   0.025778   0.000000
			  0.000000   0.000000   1.000000
		}
		{Extender "inventory"
			{box
				{clear}
				{item "ammo pistol" 30 {cell 0 0}}
				{item "tt" {cell 2 0}}
			}
		}
		{Player 1}
		{MID 71}
		{Breed "eng.tankman"}
		{FsmState "board"}
	}
	{Entity "matilda" 0x802f
		{Position -69.3934 2117.97 0}
		{Turn -2.99089}
		{Player 1}
		{MID 72}
		{Weaponry
			{Number 1}
			{State "gun"
				{Weapon
					{Ammo "bullet57 ap" 1}
				}
			}
			{State "mgun"
				{Weapon
					{Ammo "ammo mgun" 30}
				}
			}
		}
	}
	{Entity "_infantry2_rus" 0x8049
		{Position -69.3934 2117.97 0}
		{Orientation
			  0.998638  -0.052177   0.000000
			 -0.052177  -0.998638   0.000000
			  0.000000   0.000000   1.000000
		}
		{Extender "inventory"
			{box
				{clear}
				{item "ammo pistol" 30 {cell 0 0}}
				{item "webley" {cell 2 0}}
			}
		}
		{Player 1}
		{MID 78}
		{Breed "eng.tankman"}
		{FsmState "board"}
	}
	{Entity "_infantry2_rus" 0x804a
		{Position -69.3934 2117.97 0}
		{Orientation
			  0.998638  -0.052177   0.000000
			 -0.052177  -0.998638   0.000000
			  0.000000   0.000000   1.000000
		}
		{Extender "inventory"
			{box
				{clear}
				{item "ammo pistol" 30 {cell 0 0}}
				{item "sten" {cell 2 0}}
			}
		}
		{Player 1}
		{MID 79}
		{Breed "eng.tankman"}
		{FsmState "board"}
	}
	{Entity "_infantry2_rus" 0x804b
		{Position -69.3934 2117.97 0}
		{Orientation
			  0.998638  -0.052177   0.000000
			 -0.052177  -0.998638   0.000000
			  0.000000   0.000000   1.000000
		}
		{Extender "inventory"
			{box
				{clear}
				{item "ammo pistol" 30 {cell 0 0}}
				{item "colt" {cell 2 0}}
			}
		}
		{Player 1}
		{MID 80}
		{Breed "eng.tankman"}
		{FsmState "board"}
	}
	{Entity "_infantry2_rus" 0x804c
		{Position 943.698 1965.5 0}
		{Turn 88.2901}
		{Extender "inventory"
			{box
				{clear}
				{item "grenade rpg40" {cell 0 0}}
				{item "grenade rpg40" {cell 2 0}}
				{item "grenade rpg40" {cell 4 0}}
				{item "grenade rpg40" {cell 6 0}}
			}
			{hand_right
				{Item 0x804d "grenade rpg40"}
			}
		}
		{Player 1}
		{MID 46}
		{Breed "eng.infantry.smg"}
		{LastThrowItem "grenade rpg40"}
		{FsmState "stand"}
	}
	{Entity "grenade_rpg40" 0x804d
		{Position 937.945 1967.55 16.9625}
		{Orientation
			 -0.023776   0.315794  -0.948530
			 -0.114911   0.941646   0.316382
			  0.993091   0.116520   0.013900
		}
		{DisableObstacles}
	}
	{Entity "m4a3" 0x804f
		{Position 1749.2 621.404 0}
		{Turn -163.443}
		{TexMod "ambush"}
		{Player 1}
		{MID 74}
		{Weaponry
			{State "gun"
				{Weapon
					{Ammo "bullet76 ap" 1}
				}
			}
			{State "mgun"
				{Weapon
					{Ammo "ammo mgun" 200}
				}
			}
		}
	}
	{Entity "_infantry2_rus" 0x8050
		{Position 1749.2 621.404 0}
		{Orientation
			 -0.958537  -0.284969   0.000000
			 -0.284969   0.958537   0.000000
			  0.000000   0.000000   1.000000
		}
		{Extender "inventory"
			{box
				{clear}
				{item "ammo pistol" 30 {cell 0 0}}
				{item "tt" {cell 2 0}}
			}
		}
		{Player 1}
		{MID 75}
		{Breed "eng.tankman"}
		{FsmState "board"}
	}
	{Entity "_infantry2_rus" 0x8051
		{Position 1749.2 621.404 0}
		{Orientation
			 -0.958537  -0.284969   0.000000
			 -0.284969   0.958537   0.000000
			  0.000000   0.000000   1.000000
		}
		{Extender "inventory"
			{box
				{clear}
				{item "ammo pistol" 30 {cell 0 0}}
				{item "tt" {cell 2 0}}
			}
		}
		{Player 1}
		{MID 76}
		{Breed "eng.tankman"}
		{FsmState "board"}
	}
	{Entity "_infantry2_rus" 0x8052
		{Position 1749.2 621.404 0}
		{Orientation
			 -0.958537  -0.284969   0.000000
			 -0.284969   0.958537   0.000000
			  0.000000   0.000000   1.000000
		}
		{Extender "vitality"
			{Energy 97.8}
		}
		{Extender "inventory"
			{box
				{clear}
				{item "ammo pistol" 30 {cell 0 0}}
				{item "tt" {cell 2 0}}
			}
		}
		{Player 1}
		{MID 81}
		{Breed "eng.tankman"}
		{FsmState "board"}
	}
	{Entity "_infantry2_rus" 0x8053
		{Position 1749.2 621.404 0}
		{Orientation
			 -0.958537  -0.284969   0.000000
			 -0.284969   0.958537   0.000000
			  0.000000   0.000000   1.000000
		}
		{Extender "inventory"
			{box
				{clear}
				{item "ammo pistol" 30 {cell 0 0}}
				{item "tt" {cell 2 0}}
			}
		}
		{Player 1}
		{MID 82}
		{Breed "eng.tankman"}
		{FsmState "board"}
	}
	{Entity "browning_stan" 0x8054
		{Position 1594.44 1123.69 0}
		{Turn 139.027}
		{Player 1}
		{MID 83}
	}
	{Entity "_infantry2_rus" 0x8055
		{Position 1605.05 1114.18 0}
		{Turn 139.027}
		{Extender "inventory"
			{box
				{clear}
				{item "ammo pistol" 24 {cell 0 0}}
				{item "sten" {cell 2 0}}
			}
		}
		{DisableObstacles}
		{Player 1}
		{MID 84}
		{Breed "eng.infantry.smg"}
		{FsmState "board"}
	}
	{Entity "_infantry2_rus" 0x8056
		{Position 346.998 -114.002 0}
		{Turn 136.569}
		{Extender "inventory"
			{box
				{clear}
				{item "weapon bazooka" {cell 0 0}}
				{item "ammo bazooka" {cell 5 0}}
				{item "ammo bazooka" {cell 5 1}}
				{item "ammo bazooka" {cell 0 2}}
			}
		}
		{Player 1}
		{MID 85}
		{Breed "eng.bazuker"}
		{Cover
			{sector 346.998 -114.002 {type "bush_stand"}
			}
		}
		{FsmState "stand"}
	}
	{Entity "_infantry2_rus" 0x8057
		{Position 1686.1 980.829 0.0507495}
		{Extender "inventory"
			{box
				{clear}
				{item "bren" {cell 0 0}}
				{item "ammo mgun" 100 {cell 4 0}}
			}
		}
		{Player 1}
		{MID 86}
		{Breed "eng.infantry.smg"}
		{Cover
			{sector 1686.1 980.829 {type "look_left"}
				{wall 0 0 1679.1 968.659 1679.1 994.25}
			}
		}
		{FsmState "stand"}
	}
	{Entity "_infantry2_rus" 0x8058
		{Position 1730.2 818.526 0}
		{Turn 152.829}
		{Extender "inventory"
			{box
				{clear}
				{item "weapon bazooka" {cell 0 0}}
				{item "ammo bazooka" {cell 5 0}}
				{item "ammo bazooka" {cell 5 1}}
				{item "ammo bazooka" {cell 0 2}}
			}
		}
		{Player 1}
		{MID 87}
		{Breed "eng.bazuker"}
		{FsmState "stand"}
	}
	{Entity "_infantry2_rus" 0x8059
		{Position 626.998 -205.002 0}
		{Turn 6.34019}
		{Extender "inventory"
			{box
				{clear}
				{item "weapon bazooka" {cell 0 0}}
				{item "ammo bazooka" {cell 5 0}}
				{item "ammo bazooka" {cell 5 1}}
				{item "ammo bazooka" {cell 0 2}}
			}
		}
		{Player 1}
		{MID 88}
		{Breed "eng.bazuker"}
		{Cover
			{sector 626.998 -205.002 {type "bush_stand"}
			}
		}
		{FsmState "stand"}
	}
	{Entity "_infantry2_rus" 0x805a
		{Position 559.601 945.374 116.326}
		{Turn 0.683692}
		{Extender "inventory"
			{box
				{clear}
				{item "ammo bazooka" {cell 0 0}}
				{item "ammo bazooka" {cell 2 0}}
				{item "ammo bazooka" {cell 4 0}}
				{item "weapon bazooka" filling "ammo bazooka" {cell 0 1}}
			}
		}
		{DisableObstacles}
		{Player 1}
		{MID 89}
		{Breed "eng.bazuker"}
		{Cover
			{sector 559.601 945.374 {type "squat_lie"}
				{wall 0 0 566.481 955.456 566.72 935.458}
			}
		}
		{FsmState "squat"}
	}
	{Entity "chaffee" 0x805b
		{Position 3550.93 2026.82 0}
		{Turn -62.9289}
		{Player 1}
		{MID 90}
		{Weaponry
			{State "gun"
				{Weapon
					{Ammo "bullet75 ap" 1}
				}
			}
			{State "mgun"
				{Weapon
					{Ammo "ammo mgun" 30}
				}
			}
		}
	}
	{Entity "_infantry2_rus" 0x805c
		{Position 3550.93 2026.82 0}
		{Orientation
			  0.455096  -0.890443   0.000000
			 -0.890443  -0.455096   0.000000
			  0.000000   0.000000   1.000000
		}
		{Extender "inventory"
			{box
				{clear}
				{item "ammo pistol" 30 {cell 0 0}}
				{item "tt" {cell 2 0}}
			}
		}
		{Player 1}
		{MID 91}
		{Breed "eng.tankman"}
		{FsmState "board"}
	}
	{Entity "_infantry2_rus" 0x805d
		{Position 3550.93 2026.82 0}
		{Orientation
			  0.455096  -0.890443   0.000000
			 -0.890443  -0.455096   0.000000
			  0.000000   0.000000   1.000000
		}
		{Extender "inventory"
			{box
				{clear}
				{item "ammo pistol" 30 {cell 0 0}}
				{item "tt" {cell 2 0}}
			}
		}
		{Player 1}
		{MID 92}
		{Breed "eng.tankman"}
		{FsmState "board"}
	}
	{Entity "_infantry2_rus" 0x805e
		{Position 3550.93 2026.82 0}
		{Orientation
			  0.455096  -0.890443   0.000000
			 -0.890443  -0.455096   0.000000
			  0.000000   0.000000   1.000000
		}
		{Extender "inventory"
			{box
				{clear}
				{item "ammo pistol" 30 {cell 0 0}}
				{item "tt" {cell 2 0}}
			}
		}
		{Player 1}
		{MID 93}
		{Breed "eng.tankman"}
		{FsmState "board"}
	}
	{Entity "_infantry2_rus" 0x805f
		{Position 3550.93 2026.82 0}
		{Orientation
			  0.455096  -0.890443   0.000000
			 -0.890443  -0.455096   0.000000
			  0.000000   0.000000   1.000000
		}
		{Extender "inventory"
			{box
				{clear}
				{item "ammo pistol" 30 {cell 0 0}}
				{item "tt" {cell 2 0}}
			}
		}
		{Player 1}
		{MID 94}
		{Breed "eng.tankman"}
		{FsmState "board"}
	}
	{Entity "_infantry2_rus" 0x8060
		{Position 1373.03 1660.92 0}
		{Turn 173.351}
		{Extender "inventory"
			{box
				{clear}
				{item "ammo bazooka" {cell 0 0}}
				{item "ammo bazooka" {cell 2 0}}
				{item "ammo bazooka" {cell 4 0}}
				{item "weapon bazooka" filling "ammo bazooka" {cell 0 1}}
			}
		}
		{Player 1}
		{MID 95}
		{Breed "eng.bazuker"}
		{FsmState "stand"}
	}
	{Entity "_infantry2_rus" 0x8061
		{Position 1999.68 901.985 0}
		{Turn -25.8682}
		{Extender "inventory"
			{box
				{clear}
				{item "ammo pistol" 26 {cell 0 0}}
				{item "sten" {cell 2 0}}
			}
		}
		{Player 1}
		{MID 96}
		{Breed "eng.infantry.smg"}
		{FsmState "stand"}
	}
	{Entity "_infantry2_rus" 0x8062
		{Position 1954.08 1067.49 1.49854}
		{Turn -10.5158}
		{Extender "inventory"
			{box
				{clear}
				{item "weapon bazooka" {cell 0 0}}
				{item "ammo bazooka" {cell 5 0}}
				{item "ammo bazooka" {cell 5 1}}
				{item "ammo bazooka" {cell 0 2}}
			}
		}
		{Player 1}
		{MID 97}
		{Breed "eng.bazuker"}
		{FsmState "stand"}
	}
	{Entity "_infantry2_rus" 0x8063
		{Position 335.545 465.794 0}
		{Turn 154.956}
		{Extender "inventory"
			{box
				{clear}
				{item "ammo pistol" 24 {cell 0 0}}
				{item "sten" {cell 2 0}}
			}
		}
		{Player 1}
		{MID 98}
		{Breed "eng.infantry.smg"}
		{FsmState "stand"}
	}
	{Entity "_infantry2_rus" 0x8064
		{Position 1040.62 -209.996 0}
		{Turn -117.497}
		{Extender "inventory"
			{box
				{clear}
				{item "ammo pistol" 46 {cell 0 0}}
				{item "sten" {cell 2 0}}
			}
		}
		{Player 1}
		{MID 99}
		{Breed "eng.infantry.smg"}
		{FsmState "stand"}
	}
	{Entity "_infantry2_rus" 0x8065
		{Position -185.002 592.998 0}
		{Turn -1.43114}
		{Extender "inventory"
			{box
				{clear}
				{item "grenade n73at" {cell 0 0}}
				{item "bar" {cell 2 0}}
				{item "ammo mgun" 100 {cell 0 1}}
			}
		}
		{Player 1}
		{MID 100}
		{Breed "eng.infantry.smg"}
		{Cover
			{sector -185.002 592.998 {type "bush_stand"}
			}
		}
		{FsmState "stand"}
	}
	{Entity "_infantry2_rus" 0x8066
		{Position -290.002 844.998 0}
		{Extender "inventory"
			{box
				{clear}
				{item "grenade n73at" {cell 0 0}}
				{item "m1_carbine" {cell 4 0}}
				{item "ammo rifle" 9 {cell 2 0}}
			}
			{hand_right
				{Item 0x8027 "grenade n73at"}
			}
		}
		{Player 1}
		{MID 101}
		{Breed "eng.infantry.smg"}
		{LastThrowItem "grenade n73at"}
		{Cover
			{sector -275.002 844.998 {type "bush_stand"}
			}
		}
		{FsmState "stand"}
	}
	{Entity "_infantry2_rus" 0x801a
		{Position 1533.11 428.018 0}
		{Turn -164.078}
		{Extender "inventory"
			{box
				{clear}
				{item "ammo pistol" 27 {cell 0 0}}
				{item "sten" {cell 2 0}}
			}
		}
		{Player 1}
		{MID 26}
		{Breed "eng.infantry.smg"}
		{FsmState "stand"}
	}
	{Entity "m4a3" 0x8014
		{Position -336.707 2080.82 0}
		{Turn -57.3344}
		{TexMod "ambush"}
		{Player 1}
		{MID 28}
	}
	{Entity "_infantry2_rus" 0x8013
		{Position -336.707 2080.82 0}
		{Orientation
			  0.539735  -0.841835   0.000000
			 -0.841835  -0.539735   0.000000
			  0.000000   0.000000   1.000000
		}
		{Extender "inventory"
			{box
				{clear}
				{item "ammo pistol" 30 {cell 0 0}}
				{item "bandage" {cell 6 0}}
				{item "webley" {cell 2 0}}
			}
		}
		{Player 1}
		{MID 19}
		{Breed "eng.tankman"}
		{FsmState "board"}
	}
	{Entity "_infantry2_rus" 0x8015
		{Position -336.707 2080.82 0}
		{Orientation
			  0.539735  -0.841835   0.000000
			 -0.841835  -0.539735   0.000000
			  0.000000   0.000000   1.000000
		}
		{Extender "inventory"
			{box
				{clear}
				{item "ammo pistol" 30 {cell 0 0}}
				{item "webley" {cell 2 0}}
				{item "knife hand" {cell 6 0}}
			}
		}
		{Player 1}
		{MID 29}
		{Breed "eng.tankman"}
		{FsmState "board"}
	}
	{Entity "_infantry2_rus" 0x801c
		{Position -336.707 2080.82 0}
		{Orientation
			  0.539735  -0.841835   0.000000
			 -0.841835  -0.539735   0.000000
			  0.000000   0.000000   1.000000
		}
		{Extender "inventory"
			{box
				{clear}
				{item "ammo pistol" 30 {cell 0 0}}
				{item "sten" {cell 2 0}}
			}
		}
		{Player 1}
		{MID 38}
		{Breed "eng.tankman"}
		{FsmState "board"}
	}
	{Entity "_infantry2_rus" 0x801e
		{Position -336.707 2080.82 0}
		{Orientation
			  0.539735  -0.841835   0.000000
			 -0.841835  -0.539735   0.000000
			  0.000000   0.000000   1.000000
		}
		{Extender "inventory"
			{box
				{clear}
				{item "ammo pistol" 30 {cell 0 0}}
				{item "webley" {cell 2 0}}
			}
		}
		{Player 1}
		{MID 47}
		{Breed "eng.tankman"}
		{FsmState "board"}
	}
	{Entity "_infantry2_rus" 0x804e
		{Position 4884.7 1274.61 3.90175}
		{Orientation
			 -0.869497   0.487319   0.080595
			  0.483456   0.873076  -0.063321
			  0.101223   0.016093   0.994734
		}
		{Extender "inventory"
			{box
				{clear}
				{item "ammo pistol" 30 {cell 0 0}}
				{item "webley" {cell 2 0}}
			}
		}
		{Player 1}
		{MID 20}
		{Breed "eng.tankman"}
		{FsmState "board"}
	}
	{Entity "_infantry2_rus" 0x8067
		{Position 4884.7 1274.61 3.90175}
		{Orientation
			 -0.869497   0.487319   0.080595
			  0.483456   0.873076  -0.063321
			  0.101223   0.016093   0.994734
		}
		{Extender "inventory"
			{box
				{clear}
				{item "ammo pistol" 30 {cell 0 0}}
				{item "webley" {cell 2 0}}
			}
		}
		{Player 1}
		{MID 21}
		{Breed "eng.tankman"}
		{FsmState "board"}
	}
	{Entity "_infantry2_rus" 0x8068
		{Position 4884.7 1274.61 3.90175}
		{Orientation
			 -0.869497   0.487319   0.080595
			  0.483456   0.873076  -0.063321
			  0.101223   0.016093   0.994734
		}
		{Extender "inventory"
			{box
				{clear}
				{item "ammo pistol" 30 {cell 0 0}}
				{item "webley" {cell 2 0}}
			}
		}
		{Player 1}
		{MID 66}
		{Breed "eng.tankman"}
		{FsmState "board"}
	}
	{Entity "_infantry2_rus" 0x8069
		{Position 4884.7 1274.61 3.90175}
		{Orientation
			 -0.869497   0.487319   0.080595
			  0.483456   0.873076  -0.063321
			  0.101223   0.016093   0.994734
		}
		{Extender "inventory"
			{box
				{clear}
				{item "ammo pistol" 30 {cell 0 0}}
				{item "webley" {cell 2 0}}
			}
		}
		{Player 1}
		{MID 107}
		{Breed "eng.tankman"}
		{FsmState "board"}
	}
	{Entity "_infantry2_rus" 0x806a
		{Position 4890.02 685.647 2.06581}
		{Orientation
			 -0.997690  -0.062262   0.027158
			 -0.062509   0.998009  -0.008369
			  0.026583   0.010047   0.999596
		}
		{Extender "inventory"
			{box
				{clear}
				{item "ammo pistol" 30 {cell 0 0}}
				{item "webley" {cell 2 0}}
				{item "grenade n73at" {cell 4 0}}
			}
		}
		{Player 1}
		{MID 108}
		{Breed "eng.tankman"}
		{FsmState "board"}
	}
	{Entity "_infantry2_rus" 0x806b
		{Position 4890.02 685.647 2.06581}
		{Orientation
			 -0.997690  -0.062262   0.027158
			 -0.062509   0.998009  -0.008369
			  0.026583   0.010047   0.999596
		}
		{Extender "inventory"
			{box
				{clear}
				{item "ammo pistol" 30 {cell 0 0}}
				{item "webley" {cell 2 0}}
			}
		}
		{Player 1}
		{MID 109}
		{Breed "eng.tankman"}
		{FsmState "board"}
	}
	{Entity "_infantry2_rus" 0x806c
		{Position 4890.02 685.647 2.06581}
		{Orientation
			 -0.997690  -0.062262   0.027158
			 -0.062509   0.998009  -0.008369
			  0.026583   0.010047   0.999596
		}
		{Extender "inventory"
			{box
				{clear}
				{item "ammo pistol" 30 {cell 0 0}}
				{item "webley" {cell 2 0}}
			}
		}
		{Player 1}
		{MID 110}
		{Breed "eng.tankman"}
		{FsmState "board"}
	}
	{Entity "_infantry2_rus" 0x806d
		{Position 4890.02 685.647 2.06581}
		{Orientation
			 -0.997690  -0.062262   0.027158
			 -0.062509   0.998009  -0.008369
			  0.026583   0.010047   0.999596
		}
		{Extender "inventory"
			{box
				{clear}
				{item "ammo pistol" 30 {cell 0 0}}
				{item "webley" {cell 2 0}}
			}
		}
		{Player 1}
		{MID 111}
		{Breed "eng.tankman"}
		{FsmState "board"}
	}
	{Entity "m4a2" 0x806e
		{Position 4884.7 1274.61 3.90175}
		{Turn 150.731}
		{Player 1}
		{MID 112}
		{Weaponry
			{State "gun"
				{Weapon
					{Ammo "bullet75 ap" 1}
				}
			}
			{State "mgun"
				{Weapon
					{Ammo "ammo mgun" 200}
				}
			}
		}
	}
	{Entity "m4a3" 0x806f
		{Position 4890.02 685.647 2.06581}
		{Turn -176.429}
		{TexMod "ambush"}
		{Player 1}
		{MID 113}
		{Weaponry
			{State "gun"
				{Weapon
					{Ammo "bullet76 ap" 1}
				}
			}
			{State "mgun"
				{Weapon
					{Ammo "ammo mgun" 200}
				}
			}
		}
	}
	{Entity "_infantry2_rus" 0x8070
		{Position 4918.51 1230.61 26.9774}
		{Orientation
			 -0.557439  -0.827264   0.070108
			  0.824035  -0.561600  -0.074767
			  0.101223   0.016093   0.994734
		}
		{Extender "inventory"
			{box
				{clear}
				{item "ammo bazooka" {cell 0 0}}
				{item "ammo bazooka" {cell 2 0}}
				{item "ammo bazooka" {cell 4 0}}
