;Exported by: Albus
;Date:        Sun Apr 22 23:31:45 2012
;File:        C:\Archivos de programa\3dsMax8\scenes\radar_jap_x.max
{Skeleton
	{bone "body"
		{Orientation
			1.0000	0.0000	0.0000
			0.0000	-1.0000	0.0000
			0.0000	0.0000	1.0000
		}
		{VolumeView "body.ply"}
		{bone "piece0"
			{Matrix34
				0.9769	-0.0894	-0.1942
				0.0562	0.9838	-0.1703
				0.2063	0.1555	0.9661
				-0.4904	-23.0701	42.7440
			}
			{VolumeView "piece0.ply"}
		}
		{bone "body1"
			{Matrix34
				0.9948	0.1023	0.0000
				-0.1023	0.9947	0.0052
				0.0005	-0.0052	1.0000
				0.2641	5.1350	20.6791
			}
			{VolumeView "body1.ply"}
			{bone "piece2"
				{Matrix34
					0.9948	-0.1023	0.0005
					0.1023	0.9947	-0.0052
					0.0000	0.0052	1.0000
					17.7699	-7.0970	39.1924
				}
				{VolumeView "piece2.ply"}
			}
			{bone "piece3"
				{Matrix34
					0.9948	-0.1023	0.0005
					0.1023	0.9947	-0.0052
					0.0000	0.0052	1.0000
					24.4909	-8.1859	11.1613
				}
				{VolumeView "piece3.ply"}
			}
			{bone "piece4"
				{Matrix34
					0.9948	-0.1023	0.0005
					0.1023	0.9947	-0.0052
					0.0000	0.0052	1.0000
					24.4909	-7.9268	60.6480
				}
				{VolumeView "piece4.ply"}
			}
		}
		{bone "piece1"
			{Matrix34
				-0.9982	-0.0578	-0.0176
				-0.0587	0.9967	0.0552
				0.0143	0.0561	-0.9983
				-0.0302	17.9514	42.9953
			}
			{VolumeView "piece1.ply"}
		}
	}
}
{Volume "piece1"
	{Polyhedron "piece1.vol"}
	{Bone "piece1"}
	{Matrix34
		-0.9982	-0.0587	0.0143
		-0.0578	0.9967	0.0561
		-0.0176	0.0552	-0.9983
		0.2358	-0.7128	-1.3558
	}
}
{Volume "piece4"
	{Box 97.5555 36.0932 23.5926}
	{Bone "piece4"}
	{Matrix34
		0.0000	-1.0000	0.0000
		0.0000	0.0000	1.0000
		-1.0000	0.0000	0.0000
		10.5446	-0.4261	-0.1156
	}
}
{Volume "piece3"
	{Box 97.0917 35.5002 22.9167}
	{Bone "piece3"}
	{Matrix34
		0.0000	-1.0000	0.0000
		0.0000	0.0000	1.0000
		-1.0000	0.0000	0.0000
		10.7274	-0.6679	0.1243
	}
}
{Volume "piece2"
	{Box 6.35867 116.198 97.5421}
	{Bone "piece2"}
	{Position 3.6579	-0.3529	-4.0127}
}
{Volume "piece0"
	{Polyhedron "piece0.vol"}
	{Bone "piece0"}
	{Matrix34
		0.9769	0.0562	0.2063
		-0.0894	0.9838	0.1555
		-0.1942	-0.1703	0.9661
		-0.4874	2.1702	1.9439
	}
}
{Volume "body"
	{Cylinder 27.6408 5.51064}
	{Bone "body"}
	{Matrix34
		0.9521	-0.3057	0.0000
		0.3057	0.9521	0.0000
		0.0000	0.0000	1.0000
		-0.0388	-1.2102	2.6587
	}
}
