;Exported by: dinsen
;Date:        Thu Feb 11 12:14:07 2010
;File:        C:\theGame\eng-com.max
{Skeleton
	{extension "/properties/animation/human/human_anm.ext"}
	{bone revolute "Basis"
		{limits -30.0000 30.0000}
		{speed 0.1000}
		{Orientation
			1.0000	0.0000	0.0000
			0.0000	-1.0000	0.0000
			0.0000	0.0000	1.0000
		}
		{bone "Body"
			{Matrix34
				0.0000	-0.0000	1.0000
				0.0000	-1.0000	-0.0000
				1.0000	0.0000	0.0000
				-0.0000	0.0338	19.5259
			}
			{bone "foot1L"
				{Matrix34
					-0.9935	-0.0203	0.1117
					0.1117	0.0030	0.9937
					0.0205	-0.9998	0.0007
					-0.1407	-2.0885	-0.4793
				}
				{bone "foot2L"
					{Matrix34
						0.9524	-0.3049	-0.0001
						0.3049	0.9524	-0.0000
						0.0001	0.0000	1.0000
						9.1918	-0.0462	0.0000
					}
					{bone "foot3L"
						{Matrix34
							0.0906	0.9796	0.1793
							0.0035	-0.1804	0.9836
							0.9959	-0.0885	-0.0197
							9.0172	-0.3394	-0.0715
						}
					}
				}
			}
			{bone "foot1R"
				{Matrix34
					-0.9936	0.0114	0.1126
					0.1126	-0.0017	0.9936
					0.0115	0.9999	0.0004
					-0.1407	2.1278	-0.4790
				}
				{bone "foot2R"
					{Matrix34
						0.9518	-0.3067	-0.0001
						0.3067	0.9518	-0.0000
						0.0001	0.0000	1.0000
						9.1917	-0.0463	0.0000
					}
					{bone "foot3R"
						{Matrix34
							0.0880	0.9747	0.2053
							0.0072	0.2054	-0.9786
							-0.9961	0.0876	0.0111
							9.0172	-0.3394	-0.0715
						}
					}
				}
			}
			{bone revolute "IK_LeftRight"
				{limits -20.0000 20.0000}
				{speed 0.1000}
				{Matrix34
					0.0000	0.0000	1.0000
					-0.0000	-1.0000	0.0000
					1.0000	-0.0000	0.0000
					1.8658	0.0338	-0.0000
				}
				{bone revolute "IK_UpDown"
					{limits -40.0000 20.0000}
					{speed 0.1000}
					{Matrix34
						1.0000	0.0000	-0.0000
						-0.0000	-0.0000	1.0000
						-0.0000	-1.0000	0.0000
						-0.0000	-0.0000	1.6348
					}
					{bone "Head"
						{Matrix34
							1.0000	-0.0000	-0.0000
							0.0000	-0.0000	-1.0000
							-0.0000	1.0000	0.0000
							-0.0000	7.0710	0.0000
						}
						{bone "VISOR"
							{Matrix34
								1.0000	0.0000	-0.0000
								-0.0000	1.0000	0.0000
								-0.0000	-0.0000	1.0000
								2.2730	0.0000	2.2865
							}
						}
					}
					{bone "Hand1R"
						{Matrix34
							-0.1399	-0.9645	0.2238
							0.8542	-0.2319	-0.4654
							0.5008	0.1261	0.8564
							-0.0871	5.7815	4.0438
						}
						{bone "Hand2R"
							{Matrix34
								0.9416	0.3368	0.0000
								-0.3368	0.9416	-0.0000
								0.0000	-0.0000	1.0000
								6.1434	0.0000	0.0000
							}
							{bone "right_hand"
								{Matrix34
									0.9971	0.0748	0.0108
									-0.0722	0.8996	0.4307
									0.0225	-0.4302	0.9024
									6.1368	1.3572	0.3924
								}
							}
							{bone "Palm1R"
								{Matrix34
									0.1185	0.9887	0.0919
									0.2294	0.0628	-0.9713
									-0.9661	0.1362	-0.2194
									5.2488	-0.1197	-0.1459
								}
							}
						}
					}
					{bone "Hand1L"
						{Matrix34
							-0.1757	-0.9485	-0.2635
							0.8505	-0.2811	0.4447
							-0.4958	-0.1459	0.8561
							-0.0871	5.7815	-4.0516
						}
						{bone "Hand2L"
							{Matrix34
								0.8644	0.5028	0.0000
								-0.5028	0.8644	0.0000
								-0.0000	0.0000	1.0000
								6.1434	-0.0000	-0.0000
							}
							{bone "left_hand"
								{Matrix34
									0.2757	0.8235	-0.4958
									0.0042	-0.5168	-0.8561
									-0.9612	0.2339	-0.1459
									5.8784	-0.6540	0.4018
								}
							}
							{bone "Palm1L"
								{Matrix34
									-0.2481	-0.9648	0.0876
									0.1988	0.0378	0.9793
									-0.9481	0.2604	0.1824
									5.4838	-0.0861	0.0895
								}
							}
						}
					}
					{bone "Gun_back"
						{Matrix34
							0.0065	0.9961	0.0885
							-0.1064	0.0887	-0.9904
							-0.9943	-0.0030	0.1065
							-4.0848	-4.1690	2.3777
						}
					}
				}
			}
			{bone revolute "placement"
				{Matrix34
					-0.0000	1.0000	-0.0000
					-1.0000	-0.0000	-0.0000
					-0.0000	0.0000	1.0000
					0.7124	0.0026	0.0088
				}
			}
		}
		{bone revolute "Foresight2rot"
			{limits -20.0000 20.0000}
			{speed 0.1000}
			{Position 13.4694	0.0242	27.0456}
		}
		{bone "Skin"
			{Matrix34
				0.9063	0.0000	-0.4226
				-0.0000	-1.0000	-0.0000
				0.4226	-0.0000	0.9063
				0.9726	-0.0001	26.4035
			}
			{VolumeView "Skin.ply"}
		}
	}
}
