;Exported by: sk
;Date:        Fri Sep 05 11:30:22 2003

{Skeleton
	{bone "stuff1"
		{Orientation
			1.0000	0.0000	0.0000
			0.0000	-1.0000	0.0000
			0.0000	0.0000	1.0000
		}
		{VolumeView "stuff1.ply"}
	}
}
{Volume "body4"
	{Box 10.8157 19.0022 9.41102}
	{Bone "stuff1"}
		{Matrix34
			0.0000	1.0000	0.0000
			-1.0000	0.0000	0.0000
			0.0000	0.0000	1.0000
			14.3618	1.2190	4.7055
		}
}
{Volume "body3"
	{Box 10.8157 19.0022 9.41102}
	{Bone "stuff1"}
		{Matrix34
			0.9659	0.2588	0.0000
			-0.2588	0.9659	0.0000
			0.0000	0.0000	1.0000
			-17.8675	-40.1077	4.7055
		}
}
{Volume "body2"
	{Box 41.599 17.9009 13.0709}
	{Bone "stuff1"}
		{Matrix34
			0.9962	0.0872	0.0000
			-0.0872	0.9962	0.0000
			0.0000	0.0000	1.0000
			-6.2603	-18.4002	6.5354
		}
}
{Volume "body1"
	{Box 23.7709 23.5539 15.748}
	{Bone "stuff1"}
		{Matrix34
			0.9848	-0.1736	0.0000
			0.1736	0.9848	0.0000
			0.0000	0.0000	1.0000
			-15.7837	3.3253	7.8740
		}
}
{Volume "body"
	{Box 23.7709 23.5539 24.2136}
	{Bone "stuff1"}
		{Position -10.1736	29.2022	12.1068}
}
