;Exported by: garry
;Date:        Thu May 27 11:53:17 2004
;File:        D:\-Projects-\-3DWork-\Model\Танки\PZ-2\Pz2F.max
{Skeleton
	{animation
		{sequence "start"}
		{sequence "stop"}
		{sequence "fire"}
		{sequence "open" {resume}}
		{sequence "hit"}
	}
	{bone "Basis"
		{Orientation
			1.0000	0.0000	0.0000
			0.0000	-1.0000	0.0000
			0.0000	0.0000	1.0000
		}
		{bone "Body"
			{parameters "ID=body;"}
			{animation
				{sequence "repair" {file "body_r.anm"} {speed 0.8}}
			}
			{Position -2.9289	-2.0424	17.6603}
			{VolumeView "Body.ply"}
			{bone "Antenna"
				{parameters "ID=body;"}
				{Matrix34
					0.9994	-0.0000	0.0349
					0.0000	1.0000	-0.0000
					-0.0349	0.0000	0.9994
					-34.3866	-16.3129	5.6958
				}
				{VolumeView "Antenna.ply"}
			}
			{bone "FXfire1"
				{Matrix34
					0.0087	0.0087	0.9999
					-1.0000	0.0002	0.0087
					-0.0001	-1.0000	0.0087
					-20.1620	7.7777	4.1354
				}
			}
			{bone "FXsmoke1"
				{Matrix34
					-0.9160	0.3195	0.2427
					-0.2588	-0.0084	-0.9659
					-0.3066	-0.9475	0.0904
					-47.8021	8.1404	0.1493
				}
			}
			{bone "seat03"
				{Matrix34
					0.6837	-0.6816	0.2606
					0.7071	0.7071	-0.0055
					-0.1806	0.1880	0.9654
					-19.1196	-20.3521	4.4905
				}
			}
			{bone "seat02"
				{Matrix34
					0.2263	0.9273	0.2983
					-0.9730	0.2292	0.0258
					-0.0444	-0.2961	0.9541
					-32.8840	21.4637	4.6791
				}
			}
			{bone revolute "Turret"
				{parameters "ID=turret;"}
				{animation
					{sequence "repair" {file "turret_r.anm"}}
				}
				{speed 0.0050}
				{Position 7.3197	3.4463	10.8939}
				{VolumeView "Turret.ply"}
				{bone "Cover2"
					{parameters "ID=turret;"}
					{Matrix34
						-1.0000	-0.0054	0.0000
						0.0054	-1.0000	0.0000
						0.0000	0.0000	1.0000
						-4.7549	3.4276	9.7212
					}
					{VolumeView "Cover2.ply"}
				}
				{bone "FXfire2"
					{Matrix34
						0.0087	0.0087	0.9999
						-1.0000	0.0002	0.0087
						-0.0001	-1.0000	0.0087
						-5.0959	-1.8160	7.2400
					}
				}
				{bone revolute "Gun_rot"
					{parameters "ID=gun;"}
					{limits -10.0000 15.0000}
					{speed 0.0200}
					{Matrix34
						1.0000	0.0027	0.0027
						-0.0026	-0.0262	0.9997
						0.0027	-0.9997	-0.0262
						12.2601	0.0085	4.4765
					}
					{VolumeView "Gun_rot.ply"}
					{bone "Gun"
						{parameters "ID=gun;"}
						{animation
							{sequence "repair" {file "gun_r.anm"}}
						}
						{Matrix34
							1.0000	0.0087	-0.0003
							-0.0087	0.9990	-0.0436
							-0.0001	0.0436	0.9990
							7.6778	-0.1971	-3.9492
						}
						{VolumeView "Gun.ply"}
						{bone "Foresight1"
							{Matrix34
								0.9999	-0.0115	0.0025
								0.0114	0.9998	0.0175
								-0.0027	-0.0175	0.9998
								13.2038	-0.2291	0.0699
							}
						}
					}
					{bone revolute "Foresight3"
						{limits -5.0000 3.0000}
						{speed 0.0200}
						{Matrix34
							1.0000	-0.0026	0.0027
							0.0027	0.9997	-0.0262
							-0.0027	0.0262	0.9997
							7.7327	0.1916	6.2096
						}
					}
				}
				{bone "Visor1"
					{Matrix34
						1.0000	0.0000	0.0000
						-0.0000	-0.0000	1.0000
						0.0000	-1.0000	-0.0000
						5.1858	-1.6797	10.5200
					}
				}
				{bone "Visor2"
					{Matrix34
						1.0000	0.0000	0.0000
						-0.0000	-0.0000	1.0000
						0.0000	-1.0000	-0.0000
						21.7953	0.2422	-3.4836
					}
				}
				{bone "Cover1"
					{parameters "ID=turret;"}
					{Matrix34
						-1.0000	0.0054	0.0000
						0.0054	1.0000	0.0000
						0.0000	-0.0000	1.0000
						-4.7549	-6.0008	9.7212
					}
					{VolumeView "Cover1.ply"}
				}
			}
			{bone revolute "WheelL2"
				{parameters "ID=trackleft;"}
				{Matrix34
					-1.0000	0.0000	-0.0000
					-0.0000	0.0000	1.0000
					0.0000	1.0000	-0.0000
					-37.7298	15.4310	-7.2211
				}
				{VolumeView "WheelL2.ply"}
			}
			{bone revolute "WheelL1"
				{parameters "ID=trackleft;"}
				{Matrix34
					-1.0000	0.0000	-0.0000
					-0.0000	0.0000	1.0000
					0.0000	1.0000	-0.0000
					39.3566	14.8237	-6.3393
				}
				{VolumeView "WheelL1.ply"}
			}
			{bone revolute "WheelR1"
				{parameters "ID=trackright;"}
				{Matrix34
					0.5000	-0.0000	0.8660
					0.8660	-0.0000	-0.5000
					-0.0000	-1.0000	0.0000
					39.3566	-15.0174	-6.3393
				}
				{VolumeView "WheelR1.ply"}
			}
			{bone revolute "WheelR2"
				{parameters "ID=trackright;"}
				{Matrix34
					-1.0000	0.0000	0.0000
					0.0000	-0.0000	1.0000
					0.0000	-1.0000	-0.0000
					-37.7298	-14.8183	-7.2211
				}
				{VolumeView "WheelR2.ply"}
			}
			{bone "seat01"
				{Matrix34
					0.2263	0.9273	0.2983
					-0.9730	0.2292	0.0258
					-0.0444	-0.2961	0.9541
					-17.0426	21.4637	4.6791
				}
			}
		}
		{bone "WheelsL"
			{parameters "ID=trackleft;"}
			{Matrix34
				-1.0000	-0.0000	-0.0000
				-0.0000	-0.0000	1.0000
				-0.0000	1.0000	-0.0000
				-2.1512	18.3733	11.4479
			}
			{VolumeView "WheelsL.ply"}
			{bone "FXtraceL1"
				{Matrix34
					0.9945	0.0078	0.1047
					-0.0087	0.9999	0.0087
					-0.1046	-0.0096	0.9945
					-25.1327	-5.9066	-0.9513
				}
			}
			{bone "FXtraceL2"
				{Matrix34
					0.9835	0.1802	0.0176
					-0.1804	0.9836	0.0087
					-0.0157	-0.0118	0.9998
					29.9590	-10.9379	0.1739
				}
			}
			{bone "TrackL"
				{parameters "ID=trackleft;"}
				{Matrix34
					1.0000	0.0000	0.0000
					-0.0000	1.0000	-0.0000
					-0.0000	-0.0000	1.0000
					-0.9325	0.0062	-0.4994
				}
				{VolumeView "TrackL.ply"}
			}
		}
		{bone "WheelsR"
			{parameters "ID=trackright;"}
			{Matrix34
				1.0000	-0.0000	0.0000
				0.0000	-0.0000	-1.0000
				0.0000	1.0000	-0.0000
				-2.1512	-21.7113	11.4479
			}
			{VolumeView "WheelsR.ply"}
			{bone "FXtraceR1"
				{Matrix34
					-0.9962	0.0079	-0.0873
					-0.0080	-1.0000	0.0000
					0.0873	-0.0007	-0.9962
					25.1252	5.1535	0.7777
				}
			}
			{bone "FXtraceR2"
				{Matrix34
					-0.9865	-0.1639	-0.0001
					0.1639	-0.9865	0.0000
					0.0002	-0.0000	-1.0000
					-30.0500	11.0826	-0.6041
				}
			}
			{bone "TrackR"
				{parameters "ID=trackright;"}
				{Position 0.9773	0.0062	1.6302}
				{VolumeView "TrackR.ply"}
			}
		}
		{bone "emit4"
			{Matrix34
				0.0000	-1.0000	-0.0000
				1.0000	0.0000	-0.0000
				0.0000	-0.0000	1.0000
				-36.9224	33.9888	0.0000
			}
			{visibility 0}
		}
		{bone "emit5"
			{Matrix34
				0.0000	1.0000	0.0000
				-1.0000	0.0000	-0.0000
				-0.0000	-0.0000	1.0000
				-22.2080	-36.0651	-0.0000
			}
			{visibility 0}
		}
		{bone "emit1"
			{Matrix34
				0.0000	-1.0000	0.0000
				1.0000	0.0000	0.0000
				-0.0000	0.0000	1.0000
				25.7240	33.9888	-0.0000
			}
			{visibility 0}
		}
		{bone "emit2"
			{Matrix34
				0.0000	1.0000	-0.0000
				-1.0000	0.0000	-0.0000
				-0.0000	0.0000	1.0000
				28.2645	-36.0651	-0.0000
			}
			{visibility 0}
		}
		{bone "emit3"
			{Matrix34
				0.0000	-1.0000	-0.0000
				1.0000	0.0000	-0.0000
				0.0000	-0.0000	1.0000
				-17.4341	33.9888	0.0000
			}
			{visibility 0}
		}
	}
}
{Volume "trackright"
	{Box 91.5812 7.4255 19.767}
	{Bone "WheelsR"}
	{Matrix34
		1.0000	0.0000	0.0000
		-0.0000	-0.0000	1.0000
		0.0000	-1.0000	-0.0000
		0.3793	1.5644	0.6682
	}
}
{Volume "trackleft"
	{Box 91.5812 7.4255 19.767}
	{Bone "WheelsL"}
	{Matrix34
		-1.0000	-0.0000	-0.0000
		-0.0000	-0.0000	1.0000
		-0.0000	1.0000	-0.0000
		-0.3793	-1.5644	-1.1717
	}
}
{Volume "engine"
	{Box 16.0787 24.6142 12.7976}
	{Bone "Body"}
	{Position -32.0235	-0.3349	-2.3011}
}
{Volume "inventory"
	{Box 15.9536 24.6142 14.0593}
	{Bone "Body"}
	{Position -13.2542	-0.3425	-2.5160}
}
{Volume "crew"
	{Box 15.3529 14.7685 27.6247}
	{Bone "Body"}
	{Position 8.2853	3.0953	4.1825}
}
{Volume "body1"
	{Box 91.4437 30.1764 16.3045}
	{Bone "Body"}
	{Position 2.7384	0.1292	-2.6522}
}
{Volume "body2"
	{Box 52.1229 37.6487 5.21743}
	{Bone "Body"}
	{Position 2.7384	1.7650	7.9855}
}
{Volume "turret"
	{Polyhedron "turret.vol"}
	{Bone "Turret"}
	{Position -0.2511	-0.0485	-0.4073}
}
{Volume "gun"
	{Cylinder 0.846689 18.8}
	{Bone "Gun"}
	{Matrix34
		0.0027	0.0175	-0.9998
		0.0114	0.9998	0.0175
		0.9999	-0.0115	0.0025
		3.1131	0.0096	0.0060
	}
}
