;Exported by: sk
;Date:        Thu Sep 16 11:54:06 2004
;File:        D:\-Projects-\-3DWork-\Model\-Tank\M4A3_mineexpl\M4A3_mineexpl_xx(6).max
{Skeleton
	{bone "Basis"
		{Orientation
			1.0000	0.0000	0.0000
			0.0000	-1.0000	0.0000
			0.0000	0.0000	1.0000
		}
		{bone "WheelsL"
			{parameters "ID=trackleft;"}
			{Matrix34
				-1.0000	0.0000	0.0000
				0.0000	0.0000	1.0000
				0.0000	1.0000	-0.0000
				-5.6604	20.5032	11.3966
			}
			{VolumeView "WheelsL.ply"}
		}
		{bone "WheelsR"
			{parameters "ID=trackright;"}
			{Matrix34
				-1.0000	-0.0000	0.0000
				0.0000	-0.0000	1.0000
				0.0000	-1.0000	-0.0000
				-5.6604	-20.1576	11.3966
			}
			{VolumeView "WheelsR.ply"}
		}
		{bone "body"
			{parameters "CommonMesh;ID=body;"}
			{animation
				{sequence "death" {speed 0.5}}
			}
			{Position -1.4397	-0.0347	22.0866}
			{VolumeView "body.ply"}
				{bone revolute "WheelL1"
					{parameters "ID=trackleft;"}
					{Matrix34
						0.9862	-0.0021	-0.1654
						-0.1653	0.0187	-0.9861
						0.0052	0.9998	0.0181
						50.7982	26.5862	-9.2394
					}
					{VolumeView "WheelL1.ply"}
				}
				{bone revolute "WheelR1"
					{parameters "ID=trackright;"}
					{Matrix34
						0.8239	-0.0021	-0.5667
						-0.5666	0.0187	-0.8238
						-0.0123	-0.9998	-0.0142
						50.7797	-27.4622	-8.2233
					}
					{VolumeView "WheelR1.ply"}
				}
				{bone revolute "WheelR2"
					{parameters "ID=trackright;"}
					{Matrix34
						-0.9983	-0.0007	-0.0580
						-0.0580	0.0188	0.9981
						-0.0003	-0.9998	0.0188
						-45.6980	-26.3213	-6.4099
					}
					{VolumeView "WheelR2.ply"}
				}
				{bone revolute "WheelL2"
					{parameters "ID=trackleft;"}
					{Matrix34
						-0.9983	-0.0007	-0.0580
						-0.0580	0.0188	0.9981
						0.0003	0.9998	-0.0188
						-45.6795	26.6533	-7.4261
					}
					{VolumeView "WheelL2.ply"}
				}
			{bone "part1"
				{Matrix34
					-1.0000	0.0000	0.0000
					0.0000	0.0000	1.0000
					0.0000	1.0000	-0.0000
					37.9325	22.2108	-17.1442
				}
				{VolumeView "part1.ply"}
			}
			{bone "part3"
				{parameters "CommonMesh;ID=body;"}
				{animation
					{sequence "break" {file "body.anm"} {speed 0.6}}
				}
				{Matrix34
					0.9998	-0.0007	-0.0188
					0.0003	0.9998	-0.0188
					0.0188	0.0188	0.9996
					1.1987	-21.1219	3.1914
				}
				{VolumeView "part3.ply"}
			}
			{bone "part4"
				{Matrix34
					0.9998	-0.0007	-0.0188
					0.0003	0.9998	-0.0188
					0.0188	0.0188	0.9996
					-24.2718	-23.6702	-9.3381
				}
				{VolumeView "part4.ply"}
			}
				{bone "roller_joint"
					{Matrix34
						0.9855	0.0000	-0.1698
						0.1698	-0.0000	0.9855
						-0.0000	-1.0000	-0.0000
						29.1146	0.4103	3.7189
					}
					{VolumeView "roller_joint.ply"}
					{bone "Wheel"
						{parameters "CommonMesh;"}
						{Matrix34
							0.9939	0.0000	-0.1100
							-0.0110	0.9950	-0.0997
							0.1094	0.1003	0.9889
							67.7289	-2.2273	0.3101
						}
						{VolumeView "Wheel.ply"}
					}
				}
		}
	}
}
{Volume "part4"
	{Box 17.1245 15.49 3.0315}
	{Bone "part4"}
	{Matrix34
		1.0000	-0.0100	0.0002
		0.0007	0.0906	0.9959
		-0.0100	-0.9958	0.0906
		-1.3460	-0.5734	0.1048
	}
}
{Volume "part3"
	{Box 115.527 9.99475 2.5}
	{Bone "part3"}
	{Matrix34
		1.0000	0.0007	0.0013
		-0.0007	0.9998	0.0188
		-0.0013	-0.0188	0.9998
		-0.0378	0.0052	-0.2796
	}
}
{Volume "part1"
	{Cylinder 4.98798 3.25325}
	{Bone "part1"}
	{Matrix34
		-1.0000	0.0000	-0.0000
		0.0000	1.0000	-0.0000
		-0.0000	-0.0000	-1.0000
		-0.7384	-0.1567	-0.0535
	}
}
{Volume "Body2"
	{Polyhedron "Body2.vol"}
	{Bone "body"}
	{Matrix34
		0.9998	-0.0007	-0.0188
		0.0003	0.9998	-0.0188
		0.0188	0.0188	0.9996
		0.6771	-0.0811	-9.5509
	}
}
{Volume "Body1"
	{Polyhedron "Body1.vol"}
	{Bone "body"}
	{Matrix34
		0.9998	-0.0007	-0.0188
		0.0003	0.9998	-0.0188
		0.0188	0.0188	0.9996
		0.8967	0.1383	2.1233
	}
}
