;Exported by: dinsen & albus
;Date:        Sat Jan 15 13:39:42 2011
;File:        C:\Archivos de programa\Autodesk\3dsMax8\scenes\m3scout_pruebas.max
{Skeleton
	{bone "basis"
		{Orientation
			1.0000	0.0000	0.0000
			0.0000	-1.0000	0.0000
			0.0000	0.0000	1.0000
		}
		{bone "pivot_back"
			{Position -29.4614	1.4769	10.5724}
			{bone revolute "wheelL2"
				{parameters "ID=wheelleft2;"}
				{Matrix34
					-1.0000	-0.0000	0.0000
					0.0000	-0.0000	1.0000
					-0.0000	1.0000	0.0000
					-0.1529	17.3712	0.2131
				}
				{VolumeView "wheelL2.ply"}
			}
			{bone revolute "wheelR2"
				{parameters "ID=wheelright2;"}
				{Matrix34
					-1.0000	0.0000	0.0000
					0.0000	-0.0000	1.0000
					0.0000	1.0000	0.0000
					-0.1529	-19.4887	0.2131
				}
				{VolumeView "wheelR2.ply"}
			}
		}
		{bone "pivot_front"
			{Position 43.1572	1.4769	10.5724}
			{bone revolute "steer_R1"
				{Matrix34
					1.0000	0.0000	0.0000
					0.0000	-1.0000	-0.0015
					0.0000	0.0015	-1.0000
					-0.0314	-19.5784	0.2049
				}
				{bone revolute "wheelR1"
					{parameters "ID=wheelright1;"}
					{Matrix34
						-0.9999	0.0000	0.0111
						-0.0111	-0.0032	-0.9999
						0.0000	-1.0000	0.0032
						-0.0535	-0.0673	-0.0081
					}
					{VolumeView "wheelR1.ply"}
				}
			}
			{bone revolute "steer_L1"
				{Matrix34
					1.0000	0.0000	0.0000
					0.0000	-1.0000	0.0026
					0.0000	-0.0026	-1.0000
					-0.0314	17.6964	0.2049
				}
				{bone revolute "wheelL1"
					{parameters "ID=wheelleft1;"}
					{Matrix34
						-1.0000	0.0000	0.0025
						-0.0025	-0.0095	-1.0000
						0.0000	-1.0000	0.0095
						-0.0535	-0.1062	-0.0085
					}
					{VolumeView "wheelL1.ply"}
				}
			}
		}
		{bone "body"
			{parameters "ID=body;"}
			{Matrix34
				1.0000	0.0000	0.0041
				0.0000	1.0000	-0.0011
				-0.0041	0.0011	1.0000
				0.0000	-0.0000	13.1587
			}
			{VolumeView "body.ply"}
			{bone "doorleft"
				{parameters "ID=body;"}
				{Matrix34
					1.0000	0.0058	-0.0041
					-0.0058	1.0000	0.0010
					0.0041	-0.0010	1.0000
					14.0209	17.8312	17.2275
				}
				{VolumeView "doorleft.ply"}
			}
			{bone "part1"
				{Position 14.0700	-16.8200	16.0000}
				{VolumeView "part1.ply"}
			}
			{bone "part2"
				{Position 15.2700	0.0000	26.0800}
				{VolumeView "part2.ply"}
			}
			{bone "part3"
				{Position 61.3200	0.0000	2.5900}
				{VolumeView "part3.ply"}
			}
			{bone "part4"
				{Position -24.2000	5.2000	8.6000}
				{VolumeView "part4.ply"}
			}
			{bone "part5"
				{Position 9.9100	11.7600	17.7100}
				{VolumeView "part5.ply"}
			}
			{bone "engine"
				{parameters "ID=engine;"}
				{Position 0.0000	0.0000	0.0000}
				{VolumeView "engine.ply"}
			}
			{bone revolute "turret"
				{parameters "ID=turret;"}
				{limits -24.0000 24.0000}
				{speed 0.0400}
				{Position 7.9871	-8.1204	25.7958}
				{VolumeView "turret.ply"}
				{bone revolute "mgun_rot"
					{limits -10.0000 25.0000}
					{speed 0.0400}
					{Matrix34
						1.0000	0.0000	0.0000
						0.0000	-0.0417	0.9991
						0.0000	-0.9991	-0.0417
						-0.0610	-0.1188	2.8189
					}
					{VolumeView "mgun_rot.ply"}
					{bone "mgun"
						{Matrix34
							1.0000	0.0000	0.0000
							0.0000	-0.0417	-0.9991
							0.0000	0.9991	-0.0417
							-0.1181	2.6582	0.0269
						}
						{VolumeView "mgun.ply"}
					}
				}
			}
		}
	}
}
{Volume "body"
	{Polyhedron "body.vol"}
	{Bone "body"}
	{Matrix34
		1.0000	0.0000	-0.0041
		0.0000	1.0000	0.0011
		0.0041	-0.0011	1.0000
		4.0618	0.4300	-5.3016
	}
}
{Volume "engine"
	{Polyhedron "engine.vol"}
	{Bone "engine"}
	{Matrix34
		1.0000	0.0000	-0.0041
		0.0000	1.0000	0.0011
		0.0041	-0.0011	1.0000
		33.6134	0.4303	-2.5060
	}
}
{Volume "part3"
	{Cylinder 3.85610 18.02746}
	{Bone "part3"}
	{Matrix34
		1.0000	0.0000	0.0000
		0.0000	0.0000	-1.0000
		0.0000	1.0000	0.0000
		0.0000	0.0000	0.0000
	}
}
{Volume "part4"
	{Polyhedron "part4.vol"}
	{Bone "part4"}
	{Position 0.6000	0.4000	1.8900}
}
{Volume "part5"
	{Cylinder 4.05610 1.02746}
	{Bone "part5"}
	{Matrix34
		0.6298	0.0000	0.7767
		0.0000	1.0000	0.0000
		-0.7767	0.0000	0.6298
		0.0000	0.0000	0.0000
	}
}
{Volume "part1"
	{Polyhedron "part1.vol"}
	{Bone "part1"}
	{Matrix34
		0.2697	-0.9607	-0.0652
		0.9568	0.2750	-0.0939
		0.1082	-0.0370	0.9934
		-9.7712	-2.1375	1.2543
	}
}
{Volume "part2"
	{Box 1.74913 30.61957 9.0493}
	{Bone "part2"}
	{Matrix34
		0.5032	0.0000	0.8641
		0.0000	1.0000	0.0000
		-0.8641	0.0000	0.5032
		-0.2817	0.0000	-0.4839
	}
}
{Volume "turret"
	{Box 25.6172 6.4778 4.55711}
	{Bone "turret"}
	{Position 8.2000	1.5000	5.3000}
}
