;Exported by: Albus
;Date:        Wed Jul 27 21:03:09 2011
;File:        C:\ARCHIV~1\3dsMax8\scenes\CANNON~1.MAX
{Skeleton
	{animation
		{sequence "recoil"}
	}
	{bone "basis"
		{Orientation
			1.0000	0.0000	0.0000
			0.0000	-1.0000	0.0000
			0.0000	0.0000	1.0000
		}
		{bone revolute "turret"
			{parameters "ID=turret;"}
			{limits -90.0000 90.0000}
			{speed 0.0025}
			{Matrix34
				1.0000	0.0000	0.0052
				0.0000	1.0000	0.0000
				-0.0052	0.0000	1.0000
				0.0000	0.0000	0.0000
			}
			{VolumeView "turret.ply"}
			{bone revolute "gun_rot"
				{parameters "ID=gun;"}
				{limits -25.0000 20.0000}
				{speed 0.0050}
				{Matrix34
					0.9973	0.0000	-0.0731
					0.0731	0.0000	0.9973
					0.0000	-1.0000	0.0000
					-3.6189	-0.3708	43.8060
				}
				{VolumeView "gun_rot.ply"}
				{bone "foresight1"
					{Matrix34
						0.9228	0.3854	0.0023
						-0.0009	0.0079	-1.0000
						-0.3854	0.9227	0.0076
						127.2733	53.4876	0.5406
					}
				}
				{bone "gun1"
					{parameters "ID=gun;"}
					{Matrix34
						0.9235	0.3837	0.0000
						0.0000	0.0000	-1.0000
						-0.3837	0.9235	0.0000
						36.2667	12.7414	6.4328
					}
					{VolumeView "gun1.ply"}
					{bone "shooter00"
						{Matrix34
							0.9999	-0.0036	0.0108
							0.0036	1.0000	0.0000
							-0.0108	0.0000	0.9999
							82.1027	-3.1376	3.0548
						}
					}
				}
				{bone "gun2"
					{parameters "ID=gun;"}
					{Matrix34
						0.9235	0.3837	0.0000
						-0.0000	0.0000	-1.0000
						-0.3837	0.9235	0.0000
						36.5124	13.2513	-10.5569
					}
					{VolumeView "gun2.ply"}
					{bone "shooter01"
						{Matrix34
							0.9999	-0.0036	0.0108
							0.0036	1.0000	0.0000
							-0.0108	0.0000	0.9999
							81.7461	-2.4126	2.6764
						}
					}
				}
			}
			{bone "emit1"
				{Matrix34
					1.0000	0.0000	-0.0052
					0.0000	1.0000	0.0000
					0.0052	0.0000	1.0000
					-71.5817	22.2785	0.3717
				}
			}
			{bone "emit2"
				{Matrix34
					1.0000	0.0000	-0.0052
					0.0000	1.0000	0.0000
					0.0052	0.0000	1.0000
					-71.5817	-26.3261	0.3717
				}
			}
			{bone "commander"
				{Matrix34
					1.0000	0.0000	-0.0052
					0.0000	1.0000	0.0000
					0.0052	0.0000	1.0000
					-22.8799	-26.7797	0.1188
				}
			}
			{bone "gunner"
				{Matrix34
					1.0000	0.0000	-0.0052
					0.0000	1.0000	0.0000
					0.0052	0.0000	1.0000
					-22.8610	29.5188	0.1288
				}
			}
		}
	}
}
{Obstacle "obstacle3"
	{Obb2
		{Center -0.354561 1.40412}
		{Extent 44.2392 50.2557}
		{Axis -1 0}
	}
	{Rotate}
}
{Volume "turret3"
	{Polyhedron "turret3.vol"}
	{Bone "turret"}
	{Matrix34
		1.0000	0.0000	-0.0052
		0.0052	0.0000	1.0000
		0.0000	-1.0000	0.0000
		25.7705	32.7437	28.8783
	}
}
{Volume "turret2"
	{Polyhedron "turret2.vol"}
	{Bone "turret"}
	{Matrix34
		0.0000	-1.0000	0.0000
		0.0052	0.0000	1.0000
		-1.0000	0.0000	0.0052
		0.3924	-0.5572	75.5527
	}
}
{Volume "turret1"
	{Polyhedron "turret1.vol"}
	{Bone "turret"}
	{Matrix34
		-0.0012	-0.9708	-0.2398
		0.0050	-0.2398	0.9708
		-1.0000	0.0000	0.0052
		10.4319	40.1172	37.3539
	}
}
{Volume "turret"
	{Polyhedron "turret.vol"}
	{Bone "turret"}
	{Matrix34
		0.0000	-1.0000	0.0000
		0.0052	0.0000	1.0000
		-1.0000	0.0000	0.0052
		10.4319	-47.2453	37.3539
	}
}
{Volume "gun2"
	{Box 53.7081 2.5 2.5}
	{Bone "gun2"}
	{Matrix34
		2.9999	0.0000	0.0193
		0.0000	3.0000	0.0000
		-0.0193	0.0000	2.9999
		-0.4358	-2.0356	1.6824
	}
}
{Volume "gun1"
	{Box 53.7081 2.5 2.5}
	{Bone "gun1"}
	{Matrix34
		2.9999	0.0000	0.0193
		0.0000	3.0000	0.0000
		-0.0193	0.0000	2.9999
		-0.0133	-2.3021	2.0591
	}
}
