;Exported by: shevchenko
;Date:        Fri Jan 16 10:51:01 2004
;File:        D:\-Projects-\-3DWork-\sheva\kuznja_1_x.max
{Skeleton
	{animation
		{sequence "crush" {speed 0.8}}
	}
	{bone "kuznja_coner1_x"
		{parameters "CommonMesh;"}
		{Orientation
			1.0000	0.0000	0.0000
			0.0000	-1.0000	0.0000
			0.0000	0.0000	1.0000
		}
		{VolumeView "kuznja_coner1_x.ply"}
		{bone "piece1"
			{Matrix34
				1.0000	0.0000	0.0000
				0.0000	-0.0000	1.0000
				0.0000	-1.0000	-0.0000
				46.7049	-23.9764	41.1390
			}
			{VolumeView "piece1.ply"}
		}
		{bone "piece2"
			{Matrix34
				1.0000	0.0000	0.0000
				0.0000	-0.0000	1.0000
				0.0000	-1.0000	-0.0000
				46.7049	-3.3071	83.6614
			}
		}
		{bone "piece3"
			{Matrix34
				1.0000	0.0000	0.0000
				0.0000	-0.0000	1.0000
				0.0000	-1.0000	-0.0000
				46.7049	-32.8166	78.2204
			}
		}
		{bone "piece4"
			{Matrix34
				1.0000	0.0000	0.0000
				0.0000	-0.0000	1.0000
				0.0000	-1.0000	-0.0000
				46.7049	-63.0589	77.5146
			}
		}
		{bone "piece10"
			{Matrix34
				1.0000	0.0000	0.0000
				0.0000	-0.0000	1.0000
				0.0000	-1.0000	-0.0000
				-1.6065	-14.0861	90.0695
			}
		}
		{bone "piece11"
			{Matrix34
				1.0000	0.0000	0.0000
				0.0000	-0.0000	1.0000
				0.0000	-1.0000	-0.0000
				26.3380	-14.0861	73.8189
			}
		}
		{bone "piece12"
			{Matrix34
				1.0000	0.0000	0.0000
				0.0000	-0.0000	1.0000
				0.0000	-1.0000	-0.0000
				13.4881	-14.0861	40.1279
			}
		}
		{bone "piece5"
			{Matrix34
				1.0000	0.0000	0.0000
				0.0000	-0.0000	1.0000
				0.0000	-1.0000	-0.0000
				46.7049	-65.3149	33.4646
			}
		}
		{bone "piece6"
			{Matrix34
				1.0000	0.0000	0.0000
				0.0000	-0.0000	1.0000
				0.0000	-1.0000	-0.0000
				22.4009	-77.1357	32.4803
			}
			{bone "sub_piece6"
				{Position -3.9370	36.4173	-0.0000}
			}
		}
		{bone "piece7"
			{Matrix34
				1.0000	0.0000	0.0000
				0.0000	-0.0000	1.0000
				0.0000	-1.0000	-0.0000
				0.7732	-77.1357	98.8523
			}
			{bone "sub_piece7"
				{Position -17.9722	5.9246	0.0000}
			}
		}
		{bone "piece8"
			{Matrix34
				1.0000	0.0000	0.0000
				0.0000	-0.0000	1.0000
				0.0000	-1.0000	-0.0000
				-18.6775	-77.1357	76.5581
			}
		}
		{bone "piece9"
			{Matrix34
				1.0000	0.0000	0.0000
				0.0000	-0.0000	1.0000
				0.0000	-1.0000	-0.0000
				-45.7677	-77.1357	109.0593
			}
		}
	}
}
{Volume "piece9"
	{Box 5.90551 14.1708 28.5168}
	{Bone "piece9"}
	{Matrix34
		0.0000	0.0000	1.0000
		0.7377	0.6751	-0.0000
		-0.6751	0.7377	-0.0000
		-0.5856	0.3714	1.5766
	}
}
{Volume "piece8"
	{Box 5.90551 11.0521 11.6919}
	{Bone "piece8"}
	{Matrix34
		0.0000	0.0000	1.0000
		1.0000	-0.0000	-0.0000
		0.0000	1.0000	-0.0000
		0.0622	0.8398	0.0352
	}
}
{Volume "sub_piece7"
	{Box 5.90551 13.2438 17.053}
	{Bone "sub_piece7"}
	{Matrix34
		0.0000	0.0000	1.0000
		0.8655	-0.5009	0.0000
		0.5009	0.8655	-0.0000
		-0.2285	0.7447	0.0352
	}
}
{Volume "piece7"
	{Box 5.90551 13.2438 26.2355}
	{Bone "piece7"}
	{Matrix34
		-0.0000	-0.0000	1.0000
		0.2312	0.9729	0.0000
		-0.9729	0.2312	0.0000
		0.7973	0.7810	0.0352
	}
}
{Volume "sub_piece6"
	{Box 5.90551 16.0079 26.3495}
	{Bone "sub_piece6"}
	{Matrix34
		0.0000	0.0000	1.0000
		0.5113	0.8594	-0.0000
		-0.8594	0.5113	-0.0000
		-0.0396	0.3344	0.0352
	}
}
{Volume "piece6"
	{Box 5.90551 23.5792 47.0527}
	{Bone "piece6"}
	{Matrix34
		0.0000	0.0000	1.0000
		0.9862	0.1655	-0.0000
		-0.1655	0.9862	-0.0000
		-0.0158	-0.7322	0.0352
	}
}
{Volume "piece5"
	{Box 5.90551 10.4547 26.2955}
	{Bone "piece5"}
	{Matrix34
		1.0000	0.0000	0.0000
		0.0000	-0.0778	-0.9970
		0.0000	0.9970	-0.0778
		-0.0035	0.5438	-0.6141
	}
}
{Volume "piece12"
	{Box 5.90551 20.6511 34.2487}
	{Bone "piece12"}
	{Matrix34
		-0.0000	-0.0000	1.0000
		0.5535	0.8329	0.0000
		-0.8329	0.5535	0.0000
		-0.2725	1.3016	0.0038
	}
}
{Volume "piece11"
	{Box 5.90551 13.4974 25.1829}
	{Bone "piece11"}
	{Matrix34
		-0.0000	-0.0000	1.0000
		0.9901	0.1401	0.0000
		-0.1401	0.9901	0.0000
		0.8738	-0.1080	0.0038
	}
}
{Volume "piece10"
	{Box 5.90551 13.4974 25.1829}
	{Bone "piece10"}
	{Matrix34
		0.0000	0.0000	1.0000
		0.9214	0.3885	-0.0000
		-0.3885	0.9214	-0.0000
		-0.0596	-0.0568	0.0038
	}
}
{Volume "piece4"
	{Box 5.90551 13.3749 28.5168}
	{Bone "piece4"}
	{Matrix34
		1.0000	0.0000	0.0000
		0.0000	0.0591	-0.9983
		0.0000	0.9983	0.0591
		-0.0023	-0.0800	-1.0682
	}
}
{Volume "piece3"
	{Box 5.90551 9.71647 10.5512}
	{Bone "piece3"}
	{Matrix34
		1.0000	0.0000	0.0000
		0.0000	-0.2308	-0.9730
		0.0000	0.9730	-0.2308
		-0.0023	-0.6223	-0.1190
	}
}
{Volume "piece2"
	{Box 5.90551 10.8333 24.8096}
	{Bone "piece2"}
	{Matrix34
		1.0000	0.0000	0.0000
		0.0000	-0.4110	-0.9116
		0.0000	0.9116	-0.4110
		-0.0023	-1.0122	-0.2910
	}
}
{Volume "piece1"
	{Box 5.90551 18.076 37.5146}
	{Bone "piece1"}
	{Matrix34
		1.0000	0.0000	0.0000
		0.0000	0.1502	-0.9887
		0.0000	0.9887	0.1502
		-0.0023	-0.9700	-0.7298
	}
}
