;Original Model made for MoW DCG by Zeke Wolff and textured by Ngvede 
; SHWW2 adaptation by Albus
{Skeleton
	{bone "Basis"
		{parameters "WheelRadius=0.47;SteerMax=45;"}
		{Orientation
			1.0000	0.0000	0.0000
			0.0000	-1.0000	0.0000
			0.0000	0.0000	1.0000
		}
		{bone "pivot_back"
			{Position -20.4767 -0.4269 6.6687}
			{bone "pivot1"
				{Position 0.2100 0.0000 2.5500}
				{VolumeView "pivot_back.ply"}
			}
			{bone revolute "WheelL2"
				{parameters "ID=wheelleft2;"}
				{Matrix34
					-1.0000	0.0000	0.0000
					0.0000	-0.0035	1.0000
					0.0000	1.0000	0.0035
					-0.0055	16.8874	2.1445
				}
				{VolumeView "WheelL2.ply"}
			}
			{bone revolute "WheelR2"
				{parameters "ID=wheelright2;"}
				{Matrix34
					-1.0000	0.0000	0.0000
					0.0000	-0.0245	0.9998
					0.0000	0.9998	0.0245
					-0.0055	-16.1722	2.1445
				}
				{VolumeView "WheelR2.ply"}
			}
		}
		{bone "pivot_front"
			{Position 27.2714 -0.4269 6.6687}
			{bone "pivot2"
				{Position 0.6000 0.0000 2.5500}
				{VolumeView "pivot_front.ply"}
			}
			{bone revolute "steer_R1"
				{Matrix34
					-1.0000	0.0000	0.0000
					0.0000	1.0000	0.0000
					0.0000	0.0000	-1.0000
					0.5307	-11.0557	2.1445
				}
				{bone revolute "WheelR1"
					{parameters "ID=wheelright1;"}
					{Matrix34
						1.0000	0.0000	0.0000
						0.0000	-0.0035	-1.0000
						0.0000	1.0000	-0.0035
						0.0000	-5.1165	0.0000
					}
					{VolumeView "WheelR1.ply"}
				}
			}
			{bone revolute "steer_L1"
				{Matrix34
					-1.0000	0.0000	0.0000
					0.0000	1.0000	0.0000
					0.0000	0.0000	-1.0000
					0.5307	12.3674	2.1445
				}
				{bone revolute "WheelL1"
					{parameters "ID=wheelleft1;"}
					{Matrix34
						0.9998	-0.0102	0.0142
						0.0141	-0.0002	-0.9999
						0.0102	1.0000	-0.0001
						0.0000	4.5200	0.0000
					}
					{VolumeView "WheelL1.ply"}
				}
			}
		}
		{bone "Body"
			{parameters "ID=body;"}
			{Position -2.7203 -0.0510 0.0000}
			{VolumeView "body.ply"}
			{bone "engine"
				{parameters "ID=engine;"}
				{VolumeView "engine.ply"}
			}
			{bone "openL"
				{parameters "ID=body;"}
				{Position 3.2000 4.8000 12.4400}
				{bone "doorL"
 					{Matrix34
						1.0000	0.0000	0.0049
						0.0000	1.0000	0.0000
						-0.0049	0.0000	1.0000
						13.0613	15.9200	12.0340
					}
					{VolumeView "doorL.ply"}
				}
			}
			{bone "OpenR"
				{Matrix34
					-0.0059	-1.0000	0.0012
					-0.9999	0.0058	-0.0158
					0.0158	-0.0013	-0.9998
					15.3007	-20.5723	16.8301
				}
				{bone "DoorR"
					{parameters "ID=cabine;"}
					{Matrix34
						0.0000	1.0000	0.0000
						0.0000	0.0000	1.0000
						1.0000	0.0000	0.0000
						0.0000	0.0000	0.0000
					}
					{VolumeView "DoorR.ply"}
				}
			}
			{bone "FXfire1"
				{Matrix34
					-0.1374	0.0000	0.9905
					0.0000	-1.0000	0.0000
					0.9905	0.0000	0.1374
					33.2652	1.4879	27.4563
				}
			}
		}
	}
}
{Volume "wheelleft1"
	{Cylinder 7.02733 4.23851}
	{Bone "WheelL1"}
	{Matrix34
		-0.0087	0.9999	0.0099
		-0.9999	-0.0086	-0.0138
		-0.0137	-0.0100	0.9998
		0.0000	0.0000	0.0000
	}
}
{Volume "wheelright1"
	{Cylinder 7.02733 4.23851}
	{Bone "WheelR1"}
	{Matrix34
		-1.0000	0.0000	0.0000
		0.0000	0.9998	0.0174
		0.0000	0.0174	-0.9998
		0.0356	0.0086	-0.0372
	}
}
{Volume "wheelright2"
	{Cylinder 7.02733 4.23851}
	{Bone "WheelR2"}
	{Matrix34
		-1.0000	0.0000	0.0000
		0.0000	0.9999	0.0105
		0.0000	0.0105	-0.9999
		-0.1316	0.0128	-0.0371
	}
}
{Volume "wheelleft2"
	{Cylinder 7.02733 4.23851}
	{Bone "WheelL2"}
	{Matrix34
		-1.0000	0.0000	0.0000
		0.0000	1.0000	0.0105
		0.0000	0.0105	-1.0000
		-0.1916	-0.1567	0.1138
	}
}
