;Model created by: Albus
;date : Jun 2010
{Skeleton
	{animation
		{sequence "start" {speed 0.4}}
		{sequence "stop" {speed 0.4}}
	}
	{bone "Basis"
		{parameters "SteerMax=30;WheelRadius=0.5;"}
		{Orientation
			1.0000	0.0000	0.0000
			0.0000	-1.0000	0.0000
			0.0000	0.0000	1.0000
		}
		{bone "Body"
			{parameters "ID=body;"}
			{Matrix34
				-1.0000	0.0000	0.0000
				0.0000	0.0000	1.0000
				0.0000	1.0000	0.0000
				-0.9434	1.3239	10.5743
			}
			{VolumeView "Body.ply"}
			{bone "Glass"
				{parameters "ID=glass;"}
				{Position -23.8000	16.5000	0.8195}
				{VolumeView "glass.ply"}
			}
			{bone "driver"
				{Matrix34
					-0.8483	0.5296	0.0000
					0.0000	-0.0000	1.0000
					0.5296	0.8483	0.0000
					-20.7836	1.6507	8.5713
				}
			}
			{bone "passenger"
				{Matrix34
					-0.8483	0.5296	0.0000
					0.0000	-0.0000	1.0000
					0.5296	0.8483	0.0000
					-20.7836	1.6507	-7.5713
				}
			}
			{bone "FXsmoke1"
				{Matrix34
					0.7071	-0.0000	0.7071
					-0.0000	1.0000	-0.0000
					-0.7071	0.0000	0.7071
					45.6914	2.4697	14.8366
				}
			}
			{bone "FXstop1"
				{Position 59.6459	5.6449	-17.7175}
			}
			{bone "FXstop2"
				{Position 59.6459	5.7456	17.1612}
			}
			{bone "seat01"
				{Matrix34
					0.0934	0.1790	-0.9794
					-0.9956	0.0174	-0.0917
					0.0007	0.9837	0.1799
					15.8527	5.0000	11.0822
				}
			}
			{bone "seat02"
				{Matrix34
					0.0225	0.1802	-0.9834
					-0.9997	0.0175	-0.0197
					0.0137	0.9835	0.1806
					27.7687	5.0000	11.0795
				}
			}
			{bone "seat03"
				{Matrix34
					-0.0671	0.0643	-0.9957
					-0.9973	0.0257	0.0688
					0.0300	0.9976	0.0624
					39.3156	5.0000	11.5254
				}
			}
			{bone "seat04"
				{Matrix34
					-0.3748	0.0621	0.9250
					0.9266	-0.0093	0.3760
					0.0319	0.9980	-0.0540
					40.2485	5.0000	-11.1652
				}
			}
			{bone "seat05"
				{Matrix34
					-0.0932	0.1823	0.9788
					0.9950	-0.0174	0.0980
					0.0349	0.9831	-0.1797
					27.7182	5.0000	-10.4125
				}
			}
			{bone "seat06"
				{Matrix34
					0.1237	0.1785	0.9761
					0.9923	-0.0174	-0.1225
					-0.0049	0.9838	-0.1793
					15.8209	5.0000	-10.4833
				}
			}
			{bone "Visor"
				{Matrix34
					-0.9998	0.0175	0.0000
					0.0000	0.0000	1.0000
					0.0175	0.9998	0.0000
					-30.3401	22.4942	9.3960
				}
			}
			{bone "engine"
				{parameters "ID=engine;"}
				{Position -27.8264	1.5719	-0.0328}
				{VolumeView "engine.ply"}
				{bone "FXfire1"
					{Matrix34
						-0.0063	1.0000	-0.0063
						-0.7071	-0.0089	-0.7071
						-0.7071	0.0000	0.7071
						-13.9751	6.3924	-0.4891
					}
				}
				{bone "HeadlightL"
					{Matrix34
						-1.0000	0.0000	0.0000
						0.0000	1.0000	0.0000
						0.0000	0.0000	-1.0000
						-31.5109	4.8321	12.5698
					}
				}
				{bone "HeadlightR"
					{Matrix34
						-1.0000	0.0000	0.0000
						0.0000	1.0000	0.0000
						0.0000	0.0000	-1.0000
						-31.5109	4.8321	-11.3735
					}
				}
				{bone "FXlight"
					{Matrix34
						-1.0000	0.0000	0.0000
						0.0000	1.0000	0.0000
						0.0000	0.0000	-1.0000
						-31.5369	4.9132	0.0000
					}
				}
			}
		}
		{bone "Pivot_back"
			{Matrix34
				-1.0000	0.0000	0.0000
				0.0000	0.0000	1.0000
				0.0000	1.0000	0.0000
				-25.2391	1.0089	8.3178
			}
			{VolumeView "Pivot_back.ply"}
			{bone "spring_L"
				{Matrix34
					-0.9998	0.0175	0.0000
					0.0000	-0.0000	1.0000
					0.0175	0.9998	0.0000
					-0.0771	-1.5195	10.5640
				}
				{bone "FXtraceL2"
					{Matrix34
						-1.0000	0.0000	0.0000
						0.0000	-1.0000	0.0000
						0.0000	0.0000	1.0000
						-25.5591	9.2820	-4.9563
					}
				}
				{bone revolute "WheelL2"
					{parameters "ID=wheelleft2;"}
					{Matrix34
						-0.9998	0.0000	0.0175
						0.0175	0.0000	0.9998
						0.0000	1.0000	0.0000
						9.2000	9.0739	1.9685
					}
					{VolumeView "WheelL2.ply"}
				}
				{bone revolute "WheelL3"
					{parameters "ID=wheelleft3;"}
					{Matrix34
						-0.9998	0.0000	0.0175
						0.0175	0.0000	0.9998
						0.0000	1.0000	0.0000
						-11.0000	9.0739	2.2685
					}
					{VolumeView "WheelL3.ply"}
				}
			}
			{bone "spring_R"
				{Matrix34
					-0.9998	0.0175	0.0000
					0.0000	0.0000	1.0000
					0.0175	0.9998	0.0000
					-0.0771	-1.5195	-13.8309
				}
				{bone "FXtraceR2"
					{Matrix34
						-1.0000	0.0000	0.0000
						0.0000	-1.0000	0.0000
						0.0000	0.0000	1.0000
						-25.5245	-3.4855	-4.7067
					}
				}
				{bone revolute "WheelR2"
					{parameters "ID=wheelright2;"}
					{Matrix34
						-0.9998	0.0000	0.0175
						0.0175	0.0000	0.9998
						0.0000	1.0000	0.0000
						9.2000	-3.5424	1.9685
					}
					{VolumeView "WheelR2.ply"}
				}
				{bone revolute "WheelR3"
					{parameters "ID=wheelright3;"}
					{Matrix34
						-0.9998	0.0000	0.0175
						0.0175	0.0000	0.9998
						0.0000	1.0000	0.0000
						-11.0000	-3.5424	2.2685
					}
					{VolumeView "WheelR3.ply"}
				}
			}
		}
		{bone "Pivot_front"
			{Matrix34
				-1.0000	0.0000	0.0000
				0.0000	0.0000	1.0000
				0.0000	1.0000	0.0000
				40.1794	3.1640	8.7457
			}
			{VolumeView "Pivot_front.ply"}
			{bone revolute "steer_L"
				{Matrix34
					0.9998	0.0175	0.0000
					0.0000	0.0000	1.0000
					0.0175	-0.9998	0.0000
					-0.2978	-2.7770	13.5423
				}
				{bone "FXtraceL1"
					{Matrix34
						0.9998	0.0000	0.0175
						0.0175	0.0000	-0.9998
						0.0000	1.0000	0.0000
						10.5807	3.6803	5.4504
					}
				}
				{bone revolute "WheelL1"
					{parameters "ID=wheelleft1;"}
					{Matrix34
						0.9998	0.0000	0.0175
						0.0175	0.0000	-0.9998
						0.0000	1.0000	0.0000
						0.4155	3.7404	-2.8910
					}
					{VolumeView "WheelL1.ply"}
				}
			}
			{bone revolute "steer_R"
				{Matrix34
					1.0000	0.0000	0.0000
					0.0000	0.0000	1.0000
					0.0000	-1.0000	0.0000
					-0.1264	-2.7861	-15.8859
				}
				{bone "FXtraceR1"
					{Matrix34
						1.0000	-0.0087	0.0000
						0.0000	0.0000	-1.0000
						-0.0087	-1.0000	0.0000
						10.5909	-3.0782	4.8390
					}
				}
				{bone revolute "WheelR1"
					{parameters "ID=wheelright1;"}
					{Matrix34
						1.0000	0.0000	0.0000
						0.0000	0.0000	-1.0000
						0.0000	1.0000	0.0000
						0.1936	-3.5815	-2.9069
					}
					{VolumeView "WheelR1.ply"}
				}
			}
		}
		{bone "emit1"
			{Matrix34
				0.0000	-1.0000	0.0000
				1.0000	0.0000	0.0000
				0.0000	0.0000	1.0000
				15.4171	32.3730	0.0000
			}
			{visibility 0}
		}
		{bone "emit2"
			{Matrix34
				0.0000	1.0000	0.0000
				-1.0000	0.0000	0.0000
				0.0000	0.0000	1.0000
				15.4171	-29.3730	0.0000
			}
			{visibility 0}
		}
		{bone "emit3"
			{Position -71.0184	-10.3557	0.0000}
			{visibility 0}
		}
		{bone "emit4"
			{Position -71.0184	12.2576	0.0000}
			{visibility 0}
		}
	}
}
{Volume "wheelright1"
	{Cylinder 9.40253 5.32863}
	{Bone "WheelR1"}
	{Matrix34
		0.6946	0.7194	0.0000
		-0.7194	0.6946	0.0000
		0.0000	0.0000	1.0000
		0.0000	-0.0000	0.0000
	}
}
{Volume "wheelleft1"
	{Cylinder 9.40366 5.32863}
	{Bone "WheelL1"}
	{Matrix34
		-0.7194	-0.6946	0.0000
		-0.6946	0.7194	0.0000
		0.0000	0.0000	-1.0000
		0.0000	0.0000	0.0000
	}
}
{Volume "wheelright2"
	{Cylinder 9.40366 5.32863}
	{Bone "WheelR2"}
	{Matrix34
		-0.9998	0.0175	0.0000
		0.0175	0.9998	0.0000
		0.0000	0.0000	-1.0000
		0.0126	-0.1184	0.0830
	}
}
{Volume "wheelleft2"
	{Cylinder 9.40366 5.32863}
	{Bone "WheelL2"}
	{Matrix34
		-0.9998	0.0175	0.0000
		0.0175	0.9998	0.0000
		0.0000	0.0000	-1.0000
		0.0000	0.0000	0.0186
	}
}
{Volume "wheelleft3"
	{Cylinder 9.40366 5.32863}
	{Bone "WheelL3"}
	{Matrix34
		-0.9998	0.0175	0.0000
		0.0175	0.9998	0.0000
		0.0000	0.0000	-1.0000
		0.0000	0.0000	0.0186
	}
}
{Volume "wheelright3"
	{Cylinder 9.40366 5.32863}
	{Bone "WheelR3"}
	{Matrix34
		-0.9998	0.0175	0.0000
		0.0175	0.9998	0.0000
		0.0000	0.0000	-1.0000
		0.0126	-0.1184	0.0830
	}
}
{Volume "engine"
	{Box 28.0755 20.5527 15.5772}
	{Bone "engine"}
	{Matrix34
		-1.0000	0.0000	0.0000
		0.0000	0.0000	1.0000
		0.0000	1.0000	0.0000
		-12.6676	4.6131	1.7500
	}
}
{Volume "fuel"
	{Box 16.679 27.0599 5.78822}
	{Bone "Body"}
	{Matrix34
		-1.0000	0.0000	0.0000
		0.0000	0.0000	1.0000
		0.0000	1.0000	0.0000
		37.1740	2.5793	0.5178
	}
}
{Volume "body"
	{Box 80.6236 38.4519 26.4271}
	{Bone "Body"}
	{Matrix34
		-1.0000	0.0000	0.0000
		0.0000	0.0000	1.0000
		0.0000	1.0000	0.0000
		14.3592	10.4608	0.5012
	}
}
{Volume "glass"
	{Box 27.8635 11.6622 2.51703}
	{Bone "Glass"}
	{Matrix34
		0.0000	0.0000	1.0000
		0.0054	1.0000	0.0000
		-1.0000	0.0054	0.0000
		-0.0054	5.7232	0.2286
	}
}
