;Exported by: dan
;Date:        Tue Jul 15 21:19:03 2003

{Skeleton
	{bone "Object02"
		{Orientation
			0.5905	-0.8070	0.0000
			-0.8070	-0.5905	0.0000
			0.0000	0.0000	1.0000
		}
		{VolumeView "Object02.ply"}
	}
}
{Volume "wall2"
	{Box 12.9066 62.6876 19.0633}
	{Bone "Object02"}
		{Matrix34
			0.8913	0.4535	0.0000
			-0.4535	0.8913	0.0000
			0.0000	0.0000	1.0000
			-20.0992	22.5390	9.5316
		}
}
{Volume "wall1"
	{Box 12.9066 62.6876 19.0633}
	{Bone "Object02"}
		{Matrix34
			0.7148	0.6993	0.0000
			-0.6993	0.7148	0.0000
			0.0000	0.0000	1.0000
			14.1496	-24.9831	9.5316
		}
}
