;Exported by: sk
;Date:        Tue Jan 13 19:54:46 2004
;File:        D:\-Projects-\-3DWork-\Constructions\CitY\Вокзал\waiting room_x.max
{Skeleton
	{animation
		{sequence "crush" {speed 0.4}}
	}
	{bone "waiting_room_c_x"
		{parameters "CommonMesh;"}
		{Orientation
			1.0000	0.0000	0.0000
			0.0000	-1.0000	0.0000
			0.0000	0.0000	1.0000
		}
		{VolumeView "waiting_room_c_x.ply"}
		{bone "Piece2"
			{Matrix34
				1.0000	0.0000	0.0000
				0.0000	-0.0000	1.0000
				0.0000	-1.0000	-0.0000
				-30.8550	-7.7248	78.8581
			}
			{VolumeView "Piece2.ply"}
		}
		{bone "Piece12"
			{Matrix34
				1.0000	0.0000	0.0000
				0.0000	-0.0000	1.0000
				0.0000	-1.0000	-0.0000
				3.1278	-7.7248	72.8481
			}
			{VolumeView "Piece12.ply"}
		}
		{bone "Piece5"
			{Matrix34
				1.0000	0.0000	0.0000
				0.0000	-0.0000	1.0000
				0.0000	-1.0000	-0.0000
				39.1140	-7.7248	80.4905
			}
			{VolumeView "Piece5.ply"}
		}
		{bone "Piece8"
			{Matrix34
				1.0000	0.0000	0.0000
				0.0000	-0.0000	1.0000
				0.0000	-1.0000	-0.0000
				40.4495	-7.7248	54.8179
			}
			{VolumeView "Piece8.ply"}
		}
		{bone "Piece1"
			{Matrix34
				-0.0000	-1.0000	0.0000
				-0.0000	0.0000	1.0000
				-1.0000	0.0000	-0.0000
				-51.4693	-1.9957	62.8639
			}
			{VolumeView "Piece1.ply"}
		}
		{bone "Piece11"
			{Matrix34
				-0.0000	-1.0000	0.0000
				-0.0000	0.0000	1.0000
				-1.0000	0.0000	-0.0000
				-51.4693	45.2176	58.7216
			}
			{VolumeView "Piece11.ply"}
		}
		{bone "Piece4"
			{Matrix34
				-0.0000	-1.0000	0.0000
				-0.0000	0.0000	1.0000
				-1.0000	0.0000	-0.0000
				-51.4693	-10.9478	96.3866
			}
			{VolumeView "Piece4.ply"}
		}
		{bone "Piece7"
			{Matrix34
				-0.0000	-1.0000	0.0000
				-0.0000	0.0000	1.0000
				-1.0000	0.0000	-0.0000
				-51.4693	11.9872	107.0559
			}
			{VolumeView "Piece7.ply"}
		}
		{bone "Piece0"
			{Matrix34
				-0.0000	-1.0000	0.0000
				-0.0000	0.0000	1.0000
				-1.0000	0.0000	-0.0000
				-51.4693	40.3523	125.7039
			}
			{VolumeView "Piece0.ply"}
		}
		{bone "Piece10"
			{Matrix34
				-0.0000	-1.0000	0.0000
				-0.0000	0.0000	1.0000
				-1.0000	0.0000	-0.0000
				-51.4693	49.1215	89.0989
			}
			{VolumeView "Piece10.ply"}
		}
		{bone "Piece6"
			{Matrix34
				-0.0000	-1.0000	0.0000
				-0.0000	0.0000	1.0000
				-1.0000	0.0000	-0.0000
				-51.5980	22.7028	82.3139
			}
			{VolumeView "Piece6.ply"}
		}
		{bone "Piece3"
			{Matrix34
				-0.0000	-1.0000	0.0000
				-0.0000	0.0000	1.0000
				-1.0000	0.0000	-0.0000
				-2.4980	5.0510	119.2411
			}
			{VolumeView "Piece3.ply"}
		}
		{bone "Piece9"
			{Matrix34
				1.0000	0.0000	0.0000
				0.0000	-0.0000	1.0000
				0.0000	-1.0000	-0.0000
				-37.2856	-7.7248	50.2928
			}
			{VolumeView "Piece9.ply"}
		}
	}
}
{Volume "Piece9"
	{Box 13.638 24.8141 7.87402}
	{Bone "Piece9"}
	{Matrix34
		0.9659	-0.2588	0.0000
		0.2588	0.9659	0.0000
		0.0000	0.0000	1.0000
		-1.5185	0.0346	-0.0000
	}
}
{Volume "Piece3"
	{Box 14.9719 14.8796 9.84253}
	{Bone "Piece3"}
	{Position -0.2879	-2.4787	4.9212}
}
{Volume "Piece6"
	{Box 17.58 13.9001 9.8425}
	{Bone "Piece6"}
	{Position -0.0000	0.0000	-0.0000}
}
{Volume "Piece10"
	{Box 12.9191 22.6825 9.84253}
	{Bone "Piece10"}
	{Matrix34
		0.7071	-0.7071	-0.0000
		0.7071	0.7071	-0.0000
		-0.0000	-0.0000	1.0000
		-2.3533	0.8636	-0.0000
	}
}
{Volume "Piece0"
	{Box 16.6675 17.825 9.8425}
	{Bone "Piece0"}
	{Matrix34
		0.9397	-0.3420	0.0000
		0.3420	0.9397	-0.0000
		0.0000	-0.0000	1.0000
		1.0170	-2.0375	-0.0000
	}
}
{Volume "Piece7"
	{Box 11.1131 18.7252 9.8425}
	{Bone "Piece7"}
	{Matrix34
		0.9063	-0.4226	0.0000
		0.4226	0.9063	-0.0000
		0.0000	-0.0000	1.0000
		-0.8880	0.0920	-0.0000
	}
}
{Volume "Piece4"
	{Box 17.0114 13.0557 9.84253}
	{Bone "Piece4"}
	{Matrix34
		0.9063	-0.4226	0.0000
		0.4226	0.9063	-0.0000
		0.0000	-0.0000	1.0000
		2.3240	-1.9231	-0.0000
	}
}
{Volume "Piece11"
	{Box 14.4008 20.0839 9.84253}
	{Bone "Piece11"}
	{Position 1.4017	0.0000	-0.0000}
}
{Volume "Piece1"
	{Box 17.1026 27.3059 9.8425}
	{Bone "Piece1"}
	{Position 2.8619	0.0000	-0.0000}
}
{Volume "Piece8"
	{Box 13.9433 23.3492 7.87402}
	{Bone "Piece8"}
	{Position -1.1240	-1.5239	-0.0000}
}
{Volume "Piece5"
	{Box 17.2793 15.8829 7.87402}
	{Bone "Piece5"}
	{Position -2.0541	0.0000	-0.0000}
}
{Volume "Piece12"
	{Box 18.8716 23.2838 7.87402}
	{Bone "Piece12"}
	{Position 1.0834	4.0399	-0.0000}
}
{Volume "Piece2"
	{Box 19.0601 16.3852 7.87402}
	{Bone "Piece2"}
	{Position -1.3691	1.3928	-0.0000}
}
