;Exported by: shevchenko
;Date:        Mon Apr 19 11:17:04 2004
;File:        D:\-Projects-\-3DWork-\sheva\SK\Build-22_x.max
{Skeleton
	{animation
		{sequence "crush" {speed 0.4}}
	}
	{bone "build-22_corner3"
		{parameters "CommonMesh;"}
		{Orientation
			1.0000	0.0000	0.0000
			0.0000	-1.0000	0.0000
			0.0000	0.0000	1.0000
		}
		{VolumeView "build-22_corner3.ply"}
		{bone "piece0"
			{Matrix34
				-1.0000	0.0000	0.0000
				-0.0000	-1.0000	-0.0000
				0.0000	-0.0000	1.0000
				13.2171	48.8085	149.6063
			}
			{VolumeView "piece0.ply"}
		}
		{bone "piece1"
			{Matrix34
				-1.0000	-0.0000	-0.0000
				-0.0000	0.0000	1.0000
				-0.0000	1.0000	-0.0000
				9.5290	48.9338	112.3994
			}
			{VolumeView "piece1.ply"}
		}
		{bone "piece2"
			{Matrix34
				-1.0000	-0.0000	-0.0000
				-0.0000	0.0000	1.0000
				-0.0000	1.0000	-0.0000
				-16.8077	48.9338	85.3682
			}
			{VolumeView "piece2.ply"}
		}
		{bone "piece3"
			{Matrix34
				-1.0000	-0.0000	-0.0000
				-0.0000	0.0000	1.0000
				-0.0000	1.0000	-0.0000
				6.4521	48.9338	65.3941
			}
			{VolumeView "piece3.ply"}
		}
		{bone "piece4"
			{Matrix34
				-1.0000	-0.0000	-0.0000
				-0.0000	0.0000	1.0000
				-0.0000	1.0000	-0.0000
				-7.4089	48.9337	23.0304
			}
			{VolumeView "piece4.ply"}
		}
		{bone "piece5"
			{Matrix34
				0.0000	-1.0000	0.0000
				-0.0000	-0.0000	1.0000
				-1.0000	-0.0000	-0.0000
				-31.6657	35.8078	63.9764
			}
			{VolumeView "piece5.ply"}
			{bone "sub_piece5"
				{Position -1.9685	-40.3543	-0.0000}
				{VolumeView "sub_piece5.ply"}
			}
		}
		{bone "piece6"
			{Matrix34
				0.0000	-0.5000	-0.8660
				-0.0000	-0.8660	0.5000
				-1.0000	0.0000	-0.0000
				-31.6893	-7.1968	35.9262
			}
			{VolumeView "piece6.ply"}
		}
		{bone "piece7"
			{Position -10.1094	14.3957	49.7023}
			{VolumeView "piece7.ply"}
		}
		{bone "FX_dust1"
			{Matrix34
				0.0000	0.0000	1.0000
				0.0000	1.0000	0.0000
				-1.0000	0.0000	0.0000
				18.3554	-2.2717	52.2882
			}
		}
		{bone "FX_stone1"
			{Matrix34
				0.0000	0.0000	1.0000
				0.0000	1.0000	0.0000
				-1.0000	0.0000	0.0000
				18.4333	48.9813	32.2872
			}
		}
		{bone "FX_stone1a"
			{Matrix34
				0.0000	0.0000	1.0000
				0.0000	1.0000	0.0000
				-1.0000	0.0000	0.0000
				-30.7329	18.6312	16.6130
			}
		}
		{bone "FX_wood1"
			{Matrix34
				0.0000	0.0000	1.0000
				0.0000	1.0000	0.0000
				-1.0000	0.0000	0.0000
				-32.0223	12.7622	63.3293
			}
		}
		{bone "FX_wood2"
			{Matrix34
				0.0000	0.0000	1.0000
				0.0000	1.0000	0.0000
				-1.0000	0.0000	0.0000
				6.1402	13.0993	129.0484
			}
		}
	}
}
{Volume "piece7"
	{Box 3.93701 56.2718 30.1275}
	{Bone "piece7"}
	{Matrix34
		0.0000	0.0000	1.0000
		0.0000	1.0000	-0.0000
		-1.0000	0.0000	-0.0000
		-2.3611	2.5244	-0.0214
	}
}
{Volume "piece6"
	{Box 7.87402 18.3767 22.3549}
	{Bone "piece6"}
	{Matrix34
		-0.0000	-0.0000	1.0000
		0.6428	0.7660	0.0000
		-0.7660	0.6428	0.0000
		0.2580	-2.4508	0.1580
	}
}
{Volume "sub_piece5"
	{Box 7.87402 19.5253 34.3921}
	{Bone "sub_piece5"}
	{Matrix34
		-0.0000	-0.0000	1.0000
		1.0000	-0.0000	0.0000
		0.0000	1.0000	0.0000
		-0.6171	0.7124	0.1580
	}
}
{Volume "piece5"
	{Box 7.87402 18.8361 41.6144}
	{Bone "piece5"}
	{Matrix34
		-0.0000	-0.0000	1.0000
		1.0000	-0.0000	0.0000
		0.0000	1.0000	0.0000
		-0.8514	0.0001	0.1580
	}
}
{Volume "piece4"
	{Box 7.87402 24.1799 35.8251}
	{Bone "piece4"}
	{Matrix34
		0.0000	0.0000	1.0000
		0.3420	0.9397	-0.0000
		-0.9397	0.3420	0.0000
		-0.5783	1.2961	-0.0700
	}
}
{Volume "piece3"
	{Box 7.87402 21.2012 33.7972}
	{Bone "piece3"}
	{Matrix34
		-0.0000	-0.0000	1.0000
		0.9848	0.1736	0.0000
		-0.1736	0.9848	-0.0000
		0.1632	0.0836	-0.0700
	}
}
{Volume "piece2"
	{Box 7.87402 15.0686 21.2923}
	{Bone "piece2"}
	{Matrix34
		0.0000	-0.0000	1.0000
		0.7071	0.7071	-0.0000
		-0.7071	0.7071	0.0000
		0.5334	-0.2983	-0.0700
	}
}
{Volume "piece1"
	{Box 7.87402 17.5217 19.9404}
	{Bone "piece1"}
	{Matrix34
		0.0000	0.0000	1.0000
		0.5736	0.8192	-0.0000
		-0.8192	0.5736	0.0000
		-1.0277	0.0497	-0.0700
	}
}
{Volume "piece0"
	{Box 7.87402 15.5943 28.5147}
	{Bone "piece0"}
	{Matrix34
		-0.0000	-1.0000	-0.0000
		-1.0000	0.0000	-0.0000
		0.0000	0.0000	-1.0000
		1.5312	0.0552	0.8947
	}
}
