;MDL File generated by SOEdit 0.41r
;Model created by: <A.G.(ирјр)>
;Date:        May 6 2006
{Skeleton
	{bone "Basis"
		{Orientation
			1.0000	0.0000	0.0000
			0.0000	-1.0000	0.0000
			0.0000	0.0000	1.0000
		}
		{bone "WheelsL"
			{parameters "ID=trackleft;"}
			{Matrix34
				-1.0000	0.0000	0.0000
				0.0000	0.0000	1.0000
				0.0000	1.0000	-0.0000
				7.1100	25.6094	9.8020
			}
			{bone "FXtraceL1"
				{Matrix34
					0.9848	0.1736	0.0000
					0.0000	0.0000	1.0000
					0.1736	-0.9848	0.0000
					-24.8837	-7.1735	0.5277
				}
			}
			{bone "FXtraceL2"
				{Matrix34
					0.9848	0.1736	0.0000
					0.0000	0.0000	1.0000
					0.1736	-0.9848	0.0000
					48.5018	-7.3841	0.6426
				}
			}
			{bone revolute "wheelL3"
				{Position -32.7042	0.3260	-0.4000}
				{VolumeView "wheelL3.ply"}
			}
			{bone revolute "wheelL4"
				{Position -14.3933	0.3260	-0.4000}
				{VolumeView "wheelL4.ply"}
			}
			{bone revolute "wheelL5"
				{Position 5.4000	0.3260	-0.4000}
				{VolumeView "wheelL3.ply"}
			}
			{bone revolute "wheelL6"
				{Position 23.3237	0.3260	-0.4000}
				{VolumeView "wheelL4.ply"}
			}
			{bone revolute "wheelL7"
				{Position 40.7225	0.3260	-0.4000}
				{VolumeView "wheelL3.ply"}
			}
			{bone "TrackL"
				{parameters "ID=trackleft;"}
				{Matrix34
					1.0000	0.0000	0.0000
					0.0000	0.0000	-1.0000
					0.0000	1.0000	-0.0000
					0.4763	1.1479	-2.2322
				}
				{VolumeView "TrackL.ply"}
			}
		}
		{bone "Body"
			{parameters "ID=body;"}
			{animation
				{sequence "break" {file "body.anm"}}
			}			
			{Position -2.9689	-2.0423	17.6603}
			{VolumeView "Body.ply"}
			{bone revolute "MGturret"
				{limits -10.0000 20.0000}
				{speed 0.0200}
				{Position 49.6660	-8.0627	8.2000}
				{bone revolute "MGun_rot"
					{parameters "ID=Mgun;"}
					{limits -3.0000 10.0000}
					{speed 0.0100}
					{Matrix34
						1.0000	0.0000	0.0000
						0.0000	0.0000	-1.0000
						0.0000	1.0000	0.0000
						1.5150	0.1367	-1.4071
					}
					{VolumeView "MGun_rot.ply"}
					{bone "MGun"
						{parameters "ID=Mgun;"}
						{Matrix34
							1.0000	0.0000	0.0000
							0.0000	0.0000	-1.0000
							0.0000	1.0000	0.0000
							2.6482	0.0115	0.2783
						}
						{VolumeView "MGun.ply"}
					}
				}
			}
			{bone "rac"
				{parameters "ID=body;"}
				{Matrix34
					1.0000	-0.0000	0.0000
					0.0000	1.0000	-0.0000
					-0.0000	0.0000	1.0000
					71.2641	-7.3129	4.5339
				}
				{bone "Antenna"
					{parameters "ID=body;"}
					{Matrix34
						0.9994	-0.0000	0.0349
						0.0000	1.0000	-0.0000
						-0.0349	0.0000	0.9994
						-34.3866	-16.3129	5.6958
					}
					{VolumeView "Antenna.ply"}
				}
			}
			{bone revolute "Turret"
				{parameters "ID=turret;"}
				{animation
					{sequence "break" {file "turret.anm"}}
				}
				{Matrix34
					0.9989	-0.0039	-0.0463
					0.0001	0.9967	-0.0801
					0.00465	0.0801	0.9957
					17.0179	1.6753	16.7348
				}
				{VolumeView "Turret.ply"}
				{bone revolute "Gun_rot"
					{parameters "ID=gun;"}
					{limits -5.0000 15.0000}
					{speed 0.0100}
					{Matrix34
						1.0000	0.0000	-0.0000
						-0.0000	-0.0000	1.0000
						-0.0000	-1.0000	-0.0000
						16.1332	0.1139	3.6274
					}
					{VolumeView "Gun_rot.ply"}
					{bone "Gun"
						{parameters "ID=gun;"}
						{Matrix34
							0.9999	0.0087	-0.0003
							-0.0087	0.9990	-0.0436
							-0.0000	0.0436	0.9990
							7.6778	-0.1971	-3.9491
						}
						{VolumeView "Gun.ply"}
					}
				}
				{bone "luk"
					{parameters "ID=turret;"}
					{Matrix34
						1.0000	0.0069	0.0001
						-0.0069	0.9997	0.0209
						0.0000	-0.0209	0.9997
						-2.5663	0.1907	0.3064
					}
					{bone "Cover"
						{parameters "ID=turret;"}
						{Matrix34
							-1.0000	0.0000	0.0000
							0.0000	0.0000	1.0000
							0.0000	1.0000	0.0000
							5.4336	0.0014	11.4651
						}
						{VolumeView "Cover.ply"}
					}
				}
			}
			{bone revolute "WheelL2"
				{parameters "ID=trackleft;"}
				{Matrix34
					-1.0000	0.0000	0.0000
					0.0000	0.0000	1.0000
					0.0000	1.0000	-0.0000
					-46.0817	24.4148	-4.3421
				}
				{VolumeView "WheelL2.ply"}
			}
			{bone revolute "WheelR2"
				{parameters "ID=trackright;"}
				{Matrix34
					-1.0000	-0.0000	0.0000
					0.0000	-0.0000	1.0000
					0.0000	-1.0000	-0.0000
					-46.0817	-20.2611	-4.3421
				}
				{VolumeView "WheelR2.ply"}
			}
			{bone revolute "WheelR1"
				{parameters "ID=trackright;"}
				{Matrix34
					-1.0000	-0.0000	0.0000
					0.0000	-0.0000	1.0000
					0.0000	-1.0000	-0.0000
					57.1184	-20.2307	-4.0421
				}
				{VolumeView "WheelR1.ply"}
			}
			{bone revolute "WheelL1"
				{parameters "ID=trackleft;"}
				{Matrix34
					-1.0000	0.0000	0.0000
					0.0000	0.0000	1.0000
					0.0000	1.0000	-0.0000
					57.1184	24.5726	-4.0421
				}
				{VolumeView "WheelL1.ply"}
			}
			{bone "engine"
				{Matrix34
					1.0000	0.0000	-0.0000
					0.0000	-1.0000	-0.0000
					0.0000	-0.0000	-1.0000
					-28.6481	1.2552	7.2958
				}
			}
		}
		{bone "WheelsR"
			{parameters "ID=trackright;"}
			{Matrix34
				-1.0000	0.0000	0.0000
				0.0000	0.0000	1.0000
				-0.0000	-1.0000	0.0000
				7.1100	-25.8037	10.0020
			}
			{bone "FXtraceR1"
				{Matrix34
					0.9848	0.1736	0.0000
					0.0000	0.0000	1.0000
					0.1736	-0.9848	0.0000
					-24.8837	-7.1735	0.5723
				}
			}
			{bone "FXtraceR2"
				{Matrix34
					0.9848	0.1736	0.0000
					0.0000	0.0000	1.0000
					0.1736	-0.9848	0.0000
					48.5018	-7.3841	0.6426
				}
			}
			{bone revolute "wheelR3"
				{Position -32.7042	0.4000	0.6000}
				{VolumeView "wheelR4.ply"}
			}
			{bone revolute "wheelR4"
				{Position -14.3933	0.4000	0.6000}
				{VolumeView "wheelR4.ply"}
			}
			{bone revolute "wheelR5"
				{Position 5.4000	0.4000	0.6000}
				{VolumeView "wheelR3.ply"}
			}
			{bone revolute "wheelR6"
				{Position 23.3237	0.4000	0.6000}
				{VolumeView "wheelR4.ply"}
			}
			{bone revolute "wheelR7"
				{Position 40.7225	0.4000	0.6000}
				{VolumeView "wheelR4.ply"}
			}
			{bone "TrackR"
				{parameters "ID=trackright;"}
				{Matrix34
					1.0000	-0.0000	0.0000
					0.0000	-0.0000	-1.0000
					0.0000	-1.0000	-0.0000
					0.4763	1.1479	-2.0322
				}
				{VolumeView "TrackR.ply"}
			}
		}
	}
}
