;Exported by: sk
;Date:        Fri Mar 12 13:18:49 2004
;File:        D:\-Projects-\-3DWork-\Constructions\MTS(shed1).max
{Skeleton
	{bone "mts-shed1"
		{Orientation
			1.0000	0.0000	0.0000
			0.0000	-1.0000	0.0000
			0.0000	0.0000	1.0000
		}
		{VolumeView "mts-shed1.ply"}
		{bone "exterior"
			{Position -18.9302	0.0000	59.9560}
			{VolumeView "exterior.ply"}
		}
	}
}
{Area "interior"
	{Obb2
		{Center -19.3533 -0.371925}
		{Extent 29.6192 44.0412}
		{Axis -1 0}
	}
	{Rotate}
}
{Obstacle "Rectangle07"
	{Obb2
		{Center 42.5215 -10.2967}
		{Extent 24.812 40.3194}
		{Axis -1 0}
	}
	{Rotate}
}
{Obstacle "Rectangle06"
	{Obb2
		{Center -67.2012 27.0229}
		{Extent 11.6234 1.09654}
		{Axis -0.996195 0.0871558}
	}
	{Rotate}
}
{Obstacle "Rectangle05"
	{Obb2
		{Center -51.5593 -24.218}
		{Extent 3.7384 26.0483}
		{Axis -1 0}
	}
	{Rotate}
}
{Obstacle "Rectangle04"
	{Obb2
		{Center -52.0794 38.4907}
		{Extent 3.7384 12.5417}
		{Axis -1 0}
	}
	{Rotate}
}
{Obstacle "Rectangle03"
	{Obb2
		{Center -18.4338 47.0529}
		{Extent 36.1781 3.73841}
		{Axis -1 0}
	}
	{Rotate}
}
{Obstacle "Rectangle02"
	{Obb2
		{Center 13.8854 -0.340456}
		{Extent 3.61781 50.167}
		{Axis -1 0}
	}
	{Rotate}
}
{Obstacle "Rectangle01"
	{Obb2
		{Center -18.8917 -46.6604}
		{Extent 35.8145 3.24036}
		{Axis -1 0}
	}
	{Rotate}
}
{Volume "fire8"
	{Box 18.1476 4.0563 18.9465}
	{Bone "mts-shed1"}
	{Matrix34
		-0.9973	-0.0736	0.0001
		-0.0736	0.9973	0.0006
		0.0002	-0.0006	1.0000
		-19.7234	51.7859	54.0827
	}
}
{Volume "fire7"
	{Box 18.1476 4.0563 18.9465}
	{Bone "mts-shed1"}
	{Matrix34
		-0.9973	-0.0736	0.0001
		-0.0736	0.9973	0.0006
		0.0002	-0.0006	1.0000
		-19.7234	-52.3273	54.0827
	}
}
{Volume "fire6"
	{Box 34.3881 3.16392 35.0713}
	{Bone "mts-shed1"}
	{Matrix34
		-0.8792	-0.4712	-0.0710
		-0.4754	0.8572	0.1979
		0.0324	-0.2078	0.9776
		44.7180	-29.3964	16.3091
	}
}
{Volume "fire5"
	{Box 6.15172 4.0563 40.3118}
	{Bone "mts-shed1"}
	{Matrix34
		-0.9973	-0.0734	-0.0056
		-0.0736	0.9942	0.0782
		0.0002	-0.0785	0.9969
		62.1109	-20.9492	20.0938
	}
}
{Volume "fire4"
	{Box 6.15172 4.0563 40.3118}
	{Bone "mts-shed1"}
	{Matrix34
		-0.9973	-0.0736	-0.0000
		-0.0736	0.9973	0.0023
		0.0002	-0.0023	1.0000
		62.1109	48.2220	20.1558
	}
}
{Volume "fire3"
	{Box 24.6069 4.0563 40.3118}
	{Bone "mts-shed1"}
	{Matrix34
		-0.9973	-0.0736	-0.0000
		-0.0736	0.9973	0.0023
		0.0002	-0.0023	1.0000
		-67.0739	-26.9380	20.1558
	}
}
{Volume "fire2"
	{Box 70.3054 5.48149 45.2942}
	{Bone "mts-shed1"}
	{Matrix34
		0.0000	1.0000	0.0000
		0.1110	-0.0000	0.9938
		-0.9938	0.0000	0.1110
		45.5007	15.8333	40.0696
	}
}
{Volume "fire1"
	{Box 102.158 5.48149 45.2942}
	{Bone "mts-shed1"}
	{Matrix34
		0.0000	1.0000	-0.0000
		0.6610	-0.0000	0.7504
		-0.7504	0.0000	0.6610
		3.3124	0.1196	61.0785
	}
}
{Volume "fire0"
	{Box 102.158 5.48149 45.2942}
	{Bone "mts-shed1"}
	{Matrix34
		-0.0000	1.0000	0.0000
		-0.6629	-0.0000	0.7487
		0.7487	0.0000	0.6629
		-40.8995	0.1196	61.1224
	}
}
{Volume "roof1"
	{Box 66.2975 7.72041 45.8256}
	{Bone "mts-shed1"}
	{Matrix34
		-0.0000	1.0000	0.0000
		-0.0872	-0.0000	-0.9962
		-0.9962	-0.0000	0.0872
		43.4606	15.9039	40.4684
	}
}
{Volume "hole1"
	{Box 14.4217 24.1239 38.5873}
	{Bone "mts-shed1"}
	{Position -51.3588	-14.0612	19.2937}
}
{Volume "body4"
	{Box 72.8386 7.95919 45.2942}
	{Bone "mts-shed1"}
	{Position -18.4338	-46.8274	22.4146}
}
{Volume "body3"
	{Box 100.451 7.72041 45.2942}
	{Bone "mts-shed1"}
	{Matrix34
		-0.0000	1.0000	0.0000
		-1.0000	-0.0000	0.0000
		0.0000	0.0000	1.0000
		14.1593	0.4495	22.4146
	}
}
{Volume "body2"
	{Box 72.8386 7.95919 45.2942}
	{Bone "mts-shed1"}
	{Position -18.4338	47.0102	22.4146}
}
{Volume "body1"
	{Box 102.158 7.72041 45.2942}
	{Bone "mts-shed1"}
	{Matrix34
		-0.0000	1.0000	0.0000
		-1.0000	-0.0000	0.0000
		0.0000	0.0000	1.0000
		-51.7272	0.1196	22.4146
	}
}
{Volume "roof"
	{Polyhedron "roof.vol"}
	{Bone "mts-shed1"}
	{Position -19.2031	0.2033	0.0000}
}
