;Exported by: shevchenko
;Date:        Tue May 18 12:33:28 2004
;File:        D:\-Projects-\-3DWork-\sheva\Dima Danjko\shed-france-x.max
{Skeleton
	{animation
		{sequence "crush" {speed 0.5}}
	}
	{bone "w6"
		{parameters "CommonMesh;"}
		{Orientation
			1.0000	0.0000	0.0000
			0.0000	-1.0000	0.0000
			0.0000	0.0000	1.0000
		}
		{VolumeView "w6.ply"}
		{bone "Piece1"
			{Matrix34
				1.0000	0.0000	0.0000
				0.0000	-0.0000	1.0000
				0.0000	-1.0000	-0.0000
				71.9351	21.3654	30.1939
			}
			{VolumeView "Piece1.ply"}
		}
		{bone "Piece2"
			{Matrix34
				1.0000	0.0000	0.0000
				0.0000	-0.0000	1.0000
				0.0000	-1.0000	-0.0000
				35.6175	21.1160	48.5880
			}
			{VolumeView "Piece2.ply"}
		}
		{bone "Piece3"
			{Matrix34
				1.0000	0.0000	0.0000
				0.0000	-0.0000	1.0000
				0.0000	-1.0000	-0.0000
				5.3064	21.1160	40.0473
			}
			{VolumeView "Piece3.ply"}
		}
		{bone "Piece4"
			{Matrix34
				1.0000	0.0000	0.0000
				0.0000	-0.0000	1.0000
				0.0000	-1.0000	-0.0000
				-17.4689	21.1160	40.7172
			}
			{VolumeView "Piece4.ply"}
		}
		{bone "Piece5"
			{Matrix34
				1.0000	0.0000	0.0000
				0.0000	-0.0000	1.0000
				0.0000	-1.0000	-0.0000
				-41.9075	21.3765	50.5527
			}
			{VolumeView "Piece5.ply"}
		}
		{bone "exterior"
			{Position 0.0017	0.0071	86.1417}
		}
	}
}
{Volume "Piece5"
	{Box 33.0757 17.0048 7.89624}
	{Bone "Piece5"}
	{Position 0.0000	-0.0000	0.0000}
}
{Volume "Piece4"
	{Box 15.8455 23.5121 7.87402}
	{Bone "Piece4"}
	{Matrix34
		0.9397	-0.3420	-0.0000
		0.3420	0.9397	-0.0000
		-0.0000	-0.0000	1.0000
		0.0000	0.0000	0.0000
	}
}
{Volume "Piece3"
	{Box 20.8494 26.9149 7.87402}
	{Bone "Piece3"}
	{Matrix34
		0.9397	-0.3420	-0.0000
		0.3420	0.9397	-0.0000
		-0.0000	-0.0000	1.0000
		0.0000	0.0000	0.0000
	}
}
{Volume "Piece2"
	{Box 30.1437 11.0527 7.87402}
	{Bone "Piece2"}
	{Position 0.0000	0.0000	-0.0000}
}
{Volume "Piece1"
	{Box 19.0892 28.7058 7.87403}
	{Bone "Piece1"}
	{Matrix34
		0.9848	0.1736	0.0000
		-0.1736	0.9848	-0.0000
		0.0000	-0.0000	1.0000
		-0.0000	-0.0000	-0.0000
	}
}
