;Exported by: vic
;Date:        Wed Feb 04 19:36:55 2004
;File:        D:\-Projects-\-3DWork-\Constructions\NEW\Ruini\monastery\Monastery2_x.max
{Skeleton
	{bone "wall_x"
		{Orientation
			1.0000	0.0000	0.0000
			0.0000	-1.0000	0.0000
			0.0000	0.0000	1.0000
		}
		{bone "piece2"
			{Position 0.1699	-43.8540	70.1311}
			{VolumeView "piece2.ply"}
		}
		{bone "piece3"
			{Position 29.9335	2.5911	70.6932}
			{VolumeView "piece3.ply"}
		}
		{bone "piece0"
			{Position -0.0156	-0.5478	55.6392}
			{VolumeView "piece0.ply"}
		}
		{bone "piece1"
			{Position -0.0156	-35.0477	60.5605}
			{VolumeView "piece1.ply"}
		}
		{bone "sub_piece0"
			{Position -0.0156	35.7341	58.9351}
			{VolumeView "sub_piece0.ply"}
		}
		{bone "sub_piece1"
			{Position -0.0442	-0.5477	30.9100}
			{VolumeView "sub_piece1.ply"}
		}
		{bone "sub_piece2"
			{Position -0.0156	-0.5478	12.3321}
			{VolumeView "sub_piece2.ply"}
		}
	}
}
{Volume "sub_piece2"
	{Box 11.7702 23.6239 21.6063}
	{Bone "sub_piece2"}
	{Position -0.0024	0.0214	-1.5290}
}
{Volume "sub_piece1"
	{Box 11.7702 23.6239 17.7169}
	{Bone "sub_piece1"}
	{Position 0.0262	0.0214	0.8182}
}
{Volume "sub_piece0"
	{Box 11.7702 32.601 8.61231}
	{Bone "sub_piece0"}
	{Matrix34
		1.0000	0.0000	0.0000
		0.0000	0.9979	0.0655
		0.0000	-0.0655	0.9979
		-0.0024	-1.2545	1.1187
	}
}
{Volume "piece1"
	{Box 11.7702 33.546 14.3659}
	{Bone "piece1"}
	{Position -0.0024	1.2287	2.6624}
}
{Volume "piece0"
	{Box 11.7702 30.0024 29.0099}
	{Bone "piece0"}
	{Position -0.0024	0.0214	0.2755}
}
{Volume "piece3"
	{Box 51.8012 18.5004 1.9685}
	{Bone "piece3"}
	{Matrix34
		0.9990	0.0000	0.0450
		0.0000	1.0000	0.0000
		-0.0450	0.0000	0.9990
		-17.0035	-0.3940	0.9073
	}
}
{Volume "piece2"
	{Box 69.5969 37.3532 1.9685}
	{Bone "piece2"}
	{Matrix34
		0.9967	0.0000	0.0816
		0.0000	1.0000	0.0000
		-0.0816	0.0000	0.9967
		18.6265	15.4813	2.1560
	}
}
