{Skeleton
	{bone "hedgehog"
		{Orientation
			0.7071	0.7071	0.0000
			0.7071	-0.7071	0.0000
			0.0000	0.0000	1.0000
		}
		{VolumeView "hedgehog.ply"}
	}
}


{Volume "hedgehog2"
	{Box 2.11961 4.0676 41.6476}
	{Bone "hedgehog"}
	{Matrix34
		-1.0000	0.0000	0.0000
		0.0000	-0.7660	-0.6428
		0.0000	-0.6428	0.7660
		0.2590	3.1541	14.7194
	}
}
{Volume "hedgehog1"
	{Box 2.11961 4.0676 41.6476}
	{Bone "hedgehog"}
	{Matrix34
		0.0000	-1.0000	0.0000
		0.7660	0.0000	-0.6428
		0.6428	-0.0000	0.7660
		-2.8378	-0.8945	14.7194
	}
}
{Volume "hedgehog"
	{Box 2.11961 4.0676 38.4608}
	{Bone "hedgehog"}
	{Matrix34
		1.0000	0.0000	-0.0000
		0.0000	0.7660	-0.6428
		0.0000	0.6428	0.7660
		0.2201	-3.3659	13.4988
	}
}

