{mission
	{Camera
		{Position 3060.28 -481.403}
		{Distance 1044}
		{ViewAngle 0.637631}
		{YawAngle -3.71292}
	}
	{Environment "day_mist"}
	{User 1}
	{GameProgress 0 0}
	{Entity "bmw-r12" 0x800b
		{Position 2149.42 5232.86 0}
		{Turn -70.2408}
		{Extender "inventory"
			{box
				{clear}
				{item "ammo mgun" 1000 {cell 0 0}}
				{item "ammo mgun" 100 {cell 2 0}}
			}
		}
		{Player 2}
		{MID 12}
		{Weaponry
			{State
				{Weapon
					{Ammo "ammo mgun" 100}
				}
			}
		}
	}
	{Entity "bmw-r12" 0x800c
		{Position 2444.91 4987.56 0}
		{Turn -90.3582}
		{Extender "inventory"
			{box
				{clear}
				{item "ammo mgun" 1000 {cell 0 0}}
				{item "ammo mgun" 100 {cell 2 0}}
			}
		}
		{Player 2}
		{MID 13}
		{Weaponry
			{State
				{Weapon
					{Ammo "ammo mgun" 100}
				}
			}
		}
	}
	{Entity "_infantry2_rus" 0x800d
		{Position 2141.54 5235.68 -0.8506}
		{Orientation
			  0.336242  -0.936040  -0.103900
			  0.941122   0.338068   0.000000
			  0.035125  -0.097783   0.994600
		}
		{Extender "inventory"
			{box
				{clear}
				{item "ammo bazooka" {cell 0 0}}
				{item "ammo bazooka" {cell 2 0}}
				{item "ammo bazooka" {cell 4 0}}
				{item "ammo bazooka" {cell 6 0}}
				{item "ammo bazooka" {cell 0 1}}
				{item "ammo pistol" 30 {cell 2 1}}
				{item "valter" {cell 4 1}}
				{item "weapon panzershreck" {cell 0 2}}
			}
		}
		{DisableObstacles}
		{Player 2}
		{MID 14}
		{Breed "ger.bazoker"}
		{FsmState "board"}
	}
	{Entity "_infantry2_rus" 0x800e
		{Position 2438.48 4992.92 -0.8506}
		{Orientation
			 -0.006218  -0.994581  -0.103900
			  0.999980  -0.006252   0.000000
			 -0.000650  -0.103898   0.994600
		}
		{Extender "inventory"
			{box
				{clear}
				{item "ammo mgun" 100 {cell 0 1}}
				{item "ammo mgun" 100 {cell 0 0}}
				{item "grenade m39" {cell 2 0}}
				{item "mg34" filling "ammo mgun" 50 {cell 3 0}}
			}
		}
		{DisableObstacles}
		{Player 2}
		{MID 15}
		{Breed "ger.infantry_mgun"}
		{LastItem "mg34"}
		{FsmState "board"}
	}
	{Entity "_infantry2_rus" 0x800f
		{Position 2154.23 5243.65 0.3124}
		{Turn -70.2408}
		{Extender "inventory"
			{box
				{clear}
				{item "ammo pistol" 60 {cell 0 1}}
				{item "grenade m24" {cell 0 0}}
				{item "mp40" filling "ammo pistol" 32 {cell 2 0}}
			}
		}
		{DisableObstacles}
		{Player 2}
		{MID 16}
		{Breed "ger.infantry_ss"}
		{LastItem "mp40"}
		{FsmState "board"}
	}
	{Entity "_infantry2_rus" 0x8010
		{Position 2138.76 5243.43 6.953}
		{Orientation
			  0.332929  -0.926817   0.173600
			  0.941122   0.338068   0.000000
			 -0.058689   0.163379   0.984800
		}
		{Extender "inventory"
			{box
				{clear}
				{item "ammo pistol" 20 {cell 0 0}}
				{item "grenade m24" {cell 2 0}}
				{item "mp40" filling "ammo pistol" 32 {cell 4 0}}
			}
		}
		{DisableObstacles}
		{Player 2}
		{MID 17}
		{Breed "ger.infantry_smg"}
		{LastItem "mp40"}
		{FsmState "board"}
	}
	{Entity "_infantry2_rus" 0x8011
		{Position 2453.13 4996.03 0.3124}
		{Turn -90.3582}
		{Extender "inventory"
			{box
				{clear}
				{item "ammo pistol" 22 {cell 0 0}}
				{item "grenade m24" {cell 2 0}}
				{item "mp40" filling "ammo pistol" 32 {cell 4 0}}
			}
		}
		{DisableObstacles}
		{Player 2}
		{MID 18}
		{Breed "ger.infantry_smg"}
		{LastItem "mp40"}
		{FsmState "board"}
	}
	{Entity "_infantry2_rus" 0x8012
		{Position 2438.54 5001.15 6.953}
		{Orientation
			 -0.006157  -0.984781   0.173600
			  0.999980  -0.006252   0.000000
			  0.001085   0.173597   0.984800
		}
		{Extender "inventory"
			{box
				{clear}
				{item "grenade m24" {cell 2 0}}
				{item "ammo pistol" 25 {cell 0 0}}
				{item "mp40" filling "ammo pistol" 32 {cell 4 0}}
			}
		}
		{DisableObstacles}
		{Player 2}
		{MID 19}
		{Breed "ger.infantry_smg"}
		{LastItem "mp40"}
		{FsmState "board"}
	}
	{Entity "_infantry2_rus" 0x8017
		{Position 2416.87 5229.94 0}
		{Turn -87.6057}
		{Extender "inventory"
			{box
				{clear}
				{item "ammo pistol" 21 {cell 0 0}}
				{item "grenade m24" {cell 2 0}}
			}
		}
		{Player 2}
		{MID 24}
		{Weaponry
			{State
				{Mounted "mp41"}
				{Weapon
					{Ammo "ammo pistol" 32}
				}
			}
		}
		{Breed "ger.infantry_smg"}
		{FsmState "stand"}
	}
	{Entity "_infantry2_rus" 0x8018
		{Position 2354.16 4789.88 16.6882}
		{Turn -88.0104}
		{Extender "inventory"
			{box
				{clear}
				{item "ammo pistol" 20 {cell 0 0}}
				{item "grenade m24" {cell 2 0}}
				{item "mp40" filling "ammo pistol" 32 {cell 4 0}}
			}
		}
		{DisableObstacles}
		{Player 2}
		{MID 25}
		{Breed "ger.infantry_smg"}
		{FsmState "board"}
	}
	{Entity "_infantry2_rus" 0x8019
		{Position 2460.7 5228.94 0}
		{Turn -59.9999}
		{Extender "inventory"
			{box
				{clear}
				{item "ammo pistol" 21 {cell 0 0}}
				{item "grenade m39" {cell 2 0}}
			}
		}
		{Player 2}
		{MID 26}
		{Weaponry
			{State
				{Mounted "mp40"}
				{Weapon
					{Ammo "ammo pistol" 32}
				}
			}
		}
		{Breed "ger.infantry_smg"}
		{FsmState "stand"}
	}
	{Entity "sdkfz251_1" 0x801d
		{Position 2353.46 4786.09 0}
		{Turn -88.9157}
		{Extender "inventory"
			{box
				{clear}
				{item "ammo mgun" 1000 {cell 0 0}}
				{item "can" {cell 2 0}}
			}
		}
		{Player 2}
		{MID 30}
		{Weaponry
			{State
				{Weapon
					{Ammo "ammo mgun" 100}
				}
			}
		}
	}
	{Entity "_infantry2_rus" 0x8022
		{Position 2358.29 4830.33 16.7896}
		{Orientation
			 -0.984624  -0.018636   0.173600
			  0.018923  -0.999821   0.000000
			  0.173569   0.003285   0.984800
		}
		{Extender "inventory"
			{box
				{clear}
				{item "ammo mgun" 100 {cell 0 1}}
				{item "ammo mgun" 100 {cell 0 0}}
				{item "grenade m24" {cell 0 2}}
				{item "mg34" filling "ammo mgun" 50 {cell 2 0}}
			}
		}
		{DisableObstacles}
		{Player 2}
		{MID 37}
		{Breed "ger.infantry_mgun"}
		{FsmState "board"}
	}
	{Entity "_infantry2_rus" 0x8023
		{Position 2358.5 4819.25 16.7896}
		{Orientation
			 -0.984624  -0.018636   0.173600
			  0.018923  -0.999821   0.000000
			  0.173569   0.003285   0.984800
		}
		{Extender "inventory"
			{box
				{clear}
				{item "ammo bazooka" {cell 0 0}}
				{item "ammo bazooka" {cell 2 0}}
				{item "ammo bazooka" {cell 4 0}}
				{item "ammo bazooka" {cell 6 0}}
				{item "ammo bazooka" {cell 0 1}}
				{item "ammo pistol" 30 {cell 2 1}}
				{item "valter" filling "ammo pistol" 8 {cell 4 1}}
			}
		}
		{DisableObstacles}
		{Player 2}
		{MID 38}
		{Breed "ger.bazoker"}
		{FsmState "board"}
	}
	{Entity "_infantry2_rus" 0x8025
		{Position 2358.71 4808.28 16.7896}
		{Orientation
			 -0.984624  -0.018636   0.173600
			  0.018923  -0.999821   0.000000
			  0.173569   0.003285   0.984800
		}
		{Extender "inventory"
			{box
				{clear}
				{item "ammo pistol" 20 {cell 0 0}}
				{item "mp40" filling "ammo pistol" 32 {cell 0 1}}
				{item "grenade m24" {cell 4 0}}
			}
		}
		{DisableObstacles}
		{Player 2}
		{MID 39}
		{Breed "ger.infantry_smg"}
		{FsmState "board"}
	}
	{Entity "_infantry2_rus" 0x8026
		{Position 2349.21 4773.99 10.5485}
		{Orientation
			  0.017716  -0.936032   0.351600
			  0.999821   0.018923   0.000000
			 -0.006653   0.351537   0.936200
		}
		{Extender "inventory"
			{box
				{clear}
				{item "ammo pistol" 20 {cell 0 0}}
				{item "grenade m24" {cell 2 0}}
				{item "mp40" filling "ammo pistol" 32 {cell 4 0}}
			}
		}
		{DisableObstacles}
		{Player 2}
		{MID 40}
		{Breed "ger.infantry_smg"}
		{FsmState "board"}
	}
	{Entity "_infantry2_rus" 0x8027
		{Position 2348.36 4806.31 14.957}
		{Orientation
			  0.984601   0.019835   0.173600
			 -0.020123   0.999798   0.000000
			 -0.173565  -0.003485   0.984800
		}
		{Extender "inventory"
			{box
				{clear}
				{item "ammo pistol" 20 {cell 0 0}}
				{item "grenade m24" {cell 2 0}}
				{item "mp40" filling "ammo pistol" 32 {cell 4 0}}
			}
		}
		{DisableObstacles}
		{Player 2}
		{MID 41}
		{Breed "ger.infantry_smg"}
		{FsmState "board"}
	}
	{Entity "_infantry2_rus" 0x802e
		{Position 2357.14 5055.65 27.688}
		{Orientation
			 -0.983820  -0.043920   0.173600
			  0.044597  -0.999005   0.000000
			  0.173427   0.007742   0.984800
		}
		{Extender "inventory"
			{box
				{clear}
				{item "ammo pistol" 23 {cell 0 0}}
				{item "grenade m24" {cell 2 0}}
				{item "mp40" filling "ammo pistol" 32 {cell 4 0}}
			}
		}
		{DisableObstacles}
		{Player 2}
		{MID 48}
		{Breed "ger.infantry_smg"}
		{FsmState "board"}
	}
	{Entity "_infantry2_rus" 0x802f
		{Position 2357.81 5040.66 27.688}
		{Orientation
			 -0.939989  -0.297017   0.167900
			  0.293776  -0.954848  -0.044200
			  0.173427   0.007742   0.984800
		}
		{Extender "inventory"
			{box
				{clear}
				{item "ammo pistol" 23 {cell 0 0}}
				{item "grenade m24" {cell 2 0}}
				{item "mp40" filling "ammo pistol" 32 {cell 4 0}}
			}
		}
		{DisableObstacles}
		{Player 2}
		{MID 49}
		{Breed "ger.infantry_smg"}
		{FsmState "board"}
	}
	{Entity "pz-4d" 0x8030
		{Position 2381.86 5014.3 0}
		{Turn -87.4439}
		{TexMod "ambush5"}
		{Extender "inventory"
			{box
				{clear}
				{item "ammo mgun" 2000 {cell 0 0}}
				{item "repair_kit" {cell 2 0}}
				{item "bullet75 ap" 50 {cell 0 2}}
				{item "bullet75 fg" 27 {cell 0 3}}
			}
		}
		{Player 2}
		{MID 50}
		{Weaponry
			{Number 1}
			{State "gun"
				{Weapon
					{Ammo "bullet75 fg" 1}
				}
			}
			{State "mgun"
				{Weapon
					{Ammo "ammo mgun" 100}
				}
			}
		}
	}
	{Entity "_infantry2_rus" 0x8032
		{Position 2381.86 5014.3 0}
		{Orientation
			  0.044597  -0.999005   0.000000
			 -0.999005  -0.044597   0.000000
			  0.000000   0.000000   1.000000
		}
		{Extender "inventory"
			{box
				{clear}
				{item "ammo pistol" 60 {cell 0 0}}
				{item "knife hand" {cell 2 0}}
				{item "valter" {cell 4 0}}
			}
		}
		{Player 2}
		{MID 52}
		{Breed "ger.tank_com"}
		{FsmState "board"}
	}
	{Entity "_infantry2_rus" 0x8033
		{Position 2381.86 5014.3 0}
		{Orientation
			  0.044597  -0.999005   0.000000
			 -0.999005  -0.044597   0.000000
			  0.000000   0.000000   1.000000
		}
		{Extender "inventory"
			{box
				{clear}
				{item "mp41" {cell 0 0}}
				{item "ammo pistol" 60 {cell 4 0}}
			}
		}
		{Player 2}
		{MID 53}
		{Breed "ger.tankman"}
		{FsmState "board"}
	}
	{Entity "_infantry2_rus" 0x8034
		{Position 2381.86 5014.3 0}
		{Orientation
			  0.044597  -0.999005   0.000000
			 -0.999005  -0.044597   0.000000
			  0.000000   0.000000   1.000000
		}
		{Extender "inventory"
			{box
				{clear}
				{item "mp41" {cell 0 0}}
				{item "ammo pistol" 60 {cell 4 0}}
			}
		}
		{Player 2}
		{MID 54}
		{Breed "ger.tankman"}
		{FsmState "board"}
	}
	{Entity "_infantry2_rus" 0x8031
		{Position 2381.86 5014.3 0}
		{Orientation
			  0.044597  -0.999005   0.000000
			 -0.999005  -0.044597   0.000000
			  0.000000   0.000000   1.000000
		}
		{Extender "inventory"
			{box
				{clear}
				{item "mp41" {cell 0 0}}
				{item "ammo pistol" 60 {cell 4 0}}
			}
		}
		{Player 2}
		{MID 51}
		{Breed "ger.tankman"}
		{FsmState "board"}
	}
	{Entity "_infantry2_rus" 0x8036
		{Position 2394.47 5186.53 0}
		{Turn -89.8606}
		{Extender "inventory"
			{box
				{clear}
				{item "grenade m24" {cell 2 0}}
				{item "ammo pistol" 25 {cell 0 0}}
			}
		}
		{Player 2}
		{MID 56}
		{Weaponry
			{State
				{Mounted "mp40"}
				{Weapon
					{Ammo "ammo pistol" 32}
				}
			}
		}
		{Breed "ger.infantry_smg"}
		{FsmState "stand"}
	}
	{Entity "_infantry2_rus" 0x8037
		{Position 2349.49 5184.16 0}
		{Turn -87.3912}
		{Extender "inventory"
			{box
				{clear}
				{item "ammo pistol" 60 {cell 0 1}}
				{item "grenade m39" {cell 0 0}}
			}
		}
		{Player 2}
		{MID 57}
		{Weaponry
			{State
				{Mounted "mp40"}
				{Weapon
					{Ammo "ammo pistol" 32}
				}
			}
		}
		{Breed "ger.infantry_ss"}
		{FsmState "stand"}
	}
	{Entity "_infantry2_rus" 0x803c
		{Position 3959.41 -1228.44 0}
		{Turn 78.7947}
		{Extender "vitality"
			{Health
				{Max 200}
				{Current 200}
			}
		}
		{Extender "inventory"
			{box
				{clear}
				{item "dynamite" {cell 0 0}}
				{item "dynamite" {cell 0 2}}
				{item "ammo rifle" 10 {cell 2 0}}
				{item "ammo rifle" 10 {cell 4 0}}
				{item "ammo rifle" 10 {cell 6 0}}
			}
		}
		{Player 1}
		{MID 60}
		{Able {personage 1}}
		{Weaponry
			{State
				{Mounted "m1"}
				{Weapon
					{Ammo "ammo rifle" 7}
				}
			}
		}
		{Breed "usa.infantry_smg"}
		{FsmState "stand"}
	}
	{Entity "pak40" 0x803d
		{Position 284.628 -714.678 55.671}
		{Turn 68.1222}
		{Extender "inventory"
			{box
				{clear}
				{item "bullet75 fg" 2 {cell 0 0}}
				{item "bullet75 ap" 14 {cell 0 1}}
			}
		}
		{Player 2}
		{MID 61}
		{Weaponry
			{State
				{Weapon
					{Ammo "bullet75 ap" 1}
				}
			}
		}
	}
	{Entity "blitz-3.6" 0x803e
		{Position 1094.26 4788.84 0}
		{Turn -106.559}
		{Player 2}
		{MID 62}
	}
	{Entity "_infantry2_rus" 0x803f
		{Position 1081.77 4771.08 19.6094}
		{Orientation
			 -0.284850  -0.958364   0.019600
			  0.958555  -0.284907   0.000000
			  0.005586   0.018787   0.999800
		}
		{Extender "inventory"
			{box
				{clear}
				{item "ammo pistol" 20 {cell 0 0}}
				{item "grenade m24" {cell 2 0}}
				{item "mp40" filling "ammo pistol" 32 {cell 4 0}}
			}
		}
		{DisableObstacles}
		{Player 2}
		{MID 63}
		{Breed "ger.infantry_smg"}
		{FsmState "board"}
	}
	{Entity "_infantry2_rus" 0x8040
		{Position 1094.77 4819.5 25.1061}
		{Orientation
			  0.935281  -0.348094   0.064300
			  0.350180   0.936331  -0.025700
			 -0.051262   0.046540   0.997600
		}
		{Extender "inventory"
			{box
				{clear}
				{item "ammo pistol" 20 {cell 0 0}}
				{item "grenade m24" {cell 2 0}}
				{item "mp40" filling "ammo pistol" 32 {cell 4 0}}
			}
		}
		{DisableObstacles}
		{Player 2}
		{MID 64}
		{Breed "ger.infantry_smg"}
		{FsmState "board"}
	}
	{Entity "_infantry2_rus" 0x8041
		{Position 1098.49 4830.46 25.5729}
		{Orientation
			  0.965400  -0.189605   0.179000
			  0.195852   0.980444  -0.017400
			 -0.172239   0.051943   0.983700
		}
		{Extender "inventory"
			{box
				{clear}
				{item "ammo pistol" 60 {cell 0 1}}
				{item "grenade m24" {cell 2 0}}
				{item "mp40" filling "ammo pistol" 32 {cell 4 0}}
			}
		}
		{DisableObstacles}
		{Player 2}
		{MID 65}
		{Breed "ger.infantry_ss"}
		{FsmState "board"}
	}
	{Entity "_infantry2_rus" 0x8042
		{Position 1096.45 4766.71 19.6093}
		{Orientation
			 -0.284850  -0.958364   0.019600
			  0.958555  -0.284907   0.000000
			  0.005586   0.018787   0.999800
		}
		{Extender "inventory"
			{box
				{clear}
				{item "ammo pistol" 20 {cell 0 0}}
				{item "grenade m24" {cell 2 0}}
				{item "mp40" filling "ammo pistol" 32 {cell 4 0}}
			}
		}
		{DisableObstacles}
		{Player 2}
		{MID 66}
		{Breed "ger.infantry_smg"}
		{FsmState "board"}
	}
	{Entity "_infantry2_rus" 0x8043
		{Position 1102.14 4840.98 24.7629}
		{Orientation
			  0.899778  -0.396274   0.182800
			  0.405943   0.913699  -0.017400
			 -0.160130   0.089864   0.983000
		}
		{Extender "inventory"
			{box
				{clear}
				{item "ammo pistol" 20 {cell 0 0}}
				{item "grenade m24" {cell 2 0}}
				{item "mp40" filling "ammo pistol" 32 {cell 4 0}}
			}
		}
		{DisableObstacles}
		{Player 2}
		{MID 67}
		{Breed "ger.infantry_smg"}
		{FsmState "board"}
	}
	{Entity "_infantry2_rus" 0x8044
		{Position 1092.37 4809.87 26.3185}
		{Orientation
			  0.949028  -0.258705   0.180200
			  0.266034   0.963854  -0.017500
			 -0.169205   0.064603   0.983500
		}
		{Extender "inventory"
			{box
				{clear}
				{item "ammo mgun" 100 {cell 0 1}}
				{item "ammo mgun" 100 {cell 0 0}}
				{item "grenade m24" {cell 0 2}}
				{item "mg34" filling "ammo mgun" 50 {cell 2 0}}
			}
		}
		{DisableObstacles}
		{Player 2}
		{MID 68}
		{Breed "ger.infantry_mgun"}
		{FsmState "board"}
	}
	{Entity "_infantry2_rus" 0x8045
		{Position 1118.49 4834.83 24.7845}
		{Orientation
			 -0.964768   0.189626   0.182300
			 -0.189642  -0.981664   0.017400
			  0.182194  -0.017762   0.983100
		}
		{Extender "inventory"
			{box
				{clear}
				{item "ammo pistol" 68 {cell 0 0}}
				{item "grenade m24" {cell 2 0}}
				{item "grenade m24" {cell 4 0}}
				{item "grenade m24" {cell 6 0}}
				{item "grenade m24" {cell 0 1}}
				{item "grenade m24" {cell 2 1}}
				{item "mp41" filling "ammo pistol" 32 {cell 4 1}}
			}
		}
		{DisableObstacles}
		{Player 2}
		{MID 69}
		{Breed "ger.farseer"}
		{FsmState "board"}
	}
	{Entity "_infantry2_rus" 0x8046
		{Position 1089.53 4800.32 25.5088}
		{Orientation
			  0.965400  -0.189605   0.179000
			  0.195852   0.980444  -0.017400
			 -0.172239   0.051943   0.983700
		}
		{Extender "inventory"
			{box
				{clear}
				{item "ammo pistol" 20 {cell 0 0}}
				{item "grenade m24" {cell 2 0}}
				{item "mp40" filling "ammo pistol" 32 {cell 4 0}}
			}
		}
		{DisableObstacles}
		{Player 2}
		{MID 70}
		{Breed "ger.infantry_smg"}
		{FsmState "board"}
	}
	{Entity "_infantry2_rus" 0x804c
		{Position 1130.85 5138.83 0}
		{Turn -113.13}
		{Extender "inventory"
			{box
				{clear}
				{item "ammo pistol" 20 {cell 0 0}}
				{item "grenade m39" {cell 2 0}}
				{item "ammo pistol" {cell 0 1}}
				{item "ammo pistol" {cell 3 0}}
			}
		}
		{Player 2}
		{MID 76}
		{Weaponry
			{State
				{Mounted "mp40"}
				{Weapon
					{Ammo "ammo pistol" 32}
				}
			}
		}
		{Breed "ger.infantry_smg"}
		{FsmState "stand"}
	}
	{Entity "_infantry2_rus" 0x8050
		{Position 1084.95 5153.13 0}
		{Turn -127.019}
		{Extender "inventory"
			{box
				{clear}
				{item "ammo mgun" 100 {cell 0 1}}
				{item "ammo mgun" 100 {cell 0 0}}
				{item "grenade m24" {cell 0 2}}
			}
		}
		{Player 2}
		{MID 80}
		{Weaponry
			{State
				{Mounted "mg34"}
				{Weapon
					{Ammo "ammo mgun" 50}
				}
			}
		}
		{Breed "ger.infantry_mgun"}
		{FsmState "stand"}
	}
	{Entity "_infantry2_rus" 0x8055
		{Position 1040.21 4942.9 0}
		{Orientation
			 -0.223131  -0.974788   0.000000
			 -0.974788   0.223131   0.000000
			  0.000000   0.000000   1.000000
		}
		{Extender "inventory"
			{box
				{clear}
				{item "ammo pistol" 60 {cell 0 0}}
				{item "knife hand" {cell 2 0}}
				{item "valter" {cell 4 0}}
			}
		}
		{Player 2}
		{MID 85}
		{Breed "ger.tank_com"}
		{FsmState "board"}
	}
	{Entity "_infantry2_rus" 0x8056
		{Position 1040.21 4942.9 0}
		{Orientation
			 -0.223131  -0.974788   0.000000
			 -0.974788   0.223131   0.000000
			  0.000000   0.000000   1.000000
		}
		{Extender "inventory"
			{box
				{clear}
				{item "mp41" {cell 0 0}}
				{item "ammo pistol" 60 {cell 4 0}}
			}
		}
		{Player 2}
		{MID 86}
		{Breed "ger.tankman"}
		{FsmState "board"}
	}
	{Entity "_infantry2_rus" 0x8057
		{Position 1040.21 4942.9 0}
		{Orientation
			 -0.223131  -0.974788   0.000000
			 -0.974788   0.223131   0.000000
			  0.000000   0.000000   1.000000
		}
		{Extender "inventory"
			{box
				{clear}
				{item "mp41" {cell 0 0}}
				{item "ammo pistol" 60 {cell 4 0}}
			}
		}
		{Player 2}
		{MID 87}
		{Breed "ger.tankman"}
		{FsmState "board"}
	}
	{Entity "_infantry2_rus" 0x8058
		{Position 1040.21 4942.9 0}
		{Orientation
			 -0.223131  -0.974788   0.000000
			 -0.974788   0.223131   0.000000
			  0.000000   0.000000   1.000000
		}
		{Extender "inventory"
			{box
				{clear}
				{item "mp41" {cell 0 0}}
				{item "ammo pistol" 60 {cell 4 0}}
			}
		}
		{Player 2}
		{MID 88}
		{Breed "ger.tankman"}
		{FsmState "board"}
	}
	{Entity "pz-6" 0x8059
		{Position 1040.21 4942.9 0}
		{Turn -102.893}
		{Player 2}
		{MID 89}
		{Weaponry
			{Number 1}
			{State "gun"
				{Weapon
					{Ammo "bullet88 fg" 1}
				}
			}
			{State "mgun"
				{Weapon
					{Ammo "ammo mgun" 100}
				}
			}
		}
	}
	{Entity "ju52" 0x8038
		{Position 6428.66 -3870.4 18.4085}
		{Turn 136.679}
		{Player 1}
		{MID 58}
	}
	{Entity "_infantry2_rus" 0x802d
		{Position 6494.99 -3931.88 36.5854}
		{Orientation
			  0.717919  -0.667496  -0.197732
			  0.681121   0.732154   0.001222
			  0.143945  -0.135486   0.980301
		}
		{Extender "inventory"
			{box
				{clear}
				{item "thompson" {cell 0 0}}
				{item "ammo pistol" 100 {cell 4 0}}
				{item "ammo pistol" 23 {cell 6 0}}
				{item "grenade f1" {cell 0 2}}
			}
		}
		{DisableObstacles}
		{Player 1}
		{MID 47}
		{Breed "usa.infantry_smg"}
		{FsmState "board"}
	}
	{Entity "_infantry2_rus" 0x804b
		{Position 6362.1 -3818.49 49.9949}
		{Orientation
			 -0.655759   0.609329   0.445849
			 -0.681106  -0.732168  -0.001124
			  0.325784  -0.304369   0.895161
		}
		{Extender "inventory"
			{box
				{clear}
				{item "thompson" {cell 0 0}}
				{item "ammo pistol" 100 {cell 4 0}}
				{item "ammo pistol" 23 {cell 6 0}}
				{item "grenade f1" {cell 0 2}}
			}
		}
		{DisableObstacles}
		{Player 1}
		{MID 75}
		{Breed "usa.infantry_smg"}
		{FsmState "board"}
	}
	{Entity "_infantry2_rus" 0x804d
		{Position 6372.97 -3806.63 49.8614}
		{Orientation
			 -0.655759   0.609329   0.445849
			 -0.681106  -0.732168  -0.001124
			  0.325784  -0.304369   0.895161
		}
		{Extender "inventory"
			{box
				{clear}
				{item "thompson" {cell 0 0}}
				{item "ammo pistol" 100 {cell 4 0}}
				{item "ammo pistol" 23 {cell 6 0}}
				{item "grenade f1" {cell 0 2}}
			}
		}
		{DisableObstacles}
		{Player 1}
		{MID 77}
		{Breed "usa.infantry_smg"}
		{FsmState "board"}
	}
	{Entity "_infantry2_rus" 0x8003
		{Position 2348.59 4795.05 14.957}
		{Orientation
			  0.984601   0.019835   0.173600
			 -0.020123   0.999798   0.000000
			 -0.173565  -0.003485   0.984800
		}
		{Extender "inventory"
			{box
				{clear}
				{item "ammo pistol" 60 {cell 0 1}}
				{item "grenade m24" {cell 2 0}}
				{item "mp40" filling "ammo pistol" 32 {cell 4 0}}
			}
		}
		{DisableObstacles}
		{Player 2}
		{MID 4}
		{Breed "ger.infantry_ss"}
		{FsmState "board"}
	}
	{Entity "_infantry2_rus" 0x8007
		{Position 2347.92 4828.08 14.957}
		{Orientation
			  0.984601   0.019835   0.173600
			 -0.020123   0.999798   0.000000
			 -0.173565  -0.003485   0.984800
		}
		{Extender "inventory"
			{box
				{clear}
				{item "ammo pistol" 60 {cell 0 1}}
				{item "grenade m24" {cell 2 0}}
				{item "mp40" filling "ammo pistol" 32 {cell 4 0}}
			}
		}
		{DisableObstacles}
		{Player 2}
		{MID 7}
		{Breed "ger.infantry_ss"}
		{FsmState "board"}
	}
	{Entity "_infantry2_rus" 0x8009
		{Position 2348.13 4817.9 14.957}
		{Orientation
			  0.984601   0.019835   0.173600
			 -0.020123   0.999798   0.000000
			 -0.173565  -0.003485   0.984800
		}
		{Extender "inventory"
			{box
				{clear}
				{item "ammo pistol" 40 {cell 0 1}}
				{item "mp40" filling "ammo pistol" 32 {cell 2 0}}
				{item "grenade m24" {cell 6 0}}
			}
		}
		{DisableObstacles}
		{Player 2}
		{MID 10}
		{Breed "ger.infantry_smg"}
		{FsmState "board"}
	}
	{Entity "_infantry2_rus" 0x8013
		{Position 2336.81 5284.47 0}
		{Turn -83.1086}
		{Extender "inventory"
			{box
				{clear}
				{item "ammo pistol" 40 {cell 0 1}}
				{item "grenade m24" {cell 2 0}}
			}
		}
		{Player 2}
		{MID 20}
		{Weaponry
			{State
				{Mounted "mp41"}
				{Weapon
					{Ammo "ammo pistol" 32}
				}
			}
		}
		{Breed "ger.infantry_smg"}
		{FsmState "stand"}
	}
	{Entity "_infantry2_rus" 0x8014
		{Position 2384.89 5291.69 0}
		{Turn -64.228}
		{Extender "inventory"
			{box
				{clear}
				{item "ammo mgun" 100 {cell 0 1}}
				{item "ammo mgun" 100 {cell 0 0}}
				{item "grenade m39" {cell 2 0}}
			}
		}
		{Player 2}
		{MID 21}
		{Weaponry
			{State
				{Mounted "mg34"}
				{Weapon
					{Ammo "ammo mgun" 50}
				}
			}
		}
		{Breed "ger.infantry_mgun"}
		{FsmState "stand"}
	}
	{Entity "_infantry2_rus" 0x8015
		{Position 2389.84 5241.84 0}
		{Turn -75.7566}
		{Extender "inventory"
			{box
				{clear}
				{item "ammo pistol" 40 {cell 0 1}}
				{item "grenade m24" {cell 2 0}}
			}
		}
		{Player 2}
		{MID 22}
		{Weaponry
			{State
				{Mounted "mp40"}
				{Weapon
					{Ammo "ammo pistol" 32}
				}
			}
		}
		{Breed "ger.infantry_smg"}
		{FsmState "stand"}
	}
	{Entity "_infantry2_rus" 0x8016
		{Position 2343.38 5234.57 0}
		{Turn -83.5026}
		{Extender "inventory"
			{box
				{clear}
				{item "ammo pistol" 40 {cell 0 1}}
				{item "grenade m24" {cell 2 0}}
			}
		}
		{Player 2}
		{MID 23}
		{Weaponry
			{State
				{Mounted "mp40"}
				{Weapon
					{Ammo "ammo pistol" 32}
				}
			}
		}
		{Breed "ger.infantry_smg"}
		{FsmState "stand"}
	}
	{Entity "sdkfz7" 0x801a
		{Position 1200.34 4958.46 0}
		{Turn -111.086}
		{Player 2}
		{MID 27}
	}
	{Entity "_infantry2_rus" 0x801b
		{Position 1194.95 4941.64 23.7213}
		{Orientation
			 -0.354301  -0.918859   0.173600
			  0.933041  -0.359769   0.000000
			  0.062456   0.161976   0.984800
		}
		{Extender "inventory"
			{box
				{clear}
				{item "ammo pistol" 40 {cell 0 1}}
				{item "grenade m24" {cell 2 0}}
				{item "mp40" filling "ammo pistol" 32 {cell 4 0}}
			}
		}
		{DisableObstacles}
		{Player 2}
		{MID 33}
		{Breed "ger.infantry_smg"}
		{FsmState "board"}
	}
	{Entity "_infantry2_rus" 0x801c
		{Position 1206.49 4937.19 23.7213}
		{Orientation
			 -0.354301  -0.918859   0.173600
			  0.933041  -0.359769   0.000000
			  0.062456   0.161976   0.984800
		}
		{Extender "inventory"
			{box
				{clear}
				{item "ammo pistol" 40 {cell 0 1}}
				{item "grenade m24" {cell 2 0}}
				{item "mp40" filling "ammo pistol" 32 {cell 4 0}}
			}
		}
		{DisableObstacles}
		{Player 2}
		{MID 34}
		{Breed "ger.infantry_smg"}
		{FsmState "board"}
	}
	{Entity "_infantry2_rus" 0x801e
		{Position 1183.81 4945.9 23.7224}
		{Orientation
			 -0.354301  -0.918859   0.173600
			  0.933041  -0.359769   0.000000
			  0.062456   0.161976   0.984800
		}
		{Extender "inventory"
			{box
				{clear}
				{item "ammo pistol" 40 {cell 0 1}}
				{item "grenade m24" {cell 2 0}}
				{item "mp41" {cell 4 0}}
			}
		}
		{DisableObstacles}
		{Player 2}
		{MID 35}
		{Breed "ger.infantry_smg"}
		{FsmState "board"}
	}
	{Entity "_infantry2_rus" 0x8020
		{Position 1212.22 4957.18 24.4373}
		{Orientation
			 -0.354301  -0.918859   0.173600
			  0.933041  -0.359769   0.000000
			  0.062456   0.161976   0.984800
		}
		{Extender "inventory"
			{box
				{clear}
				{item "ammo mgun" 100 {cell 0 1}}
				{item "ammo mgun" 100 {cell 0 0}}
				{item "grenade m24" {cell 0 2}}
				{item "mg34" filling "ammo mgun" 50 {cell 2 0}}
			}
		}
		{DisableObstacles}
		{Player 2}
		{MID 36}
		{Breed "ger.infantry_mgun"}
		{FsmState "board"}
	}
	{Entity "_infantry2_rus" 0x8021
		{Position 1201.86 4961.17 24.4373}
		{Orientation
			 -0.354301  -0.918859   0.173600
			  0.933041  -0.359769   0.000000
			  0.062456   0.161976   0.984800
		}
		{Extender "inventory"
			{box
				{clear}
				{item "ammo bazooka" {cell 0 0}}
				{item "ammo bazooka" {cell 2 0}}
				{item "ammo bazooka" {cell 4 0}}
				{item "ammo bazooka" {cell 6 0}}
				{item "ammo bazooka" {cell 0 1}}
				{item "ammo pistol" 30 {cell 2 1}}
				{item "valter" {cell 4 1}}
			}
		}
		{DisableObstacles}
		{Player 2}
		{MID 42}
		{Breed "ger.bazoker"}
		{FsmState "board"}
	}
	{Entity "_infantry2_rus" 0x8024
		{Position 3972.9 -1253.19 0}
		{Extender "vitality"
			{Health
				{Max 200}
				{Current 200}
			}
		}
		{Extender "inventory"
			{box
				{clear}
				{item "ammo rifle" 10 {cell 4 0}}
				{item "ammo rifle" 10 {cell 6 0}}
				{item "ammo rifle" 10 {cell 2 0}}
				{item "grenade f1" {cell 2 1}}
				{item "grenade f1" {cell 3 1}}
				{item "dynamite" {cell 0 0}}
				{item "dynamite" {cell 0 2}}
			}
		}
		{Player 1}
		{MID 59}
		{Able {personage 1}}
		{Weaponry
			{State
				{Mounted "m1"}
				{Weapon
					{Ammo "ammo rifle" 7}
				}
			}
		}
		{Breed "usa.infantry_smg"}
		{FsmState "stand"}
	}
	{Entity "sdkfz-223" 0x8001
		{Position 2173.46 4883.78 0}
		{Turn -88.0448}
		{Extender "inventory"
			{box
				{clear}
				{item "ammo mgun" 1000 {cell 0 0}}
				{item "can" {cell 2 0}}
			}
		}
		{Player 2}
		{MID 2}
		{Weaponry
			{State
				{Weapon
					{Ammo "ammo mgun" 100}
				}
			}
		}
	}
	{Entity "_infantry2_rus" 0x8028
		{Position 2173.13 4893.5 19.0236}
		{Turn -88.0448}
		{Extender "vitality"
			{Health
				{Max 250}
				{Current 250}
			}
		}
		{Extender "inventory"
			{box
				{clear}
				{item "mp41" {cell 0 0}}
				{item "ammo pistol" 60 {cell 4 0}}
			}
		}
		{DisableObstacles}
		{Player 2}
		{MID 28}
		{Breed "ger.tankman"}
		{FsmState "board"}
	}
	{Entity "_infantry2_rus" 0x8029
		{Position 2168.01 4866.35 9.2704}
		{Orientation
			  0.031419  -0.920364   0.389700
			  0.999418   0.034118   0.000000
			 -0.013296   0.389473   0.920900
		}
		{Extender "vitality"
			{Health
				{Max 250}
				{Current 250}
			}
		}
		{Extender "inventory"
			{box
				{clear}
				{item "mp41" {cell 0 0}}
				{item "ammo pistol" 60 {cell 4 0}}
			}
		}
		{DisableObstacles}
		{Player 2}
		{MID 29}
		{Breed "ger.tankman"}
		{FsmState "board"}
	}
	{Entity "_infantry2_rus" 0x8039
		{Position 1115.72 4825.3 25.9427}
		{Orientation
			 -0.948808   0.258744   0.181000
			 -0.259939  -0.965457   0.017500
			  0.179351  -0.030480   0.983300
		}
		{Extender "inventory"
			{box
				{clear}
				{item "ammo pistol" 40 {cell 0 1}}
				{item "grenade m24" {cell 2 0}}
				{item "mp40" filling "ammo pistol" 32 {cell 4 0}}
			}
		}
		{DisableObstacles}
		{Player 2}
		{MID 44}
		{Breed "ger.infantry_smg"}
		{LastItem "mp40"}
		{FsmState "board"}
	}
	{Entity "_infantry2_rus" 0x803a
		{Position 1113.37 4815.62 25.0784}
		{Orientation
			 -0.936833   0.344278   0.062100
			 -0.344436  -0.938769   0.009300
			  0.061447  -0.012637   0.998000
		}
		{Extender "inventory"
			{box
				{clear}
				{item "ammo pistol" 40 {cell 0 1}}
				{item "grenade m24" {cell 2 0}}
				{item "mp40" filling "ammo pistol" 32 {cell 4 0}}
			}
		}
		{DisableObstacles}
		{Player 2}
		{MID 45}
		{Breed "ger.infantry_smg"}
		{LastItem "mp40"}
		{FsmState "board"}
	}
	{Entity "_infantry2_rus" 0x8048
		{Position 1282.8 5181.85 0}
		{Extender "inventory"
			{box
				{clear}
				{item "ammo rifle" 6 {cell 0 1}}
			}
		}
		{Player 2}
		{MID 72}
		{Weaponry
			{State
				{Mounted "mauzer"}
				{Weapon
					{Ammo "ammo rifle" 5}
				}
			}
		}
		{Breed "ger.infantry_rifle"}
		{FsmState "stand"}
	}
	{Entity "_infantry2_rus" 0x804e
		{Position 1226 5251.48 0}
		{Extender "inventory"
			{box
				{clear}
				{item "ammo rifle" 6 {cell 0 1}}
			}
		}
		{Player 2}
		{MID 78}
		{Weaponry
			{State
				{Mounted "mauzer"}
				{Weapon
					{Ammo "ammo rifle" 5}
				}
			}
		}
		{Breed "ger.infantry_rifle"}
		{FsmState "stand"}
	}
	{Entity "_infantry2_rus" 0x804f
		{Position 1252.46 5157.3 0}
		{Extender "inventory"
			{box
				{clear}
				{item "ammo pistol" 41 {cell 0 1}}
				{item "grenade m24" {cell 2 0}}
			}
		}
		{Player 2}
		{MID 79}
		{Weaponry
			{State
				{Mounted "mp41"}
				{Weapon
					{Ammo "ammo pistol" 32}
				}
			}
		}
		{Breed "ger.infantry_smg"}
		{FsmState "stand"}
	}
	{Entity "_infantry2_rus" 0x8051
		{Position 1198.69 5199.3 0}
		{Extender "inventory"
			{box
				{clear}
				{item "ammo pistol" 40 {cell 0 1}}
				{item "grenade m24" {cell 2 0}}
			}
		}
		{Player 2}
		{MID 81}
		{Weaponry
			{State
				{Mounted "mp40"}
				{Weapon
					{Ammo "ammo pistol" 32}
				}
			}
		}
		{Breed "ger.infantry_smg"}
		{FsmState "stand"}
	}
	{Entity "_infantry2_rus" 0x802a
		{Position 1270.56 5252.76 0}
		{Extender "inventory"
			{box
				{clear}
				{item "mp40" {cell 0 0}}
				{item "ammo pistol" 41 {cell 4 0}}
				{item "grenade m24" {cell 6 0}}
			}
		}
		{Player 2}
		{MID 31}
		{Breed "ger.infantry_smg"}
		{FsmState "stand"}
	}
	{Entity "_infantry2_rus" 0x802b
		{Position 1241.69 5223.01 0}
		{Extender "inventory"
			{box
				{clear}
				{item "ammo pistol" 40 {cell 4 0}}
				{item "grenade m24" {cell 6 0}}
				{item "sg44" {cell 0 0}}
			}
		}
		{Player 2}
		{MID 32}
		{Breed "ger.infantry_smg"}
		{FsmState "stand"}
	}
	{Entity "_infantry2_rus" 0x802c
		{Position 1195.08 5261.52 1}
		{Extender "inventory"
			{box
				{clear}
				{item "mp40" {cell 0 0}}
				{item "ammo pistol" 60 {cell 4 0}}
				{item "grenade m24" {cell 6 0}}
			}
		}
		{Player 2}
		{MID 43}
		{Breed "ger.infantry_ss"}
		{FsmState "stand"}
	}
	{Entity "pz-4g" 0x8052
		{Position 1372.16 5163.02 0}
		{Turn -107.76}
		{Placer
			{State "seat1" {Broken}}
		}
		{Player 2}
		{MID 82}
		{Weaponry
			{State "gun"
				{Weapon
					{Ammo "bullet75 fg" 1}
				}
			}
			{State "mgun"
				{Weapon
					{Ammo "ammo mgun" 100}
				}
			}
		}
	}
	{Entity "_infantry2_rus" 0x8053
		{Position 1372.16 5163.02 0}
		{Orientation
			 -0.305031  -0.952343   0.000000
			 -0.952343   0.305031   0.000000
			  0.000000   0.000000   1.000000
		}
		{Extender "inventory"
			{box
				{clear}
				{item "mp41" {cell 0 0}}
				{item "ammo pistol" 60 {cell 4 0}}
			}
		}
		{Player 2}
		{MID 83}
		{Breed "ger.tankman"}
		{FsmState "board"}
	}
	{Entity "_infantry2_rus" 0x8054
		{Position 1372.16 5163.02 0}
		{Orientation
			 -0.305031  -0.952343   0.000000
			 -0.952343   0.305031   0.000000
			  0.000000   0.000000   1.000000
		}
		{Extender "inventory"
			{box
				{clear}
				{item "mp41" {cell 0 0}}
				{item "ammo pistol" 60 {cell 4 0}}
			}
		}
		{Player 2}
		{MID 84}
		{Breed "ger.tankman"}
		{FsmState "board"}
	}
	{Entity "_infantry2_rus" 0x805a
		{Position 1372.16 5163.02 0}
		{Orientation
			 -0.305031  -0.952343   0.000000
			 -0.952343   0.305031   0.000000
			  0.000000   0.000000   1.000000
		}
		{Extender "inventory"
			{box
				{clear}
				{item "mp41" {cell 0 0}}
				{item "ammo pistol" 60 {cell 4 0}}
			}
		}
		{Player 2}
		{MID 90}
		{Breed "ger.tankman"}
		{FsmState "board"}
	}
	{Entity "_infantry2_rus" 0x805b
		{Position 1372.16 5163.02 0}
		{Orientation
			 -0.305031  -0.952343   0.000000
			 -0.952343   0.305031   0.000000
			  0.000000   0.000000   1.000000
		}
		{Extender "inventory"
			{box
				{clear}
				{item "mp41" {cell 0 0}}
				{item "ammo pistol" 60 {cell 4 0}}
			}
		}
		{Player 2}
		{MID 91}
		{Breed "ger.tankman"}
		{FsmState "board"}
	}
	{Entity "_infantry2_rus" 0x805c
		{Position 1364.86 5215.13 27.688}
		{Orientation
			 -0.937867   0.300394   0.173600
			 -0.305031  -0.952343   0.000000
			  0.165327  -0.052953   0.984800
		}
		{Extender "inventory"
			{box
				{clear}
				{item "mp40" {cell 0 0}}
				{item "ammo pistol" 42 {cell 4 0}}
				{item "grenade m39" {cell 6 0}}
			}
		}
		{DisableObstacles}
		{Player 2}
		{MID 92}
		{Breed "ger.infantry_smg"}
		{FsmState "board"}
	}
	{Entity "_infantry2_rus" 0x805d
		{Position 1406.9 5201.25 27.688}
		{Orientation
			  0.937867  -0.300394   0.173600
			  0.305031   0.952343   0.000000
			 -0.165327   0.052953   0.984800
		}
		{Extender "inventory"
			{box
				{clear}
				{item "mp40" {cell 0 0}}
				{item "ammo pistol" 43 {cell 4 0}}
				{item "grenade m24" {cell 6 0}}
			}
		}
		{DisableObstacles}
		{Player 2}
		{MID 93}
		{Breed "ger.infantry_smg"}
		{FsmState "board"}
	}
	{Entity "_infantry2_rus" 0x805f
		{Position 1401.93 5185.75 27.688}
		{Orientation
			  0.807195  -0.566413   0.166000
			  0.566646   0.822347   0.050900
			 -0.165327   0.052953   0.984800
		}
		{Extender "inventory"
			{box
				{clear}
				{item "ammo pistol" 40 {cell 4 0}}
				{item "grenade m24" {cell 6 0}}
				{item "mp41" {cell 0 0}}
			}
		}
		{DisableObstacles}
		{Player 2}
		{MID 95}
		{Breed "ger.infantry_smg"}
		{FsmState "board"}
	}
	{Entity "panzerflak" 0x8060
		{Position 1188.3 5084.6 0}
		{Turn -110.762}
		{Player 2}
		{MID 96}
		{Weaponry
			{State
				{Weapon
					{Ammo "bullet20 zenite" 48}
				}
			}
		}
	}
	{Entity "_infantry2_rus" 0x803b
		{Position 1188.3 5084.6 0}
		{Orientation
			 -0.354487  -0.935061   0.000000
			 -0.935061   0.354487   0.000000
			  0.000000   0.000000   1.000000
		}
		{Extender "vitality"
			{Health
				{Max 500}
				{Current 500}
			}
		}
		{Extender "inventory"
			{box
				{clear}
				{item "mp41" {cell 0 0}}
				{item "ammo pistol" 60 {cell 4 0}}
			}
		}
		{Player 2}
		{MID 46}
		{Breed "ger.tankman"}
		{FsmState "board"}
	}
	{Entity "_infantry2_rus" 0x8047
		{Position 1195.71 5082.86 21.978}
		{Orientation
			 -0.290396  -0.766002   0.573600
			  0.935061  -0.354487   0.000000
			  0.203334   0.536351   0.819200
		}
		{Extender "vitality"
			{Health
				{Max 300}
				{Current 300}
			}
		}
		{Extender "inventory"
			{box
				{clear}
				{item "mp41" {cell 0 0}}
				{item "ammo pistol" 61 {cell 4 0}}
			}
		}
		{DisableObstacles}
		{Player 2}
		{MID 97}
		{Breed "ger.tankman"}
		{FsmState "board"}
	}
	{Entity "_infantry2_rus" 0x8049
		{Position 1188.3 5084.6 0}
		{Orientation
			 -0.354487  -0.935061   0.000000
			 -0.935061   0.354487   0.000000
			  0.000000   0.000000   1.000000
		}
		{Extender "vitality"
			{Health
				{Max 300}
				{Current 300}
			}
		}
		{Extender "inventory"
			{box
				{clear}
				{item "mp41" {cell 0 0}}
				{item "ammo pistol" 60 {cell 4 0}}
			}
		}
		{Player 2}
		{MID 98}
		{Breed "ger.tankman"}
		{FsmState "board"}
	}
	{Entity "_infantry2_rus" 0x804a
		{Position 1178.28 5087.44 21.978}
		{Orientation
			  0.374877  -0.728283   0.573600
			  0.889069   0.457656   0.000000
			 -0.262564   0.509994   0.819200
		}
		{Extender "vitality"
			{Health
				{Max 350}
				{Current 350}
			}
		}
		{Extender "inventory"
			{box
				{clear}
				{item "mp41" {cell 0 0}}
				{item "ammo pistol" 60 {cell 4 0}}
			}
		}
		{DisableObstacles}
		{Player 2}
		{MID 99}
		{Breed "ger.tankman"}
		{FsmState "board"}
	}
	{Entity "_infantry2_rus" 0x8061
		{Position 2447.13 4765.01 6.9704}
		{Orientation
			  0.064003  -0.904037   0.422600
			  0.997503   0.070620   0.000000
			 -0.029844   0.421545   0.906300
		}
		{Extender "vitality"
			{Health
				{Max 150}
				{Current 150}
			}
		}
		{Extender "inventory"
			{box
				{clear}
				{item "mg42" {cell 0 0}}
				{item "ammo mgun" 70 {cell 6 0}}
			}
		}
		{DisableObstacles}
		{Player 2}
		{MID 71}
		{Breed "ger.infantry_smg"}
		{FsmState "board"}
	}
	{Entity "_infantry2_rus" 0x8062
		{Position 2434.55 4764.12 6.9704}
		{Orientation
			  0.064003  -0.904037   0.422600
			  0.997503   0.070620   0.000000
			 -0.029844   0.421545   0.906300
		}
		{Extender "vitality"
			{Health
				{Max 150}
				{Current 150}
			}
		}
		{Extender "inventory"
			{box
				{clear}
				{item "g41" {cell 3 0}}
				{item "ammo rifle" 3 {cell 0 0}}
				{item "grenade m39" {cell 1 0}}
			}
		}
		{DisableObstacles}
		{Player 2}
		{MID 73}
		{Breed "ger.infantry_smg"}
		{FsmState "board"}
	}
	{Entity "kubel" 0x8063
		{Position 2441.62 4755.21 0}
		{Turn -85.9504}
		{Extender "inventory"
			{box
				{clear}
				{item "can" {cell 0 0}}
			}
		}
		{Player 2}
		{MID 74}
	}
	{Entity "_infantry2_rus" 0x8064
		{Position 2448.26 4749.11 6.3265}
		{Orientation
			  0.064003  -0.904037   0.422600
			  0.997503   0.070620   0.000000
			 -0.029844   0.421545   0.906300
		}
		{Extender "inventory"
			{box
				{clear}
				{item "mp41" {cell 0 0}}
				{item "ammo pistol" 60 {cell 4 0}}
			}
		}
		{DisableObstacles}
		{Player 2}
		{MID 100}
		{Breed "ger.tankman"}
		{FsmState "board"}
	}
	{Entity "_infantry2_rus" 0x8065
		{Position 2435.29 4750.07 6.3265}
		{Orientation
			  0.068212  -0.963488   0.258800
			  0.997503   0.070620   0.000000
			 -0.018276   0.258154   0.965900
		}
		{Extender "inventory"
			{box
				{clear}
				{item "mp41" {cell 0 0}}
				{item "ammo pistol" 60 {cell 4 0}}
			}
		}
		{DisableObstacles}
		{Player 2}
		{MID 101}
		{Breed "ger.tankman"}
		{FsmState "board"}
	}
	{Entity "mk-ii" 0x8066
		{Position 5985.17 -3663.61 14.5943}
		{Turn 135.98}
		{Player 1}
		{MID 1}
	}
	{Entity "_infantry2_rus" 0x8067
		{Position 5952.86 -3632.38 35.8419}
		{Orientation
			 -0.662623   0.640334   0.388422
			 -0.694909  -0.719097  -0.000000
			  0.279313  -0.269918   0.921464
		}
		{Extender "inventory"
			{box
				{clear}
				{item "thompson" {cell 0 0}}
				{item "ammo pistol" 100 {cell 4 0}}
				{item "ammo pistol" 23 {cell 6 0}}
				{item "grenade f1" {cell 0 2}}
			}
		}
		{DisableObstacles}
		{Player 1}
		{MID 8}
		{Breed "usa.infantry_smg"}
		{FsmState "board"}
	}
	{Entity "boxes1" 0x800a
		{Position 2613.14 263.175 0}
		{Turn 166.882}
		{Extender "inventory"
			{box
				{clear}
				{item "ammo rifle" 50 {cell 0 1}}
				{item "ammo rifle" 10 {cell 1 0}}
				{item "ammo rifle" 10 {cell 2 0}}
				{item "ammo rifle" 10 {cell 1 2}}
				{item "ammo rifle" 10 {cell 3 2}}
				{item "ammo rifle" 10 {cell 4 0}}
				{item "ammo rifle" 10 {cell 6 0}}
				{item "ammo rifle" 10 {cell 7 1}}
				{item "mine antipersonnel" {cell 4 4}}
				{item "mine antipersonnel" {cell 2 3}}
				{item "mine antipersonnel" {cell 4 3}}
				{item "mine antipersonnel" {cell 6 3}}
