;Exported by: ubrashaev
;Date:        Tue Sep 28 19:11:30 2004
;File:        D:\-Projects-\-work-\3d\construction\oldfarm\oldfarm_x.max
{Skeleton
	{animation
		{sequence "crush" {speed 0.6}}
	}
	{bone "oldfarm_corner6"
		{parameters "CommonMesh;"}
		{Orientation
			1.0000	0.0000	0.0000
			0.0000	-1.0000	0.0000
			0.0000	0.0000	1.0000
		}
		{VolumeView "oldfarm_corner6.ply"}
		{bone "piece8"
			{Position 1.4608	-67.5498	28.4295}
			{VolumeView "piece8.ply"}
		}
		{bone "piece1"
			{Matrix34
				-0.0000	-1.0000	-0.0000
				-1.0000	0.0000	0.0000
				-0.0000	0.0000	-1.0000
				64.6692	42.9379	44.4041
			}
			{VolumeView "piece1.ply"}
		}
		{bone "piece2"
			{Matrix34
				-0.0000	-0.9659	0.2588
				-1.0000	0.0000	0.0000
				-0.0000	-0.2588	-0.9659
				64.6692	37.4714	15.1864
			}
			{VolumeView "piece2.ply"}
		}
		{bone "piece6"
			{Matrix34
				-1.0000	0.0000	-0.0000
				-0.0000	-1.0000	0.0000
				-0.0000	0.0000	1.0000
				33.6958	-70.2137	18.8578
			}
			{VolumeView "piece6.ply"}
		}
		{bone "piece7"
			{Matrix34
				-1.0000	0.0000	-0.0000
				-0.0000	-1.0000	0.0000
				-0.0000	0.0000	1.0000
				36.8896	-67.6062	47.8247
			}
			{VolumeView "piece7.ply"}
		}
		{bone "piece9"
			{Matrix34
				0.0000	1.0000	-0.0000
				-1.0000	0.0000	0.0000
				0.0000	0.0000	1.0000
				68.0442	12.5953	47.8247
			}
			{VolumeView "piece9.ply"}
		}
		{bone "piece3"
			{Matrix34
				0.0000	-1.0000	0.0000
				1.0000	0.0000	0.0000
				0.0000	0.0000	1.0000
				65.9096	3.9101	17.7192
			}
			{VolumeView "piece3.ply"}
		}
		{bone "piece4"
			{Matrix34
				0.0000	-1.0000	0.0000
				1.0000	0.0000	0.0000
				0.0000	0.0000	1.0000
				65.9096	-23.4226	43.9209
			}
			{VolumeView "piece4.ply"}
		}
		{bone "piece5"
			{Matrix34
				0.0000	-1.0000	0.0000
				1.0000	0.0000	0.0000
				0.0000	0.0000	1.0000
				65.9096	-55.4678	25.1650
			}
			{VolumeView "piece5.ply"}
		}
		{bone "exterior"
			{Position 21.6801	-96.8799	57.7410}
		}
	}
}
{Volume "piece5"
	{Box 5.25 26.025 24.825}
	{Bone "piece5"}
	{Matrix34
		-0.0000	1.0000	-0.0000
		-0.8192	-0.0000	0.5736
		0.5736	0.0000	0.8192
		3.2750	-0.4369	0.5456
	}
}
{Volume "piece4"
	{Box 5.25 19.5188 34.2238}
	{Bone "piece4"}
	{Matrix34
		-0.0000	1.0000	-0.0000
		-0.7071	-0.0000	-0.7071
		-0.7071	-0.0000	0.7071
		-0.1695	-0.4369	-0.7990
	}
}
{Volume "piece3"
	{Box 5.25 19.5188 30.2866}
	{Bone "piece3"}
	{Matrix34
		-0.0000	1.0000	0.0000
		-0.7660	-0.0000	0.6428
		0.6428	0.0000	0.7660
		3.2360	-0.4369	-1.4258
	}
}
{Volume "piece9"
	{Box 6.36848 14.1839 23.4682}
	{Bone "piece9"}
	{Matrix34
		-0.0000	1.0000	-0.0000
		-0.9063	-0.0000	-0.4226
		-0.4226	-0.0000	0.9063
		2.7934	3.7430	-3.7324
	}
}
{Volume "piece7"
	{Box 6.36848 14.1839 23.4682}
	{Bone "piece7"}
	{Matrix34
		-0.0000	1.0000	-0.0000
		-0.9063	-0.0000	-0.4226
		-0.4226	-0.0000	0.9063
		2.7934	3.7430	-3.7324
	}
}
{Volume "piece6"
	{Box 6.14249 36.3617 17.3278}
	{Bone "piece6"}
	{Matrix34
		-0.0000	1.0000	-0.0000
		-1.0000	-0.0000	-0.0000
		0.0000	0.0000	1.0000
		1.0663	-0.0000	-0.0000
	}
}
{Volume "piece2"
	{Box 6.74999 32.6409 18.0509}
	{Bone "piece2"}
	{Matrix34
		0.0000	1.0000	0.0000
		-0.9397	0.0000	-0.3420
		-0.3420	0.0000	0.9397
		-0.4567	0.0000	-0.9353
	}
}
{Volume "piece1"
	{Box 6.74999 20.5033 25.6362}
	{Bone "piece1"}
	{Matrix34
		-0.0000	1.0000	0.0000
		-0.7660	0.0000	-0.6428
		-0.6428	-0.0000	0.7660
		0.1155	0.0000	-0.3366
	}
}
{Volume "piece8"
	{Box 17.7946 10 26.0983}
	{Bone "piece8"}
	{Position -3.9141	0.0000	-0.4610}
}
