;Exported by: shevchenko
;Date:        Mon Apr 19 11:39:06 2004
;File:        D:\-Projects-\-3DWork-\sheva\wall3a_x1_next_x.max
{Skeleton
	{animation
		{sequence "crush" {speed 0.8}}
	}
	{bone "house_euro1_corner2_x"
		{parameters "CommonMesh;"}
		{Orientation
			1.0000	0.0000	0.0000
			0.0000	-1.0000	0.0000
			0.0000	0.0000	1.0000
		}
		{VolumeView "house_euro1_corner2_x.ply"}
		{bone "piece0"
			{Matrix34
				-0.0000	-1.0000	0.0000
				-0.0000	0.0000	1.0000
				-1.0000	0.0000	-0.0000
				-35.6970	21.9621	185.0181
			}
			{VolumeView "piece0.ply"}
		}
		{bone "piece1"
			{Matrix34
				-0.0000	-1.0000	0.0000
				-0.0000	0.0000	1.0000
				-1.0000	0.0000	-0.0000
				-35.6970	-23.0144	116.3768
			}
			{VolumeView "piece1.ply"}
		}
		{bone "piece2"
			{Matrix34
				-0.0000	-1.0000	0.0000
				-0.0000	0.0000	1.0000
				-1.0000	0.0000	-0.0000
				-35.6970	18.7304	78.8430
			}
			{VolumeView "piece2.ply"}
		}
		{bone "piece3"
			{Matrix34
				-0.0000	-1.0000	0.0000
				-0.0000	0.0000	1.0000
				-1.0000	0.0000	-0.0000
				-35.6970	-23.2904	46.5915
			}
			{VolumeView "piece3.ply"}
		}
		{bone "piece4"
			{Matrix34
				1.0000	0.0000	0.0000
				0.0000	-0.0000	1.0000
				0.0000	-1.0000	-0.0000
				-30.1268	-46.4219	45.2415
			}
			{VolumeView "piece4.ply"}
		}
		{bone "piece5"
			{Matrix34
				1.0000	0.0000	0.0000
				0.0000	-0.0000	1.0000
				0.0000	-1.0000	-0.0000
				9.1314	-46.4219	75.1065
			}
			{VolumeView "piece5.ply"}
		}
		{bone "piece6"
			{Matrix34
				1.0000	0.0000	0.0000
				0.0000	-0.0000	1.0000
				0.0000	-1.0000	-0.0000
				-23.3830	-46.4219	105.6971
			}
			{VolumeView "piece6.ply"}
		}
		{bone "sub_piece0"
			{Matrix34
				-0.0000	-1.0000	0.0000
				-0.0000	0.0000	1.0000
				-1.0000	0.0000	-0.0000
				-35.6970	24.8977	152.0235
			}
			{VolumeView "sub_piece0.ply"}
		}
		{bone "sub_piece1"
			{Matrix34
				-0.0000	-1.0000	0.0000
				-0.0000	0.0000	1.0000
				-1.0000	0.0000	-0.0000
				-35.6970	-8.6875	154.4597
			}
			{VolumeView "sub_piece1.ply"}
		}
		{bone "sub_piece2"
			{Matrix34
				-0.0000	-1.0000	0.0000
				-0.0000	0.0000	1.0000
				-1.0000	0.0000	-0.0000
				-35.6970	14.9581	118.1102
			}
			{VolumeView "sub_piece2.ply"}
		}
		{bone "sub_piece3"
			{Matrix34
				-0.0000	-1.0000	0.0000
				-0.0000	0.0000	1.0000
				-1.0000	0.0000	-0.0000
				-35.6970	-20.4700	71.6482
			}
			{VolumeView "sub_piece3.ply"}
		}
		{bone "sub_piece4"
			{Matrix34
				-0.0000	-1.0000	0.0000
				-0.0000	0.0000	1.0000
				-1.0000	0.0000	-0.0000
				-35.6970	-3.1568	16.5194
			}
			{VolumeView "sub_piece4.ply"}
		}
		{bone "sub_piece5"
			{Matrix34
				1.0000	0.0000	0.0000
				0.0000	-0.0000	1.0000
				0.0000	-1.0000	-0.0000
				-28.6009	-46.4219	14.0116
			}
			{VolumeView "sub_piece5.ply"}
		}
		{bone "sub_piece6"
			{Matrix34
				1.0000	0.0000	0.0000
				0.0000	-0.0000	1.0000
				0.0000	-1.0000	-0.0000
				-28.5969	-46.4219	74.4578
			}
			{VolumeView "sub_piece6.ply"}
		}
		{bone "sub_piece7"
			{Matrix34
				1.0000	0.0000	0.0000
				0.0000	-0.0000	1.0000
				0.0000	-1.0000	-0.0000
				18.8455	-46.4219	104.7307
			}
			{VolumeView "sub_piece7.ply"}
		}
	}
}
{Volume "sub_piece7"
	{Box 19.2212 9.84252 32.4541}
	{Bone "sub_piece7"}
	{Matrix34
		1.0000	0.0000	0.0000
		0.0000	-0.0000	-1.0000
		0.0000	1.0000	-0.0000
		-0.2474	-3.8456	-0.0587
	}
}
{Volume "sub_piece6"
	{Box 15.9395 9.84252 14.2481}
	{Bone "sub_piece6"}
	{Matrix34
		0.9791	-0.2036	-0.0000
		-0.0000	-0.0000	-1.0000
		0.2036	0.9791	-0.0000
		-0.6713	-1.0873	-0.0587
	}
}
{Volume "sub_piece5"
	{Box 10.7826 9.84252 13.4566}
	{Bone "sub_piece5"}
	{Matrix34
		1.0000	0.0000	0.0000
		0.0000	-0.0000	-1.0000
		0.0000	1.0000	-0.0000
		0.3643	-0.0254	-0.0587
	}
}
{Volume "sub_piece4"
	{Box 9.84252 15.3126 13.4426}
	{Bone "sub_piece4"}
	{Matrix34
		0.0000	0.0000	-1.0000
		-0.9702	0.2421	-0.0000
		0.2421	0.9702	0.0000
		-0.8710	-0.9034	-0.0731
	}
}
{Volume "sub_piece3"
	{Box 9.84252 13.672 15.603}
	{Bone "sub_piece3"}
	{Matrix34
		0.0000	0.0000	-1.0000
		-0.8562	-0.5166	-0.0000
		-0.5166	0.8562	0.0000
		-0.3807	0.5646	-0.0731
	}
}
{Volume "sub_piece2"
	{Box 9.84252 17.5058 18.4908}
	{Bone "sub_piece2"}
	{Matrix34
		0.0000	0.0000	-1.0000
		-0.2494	-0.9684	-0.0000
		-0.9684	0.2494	-0.0000
		0.7715	0.1563	-0.0731
	}
}
{Volume "sub_piece1"
	{Box 9.84252 20.7815 14.1627}
	{Bone "sub_piece1"}
	{Matrix34
		0.0000	0.0000	-1.0000
		-0.7419	-0.6705	-0.0000
		-0.6705	0.7419	0.0000
		-3.5331	-0.4154	-0.0731
	}
}
{Volume "sub_piece0"
	{Box 9.84252 13.672 9.8419}
	{Bone "sub_piece0"}
	{Matrix34
		0.0000	0.0000	-1.0000
		-0.9142	-0.4052	-0.0000
		-0.4052	0.9142	0.0000
		-0.6640	0.6433	-0.0731
	}
}
{Volume "piece6"
	{Box 18.7524 9.84252 38.7866}
	{Bone "piece6"}
	{Matrix34
		0.9907	0.1357	0.0000
		0.0000	-0.0000	-1.0000
		-0.1357	0.9907	-0.0000
		0.3525	-1.2725	-0.0587
	}
}
{Volume "piece5"
	{Box 47.8186 9.84252 18.9975}
	{Bone "piece5"}
	{Matrix34
		1.0000	0.0000	0.0000
		0.0000	-0.0000	-1.0000
		0.0000	1.0000	-0.0000
		0.7017	0.1558	-0.0587
	}
}
{Volume "piece4"
	{Box 14.5331 9.84252 36.4119}
	{Bone "piece4"}
	{Matrix34
		0.9981	0.0616	0.0000
		0.0000	-0.0000	-1.0000
		-0.0616	0.9981	-0.0000
		0.1463	-0.3868	-0.0587
	}
}
{Volume "piece3"
	{Box 9.84252 26.2503 25.685}
	{Bone "piece3"}
	{Matrix34
		0.0000	0.0000	-1.0000
		-0.9946	-0.1036	-0.0000
		-0.1036	0.9946	0.0000
		-0.2822	-4.2117	-0.0731
	}
}
{Volume "piece2"
	{Box 9.84252 25.6258 25.7362}
	{Bone "piece2"}
	{Matrix34
		0.0000	0.0000	-1.0000
		-0.9968	-0.0800	-0.0000
		-0.0800	0.9968	0.0000
		-0.1811	-1.1162	-0.0731
	}
}
{Volume "piece1"
	{Box 9.84252 25.5065 39.6941}
	{Bone "piece1"}
	{Matrix34
		0.0000	0.0000	-1.0000
		-1.0000	-0.0000	-0.0000
		-0.0000	1.0000	0.0000
		-0.8616	-0.7579	-0.0731
	}
}
{Volume "piece0"
	{Box 9.84252 30.0784 24.0046}
	{Bone "piece0"}
	{Matrix34
		0.0000	0.0000	-1.0000
		-0.6602	-0.7511	-0.0000
		-0.7511	0.6602	-0.0000
		0.5112	-1.9655	-0.0731
	}
}
