;Exported by: sk
;Date:        Fri Mar 12 19:32:19 2004
;File:        D:\-Projects-\-3DWork-\Constructions\Aerodrome\barrels.max
{Skeleton
	{bone "coil"
		{Orientation
			1.0000	0.0000	0.0000
			0.0000	-1.0000	0.0000
			0.0000	0.0000	1.0000
		}
		{VolumeView "coil.ply"}
	}
}
{Volume "fire2"
	{Cylinder 20.7018 4.09581}
	{Bone "coil"}
	{Matrix34
		-0.1330	0.0005	0.9911
		0.9911	-0.0041	0.1330
		0.0041	1.0000	-0.0000
		0.0760	-11.0333	19.3383
	}
}
{Volume "fire1"
	{Cylinder 20.7018 4.09581}
	{Bone "coil"}
	{Matrix34
		-0.1330	0.0005	0.9911
		0.9911	-0.0041	0.1330
		0.0041	1.0000	-0.0000
		0.1685	11.5913	19.3383
	}
}
{Volume "fire0"
	{Cylinder 14.9142 20.3441}
	{Bone "coil"}
	{Matrix34
		-0.1330	0.0005	0.9911
		0.9911	-0.0041	0.1330
		0.0041	1.0000	-0.0000
		0.1206	-0.1207	19.3383
	}
}
{Volume "body"
	{Cylinder 19.046 23.9585}
	{Bone "coil"}
	{Matrix34
		-0.1330	0.0005	-0.9911
		0.9911	-0.0041	-0.1330
		-0.0041	-1.0000	0.0000
		0.1211	-0.0023	19.3383
	}
}
