;Exported by: ubrashaev
;Date:        Mon Apr 19 11:49:21 2004
;File:        D:\-Projects-\-work-\3d\construction\city\Административное здание_x.max
{Skeleton
	{animation
		{sequence "crush" {speed 0.4}}
	}
	{bone "office_block_c1_x"
		{parameters "CommonMesh;"}
		{Orientation
			1.0000	0.0000	0.0000
			0.0000	-1.0000	0.0000
			0.0000	0.0000	1.0000
		}
		{VolumeView "office_block_c1_x.ply"}
		{bone "Piece4"
			{Matrix34
				1.0000	0.0000	-0.0000
				0.0000	-0.0000	-1.0000
				-0.0000	1.0000	-0.0000
				-1.5598	-54.3291	122.5782
			}
			{VolumeView "Piece4.ply"}
		}
		{bone "Piece8"
			{Matrix34
				-0.0000	-1.0000	0.0000
				0.0000	-0.0000	-1.0000
				1.0000	-0.0000	0.0000
				-52.0537	-44.5474	183.9666
			}
			{VolumeView "Piece8.ply"}
		}
		{bone "Piece0"
			{Matrix34
				1.0000	0.0000	-0.0000
				0.0000	-0.0000	-1.0000
				-0.0000	1.0000	-0.0000
				-83.0191	-54.3291	117.7330
			}
			{VolumeView "Piece0.ply"}
		}
		{bone "Piece5"
			{Matrix34
				-0.0000	-1.0000	0.0000
				0.0000	-0.0000	-1.0000
				1.0000	-0.0000	0.0000
				-52.0538	-5.9762	185.5789
			}
			{VolumeView "Piece5.ply"}
		}
		{bone "Piece9"
			{Matrix34
				1.0000	0.0000	-0.0000
				0.0000	-0.0000	-1.0000
				-0.0000	1.0000	-0.0000
				-37.2929	-54.3291	117.4302
			}
			{VolumeView "Piece9.ply"}
		}
		{bone "Piece1"
			{Matrix34
				-0.0000	1.0000	-0.0000
				0.0000	-0.0000	-1.0000
				-1.0000	-0.0000	-0.0000
				-56.8825	-54.5862	65.8239
			}
			{VolumeView "Piece1.ply"}
		}
		{bone "Piece3"
			{Matrix34
				-0.0000	-1.0000	0.0000
				0.0000	-0.0000	-1.0000
				1.0000	-0.0000	0.0000
				-52.0538	-43.4312	159.1622
			}
			{VolumeView "Piece3.ply"}
		}
		{bone "Piece7"
			{Matrix34
				1.0000	0.0000	-0.0000
				0.0000	-0.0000	-1.0000
				-0.0000	1.0000	-0.0000
				-90.4313	-47.7893	98.1198
			}
			{VolumeView "Piece7.ply"}
		}
		{bone "Piece6"
			{Matrix34
				-1.0000	-0.0000	-0.0000
				-0.0000	0.0000	-1.0000
				0.0000	-1.0000	-0.0000
				-90.4313	12.1747	71.9739
			}
			{VolumeView "Piece6.ply"}
		}
		{bone "Piece10"
			{Matrix34
				1.0000	0.0000	-0.0000
				0.0000	-0.0000	-1.0000
				-0.0000	1.0000	-0.0000
				12.5719	-52.5228	79.7792
			}
			{VolumeView "Piece10.ply"}
		}
		{bone "Piece2"
			{Matrix34
				1.0000	0.0000	-0.0000
				0.0000	-0.0000	-1.0000
				-0.0000	1.0000	-0.0000
				-80.6975	-54.3291	93.1034
			}
			{VolumeView "Piece2.ply"}
		}
		{bone "Piece11"
			{Matrix34
				1.0000	0.0000	-0.0000
				0.0000	-0.0000	-1.0000
				-0.0000	1.0000	-0.0000
				-5.5282	-54.3290	67.4645
			}
			{VolumeView "Piece11.ply"}
		}
		{bone "Sub_piece5"
			{Matrix34
				-0.0000	1.0000	0.0000
				-0.3420	0.0000	-0.9397
				-0.9397	-0.0000	0.3420
				-16.5007	-54.5862	98.7605
			}
			{VolumeView "Sub_piece5.ply"}
		}
		{bone "Sub_piece0"
			{Matrix34
				1.0000	0.0000	-0.0000
				0.0000	-0.0000	-1.0000
				-0.0000	1.0000	-0.0000
				-90.4313	-24.6478	97.7590
			}
			{VolumeView "Sub_piece0.ply"}
		}
		{bone "Sub_piece2"
			{Matrix34
				1.0000	0.0000	0.0000
				-0.0000	0.5000	-0.8660
				-0.0000	0.8660	0.5000
				-90.4313	7.7994	174.5860
			}
			{VolumeView "Sub_piece2.ply"}
		}
		{bone "Sub_piece1"
			{Matrix34
				1.0000	0.0000	-0.0000
				0.0000	-0.0000	-1.0000
				-0.0000	1.0000	-0.0000
				-90.4313	-38.4476	136.2311
			}
			{VolumeView "Sub_piece1.ply"}
		}
		{bone "Sub_piece3"
			{Matrix34
				1.0000	0.0000	-0.0000
				0.0000	-0.0000	-1.0000
				-0.0000	1.0000	-0.0000
				-90.4313	25.8118	97.7590
			}
			{VolumeView "Sub_piece3.ply"}
		}
		{bone "Sub_piece4"
			{Matrix34
				-1.0000	-0.0000	0.0000
				-0.0000	0.3420	-0.9397
				0.0000	-0.9397	-0.3420
				-90.4314	36.5295	178.5322
			}
			{VolumeView "Sub_piece4.ply"}
		}
		{bone "Piece12"
			{Matrix34
				1.0000	0.0000	-0.0000
				0.0000	-0.0000	-1.0000
				-0.0000	1.0000	-0.0000
				-90.4313	35.4048	138.2647
			}
			{VolumeView "Piece12.ply"}
		}
	}
}
{Volume "Piece12"
	{Box 9.84253 26.665 17.1152}
	{Bone "Piece12"}
	{Position -0.0000	-0.0000	-0.0000}
}
{Volume "Sub_piece4"
	{Box 9.84253 21.332 19.0996}
	{Bone "Sub_piece4"}
	{Position -0.0000	-0.0000	-0.0000}
}
{Volume "Sub_piece3"
	{Box 10.2362 35.1234 17.8593}
	{Bone "Sub_piece3"}
	{Position -0.0251	0.0000	-2.2324}
}
{Volume "Sub_piece1"
	{Box 9.84253 18.7722 19.0996}
	{Bone "Sub_piece1"}
	{Position -0.0000	-1.5987	0.0000}
}
{Volume "Sub_piece2"
	{Box 9.84253 31.0058 17.1152}
	{Bone "Sub_piece2"}
	{Position 0.0000	0.0000	0.0000}
}
{Volume "Sub_piece0"
	{Box 10.2362 36.8795 19.1988}
	{Bone "Sub_piece0"}
	{Position -0.0252	0.0000	-1.5627}
}
{Volume "Sub_piece5"
	{Box 9.84252 20.4762 20.2406}
	{Bone "Sub_piece5"}
	{Matrix34
		1.0000	-0.0000	-0.0000
		-0.0000	0.6428	-0.7660
		0.0000	0.7660	0.6428
		0.0000	-0.1732	-3.7547
	}
}
{Volume "Piece11"
	{Box 31.3537 15.9729 11.332}
	{Bone "Piece11"}
	{Position 0.2435	-0.0000	-4.0953}
}
{Volume "Piece2"
	{Box 29.6766 21.8032 9.84252}
	{Bone "Piece2"}
	{Position -0.0000	-0.0000	0.0000}
}
{Volume "Piece10"
	{Box 19.5035 17.56 13.8382}
	{Bone "Piece10"}
	{Position -2.1210	0.0991	-0.1916}
}
{Volume "Piece6"
	{Box 13.3054 20.7913 20.955}
	{Bone "Piece6"}
	{Matrix34
		1.0000	0.0000	0.0000
		-0.0000	0.7071	-0.7071
		0.0000	0.7071	0.7071
		-1.7314	-1.0103	-1.0103
	}
}
{Volume "Piece7"
	{Box 9.84253 31.0058 17.1152}
	{Bone "Piece7"}
	{Position -0.0000	0.0000	0.0000}
}
{Volume "Piece3"
	{Box 19.5411 19.8685 12.5}
	{Bone "Piece3"}
	{Matrix34
		0.3420	-0.9397	-0.0000
		0.9397	0.3420	0.0000
		0.0000	0.0000	1.0000
		0.0000	-0.0000	-0.0000
	}
}
{Volume "Piece1"
	{Box 9.84252 20.6622 18.1074}
	{Bone "Piece1"}
	{Matrix34
		1.0000	0.0000	0.0000
		0.0000	0.9063	0.4226
		0.0000	-0.4226	0.9063
		0.0000	-2.5605	1.3233
	}
}
{Volume "Piece9"
	{Box 17.9271 22.4089 13.5232}
	{Bone "Piece9"}
	{Position -0.0000	0.0000	-1.8404}
}
{Volume "Piece5"
	{Box 26.412 23.0183 12.5}
	{Bone "Piece5"}
	{Position 0.0000	0.2125	-0.0000}
}
{Volume "Piece0"
	{Box 24.6296 18.5731 9.84252}
	{Bone "Piece0"}
	{Position -0.0000	-0.0000	0.0000}
}
{Volume "Piece8"
	{Box 23.3164 25.06 12.5}
	{Bone "Piece8"}
	{Position 0.0000	-0.2160	0.0000}
}
{Volume "Piece4"
	{Box 34.118 10.0941 10.3976}
	{Bone "Piece4"}
	{Position 0.0000	-0.0000	-0.1055}
}
