;Exported by: ubrashaev
;Date:        Mon Oct 20 19:40:11 2003
;File:        D:\-Projects-\-work-\3d\hous_arrow_light(obstacle).max
{Skeleton
	{bone "hous_arrow"
		{Orientation
			1.0000	0.0000	0.0000
			0.0000	-1.0000	0.0000
			0.0000	0.0000	1.0000
		}
		{VolumeView "hous_arrow.ply"}
		{bone "door"
			{Matrix34
				0.1736	-0.9848	0.0000
				-0.0000	-0.0000	-1.0000
				0.9848	0.1736	-0.0000
				10.8318	7.2779	19.6671
			}
			{VolumeView "door.ply"}
		}
		{bone "window1"
			{Matrix34
				1.0000	0.0000	0.0000
				0.0000	-0.0000	-1.0000
				0.0000	1.0000	-0.0000
				-16.6712	25.8852	31.5972
			}
			{VolumeView "window1.ply"}
			{bone "FX_glass01"
				{Matrix34
					0.0000	0.0000	1.0000
					-1.0000	0.0000	-0.0000
					-0.0000	-1.0000	0.0000
					-0.1092	-0.2697	1.6744
				}
			}
		}
		{bone "FX_light1"
			{Matrix34
				0.0000	0.8192	-0.5736
				-1.0000	0.0000	0.0000
				0.0000	0.5736	0.8192
				-16.7804	23.4490	33.5226
			}
			{bone "win_light1"
				{Matrix34
					-0.0000	-1.0000	-0.0000
					0.8192	-0.0000	0.5736
					-0.5736	0.0000	0.8192
					22.6022	0.0151	-25.0973
				}
				{VolumeView "win_light1.ply"}
			}
		}
		{bone "window2"
			{Matrix34
				-0.0000	1.0000	0.0000
				0.0000	0.0000	-1.0000
				-1.0000	-0.0000	-0.0000
				-40.4362	-3.8877	31.5972
			}
			{VolumeView "window2.ply"}
			{bone "FX_glass02"
				{Matrix34
					0.0000	0.0000	1.0000
					-1.0000	0.0000	-0.0000
					-0.0000	-1.0000	0.0000
					-0.1092	-0.2697	1.6744
				}
			}
		}
		{bone "FX_light2"
			{Matrix34
				-0.8192	0.0000	-0.5736
				-0.0000	-1.0000	0.0000
				-0.5736	0.0000	0.8192
				-38.0362	-4.0162	33.5226
			}
			{bone "win_light2"
				{Matrix34
					-0.0000	-1.0000	-0.0000
					0.8192	-0.0000	0.5736
					-0.5736	0.0000	0.8192
					22.6022	0.0151	-25.0973
				}
				{VolumeView "win_light2.ply"}
			}
		}
		{bone "exterior"
			{Position 0.4562	-2.7347	78.0084}
			{VolumeView "exterior.ply"}
		}
	}
}
{Obstacle "Rectangle04"
	{Obb2
		{Center 33.4595 4.76044}
		{Extent 8.03701 36.0177}
		{Axis -1 0}
	}
	{Rotate}
}
{Obstacle "Rectangle07"
	{Obb2
		{Center 9.88769 -15.8734}
		{Extent 1.2381 9.11694}
		{Axis -0.996195 0.0871561}
	}
	{Rotate}
}
{Obstacle "Rectangle06"
	{Obb2
		{Center 40.5527 4.5473}
		{Extent 3.09028 36.0177}
		{Axis -1 0}
	}
	{Rotate}
}
{Obstacle "Rectangle05"
	{Obb2
		{Center -37.6466 4.76044}
		{Extent 10.9434 36.0177}
		{Axis -1 0}
	}
	{Rotate}
}
{Obstacle "Rectangle01"
	{Obb2
		{Center 35.0014 -28.3801}
		{Extent 8.35189 3.30341}
		{Axis -1 0}
	}
	{Rotate}
}
{Obstacle "Rectangle02"
	{Obb2
		{Center -17.2474 -21.2274}
		{Extent 24.6918 10.6113}
		{Axis -1 0}
	}
	{Rotate}
}
{Obstacle "Rectangle03"
	{Obb2
		{Center -1.37905 31.0426}
		{Extent 44.3317 11.1135}
		{Axis -1 0}
	}
	{Rotate}
}
{Area "interior2"
	{Obb2
		{Center 17.4305 -26.5133}
		{Extent 9.04205 2.80362}
		{Axis -1 0}
	}
	{Rotate}
}
{Area "interior"
	{Obb2
		{Center -1.46637 4.45459}
		{Extent 37.2052 28.0139}
		{Axis -1 0}
	}
	{Rotate}
}
{Volume "body"
	{Box 85.5185 69.7472 47.8834}
	{Bone "hous_arrow"}
		{Matrix34
			0.9986	0.0000	0.0000
			0.0000	0.9526	0.0000
			0.0000	0.0000	1.0000
			-1.5514	-4.6956	23.9417
		}
}
{Volume "hole2"
	{Box 12.3364 2.1712 19.6504}
	{Bone "hous_arrow"}
		{Matrix34
			-0.0000	1.2792	-0.0000
			-7.8753	-0.0000	0.0000
			0.0000	0.0000	1.2508
			-36.2130	-4.0864	29.5287
		}
}
{Volume "hole1"
	{Box 12.3364 2.1712 19.6504}
	{Bone "hous_arrow"}
		{Matrix34
			1.3554	0.0000	0.0000
			0.0000	6.8078	0.0000
			0.0000	-0.0000	1.2871
			-16.7933	22.2120	30.1712
		}
}
{Volume "room"
	{Box 69.8327 52.6013 39.6777}
	{Bone "hous_arrow"}
		{Matrix34
			1.0014	0.0000	0.0000
			0.0000	0.9575	0.0000
			0.0000	0.0000	1.2156
			-1.9897	-3.9771	24.1167
		}
}
{Volume "entrance"
	{Box 15.0677 23.7433 38.4981}
	{Bone "hous_arrow"}
		{Matrix34
			1.0816	0.0000	0.0000
			0.0000	0.6580	0.0000
			0.0000	0.0000	1.0000
			18.1765	23.2926	19.2490
		}
}
{Volume "Body2"
	{Polyhedron "Body2.vol"}
	{Bone "exterior"}
		{Position -2.2333	-1.6962	-78.0084}
}
{Volume "window2"
	{Box 4.69044 12.1729 10.0509}
	{Bone "window2"}
		{Matrix34
			0.0000	-0.0000	-1.2059
			1.0000	0.0000	0.0000
			0.0000	-1.9719	0.0000
			-0.0638	0.1262	0.7498
		}
}
{Volume "window1"
	{Box 12.273 4.20465 8.35243}
	{Bone "window1"}
		{Matrix34
			1.0000	0.0000	0.0000
			0.0000	-0.0000	1.0000
			0.0000	-2.3560	-0.0000
			-0.0715	-0.0806	2.4379
		}
}
{Volume "door"
	{Box 17.8877 2.1712 37.3357}
	{Bone "door"}
		{Matrix34
			1.0000	0.0000	0.0000
			0.0000	-0.0000	1.0000
			-0.0000	-1.0000	-0.0000
			-9.1634	-1.0508	0.6550
		}
}
