;Model cannon45мм "Сорокопятка" v.1.3
;Model created by: <A.G.(Шаша)>
;Skin created by: <A.G.(Шаша)>
;Date:        Mar 24 2006
{Skeleton
	{animation
		{sequence "recoil" {speed 0.7}}
	}
	{bone revolute "Basis"
                {limits -0.0000 0.0000}
				{speed 0.020}
		{Orientation
			1.0000	0.0000	0.0000
			0.0000	-1.0000	0.0000
			0.0000	0.0000	1.0000
		}
                {bone "emit1"
			{Matrix34
				0.9336	-0.3584	-0.0000
				0.3584	0.9336	-0.0000
				0.0000	0.0000	1.0000
				-32.7803	14.9472	-0.0552
			}
			{visibility 0}
		}
		{bone "emit2"
			{Matrix34
				0.9998	-0.0175	-0.0000
				0.0175	0.9998	-0.0000
				-0.0000	0.0000	1.0000
				-34.2722	-9.3998	0.0954
			}
			{visibility 0}
		}
		{bone "Body"
			{parameters "ID=body;"}
			{Matrix34
				0.9998	-0.0175	-0.0000
				0.0175	0.9998	0.0000
				-0.0000	-0.0000	1.0000
				-59.3499	0.9704	0.6016
			}
			{VolumeView "Body.ply"}
			{bone revolute "WheelL"
				{parameters "ID=wheelleft;"}
				{Matrix34
					-1.0000	0.0000	-0.0000
					0.0000	0.0000	1.0000
					-0.0000	1.0000	-0.0000
					59.4028	16.5479	9.0833
				}
				{VolumeView "WheelL.ply"}
				{bone "FXtraceL1"
					{Matrix34
						-1.0000 0.0000 0.0000
						0.0000 0.0000 -1.0000
						0.0000 1.0000 0.0000
						0.0000 -10.0000 2.0000
					}
                		}
			}
			{bone "link2"
				{Matrix34
					-1.0000	0.0000	-0.0000
					-0.0000	-1.0000	0.0000
					-0.0000	0.0000	1.0000
					2.9473	-0.0357	10.5906
				}
			}
			{bone revolute "WheelR"
				{parameters "ID=wheelright;"}
				{Matrix34
					-1.0000	0.0000	-0.0000
					0.0000	-0.0000	1.0000
					0.0000	-1.0000	-0.0000
					59.4029	-16.3292	9.0833
				}
				{VolumeView "WheelR.ply"}
				{bone "FXtraceR1"
					{Matrix34
						-1.0000 0.0000 0.0000
						0.0000 0.0000 -1.0000
						0.0000 1.0000 0.0000
						0.0000 -10.0000 2.0000
					}
				}
			}
			{bone "commander"
				{Matrix34
					0.9563	0.2924	-0.0000
					-0.2922	0.9557	0.0347
					0.0101	-0.0332	0.9994
					36.5193	-11.9940	-0.7797
				}
			}
			{bone "gunner"
				{Matrix34
					0.9063	-0.4226	-0.0000
					0.4226	0.9063	0.0000
					0.0000	-0.0000	1.0000
					36.0904	11.5562	-0.8039
				}
			}
			{bone revolute "Turret_rot"
                                 {limits -27.0000 27.0000}
							{speed 0.0200}
				{Matrix34
					1.0000	0.0000	0.0000
				        0.0000	1.0000	0.0000
					0.0000	0.0000	1.0000
				        60	0.0000	13.000
				}
                                {bone "charger"
				{Matrix34
					0.9563	0.2924	-0.0000
					-0.2922	0.9557	0.0347
					0.0101	-0.0332	0.9994
					38.5193	-5.9940	-0.7797
				}
			        }
			        {bone "driver"
				{Matrix34
					0.9063	-0.4226	-0.0000
					0.4226	0.9063	0.0000
					0.0000	-0.0000	1.0000
					38.0904	5.5562	-0.8039
				}
			        }
				{bone "Turret"
                                        {parameters "ID=turret;"}
                                {Matrix34
                                        1.0000 0.0000 0.0000
                                        0.0000 0.0000 -1.0000
                                        0.0000 1.0000 0.0000
                                        0.0000 0.0000 0.0000
                                }
                                {VolumeView "Turret.ply"}
                                {bone "Visor"
                                   {Matrix34
                                        0.9998 -0.0175 -0.0087
                                        0.0087 0.0000 1.0000
                                       -0.0175 -0.9998 0.0002
                                       -7.0916 -16.5085 7.6327
                                   }
                                }
				
                                {bone revolute "gun_rot"
					{parameters "ID=gun;"}
					{limits -15.0000 10.0000}
					{speed 0.0050}
					{Matrix34
						1.0000	 0.0000	 0.0000
						0.0000	 1.0000	 0.0000
						0.0000	 0.0000	 1.0000
						0.0000   0.0000	 0.0000
					}
					{VolumeView "gun_rot.ply"}
					{bone "gun"
						{parameters "ID=gun;"}
						{Matrix34
							1.0000	0.0000	0.0000
							-0.0000	0.0000	1.0000
							-0.0000	-1.0000	0.0000
							22.3589	-6.5605	0.4618
						}
						{VolumeView "gun.ply"}
						{bone "Foresight1"
							{Matrix34
								1.0000	-0.0001	-0.0087
								-0.0000	1.0000	-0.0096
								0.0087	0.0096	0.9999
								22.5270	-0.6092	-4.6549
							}
						}
					}
			        }
					
		        }
		
           }
     }
}
}
{Obstacle "Rectangle02"
	{Obb2
		{Center 0.559995 0.757259}
		{Extent 7.25772 22.4004}
		{Axis -0.999848 -0.0174522}
	}
	{Rotate}
}
{Volume "gun"
	{Cylinder 1.005254 45.4335}
	{Bone "gun"}
	{Matrix34
		0.0000	0.0000	1.0000
		0.0000	-1.0000	0.0000
		1.0000	-0.0000	0.0000
		-7.2724	-1.1156	-4.4708
	}
}
{Volume "turret"
	{Box 1.29978 25.6915 26.5279}
	{Bone "Turret"}
	{Matrix34
		0.9285	-0.3713	-0.0000
		-0.0000	-0.0000	1.0000
		-0.3713	-0.9285	0.0000
		1.8227	-2.3852	0.0316
	}
}
{Volume "wheelright"
	{Cylinder 8.2852 2.72717}
	{Bone "WheelR"}
	{Position -0.0000	0.0000	-0.6636}
}
{Volume "wheelleft"
	{Cylinder 8.2821 2.79142}
	{Bone "WheelL"}
	{Matrix34
		1.0000	-0.0000	0.0000
		-0.0000	1.0000	-0.0000
		0.0000	-0.0000	1.0000
		0.0000	-0.0000	-1.4868
	}
}
{Volume "body"
	{Box 10.1733 25.5053 15.975}
	{Bone "Body"}
	{Matrix34
		1.0000	0.0000	0.0000
		-0.0000	1.0000	0.0000
		0.0000	-0.0000	1.0000
		52.7093	-0.1011	7.1041
	}
}
