;Exported by: shevchenko
;Date:        Mon Apr 19 11:03:53 2004
;File:        D:\-Projects-\-3DWork-\sheva\SK\build-21_x.max
{Skeleton
	{animation
		{sequence "crush" {speed 0.4}}
	}
	{bone "build-21_corner2_x"
		{parameters "CommonMesh;"}
		{Orientation
			1.0000	0.0000	0.0000
			0.0000	-1.0000	0.0000
			0.0000	0.0000	1.0000
		}
		{VolumeView "build-21_corner2_x.ply"}
		{bone "Piece0"
			{Matrix34
				1.0000	-0.0000	0.0000
				-0.0000	-1.0000	0.0000
				-0.0000	-0.0000	-1.0000
				4.0690	-26.6012	112.8226
			}
			{VolumeView "Piece0.ply"}
		}
		{bone "Piece1"
			{Matrix34
				0.0000	-1.0000	0.0000
				-1.0000	-0.0000	0.0000
				-0.0000	-0.0000	-1.0000
				-34.0537	-26.5934	81.6919
			}
			{VolumeView "Piece1.ply"}
		}
		{bone "Piece3"
			{Matrix34
				1.0000	-0.0000	0.0000
				-0.0000	-1.0000	0.0000
				-0.0000	-0.0000	-1.0000
				-16.9919	-26.6012	146.2651
			}
			{VolumeView "Piece3.ply"}
		}
		{bone "Piece4"
			{Matrix34
				1.0000	-0.0000	0.0000
				-0.0000	-1.0000	0.0000
				-0.0000	-0.0000	-1.0000
				22.2907	-26.6012	94.0928
			}
			{VolumeView "Piece4.ply"}
		}
		{bone "Piece5"
			{Matrix34
				1.0000	-0.0000	0.0000
				-0.0000	-1.0000	0.0000
				-0.0000	-0.0000	-1.0000
				-17.5605	-26.6012	117.9302
			}
			{VolumeView "Piece5.ply"}
		}
		{bone "Piece6"
			{Matrix34
				1.0000	-0.0000	0.0000
				-0.0000	-1.0000	0.0000
				-0.0000	-0.0000	-1.0000
				27.6862	-17.9758	62.4004
			}
			{VolumeView "Piece6.ply"}
		}
		{bone "Piece7"
			{Matrix34
				1.0000	-0.0000	0.0000
				-0.0000	-1.0000	0.0000
				-0.0000	-0.0000	-1.0000
				27.6862	20.5153	85.6155
			}
			{VolumeView "Piece7.ply"}
		}
		{bone "Piece8"
			{Matrix34
				1.0000	-0.0000	0.0000
				-0.0000	-1.0000	0.0000
				-0.0000	-0.0000	-1.0000
				27.8290	-14.0699	84.7426
			}
			{VolumeView "Piece8.ply"}
		}
		{bone "Piece9"
			{Matrix34
				1.0000	-0.0000	0.0000
				-0.0000	-1.0000	0.0000
				-0.0000	-0.0000	-1.0000
				27.8290	25.8039	70.5571
			}
			{VolumeView "Piece9.ply"}
		}
		{bone "Piece10"
			{Matrix34
				0.0000	-1.0000	0.0000
				-1.0000	-0.0000	0.0000
				-0.0000	-0.0000	-1.0000
				-32.4191	-26.6321	59.7869
			}
			{VolumeView "Piece10.ply"}
		}
		{bone "Piece11"
			{Matrix34
				1.0000	-0.0000	0.0000
				-0.0000	-1.0000	0.0000
				-0.0000	-0.0000	-1.0000
				27.8290	-19.0134	31.5759
			}
			{VolumeView "Piece11.ply"}
		}
		{bone "Piece12"
			{Matrix34
				1.0000	-0.0000	0.0000
				-0.0000	-1.0000	0.0000
				-0.0000	-0.0000	-1.0000
				31.2444	15.0235	47.2441
			}
			{VolumeView "Piece12.ply"}
		}
		{bone "Piece13"
			{Matrix34
				0.0000	-1.0000	0.0000
				-1.0000	-0.0000	0.0000
				-0.0000	-0.0000	-1.0000
				5.5245	-30.5691	52.7060
			}
			{VolumeView "Piece13.ply"}
		}
	}
}
{Volume "Body13"
	{Box 30.8727 7.87402 13.1136}
	{Bone "Piece13"}
	{Matrix34
		-0.0000	-0.9848	0.1736
		1.0000	-0.0000	-0.0000
		0.0000	0.1736	0.9848
		-3.8788	1.5390	-0.3341
	}
}
{Volume "Body12"
	{Box 18.9403 7.87402 17.2547}
	{Bone "Piece12"}
	{Matrix34
		-0.0000	-1.0000	-0.0000
		1.0000	-0.0000	-0.0000
		-0.0000	0.0000	1.0000
		-3.3572	-7.9463	2.4214
	}
}
{Volume "Body11"
	{Box 17.4251 7.87402 13.2862}
	{Bone "Piece11"}
	{Matrix34
		-0.0000	-1.0000	-0.0000
		1.0000	-0.0000	-0.0000
		-0.0000	0.0000	1.0000
		0.0582	0.1294	1.1482
	}
}
{Volume "Body10"
	{Box 18.9403 7.87402 17.2547}
	{Bone "Piece10"}
	{Matrix34
		-0.0000	-0.9962	0.0872
		1.0000	-0.0000	0.0000
		0.0000	0.0872	0.9962
		0.0582	1.7623	0.0218
	}
}
{Volume "Body9"
	{Box 19.8411 7.87402 11.5459}
	{Bone "Piece9"}
	{Matrix34
		-0.0000	-1.0000	-0.0000
		1.0000	-0.0000	-0.0000
		-0.0000	0.0000	1.0000
		0.2010	-0.0734	0.2486
	}
}
{Volume "Body8"
	{Box 19.8411 7.87402 18.7043}
	{Bone "Piece8"}
	{Matrix34
		-0.0000	-1.0000	-0.0000
		1.0000	-0.0000	-0.0000
		-0.0000	0.0000	1.0000
		0.0582	0.9142	0.1601
	}
}
{Volume "Body7"
	{Box 21.55 7.87402 17.2327}
	{Bone "Piece7"}
	{Matrix34
		-0.0000	-1.0000	-0.0000
		1.0000	-0.0000	-0.0000
		-0.0000	0.0000	1.0000
		0.0582	2.6661	0.1100
	}
}
{Volume "Body6"
	{Box 22.0236 7.87402 23.0063}
	{Bone "Piece6"}
	{Matrix34
		-0.0000	-1.0000	-0.0000
		1.0000	-0.0000	-0.0000
		-0.0000	0.0000	1.0000
		0.2010	1.5041	1.3824
	}
}
{Volume "Body5"
	{Box 15.8309 7.87402 19.3195}
	{Bone "Piece5"}
	{Matrix34
		0.9063	0.0000	0.4226
		0.0000	1.0000	0.0000
		-0.4226	-0.0000	0.9063
		-0.8540	-0.0707	-1.3423
	}
}
{Volume "Body4"
	{Box 10.1846 7.87402 22.2918}
	{Bone "Piece4"}
	{Matrix34
		0.9397	-0.0000	0.3420
		-0.0000	1.0000	-0.0000
		-0.3420	0.0000	0.9397
		-0.1589	-0.0707	0.0267
	}
}
{Volume "Body3"
	{Box 18.8388 7.87402 16.2284}
	{Bone "Piece3"}
	{Position 0.2244	-0.0707	1.0182}
}
{Volume "Body1"
	{Box 19.8411 7.87402 11.5459}
	{Bone "Piece1"}
	{Matrix34
		-0.0000	-1.0000	-0.0000
		1.0000	-0.0000	0.0000
		0.0000	0.0000	1.0000
		0.2010	-0.0734	0.2486
	}
}
{Volume "Body0"
	{Box 10.1846 7.87402 24.624}
	{Bone "Piece0"}
	{Matrix34
		0.7660	0.0000	0.6428
		0.0000	1.0000	0.0000
		-0.6428	-0.0000	0.7660
		-2.6275	-0.0707	-0.3980
	}
}
