{Skeleton
	{bone "basis"
		{Orientation
			1.0000	0.0000	0.0000
			0.0000	-1.0000	0.0000
			0.0000	0.0000	1.0000
		}
		{bone "Body"
			{parameters "ID=body;"}
			{Matrix34
				1.0000	0.0000	0.0000
				0.0000	0.0157	0.9999
				0.0000	-0.9999	0.0157
				-8.4000	0.6125	19.8928
			}
			{VolumeView "Body.ply"}
			{bone revolute "WheelL1"
				{parameters "ID=trackleft;"}
				{Matrix34
					-0.9817	-0.1908	-0.0029
					-0.1908	0.9816	0.0154
					0.0000	0.0157	-0.9999
					42.0920	-7.4730	19.6855
				}
				{VolumeView "WheelL1.ply"}
			}
			{bone revolute "WheelL2"
				{parameters "ID=trackleft;"}
				{Matrix34
					0.9965	0.0837	0.0000
					0.0837	-0.9965	0.0000
					0.0000	0.0000	-1.0000
					-38.8031	-10.9232	19.5000
				}
				{VolumeView "WheelL2.ply"}
			}
			{bone revolute "WheelR1"
				{parameters "ID=trackright;"}
				{Matrix34
					-0.1599	0.9869	0.0173
					0.9871	0.1598	0.0028
					0.0000	0.0175	-0.9998
					42.5963	-7.0198	-20.6344
				}
				{VolumeView "WheelR1.ply"}
			}
			{bone revolute "WheelR2"
				{parameters "ID=trackright;"}
				{Matrix34
					1.0000	0.0000	0.0000
					0.0000	-0.9998	-0.0175
					0.0000	0.0175	-0.9998
					-39.0700	-10.0363	-20.8870
				}
				{VolumeView "WheelR2.ply"}
			}
			{bone revolute "turret"
				{parameters "ID=turret;"}
				{limits -9.0000 5.0000}
				{speed 0.0100}
				{Matrix34
					1.0000	0.0000	0.0000
					0.0000	0.0000	-1.0000
					0.0000	1.0000	0.0000
					-5.000	-8.0000	0.0000
				}
				{bone revolute "stabilizator"
					{limits -10.0000 10.0000}
					{speed 0.0009}
					{Orientation
						0.0000	0.0000	1.0000
						0.0000	1.0000	0.0000
						-1.0000	0.0000	0.0000
					}
					{bone "part2"
						{parameters "ID=body;"}
						{Matrix34
							0.9077	0.0000	0.4194
							0.4194	0.0000	-0.9077
							0.0000	1.0000	0.0000
							19.0245	0.0000	-0.5582
						}
						{VolumeView "part2.ply"}
					}
					{bone "FXfire2"
						{Matrix34
							-0.0802	0.0000	0.9968
							0.0000	1.0000	0.0000
							-0.9968	0.0000	-0.0802
							0.1936	-0.2000	-4.9003
						}
					}
					{bone "gun"
						{parameters "ID=gun;"}
						{Matrix34
							0.8251	0.0000	-0.5649
							-0.5649	0.0000	-0.8251
							0.0000	1.0000	0.0000
							0.5182	0.0000	12.6295
						}
						{VolumeView "gun.ply"}
						{bone revolute "gun_rot"
 							{limits -20.0000 10.0000}
							{speed 0.004}
							{Position 38.0000	0.0000	0.0000}
						}
						{bone "upor"
							{Matrix34
								0.8251	-0.5649	0.0000
								0.5649	0.8251	0.0000
								0.0000	0.0000	1.0000
								-0.6122	0.0000	0.0000
							}
							{VolumeView "upor.ply"}
						}
					}
				}
			}
		}
		{bone "WheelsL"
			{parameters "ID=trackleft;"}
			{Matrix34
				0.9999	0.0001	0.0140
				-0.0140	0.0052	0.9999
				0.0001	-1.0000	0.0052
				-8.3818	-39.1052	18.7053
			}
			{VolumeView "WheelsL.ply"}
			{bone "TrackL"
				{parameters "ID=trackleft;"}
				{Position 0.0000	-1.4000	0.2000}
				{VolumeView "trackl.ply"}
			}
		}
		{bone "WheelsR"
			{parameters "ID=trackright;"}
			{Matrix34
				1.0000	0.0000	0.0000
				0.0000	0.0000	1.0000
				0.0000	-1.0000	0.0000
				-8.3000	40.0048	18.9828
			}
			{VolumeView "WheelsR.ply"}
			{bone "TrackR"
				{parameters "ID=trackright;"}
				{Position -0.2000	-0.6000	-0.1000}
				{VolumeView "trackr.ply"}
			}
		}
	}
}
{Volume "Body2"
	{Box 31.4667 29.8829 11.5687}
	{Bone "Body"}
	{Matrix34
		2.0904	0.0000	0.0000
		0.0000	0.0000	-1.4802
		0.0000	1.4589	0.0000
		2.8450	8.0622	0.5981
	}
}
{Volume "Body1"
	{Polyhedron "Body1.vol"}
	{Bone "Body"}
	{Matrix34
		1.0868	0.0000	0.0000
		0.0000	0.0000	-1.1040
		0.0000	0.8600	0.0000
		1.5904	-5.3010	-0.0045
	}
}
{Volume "trackright"
	{Box 83.7008 4.8622 19.6850}
	{Bone "WheelsR"}
	{Matrix34
		-1.1233	0.0000	0.0000
		0.0000	0.0000	1.2923
		0.0000	-0.8727	0.0000
		0.6407	-9.8223	20.2027
	}
}
{Volume "trackleft"
	{Box 83.6916 4.8665 19.6850}
	{Bone "WheelsL"}
	{Matrix34
		-1.1230	0.0000	0.0000
		0.0000	0.0000	1.3556
		0.0000	0.8819	0.0000
		0.2577	-8.7362	-19.3731
	}
}
{Volume "gun"
	{Box 30.0000 3.4000 3.4000}
	{Bone "gun"}
	{Position 15.0000	0.0000	0.0000}
}
{Volume "part2"
	{Box 1.0000 9.0000 9.0000}
	{Bone "part2"}
	{Matrix34
		0.0350	-1.6741	-0.0013
		2.3185	0.0486	-0.0891
		0.0797	0.0000	2.0753
		-11.4253	-0.2395	0.4389
	}
}
