{mission
	{Camera
		{Position 6512.14 -1615.23}
		{Distance 650}
		{ViewAngle 0.432869}
		{YawAngle 14.8375}
	}
	{Environment "day1"}
	{User 2}
	{GameProgress 0 0}
	{Entity "birds" 0x8000
		{Position 703.139 574.236 29.2194}
		{Extender "speaker"
			{SoundName "world.birds03"}
		}
	}
	{Entity "birds" 0x8001
		{Position 1025.58 82.4518 25.6062}
		{Extender "speaker"
			{SoundName "world.birds02"}
		}
	}
	{Entity "birds" 0x8002
		{Position 1632.97 1306.2 51.0831}
		{Extender "speaker"
			{SoundName "world.birds03"}
		}
	}
	{Entity "birds" 0x8003
		{Position -22.396 53.3984 50.2584}
		{Extender "speaker"
			{SoundName "world.birds02"}
		}
	}
	{Entity "birds" 0x8004
		{Position 2528.31 -861.887 115.314}
		{Extender "speaker"
			{SoundName "world.birds02"}
		}
	}
	{Entity "birds" 0x8005
		{Position 4901.62 6189.84 130.949}
		{Extender "speaker"
			{SoundName "world.birds02"}
		}
	}
	{Entity "gate_wire" 0x8006
		{Position 3186.99 4412.02 91}
		{Turn -110.397}
		{TexMod "5"}
		{AreaDisable "left"}
		{AreaDisable "right"}
	}
	{Entity "crate3" 0x8007
		{Position 2001.44 4660.36 91}
		{Turn -94.5929}
		{Extender "inventory"
			{box
				{clear}
				{item "bullet100 fg" {cell 0 0}}
				{item "bullet100 fg" {cell 0 1}}
				{item "bullet100 fg" {cell 0 2}}
				{item "bullet100 fg" {cell 4 0}}
				{item "bullet100 fg" {cell 4 1}}
				{item "bullet100 fg" {cell 4 2}}
				{item "bullet100 fg" {cell 0 4}}
				{item "bullet100 fg" {cell 4 5}}
			}
		}
	}
	{Entity "cannon_100" 0x8008
		{Position 1879.82 4833.6 91}
		{Turn -171.478}
		{Impregnability}
		{Extender "inventory"
			{box
				{clear}
				{item "bullet100 fg" 48 {cell 0 0}}
			}
		}
		{Player 1}
		{MID 1}
		
	}
	{Entity "cannon_100" 0x8009
		{Position 1999.13 5102.98 90.8333}
		{Turn 133.635}
		{Impregnability}
		{Extender "inventory"
			{box
				{clear}
				{item "bullet100 fg" 48 {cell 0 0}}
			}
		}
		{Player 1}
		{MID 2}
		
	}
	{Entity "wz33_dot" 0x800a
		{Position 2302.13 4477.58 91}
		{Turn -153.37}
		{Player 1}
		{MID 3}
	}
	{Entity "wz33_dot" 0x800b
		{Position 2333.81 4419.11 91}
		{Turn -149.126}
		{Player 1}
		{MID 4}
	}
	{Entity "wz33_dot" 0x800c
		{Position 3505.64 4939.18 94}
		{Turn 116.842}
		{Player 1}
		{MID 5}
		
	}
	{Entity "wz33_dot" 0x800d
		{Position 3529.45 1821.43 90}
		{Turn 96.1535}
		{Player 1}
		{MID 6}
		
	}
	{Entity "wz33_dot" 0x800e
		{Position 4397.8 6136.31 91}
		{Turn -103.721}
		{Player 1}
		{MID 7}
	}
	{Human "pol.oficer" 0x800f
		{Position 3479.48 1830.47 90}
		{Turn 96.3422}
		{Player 1}
		{MID 8}
		{NameId 38 61}
		{Cover
			{sector 3479.48 1830.47 {type "snipe_cover"}
				{wall 0 0 3424.21 1831.37 3488.9 1838.56}
			}
		}
		{FsmState "snipe"}
	}
	{Human "pol.recruit" 0x8010
		{Position 3530.08 1813.48 98.0118}
		{Turn 96.1535}
		{DisableObstacles}
		{Player 1}
		{MID 9}
		{NameId 32 12}
		{FsmState "board"}
	}
	{Human "pol.oficer" 0x8011
		{Position 3560.03 4980.6 94}
		{Turn 115.468}
		{Extender "inventory"
			{box
				{clear}
				{item "bino" {cell 6 0}}
				{item "ammo pistol" 35 {cell 4 0}}
			}
		}
		{Player 1}
		{MID 10}
		{Weaponry
			{State
				{Mounted "ppsh35"}
				{Weapon
					{Ammo "ammo pistol" 35}
				}
			}
		}
		{NameId 40 99}
		{Cover
			{sector 3560.03 4980.6 {type "snipe_cover"}
				{wall 0 0 3513.08 4966 3584.17 4999.86}
			}
		}
		{FsmState "snipe"}
	}
	{Human "pol.recruit" 0x8012
		{Position 3509.04 4931.97 102.012}
		{Turn 116.842}
		{DisableObstacles}
		{Player 1}
		{MID 11}
		{NameId 87 22}
		{FsmState "board"}
	}
	{Human "pol.recruit" 0x8013
		{Position 3617.91 4822.41 94}
		{Turn -59.848}
		{Player 1}
		{MID 12}
		{NameId 6 40}
		{FsmState "stand"}
	}
	{Human "pol.recruit" 0x8014
		{Position 3586.75 4944.27 94}
		{Turn 50.4755}
		{Player 1}
		{MID 13}
		{NameId 43 27}
		{FsmState "stand"}
	}
	{Entity "boxes2" 0x8015
		{Position 3608.4 4874.18 94}
		{Turn 111.388}
		{Extender "inventory"
			{box
				{clear}
				{item "ammo pistol" 35 {cell 0 0}}
				{item "ammo pistol" 35 {cell 0 1}}
				{item "ammo pistol" 35 {cell 2 0}}
				{item "ammo pistol" 35 {cell 2 1}}
				{item "ammo pistol" 35 {cell 4 0}}
				{item "ammo pistol" 35 {cell 6 0}}
				{item "ammo pistol" 35 {cell 4 1}}
				{item "ammo pistol" 35 {cell 6 1}}
				{item "ammo mgun" 20 {cell 0 2}}
				{item "ammo mgun" 20 {cell 2 2}}
				{item "ammo mgun" 20 {cell 0 3}}
				{item "ammo mgun" 20 {cell 2 3}}
				{item "ammo mgun" 20 {cell 4 2}}
				{item "ammo mgun" 20 {cell 6 2}}
				{item "ammo mgun" 20 {cell 4 3}}
				{item "ammo mgun" 20 {cell 6 3}}
				{item "grenade gr31" {cell 0 5}}
				{item "grenade gr31" {cell 1 5}}
				{item "grenade gr31" {cell 2 5}}
				{item "grenade gr31" {cell 3 5}}
				{item "grenade gr31" {cell 4 5}}
				{item "grenade gr31" {cell 5 5}}
				{item "grenade gr31" {cell 6 5}}
				{item "grenade gr31" {cell 7 5}}
				{item "ammo mgun" 20 {cell 0 4}}
				{item "ammo mgun" 20 {cell 2 4}}
				{item "ammo mgun" 20 {cell 4 4}}
				{item "ammo mgun" 20 {cell 6 4}}
			}
		}
	}
	{Entity "wz33_stan" 0x8016
		{Position 3384.03 4564.95 83}
		{Turn -11.5526}
		{Player 1}
		{MID 14}
	}
	{Entity "bofors" 0x8017
		{Position 3852.51 6164.45 90.6667}
		{Turn -97.9984}
		{Player 1}
		{MID 15}
	}
	{Human "pol.gunner" 0x8018
		{Position 3862.15 6177.16 95.3205}
		{Orientation
			 -0.131114  -0.929517   0.344626
			  0.990189  -0.139738  -0.000108
			  0.048250   0.341232   0.938718
		}
		{DisableObstacles}
		{Player 1}
		{MID 16}
		{NameId 51 91}
		{FsmState "board"}
	}
	{Human "pol.gunner" 0x8019
		{Position 3846.26 6177.3 94.8299}
		{Orientation
			 -0.131114  -0.929517   0.344626
			  0.990189  -0.139738  -0.000108
			  0.048250   0.341232   0.938718
		}
		{DisableObstacles}
		{Player 1}
		{MID 17}
		{NameId 11 23}
		{FsmState "board"}
	}
	{Human "pol.gunner" 0x801a
		{Position 1990.05 5092.44 95.2625}
		{Orientation
			  0.273886   0.961547  -0.012770
			 -0.961631   0.273879  -0.002384
			  0.001198   0.012806   0.999918
		}
		{Impregnability}
		{DisableObstacles}
		{Player 1}
		{MID 18}
		{NameId 52 49}
		{FsmState "board"}
	}
	{Human "pol.gunner" 0x801b
		{Position 2012.66 5112.47 94.9743}
		{Orientation
			 -0.980438   0.197096  -0.001327
			 -0.197096  -0.980354   0.012828
			  0.001198   0.012806   0.999918
		}
		{Impregnability}
		{DisableObstacles}
		{Player 1}
		{MID 19}
		{NameId 68 41}
		{FsmState "board"}
	}
	{Human "pol.gunner" 0x801c
		{Position 1879.87 4850.09 95.2833}
		{Turn -136.478}
		{Impregnability}
		{DisableObstacles}
		{Player 1}
		{MID 20}
		{NameId 43 13}
		{FsmState "board"}
	}
	{Human "pol.gunner" 0x801d
		{Position 1883.26 4820.07 95.2833}
		{Turn 128.99}
		{Impregnability}
		{DisableObstacles}
		{Player 1}
		{MID 21}
		{NameId 24 52}
		{FsmState "board"}
	}
	{Human "pol.infantry_smg" 0x801e
		{Position 4556.52 6269.7 91}
		{Turn -92.5016}
		{Extender "inventory"
			{box
				{clear}
				{item "ppsh35" filling "ammo pistol" 35 {cell 0 0}}
				{item "ammo pistol" 70 {cell 6 0}}
			}
		}
		{Player 1}
		{MID 22}
		{NameId 49 49}
		{FsmState "stand"}
	}
	{Human "pol.infantry_rifle" 0x801f
		{Position 4561.4 6304.6 91.0644}
		{Turn -98.6786}
		{Extender "inventory"
			{box
				{clear}
				{item "wz.98a" filling "ammo rifle" 5 {cell 0 0}}
				{item "bayonet" {cell 7 0}}
				{item "ammo rifle" 25 {cell 6 0}}
			}
		}
		{Player 1}
		{MID 23}
		{NameId 67 26}
		{FsmState "stand"}
	}
	{Human "pol.recruit" 0x8020
		{Position 4399.91 6144 99.0118}
		{Turn -103.721}
		{DisableObstacles}
		{Player 1}
		{MID 24}
		{NameId 57 66}
		{FsmState "board"}
	}
	{Human "pol.oficer" 0x8021
		{Position 4441.39 6112.67 91}
		{Turn -103.035}
		{Player 1}
		{MID 25}
		{NameId 70 74}
		{Cover
			{sector 4441.39 6112.67 {type "snipe_cover"}
				{wall 0 0 4493.24 6093.49 4429.83 6108.17}
			}
		}
		{FsmState "snipe"}
	}
	{Human "pol.recruit" 0x8022
		{Position 3917.55 6110 90.755}
		{Turn -92.5308}
		{Player 1}
		{MID 26}
		{NameId 62 83}
		{Cover
			{sector 3917.55 6110 {type "squat_lie"}
				{wall 0 0 3943.61 6101.84 3820.08 6107.3}
			}
		}
		{FsmState "squat"}
	}
	{Human "pol.infantry_mgun" 0x8023
		{Position 3663.62 6201.5 118.488}
		{Turn -151.767}
		{Player 1}
		{MID 27}
		{NameId 62 53}
		{FsmState "lie"}
	}
	{Human "pol.recruit" 0x8024
		{Position 4395.04 6186.02 91}
		{Turn -149.307}
		{Extender "inventory"
			{box
				{clear}
				{item "wz.98a" filling "ammo rifle" 5 {cell 0 0}}
				{item "bayonet" {cell 7 0}}
				{item "ammo rifle" 20 {cell 6 0}}
			}
		}
		{Player 1}
		{MID 28}
		{NameId 42 20}
		{FsmState "stand"}
	}
	{Human "pol.recruit" 0x8025
		{Position 4488.4 6147.68 91}
		{Turn -37.6241}
		{Extender "inventory"
			{box
				{clear}
				{item "wz.98a" filling "ammo rifle" 5 {cell 0 0}}
				{item "bayonet" {cell 7 0}}
				{item "ammo rifle" 20 {cell 6 0}}
			}
		}
		{Player 1}
		{MID 29}
		{NameId 11 41}
		{FsmState "stand"}
	}
	{Human "pol.recruit" 0x8026
		{Position 4574.25 6083.87 91}
		{Turn -179.432}
		{Extender "inventory"
			{box
				{clear}
				{item "wz.98a" filling "ammo rifle" 5 {cell 0 0}}
				{item "bayonet" {cell 7 0}}
				{item "ammo rifle" 20 {cell 6 0}}
			}
			{armor "head"
				{Item "helmet1_pol"}
			}
		}
		{Player 1}
		{MID 30}
		{NameId 79 1}
		{FsmState "stand"}
	}
	{Human "pol.infantry_smg" 0x8027
		{Position 3928.29 653.89 90}
		{Turn -85.6112}
		{Extender "inventory"
			{box
				{clear}
				{item "ppsh35" filling "ammo pistol" 35 {cell 0 0}}
				{item "ammo pistol" 70 {cell 6 0}}
			}
			{armor "body"
				{Removed}
			}
		}
		{Player 1}
		{MID 31}
		{NameId 38 62}
		{FsmState "stand"}
	}
	{Human "pol.infantry_rifle" 0x8028
		{Position 3548.09 1713.94 90}
		{Turn -163.579}
		{Extender "inventory"
			{box
				{clear}
				{item "bayonet" {cell 7 0}}
				{item "ammo rifle" 25 {cell 6 0}}
			}
		}
		{Player 1}
		{MID 32}
		{Weaponry
			{State
				{Mounted "wz.98a"}
				{Weapon
					{Ammo "ammo rifle" 5}
				}
			}
		}
		{NameId 32 13}
		{FsmState "stand"}
	}
	{Human "pol.infantry_rifle" 0x8029
		{Position 3465.98 1706.8 90}
		{Extender "inventory"
			{box
				{clear}
				{item "bayonet" {cell 7 0}}
				{item "ammo rifle" 25 {cell 6 0}}
				{item "grenade molotov_coctail" {cell 4 0}}
			}
		}
		{Player 1}
		{MID 33}
		{Weaponry
			{State
				{Mounted "wz.98a"}
				{Weapon
					{Ammo "ammo rifle" 5}
				}
			}
		}
		{NameId 40 0}
		{FsmState "stand"}
	}
	{Human "pol.infantry_rifle" 0x802a
		{Position 3463.59 1741.72 90}
		{Extender "inventory"
			{box
				{clear}
				{item "ammo rifle" 25 {cell 4 0}}
				{item "bayonet" {cell 7 0}}
				{item "grenade gr31" {cell 6 0}}
			}
		}
		{Player 1}
		{MID 34}
		{Weaponry
			{State
				{Mounted "wz.98a"}
				{Weapon
					{Ammo "ammo rifle" 5}
				}
			}
		}
		{NameId 87 23}
		{FsmState "stand"}
	}
	{Human "pol.infantry_smg" 0x802b
		{Position 3543.55 1738.81 90}
		{Turn -179.214}
		{Extender "inventory"
			{box
				{clear}
				{item "ammo pistol" 70 {cell 6 0}}
			}
		}
		{Player 1}
		{MID 35}
		{Weaponry
			{State
				{Mounted "ppsh35"}
				{Weapon
					{Ammo "ammo pistol" 35}
				}
			}
		}
		{NameId 6 41}
		{FsmState "stand"}
	}
	{Entity "bt-7" 0x802c
		{Position 6778.96 -898.798 90}
		{Turn 166.988}
		{Player 3}
		{MID 36}
		
	}
	{Entity "ba-20m" 0x802d
		{Position 6673.97 -871.979 90}
		{Turn 164.844}
		{Player 3}
		{MID 37}
		
	}
	{Human "rus.tankman" 0x802e
		{Position 6673.97 -871.979 90}
		{Orientation
			 -0.965218   0.261448  -0.000000
			  0.261448   0.965218   0.000000
			 -0.000000  -0.000000   1.000000
		}
		{Player 3}
		{MID 38}
		{Able {select 0}{repair 0}}
		{NameId 38 64}
		{LastItem "tt"}
		{FsmState "board"}
	}
	{Human "rus.tankman" 0x802f
		{Position 6673.97 -871.979 90}
		{Orientation
			 -0.965218   0.261448  -0.000000
			  0.261448   0.965218   0.000000
			 -0.000000  -0.000000   1.000000
		}
		{Extender "inventory"
			{box
				{clear}
				{item "ammo pistol" 35 {cell 6 0}}
				{item "pps" filling "ammo pistol" 35 {cell 0 0}}
			}
		}
		{Player 3}
		{MID 39}
		{Able {select 0}{repair 0}}
		{NameId 32 15}
		{LastItem "pps"}
		{FsmState "board"}
	}
	{Human "rus.tankman" 0x8030
		{Position 6778.96 -898.798 90}
		{Orientation
			 -0.974323   0.225155   0.000000
			  0.225155   0.974323  -0.000000
			  0.000000   0.000000   1.000000
		}
		{Extender "inventory"
			{box
				{clear}
				{item "ammo pistol" 35 {cell 3 0}}
				{item "pps" filling "ammo pistol" 35 {cell 0 0}}
			}
		}
		{Player 3}
		{MID 40}
		{Able {select 0}{repair 0}}
		{NameId 40 2}
		{LastItem "pps"}
		{FsmState "board"}
	}
	{Human "rus.tankman" 0x8031
		{Position 6778.96 -898.798 90}
		{Orientation
			 -0.974323   0.225155   0.000000
			  0.225155   0.974323  -0.000000
			  0.000000   0.000000   1.000000
		}
		{Player 3}
		{MID 41}
		{Able {select 0}{repair 0}}
		{NameId 87 25}
		{LastItem "tt"}
		{FsmState "board"}
	}
	{Human "rus.tankman" 0x8032
		{Position 6778.96 -898.798 90}
		{Orientation
			 -0.974323   0.225155   0.000000
			  0.225155   0.974323  -0.000000
			  0.000000   0.000000   1.000000
		}
		{Player 3}
		{MID 42}
		{Able {select 0}{repair 0}}
		{NameId 6 42}
		{LastItem "tt"}
		{FsmState "board"}
	}
	{Human "rus.sailor1" 0x8033
		{Position 6790.83 -920.82 114.34}
		{Orientation
			 -0.588788  -0.796207   0.139118
			  0.805929  -0.591437   0.025693
			  0.061835   0.127234   0.989919
		}
		{Extender "inventory"
			{box
				{clear}
				{item "ammo pistol" 71 {cell 6 0}}
				{item "ppsh" filling "ammo pistol" 71 {cell 0 0}}
			}
		}
		{DisableObstacles}
		{Player 3}
		{MID 43}
		{Able {select 0}{repair 0}}
		{NameId 43 28}
		{LastItem "ppsh"}
		{FsmState "board"}
	}
	{Human "rus.sailor1" 0x8034
		{Position 6810.1 -924.395 113.989}
		{Orientation
			 -0.161209  -0.986740  -0.017463
			  0.986932  -0.161266   0.001139
			 -0.003940  -0.017051   0.999800
		}
		{Extender "inventory"
			{box
				{clear}
				{item "ammo pistol" 71 {cell 4 0}}
				{item "grenade rgd33" {cell 6 0}}
				{item "ppsh" filling "ammo pistol" 71 {cell 0 0}}
			}
		}
		{DisableObstacles}
		{Player 3}
		{MID 44}
		{Able {select 0}{repair 0}}
		{NameId 51 93}
		{LastItem "ppsh"}
		{FsmState "board"}
	}
	{Human "rus.sailor2" 0x8035
		{Position 6819.02 -889.492 118.448}
		{Orientation
			  0.524635   0.817944   0.236040
			 -0.849450   0.521246   0.081650
			 -0.056237  -0.243359   0.968232
		}
		{Extender "inventory"
			{box
				{clear}
				{item "ammo mgun" 63 {cell 6 0}}
				{item "weapon dt" filling "ammo mgun" 63 {cell 0 0}}
			}
		}
		{DisableObstacles}
		{Player 3}
		{MID 45}
		{Able {select 0}{repair 0}}
		{NameId 11 25}
		{LastItem "weapon dt"}
		{FsmState "board"}
	}
	{Human "rus.sailor3" 0x8036
		{Position 6804.95 -881.303 111.822}
		{Orientation
			 -0.557953   0.827312   0.064516
			 -0.828591  -0.559685   0.011292
			  0.045437  -0.047209   0.997780
		}
		{Extender "inventory"
			{box
				{clear}
				{item "ammo rifle" 40 {cell 7 0}}
				{item "svtautomatic" filling "ammo rifle" 10 {cell 0 0}}
			}
		}
		{DisableObstacles}
		{Player 3}
		{MID 46}
		{Able {select 0}{repair 0}}
		{NameId 52 50}
		{LastItem "svtautomatic"}
		{FsmState "board"}
	}
	{Entity "t-38" 0x8037
		{Position 6554.11 -1706.18 90}
		{Turn 100.699}
		{TexMod "n27"}
		{Player 3}
		{MID 47}
		
	}
	{Entity "t-38" 0x8038
		{Position 6621.23 -1828.76 90}
		{Turn 101.539}
		{TexMod "n23"}
		{Player 3}
		{MID 48}
		
	}
	{Human "rus.tankman" 0x8039
		{Position 6554.11 -1706.18 90}
		{Orientation
			 -0.185650   0.982616   0.000000
			  0.982616   0.185650   0.000000
			 -0.000000  -0.000000   1.000000
		}
		{Extender "inventory"
			{box
				{clear}
				{item "ammo pistol" 16 {cell 6 0}}
				{item "grenade rgd33" {cell 4 0}}
				{item "tt" filling "ammo pistol" 8 {cell 0 0}}
			}
			{armor "body"
				{Item "pistol_holder"}
			}
		}
		{Player 3}
		{MID 49}
		{Able {select 0}{repair 0}}
		{NameId 68 42}
		{LastItem "tt"}
		{FsmState "board"}
	}
	{Human "rus.tankman" 0x803a
		{Position 6554.11 -1706.18 90}
		{Orientation
			 -0.185650   0.982616   0.000000
			  0.982616   0.185650   0.000000
			 -0.000000  -0.000000   1.000000
		}
		{Extender "inventory"
			{box
				{clear}
				{item "ammo pistol" 35 {cell 6 0}}
				{item "pps" filling "ammo pistol" 35 {cell 0 0}}
			}
		}
		{Player 3}
		{MID 50}
		{Able {select 0}{repair 0}}
		{NameId 43 14}
		{LastItem "pps"}
		{FsmState "board"}
	}
	{Human "rus.tankman" 0x803b
		{Position 6621.23 -1828.76 90}
		{Orientation
			 -0.200035   0.979789   0.000000
			  0.979789   0.200035   0.000000
			  0.000000   0.000000   1.000000
		}
		{Extender "inventory"
			{box
				{clear}
				{item "ammo pistol" 16 {cell 6 0}}
				{item "grenade rgd33" {cell 6 1}}
				{item "tt" filling "ammo pistol" 8 {cell 0 0}}
			}
			{armor "body"
				{Item "pistol_holder"}
			}
		}
		{Player 3}
		{MID 51}
		{Able {select 0}{repair 0}}
		{NameId 24 53}
		{LastItem "tt"}
		{FsmState "board"}
	}
	{Human "rus.tankman" 0x803c
		{Position 6621.23 -1828.76 90}
		{Orientation
			 -0.200035   0.979789   0.000000
			  0.979789   0.200035   0.000000
			  0.000000   0.000000   1.000000
		}
		{Extender "inventory"
			{box
				{clear}
				{item "ammo pistol" 35 {cell 6 0}}
				{item "pps" filling "ammo pistol" 35 {cell 0 0}}
			}
		}
		{Player 3}
		{MID 52}
		{Able {select 0}{repair 0}}
		{NameId 49 50}
		{LastItem "pps"}
		{FsmState "board"}
	}
	{Human "rus.sailor3" 0x9000
		{Position 6581.99 -1724.22 105.83}
		{Orientation
			  0.982616   0.185650   0.100000
			 -0.185650   0.982616   0.000000
			 -0.000000  -0.000000   1.000000
		}
		{Extender "inventory"
			{box
				{clear}
				{item "ammo rifle" 40 {cell 7 0}}
				{item "svtautomatic" filling "ammo rifle" 10 {cell 0 0}}
			}
		}
		{DisableObstacles}
		{Player 3}
		{MID 53}
		{Able {select 0}{repair 0}}
		{NameId 57 67}
		{LastItem "svtautomatic"}
		{FsmState "board"}
	}
	{Human "rus.sailor6" 0x9001
		{Position 6576.35 -1738.51 105.83}
		{Orientation
			  0.123668  -0.992291  -0.006200
			  0.992291   0.123668   0.099800
			 -0.000000  -0.000000   1.000000
		}
		{Extender "inventory"
			{box
				{clear}
				{item "ammo mgun" 47 {cell 5 0}}
				{item "weapon dp" filling "ammo mgun" 47 {cell 0 0}}
			}
		}
		{DisableObstacles}
		{Player 3}
		{MID 54}
		{Able {select 0}{repair 0}}
		{NameId 70 75}
		{LastItem "weapon dp"}
		{FsmState "board"}
	}
	{Human "rus.sailor1" 0x803d
		{Position 6643.94 -1860.76 105.83}
		{Orientation
			  0.138202  -0.990371  -0.006200
			  0.990371   0.138202   0.099800
			  0.000000   0.000000   1.000000
		}
		{Extender "inventory"
			{box
				{clear}
				{item "ammo pistol" 71 {cell 6 0}}
				{item "ppsh" filling "ammo pistol" 71 {cell 0 0}}
			}
		}
		{DisableObstacles}
		{Player 3}
		{MID 55}
		{Able {select 0}{repair 0}}
		{NameId 62 84}
		{LastItem "ppsh"}
		{FsmState "board"}
	}
	{Human "rus.sailor1" 0x803e
		{Position 6649.37 -1846.38 105.83}
		{Orientation
			  0.979789   0.200035   0.100000
			 -0.200035   0.979789   0.000000
			  0.000000   0.000000   1.000000
		}
		{Extender "inventory"
			{box
				{clear}
				{item "ammo pistol" 71 {cell 6 0}}
				{item "ppsh" filling "ammo pistol" 71 {cell 0 0}}
			}
		}
		{DisableObstacles}
		{Player 3}
		{MID 56}
		{Able {select 0}{repair 0}}
		{NameId 62 54}
		{LastItem "ppsh"}
		{FsmState "board"}
	}
	{Entity "ferry" 0x803f
		{Position -1270.09 6079.01 0}
		{Turn -23.4308}
		{Extender "light"
			{lamp "1" off}
			{lamp "2" off}
		}
		{Player 3}
		{MID 57}
		
	}
	{Human "rus.tank_com" 0x8040
		{Position -1462.74 6139.41 89.2292}
		{Orientation
			  0.917243  -0.398062  -0.014534
			  0.397967   0.917355  -0.009053
			  0.016937   0.002520   0.999853
		}
		{Extender "inventory"
			{box
				{clear}
				{item "ammo pistol" 70 {cell 6 0}}
				{item "tt" filling "ammo pistol" 8 {cell 0 0}}
			}
			{armor "body"
				{Item "pistol_holder"}
			}
		}
		{DisableObstacles}
		{Player 3}
		{MID 58}
		{Able {select 0}{repair 0}}
		{NameId 42 21}
		{LastItem "tt"}
		{FsmState "board"}
	}
	{Human "rus.tankman" 0x8041
		{Position -1454.55 6158.75 89.0418}
		{Orientation
			  0.917243  -0.398062  -0.014534
			  0.397967   0.917355  -0.009053
			  0.016937   0.002520   0.999853
		}
		{Extender "inventory"
			{box
				{clear}
				{item "tt" filling "ammo pistol" 8 {cell 0 0}}
				{item "ammo pistol" 16 {cell 6 0}}
			}
			{armor "head"
				{Item "helmet1_rus"}
			}
			{armor "body"
				{Item "pistol_holder"}
			}
		}
		{DisableObstacles}
		{Player 3}
		{MID 59}
		{Able {select 0}{repair 0}}
		{NameId 11 42}
		{FsmState "board"}
	}
	{Entity "ya5k" 0x8042
		{Position -862.576 5894.86 0}
		{Turn -28.0044}
		{Player 3}
		{MID 60}
		
	}
	{Entity "degtyarev_stan" 0x8043
		{Position -749.787 5833.44 43.1257}
		{Orientation
			  0.882496  -0.469735   0.023455
			  0.469451   0.882799   0.016750
			 -0.028574  -0.003771   0.999585
		}
		{DisableObstacles}
		{Player 3}
		{MID 61}
	}
	{Entity "degtyarev_stan" 0x8044
		{Position -1049.1 5993.88 20.3507}
		{Orientation
			 -0.882496   0.469735  -0.023455
			 -0.469451  -0.882799  -0.016750
			 -0.028574  -0.003771   0.999585
		}
		{DisableObstacles}
		{Player 3}
		{MID 62}
	}
	{Entity "ferry" 0x8045
		{Position -1106.01 6007.95 0}
		{Turn -26.5975}
		{Player 3}
		{MID 63}
		
	}
	{Human "rus.tank_com" 0x8046
		{Position -1285.78 6097.76 89.0418}
		{Orientation
			  0.893853  -0.448124  -0.014534
			  0.448035   0.893970  -0.009053
			  0.017050   0.001580   0.999853
		}
		{Extender "inventory"
			{box
				{clear}
				{item "ammo pistol" 70 {cell 6 0}}
				{item "tt" filling "ammo pistol" 8 {cell 0 0}}
			}
			{armor "body"
				{Item "pistol_holder"}
			}
		}
		{DisableObstacles}
		{Player 3}
		{MID 64}
		{Able {select 0}{repair 0}}
		{NameId 79 2}
		{LastItem "tt"}
		{FsmState "board"}
	}
	{Human "rus.tankman" 0x8047
		{Position -1295.03 6078.9 89.2292}
		{Orientation
			  0.893853  -0.448124  -0.014534
			  0.448035   0.893970  -0.009053
			  0.017050   0.001580   0.999853
		}
		{Extender "inventory"
			{box
				{clear}
				{item "tt" filling "ammo pistol" 8 {cell 0 0}}
				{item "ammo pistol" 16 {cell 6 0}}
			}
			{armor "head"
				{Item "helmet1_rus"}
			}
			{armor "body"
				{Item "pistol_holder"}
			}
		}
		{DisableObstacles}
		{Player 3}
		{MID 65}
		{Able {select 0}{repair 0}}
		{NameId 92 29}
		{FsmState "board"}
	}
	{Human "rus.sailor1" 0x8048
		{Position -845.795 5886.33 31.2003}
		{Orientation
			  0.882496  -0.469735   0.023455
			  0.469451   0.882799   0.016750
			 -0.028574  -0.003771   0.999585
		}
		{Extender "inventory"
			{box
				{clear}
				{item "ppsh" filling "ammo pistol" 71 {cell 0 0}}
				{item "ammo pistol" 71 {cell 6 0}}
			}
		}
		{DisableObstacles}
		{Player 3}
		{MID 66}
		{Able {select 0}{repair 0}}
		{NameId 85 81}
		{FsmState "board"}
	}
	{Human "rus.sailor6" 0x8049
		{Position -953.834 5922.88 25.5486}
		{Orientation
			 -0.469451  -0.882799  -0.016750
			  0.882496  -0.469735   0.023455
			 -0.028574  -0.003771   0.999585
		}
		{Extender "inventory"
			{box
				{clear}
				{item "weapon dp" filling "ammo mgun" 47 {cell 0 0}}
				{item "ammo mgun" 47 {cell 6 0}}
			}
		}
		{DisableObstacles}
		{Player 3}
		{MID 67}
		{Able {select 0}{repair 0}}
		{NameId 40 78}
		{FsmState "board"}
	}
	{Human "rus.sailor5" 0x804a
		{Position -1036.63 5986.99 20.6811}
		{Orientation
			 -0.882459   0.469740  -0.024754
			 -0.469448  -0.882799  -0.016850
			 -0.029768  -0.003248   0.999552
		}
		{Extender "inventory"
			{box
				{clear}
			}
		}
		{DisableObstacles}
		{Player 3}
		{MID 68}
		{Able {select 0}{repair 0}}
		{NameId 70 99}
		{FsmState "board"}
	}
	{Human "rus.sailor5" 0x804b
		{Position -762.254 5840.33 42.7953}
		{Orientation
			  0.882533  -0.469730   0.022155
			  0.469454   0.882800   0.016650
			 -0.027380  -0.004293   0.999617
		}
		{Extender "inventory"
			{box
				{clear}
			}
			{armor "body"
				{Item "shoulder_equip3"}
			}
		}
		{DisableObstacles}
		{Player 3}
		{MID 69}
		{Able {select 0}{repair 0}}
		{NameId 57 7}
		{FsmState "board"}
	}
	{Human "rus.sailor3" 0x804c
		{Position -882.036 5896.32 32.5029}
		{Orientation
			  0.882496  -0.469735   0.023455
			  0.469451   0.882799   0.016750
			 -0.028574  -0.003771   0.999585
		}
		{Extender "inventory"
			{box
				{clear}
				{item "svtautomatic" filling "ammo rifle" 10 {cell 0 0}}
				{item "ammo rifle" 40 {cell 7 0}}
			}
		}
		{DisableObstacles}
		{Player 3}
		{MID 70}
		{Able {select 0}{repair 0}}
		{NameId 92 16}
		{FsmState "board"}
	}
	{Human "rus.sailor1" 0x804d
		{Position -858.861 5893.24 33.1538}
		{Orientation
			  0.882496  -0.469735   0.023455
			  0.469451   0.882799   0.016750
			 -0.028574  -0.003771   0.999585
		}
		{Extender "inventory"
			{box
				{clear}
				{item "ppsh" filling "ammo pistol" 71 {cell 0 0}}
				{item "ammo pistol" 71 {cell 6 0}}
			}
		}
		{DisableObstacles}
		{Player 3}
		{MID 71}
		{Able {select 0}{repair 0}}
		{NameId 51 89}
		{FsmState "board"}
	}
	{Human "rus.sailor1" 0x804e
		{Position -874.524 5910.44 32.7709}
		{Orientation
			  0.882496  -0.469735   0.023455
			  0.469451   0.882799   0.016750
			 -0.028574  -0.003771   0.999585
		}
		{Extender "inventory"
			{box
				{clear}
				{item "ppsh" filling "ammo pistol" 71 {cell 0 0}}
				{item "ammo pistol" 71 {cell 6 0}}
			}
		}
		{DisableObstacles}
		{Player 3}
		{MID 72}
		{Able {select 0}{repair 0}}
		{NameId 3 94}
		{FsmState "board"}
	}
	{Human "rus.sailor1" 0x804f
		{Position -958.15 5967.95 24.7949}
		{Orientation
			  0.469451   0.882799   0.016750
			 -0.882496   0.469735  -0.023455
			 -0.028574  -0.003771   0.999585
		}
		{Extender "inventory"
			{box
				{clear}
				{item "ppsh" filling "ammo pistol" 71 {cell 0 0}}
				{item "ammo pistol" 71 {cell 6 0}}
			}
		}
		{DisableObstacles}
		{Player 3}
		{MID 73}
		{Able {select 0}{repair 0}}
		{NameId 47 98}
		{FsmState "board"}
	}
	{Human "rus.sailor2" 0x8050
		{Position -971.484 5932.27 25.0795}
		{Orientation
			 -0.469451  -0.882799  -0.016750
			  0.882496  -0.469735   0.023455
			 -0.028574  -0.003771   0.999585
		}
		{Extender "inventory"
			{box
				{clear}
				{item "weapon dt" filling "ammo mgun" 63 {cell 0 0}}
				{item "ammo mgun" 63 {cell 6 0}}
			}
		}
		{DisableObstacles}
		{Player 3}
		{MID 74}
		{Able {select 0}{repair 0}}
		{NameId 48 74}
		{FsmState "board"}
	}
	{Human "pol.recruit" 0x8051
		{Position 2752.14 5166 91}
		{Extender "inventory"
			{box
				{clear}
				{item "wz.98a" filling "ammo rifle" 5 {cell 0 0}}
				{item "bayonet" {cell 7 0}}
				{item "ammo rifle" 20 {cell 6 0}}
			}
		}
		{Player 1}
		{MID 75}
		{NameId 38 65}
		{FsmState "stand"}
	}
	{Entity "7tp" 0x8052
		{Position 3751.35 -30.4459 126.573}
		{Orientation
			  0.977272  -0.181792  -0.109047
			  0.176632   0.982720  -0.055331
			  0.117222   0.034813   0.992495
		}
		{TexMod "variant1"}
		{Player 1}
		{MID 76}
		
	}
	{Entity "h35_pl" 0x8053
		{Position 3945.42 -1808.92 90.8037}
		{Turn 131.604}
		{TexMod "variant"}
		{Player 1}
		{MID 77}
		
	}
	{Entity "h35_pl" 0x8054
		{Position 3913.28 -1776.66 91.2448}
		{Turn 135.665}
		{TexMod "variant"}
		{Player 1}
		{MID 78}
		
	}
	{Entity "7tpw" 0x8055
		{Position 3727.51 601.574 90.7524}
		{Turn -35.6311}
		{TexMod "variant1"}
		{Player 1}
		{MID 79}
	}
	{Entity "7tp" 0x8056
		{Position 3538.35 -557.034 96.5017}
		{Turn -7.92378}
		{TexMod "variant1"}
		{Player 1}
		{MID 80}
		
	}
	{Entity "wz-34" 0x8057
		{Position -1415.37 973.207 18.6699}
		{Turn 2.0179}
		{TexMod "5579"}
		{Player 1}
		{MID 81}
		
	}
	{Entity "wz-34" 0x8058
		{Position -1453.91 970.282 18.317}
		{Turn 2.8322}
		{Player 1}
		{MID 82}
		
	}
	{Human "pol.tankman" 0x8059
		{Position -1415.37 973.207 18.6699}
		{Orientation
			  0.999278   0.035208   0.014262
			  0.035746  -0.998585  -0.039377
			 -0.012856  -0.039859   0.999123
		}
		{Player 1}
		{MID 83}
		{NameId 38 66}
		{LastItem "vis"}
		{FsmState "board"}
	}
	{Human "pol.tankman" 0x805a
		{Position -1415.37 973.207 18.6699}
		{Orientation
			  0.999278   0.035208   0.014262
			  0.035746  -0.998585  -0.039377
			 -0.012856  -0.039859   0.999123
		}
		{Player 1}
		{MID 84}
		{NameId 32 16}
		{LastItem "vis"}
		{FsmState "board"}
	}
	{Human "pol.tankman" 0x805b
		{Position -1453.91 970.282 18.317}
		{Orientation
			  0.998686   0.049407   0.013579
			  0.049655  -0.998592  -0.018643
			 -0.012639  -0.019293   0.999734
		}
		{Player 1}
		{MID 85}
		{NameId 40 3}
		{LastItem "vis"}
		{FsmState "board"}
	}
	{Human "pol.tankman" 0x805c
		{Position -1453.91 970.282 18.317}
		{Orientation
			  0.998686   0.049407   0.013579
			  0.049655  -0.998592  -0.018643
			 -0.012639  -0.019293   0.999734
		}
		{Player 1}
		{MID 86}
		{NameId 87 26}
		{LastItem "vis"}
		{FsmState "board"}
	}
	{Human "pol.tankman" 0x805d
		{Position 3727.51 601.574 90.7524}
		{Orientation
			  0.812704  -0.582506  -0.014116
			 -0.582502  -0.811626  -0.044213
			 -0.014298  -0.044155   0.998922
		}
		{Player 1}
		{MID 87}
		{NameId 6 43}
		{LastItem "vis"}
		{FsmState "board"}
	}
	{Human "pol.tankman" 0x805e
		{Position 3727.51 601.574 90.7524}
		{Orientation
			  0.812704  -0.582506  -0.014116
			 -0.582502  -0.811626  -0.044213
			 -0.014298  -0.044155   0.998922
		}
		{Player 1}
		{MID 88}
		{NameId 43 29}
		{LastItem "vis"}
		{FsmState "board"}
	}
	{Human "pol.tankman" 0x805f
		{Position 3727.51 601.574 90.7524}
		{Orientation
			  0.812704  -0.582506  -0.014116
			 -0.582502  -0.811626  -0.044213
			 -0.014298  -0.044155   0.998922
		}
		{Extender "inventory"
			{box
				{clear}
				{item "ammo pistol" 70 {cell 6 0}}
				{item "ppsh35" filling "ammo pistol" 35 {cell 0 0}}
			}
		}
		{Player 1}
		{MID 89}
		{NameId 51 94}
		{LastItem "ppsh35"}
		{FsmState "board"}
	}
	{Human "pol.tankman" 0x9002
		{Position 3538.35 -557.034 96.5017}
		{Orientation
			  0.989344  -0.137701  -0.047304
			 -0.134660  -0.988926   0.062390
			  0.055372   0.055355   0.996930
		}
		{Player 1}
		{MID 90}
		{NameId 11 26}
		{LastItem "vis"}
		{FsmState "board"}
	}
	{Human "pol.tankman" 0x9003
		{Position 3538.35 -557.034 96.5017}
		{Orientation
			  0.989344  -0.137701  -0.047304
			 -0.134660  -0.988926   0.062390
			  0.055372   0.055355   0.996930
		}
		{Player 1}
		{MID 91}
		{NameId 52 51}
		{LastItem "vis"}
		{FsmState "board"}
	}
	{Human "pol.tankman" 0x9004
		{Position 3538.35 -557.034 96.5017}
		{Orientation
			  0.989344  -0.137701  -0.047304
			 -0.134660  -0.988926   0.062390
			  0.055372   0.055355   0.996930
		}
		{Extender "inventory"
			{box
				{clear}
				{item "ammo pistol" 70 {cell 6 0}}
				{item "ppsh35" filling "ammo pistol" 35 {cell 0 0}}
			}
		}
		{Player 1}
		{MID 92}
		{NameId 68 43}
		{LastItem "ppsh35"}
		{FsmState "board"}
	}
	{Human "pol.tankman" 0x9005
		{Position 3751.35 -30.4459 126.573}
		{Orientation
			  0.977272  -0.181792  -0.109047
			 -0.176632  -0.982720   0.055331
			  0.117222   0.034813   0.992495
		}
		{Player 1}
		{MID 93}
		{NameId 43 15}
		{LastItem "vis"}
		{FsmState "board"}
	}
	{Human "pol.tankman" 0x9006
		{Position 3751.35 -30.4459 126.573}
		{Orientation
			  0.977272  -0.181792  -0.109047
			 -0.176632  -0.982720   0.055331
			  0.117222   0.034813   0.992495
		}
		{Player 1}
		{MID 94}
		{NameId 24 54}
		{LastItem "vis"}
		{FsmState "board"}
	}
	{Human "pol.tankman" 0x9007
		{Position 3751.35 -30.4459 126.573}
		{Orientation
			  0.977272  -0.181792  -0.109047
			 -0.176632  -0.982720   0.055331
			  0.117222   0.034813   0.992495
		}
		{Extender "inventory"
			{box
				{clear}
				{item "ammo pistol" 70 {cell 6 0}}
				{item "ppsh35" filling "ammo pistol" 35 {cell 0 0}}
			}
		}
		{Player 1}
		{MID 95}
		{NameId 49 51}
		{LastItem "ppsh35"}
		{FsmState "board"}
	}
	{Human "pol.infantry_mgun" 0x8060
		{Position 1794.74 4964.39 91}
		{Turn 160.045}
		{Extender "inventory"
			{box
				{clear}
				{item "rkm" filling "ammo mgun" 20 {cell 0 0}}
				{item "ammo mgun" 100 {cell 6 0}}
			}
		}
		{Player 1}
		{MID 96}
		{NameId 38 67}
		{Cover
			{sector 1794.74 4964.39 {type "squat_lie"}
				{wall 0 0 1755.4 4876.54 1797.6 4992.77}
			}
		}
		{FsmState "squat"}
	}
	{Human "pol.oficer" 0x8061
		{Position 1821.72 5018.39 90.161}
		{Turn 148.331}
		{Player 1}
		{MID 97}
		{NameId 32 17}
		{Cover
			{sector 1821.72 5018.39 {type "squat_lie"}
				{wall 0 0 1792.76 4984.78 1857.68 5090.02}
			}
		}
		{FsmState "squat"}
	}
	{Human "pol.grenadier" 0x8062
		{Position 1849.12 5062.81 91}
		{Turn 148.331}
		{Extender "inventory"
			{box
				{clear}
				{item "ppsh35" filling "ammo pistol" 35 {cell 0 0}}
				{item "ammo pistol" 70 {cell 3 0}}
				{item "grenade gr31" {cell 5 0}}
				{item "grenade rpg40" {cell 6 0}}
			}
		}
		{Player 1}
		{MID 98}
		{NameId 40 4}
		{Cover
			{sector 1849.12 5062.81 {type "squat_lie"}
				{wall 0 0 1792.76 4984.78 1857.68 5090.02}
			}
		}
		{FsmState "squat"}
	}
	{Human "pol.recruit" 0x8063
		{Position 2668.72 4418.53 91}
		{Turn -20.5594}
		{Extender "inventory"
			{box
				{clear}
				{item "wz.98a" filling "ammo rifle" 5 {cell 0 0}}
				{item "bayonet" {cell 7 0}}
				{item "ammo rifle" 20 {cell 6 0}}
			}
		}
		{Player 1}
		{MID 99}
		{NameId 87 27}
		{FsmState "stand"}
	}
	{Human "pol.infantry_rifle" 0x8064
		{Position 3072.95 4317.27 91}
		{Turn 72.3077}
		{Extender "inventory"
			{box
				{clear}
				{item "wz.98a" filling "ammo rifle" 5 {cell 0 0}}
				{item "bayonet" {cell 7 0}}
				{item "ammo rifle" 25 {cell 6 0}}
			}
		}
		{Player 1}
		{MID 100}
		{NameId 6 44}
		{FsmState "stand"}
	}
	{Human "pol.infantry_smg" 0x8065
		{Position 3370.12 4568.02 83}
		{Turn -11.5526}
		{DisableObstacles}
		{Player 1}
		{MID 101}
		{NameId 43 30}
		{FsmState "board"}
	}
	{Human "pol.infantry_rifle" 0x8066
		{Position 3336.67 4520.14 84.2772}
		{Turn -14.1045}
		{Player 1}
		{MID 102}
		{NameId 51 95}
		{Cover
			{sector 3336.67 4520.14 {type "squat_lie"}
				{wall 0 0 3347.22 4533.41 3335.35 4486.17}
			}
		}
		{FsmState "squat"}
	}
	{Human "pol.infantry_rifle" 0x8067
		{Position 3366.67 4632.45 83.6469}
		{Turn -12.9171}
		{Player 1}
		{MID 103}
		{NameId 11 27}
		{Cover
			{sector 3366.67 4632.45 {type "squat_lie"}
				{wall 0 0 3381.28 4664.81 3370.37 4617.24}
			}
		}
		{FsmState "squat"}
	}
	{Human "pol.infantry_smg" 0x8068
		{Position 3237.92 4158.35 78}
		{Turn -18.4534}
		{Player 1}
		{MID 104}
		{NameId 52 52}
		{Cover
			{sector 3237.92 4158.35 {type "snipe_cover"}
				{wall 0 0 3258.91 4199.13 3212.18 4059.09}
			}
		}
		{FsmState "snipe"}
	}
	{Human "pol.infantry_mgun" 0x8069
		{Position 3220.68 4106.67 78.4754}
		{Turn -18.4534}
		{Player 1}
		{MID 105}
		{NameId 68 44}
		{Cover
			{sector 3220.68 4106.67 {type "snipe_cover"}
				{wall 0 0 3258.91 4199.13 3212.18 4059.09}
			}
		}
		{FsmState "snipe"}
	}
	{Human "pol.infantry_rifle" 0x806a
		{Position 3203.88 4058.13 83.8579}
		{Turn -19.3649}
		{Player 1}
		{MID 106}
		{NameId 43 16}
		{Cover
			{sector 3203.88 4058.13 {type "squat_lie"}
				{wall 0 0 3215.13 4069.02 3198.98 4023.07}
			}
		}
		{FsmState "squat"}
	}
	{Human "pol.infantry_rifle" 0x806b
		{Position 3249.42 4192.81 78.5456}
		{Turn -18.4534}
		{Player 1}
		{MID 107}
		{NameId 24 55}
		{Cover
			{sector 3249.42 4192.81 {type "snipe_cover"}
				{wall 0 0 3258.91 4199.13 3212.18 4059.09}
			}
		}
		{FsmState "snipe"}
	}
	{Entity "pointer" 0x806c
		{Position 2000.78 5100.87 91}
	}
	{Entity "pointer" 0x806d
		{Position 1876.41 4835.28 91}
	}
	{Human "pol.grenadier" 0x806e
		{Position 2348.68 5054.74 91}
		{Turn -90.0788}
		{Extender "inventory"
			{box
				{clear}
				{item "ammo pistol" 70 {cell 3 0}}
				{item "grenade gr31" {cell 5 0}}
				{item "grenade rpg40" {cell 6 0}}
			}
		}
		{Player 1}
		{MID 108}
		{Weaponry
			{State
				{Mounted "ppsh35"}
				{Weapon
					{Ammo "ammo pistol" 35}
				}
			}
		}
		{NameId 38 68}
		{FsmState "stand"}
	}
	{Human "pol.grenadier" 0x806f
		{Position 2769.75 4488.22 91}
		{Turn 80.8222}
		{Extender "inventory"
			{box
				{clear}
				{item "ammo pistol" 70 {cell 3 0}}
				{item "grenade gr31" {cell 7 0}}
				{item "grenade rpg40" {cell 5 0}}
			}
		}
		{Player 1}
		{MID 109}
		{Weaponry
			{State
				{Mounted "ppsh35"}
				{Weapon
					{Ammo "ammo pistol" 35}
				}
			}
		}
		{NameId 32 18}
		{FsmState "stand"}
	}
	{Human "pol.infantry_mgun" 0x8070
		{Position 2699.21 4516.77 91}
		{Turn 80.8222}
		{Extender "inventory"
			{box
				{clear}
				{item "ammo mgun" 100 {cell 6 0}}
			}
		}
		{Player 1}
		{MID 110}
		{Weaponry
			{State
				{Mounted "rkm"}
				{Weapon
					{Ammo "ammo mgun" 20}
				}
			}
		}
		{NameId 40 5}
		{FsmState "stand"}
	}
	{Human "pol.infantry_mgun" 0x8071
		{Position 2924.14 5010.68 293.559}
		{Turn -45.089}
		{DisableObstacles}
		{Player 1}
		{MID 111}
		{NameId 87 28}
		{Cover
			{sector 2924.14 5010.68 {type "squat_lie"}
				{wall 0 0 2936.17 5012.79 2922 4998.67}
			}
		}
		{FsmState "squat"}
	}
	{Human "pol.infantry_rifle" 0x8072
		{Position 2686.46 4486.27 91}
		{Turn 80.8222}
		{Extender "inventory"
			{box
				{clear}
				{item "ammo rifle" 25 {cell 4 0}}
				{item "grenade gr31" {cell 5 0}}
				{item "grenade gr31" {cell 6 0}}
				{item "bayonet" {cell 7 0}}
			}
		}
		{Player 1}
		{MID 112}
		{Weaponry
			{State
				{Mounted "wz.98a"}
				{Weapon
					{Ammo "ammo rifle" 5}
				}
			}
		}
		{NameId 6 45}
		{FsmState "stand"}
	}
	{Human "pol.infantry_rifle" 0x8073
		{Position 2708.59 4477.36 91}
		{Turn 80.8222}
		{Extender "inventory"
			{box
				{clear}
				{item "bayonet" {cell 7 0}}
				{item "ammo rifle" 25 {cell 6 0}}
			}
		}
		{Player 1}
		{MID 113}
		{Weaponry
			{State
				{Mounted "wz.98a"}
				{Weapon
					{Ammo "ammo rifle" 5}
				}
			}
		}
		{NameId 43 31}
		{FsmState "stand"}
	}
	{Human "pol.infantry_rifle" 0x8074
		{Position 2734.52 4467.63 91}
		{Turn 80.8222}
		{Extender "inventory"
			{box
				{clear}
				{item "bayonet" {cell 7 0}}
				{item "ammo rifle" 25 {cell 6 0}}
			}
		}
		{Player 1}
		{MID 114}
		{Weaponry
			{State
				{Mounted "wz.98a"}
				{Weapon
					{Ammo "ammo rifle" 5}
				}
			}
		}
		{NameId 51 96}
		{FsmState "stand"}
	}
	{Human "pol.infantry_rifle" 0x8075
		{Position 2754.31 4460.61 91}
		{Turn 80.8222}
		{Extender "inventory"
			{box
				{clear}
				{item "ammo rifle" 25 {cell 4 0}}
				{item "grenade gr31" {cell 5 0}}
				{item "grenade gr31" {cell 6 0}}
				{item "bayonet" {cell 7 0}}
			}
		}
		{Player 1}
		{MID 115}
		{Weaponry
			{State
				{Mounted "wz.98a"}
				{Weapon
					{Ammo "ammo rifle" 5}
				}
			}
		}
		{NameId 11 28}
		{FsmState "stand"}
	}
	{Human "pol.infantry_rifle" 0x8076
		{Position 2376.23 4523.56 91}
		{Extender "inventory"
			{box
				{clear}
				{item "ammo rifle" 25 {cell 4 0}}
				{item "grenade gr31" {cell 5 0}}
				{item "grenade gr31" {cell 6 0}}
				{item "bayonet" {cell 7 0}}
			}
		}
		{Player 1}
		{MID 116}
		{Weaponry
			{State
				{Mounted "wz.98a"}
				{Weapon
					{Ammo "ammo rifle" 5}
				}
			}
		}
		{NameId 52 53}
		{FsmState "stand"}
	}
	{Human "pol.infantry_rifle" 0x8077
		{Position 2309.36 4480.95 99.0118}
		{Turn -153.37}
		{Extender "inventory"
			{box
				{clear}
				{item "wz.98a" filling "ammo rifle" 5 {cell 0 0}}
				{item "bayonet" {cell 7 0}}
				{item "ammo rifle" 25 {cell 6 0}}
			}
		}
		{DisableObstacles}
		{Player 1}
		{MID 117}
		{NameId 68 45}
		{FsmState "board"}
	}
	{Human "pol.infantry_rifle" 0x8078
		{Position 2419.69 5067.57 91}
		{Turn -106.845}
		{Extender "inventory"
			{box
				{clear}
				{item "bayonet" {cell 7 0}}
				{item "ammo rifle" 25 {cell 6 0}}
			}
		}
		{Player 1}
		{MID 118}
		{Weaponry
			{State
				{Mounted "wz.98a"}
				{Weapon
					{Ammo "ammo rifle" 5}
				}
			}
		}
		{NameId 43 17}
		{FsmState "stand"}
	}
	{Human "pol.infantry_rifle" 0x8079
		{Position 2387.85 5074.01 91}
		{Turn -106.845}
		{Extender "inventory"
			{box
				{clear}
				{item "bayonet" {cell 7 0}}
				{item "ammo rifle" 25 {cell 6 0}}
			}
		}
		{Player 1}
		{MID 119}
		{Weaponry
			{State
				{Mounted "wz.98a"}
				{Weapon
					{Ammo "ammo rifle" 5}
				}
			}
		}
		{NameId 24 56}
		{FsmState "stand"}
	}
	{Human "pol.infantry_smg" 0x807a
		{Position 2900.72 4489.03 91}
		{Turn 69.7859}
		{Extender "inventory"
			{box
				{clear}
				{item "ammo pistol" 70 {cell 3 0}}
				{item "grenade gr31" {cell 5 0}}
			}
		}
		{Player 1}
		{MID 120}
		{Weaponry
			{State
				{Mounted "ppsh35"}
				{Weapon
