;Exported by: ubrashaev
;Date:        Wed Sep 29 10:32:10 2004
;File:        D:\-Projects-\-work-\3d\construction\oldfarm\oldfarm_x.max
{Skeleton
	{animation
		{sequence "crush" {speed 0.6}}
	}
	{bone "oldfarm_corner1"
		{parameters "CommonMesh;"}
		{Orientation
			1.0000	0.0000	0.0000
			0.0000	-1.0000	0.0000
			0.0000	0.0000	1.0000
		}
		{VolumeView "oldfarm_corner1.ply"}
		{bone "exterior"
			{Position -5.6458	-30.5480	58.7817}
		}
		{bone "piece2"
			{Matrix34
				-0.0000	-1.0000	-0.0000
				1.0000	-0.0000	0.0000
				-0.0000	-0.0000	1.0000
				-40.2956	4.0955	14.4054
			}
			{VolumeView "piece2.ply"}
		}
		{bone "piece3"
			{Matrix34
				-0.0000	-1.0000	-0.0000
				1.0000	-0.0000	0.0000
				-0.0000	-0.0000	1.0000
				-36.9206	10.2432	44.4041
			}
			{VolumeView "piece3.ply"}
		}
		{bone "piece5"
			{Matrix34
				-0.0000	-1.0000	-0.0000
				1.0000	-0.0000	0.0000
				-0.0000	-0.0000	1.0000
				-36.9206	-37.2806	15.1864
			}
			{VolumeView "piece5.ply"}
		}
		{bone "piece1"
			{Matrix34
				-0.0000	-1.0000	-0.0000
				1.0000	-0.0000	0.0000
				-0.0000	-0.0000	1.0000
				-38.8407	36.7767	8.1626
			}
			{VolumeView "piece1.ply"}
		}
		{bone "piece4"
			{Matrix34
				-0.0000	-1.0000	-0.0000
				1.0000	-0.0000	0.0000
				-0.0000	-0.0000	1.0000
				-34.7027	-36.7408	47.0633
			}
			{VolumeView "piece4.ply"}
		}
		{bone "piece6"
			{Matrix34
				-1.0000	0.0000	-0.0000
				-0.0000	-1.0000	0.0000
				-0.0000	0.0000	1.0000
				-9.1517	-68.3180	47.0633
			}
			{VolumeView "piece6.ply"}
		}
		{bone "piece7"
			{Matrix34
				-1.0000	0.0000	-0.0000
				-0.0000	-1.0000	0.0000
				-0.0000	0.0000	1.0000
				12.9690	-68.6780	15.7399
			}
			{VolumeView "piece7.ply"}
		}
	}
}
{Volume "piece7"
	{Box 7.26001 27.1442 16.3996}
	{Bone "piece7"}
	{Matrix34
		-0.0000	1.0000	0.0000
		-0.9848	-0.0000	-0.1736
		-0.1736	-0.0000	0.9848
		1.2648	0.2551	-0.6529
	}
}
{Volume "piece6"
	{Box 7.8375 23.8911 19.0011}
	{Bone "piece6"}
	{Matrix34
		-0.0000	1.0000	-0.0000
		0.9397	0.0000	0.3420
		0.3420	0.0000	-0.9397
		2.5284	0.2280	-1.4770
	}
}
{Volume "piece4"
	{Box 7.8375 23.8911 19.0011}
	{Bone "piece4"}
	{Matrix34
		0.0000	-1.0000	0.0000
		-0.9397	-0.0000	0.3420
		-0.3420	-0.0000	-0.9397
		-2.5284	-0.2280	-1.4770
	}
}
{Volume "piece1"
	{Box 6.14249 36.3617 17.3278}
	{Bone "piece1"}
	{Matrix34
		-0.0000	1.0000	-0.0000
		-1.0000	-0.0000	-0.0000
		0.0000	0.0000	1.0000
		1.0663	-0.0000	-0.0000
	}
}
{Volume "piece5"
	{Box 6.74999 32.6409 18.0509}
	{Bone "piece5"}
	{Matrix34
		-0.0000	1.0000	-0.0000
		-0.9397	-0.0000	-0.3420
		-0.3420	-0.0000	0.9397
		-0.4567	-0.0000	-0.9353
	}
}
{Volume "piece3"
	{Box 6.74999 20.5033 25.6362}
	{Bone "piece3"}
	{Matrix34
		-0.0000	1.0000	-0.0000
		-0.7660	-0.0000	-0.6428
		-0.6428	-0.0000	0.7660
		0.1155	-0.0000	-0.3366
	}
}
{Volume "piece2"
	{Box 6.36848 14.1839 23.4682}
	{Bone "piece2"}
	{Matrix34
		-0.0000	1.0000	-0.0000
		-0.9063	-0.0000	-0.4226
		-0.4226	-0.0000	0.9063
		2.7934	3.7430	-3.7324
	}
}
