;MDL File generated by SOEdit 0.41r
;Model created by: <A.G.(ирјр)>
;Date:        Oct 15 2005
{Skeleton
	{animation
		{sequence "start"}
		{sequence "stop"}
		{sequence "fire00"}
		{sequence "fire01"}
		{sequence "fire02"}
		{sequence "fire03"}
		{sequence "doorleft"}
		{sequence "doorright"}
		{sequence "hit" {speed 0.5}}
	}
	{bone "Basis"
		{parameters "WheelRadius=0.5;SteerMax=30;"}
		{Orientation
			1.0000	0.0000	0.0000
			0.0000	-1.0000	0.0000
			0.0000	0.0000	1.0000
		}
		{bone "Pivot_back"
			{Position -27.0679	0.7153	12.5948}
			{bone "spring_L"
				{parameters "ID=trackleft;"}
				{Position 0.1990	11.9811	1.9186}
				{bone "WheelL"
					{parameters "ID=trackleft;"}
					{Matrix34
						-1.0000	0.0000	-0.0000
						-0.0000	0.0060	1.0000
						0.0000	1.0000	-0.0060
						0.7476	5.1519	-5.3333
					}
					{VolumeView "WheelL.ply"}
					{bone "FXTraceL2"
						{Matrix34
							0.8932	0.4497	0.0033
							0.0067	-0.0060	-1.0000
							-0.4497	0.8931	-0.0083
							7.5698	-7.8146	-1.9979
						}
					}
					{bone "TrackL"
						{parameters "ID=trackleft;"}
						{Matrix34
							1.0000	0.0000	0.0000
							-0.0000	-0.0289	0.9996
							-0.0000	0.9996	0.0289
							-0.2103	2.3456	-1.2735
						}
						{VolumeView "TrackL.ply"}
					}
				}
			}
			{bone "spring_R"
				{Position 0.1990	-12.0706	2.3384}
				{bone "WheelR"
					{parameters "ID=trackright;"}
					{Matrix34
						-1.0000	-0.0000	0.0000
						0.0000	-0.0000	1.0000
						0.0000	-1.0000	-0.0000
						0.7476	-6.4260	-5.7532
					}
					{VolumeView "WheelR.ply"}
					{bone "TrackR"
						{parameters "ID=trackright;"}
						{Matrix34
							1.0000	-0.0000	-0.0000
							-0.0000	-0.0349	-0.9994
							0.0000	0.9994	-0.0349
							-0.2103	2.3531	-1.4319
						}
						{VolumeView "TrackR.ply"}
					}
				}
			}
			{bone "FXTraceR2"
				{Matrix34
					-0.8932	0.0060	0.4497
					-0.0067	-1.0000	-0.0000
					0.4497	-0.0030	0.8932
					-6.8123	-15.1538	-11.1222
				}
			}
		}
		{bone "Body"
			{parameters "ID=body;"}
			{Position 3.9974	0.2593	12.7956}
			{VolumeView "Body.ply"}
				{bone "doorL"
					{parameters "ID=body;"}
					{Matrix34
						-1.0000	0.0000	0.0000
						0.0000	0.0000	1.0000
						0.0000	1.0000	-0.0000
						12.0525	20.2393	13.4322
					}
					{VolumeView "doorL.ply"}
				}
				{bone "doorR"
					{parameters "ID=body;"}
					{Matrix34
						-1.0000	-0.0000	0.0000
						0.0000	0.0000	1.0000
						0.0000	-1.0000	0.0000
						12.0525	-20.3802	13.4322
					}
					{VolumeView "doorR.ply"}
				}
				{bone "Driver"
					{Matrix34
						0.9397	-0.0000	0.3420
						0.0000	1.0000	0.0000
						-0.3420	0.0000	0.9397
						5.8221	10.5685	-1.7845
					}
				}
				{bone "Commander"
					{Matrix34
						0.9397	-0.0000	0.3420
						0.0000	1.0000	0.0000
						-0.3420	0.0000	0.9397
						5.8221	-9.4315	-1.7845
					}
				}
				{bone revolute "turret"
					{parameters "ID=turret;"}
					{speed 0.0350}
					{Matrix34
						0.0000	1.0000	0.0000
						-1.0000	0.0000	0.0000
						0.0000	0.0000	1.0000
						-37.8585	-0.3213	17.2854
					}
					{VolumeView "turret.ply"}
					{bone "Visor1"
						{Matrix34
							0.0000	-1.0000	0.0000
							1.0000	0.0000	0.0000
							0.0000	0.0000	1.0000
							0.0000	-5.5000	22.5000
						}
					}
					{bone revolute "gun_rot"
					{limits -5.0000 30.0000}
					{speed 0.0200}
					{Matrix34
						0.0000	-1.0000	0.0000
						-0.0000	0.0000	1.0000
						-1.0000	0.0000	-0.0000
						0.0354	4.303	16.1328
					}
					{VolumeView "gun_rot.ply"}
					{bone "gunner"
						{Matrix34
							0.9999	-0.0118	0.0064
							0.0066	0.015	-0.9998
							0.0118	0.9997	0.0153
							-2.7395	-23.1105	-0.3729
						}
					}
					{bone "gun2"
						{parameters "ID=gun;"}
						{Matrix34
							-0.0000	-0.9994	0.0349
							-0.0000	-0.0349	-0.9994
							1.0000	-0.0000	-0.0000
							7.5159	2.4136	4.9879
						}
						{VolumeView "gun2.ply"}
						{bone "shooter03"
							{Matrix34
								-0.0000	-0.0087	1.0000
								-0.0000	-1.0000	-0.0087
								1.0000	-0.0000	0.0000
								0.1964	-5.0361	33.2835
							}
						}
					}
					{bone "gun4"
						{parameters "ID=gun;"}
						{Matrix34
							0.0000	0.9994	-0.0349
							-0.0000	-0.0349	-0.9994
							1.0000	-0.0000	-0.0000
							7.5159	2.4136	-5.1763
						}
						{VolumeView "gun4.ply"}
						{bone "shooter02"
							{Matrix34
								0.0000	-0.0087	1.0000
								0.0000	-1.0000	-0.0087
								-1.0000	0.0000	0.0000
								0.2285	4.5361	33.2835
							}
						}
					}
					{bone "gun3"
						{parameters "ID=gun;"}
						{Matrix34
							0.0000	0.9994	-0.0349
							-0.0000	-0.0349	-0.9994
							1.0000	-0.0000	-0.0000
							7.5159	-3.5217	-5.3329
						}
						{VolumeView "gun3.ply"}
						{bone "shooter00"
							{Matrix34
								0.0000	-0.0087	1.0000
								0.0000	-1.0000	-0.0087
								-1.0000	0.0000	0.0000
								0.0719	4.5052	33.3338
							}
						}
					}
					{bone "gun1"
						{parameters "ID=gun;"}
						{Matrix34
							-0.0000	-0.9994	0.0349
							-0.0000	-0.0349	-0.9994
							1.0000	-0.0000	-0.0000
							7.5159	-3.5217	5.1446
						}
						{VolumeView "gun1.ply"}
						{bone "shooter01"
							{Matrix34
								-0.0000	-0.0087	1.0000
								-0.0000	-1.0000	-0.0087
								1.0000	-0.0000	0.0000
								0.0399	-5.2052	33.3338
							}
						}
					}
					{bone "Foresight1"
						{Matrix34
							1.0000	0.0087	-0.0000
							-0.0087	1.0000	0.0000
							0.0000	-0.0000	1.0000
							41.7995	-0.3855	-0.0574
						}
					}
					{bone "FXshell4"
						{Matrix34
							-0.0000	-0.2588	-0.9659
							-1.0000	0.0000	0.0000
							-0.0000	-0.9659	0.2588
							3.3950	1.8479	-12.8624
						}
					}
					{bone "FXshell3"
						{Matrix34
							-0.0000	-0.2588	-0.9659
							-1.0000	0.0000	0.0000
							-0.0000	-0.9659	0.2588
							3.3950	-4.0208	-12.3674
						}
					}
					{bone "FXshell1"
						{Matrix34
							0.0000	-0.2588	0.9659
							-1.0000	0.0000	0.0000
							-0.0000	-0.9659	-0.2588
							3.3950	-4.0208	12.5493
						}
					}
					{bone "FXshell2"
						{Matrix34
							0.0000	-0.2588	0.9659
							-1.0000	0.0000	0.0000
							-0.0000	-0.9659	-0.2588
							3.3950	1.8479	12.0443
						}
					}
				}
			}
			{bone "FXfire1"
				{Matrix34
					-0.0000	0.0000	1.0000
					-1.0000	-0.0000	0.0000
					0.0000	-1.0000	0.0000
					35.6801	0.1307	3.9766
				}
			}
			{bone "FXsmoke1"
				{Matrix34
					-0.6594	-0.7067	-0.2560
					-0.6992	0.7017	-0.1363
					0.2760	0.0890	-0.9569
					-4.3933	-19.2171	-3.9775
				}
			}
			{bone "engine"
				{parameters "ID=engine;"}
				{Position 34.4033	-0.2324	9.0736}
				{VolumeView "engine.ply"}
			}
			{bone "Visor2"
				{Position 18.6484	9.9998	23.3646}
			}
			{bone revolute "WheelR2"
				{parameters "ID=wheelright2;"}
				{Matrix34
					-1.0000	-0.0000	0.0000
					0.0000	0.0000	1.0000
					-0.0000	1.0000	0.0000
					-50.9266	-0.2603	1.9993
				}
				{VolumeView "WheelR2.ply"}
			}
			{bone revolute "WheelL2"
				{parameters "ID=wheelleft2;"}
				{Matrix34
					-1.0000	-0.0000	0.0000
					0.0000	0.0000	1.0000
					-0.0000	1.0000	-0.0000
					-8.5510	-0.2704	1.9993
				}
				{VolumeView "WheelL2.ply"}
			}
		}
		{bone "Pivot_front"
			{Position 42.5585	0.7153	12.5948}
			{bone revolute "steer_L1"
				{Matrix34
					-1.0000	0.0000	-0.0000
					0.0000	1.0000	0.0000
					0.0000	0.0000	-1.0000
					-0.5349	12.9968	-2.4145
				}
				{bone revolute "wheel_L1"
					{parameters "ID=wheelleft1;"}
					{Matrix34
						1.0000	-0.0000	0.0000
						0.0000	0.0000	-1.0000
						0.0000	1.0000	0.0000
						0.0000	2.8947	-0.0000
					}
					{VolumeView "wheel_L1.ply"}
				}
				{bone "FXtraceL1"
					{Matrix34
						1.0000	-0.0001	0.0037
						-0.0000	0.9994	0.0349
						0.0037	0.0349	-0.9994
						3.9500	1.0386	8.1772
					}
				}
			}
			{bone revolute "steer_R1"
				{Matrix34
					-1.0000	0.0000	-0.0000
					0.0000	1.0000	0.0000
					0.0000	0.0000	-1.0000
					-0.5349	-12.8071	-2.4145
				}
				{bone revolute "wheel_R1"
					{parameters "ID=wheelright1;"}
					{Matrix34
						1.0000	-0.0000	0.0000
						0.0000	0.0000	-1.0000
						0.0000	1.0000	0.0000
						0.0000	-4.3667	-0.0000
					}
					{VolumeView "wheel_R1.ply"}
				}
				{bone "FXtraceR1"
					{Matrix34
						1.0000	-0.0001	0.0037
						-0.0000	0.9994	0.0349
						0.0037	0.0349	-0.9994
						3.9501	-2.0419	8.1772
					}
				}
			}
		}
		{bone "emit2"
			{parameters "Group=crew;"}
			{Matrix34
				-0.0000	1.0000	0.0000
				-1.0000	-0.0000	0.0000
				0.0000	0.0000	1.0000
				1.7196	-33.7503	0.0000
			}
			{visibility 0}
		}
		{bone "emit3"
			{parameters "Group=passengers;"}
			{Position -76.9956	1.0950	-0.0000}
			{visibility 0}
		}
		{bone "emit1"
			{parameters "Group=crew;"}
			{Matrix34
				-0.0000	-1.0000	0.0000
				1.0000	-0.0000	-0.0000
				0.0000	-0.0000	1.0000
				1.5753	34.1672	0.6605
			}
			{visibility 0}
		}
	}
}
{Volume "wheelright1"
	{Cylinder 9.5 5.52087}
	{Bone "wheel_R1"}
	{Matrix34
		-1.0000	-0.0000	-0.0000
		-0.0000	1.0000	-0.0000
		0.0000	-0.0000	-1.0000
		-0.0000	-0.0000	-0.0242
	}
}
{Volume "wheelleft1"
	{Cylinder 9.5 5.52087}
	{Bone "wheel_L1"}
	{Matrix34
		-1.0000	-0.0000	-0.0000
		-0.0000	1.0000	-0.0000
		0.0000	-0.0000	-1.0000
		-0.0000	0.0000	0.0377
	}
}
{Volume "inventory"
	{Box 23.6172 23.4778 7.55711}
	{Bone "Body"}
	{Position -43.1693	-0.1229	3.3064}
}
{Volume "Body3"
	{Box 18.8038 39.6584 20.088}
	{Bone "Body"}
	{Position 3.5219	-0.1229	17.3007}
}
{Volume "Body2"
	{Box 53.8038 39.6584 16.088}
	{Bone "Body"}
	{Position -32.8781	-0.1229	14.5007}
}
{Volume "Body1"
	{Box 118.189 26.8395 9.3}
	{Bone "Body"}
	{Position 0.6967	-0.1229	3.0890}
}
{Volume "engine"
	{Polyhedron "engine.vol"}
	{Bone "engine"}
	{Matrix34
		-0.0000	1.0000	0.0000
		-1.0000	-0.0000	0.0000
		-0.0000	-0.0000	1.0000
		-0.4431	-0.8387	-8.9303
	}
}
{Volume "turret"
	{Cylinder 10.4322 20.98718}
	{Bone "turret"}
	{Matrix34
		-0.0000	-1.0000	0.0000
		1.0000	-0.0000	0.0000
		0.0000	0.0000	1.0000
		-0.1739	-0.1098	7.2408
	}
}
{Volume "trackright"
	{Box 54.7813 5.6983 20.3067}
	{Bone "WheelR"}
	{Matrix34
		1.0000	0.0000	-0.0000
		-0.0000	-0.0000	-1.0000
		-0.0000	1.0000	-0.0000
		-0.8395	1.0988	-1.2686
	}
}
{Volume "trackleft"
	{Box 54.7813 5.6983 20.3067}
	{Bone "WheelL"}
	{Matrix34
		-1.0000	-0.0000	0.0000
		-0.0000	0.0060	1.0000
		-0.0000	1.0000	-0.0060
		-0.8396	1.0924	-1.0666
	}
}
