;MDL File generated by SOEdit 0.41r
;Model created by: <A.G.(ирјр)>
;Date:        Oct 26 2005
{Skeleton
	{animation
		{sequence "start"}
		{sequence "stop"}
		{sequence "fire"}
		{sequence "shield_right_r"}
		{sequence "shield_left_r"}
		{sequence "hit"}
		{sequence "open" {resume}}
	}
	{bone "Basis"
		{Orientation
			1.0000	0.0000	0.0000
			0.0000	-1.0000	0.0000
			0.0000	0.0000	1.0000
		}
		{bone "Body"
			{parameters "ID=body;"}
			{animation
				{sequence "repair" {file "body_r.anm"}}
			}
			{Position 1.3827	-1.0005	19.8671}
			{VolumeView "Body.ply"}
				{bone "luk1"
					{parameters "ID=body;"}
					{Matrix34
						1.0000	0.0000	0.0000
						0.0000	0.9958	-0.0915
						-0.0000	0.0915	0.9958
						1.4473	1.7033	2.3295
					}
					{bone "Cower1"
						{parameters "ID=body;"}
						{Matrix34
							1.0000	0.0000	-0.0000
							0.0000	0.9962	0.0872
							0.0000	-0.0872	0.9962
							-0.3360	-13.4848	16.5510
						}
						{VolumeView "Cower1.ply"}
					}
				}
				{bone "luk2"
					{parameters "ID=body;"}
					{Matrix34
						0.9177	-0.0029	0.3971
						0.0360	0.9964	-0.07596
						-0.3955	0.0840	0.9145
						3.1783	2.0231	5.2961
					}
					{bone "Cower2"
						{parameters "ID=body;"}
						{Matrix34
							1.0000	0.0000	-0.0000
							0.0000	0.9962	0.0872
							0.0000	-0.0872	0.9962
							-12.3947	-13.4848	16.5510
						}
						{VolumeView "Cower2.ply"}
					}
				}
				{bone revolute "turret"
					{speed 0.0550}
					{Matrix34
						-0.0000	-1.0000	0.0000
						0.9999	-0.0000	-0.0103
						0.0103	-0.0000	0.9999
						3.6383	12.4214	23.9449
					}
					{VolumeView "Turret.ply"}
					{bone revolute "MGun"
						{parameters "ID=turret;"}
						{limits -10.0000 15.0000}
						{speed 0.0150}
						{Matrix34
							0.0141	0.9999	-0.0037
							-0.0070	0.0038	1.0000
							0.9999	-0.0140	0.0070
							-0.4408	-1.3025	-0.2932
						}
					}
				}
			{bone "FXfire1"
				{Matrix34
					0.0000	-0.0000	1.0000
					-0.0000	-1.0000	0.0000
					1.0000	-0.0000	-0.0000
					-30.1328	1.1073	6.7187
				}
				{visibility 0}
			}
			{bone "FXshot"
				{Matrix34
					0.0000	-0.0000	1.0000
					-0.0000	-1.0000	0.0000
					1.0000	-0.0000	-0.0000
					-2.7927	-13.1395	5.9721
				}
				{visibility 0}
			}
			{bone "FXsmoke1"
				{Matrix34
					-0.9990	0.0000	0.0441
					-0.0000	-1.0000	-0.0000
					0.0441	0.0000	0.9990
					-52.1339	15.4736	8.1497
				}
				{visibility 0}
			}
			{bone "FXfire2"
				{Matrix34
					0.0000	-0.0000	1.0000
					-0.0000	-1.0000	0.0000
					1.0000	-0.0000	-0.0000
					-4.1064	11.1726	9.7319
				}
				{visibility 0}
			}
			{bone "Visor1"
				{Position 15.3126	5.7691	23.5979}
				{visibility 0}
			}
			{bone revolute "WheelL1"
				{parameters "ID=trackleft;"}
				{Matrix34
					0.0000	-0.0000	1.0000
					1.0000	0.0000	-0.0000
					-0.0000	1.0000	0.0000
					44.2574	27.4906	-5.7479
				}
				{VolumeView "WheelL1.ply"}
			}
			{bone revolute "WheelR1"
				{parameters "ID=trackright;"}
				{Matrix34
					0.0000	0.0000	1.0000
					1.0000	0.0000	0.0000
					-0.0000	-1.0000	0.0000
					44.2574	-27.7770	-5.7479
				}
				{VolumeView "WheelR1.ply"}
			}
			{bone revolute "WheelR2"
				{parameters "ID=trackright;"}
				{Matrix34
					0.0000	0.0000	1.0000
					1.0000	0.0000	0.0000
					-0.0000	-1.0000	0.0000
					-43.5190	-27.9770	-6.2977
				}
				{VolumeView "WheelR2.ply"}
			}
			{bone revolute "WheelL2"
				{parameters "ID=trackleft;"}
				{Matrix34
					0.0000	-0.0000	1.0000
					1.0000	0.0000	0.0000
					-0.0000	1.0000	0.0000
					-43.5190	26.8870	-6.0077
				}
				{VolumeView "WheelL2.ply"}
			}
			{bone revolute "shield_right"
				{parameters "ID=shield_right;"}
				{animation
					{sequence "hit" {file "shield_right_r.anm"} {speed 0.5}}
				}
				{Matrix34
					-1.0000	-0.0000	0.0000
					0.0000	-0.0688	0.9976
					0.0000	-0.9976	-0.0688
					-4.0849	-31.2658	3.0002
				}
				{VolumeView "board_right.ply"}
			}
			{bone revolute "shield_left"
				{parameters "ID=shield_left;"}
				{animation
					{sequence "hit" {file "shield_left_r.anm"} {speed 0.5}}
				}
				{Matrix34
					-1.0000	0.0000	0.0000
					0.0000	0.0688	0.9976
					0.0000	0.9976	-0.0688
					-4.0849	30.1168	3.0002
				}
				{VolumeView "board_left.ply"}
			}
			{bone revolute "gun_vert"
				{limits -8.0000 8.0000}
				{Position 40.8893	-8.0462	10.8462}
				{bone revolute "gun_rot"
					{parameters "ID=gun;"}
					{animation
						{sequence "repair" {file "gun_r.anm"}}
					}
					{limits -15.0000 10.0000}
					{Matrix34
						-1.0000	0.0000	-0.0000
						0.0000	0.0000	1.0000
						0.0000	1.0000	-0.0000
						-6.1525	0.0636	-0.1157
					}
					{VolumeView "gun_rot.ply"}
					{bone "gun"
						{parameters "ID=gun;"}
						{Matrix34
							1.0000	-0.0080	-0.0000
							0.0080	1.0000	-0.0000
							-0.0000	-0.0000	1.0000
							-23.4754	0.4310	-0.0449
						}
						{VolumeView "gun.ply"}
						{bone "Foresight1"
							{Matrix34
								-1.0000	-0.0080	0.0000
								0.0000	-0.0000	1.0000
								-0.0080	1.0000	-0.0000
								-34.5897	-0.5910	-0.0187
							}
						}
					}
				}
			}
		}
		{bone "WheelsL"
			{parameters "ID=trackleft;"}
			{Matrix34
				-1.0000	0.0000	-0.0000
				0.0000	0.0000	1.0000
				0.0000	1.0000	-0.0000
				3.6125	26.4901	11.4531
			}
			{VolumeView "WheelsL.ply"}
			{bone revolute "wheelL3"
				{Position -27.2042	-2.8740	-2.5000}
				{VolumeView "wheelL3.ply"}
			}
			{bone revolute "wheelL4"
				{Position -7.5933	-3.0740	-2.3000}
				{VolumeView "wheelL4.ply"}
			}
			{bone revolute "wheelL5"
				{Position 12.8000	-2.6740	-2.4000}
				{VolumeView "wheelL5.ply"}
			}
			{bone revolute "wheelL6"
				{Position 31.5237	-2.6740	-2.3000}
				{VolumeView "wheelL6.ply"}
			}
			{bone "FXtraceL1"
				{Matrix34
					1.0000	0.0000	-0.0000
					-0.0000	0.0000	-1.0000
					-0.0000	1.0000	-0.0000
					3.6725	-9.5279	-3.5759
				}
				{visibility 0}
			}
			{bone "FXtraceL2"
				{Matrix34
					0.9397	0.3420	-0.0000
					-0.0000	-0.0000	-1.0000
					-0.3420	0.9397	0.0000
					50.9309	-4.1359	-3.5759
				}
				{visibility 0}
			}
			{bone "TrackL"
				{parameters "ID=trackleft;"}
				{Matrix34
					1.0000	0.0055	0.0000
					-0.0055	1.0000	-0.0000
					-0.0000	0.0000	1.0000
					3.8306	3.1622	-3.4084
				}
				{VolumeView "TrackL.ply"}
			}
		}
		{bone "WheelsR"
			{parameters "ID=trackright;"}
			{Matrix34
				-1.0000	0.0000	-0.0000
				-0.0000	0.0000	1.0000
				-0.0000	-1.0000	0.0000
				3.6125	-28.7775	11.4531
			}
			{VolumeView "WheelsR.ply"}
			{bone revolute "wheelR3"
				{Position -27.1933	-2.4000	-2.4000}
				{VolumeView "wheelR3.ply"}
			}
			{bone revolute "wheelR4"
				{Position -7.5000	-2.4000	-2.4000}
				{VolumeView "wheelR4.ply"}
			}
			{bone revolute "wheelR5"
				{Position 12.8237	-2.6000	-2.4000}
				{VolumeView "wheelR5.ply"}
			}
			{bone revolute "wheelR6"
				{Position 31.5225	-2.6000	-2.3000}
				{VolumeView "wheelR6.ply"}
			}
			{bone "FXtraceR1"
				{Matrix34
					1.0000	0.0000	0.0000
					-0.0000	-0.0000	1.0000
					-0.0000	1.0000	-0.0000
					3.6725	-9.5279	-3.9415
				}
				{visibility 0}
			}
			{bone "FXtraceR2"
				{Matrix34
					0.9397	0.3420	0.0000
					-0.0000	-0.0000	1.0000
					-0.3420	0.9397	-0.0000
					50.9309	-4.1359	-3.9415
				}
				{visibility 0}
			}
			{bone "TrackR"
				{parameters "ID=trackright;"}
				{Matrix34
					1.0000	0.0000	-0.0000
					0.0000	1.0000	0.0000
					-0.0000	0.0000	-1.0000
					3.5970	3.5392	-3.6271
				}
				{VolumeView "TrackR.ply"}
			}
		}
		{bone "emit1"
			{Position -63.0269	23.3558	0.0000}
			{visibility 0}
		}
		{bone "emit2"
			{Position -63.0269	-26.5758	0.0000}
			{visibility 0}
		}
	}
}
{Volume "Trackright"
	{Box 104.615 10.5794 25.7066}
	{Bone "WheelsR"}
	{Matrix34
		1.0000	-0.0000	0.0000
		0.0000	0.0000	-1.0000
		-0.0000	1.0000	0.0000
		2.5730	1.5111	-3.5728
	}
}
{Volume "Trackleft"
	{Box 104.615 10.5794 25.7066}
	{Bone "WheelsL"}
	{Matrix34
		-1.0000	0.0000	0.0000
		0.0000	-0.0000	1.0000
		-0.0000	1.0000	-0.0000
		2.5730	1.5111	-3.4261
	}
}
{Volume "gun"
	{Cylinder 1.29122 46.8889}
	{Bone "gun_rot"}
	{Matrix34
		0.0000	-0.0000	1.0000
		-0.0000	1.0000	-0.0000
		-1.0000	0.0000	0.0000
		-30.4360	0.2427	-0.0902
	}
}
{Volume "shield_right"
	{Box 75.799 1.00075 10.872}
	{Bone "shield_right"}
	{Matrix34
		-1.0000	0.0000	-0.0000
		-0.0000	-0.0050	1.0000
		0.0000	1.0000	0.0050
		-9.6454	-2.5237	-0.0920
	}
}
{Volume "shield_left"
	{Box 75.799 1.00075 10.872}
	{Bone "shield_left"}
	{Matrix34
		-1.0000	0.0000	0.0000
		0.0000	0.0086	1.0000
		0.0000	1.0000	-0.0086
		-9.6454	-2.5237	0.0920
	}
}
{Volume "Body2"
	{Polyhedron "Body2.vol"}
	{Bone "Body"}
	{Matrix34
		-1.0314	-0.0000	-0.0000
		0.0000	-0.9966	-0.0000
		-0.3000	-0.0000	0.8237
		20.6406	-0.4558	0.8528
	}
}
{Volume "Body1"
	{Box 96.5433 40.5386 14.4252}
	{Bone "Body"}
	{Matrix34
		1.0000	-0.0000	-0.0000
		0.0000	1.0000	-0.0000
		0.5000	-0.0000	1.0000
		0.8779	-0.0001	-6.2399
	}
}
{Volume "Engine"
	{Box 10.3125 33.0759 15.4736}
	{Bone "Body"}
	{Position -28.5325	0.0203	-2.4344}
}
{Volume "Inventory"
	{Box 14.761 30.5118 17.2593}
	{Bone "Body"}
	{Position -10.3935	0.0203	-0.0471}
}
{Volume "Crew"
	{Box 19.6814 19.685 22.1273}
	{Bone "Body"}
	{Position 3.9026	0.0203	5.0452}
}
