;Exported by: ubrashaev
;Date:        Thu May 13 12:41:57 2004
;File:        D:\-Projects-\-work-\3d\church1\church_test(destroy).max
{Skeleton
	{animation
		{sequence "crush2" {speed 0.4}}
	}
	{bone "temple"
		{Orientation
			1.0000	0.0000	0.0000
			0.0000	-1.0000	0.0000
			0.0000	0.0000	1.0000
		}
		{bone "wall0"
			{Matrix34
				-1.0000	0.0000	0.0000
				-0.0000	-1.0000	0.0000
				0.0000	0.0000	1.0000
				-91.9138	0.0594	0.0000
			}
			{VolumeView "wall0.ply"}
			{bone "FX_stone1"
				{Matrix34
					-1.0000	-0.0000	0.0000
					0.0000	-1.0000	0.0000
					0.0000	0.0000	1.0000
					-1.0821	-30.3220	71.1172
				}
			}
			{bone "door1"
				{Matrix34
					1.0000	0.0000	0.0047
					-0.0000	1.0000	0.0000
					-0.0047	-0.0000	1.0000
					0.1725	3.1902	0.0000
				}
				{VolumeView "door1.ply"}
			}
		}
		{bone "wall1"
			{Matrix34
				-1.0000	-0.0000	0.0000
				0.0000	-1.0000	0.0000
				0.0000	0.0000	1.0000
				-62.7494	-52.0524	0.0000
			}
			{VolumeView "wall1.ply"}
			{bone "piece2"
				{Position -1.2188	-0.8112	76.8713}
				{VolumeView "piece2.ply"}
			}
			{bone "FX_stone1a"
				{Matrix34
					-1.0000	0.0000	0.0000
					-0.0000	-1.0000	0.0000
					0.0000	0.0000	1.0000
					1.9959	-1.1527	63.3350
				}
			}
		}
		{bone "wall2"
			{Matrix34
				-1.0000	0.0000	0.0000
				-0.0000	-1.0000	0.0000
				0.0000	0.0000	1.0000
				17.9998	-67.9913	0.0000
			}
			{VolumeView "wall2.ply"}
			{bone "piece3"
				{Position 18.9891	14.0345	73.5481}
				{VolumeView "piece3.ply"}
			}
			{bone "piece5"
				{Position -51.9800	-1.5228	44.9728}
				{VolumeView "piece5.ply"}
			}
			{bone "FX_stone1b"
				{Matrix34
					-1.0000	-0.0000	0.0000
					0.0000	-1.0000	0.0000
					0.0000	0.0000	1.0000
					31.0718	13.5041	56.8185
				}
			}
			{bone "FX_stone1c"
				{Matrix34
					-1.0000	-0.0000	0.0000
					0.0000	-1.0000	0.0000
					0.0000	0.0000	1.0000
					-20.1545	13.5040	73.9465
				}
			}
			{bone "FX_stone1d"
				{Matrix34
					-1.0000	-0.0000	0.0000
					0.0000	-1.0000	0.0000
					0.0000	0.0000	1.0000
					-52.1569	5.6328	48.3768
				}
			}
			{bone "door3"
				{Matrix34
					-0.0000	0.9997	0.0259
					-1.0000	-0.0000	0.0000
					0.0000	-0.0259	0.9997
					-0.1007	12.0329	0.0000
				}
				{VolumeView "door3.ply"}
			}
		}
		{bone "wall3"
			{Matrix34
				-1.0000	0.0000	0.0000
				-0.0000	-1.0000	0.0000
				0.0000	0.0000	1.0000
				84.2412	0.1047	0.0000
			}
			{VolumeView "wall3.ply"}
			{bone "piece6"
				{Position -11.5497	0.0993	102.3884}
				{VolumeView "piece6.ply"}
			}
			{bone "FX_stone1e"
				{Matrix34
					-1.0000	-0.0000	0.0000
					0.0000	-1.0000	0.0000
					0.0000	0.0000	1.0000
					-11.5514	37.1370	71.1904
				}
			}
			{bone "FX_stone1f"
				{Matrix34
					-1.0000	-0.0000	0.0000
					0.0000	-1.0000	0.0000
					0.0000	0.0000	1.0000
					-11.5514	-40.2984	71.1904
				}
			}
			{bone "door5"
				{Matrix34
					-1.0000	-0.0000	0.0000
					0.0000	-1.0000	0.0000
					0.0000	0.0000	1.0000
					-10.4978	0.7275	-0.0000
				}
				{VolumeView "door5.ply"}
			}
			{bone "door4"
				{Matrix34
					-0.0517	0.9987	0.0000
					-0.9987	-0.0517	0.0000
					0.0000	0.0000	1.0000
					-13.3169	17.5785	-0.0000
				}
				{VolumeView "door4.ply"}
			}
		}
		{bone "wall4"
			{Matrix34
				-1.0000	0.0000	0.0000
				-0.0000	-1.0000	0.0000
				0.0000	0.0000	1.0000
				19.5039	67.7284	0.0000
			}
			{VolumeView "wall4.ply"}
			{bone "piece8"
				{Position -0.0700	-14.2776	73.5481}
				{VolumeView "piece8.ply"}
			}
			{bone "FX_stone1g"
				{Matrix34
					-1.0000	-0.0000	0.0000
					0.0000	-1.0000	0.0000
					0.0000	0.0000	1.0000
					-32.9344	-15.8135	71.1904
				}
			}
			{bone "FX_stone1h"
				{Matrix34
					-1.0000	-0.0000	0.0000
					0.0000	-1.0000	0.0000
					0.0000	0.0000	1.0000
					37.4688	-15.8135	66.2684
				}
			}
			{bone "door2"
				{Matrix34
					0.0000	-1.0000	0.0000
					1.0000	0.0000	0.0000
					0.0000	0.0000	1.0000
					1.3765	-13.4906	0.0000
				}
				{VolumeView "door2.ply"}
			}
		}
		{bone "exterior"
			{parameters "CommonMesh;"}
			{Position -11.9612	0.0054	131.6973}
			{VolumeView "exterior.ply"}
			{bone "FX_haulm2"
				{Position 32.1337	0.4294	-31.4133}
			}
			{bone "FX_wood1a"
				{Position 15.3827	0.4294	-31.4133}
			}
			{bone "FX_dust2"
				{Position 61.1421	0.4294	-111.9897}
			}
			{bone "FX_dust2a"
				{Position -43.4868	0.4294	-111.5923}
			}
		}
		{bone "beam"
			{Matrix34
				-1.0000	-0.0000	0.0000
				0.0000	-1.0000	0.0000
				0.0000	0.0000	1.0000
				-31.2458	0.0054	109.0890
			}
			{VolumeView "beam.ply"}
		}
		{bone "wall6"
			{Matrix34
				-1.0000	0.0000	0.0000
				-0.0000	-1.0000	0.0000
				0.0000	0.0000	1.0000
				-61.5306	52.1694	0.0000
			}
			{VolumeView "wall6.ply"}
			{bone "piece11"
				{Position -0.0000	0.8952	44.9728}
				{VolumeView "piece11.ply"}
			}
			{bone "FX_stone1i"
				{Matrix34
					-1.0000	-0.0000	0.0000
					0.0000	-1.0000	0.0000
					0.0000	0.0000	1.0000
					4.1901	0.9894	46.0948
				}
			}
		}
		{bone "FX_smoke2a"
			{Position -40.5042	-31.6339	10.1347}
		}
		{bone "FX_smoke2b"
			{Position 17.1376	19.0432	16.3535}
		}
		{bone "FX_fire2"
			{Position -13.2444	19.0432	16.3535}
		}
		{bone "FX_fire2a"
			{Position 45.4607	-36.9771	7.7087}
		}
		{bone "FX_smoke2"
			{Position 45.4607	-57.5775	7.7087}
		}
		{bone "FX_smoke2c"
			{Position -45.1057	28.9895	100.8275}
		}
		{bone "FX_smoke1"
			{Matrix34
				1.0000	0.0000	0.0000
				-0.0000	0.8660	0.5000
				0.0000	-0.5000	0.8660
				-53.2206	-47.0480	43.2109
			}
		}
		{bone "Plane02"
			{Position 2.2513	0.6593	0.5000}
			{VolumeView "Plane02.ply"}
		}
		{bone "window1"
			{Matrix34
				-0.0000	0.0000	1.0000
				0.0000	1.0000	0.0000
				-1.0000	0.0000	-0.0000
				-34.3398	-69.7189	39.2869
			}
			{VolumeView "window1.ply"}
			{bone "FX_glass01"
				{Matrix34
					-0.0000	-0.0000	1.0000
					0.0000	-1.0000	0.0000
					1.0000	0.0000	0.0000
					6.1667	-0.9204	-0.0715
				}
			}
		}
		{bone "window2"
			{Matrix34
				-0.0000	0.0000	1.0000
				0.0000	1.0000	0.0000
				-1.0000	0.0000	-0.0000
				-32.5314	70.0138	39.2869
			}
			{VolumeView "window2.ply"}
			{bone "FX_glass02"
				{Matrix34
					-0.0000	-0.0000	1.0000
					0.0000	-1.0000	0.0000
					1.0000	0.0000	0.0000
					6.1667	0.6142	-0.0715
				}
			}
		}
		{bone "window3"
			{Matrix34
				-0.0000	0.0000	1.0000
				0.0000	1.0000	0.0000
				-1.0000	0.0000	-0.0000
				71.5569	70.6622	39.2869
			}
			{VolumeView "window3.ply"}
			{bone "FX_glass03"
				{Matrix34
					0.0000	-0.0000	-1.0000
					0.0000	1.0000	-0.0000
					1.0000	-0.0000	0.0000
					6.1667	0.5896	-0.1523
				}
			}
		}
		{bone "window4"
			{Matrix34
				-0.0000	0.0000	1.0000
				0.0000	1.0000	0.0000
				-1.0000	0.0000	-0.0000
				72.4774	-68.4074	39.2869
			}
			{VolumeView "window4.ply"}
			{bone "FX_glass04"
				{Matrix34
					0.0000	-0.0000	-1.0000
					0.0000	1.0000	-0.0000
					1.0000	-0.0000	0.0000
					7.4841	0.1554	-1.2441
				}
			}
		}
		{bone "window5"
			{Matrix34
				-0.0000	0.0000	1.0000
				-1.0000	-0.0000	-0.0000
				0.0000	-1.0000	0.0000
				-54.8145	-53.6521	41.4507
			}
			{VolumeView "window5.ply"}
			{bone "FX_glass05"
				{Matrix34
					-0.0000	-0.0000	1.0000
					0.0000	-1.0000	-0.0000
					1.0000	0.0000	0.0000
					6.1667	-0.7830	-0.0587
				}
			}
		}
		{bone "window6"
			{Matrix34
				-0.0000	0.0000	1.0000
				-1.0000	-0.0000	-0.0000
				0.0000	-1.0000	0.0000
				-79.5285	-53.6521	42.8757
			}
			{VolumeView "window6.ply"}
			{bone "FX_glass06"
				{Matrix34
					-0.0000	-0.0000	1.0000
					0.0000	-1.0000	-0.0000
					1.0000	0.0000	0.0000
					6.1667	-0.3418	0.6868
				}
			}
		}
		{bone "window7"
			{Matrix34
				-0.0000	0.0000	1.0000
				-1.0000	-0.0000	-0.0000
				0.0000	-1.0000	0.0000
				-75.7049	53.2747	41.5098
			}
			{VolumeView "window7.ply"}
			{bone "FX_glass07"
				{Matrix34
					-0.0000	-0.0000	-1.0000
					-0.0000	1.0000	-0.0000
					1.0000	0.0000	-0.0000
					6.1667	-0.0729	-0.0045
				}
			}
		}
		{bone "window8"
			{Matrix34
				-0.0000	0.0000	1.0000
				-1.0000	-0.0000	-0.0000
				0.0000	-1.0000	0.0000
				-53.5222	52.9144	41.6834
			}
			{VolumeView "window8.ply"}
			{bone "FX_glass08"
				{Matrix34
					-0.0000	-0.0000	-1.0000
					-0.0000	1.0000	-0.0000
					1.0000	0.0000	-0.0000
					6.1667	-0.1475	0.0790
				}
			}
		}
		{bone "ladder"
			{parameters "CommonMesh;"}
			{Matrix34
				-0.0000	0.0000	1.0000
				0.0000	1.0000	0.0000
				-1.0000	0.0000	-0.0000
				61.1339	-18.7796	69.8577
			}
			{VolumeView "ladder.ply"}
		}
		{bone "ladder1"
			{Matrix34
				0.9962	0.0872	0.0000
				-0.0872	0.9962	0.0000
				0.0000	0.0000	1.0000
				55.8381	-19.4666	3.0445
			}
		}
		{bone "ladder2"
			{Matrix34
				0.9848	-0.1736	0.0000
				0.1736	0.9848	0.0000
				0.0000	0.0000	1.0000
				56.0006	-16.8125	134.4462
			}
		}
		{bone "node1"
			{Matrix34
				0.3420	0.9397	0.0000
				-0.9397	0.3420	0.0000
				0.0000	0.0000	1.0000
				46.6801	20.3369	133.4640
			}
		}
		{bone "node2"
			{Matrix34
				-0.2588	0.9659	0.0000
				-0.9659	-0.2588	0.0000
				0.0000	0.0000	1.0000
				23.3980	19.3166	134.4462
			}
		}
		{bone "node3"
			{Matrix34
				-0.9397	0.3420	0.0000
				-0.3420	-0.9397	0.0000
				0.0000	0.0000	1.0000
				14.2053	7.3263	134.4462
			}
		}
		{bone "node4"
			{Matrix34
				-0.9397	-0.3420	0.0000
				0.3420	-0.9397	0.0000
				0.0000	0.0000	1.0000
				14.1294	-16.1340	134.4462
			}
		}
		{bone "node5"
			{Matrix34
				-0.3420	-0.9397	0.0000
				0.9397	-0.3420	0.0000
				0.0000	0.0000	1.0000
				25.3483	-29.8457	134.4462
			}
		}
		{bone "node6"
			{Matrix34
				0.4226	-0.9063	0.0000
				0.9063	0.4226	0.0000
				0.0000	0.0000	1.0000
				47.4842	-29.0685	134.4462
			}
		}
		{bone "node7"
			{Matrix34
				0.9659	0.2588	0.0000
				-0.2588	0.9659	0.0000
				0.0000	0.0000	1.0000
				61.5750	6.5141	134.4462
			}
		}
		{bone "node8"
			{Matrix34
				0.9397	-0.3420	0.0000
				0.3420	0.9397	0.0000
				0.0000	0.0000	1.0000
				48.0431	-9.7067	179.1987
			}
		}
		{bone "node9"
			{Matrix34
				-0.4226	-0.9063	0.0000
				0.9063	-0.4226	0.0000
				0.0000	0.0000	1.0000
				32.5825	-14.1161	179.1987
			}
		}
		{bone "node10"
			{Matrix34
				-0.9063	0.4226	0.0000
				-0.4226	-0.9063	0.0000
				0.0000	0.0000	1.0000
				25.5942	-0.9068	179.1987
			}
		}
		{bone "node11"
			{Matrix34
				0.4226	0.9063	0.0000
				-0.9063	0.4226	0.0000
				0.0000	0.0000	1.0000
				40.9169	7.9275	179.1987
			}
		}
		{bone "ladder03"
			{parameters "Commonmesh;"}
			{Matrix34
				-0.0000	0.0000	1.0000
				0.0000	1.0000	0.0000
				-1.0000	0.0000	-0.0000
				43.7449	-12.9921	152.2828
			}
		}
		{bone "ladder4"
			{Matrix34
				0.9962	0.0872	0.0000
				-0.0872	0.9962	0.0000
				0.0000	0.0000	1.0000
				43.9774	-13.3024	130.5647
			}
		}
		{bone "ladder5"
			{Matrix34
				0.9962	0.0872	0.0000
				-0.0872	0.9962	0.0000
				0.0000	0.0000	1.0000
				43.9774	-13.3024	177.8674
			}
		}
		{bone "piece_big2"
			{Matrix34
				-1.0000	0.0000	0.0000
				-0.0000	-1.0000	0.0000
				0.0000	0.0000	1.0000
				36.1910	-3.5302	178.6314
			}
			{VolumeView "piece_big2.ply"}
		}
		{bone "piece_big1"
			{Matrix34
				-1.0000	0.0000	0.0000
				-0.0000	-1.0000	0.0000
				0.0000	0.0000	1.0000
				-77.0402	0.2307	137.0315
			}
			{VolumeView "piece_big1.ply"}
			{bone "FX_wood1b"
				{Matrix34
					-1.0000	-0.0000	0.0000
					0.0000	-1.0000	0.0000
					0.0000	0.0000	1.0000
					0.4184	-0.3544	5.1632
				}
			}
			{bone "FX_dust1"
				{Matrix34
					-1.0000	-0.0000	0.0000
					0.0000	-1.0000	0.0000
					0.0000	0.0000	1.0000
					0.4184	-0.3544	-8.5392
				}
			}
		}
	}
}
{Obstacle "door3_obstacle"
	{Obb2
		{Center 19.5611 76.4119}
		{Extent 18.84 5.75391}
		{Axis -1 0}
	}
	{Rotate}
}
{Obstacle "door2_obstacle"
	{Obb2
		{Center 19.3246 -77.9314}
		{Extent 17.6615 6.92405}
		{Axis -1 0}
	}
	{Rotate}
}
{Obstacle "door1_obstacle"
	{Obb2
		{Center -90.368 1.5786}
		{Extent 6.33878 17.7781}
		{Axis -1 0}
	}
	{Rotate}
}
{Obstacle "door5_obstacle"
	{Obb2
		{Center 95.8863 -7.28992}
		{Extent 1.44357 8.31454}
		{Axis -1 0}
	}
	{Rotate}
}
{Obstacle "door4_obstacle"
	{Obb2
		{Center 104.721 17.8198}
		{Extent 1.44357 10.0606}
		{Axis 0.0355369 -0.999368}
	}
	{Rotate}
}
{Obstacle "Rectangle16"
	{Obb2
		{Center -30.3852 65.2733}
		{Extent 5.27718 22.7783}
		{Axis -1 0}
	}
	{Rotate}
}
{Obstacle "Rectangle15"
	{Obb2
		{Center -17.0224 80.8351}
		{Extent 17.8599 6.43488}
		{Axis -1 0}
	}
	{Rotate}
}
{Obstacle "Rectangle14"
	{Obb2
		{Center 55.8406 80.4398}
		{Extent 17.5499 6.75472}
		{Axis -1 0}
	}
	{Rotate}
}
{Obstacle "Rectangle13"
	{Obb2
		{Center 67.0319 65.9509}
		{Extent 5.76559 20.8893}
		{Axis -1 0}
	}
	{Rotate}
}
{Obstacle "Rectangle12"
	{Obb2
		{Center 82.3213 49.0111}
		{Extent 20.3729 5.49948}
		{Axis -1 0}
	}
	{Rotate}
}
{Obstacle "Rectangle11"
	{Obb2
		{Center 94.8491 36.7597}
		{Extent 7.17548 17.5174}
		{Axis -1 0}
	}
	{Rotate}
}
{Obstacle "Rectangle10"
	{Obb2
		{Center 94.5915 -34.9097}
		{Extent 6.28229 19.6231}
		{Axis -1 0}
	}
	{Rotate}
}
{Obstacle "Rectangle09"
	{Obb2
		{Center 81.9508 -48.183}
		{Extent 19.289 5.13519}
		{Axis -1 0}
	}
	{Rotate}
}
{Obstacle "Rectangle08"
	{Obb2
		{Center 69.9983 -65.2937}
		{Extent 6.97404 22.6238}
		{Axis -1 0}
	}
	{Rotate}
}
{Obstacle "Rectangle07"
	{Obb2
		{Center 56.8127 -80.6111}
		{Extent 19.9745 7.3637}
		{Axis -1 0}
	}
	{Rotate}
}
{Obstacle "Rectangle06"
	{Obb2
		{Center -18.3185 -80.2005}
		{Extent 20.1884 6.86396}
		{Axis -1 0}
	}
	{Rotate}
}
{Obstacle "Rectangle05"
	{Obb2
		{Center -31.4291 -63.9218}
		{Extent 6.75556 20.8388}
		{Axis -1 0}
	}
	{Rotate}
}
{Obstacle "Rectangle04"
	{Obb2
		{Center -66.6556 51.8455}
		{Extent 31.0803 8.69037}
		{Axis -1 0}
	}
	{Rotate}
}
{Obstacle "Rectangle03"
	{Obb2
		{Center -65.7533 -50.3388}
		{Extent 31.0203 7.1268}
		{Axis -1 0}
	}
	{Rotate}
}
{Obstacle "Rectangle02"
	{Obb2
		{Center -91.8417 39.5352}
		{Extent 5.31995 21.178}
		{Axis -1 0}
	}
	{Rotate}
}
{Obstacle "Rectangle01"
	{Obb2
		{Center -90.1122 -36.6842}
		{Extent 6.76879 20.6734}
		{Axis -1 0}
	}
	{Rotate}
}
{Area "interior1"
	{Obb2
		{Center 2.26773 0.530938}
		{Extent 90.1341 48.5471}
		{Axis -1 0}
	}
	{Rotate}
}
{Area "interior"
	{Obb2
		{Center 19.6682 -1.96123}
		{Extent 47.3291 77.7798}
		{Axis -1 0}
	}
	{Rotate}
}
{Volume "piece_big1"
	{Cylinder 11.6657 34.4332}
	{Bone "piece_big1"}
	{Matrix34
		-1.0000	-0.0000	0.0000
		0.0000	-1.0000	0.0000
		0.0000	0.0000	1.0000
		-0.2045	-0.0546	-3.8072
	}
}
{Volume "piece_big2"
	{Cylinder 23.8075 58.3613}
	{Bone "piece_big2"}
	{Matrix34
		-1.0000	-0.0000	0.0000
		0.0000	-1.0000	0.0000
		0.0000	0.0000	1.0000
		-0.1050	-0.0546	28.2360
	}
}
{Volume "window8"
	{Box 12.6611 1.42798 48.854}
	{Bone "window8"}
	{Matrix34
		-0.0000	-1.0000	-0.0000
		-0.0000	0.0000	-1.0000
		1.0000	-0.0000	-0.0000
		4.5220	-0.2426	0.5042
	}
}
{Volume "window7"
	{Box 12.6611 1.42798 47.9576}
	{Bone "window7"}
	{Matrix34
		-0.0000	-1.0000	-0.0000
		-0.0000	0.0000	-1.0000
		1.0000	-0.0000	-0.0000
		4.5390	-0.4596	0.5042
	}
}
{Volume "window6"
	{Box 12.6611 1.42798 48.854}
	{Bone "window6"}
	{Matrix34
		-0.0000	-1.0000	-0.0000
		-0.0000	0.0000	-1.0000
		1.0000	-0.0000	-0.0000
		5.4944	-0.5660	0.4015
	}
}
{Volume "window5"
	{Box 12.6611 1.42798 48.4058}
	{Bone "window5"}
	{Matrix34
		-0.0000	-1.0000	-0.0000
		-0.0000	0.0000	-1.0000
		1.0000	-0.0000	-0.0000
		5.2824	-0.7914	0.4015
	}
}
{Volume "window4"
	{Box 12.6611 1.42798 44.8202}
	{Bone "window4"}
	{Matrix34
		-0.0000	1.0000	-0.0000
		0.0000	0.0000	1.0000
		1.0000	0.0000	-0.0000
		7.1631	-0.3552	-0.1701
	}
}
{Volume "window3"
	{Box 12.6611 1.42798 44.8202}
	{Bone "window3"}
	{Matrix34
		-0.0000	1.0000	-0.0000
		0.0000	0.0000	1.0000
		1.0000	0.0000	-0.0000
		7.1631	-0.3575	-0.1701
	}
}
{Volume "window2"
	{Box 12.6611 1.42798 44.8202}
	{Bone "window2"}
	{Matrix34
		-0.0000	1.0000	-0.0000
		0.0000	0.0000	1.0000
		1.0000	0.0000	-0.0000
		7.1631	-0.3575	-0.2708
	}
}
{Volume "window1"
	{Box 12.6611 1.42798 44.8202}
	{Bone "window1"}
	{Matrix34
		-0.0000	1.0000	-0.0000
		0.0000	0.0000	1.0000
		1.0000	0.0000	-0.0000
		7.1631	-0.3552	0.0480
	}
}
{Volume "hole23"
	{Box 14.8147 23.0559 12.8118}
	{Bone "temple"}
	{Matrix34
		-0.3217	0.9468	0.0000
		0.0000	0.0000	1.0000
		0.9468	0.3217	-0.0000
		5.4171	-17.9727	149.6544
	}
}
{Volume "hole22"
	{Box 14.8147 23.0559 11.3783}
	{Bone "temple"}
	{Matrix34
		-0.9249	0.3803	0.0000
		0.0000	0.0000	1.0000
		0.3803	0.9249	-0.0000
		21.4087	-36.4462	149.6544
	}
}
{Volume "hole21"
	{Box 14.8147 23.0559 10.124}
	{Bone "temple"}
	{Matrix34
		-0.9249	0.3803	0.0000
		0.0000	0.0000	1.0000
		0.3803	0.9249	-0.0000
		50.8239	29.4537	149.6544
	}
}
{Volume "hole20"
	{Box 13.9259 23.0559 10.124}
	{Bone "temple"}
	{Matrix34
		-0.3510	0.9364	-0.0000
		0.0000	0.0000	1.0000
		0.9364	0.3510	-0.0000
		69.7486	11.0496	149.6544
	}
}
{Volume "hole19"
	{Box 14.5184 23.0559 10.3928}
	{Bone "temple"}
	{Matrix34
		0.4794	0.8776	0.0000
		0.0000	-0.0000	1.0000
		0.8776	-0.4794	-0.0000
		68.6513	-18.6749	149.6544
	}
}
{Volume "hole18"
	{Box 14.9629 23.0559 11.7367}
	{Bone "temple"}
	{Matrix34
		0.9471	0.3210	-0.0000
		0.0000	-0.0000	1.0000
		0.3210	-0.9471	-0.0000
		53.2927	-39.2468	149.7096
	}
}
{Volume "hole17"
	{Box 14.8147 23.0559 11.9158}
	{Bone "temple"}
	{Matrix34
		0.9471	0.3210	-0.0000
		0.0000	-0.0000	1.0000
		0.3210	-0.9471	-0.0000
		21.3134	29.2274	149.6544
	}
}
{Volume "hole16"
	{Box 14.8147 23.0559 12.6326}
	{Bone "temple"}
	{Matrix34
		0.3396	0.9406	-0.0000
		0.0000	-0.0000	1.0000
		0.9406	-0.3396	-0.0000
		4.5033	10.2849	149.6544
	}
}
{Volume "hole13"
	{Box 14.074 23.0559 15.1577}
	{Bone "temple"}
	{Matrix34
		-0.9022	0.4314	0.0000
		0.0000	0.0000	1.0000
		0.4314	0.9022	-0.0000
		28.2086	-21.1339	192.8325
	}
}
{Volume "hole14"
	{Box 14.8147 23.0559 15.4852}
	{Bone "temple"}
	{Matrix34
		-0.9022	0.4314	0.0000
		0.0000	0.0000	1.0000
		0.4314	0.9022	-0.0000
		43.9428	14.9999	192.8325
	}
}
{Volume "hole12"
	{Box 14.8147 23.0559 11.2887}
	{Bone "temple"}
	{Matrix34
		0.3714	0.9285	0.0000
		0.0000	-0.0000	1.0000
		0.9285	-0.3714	-0.0000
		56.5601	-11.2255	192.8325
	}
}
{Volume "hole11"
	{Box 14.8147 23.0559 14.8616}
	{Bone "temple"}
	{Matrix34
		0.3714	0.9285	0.0000
		0.0000	-0.0000	1.0000
		0.9285	-0.3714	-0.0000
		18.6393	3.6180	191.8475
	}
}
{Volume "hole10"
	{Box 16.2374 49.3313 19.0827}
	{Bone "temple"}
	{Matrix34
		-0.0000	1.0000	-0.0000
		0.0000	0.0000	1.0000
		1.0000	0.0000	-0.0000
		-31.5236	-69.3206	46.8391
	}
}
{Volume "hole9"
	{Box 16.2374 49.3313 19.0827}
	{Bone "temple"}
	{Matrix34
		-0.0000	1.0000	-0.0000
		0.0000	0.0000	1.0000
		1.0000	0.0000	-0.0000
		69.3626	-69.3206	46.8391
	}
}
{Volume "hole8"
	{Box 16.2374 49.3313 19.0827}
	{Bone "temple"}
	{Matrix34
		-0.0000	1.0000	-0.0000
		0.0000	0.0000	1.0000
		1.0000	0.0000	-0.0000
		69.3626	70.8929	46.8391
	}
}
{Volume "hole7"
	{Box 16.2374 49.3313 19.0827}
	{Bone "temple"}
	{Matrix34
		-0.0000	1.0000	-0.0000
		0.0000	0.0000	1.0000
		1.0000	0.0000	-0.0000
		-33.8546	70.8929	46.8391
	}
}
{Volume "hole6"
	{Box 16.2374 49.3313 19.0827}
	{Bone "temple"}
	{Matrix34
		1.0000	0.0000	0.0000
		0.0000	-0.0000	1.0000
		0.0000	-1.0000	-0.0000
		-53.9233	52.1959	46.8391
	}
}
{Volume "hole5"
	{Box 16.059 49.3313 20.3272}
	{Bone "temple"}
	{Matrix34
		1.0000	0.0000	0.0000
		0.0000	-0.0000	1.0000
		0.0000	-1.0000	-0.0000
		-78.6732	51.5736	46.8391
	}
}
{Volume "hole3"
	{Box 17.8433 49.3313 20.7421}
	{Bone "temple"}
	{Matrix34
		1.0000	0.0000	0.0000
		0.0000	-0.0000	1.0000
		0.0000	-1.0000	-0.0000
		-79.8760	-48.0834	46.5951
	}
}
{Volume "hole4"
	{Box 17.8433 49.3313 20.7421}
	{Bone "temple"}
	{Matrix34
		1.0000	0.0000	0.0000
		0.0000	-0.0000	1.0000
		0.0000	-1.0000	-0.0000
		-55.6556	-48.0834	46.8391
	}
}
{Volume "hole2"
	{Box 38.2662 58.4772 35.9918}
	{Bone "temple"}
	{Matrix34
		-0.0000	-1.0000	0.0000
		-0.0000	0.0000	1.0000
		-1.0000	0.0000	-0.0000
		90.8622	-1.0038	28.5857
	}
}
{Volume "hole1"
	{Box 27.7506 23.9464 33.8323}
	{Bone "temple"}
	{Matrix34
		-0.0000	-1.0000	0.0000
		-0.0000	0.0000	1.0000
		-1.0000	0.0000	-0.0000
		-91.9724	1.2471	37.5673
	}
}
{Volume "wall6"
	{Box 6.6793 54.0038 64.6343}
	{Bone "wall6"}
	{Matrix34
		0.0000	-1.0000	0.0000
		1.0000	0.0000	0.0000
		0.0000	0.0000	1.0000
		-0.0269	1.0095	32.3172
	}
}
{Volume "wall_p11"
	{Box 6.87791 54.5959 24.8866}
	{Bone "piece11"}
	{Matrix34
		0.0000	-1.0000	0.0000
		1.0000	0.0000	0.0000
		0.0000	0.0000	1.0000
		-0.0194	0.3089	31.7618
	}
}
{Volume "piece_big3"
	{Cylinder 38.0919 59.5343}
	{Bone "exterior"}
	{Position 48.2572	-3.5772	16.7325}
}
{Volume "roof"
	{Polyhedron "roof.vol"}
	{Bone "exterior"}
	{Position 31.6954	0.1294	-130.4140}
}
{Volume "roof_small"
	{Polyhedron "roof_small.vol"}
	{Bone "exterior"}
	{Position 14.1032	-2.4567	-130.4140}
}
{Volume "door2"
	{Box 7.37922 37.1249 57.4057}
	{Bone "door2"}
	{Matrix34
		-1.0000	0.0000	0.0000
		-0.0000	-1.0000	0.0000
		0.0000	0.0000	1.0000
		-0.1053	1.9224	28.7028
	}
}
{Volume "wall4c"
	{Box 6.6793 32.5045 57.5787}
	{Bone "wall4"}
	{Matrix34
		0.0000	-1.0000	0.0000
		1.0000	0.0000	0.0000
		0.0000	0.0000	1.0000
		37.9609	-14.2659	28.7894
	}
}
{Volume "wall4b"
	{Box 6.6793 31.5117 88.5827}
	{Bone "wall4"}
	{Position 50.8314	4.4950	44.2913}
}
{Volume "wall4a"
	{Box 6.6793 31.03 88.5827}
	{Bone "wall4"}
	{Position -50.3273	4.1733	44.2913}
}
{Volume "wall4"
	{Box 6.6793 34.5249 57.5787}
	{Bone "wall4"}
	{Matrix34
		0.0000	-1.0000	0.0000
		1.0000	0.0000	0.0000
		0.0000	0.0000	1.0000
		-36.6852	-14.2659	28.7894
	}
}
{Volume "wall_p8"
	{Box 6.87791 97.0411 31.4225}
	{Bone "piece8"}
	{Matrix34
		0.0000	-1.0000	0.0000
		1.0000	0.0000	0.0000
		0.0000	0.0000	1.0000
		-0.1296	-0.1612	-0.2174
	}
}
{Volume "door4"
	{Box 5.53441 20.208 57.4057}
	{Bone "door4"}
	{Matrix34
		-1.0000	0.0000	0.0000
		-0.0000	-1.0000	0.0000
		0.0000	0.0000	1.0000
		0.2734	8.0834	28.7028
	}
}
{Volume "door5"
	{Box 5.53441 17.4207 57.4057}
	{Bone "door5"}
	{Matrix34
		-1.0000	0.0000	0.0000
		-0.0000	-1.0000	0.0000
		0.0000	0.0000	1.0000
		-0.1053	9.6269	28.7028
	}
}
{Volume "wall3b"
	{Box 6.6793 19.0492 89.271}
	{Bone "wall3"}
	{Matrix34
		-0.0000	1.0000	0.0000
		-1.0000	-0.0000	0.0000
		0.0000	0.0000	1.0000
		1.3083	-50.6997	44.6355
	}
}
{Volume "wall3a"
	{Box 6.6793 19.0492 89.271}
	{Bone "wall3"}
	{Matrix34
		-0.0000	1.0000	0.0000
		-1.0000	-0.0000	0.0000
		0.0000	0.0000	1.0000
		1.3082	50.7759	44.6355
	}
}
{Volume "wall3"
	{Box 6.6793 107.89 88.5827}
	{Bone "wall3"}
	{Matrix34
		-1.0000	-0.0000	0.0000
		0.0000	-1.0000	0.0000
		0.0000	0.0000	1.0000
		-11.2385	0.2722	44.2913
	}
}
{Volume "wall_p6"
	{Polyhedron "wall_p6.vol"}
	{Bone "piece6"}
	{Matrix34
		-1.0000	0.0000	0.0000
		-0.0000	-1.0000	0.0000
		0.0000	0.0000	1.0000
		0.3494	-0.8053	-13.3529
	}
}
{Volume "door3"
	{Box 7.37922 37.1249 57.4057}
	{Bone "door3"}
	{Matrix34
		-1.0000	0.0000	-0.0000
		-0.0000	-1.0000	-0.0000
		-0.0000	-0.0000	1.0000
		-0.1054	1.9224	28.7028
	}
}
{Volume "wall2c"
	{Box 6.6793 31.53 34.875}
	{Bone "wall2"}
	{Matrix34
		-1.0000	-0.0000	0.0000
		0.0000	-1.0000	0.0000
		0.0000	0.0000	1.0000
		-52.2313	1.4507	17.4375
	}
}
{Volume "wall2b"
	{Box 6.6793 28.2611 89.8562}
	{Bone "wall2"}
	{Matrix34
		-0.0000	1.0000	0.0000
		-1.0000	-0.0000	0.0000
		0.0000	0.0000	1.0000
		-34.9383	13.8521	44.9281
	}
}
{Volume "wall2a"
	{Box 6.6793 27.1584 89.8562}
	{Bone "wall2"}
	{Matrix34
		-0.0000	1.0000	0.0000
		-1.0000	-0.0000	0.0000
		0.0000	0.0000	1.0000
		32.9198	13.8521	44.9281
	}
}
{Volume "wall2"
	{Box 6.6793 36.7587 89.8562}
	{Bone "wall2"}
	{Position 49.4314	-1.4947	44.9281}
}
{Volume "wall_p5"
	{Box 6.6793 32.7348 54.4884}
	{Bone "piece5"}
	{Matrix34
		-1.0000	-0.0000	0.0000
		0.0000	-1.0000	0.0000
		0.0000	0.0000	1.0000
		-0.2256	-1.9785	17.3405
	}
}
{Volume "wall_p3"
	{Box 6.6793 40.4134 32.2593}
	{Bone "piece3"}
	{Matrix34
		-0.0000	1.0000	0.0000
		-1.0000	-0.0000	0.0000
		0.0000	0.0000	1.0000
		-19.7184	-0.1824	0.0954
	}
}
{Volume "wall1a"
	{Box 6.6793 15.9856 18.5041}
	{Bone "wall1"}
	{Matrix34
		-0.0000	-1.0000	0.0000
		1.0000	-0.0000	0.0000
		0.0000	0.0000	1.0000
		-21.4006	-0.5078	46.6521
	}
}
{Volume "wall1"
	{Box 6.6793 55.1229 37.8581}
	{Bone "wall1"}
	{Matrix34
		-0.0000	-1.0000	0.0000
		1.0000	-0.0000	0.0000
		0.0000	0.0000	1.0000
		-1.6016	-0.5078	18.9291
	}
}
{Volume "wall_p2"
	{Box 6.6793 54.2892 24.647}
	{Bone "piece2"}
	{Matrix34
		-0.0000	-1.0000	0.0000
		1.0000	-0.0000	0.0000
		0.0000	0.0000	1.0000
		-0.1359	0.3034	-0.1103
	}
}
{Volume "door1"
	{Box 7.37922 37.1249 57.4057}
	{Bone "door1"}
	{Matrix34
		-1.0000	0.0000	0.0047
		-0.0000	-1.0000	0.0000
		0.0047	-0.0000	1.0000
		0.1520	0.3879	28.7024
	}
}
{Volume "wall0"
	{Box 6.6793 108.073 89.8387}
	{Bone "wall0"}
	{Matrix34
		-1.0000	-0.0000	0.0000
		0.0000	-1.0000	0.0000
		0.0000	0.0000	1.0000
		-0.1817	-0.0346	44.9194
	}
}
