;Done by Dinsen & Albus
;Date:        Sat May 24 21:08:19 2009
{Skeleton
	{bone "Basis"
		{parameters "SteerMax=30;WheelRadius=0.5;"}
		{Orientation
			1.0000	0.0000	0.0000
			0.0000	-1.0000	0.0000
			0.0000	0.0000	1.0000
		}
		{bone "Body"
			{parameters "ID=body;"}
			{Matrix34
				-1.0000	0.0000	0.0000
				0.0000	0.0000	1.0000
				0.0000	1.0000	0.0000
				-0.9434	1.3239	11.5743
			}
			{VolumeView "Body.ply"}
			{bone "driver"
				{Matrix34
					-0.9241	0.3818	0.0455
					0.0493	0.0000	0.9988
					0.3818	0.9241	-0.0188
					-13.5836	0.0507	6.0307
				}
			}
			{bone "commander"
				{Matrix34
					-0.8483	0.5296	0.0000
					0.0000	-0.0000	1.0000
					0.5296	0.8483	0.0000
					-15.7836	1.0507	-7.8713
				}
			}
			{bone "openL"
				{Matrix34
					-0.9830	0.0000	0.1839
					-0.1839	0.0000	-0.9830
					0.0000	-1.0000	0.0000
					-18.5561	2.0746	-13.0249
				}
				{bone "doorL"
					{parameters "ID=body;"}
					{Matrix34
						0.0000	1.0000	0.0000
						0.0000	0.0000	1.0000
						1.0000	0.0000	0.0000
						0.0000	0.0000	0.0000
					}
					{VolumeView "doorL.ply"}
				}
			}
			{bone "openR"
				{Matrix34
					-0.1340	0.0000	0.9910
					0.9910	0.0000	0.1340
					0.0000	1.0000	0.0000
					-18.3007	2.8000	12.8301
				}
				{bone "DoorR"
					{parameters "ID=body;"}
					{Matrix34
						0.0000	1.0000	0.0000
						0.0000	0.0000	1.0000
						1.0000	0.0000	0.0000
						0.0000	0.0000	0.0000
					}
					{VolumeView "doorR.ply"}
				}
			}
			{bone "Drear"
				{Matrix34
					1.0000	0.0000	0.0000
					0.0000	0.0000	-1.0000
					0.0000	1.0000	0.0000
					44.8000	4.6000	14.8500
				}
				{bone "rearL"
					{parameters "ID=body;"}
					{Matrix34
						0.0000	1.0000	0.0000
						0.0000	0.0000	1.0000
						1.0000	0.0000	0.0000
						0.0000	0.0000	0.0000
					}
					{VolumeView "rearL.ply"}
				}
			}
			{bone "FXsmoke1"
				{Matrix34
					0.7071	0.0000	0.7071
					0.0000	1.0000	0.0000
					-0.7071	0.0000	0.7071
					13.6914	2.4697	14.8366
				}
			}
			{bone "FXstop1"
				{Position 46.6459	5.6449	-17.7175}
			}
			{bone "FXstop2"
				{Position 46.9519	5.7456	17.1612}
			}
			{bone "seat01"
				{Matrix34
					0.0934	0.1790	-0.9794
					-0.9956	0.0174	-0.0917
					0.0007	0.9837	0.1799
					15.8527	3.3656	8.4822
				}
			}
			{bone "seat02"
				{Matrix34
					0.0225	0.1802	-0.9834
					-0.9997	0.0175	-0.0197
					0.0137	0.9835	0.1806
					27.7687	3.3752	8.4795
				}
			}
			{bone "wheel3"
				{parameters "ID=body;"}
				{Matrix34
					0.0000	0.0000	1.0000
					1.0000	-0.0174	0.0000
					0.0000	1.0000	0.0000
					-8.6791	15.4792	-0.8833
				}
				{VolumeView "wheel3.ply"}
			}
			{bone "Visor"
				{Matrix34
					-0.9998	0.0175	0.0000
					0.0000	0.0000	1.0000
					0.0175	0.9998	0.0000
					-22.3401	22.4942	7.3960
				}
			}
			{bone "engine"
				{parameters "ID=engine;"}
				{Position -15.5264	3.2719	-0.0328}
				{VolumeView "engine.ply"}
					{bone "FXfire1"
						{Matrix34
							-0.0063	1.0000	-0.0063
							-0.7071	-0.0089	-0.7071
							-0.7071	0.0000	0.7071
							-13.9751	6.3924	-0.4891
						}
					}
					{bone "HeadlightL"
						{Matrix34
							-1.0000	0.0000	0.0000
							0.0000	1.0000	0.0000
							0.0000	0.0000	-1.0000
							-27.5109	9.8321	10.5698
						}
					}
					{bone "HeadlightR"
						{Matrix34
							-1.0000	0.0000	0.0000
							0.0000	1.0000	0.0000
							0.0000	0.0000	-1.0000
							-27.5109	9.8321	-11.3735
						}
					}
					{bone "FXlight"
						{Matrix34
							-1.0000	0.0000	0.0000
							0.0000	1.0000	0.0000
							0.0000	0.0000	-1.0000
							-27.5369	9.9132	-1.0007
						}
					}
			}
		}
		{bone "Pivot_back"
			{Matrix34
				-1.0000	0.0000	0.0000
				0.0000	0.0000	1.0000
				0.0000	1.0000	0.0000
				-27.3391	1.6089	7.9178
			}
			{VolumeView "Pivot_back.ply"}
			{bone "spring_L"
				{Matrix34
					-0.9998	0.0175	0.0000
					0.0000	0.0000	1.0000
					0.0175	0.9998	0.0000
					-0.0771	-1.5195	10.5640
				}
				{bone revolute "WheelL2"
					{parameters "ID=wheelleft2;"}
					{Matrix34
						-0.9998	0.0000	0.0175
						0.0175	0.0000	0.9998
						0.0000	1.0000	0.0000
						0.0000	5.4739	1.9685
					}
					{VolumeView "WheelL2.ply"}
				}
			}
			{bone "spring_R"
				{Matrix34
					-0.9998	0.0175	0.0000
					0.0000	0.0000	1.0000
					0.0175	0.9998	0.0000
					-0.0771	-1.5195	-13.8309
				}
				{bone revolute "WheelR2"
					{parameters "ID=wheelright2;"}
					{Matrix34
						-0.9998	0.0000	0.0175
						0.0175	0.0000	0.9998
						0.0000	1.0000	0.0000
						0.0000	-2.9424	1.9685
					}
					{VolumeView "WheelR2.ply"}
				}
			}
		}
		{bone "Pivot_front"
			{Matrix34
				-1.0000	0.0000	0.0000
				0.0000	0.0000	1.0000
				0.0000	1.0000	0.0000
				31.3794	3.7640	8.2457
			}
			{VolumeView "Pivot_front.ply"}
			{bone revolute "steer_L"
				{Matrix34
					0.9998	0.0175	0.0000
					0.0000	0.0000	1.0000
					0.0175	-0.9998	0.0000
					-0.2978	-2.7770	10.1423
				}
				{bone revolute "WheelL1"
					{parameters "ID=wheelleft1;"}
					{Matrix34
						0.9998	0.0000	0.0175
						0.0175	0.0000	-0.9998
						0.0000	1.0000	0.0000
						0.4155	3.7404	-2.8910
					}
					{VolumeView "WheelL1.ply"}
				}
			}
			{bone revolute "steer_R"
				{Matrix34
					1.0000	0.0000	0.0000
					0.0000	0.0000	1.0000
					0.0000	-1.0000	0.0000
					-0.1264	-2.7861	-14.0859
				}
				{bone revolute "WheelR1"
					{parameters "ID=wheelright1;"}
					{Matrix34
						1.0000	0.0000	0.0000
						0.0000	0.0000	-1.0000
						0.0000	1.0000	0.0000
						0.1936	-3.5815	-2.9069
					}
					{VolumeView "WheelR1.ply"}
				}
			}
		}
	}
}
{Volume "wheelright1"
	{Cylinder 6.70253 4.32863}
	{Bone "WheelR1"}
	{Matrix34
		0.6946	0.7194	0.0000
		-0.7194	0.6946	0.0000
		0.0000	0.0000	1.0000
		0.0000	0.0000	0.0000
	}
}
{Volume "wheelleft1"
	{Cylinder 6.68366 4.95941}
	{Bone "WheelL1"}
	{Matrix34
		-0.7194	-0.6946	0.0000
		-0.6946	0.7194	0.0000
		0.0000	0.0000	-1.0000
		0.0000	0.0000	0.0000
	}
}
{Volume "wheelright2"
	{Cylinder 6.68919 5.0095}
	{Bone "WheelR2"}
	{Matrix34
		-0.9998	0.0175	0.0000
		0.0175	0.9998	0.0000
		0.0000	0.0000	-1.0000
		0.0126	-0.1184	0.0830
	}
}
{Volume "wheelleft2"
	{Cylinder 6.79023 5.01576}
	{Bone "WheelL2"}
	{Matrix34
		-0.9998	0.0175	0.0000
		0.0175	0.9998	0.0000
		0.0000	0.0000	-1.0000
		0.0000	0.0000	0.0186
	}
}
