;Exported by: garry
;Date:        Wed May 05 19:10:41 2004
;File:        D:\-Projects-\-3DWork-\Model\Авто-мото\SDKFZ\SdKfz223\SdKfz223_xx.max
{Skeleton
	{bone "Basis"
		{parameters "WheelRadius=0.47;SteerMax=45;"}
		{Orientation
			1.0000	0.0000	0.0000
			0.0000	-1.0000	0.0000
			0.0000	0.0000	1.0000
		}
		{bone "pivot_back"
			{Position -26.4767	-0.4269	6.6687}
			{bone revolute "WheelR2"
				{parameters "ID=wheelright2;"}
				{Matrix34
					-1.0000	0.0000	-0.0000
					-0.0000	-0.0923	0.9957
					0.0000	0.9957	0.0923
					-0.3603	-16.3011	2.0401
				}
				{VolumeView "WheelR2.ply"}
			}
			{bone revolute "WheelL2"
				{parameters "ID=wheelleft2;"}
				{Matrix34
					-0.9890	-0.0000	0.1477
					0.1477	0.0000	0.9890
					-0.0000	1.0000	-0.0000
					-1.9525	17.4766	3.0777
				}
				{VolumeView "WheelL2.ply"}
			}
		}
		{bone "pivot_front"
			{Matrix34
				1.0000	0.0000	0.0000
				0.0000	0.9957	0.0923
				0.0000	-0.0923	0.9957
				29.2714	-0.4269	2.5493
			}
			{bone revolute "steer_R1"
				{Matrix34
					-1.0000	-0.0000	-0.0000
					0.0000	1.0000	0.0000
					0.0000	0.0000	-1.0000
					0.5307	-11.0557	2.1445
				}
				{bone revolute "WheelR1"
					{parameters "ID=wheelright1;"}
					{Matrix34
						1.0000	-0.0000	-0.0000
						-0.0000	-0.0000	-1.0000
						0.0000	1.0000	-0.0000
						0.0000	-5.1165	-0.0000
					}
					{VolumeView "WheelR1.ply"}
				}
			}
			{bone revolute "steer_L1"
				{Matrix34
					-1.0000	-0.0000	-0.0000
					0.0000	1.0000	0.0000
					0.0000	0.0000	-1.0000
					0.5307	12.3674	2.1445
				}
				{bone revolute "WheelL1"
					{parameters "ID=wheelleft1;"}
					{Matrix34
						1.0000	-0.0000	-0.0000
						-0.0000	-0.0000	-1.0000
						0.0000	1.0000	-0.0000
						0.0000	4.5200	0.0000
					}
					{VolumeView "WheelL1.ply"}
				}
			}
		}
		{bone "body"
			{parameters "ID=body;"}
			{Matrix34
				0.9890	0.0000	-0.1477
				-0.0055	0.9993	-0.0366
				0.1476	0.0370	0.9884
				-6.7122	-0.0591	-2.6511
			}
			{VolumeView "body.ply"}
				{bone revolute "turret"
					{parameters "ID=turret;"}
					{Matrix34
						0.9882	0.0000	0.1529
						-0.0000	1.0000	-0.0000
						-0.1529	-0.0000	0.9882
						-8.2266	0.1272	29.8087
					}
					{VolumeView "turret.ply"}
				}
			{bone "part4"
				{Matrix34
					0.9882	0.0000	0.1529
					-0.0000	1.0000	-0.0000
					-0.1529	-0.0000	0.9882
					-36.7902	0.2476	9.9741
				}
				{VolumeView "part4.ply"}
			}
			{bone "part2"
				{Matrix34
					-0.9737	-0.1982	-0.1124
					0.2278	-0.8478	-0.4789
					-0.0003	-0.4919	0.8706
					31.6021	15.3017	27.5108
				}
				{VolumeView "part2.ply"}
			}
			{bone "part1"
				{Matrix34
					-0.9737	-0.1982	-0.1124
					0.2278	-0.8478	-0.4789
					-0.0003	-0.4919	0.8706
					46.2549	9.5741	14.8420
				}
				{VolumeView "part1.ply"}
			}
			{bone "part3"
				{Matrix34
					0.9882	0.0000	0.1529
					-0.0000	1.0000	-0.0000
					-0.1529	-0.0000	0.9882
					-3.6293	0.1272	30.5202
				}
				{VolumeView "part3.ply"}
			}
			{bone "engine"
				{Matrix34
					0.9996	0.0000	-0.0289
					-0.0000	1.0000	-0.0006
					0.0289	0.0006	0.9996
					-25.4417	0.0916	18.5909
				}
				{VolumeView "engine.ply"}
			}
		}
	}
}
{Volume "part3"
	{Polyhedron "part3.vol"}
	{Bone "part3"}
	{Matrix34
		-0.9866	-0.1629	0.0109
		0.1629	-0.9866	-0.0001
		0.0107	0.0017	0.9999
		3.3596	1.1166	-2.1819
	}
}
{Volume "part1"
	{Cylinder 1.13076 32.536}
	{Bone "part1"}
	{Matrix34
		-0.9722	0.1207	0.2008
		0.2180	0.1523	0.9640
		0.0857	0.9809	-0.1744
		0.2100	-0.1874	0.0244
	}
}
{Volume "part2"
	{Polyhedron "part2.vol"}
	{Bone "part2"}
	{Matrix34
		-0.9785	0.1593	0.1308
		-0.1501	-0.9856	0.0773
		0.1413	0.0560	0.9884
		-0.0065	-0.4430	-5.0139
	}
}
{Volume "part4"
	{Polyhedron "part4.vol"}
	{Bone "part4"}
	{Matrix34
		1.0000	-0.0055	-0.0054
		0.0057	0.9993	0.0366
		0.0052	-0.0366	0.9993
		-3.5208	0.5310	-9.6682
	}
}
{Volume "Body2"
	{Polyhedron "Body2.vol"}
	{Bone "body"}
	{Matrix34
		0.9882	0.0000	0.1529
		-0.0000	1.0000	-0.0000
		-0.1529	-0.0000	0.9882
		-3.0997	0.1024	21.7653
	}
}
{Volume "Body1"
	{Polyhedron "Body1.vol"}
	{Bone "body"}
	{Matrix34
		0.9882	0.0000	0.1529
		-0.0000	1.0000	-0.0000
		-0.1529	-0.0000	0.9882
		-0.5801	0.1024	5.4849
	}
}
{Volume "turret"
	{Polyhedron "turret.vol"}
	{Bone "turret"}
	{Position -7.3328	-0.0000	-2.1988}
}
{Volume "wheelleft1"
	{Cylinder 6.37095 4.23851}
	{Bone "WheelL1"}
	{Matrix34
		-1.0000	0.0000	-0.0000
		0.0000	1.0000	0.0000
		0.0000	0.0000	-1.0000
		-0.1644	0.0198	0.2805
	}
}
{Volume "wheelright1"
	{Cylinder 4.20483 4.23851}
	{Bone "WheelR1"}
	{Matrix34
		-1.0000	0.0000	-0.0000
		0.0000	1.0000	-0.0000
		0.0000	-0.0000	-1.0000
		-0.1644	0.8887	-0.4370
	}
}
{Volume "wheelleft2"
	{Cylinder 5.4668 4.23851}
	{Bone "WheelL2"}
	{Matrix34
		-1.0000	-0.0000	-0.0000
		0.0000	1.0000	0.0000
		0.0000	0.0000	-1.0000
		0.3285	0.0198	-0.3087
	}
}
{Volume "wheelright2"
	{Cylinder 5.67652 4.23851}
	{Bone "WheelR2"}
	{Matrix34
		-1.0000	0.0000	-0.0000
		-0.0000	0.9957	0.0923
		0.0000	0.0923	-0.9957
		-0.1633	0.4637	-0.0201
	}
}
