;Exported by: garry
;Date:        Fri May 14 17:55:24 2004
;File:        \\sharepoint\gamedev\DESIGN\-Projects-\-3DWork-\Model\-“¿Õ »\Pz-4\Pz_4D_xx.max
{Skeleton
	{bone "Basis"
		{Orientation
			1.0000	0.0000	0.0000
			0.0000	-1.0000	0.0000
			0.0000	0.0000	1.0000
		}
		{bone "Body"
			{parameters "ID=body;"}
			{Position -3.2370	-1.7970	14.5860}
			{VolumeView "Body.ply"}
			{bone "turret"
				{parameters "ID=turret;"}
				{Position -2.4493	2.3636	24.7841}
				{VolumeView "turret.ply"}
				{bone revolute "Gun_rot"
					{parameters "ID=gun;"}
					{limits -15.0000 10.0000}
					{speed 0.0100}
					{Matrix34
						1.0000	0.0000	0.0000
						-0.0000	0.0000	1.0000
						0.0000	-1.0000	0.0000
						18.3118	-1.1826	0.8772
					}
					{VolumeView "Gun_rot.ply"}
					{bone "Gun"
						{parameters "ID=gun;"}
						{Matrix34
							1.0000	0.0000	-0.0000
							-0.0000	0.0000	-1.0000
							-0.0000	1.0000	0.0000
							3.9626	-0.5816	-2.0132
						}
						{VolumeView "Gun.ply"}
					}
				}
			}
			{bone "part2"
				{Matrix34
					-1.0000	-0.0000	-0.0000
					0.0000	-1.0000	0.0000
					-0.0000	0.0000	1.0000
					-30.7651	2.0281	14.3748
				}
				{VolumeView "part2.ply"}
			}
			{bone revolute "part3"
				{Matrix34
					-1.0000	-0.0000	-0.0000
					0.0000	-0.0000	1.0000
					-0.0000	1.0000	0.0000
					-45.1949	25.0912	-3.5835
				}
				{VolumeView "part3.ply"}
			}
			{bone revolute "part1"
				{parameters "ID=body;"}
				{Matrix34
					-0.9850	0.1726	-0.0000
					-0.0142	-0.0810	0.9966
					0.1720	0.9817	0.0822
					47.0492	23.7363	-0.5098
				}
				{VolumeView "part1.ply"}
			}
			{bone revolute "part4"
				{Matrix34
					1.0000	-0.0082	-0.0044
					0.0010	-0.3792	0.9253
					-0.0093	-0.9253	-0.3792
					46.6891	-20.5100	-7.9791
				}
				{VolumeView "part4.ply"}
			}
			{bone "engine"
				{parameters "ID=engine;"}
				{Matrix34
					0.0025	0.1736	0.9848
					-0.0004	0.9848	-0.1736
					-1.0000	-0.0000	0.0025
					-33.4304	2.4557	5.8051
				}
			}
		}
		{bone "WheelsL"
			{parameters "ID=trackleft;"}
			{Matrix34
				-1.0000	-0.0000	-0.0000
				0.0000	-0.2899	0.9570
				-0.0000	0.9570	0.2899
				-1.8230	19.2906	10.9635
			}
			{VolumeView "WheelsL.ply"}
		}
		{bone "WheelsR"
			{parameters "ID=trackright;"}
			{Matrix34
				-1.0000	-0.0000	0.0000
				0.0000	-0.0000	1.0000
				-0.0000	1.0000	0.0000
				-1.8230	-19.9310	10.9635
			}
			{VolumeView "WheelsR.ply"}
		}
	}
}
{Volume "Trackright"
	{Box 49.7146 6.40608 21.6335}
	{Bone "WheelsR"}
	{Matrix34
		-1.0000	0.0000	-0.0000
		-0.0000	-0.0108	0.9999
		0.0000	0.9999	0.0108
		21.2113	-0.5078	1.0347
	}
}
{Volume "Trackleft"
	{Box 49.7146 6.40608 21.6335}
	{Bone "WheelsL"}
	{Matrix34
		-1.0000	0.0000	-0.0000
		-0.0000	-0.0000	1.0000
		-0.0000	1.0000	-0.0000
		-13.8683	-0.0075	0.7374
	}
}
{Volume "part4"
	{Cylinder 6.98475 2.90006}
	{Bone "part4"}
	{Position 0.0000	0.0000	1.1395}
}
{Volume "part1"
	{Cylinder 6.98475 2.90006}
	{Bone "part1"}
	{Matrix34
		1.0000	-0.0000	0.0000
		-0.0000	1.0000	-0.0000
		-0.0000	-0.0000	1.0000
		-0.0000	-0.0000	1.1395
	}
}
{Volume "part3"
	{Cylinder 5.65653 6.48071}
	{Bone "part3"}
	{Position 0.2632	-0.0007	0.1787}
}
{Volume "part2"
	{Box 25.4391 44.6934 7.87401}
	{Bone "part2"}
	{Matrix34
		-1.0000	0.0000	-0.0000
		-0.0000	-1.0000	0.0000
		-0.0000	0.0000	1.0000
		-0.2587	0.8215	-0.2550
	}
}
{Volume "Body2"
	{Polyhedron "Body2.vol"}
	{Bone "Body"}
	{Position -3.1475	1.9592	9.5281}
}
{Volume "Body1"
	{Box 99.394 39.3494 16.6578}
	{Bone "Body"}
	{Position 4.3642	1.1078	1.5031}
}
{Volume "Turret"
	{Polyhedron "Turret.vol"}
	{Bone "turret"}
	{Position 2.1144	0.7165	-5.8884}
}
