;Exported by: shevchenko
;Date:        Sun Apr 18 14:26:19 2004
;File:        D:\-Projects-\-3DWork-\sheva\SK\build-04_a_x.max
{Skeleton
	{animation
		{sequence "crush" {speed 0.4}}
	}
	{bone "build-04_corner3_a"
		{parameters "CommonMesh;"}
		{Orientation
			1.0000	0.0000	0.0000
			0.0000	-1.0000	0.0000
			0.0000	0.0000	1.0000
		}
		{VolumeView "build-04_corner3_a.ply"}
		{bone "Piece0"
			{Matrix34
				1.0000	0.0000	0.0000
				0.0000	-0.0000	1.0000
				0.0000	-1.0000	-0.0000
				-6.5433	34.4488	74.5340
			}
			{VolumeView "Piece0.ply"}
		}
		{bone "Piece3"
			{Matrix34
				1.0000	0.0000	0.0000
				0.0000	-0.0000	1.0000
				0.0000	-1.0000	-0.0000
				-40.3990	34.4488	53.8206
			}
			{VolumeView "Piece3.ply"}
		}
		{bone "Piece4"
			{Matrix34
				1.0000	0.0000	0.0000
				0.0000	-0.0000	1.0000
				0.0000	-1.0000	-0.0000
				-2.3123	34.4488	55.5168
			}
			{VolumeView "Piece4.ply"}
		}
		{bone "Piece5"
			{Matrix34
				1.0000	0.0000	0.0000
				0.0000	-0.0000	1.0000
				0.0000	-1.0000	-0.0000
				-38.1924	34.4488	94.9516
			}
			{VolumeView "Piece5.ply"}
		}
		{bone "Piece6"
			{Matrix34
				1.0000	0.0000	0.0000
				0.0000	-0.0000	1.0000
				0.0000	-1.0000	-0.0000
				-5.5635	34.4488	97.7406
			}
			{VolumeView "Piece6.ply"}
		}
		{bone "Piece7"
			{Matrix34
				-0.0000	-1.0000	0.0000
				0.0000	-0.0000	-1.0000
				1.0000	-0.0000	0.0000
				-51.1147	21.2401	76.1323
			}
			{VolumeView "Piece7.ply"}
		}
		{bone "Piece8"
			{Matrix34
				0.0000	1.0000	0.0000
				-0.0000	0.0000	-1.0000
				-1.0000	0.0000	0.0000
				-51.1147	-10.4453	145.6369
			}
			{VolumeView "Piece8.ply"}
		}
		{bone "Piece9"
			{Matrix34
				-0.0000	-0.4226	-0.9063
				-0.0000	-0.9063	0.4226
				-1.0000	0.0000	-0.0000
				-51.1147	-35.0059	122.4538
			}
			{VolumeView "Piece9.ply"}
		}
		{bone "Piece10"
			{Matrix34
				0.0000	-0.7071	0.7071
				0.0000	-0.7071	-0.7071
				1.0000	0.0000	0.0000
				-51.1147	-15.4816	98.7447
			}
			{VolumeView "Piece10.ply"}
		}
		{bone "Piece11"
			{Matrix34
				0.0000	-0.9848	-0.1736
				0.0000	0.1736	-0.9848
				1.0000	0.0000	0.0000
				-51.1147	-5.5801	70.3085
			}
			{VolumeView "Piece11.ply"}
		}
		{bone "Piece12"
			{Matrix34
				-0.0000	-1.0000	0.0000
				0.0000	-0.0000	-1.0000
				1.0000	-0.0000	0.0000
				-51.1147	6.5583	52.7423
			}
			{VolumeView "Piece12.ply"}
		}
		{bone "Piece13"
			{Matrix34
				-0.0000	-1.0000	0.0000
				0.0000	-0.0000	-1.0000
				1.0000	-0.0000	0.0000
				-51.1147	21.0207	96.1861
			}
			{VolumeView "Piece13.ply"}
		}
		{bone "Piece2"
			{Matrix34
				0.0000	0.1736	-0.9848
				0.0000	0.9848	0.1736
				1.0000	-0.0000	-0.0000
				-51.1147	15.0774	118.2490
			}
			{VolumeView "Piece2.ply"}
		}
		{bone "Piece1"
			{Matrix34
				0.9659	0.0000	-0.2588
				0.2588	-0.0000	0.9659
				-0.0000	-1.0000	-0.0000
				35.2529	34.4488	50.3373
			}
			{VolumeView "Piece1.ply"}
		}
	}
}
{Volume "Piece1"
	{Box 19.9779 9.84252 9.52134}
	{Bone "Piece1"}
	{Matrix34
		0.9962	0.0872	-0.0000
		0.0000	-0.0000	-1.0000
		-0.0872	0.9962	-0.0000
		-2.0579	4.1241	-0.0665
	}
}
{Volume "Piece2"
	{Box 13.8167 9.84252 24.7491}
	{Bone "Piece2"}
	{Matrix34
		0.6428	-0.7660	-0.0000
		-0.0000	-0.0000	1.0000
		-0.7660	-0.6428	-0.0000
		-1.3126	0.2701	-0.1365
	}
}
{Volume "Piece13"
	{Box 13.8167 9.84252 19.6421}
	{Bone "Piece13"}
	{Matrix34
		1.0000	-0.0000	-0.0000
		-0.0000	-0.0000	1.0000
		0.0000	-1.0000	-0.0000
		-1.0102	0.0800	-0.1365
	}
}
{Volume "Piece12"
	{Box 15.1832 9.84252 22.9464}
	{Bone "Piece12"}
	{Matrix34
		0.9962	0.0872	-0.0000
		0.0000	-0.0000	1.0000
		0.0872	-0.9962	-0.0000
		-0.2908	0.2943	-0.1365
	}
}
{Volume "Piece11"
	{Box 15.1832 9.84252 24.5527}
	{Bone "Piece11"}
	{Matrix34
		1.0000	0.0000	-0.0000
		0.0000	-0.0000	1.0000
		0.0000	-1.0000	-0.0000
		-0.0834	0.9889	-0.1365
	}
}
{Volume "Piece10"
	{Box 13.8167 9.84252 19.6421}
	{Bone "Piece10"}
	{Matrix34
		0.9962	0.0872	0.0000
		-0.0000	0.0000	1.0000
		0.0872	-0.9962	0.0000
		0.2204	-0.1895	-0.1365
	}
}
{Volume "Piece9"
	{Box 11.3297 9.84252 30.1381}
	{Bone "Piece9"}
	{Matrix34
		0.9659	0.2588	-0.0000
		0.0000	-0.0000	1.0000
		0.2588	-0.9659	-0.0000
		-3.9657	-0.8073	0.1438
	}
}
{Volume "Piece8"
	{Box 11.3297 9.84252 18.3143}
	{Bone "Piece8"}
	{Matrix34
		0.6428	-0.7660	-0.0000
		-0.0000	-0.0000	1.0000
		-0.7660	-0.6428	-0.0000
		2.6802	-1.5288	0.1438
	}
}
{Volume "Piece7"
	{Box 13.8167 9.84252 19.6421}
	{Bone "Piece7"}
	{Matrix34
		1.0000	-0.0000	-0.0000
		-0.0000	-0.0000	1.0000
		0.0000	-1.0000	-0.0000
		-0.5053	0.4101	-0.1365
	}
}
{Volume "Piece6"
	{Box 19.9779 9.84252 9.52134}
	{Bone "Piece6"}
	{Matrix34
		1.0000	0.0000	0.0000
		0.0000	-0.0000	-1.0000
		0.0000	1.0000	-0.0000
		-2.4536	3.7507	-0.0665
	}
}
{Volume "Piece5"
	{Box 26.4083 9.84252 18.0671}
	{Bone "Piece5"}
	{Matrix34
		1.0000	0.0000	0.0000
		0.0000	-0.0000	-1.0000
		0.0000	1.0000	-0.0000
		-0.3635	1.6334	-0.0665
	}
}
{Volume "Piece4"
	{Box 31.5995 9.84252 18.0671}
	{Bone "Piece4"}
	{Matrix34
		1.0000	0.0000	0.0000
		0.0000	-0.0000	-1.0000
		0.0000	1.0000	-0.0000
		1.0162	0.1256	-0.0665
	}
}
{Volume "Piece3"
	{Box 30.3544 9.84252 18.0671}
	{Bone "Piece3"}
	{Matrix34
		1.0000	0.0000	0.0000
		0.0000	-0.0000	-1.0000
		0.0000	1.0000	-0.0000
		-0.3742	0.4230	-0.0665
	}
}
{Volume "Piece"
	{Box 22.4471 9.84252 15.357}
	{Bone "Piece0"}
	{Matrix34
		1.0000	0.0000	0.0000
		0.0000	-0.0000	-1.0000
		0.0000	1.0000	-0.0000
		0.2474	3.0068	-0.0665
	}
}
