;Exported by: ubrashaev
;Date:        Mon Jan 12 16:48:06 2004
;File:        D:\-Projects-\-work-\3d\Smithy_house(my).max
{Skeleton
	{bone "farm"
		{Orientation
			1.0000	0.0000	0.0000
			0.0000	-1.0000	0.0000
			0.0000	0.0000	1.0000
		}
		{VolumeView "farm.ply"}
		{bone "ladder_bottom01"
			{Matrix34
				-1.0000	-0.0000	0.0000
				0.0000	-1.0000	0.0000
				0.0000	0.0000	1.0000
				88.6134	0.4203	14.1799
			}
		}
		{bone "ladder_top01"
			{Matrix34
				-1.0000	-0.0000	0.0000
				0.0000	-1.0000	0.0000
				0.0000	0.0000	1.0000
				89.1941	0.4203	31.3284
			}
		}
		{bone "ladder_bottom02"
			{Matrix34
				-1.0000	-0.0000	0.0000
				0.0000	-1.0000	0.0000
				0.0000	0.0000	1.0000
				-79.4638	23.8919	14.5301
			}
		}
		{bone "ladder_top02"
			{Matrix34
				-1.0000	-0.0000	0.0000
				0.0000	-1.0000	0.0000
				0.0000	0.0000	1.0000
				-79.4638	23.8913	27.1965
			}
		}
		{bone "node01"
			{Position 63.9371	0.4203	42.1366}
		}
		{bone "node02"
			{Matrix34
				-1.0000	0.0000	0.0000
				-0.0000	-1.0000	0.0000
				0.0000	0.0000	1.0000
				-63.4485	0.4203	42.1366
			}
		}
		{bone "exterior"
			{Position -3.2314	-0.9475	60.1661}
			{VolumeView "exterior.ply"}
		}
		{bone "door1"
			{Matrix34
				-1.0000	-0.0000	0.0000
				0.0000	-1.0000	0.0000
				0.0000	0.0000	1.0000
				99.9161	0.4203	2.0115
			}
		}
		{bone "door2"
			{Matrix34
				-1.0000	-0.0000	0.0000
				0.0000	-1.0000	0.0000
				0.0000	0.0000	1.0000
				-67.9811	23.8919	0.4628
			}
		}
	}
}
{Obstacle "Wall6"
	{Obb2
		{Center -48.7095 -45.5411}
		{Extent 38.4489 5.06573}
		{Axis 1 0}
	}
	{Rotate}
}
{Obstacle "Wall5"
	{Obb2
		{Center 51.6426 45.4408}
		{Extent 35.8364 5.06573}
		{Axis 1 0}
	}
	{Rotate}
}
{Obstacle "Wall2"
	{Obb2
		{Center -49.4261 45.4408}
		{Extent 38.2225 5.06573}
		{Axis 1 0}
	}
	{Rotate}
}
{Obstacle "Wall1"
	{Obb2
		{Center 63.7774 -45.5411}
		{Extent 23.7339 5.06573}
		{Axis 1 0}
	}
	{Rotate}
}
{Obstacle "Rectangle13"
	{Obb2
		{Center -0.173119 57.5913}
		{Extent 1.35536 12.7791}
		{Axis -0.707107 0.707106}
	}
	{Rotate}
}
{Obstacle "Rectangle11"
	{Obb2
		{Center 38.5217 -59.9024}
		{Extent 1.54898 13.9408}
		{Axis -0.984808 0.173648}
	}
	{Rotate}
}
{Obstacle "Rectangle10"
	{Obb2
		{Center -2.8968 -58.5116}
		{Extent 1.35535 13.7472}
		{Axis -0.906308 -0.422617}
	}
	{Rotate}
}
{Area "interior"
	{Obb2
		{Center 0.0722504 0.203552}
		{Extent 81.0712 42.6077}
		{Axis -1 0}
	}
	{Rotate}
}
{Obstacle "Rectangle08"
	{Obb2
		{Center -83.3301 0.592079}
		{Extent 4.66224 50.5076}
		{Axis -1 0}
	}
	{Rotate}
}
{Obstacle "Rectangle05"
	{Obb2
		{Center 83.7336 -0.314476}
		{Extent 4.60358 50.8961}
		{Axis -1 0}
	}
	{Rotate}
}
{Volume "Wall6"
	{Box 76.8979 10.1315 40.4821}
	{Bone "farm"}
	{Position -48.7095	45.5411	22.2525}
}
{Volume "Wall5"
	{Box 71.6728 10.1315 40.0773}
	{Bone "farm"}
	{Position 51.6426	-45.4408	22.0501}
}
{Volume "door"
	{Box 15.9127 1.5394 14.5806}
	{Bone "farm"}
	{Matrix34
		0.9397	0.3420	0.0000
		-0.3420	0.9397	0.0000
		0.0000	0.0000	1.0000
		-93.2026	5.7055	49.4346
	}
}
{Volume "hole4"
	{Box 31.09 20.5786 17.0403}
	{Bone "farm"}
	{Position 75.1919	0.1768	52.0929}
}
{Volume "hole3"
	{Box 32.3539 18.8197 16.2289}
	{Bone "farm"}
	{Position -74.9485	0.1768	49.5873}
}
{Volume "door3"
	{Box 3.91327 27.6589 36.8387}
	{Bone "farm"}
	{Matrix34
		0.7071	0.7071	0.0000
		-0.7071	0.7071	0.0000
		0.0000	0.0000	1.0000
		-0.3544	-58.0995	20.4308
	}
}
{Volume "door2"
	{Box 3.91327 27.6589 36.8387}
	{Bone "farm"}
	{Matrix34
		0.9063	-0.4226	0.0000
		0.4226	0.9063	0.0000
		0.0000	0.0000	1.0000
		-2.8314	60.2295	20.4308
	}
}
{Volume "door1"
	{Box 3.91327 27.6589 36.8387}
	{Bone "farm"}
	{Matrix34
		0.9848	0.1736	0.0000
		-0.1736	0.9848	0.0000
		0.0000	0.0000	1.0000
		38.5357	60.5066	20.4308
	}
}
{Volume "roof"
	{Polyhedron "roof.vol"}
	{Bone "farm"}
	{Position -1.2569	0.1768	42.3082}
}
{Volume "Wall4"
	{Box 8.73498 100.852 40.4821}
	{Bone "farm"}
	{Position 83.3083	0.1768	22.2525}
}
{Volume "Wall3"
	{Box 8.73498 100.852 40.4821}
	{Bone "farm"}
	{Position -83.0411	0.1768	22.2525}
}
{Volume "Wall2"
	{Box 76.445 10.1315 40.4821}
	{Bone "farm"}
	{Position -49.4261	-45.4408	22.2525}
}
{Volume "Wall1"
	{Box 47.4678 10.1315 40.4821}
	{Bone "farm"}
	{Position 63.7774	45.5411	22.2525}
}
{Volume "fire7"
	{Box 3.26667 64.6635 9.07605}
	{Bone "farm"}
	{Matrix34
		-0.0000	1.0000	0.0000
		-1.0000	-0.0000	0.0000
		0.0000	0.0000	1.0000
		-50.3401	50.1702	6.5495
	}
}
{Volume "fire6"
	{Box 3.26667 69.117 4.15986}
	{Bone "farm"}
	{Matrix34
		-0.0000	1.0000	0.0000
		-1.0000	-0.0000	0.0000
		0.0000	0.0000	1.0000
		-49.3656	-51.0152	4.0914
	}
}
{Volume "fire5"
	{Box 2.58067 82.931 45.3802}
	{Bone "farm"}
	{Matrix34
		-0.0000	0.5761	-0.8174
		-1.0000	-0.0000	0.0000
		-0.0000	0.8174	0.5761
		43.4599	-41.7792	55.3210
	}
}
{Volume "fire4"
	{Box 2.58067 82.931 45.3802}
	{Bone "farm"}
	{Matrix34
		-0.0000	0.5761	-0.8174
		-1.0000	-0.0000	0.0000
		-0.0000	0.8174	0.5761
		-45.9420	-41.7792	55.3210
	}
}
{Volume "fire3"
	{Box 2.58067 82.931 45.3802}
	{Bone "farm"}
	{Matrix34
		-0.0000	0.5934	0.8049
		-1.0000	-0.0000	-0.0000
		0.0000	-0.8049	0.5934
		-45.9420	38.9686	55.7136
	}
}
{Volume "fire2"
	{Box 2.58067 85.6062 45.3802}
	{Bone "farm"}
	{Matrix34
		-0.0000	0.5934	0.8049
		-1.0000	-0.0000	-0.0000
		0.0000	-0.8049	0.5934
		45.1505	38.9686	55.7136
	}
}
{Volume "fire1"
	{Box 3.15561 19.8162 35.1697}
	{Bone "farm"}
	{Matrix34
		0.9659	0.2588	0.0000
		-0.2588	0.9659	0.0000
		0.0000	0.0000	1.0000
		38.0118	59.2142	19.5963
	}
}
{Volume "fire0"
	{Box 3.03801 20.8592 35.5479}
	{Bone "farm"}
	{Matrix34
		-0.0000	1.0000	0.0000
		-1.0000	-0.0000	0.0000
		0.0000	0.0000	1.0000
		29.0593	-51.0152	19.7854
	}
}
