;Exported by: garry
;Date:        Mon May 31 19:41:04 2004
;File:        D:\-Projects-\-3DWork-\Model\Авто-мото\SDKFZ\SdKfz250_3\250_3_xx.max
{Skeleton
	{bone "Basis"
		{parameters "SteerMax=20;"}
		{Orientation
			1.0000	0.0000	0.0000
			0.0000	-1.0000	0.0000
			0.0000	0.0000	1.0000
		}
		{bone "pivot_back"
			{Matrix34
				1.0000	0.0000	0.0001
				0.0000	1.0000	0.0000
				-0.0001	0.0000	1.0000
				-29.4934	-0.0000	7.9733
			}
			{bone "wheelsL"
				{parameters "ID=trackleft;"}
				{Matrix34
					0.0000	-0.0000	1.0000
					1.0000	-0.0000	-0.0000
					0.0000	1.0000	0.0000
					17.2606	15.4778	-1.3933
				}
				{VolumeView "wheelsL.ply"}
				{bone revolute "WheelL4"
					{parameters "ID=wheelleft4;"}
					{Matrix34
						0.9997	0.0058	-0.0254
						-0.0058	1.0000	0.0013
						0.0254	-0.0011	0.9997
						3.0855	-20.9926	-29.4852
					}
					{VolumeView "WheelL4.ply"}
				}
				{bone revolute "WheelL2"
					{parameters "ID=wheelleft2;"}
					{Position 0.0000	7.6108	-29.7060}
					{VolumeView "WheelL2.ply"}
				}
			}
			{bone "wheelsR"
				{parameters "ID=trackright;"}
				{Matrix34
					0.0000	-0.0000	1.0000
					1.0000	-0.0000	-0.0000
					0.0000	1.0000	0.0000
					17.2606	-15.5429	-1.3933
				}
				{VolumeView "wheelsR.ply"}
				{bone revolute "WheelR3"
					{parameters "ID=wheelright3;"}
					{Position -0.0000	-0.0000	31.7573}
					{VolumeView "WheelR3.ply"}
				}
				{bone revolute "WheelR4"
					{parameters "ID=wheelright4;"}
					{Position 0.6405	-14.2670	-0.0000}
					{VolumeView "WheelR4.ply"}
				}
				{bone revolute "WheelR2"
					{parameters "ID=wheelright2;"}
					{Matrix34
						0.9997	0.0058	-0.0254
						-0.0058	1.0000	0.0013
						0.0254	-0.0011	0.9997
						2.8248	20.6874	0.2900
					}
					{VolumeView "WheelR2.ply"}
				}
			}
		}
		{bone "pivot_front"
			{Matrix34
				1.0000	0.0000	0.0001
				0.0000	1.0000	0.0000
				-0.0001	0.0000	1.0000
				29.4924	-0.0000	7.9771
			}
			{bone revolute "steer_R"
				{Matrix34
					0.9998	-0.0000	0.0175
					-0.0000	-1.0000	-0.0000
					0.0175	0.0000	-0.9998
					4.3378	-12.5356	-1.6410
				}
				{bone "WheelR1"
					{parameters "ID=wheelright1;"}
					{Matrix34
						0.9998	0.0000	0.0175
						0.0175	0.0000	-0.9998
						-0.0000	1.0000	0.0000
						0.0817	1.0609	-0.1962
					}
					{VolumeView "WheelR1.ply"}
				}
			}
			{bone revolute "steer_L"
				{Matrix34
					0.9998	0.0000	0.0175
					-0.0000	-1.0000	0.0000
					0.0175	-0.0000	-0.9998
					4.3378	12.5356	-1.6410
				}
				{bone "WheelL1"
					{parameters "ID=wheelleft1;"}
					{Matrix34
						-0.9998	-0.0000	-0.0175
						0.0159	0.4150	-0.9097
						0.0073	-0.9098	-0.4149
						0.0636	-0.3814	0.8379
					}
					{VolumeView "WheelL1.ply"}
				}
			}
		}
		{bone "Body"
			{parameters "ID=body;"}
			{Matrix34
				-1.0000	0.0000	-0.0001
				0.0000	1.0000	-0.0017
				-0.0001	0.0017	1.0000
				-2.0078	-9.3701	-1.1616
			}
			{VolumeView "Body.ply"}
			{bone "engine"
				{parameters "ID=engine;"}
				{Matrix34
					0.9758	-0.0290	-0.2166
					0.0748	0.9756	0.2063
					0.2053	-0.2175	0.9542
					-28.3050	9.3962	17.7673
				}
				{VolumeView "engine.ply"}
			}
			{bone "part1"
				{parameters "ID=wheelright3;"}
				{Matrix34
					-0.0001	-0.0017	1.0000
					-1.0000	-0.0004	-0.0001
					-0.0004	1.0000	0.0017
					10.2201	-6.1863	7.7283
				}
				{VolumeView "part1.ply"}
			}
			{bone "Part2"
				{Matrix34
					0.9515	0.0417	-0.3047
					0.0437	0.9624	0.2682
					0.3044	-0.2685	0.9139
					45.2377	4.7703	8.3011
				}
				{VolumeView "Part2.ply"}
			}
			{bone "Part3"
				{Matrix34
					0.9782	-0.0298	0.2057
					-0.0164	0.9756	0.2189
					-0.2072	-0.2175	0.9538
					-28.7570	21.5150	24.5021
				}
				{VolumeView "Part3.ply"}
			}
			{bone "part4"
				{Matrix34
					-0.6113	-0.2532	0.7498
					0.2948	-0.9521	-0.0811
					0.7344	0.1714	0.6567
					-2.2427	5.2716	36.5367
				}
				{VolumeView "part4.ply"}
			}
			{bone revolute "turret"
				{parameters "ID=turret;"}
				{Matrix34
					-0.9982	0.0011	0.0605
					-0.0028	-0.9996	-0.0270
					0.0605	-0.0271	0.9978
					15.9355	8.8553	33.5203
				}
				{VolumeView "turret.ply"}
				{bone revolute "gun_rot"
					{parameters "ID=gun;"}
					{Matrix34
						0.7050	0.0104	0.7091
						0.7079	-0.0702	-0.7028
						0.0425	0.9975	-0.0569
						15.5783	-0.1108	0.6627
					}
					{VolumeView "gun_rot.ply"}
					{bone "gun"
						{parameters "ID=gun;"}
						{Matrix34
							1.0000	-0.0000	0.0000
							-0.0000	-0.0000	1.0000
							0.0000	-1.0000	-0.0000
							0.4718	-1.6254	0.0688
						}
						{VolumeView "gun.ply"}
					}
				}
			}
		}
	}
}
{Volume "Body"
	{Polyhedron "Body.vol"}
	{Bone "Body"}
	{Matrix34
		1.0000	-0.0000	-0.0000
		-0.0000	1.0000	-0.0000
		0.0000	0.0000	1.0000
		15.8239	9.6124	8.3732
	}
}
{Volume "turret"
	{Polyhedron "turret.vol"}
	{Bone "gun_rot"}
	{Matrix34
		0.9947	0.0917	-0.0469
		-0.0624	0.1744	-0.9827
		-0.0819	0.9804	0.1792
		-4.5623	-2.5275	-6.8071
	}
}
{Volume "part4"
	{Cylinder 0.816708 24.8278}
	{Bone "part4"}
	{Matrix34
		-0.0022	0.0890	-0.9960
		-0.0275	-0.9957	-0.0889
		0.9996	-0.0272	-0.0046
		1.3392	-0.1436	0.0351
	}
}
{Volume "part3"
	{Polyhedron "part3.vol"}
	{Bone "Part3"}
	{Matrix34
		-0.9996	-0.0275	0.0116
		-0.0294	0.9760	-0.2158
		0.0054	0.2160	0.9764
		-1.1357	-1.1392	-7.1996
	}
}
{Volume "part2"
	{Polyhedron "part2.vol"}
	{Bone "Part2"}
	{Matrix34
		-1.0000	-0.0000	0.0000
		-0.0000	1.0000	-0.0000
		-0.0000	0.0000	1.0000
		-11.9988	-0.3374	-0.1656
	}
}
{Volume "part1"
	{Cylinder 6.16213 1.54801}
	{Bone "part1"}
	{Matrix34
		-0.0000	-1.0000	-0.0000
		1.0000	-0.0000	0.0000
		-0.0000	-0.0000	1.0000
		0.0000	0.0000	-0.7366
	}
}
{Volume "engine"
	{Polyhedron "engine.vol"}
	{Bone "engine"}
	{Matrix34
		-0.9182	-0.0800	-0.3880
		-0.0915	0.9957	0.0112
		-0.3855	-0.0458	0.9216
		7.3419	-1.1628	-4.3992
	}
}
{Volume "wheelleft1"
	{Cylinder 5.60751 4.05411}
	{Bone "WheelL1"}
	{Position -0.0000	-0.0000	2.0271}
}
{Volume "wheelright1"
	{Cylinder 5.60751 4.05411}
	{Bone "WheelR1"}
	{Position 0.0000	0.0000	2.0271}
}
{Volume "trackright"
	{Box 54.9189 8.3251 16.174}
	{Bone "wheelsR"}
	{Matrix34
		0.0000	1.0000	-0.0000
		-0.0000	-0.0000	1.0000
		1.0000	-0.0000	0.0000
		1.5050	-0.2858	0.9441
	}
}
{Volume "trackleft"
	{Box 54.9189 9.02415 10.9983}
	{Bone "wheelsL"}
	{Matrix34
		0.0000	1.0000	-0.0000
		-0.0000	-0.0000	1.0000
		1.0000	-0.0000	0.0000
		0.9112	-0.2858	0.5225
	}
}
