;Exported by: garry
;Date:        Sat Jun 05 11:01:53 2004
;File:        D:\-Projects-\-3DWork-\Model\Пушки\PAK40\Pak-40_xx.max
{Skeleton
	{bone revolute "Basis"
		{Orientation
			1.0000	0.0000	0.0000
			0.0000	-1.0000	0.0000
			0.0000	0.0000	1.0000
		}
		{bone "Body"
			{parameters "ID=body;"}
			{Matrix34
				0.9999	0.0000	-0.0131
				0.0000	1.0000	0.0000
				0.0131	0.0000	0.9999
				0.7181	0.0496	11.8922
			}
			{VolumeView "Body.ply"}
			{bone revolute "turret"
				{parameters "ID=turret;"}
				{Matrix34
					0.9801	0.0357	0.1954
					-0.0000	0.9837	-0.1798
					-0.1986	0.1762	0.9641
					3.3015	0.2494	-6.3071
				}
				{VolumeView "turret.ply"}
					{bone revolute "gun_rot"
						{parameters "ID=gun;"}
						{Matrix34
							0.9496	0.0365	-0.3114
							0.3114	0.0058	0.9503
							-0.0365	0.9993	0.0058
							6.2726	0.0721	6.9250
						}
						{VolumeView "gun_rot.ply"}
						{bone "gun"
							{parameters "ID=gun;"}
							{Matrix34
								-0.0000	0.0000	-1.0000
								-0.0000	1.0000	0.0000
								1.0000	0.0000	-0.0000
								20.6969	2.8069	0.0488
							}
							{VolumeView "gun.ply"}
						}
					}
			}
			{bone "part1"
				{Matrix34
					0.9801	0.0357	0.1954
					0.0000	-0.9837	0.1798
					-0.1986	0.1762	0.9641
					-20.6920	6.3522	-2.7733
				}
				{VolumeView "part1.ply"}
			}
			{bone "part2"
				{Matrix34
					0.0370	-0.9828	0.1812
					0.1164	0.1843	0.9760
					0.9925	0.0150	-0.1213
					51.9390	2.9500	-2.3734
				}
				{VolumeView "part2.ply"}
			}
			{bone "part4"
				{Matrix34
					0.4225	-0.9063	0.0070
					-0.0166	-0.0000	0.9999
					0.9062	0.4226	0.0151
					-42.1337	-24.4110	-6.9851
				}
				{VolumeView "part4.ply"}
			}
			{bone "WheelR"
				{parameters "ID=wheelright;"}
				{Matrix34
					-1.0000	0.0000	-0.0000
					-0.0000	-0.1823	0.9832
					0.0000	0.9832	0.1823
					0.7323	-20.3205	-0.7259
				}
				{VolumeView "WheelR.ply"}
			}
			{bone "WheelL"
				{parameters "ID=wheelleft;"}
				{Matrix34
					-0.7667	0.6378	-0.0734
					0.2837	0.2339	-0.9300
					-0.5760	-0.7338	-0.3603
					3.5055	18.9056	-7.4817
				}
				{VolumeView "WheelL.ply"}
			}
		}
	}
}
{Volume "wheelleft"
	{Cylinder 11.4252 4.84035}
	{Bone "WheelL"}
	{Matrix34
		-0.9949	0.0991	-0.0182
		-0.0994	-0.9949	0.0144
		-0.0167	0.0161	0.9997
		-0.3551	0.3926	2.6803
	}
}
{Volume "wheelright"
	{Cylinder 12.3004 4.51525}
	{Bone "WheelR"}
	{Matrix34
		-0.9386	0.3443	0.0238
		0.3442	0.9389	-0.0074
		-0.0249	0.0012	-0.9997
		0.0000	-0.2093	1.1290
	}
}
{Volume "body2"
	{Cylinder 1.77239 79.6209}
	{Bone "Body"}
	{Matrix34
		0.4210	0.9014	-0.1014
		-0.0463	0.1330	0.9900
		0.9059	-0.4121	0.0977
		-42.3002	24.6328	-9.8471
	}
}
{Volume "Body1"
	{Box 3.9141 32.5406 9.58562}
	{Bone "Body"}
	{Matrix34
		0.8811	0.0004	-0.4729
		-0.0425	0.9960	-0.0784
		0.4710	0.0892	0.8776
		-1.2712	-1.3635	-7.0746
	}
}
{Volume "Part4"
	{Cylinder 2.69205 128.29}
	{Bone "part4"}
	{Matrix34
		0.5660	-0.0518	0.0001
		0.0516	0.5631	-0.0573
		0.0052	0.0571	0.5655
		0.8723	0.6787	2.5747
	}
}
{Volume "part2"
	{Cylinder 1.42403 21.1334}
	{Bone "part2"}
	{Matrix34
		-0.9829	0.1843	0.0009
		0.1841	0.9820	0.0426
		0.0069	0.0421	-0.9991
		-0.3564	-0.0271	-0.1250
	}
}
{Volume "part1"
	{Box 44.4217 1.09859 12.6533}
	{Bone "part1"}
	{Matrix34
		-0.5667	-0.0435	-0.0048
		0.0434	-0.5666	0.0111
		-0.0056	0.0107	0.5682
		-0.2571	-0.2190	-0.0044
	}
}
{Volume "turret"
	{Box 6.68096 33.209 16.5593}
	{Bone "turret"}
	{Matrix34
		0.9063	0.0000	0.4226
		0.0000	1.0000	-0.0000
		-0.4226	-0.0000	0.9063
		3.7939	-0.2947	7.3518
	}
}
{Volume "gun"
	{Cylinder 4.18308 101.086}
	{Bone "gun"}
	{Matrix34
		0.5684	0.0000	-0.0000
		-0.0000	0.5684	0.0019
		0.0000	-0.0019	0.5684
		-0.3659	-1.9892	-16.8809
	}
}
