;Exported by: ubrashaev
;Date:        Wed Sep 29 11:19:42 2004
;File:        D:\-Projects-\-work-\3d\construction\oldfarm\oldfarm_x.max
{Skeleton
	{animation
		{sequence "crush" {speed 0.5}}
	}
	{bone "oldfarm_corner2"
		{parameters "CommonMesh;"}
		{Orientation
			1.0000	0.0000	0.0000
			0.0000	-1.0000	0.0000
			0.0000	0.0000	1.0000
		}
		{VolumeView "oldfarm_corner2.ply"}
		{bone "piece1"
			{Matrix34
				-0.0000	-1.0000	-0.0000
				1.0000	-0.0000	0.0000
				-0.0000	-0.0000	1.0000
				-51.6647	73.9717	43.1788
			}
			{VolumeView "piece1.ply"}
		}
		{bone "piece2"
			{Matrix34
				-0.0000	-1.0000	-0.0000
				1.0000	-0.0000	0.0000
				-0.0000	-0.0000	1.0000
				-55.0397	73.5947	14.4054
			}
			{VolumeView "piece2.ply"}
		}
		{bone "piece3"
			{Matrix34
				-0.0000	-1.0000	-0.0000
				1.0000	-0.0000	0.0000
				-0.0000	-0.0000	1.0000
				-51.6647	32.2186	15.1864
			}
			{VolumeView "piece3.ply"}
		}
		{bone "piece4"
			{Matrix34
				-0.0000	-1.0000	-0.0000
				1.0000	-0.0000	0.0000
				-0.0000	-0.0000	1.0000
				-51.6647	26.7521	44.4041
			}
			{VolumeView "piece4.ply"}
		}
		{bone "piece5"
			{Matrix34
				-0.0000	-1.0000	-0.0000
				1.0000	-0.0000	0.0000
				-0.0000	-0.0000	1.0000
				-51.6647	-14.0530	42.8549
			}
			{VolumeView "piece5.ply"}
		}
		{bone "piece6"
			{Matrix34
				-0.0000	-1.0000	-0.0000
				1.0000	-0.0000	0.0000
				-0.0000	-0.0000	1.0000
				-51.6647	-38.3119	9.1516
			}
			{VolumeView "piece6.ply"}
		}
		{bone "piece7"
			{Matrix34
				-0.0000	-1.0000	-0.0000
				1.0000	-0.0000	0.0000
				-0.0000	-0.0000	1.0000
				-51.6647	-63.1040	43.9213
			}
			{VolumeView "piece7.ply"}
		}
		{bone "piece8"
			{Position -27.6219	-1.4914	41.1868}
			{VolumeView "piece8.ply"}
		}
		{bone "piece9"
			{Position -31.7539	-1.4914	14.5287}
			{VolumeView "piece9.ply"}
		}
		{bone "piece10"
			{Position 20.3627	-1.4914	44.3858}
			{VolumeView "piece10.ply"}
		}
		{bone "piece11"
			{Position 38.4902	-1.4914	13.4624}
			{VolumeView "piece11.ply"}
		}
		{bone "exterior"
			{Position -8.7805	-7.2876	98.2085}
		}
	}
}
{Volume "piece11"
	{Box 17.7946 10 26.0983}
	{Bone "piece11"}
	{Position -3.9141	-0.0000	-0.4610}
}
{Volume "piece10"
	{Box 35.2554 9.9 15.4137}
	{Bone "piece10"}
	{Matrix34
		0.8660	0.0000	-0.5000
		0.0000	1.0000	0.0000
		0.5000	0.0000	0.8660
		0.2432	0.0000	1.9357
	}
}
{Volume "piece9"
	{Box 16.7946 10 26.0983}
	{Bone "piece9"}
	{Matrix34
		0.9848	0.0000	0.1736
		0.0000	1.0000	0.0000
		-0.1736	0.0000	0.9848
		0.2713	-0.0000	2.1731
	}
}
{Volume "piece8"
	{Box 17.7946 10 21.4006}
	{Bone "piece8"}
	{Matrix34
		0.8660	0.0000	-0.5000
		0.0000	1.0000	0.0000
		0.5000	0.0000	0.8660
		-1.9440	-0.0000	1.8635
	}
}
{Volume "piece7"
	{Box 6.74999 32.5229 14.3954}
	{Bone "piece7"}
	{Matrix34
		-0.0000	1.0000	0.0000
		-0.9063	-0.0000	0.4226
		0.4226	0.0000	0.9063
		0.4561	-0.0000	3.3564
	}
}
{Volume "piece6"
	{Box 6.14249 36.3617 17.3278}
	{Bone "piece6"}
	{Matrix34
		-0.0000	1.0000	-0.0000
		-1.0000	-0.0000	-0.0000
		0.0000	0.0000	1.0000
		1.0663	-0.0000	-0.0000
	}
}
{Volume "piece5"
	{Box 6.74999 20.5033 29.9943}
	{Bone "piece5"}
	{Matrix34
		-0.0000	1.0000	-0.0000
		-0.6428	-0.0000	0.7660
		0.7660	0.0000	0.6428
		-0.3204	-0.0000	-1.2069
	}
}
{Volume "piece4"
	{Box 6.74999 20.5033 25.6362}
	{Bone "piece4"}
	{Matrix34
		-0.0000	1.0000	-0.0000
		-0.7660	-0.0000	-0.6428
		-0.6428	-0.0000	0.7660
		0.1155	0.0000	-0.3366
	}
}
{Volume "piece3"
	{Box 6.74999 32.6409 18.0509}
	{Bone "piece3"}
	{Matrix34
		-0.0000	1.0000	-0.0000
		-0.9397	-0.0000	-0.3420
		-0.3420	-0.0000	0.9397
		-0.4567	-0.0000	-0.9353
	}
}
{Volume "piece2"
	{Box 6.36848 14.1839 23.4682}
	{Bone "piece2"}
	{Matrix34
		-0.0000	1.0000	-0.0000
		-0.9063	-0.0000	-0.4226
		-0.4226	-0.0000	0.9063
		2.7934	3.7430	-3.7324
	}
}
{Volume "piece1"
	{Box 6.75001 30.9953 15.8341}
	{Bone "piece1"}
	{Matrix34
		-0.0000	1.0000	-0.0000
		-0.9848	-0.0000	-0.1736
		-0.1736	-0.0000	0.9848
		1.2856	0.0000	5.9785
	}
}
