{Skeleton
	{bone "basis"
		{Orientation
			1.0000	0.0000	0.0000
			0.0000	-1.0000	0.0000
			0.0000	0.0000	1.0000
		}
		{bone "Body"
			{parameters "ID=body;"}
			{Matrix34
				1.0000	0.0000	0.0000
				0.0000	0.0157	0.9999
				0.0000	-0.9999	0.0157
				-8.4000	0.6125	19.8928
			}
			{VolumeView "body.ply"}
			{bone "tapa"
				{Matrix34
					0.9072	-0.0642	0.4178
					0.4192	-0.0010	-0.9081
					0.0621	0.9980	0.0260
					7.9466	5.0811	-14.7508
				}
				{bone "Cover"
					{parameters "ID=body;"}
					{Matrix34
						-0.9063	-0.4226	0.0000
						0.4226	-0.9063	0.0000
						0.0000	0.0000	1.0000
						4.4473	3.1237	11.2701
					}
					{VolumeView "Cover2.ply"}
				}
			}
			{bone revolute "WheelL1"
				{parameters "ID=trackleft;"}
				{Matrix34
					-0.9817	-0.1908	-0.0029
					-0.1908	0.9816	0.0154
					0.0000	0.0157	-0.9999
					39.5537	-9.0112	21.3319
				}
				{VolumeView "wheelL1.ply"}
			}
			{bone revolute "WheelL2"
				{parameters "ID=trackleft;"}
				{Matrix34
					1.0000	0.0000	0.0000
					0.0000	-1.0000	0.0000
					0.0000	0.0000	-1.0000
					-31.6031	-10.7232	20.3000
				}
				{VolumeView "wheelL2.ply"}
			}
			{bone revolute "WheelR1"
				{parameters "ID=trackright;"}
				{Matrix34
					-0.1599	0.9869	0.0173
					0.9871	0.1598	0.0028
					0.0000	0.0175	-0.9998
					39.4001	-8.5290	-21.8610
				}
				{VolumeView "wheelR1.ply"}
			}
			{bone revolute "WheelR2"
				{parameters "ID=trackright;"}
				{Matrix34
					1.0000	0.0000	0.0000
					0.0000	-1.0000	0.0000
					0.0000	0.0000	-1.0000
					-31.5600	-10.0763	-19.5770
				}
				{VolumeView "wheelR2.ply"}
			}
			{bone "seat01"
				{Matrix34
					-0.0017	0.1503	-0.9886
					-0.9999	-0.0072	0.0007
					-0.0072	0.9999	0.1504
					1.8812	4.9037	-14.9090
				}
			}
			{bone "seat02"
				{Matrix34
					0.0002	0.0772	0.9970
					1.0000	-0.0002	-0.0002
					0.0002	0.9970	-0.0773
					2.5814	4.9037	15.0000
				}
			}
			{bone "seat03"
				{Matrix34
					-0.0017	0.1503	-0.9886
					-0.9999	-0.0072	0.0007
					-0.0072	0.9999	0.1504
					-10.8812	4.9037	-14.9090
				}
			}
			{bone "seat04"
				{Matrix34
					0.0002	0.0772	0.9970
					1.0000	-0.0002	-0.0002
					0.0002	0.9970	-0.0773
					-9.5814	4.9037	15.0000
				}
			}
			{bone "seat05"
				{Matrix34
					-0.0017	0.1503	-0.9886
					-0.9999	-0.0072	0.0007
					-0.0072	0.9999	0.1504
					-22.8812	4.9037	-14.9590
				}
			}
			{bone "seat06"
				{Matrix34
					0.0002	0.0772	0.9970
					1.0000	-0.0002	-0.0002
					0.0002	0.9970	-0.0773
					-21.5814	4.9037	15.0000
				}
			}
			{bone "Driver"
				{Matrix34
					1.0000	-0.0050	0.0012
					0.0013	0.0139	-0.9999
					0.0050	0.9999	0.0138
					18.3989	-9.7179	-8.2221
				}
			}
			{bone revolute "turret"
				{limits -10.0000 10.0000}
				{Matrix34
					1.0000	0.0000	0.0000
					0.0000	0.0227	-0.9997
					0.0000	0.9997	0.0227
					29.7000	1.8670	9.7402
				}
				{bone "Visor1"
					{Matrix34
						1.0000	0.0000	0.0000
						0.0000	0.0000	1.0000
						0.0000	-1.0000	0.0000
						11.9000	0.2000	6.8000
					}
				}
				{bone "FXfire2"
					{Matrix34
						-0.0802	0.0000	0.9968
						0.0000	1.0000	0.0000
						-0.9968	0.0000	-0.0802
						0.1936	-0.2000	-4.9003
					}
				}
				{bone revolute "Mgun"
					{limits -10.0000 15.0000}
					{Matrix34
						1.0000	0.0000	0.0000
						0.0000	0.0140	0.9999
						0.0000	-0.9999	0.0140
						-6.2000	-0.0078	6.6007
					}
				}
			}
			{bone "FXfire1"
				{Matrix34
					-0.0170	0.9667	0.2553
					-0.9998	-0.0175	-0.0005
					0.0040	-0.2553	0.9669
					-23.0946	3.7753	0.5677
				}
			}
			{bone "engine"
				{Matrix34
					0.0000	1.0000	0.0000
					1.0000	0.0000	0.0000
					0.0000	0.0000	1.0000
					-25.6922	0.5818	0.6547
				}
			}
			{bone "Visor2"
				{Matrix34
					1.0000	-0.0028	0.0052
					0.0053	0.0347	-0.9994
					0.0026	0.9994	0.0347
					33.9662	6.1571	-9.2705
				}
			}
			{bone "gunner"
				{Matrix34
					1.0000	0.0000	0.0000
					0.0000	0.0160	-0.9998
					0.0000	0.9998	0.0160
					18.4000	-9.9875	11.2211
				}
			}
		}
		{bone "WheelsL"
			{parameters "ID=trackleft;"}
			{Matrix34
				0.9999	0.0001	0.0140
				-0.0140	0.0052	0.9999
				0.0001	-1.0000	0.0052
				-8.3818	-39.1052	18.7053
			}
			{VolumeView "wheelsL.ply"}
			{bone "TrackL"
				{parameters "ID=trackleft;"}
				{Position 5.2550	-1.4000	0.2000}
				{VolumeView "trackl.ply"}
			}
		}
		{bone "WheelsR"
			{parameters "ID=trackright;"}
			{Matrix34
				1.0000	0.0000	0.0000
				0.0000	0.0000	1.0000
				0.0000	-1.0000	0.0000
				-8.3000	40.0048	18.9828
			}
			{VolumeView "wheelsR.ply"}
			{bone "TrackR"
				{parameters "ID=trackright;"}
				{Position 5.2550	-0.4000	-0.1000}
				{VolumeView "trackr.ply"}
			}
		}
	}
}
