{mission
	{Camera
		{Position 5520.7 4400.77}
		{Distance 851}
		{ViewAngle 0.457207}
		{YawAngle 0.64638}
	}
	{Environment "day_mist2"}
	{User 2}
	{GameProgress 0 0}
	{Entity "ke-nu" 0x8000
		{Position 5798.74 4696.83 27}
		{Turn -137.965}
		{Extender "inventory"
			{box
				{clear}
				{item "ammo mgun" 600 {cell 3 0}}
				{item "bullet57 ap" 39 {cell 0 0}}
				{item "bullet57 fg" 5 {cell 0 1}}
			}
		}
		{Player 2}
		{MID 1}
		{Chassis
			{FuelBag
				{Remain 124.7}
			}
		}
	}
	{Entity "bmw-r12j" 0x8001
		{Position 5689.97 4599.34 26.9219}
		{Turn -134.676}
		{Extender "inventory"
			{box
				{clear}
				{item "ammo mgun" 200 {cell 0 0}}
				{item "morphine" {cell 3 0}}
			}
		}
		{Player 2}
		{MID 2}
		{Chassis
			{FuelBag
				{Remain 38.6}
			}
		}
	}
	{Human "jap.infantry_rifle" 0x8002
		{Position 5689.12 4607.66 26.0238}
		{Orientation
			 -0.699200  -0.707835  -0.100568
			  0.711099  -0.703077   0.004596
			 -0.073960  -0.068300   0.994932
		}
		{Extender "inventory"
			{box
				{clear}
				{item "bayonet" {cell 7 0}}
				{item "grenade type23" {cell 6 0}}
				{item "ammo rifle" 25 {cell 5 0}}
				{item "bandage" 3 {cell 6 3}}
				{item "pala" {cell 5 1}}
				{item "grenade smoke" {cell 6 2}}
				{item "grenade smoke" {cell 5 2}}
				{item "arisaka" filling "ammo rifle" 5 {cell 0 0}}
			}
		}
		{DisableObstacles}
		{Player 2}
		{MID 3}
		{NameId 18 25}
		{LastItem "arisaka"}
		{FsmState "board"}
	}
	{Human "jap.infantry_mgun" 0x8003
		{Position 5701.77 4599.66 27.2433}
		{Turn -134.676}
		{Extender "inventory"
			{box
				{clear}
				{item "grenade type23" {cell 7 1}}
				{item "ammo mgun" 80 {cell 6 0}}
				{item "knife" {cell 6 3}}
				{item "grenade type23" {cell 6 1}}
				{item "bandage" 4 {cell 6 2}}
			}
		}
		{DisableObstacles}
		{Player 2}
		{MID 4}
		{NameId 2 10}
		{FsmState "board"}
	}
	{Human "jap.infantry_smg" 0x8004
		{Position 5694.9 4613.55 33.7997}
		{Orientation
			 -0.692563  -0.699308   0.176895
			  0.711099  -0.703077   0.004596
			  0.121157   0.128973   0.984203
		}
		{Extender "inventory"
			{box
				{clear}
				{item "grenade type23" {cell 6 1}}
				{item "ammo pistol" 90 {cell 6 0}}
				{item "grenade type23" {cell 7 1}}
				{item "grenade type3at" {cell 6 2}}
				{item "bandage" 5 {cell 6 3}}
				{item "ammo pistol" 60 {cell 4 0}}
				{item "type100" filling "ammo pistol" 30 {cell 0 0}}
			}
		}
		{DisableObstacles}
		{Player 2}
		{MID 5}
		{NameId 61 19}
		{LastItem "type100"}
		{FsmState "board"}
	}
	{Human "jap.infantry_rifle" 0x8005
		{Position 5809.44 4734.65 44}
		{Turn 132.035}
		{Extender "inventory"
			{box
				{clear}
				{item "grenade type23" {cell 7 0}}
				{item "ammo rifle" 25 {cell 6 0}}
				{item "arisaka_kn" filling "ammo rifle" 5 {cell 0 0}}
			}
		}
		{DisableObstacles}
		{Player 2}
		{MID 6}
		{NameId 73 78}
		{LastItem "arisaka_kn"}
		{FsmState "board"}
	}
	{Human "jap.infantry_rifle" 0x8006
		{Position 5801.27 4727.29 44}
		{Turn 132.035}
		{Extender "inventory"
			{box
				{clear}
				{item "ammo rifle" 25 {cell 7 0}}
				{item "arisaka_kn" filling "ammo rifle" 5 {cell 0 0}}
				{item "pala" {cell 5 0}}
				{item "grenade type3at" {cell 6 1}}
			}
		}
		{DisableObstacles}
		{Player 2}
		{MID 7}
		{NameId 68 32}
		{LastItem "arisaka_kn"}
		{FsmState "board"}
	}
	{Human "jap.crewman" 0x8007
		{Position 5798.74 4696.83 27}
		{Orientation
			 -0.742736  -0.669584  -0.000000
			 -0.669584   0.742736  -0.000000
			 -0.000000   0.000000   1.000000
		}
		{Extender "inventory"
			{box
				{clear}
				{item "ammo pistol" 30 {cell 2 0}}
				{item "morphine" 2 {cell 6 0}}
				{item "type26" filling "ammo pistol" 6 {cell 0 0}}
			}
		}
		{Player 2}
		{MID 8}
		{NameId 18 26}
		{LastItem "type26"}
		{FsmState "board"}
	}
	{Human "jap.crewman" 0x8008
		{Position 5798.74 4696.83 27}
		{Orientation
			 -0.742736  -0.669584  -0.000000
			 -0.669584   0.742736  -0.000000
			 -0.000000   0.000000   1.000000
		}
		{Extender "inventory"
			{box
				{clear}
				{item "ammo pistol" 30 {cell 2 0}}
				{item "morphine" 2 {cell 6 0}}
				{item "type26" filling "ammo pistol" 6 {cell 0 0}}
			}
		}
		{Player 2}
		{MID 9}
		{NameId 2 11}
		{LastItem "type26"}
		{FsmState "board"}
	}
	{Human "jap.tankman" 0x8009
		{Position 5798.74 4696.83 27}
		{Orientation
			 -0.742736  -0.669584  -0.000000
			 -0.669584   0.742736  -0.000000
			 -0.000000   0.000000   1.000000
		}
		{Extender "inventory"
			{box
				{clear}
				{item "ammo pistol" 60 {cell 6 0}}
				{item "bandage" 4 {cell 6 2}}
				{item "grenade type23" {cell 7 1}}
				{item "grenade m18" {cell 6 1}}
				{item "type100" filling "ammo pistol" 30 {cell 0 0}}
			}
		}
		{Player 2}
		{MID 10}
		{NameId 61 20}
		{LastItem "type100"}
		{FsmState "board"}
	}
	{Entity "watch-tower" 0x800a
		{Position 1271.81 2572.36 87}
		{Turn -69.9598}
	}
	{Entity "vickers_tower" 0x800b
		{Position 1272.92 2572.42 208.349}
		{Orientation
			  0.342679  -0.939453   0.000000
			  0.939453   0.342679   0.000000
			  0.000000   0.000000   1.000000
		}
		{Extender "inventory"
			{box
				{clear}
				{item "ammo mgun" 60 {cell 3 2}}
			}
		}
		{DisableObstacles}
		{Player 1}
		{MID 11}
	}
	{Entity "watch-tower" 0x800c
		{Position 1363.06 2823.42 84.6594}
		{Turn 35.9594}
	}
	{Entity "vickers_tower" 0x800d
		{Position 1362.69 2824.47 206.009}
		{Orientation
			  0.809433   0.587212   0.000000
			 -0.587212   0.809433   0.000000
			  0.000000   0.000000   1.000000
		}
		{Extender "inventory"
			{box
				{clear}
				{item "ammo mgun" 60 {cell 3 2}}
			}
		}
		{DisableObstacles}
		{Player 1}
		{MID 12}
	}
	{Entity "watch-tower" 0x800e
		{Position 1116.13 2783.75 88}
		{Turn 147.038}
	}
	{Entity "vickers_tower" 0x800f
		{Position 1115.28 2783.03 209.349}
		{Orientation
			 -0.839032   0.544083   0.000000
			 -0.544083  -0.839032   0.000000
			  0.000000   0.000000   1.000000
		}
		{Extender "inventory"
			{box
				{clear}
				{item "ammo mgun" 60 {cell 3 2}}
				{item "ammo mgun" 60 {cell 3 3}}
			}
		}
		{DisableObstacles}
		{Player 1}
		{MID 13}
	}
	{Entity "watch-tower" 0x8010
		{Position 1714.74 2271.92 0}
		{Turn -40.0624}
	}
	{Entity "vickers_tower" 0x8011
		{Position 1715.67 2272.53 121.349}
		{Orientation
			  0.765344  -0.643622   0.000000
			  0.643622   0.765344   0.000000
			  0.000000   0.000000   1.000000
		}
		{Extender "inventory"
			{box
				{clear}
				{item "ammo mgun" 60 {cell 3 2}}
			}
		}
		{DisableObstacles}
		{Player 1}
		{MID 14}
	}
	{Human "eng.soldier_rifle" 0x8012
		{Position 1127.11 2775.09 209.918}
		{Turn 147.038}
		{Extender "inventory"
			{box
				{clear}
				{item "enfieldmk3" filling "ammo rifle" 10 {cell 0 0}}
				{item "ammo rifle" 30 {cell 7 0}}
			}
		}
		{DisableObstacles}
		{Player 1}
		{MID 15}
		{NameId 64 61}
		{FsmState "board"}
	}
	{Human "eng.soldier_rifle" 0x8013
		{Position 1268.25 2585.88 208.918}
		{Turn -69.9598}
		{Extender "inventory"
			{box
				{clear}
				{item "enfieldmk3" filling "ammo rifle" 10 {cell 0 0}}
				{item "bayonet" {cell 7 0}}
				{item "ammo rifle" 30 {cell 6 0}}
			}
		}
		{DisableObstacles}
		{Player 1}
		{MID 16}
		{NameId 10 12}
		{FsmState "board"}
	}
	{Human "eng.soldier_rifle" 0x8014
		{Position 1351.03 2816.29 206.577}
		{Turn 35.9594}
		{Extender "inventory"
			{box
				{clear}
				{item "enfieldmk3" filling "ammo rifle" 10 {cell 0 0}}
				{item "ammo rifle" 30 {cell 7 0}}
			}
		}
		{DisableObstacles}
		{Player 1}
		{MID 17}
		{NameId 57 99}
		{FsmState "board"}
	}
	{Human "eng.soldier_smg" 0x8015
		{Position 1704.91 2281.87 121.918}
		{Turn -40.0624}
		{Extender "inventory"
			{box
				{clear}
				{item "thompson" filling "ammo pistol" 30 {cell 0 0}}
				{item "ammo pistol" 90 {cell 6 0}}
			}
		}
		{DisableObstacles}
		{Player 1}
		{MID 18}
		{NameId 47 22}
		{FsmState "board"}
	}
	{Human "eng.soldier_rifle" 0x8016
		{Position 2025.49 2450.86 0}
		{Turn 44.4196}
		{Extender "inventory"
			{box
				{clear}
				{item "enfieldmk3" filling "ammo rifle" 10 {cell 0 0}}
				{item "bayonet" {cell 7 0}}
				{item "ammo rifle" 30 {cell 6 0}}
			}
		}
		{Player 1}
		{MID 19}
		{NameId 44 40}
		{FsmState "stand"}
	}
	{Entity "vickers_stan" 0x8017
		{Position 3798.59 994.7 30}
		{Turn -108.795}
		{Player 1}
		{MID 20}
	}
	{Entity "bofors" 0x8018
		{Position 3855.76 4510.91 32}
		{Turn 48.7116}
		{Player 1}
		{MID 21}
		
	}
	{Human "eng.tankman" 0x8019
		{Position 3842.05 4515.18 40.6145}
		{Orientation
			  0.616477   0.701250   0.358000
			 -0.751002   0.660300  -0.000100
			 -0.236452  -0.268803   0.933700
		}
		{Extender "inventory"
			{box
				{clear}
				{item "ammo pistol" 30 {cell 6 0}}
				{item "webley" filling "ammo pistol" 6 {cell 0 0}}
			}
			{armor "head"
				{Item "helmet1_eng"}
			}
		}
		{DisableObstacles}
		{Player 1}
		{MID 22}
		{NameId 49 27}
		{LastItem "webley"}
		{FsmState "board"}
	}
	{Human "eng.tankman" 0x801a
		{Position 3860.53 4498.95 40.5934}
		{Orientation
			  0.616477   0.701250   0.358000
			 -0.751002   0.660300  -0.000100
			 -0.236452  -0.268803   0.933700
		}
		{Extender "inventory"
			{box
				{clear}
				{item "ammo pistol" 30 {cell 6 0}}
				{item "webley" filling "ammo pistol" 6 {cell 0 0}}
			}
			{armor "head"
				{Item "helmet1_eng"}
			}
		}
		{DisableObstacles}
		{Player 1}
		{MID 23}
		{NameId 79 91}
		{LastItem "webley"}
		{FsmState "board"}
	}
	{Human "eng.oficer2" 0x801b
		{Position 3665.59 4573.51 0}
		{Turn 148.206}
		{Extender "inventory"
			{box
				{clear}
				{item "webley" filling "ammo pistol" 6 {cell 0 0}}
				{item "ammo pistol" 30 {cell 2 0}}
			}
			{hand_right
				{Item 0x81b2 "bino"}
			}
		}
		{Player 1}
		{MID 24}
		{NameId 55 23}
		{FsmState "stand"}
	}
	{Entity "valentine" 0x801c
		{Position 3744.77 5838.41 0}
		{Turn -98.5205}
		{Extender "inventory"
			{box
				{clear}
				{item "bullet57 ap" 30 {cell 0 0}}
				{item "ammo mgun" 600 {cell 3 0}}
			}
		}
		{Player 1}
		{MID 25}
		
	}
	{Entity "valentine" 0x801d
		{Position 3737.9 5775.34 0}
		{Turn -98.8003}
		{Extender "inventory"
			{box
				{clear}
				{item "ammo mgun" 600 {cell 3 0}}
				{item "bullet57 ap" 30 {cell 0 0}}
			}
		}
		{Player 1}
		{MID 26}
		
	}
	{Entity "valentine" 0x801e
		{Position 3727.21 5709.95 0}
		{Turn -98.2268}
		{Extender "inventory"
			{box
				{clear}
				{item "bullet57 ap" 30 {cell 0 0}}
				{item "ammo mgun" 600 {cell 3 0}}
			}
		}
		{Player 1}
		{MID 27}
		
	}
	{Entity "vickers-b" 0x801f
		{Position 2754.25 3495.11 0}
		{Turn 46.3007}
		{TexMod "n23"}
		{Player 1}
		{MID 28}
		{Chassis
			{FuelBag
				{Remain 12.5}
			}
		}
	}
	{Entity "vickers-b" 0x8020
		{Position 2499.22 3714.15 0}
		{Turn 46.4865}
		{TexMod "n35"}
		{Player 1}
		{MID 29}
		{Chassis
			{FuelBag
				{Remain 16}
			}
		}
	}
	{Entity "6-funt" 0x8021
		{Position 3479.98 733.935 0}
		{Turn -69.6482}
		{Extender "inventory"
			{box
				{clear}
				{item "plant" {cell 0 4}}
				{item "plant" {cell 2 4}}
				{item "bullet57 fg" 3 {cell 0 1}}
				{item "bullet57 ap" 9 {cell 0 0}}
			}
		}
		{Player 1}
		{MID 30}
	}
	{Entity "carrier" 0x8022
		{Position 102.949 132.222 0}
		{Turn 48.2222}
		{Extender "inventory"
			{box
				{clear}
				{item "ammo mgun" 900 {cell 0 0}}
				{item "grenade smoke" 2 {cell 0 1}}
				{item "dynamite" {cell 4 0}}
				{item "mine_detector" {cell 0 2}}
				{item "can" filling "fuel" 20 {cell 2 4}}
			}
		}
		{Player 1}
		{MID 31}
		
	}
	{Entity "carrier" 0x8023
		{Position 73.9757 100.391 0}
		{Turn 48.2761}
		{Extender "inventory"
			{box
				{clear}
				{item "ammo mgun" 900 {cell 0 0}}
				{item "dynamite" {cell 0 4}}
				{item "dynamite" {cell 0 2}}
				{item "wires" {cell 2 4}}
				{item "wires" {cell 4 4}}
				{item "pala" {cell 3 3}}
			}
		}
		{Player 1}
		{MID 32}
		
	}
	{Entity "rolls_royce" 0x8024
		{Position 5347.85 161.232 0}
		{Turn 122.113}
		{Player 1}
		{MID 33}
		
	}
	{Entity "bedf-engin" 0x8025
		{Position 5404.98 76.2462 0}
		{Turn 122.938}
		{Extender "inventory"
			{box
				{clear}
				{item 0x808b "box" {cell 0 0}}
				{item "wires" {cell 4 0}}
				{item "wires" {cell 6 0}}
				{item "wires" {cell 4 2}}
				{item "wires" {cell 6 2}}
				{item "pala" {cell 0 3}}
				{item "pala" {cell 2 3}}
			}
		}
		{Player 1}
		{MID 34}
		
		{Chassis
			{FuelBag
				{Remain 37.5}
			}
		}
	}
	{Entity "bedf-ammo" 0x8026
		{Position 5382.71 107.436 0}
		{Turn 122.732}
		{Extender "inventory"
			{box
				{clear}
				{item 0x808a "small_box" {cell 0 0}}
				{item 0x8089 "small_box" {cell 4 0}}
				{item 0x8088 "med_box" {cell 0 2}}
				{item 0x8087 "food_box" {cell 4 2}}
			}
		}
		{Player 1}
		{MID 35}
		
		{Chassis
			{FuelBag
				{Remain 44.2}
			}
		}
	}
	{Entity "vickers-b" 0x8027
		{Position 47.5628 5165.31 0}
		{Turn -32.994}
		{TexMod "n14"}
		{Player 1}
		{MID 36}
		
	}
	{Entity "vickers-b" 0x8028
		{Position 75.7744 5145.29 0}
		{Turn -34.0131}
		{TexMod "n19"}
		{Player 1}
		{MID 37}
		
	}
	{Entity "vickers-b" 0x8029
		{Position 107.741 5122.71 0}
		{Turn -34.1223}
		{TexMod "n33"}
		{Player 1}
		{MID 38}
		
	}
	{Human "eng.soldier_smg" 0x802a
		{Position 3781.51 1025.53 28.4532}
		{Turn -163.215}
		{Extender "inventory"
			{box
				{clear}
				{item "grenade mk1" {cell 6 0}}
				{item "grenade mk1" {cell 7 0}}
				{item "ammo pistol" 90 {cell 6 1}}
			}
		}
		{Player 1}
		{MID 39}
		{Weaponry
			{State
				{Mounted "thompson"}
				{Weapon
					{Ammo "ammo pistol" 30}
				}
			}
		}
		{NameId 64 62}
		{Cover
			{sector 3781.51 1025.53 {type "squat_lie"}
				{wall 0 0 3783.29 995.381 3760.08 1072.33}
			}
		}
		{FsmState "squat"}
	}
	{Human "eng.soldier_rifle" 0x802b
		{Position 3803.39 1008.12 30}
		{Turn -108.795}
		{Extender "inventory"
			{box
				{clear}
				{item "enfieldmk3" filling "ammo rifle" 10 {cell 0 0}}
				{item "bayonet" {cell 7 0}}
				{item "ammo rifle" 30 {cell 6 0}}
			}
		}
		{DisableObstacles}
		{Player 1}
		{MID 40}
		{NameId 10 13}
		{FsmState "board"}
	}
	{Human "eng.soldier_rifle" 0x802c
		{Position 3840.42 1003.28 30}
		{Turn -68.1886}
		{Extender "inventory"
			{box
				{clear}
				{item "grenade mk1" {cell 4 0}}
				{item "bayonet" {cell 7 0}}
				{item "ammo rifle" 30 {cell 6 0}}
			}
		}
		{Player 1}
		{MID 41}
		{Weaponry
			{State
				{Mounted "enfieldmk3"}
				{Weapon
					{Ammo "ammo rifle" 10}
				}
			}
		}
		{NameId 57 0}
		{Cover
			{sector 3840.42 1003.28 {type "squat_lie"}
				{wall 0 0 3891.18 1016.05 3816.57 986.191}
			}
		}
		{FsmState "squat"}
	}
	{Human "eng.tankman" 0x802d
		{Position 3484.83 751.02 0}
		{Turn -70.5248}
		{Extender "inventory"
			{box
				{clear}
				{item "ammo pistol" 30 {cell 6 0}}
				{item "webley" filling "ammo pistol" 6 {cell 0 0}}
			}
			{armor "head"
				{Item "helmet1_eng"}
			}
		}
		{DisableObstacles}
		{Player 1}
		{MID 42}
		{NameId 47 23}
		{LastItem "webley"}
		{FsmState "board"}
	}
	{Human "eng.tankman" 0x802e
		{Position 3464.62 743.609 0}
		{Turn -70.5248}
		{Extender "inventory"
			{box
				{clear}
				{item "ammo pistol" 30 {cell 6 0}}
				{item "webley" filling "ammo pistol" 6 {cell 0 0}}
			}
			{armor "head"
				{Item "helmet1_eng"}
			}
		}
		{DisableObstacles}
		{Player 1}
		{MID 43}
		{NameId 44 41}
		{LastItem "webley"}
		{FsmState "board"}
	}
	{Human "eng.tankman" 0x802f
		{Position 3483.41 769.471 0}
		{Turn -70.5248}
		{Extender "inventory"
			{box
				{clear}
				{item "ammo pistol" 30 {cell 6 0}}
				{item "webley" filling "ammo pistol" 6 {cell 0 0}}
			}
			{armor "head"
				{Item "helmet1_eng"}
			}
		}
		{DisableObstacles}
		{Player 1}
		{MID 44}
		{NameId 49 28}
		{LastItem "webley"}
		{FsmState "board"}
	}
	{Human "eng.tankman" 0x8030
		{Position 3454.21 758.639 0}
		{Turn -70.5248}
		{Extender "inventory"
			{box
				{clear}
				{item "ammo pistol" 30 {cell 6 0}}
				{item "webley" filling "ammo pistol" 6 {cell 0 0}}
			}
			{armor "head"
				{Item "helmet1_eng"}
			}
		}
		{DisableObstacles}
		{Player 1}
		{MID 45}
		{NameId 79 92}
		{LastItem "webley"}
		{FsmState "board"}
	}
	{Human "eng.tankman" 0x8031
		{Position 3727.21 5709.95 0}
		{Orientation
			 -0.143092  -0.989709   0.000000
			 -0.989709   0.143092   0.000000
			  0.000000   0.000000   1.000000
		}
		{Extender "inventory"
			{box
				{clear}
				{item "ammo pistol" 30 {cell 6 0}}
				{item "webley" filling "ammo pistol" 6 {cell 0 0}}
			}
		}
		{Player 1}
		{MID 46}
		{NameId 64 63}
		{LastItem "webley"}
		{FsmState "board"}
	}
	{Human "eng.tankman" 0x8032
		{Position 3727.21 5709.95 0}
		{Orientation
			 -0.143092  -0.989709   0.000000
			 -0.989709   0.143092   0.000000
			  0.000000   0.000000   1.000000
		}
		{Extender "inventory"
			{box
				{clear}
				{item "ammo pistol" 30 {cell 6 0}}
				{item "grenade mk1" {cell 5 0}}
				{item "webley" filling "ammo pistol" 6 {cell 0 0}}
			}
		}
		{Player 1}
		{MID 47}
		{NameId 10 14}
		{LastItem "webley"}
		{FsmState "board"}
	}
	{Human "eng.tankman" 0x8033
		{Position 3727.21 5709.95 0}
		{Orientation
			 -0.143092  -0.989709   0.000000
			 -0.989709   0.143092   0.000000
			  0.000000   0.000000   1.000000
		}
		{Player 1}
		{MID 48}
		{NameId 57 1}
		{LastItem "sten"}
		{FsmState "board"}
	}
	{Human "eng.tankman" 0x8034
		{Position 3737.9 5775.34 0}
		{Orientation
			 -0.152991  -0.988228   0.000000
			 -0.988228   0.152991   0.000000
			  0.000000   0.000000   1.000000
		}
		{Player 1}
		{MID 49}
		{NameId 47 24}
		{LastItem "sten"}
		{FsmState "board"}
	}
	{Human "eng.tankman" 0x8035
		{Position 3737.9 5775.34 0}
		{Orientation
			 -0.152991  -0.988228   0.000000
			 -0.988228   0.152991   0.000000
			  0.000000   0.000000   1.000000
		}
		{Extender "inventory"
			{box
				{clear}
				{item "ammo pistol" 30 {cell 6 0}}
				{item "webley" filling "ammo pistol" 6 {cell 0 0}}
			}
		}
		{Player 1}
		{MID 50}
		{NameId 44 42}
		{LastItem "webley"}
		{FsmState "board"}
	}
	{Human "eng.tankman" 0x8036
		{Position 3737.9 5775.34 0}
		{Orientation
			 -0.152991  -0.988228   0.000000
			 -0.988228   0.152991   0.000000
			  0.000000   0.000000   1.000000
		}
		{Extender "inventory"
			{box
				{clear}
				{item "ammo pistol" 30 {cell 6 0}}
				{item "dynamite" {cell 6 1}}
				{item "webley" filling "ammo pistol" 6 {cell 0 0}}
			}
		}
		{Player 1}
		{MID 51}
		{NameId 49 29}
		{LastItem "webley"}
		{FsmState "board"}
	}
	{Human "eng.tankman" 0x8037
		{Position 3744.77 5838.41 0}
		{Orientation
			 -0.148163  -0.988963   0.000000
			 -0.988963   0.148163   0.000000
			  0.000000   0.000000   1.000000
		}
		{Player 1}
		{MID 52}
		{NameId 79 93}
		{LastItem "sten"}
		{FsmState "board"}
	}
	{Human "eng.tankman" 0x8038
		{Position 3744.77 5838.41 0}
		{Orientation
			 -0.148163  -0.988963   0.000000
			 -0.988963   0.148163   0.000000
			  0.000000   0.000000   1.000000
		}
		{Extender "inventory"
			{box
				{clear}
				{item "ammo pistol" 30 {cell 6 0}}
				{item "webley" filling "ammo pistol" 6 {cell 0 0}}
			}
		}
		{Player 1}
		{MID 53}
		{NameId 55 24}
		{LastItem "webley"}
		{FsmState "board"}
	}
	{Human "eng.tankman" 0x8039
		{Position 3744.77 5838.41 0}
		{Orientation
			 -0.148163  -0.988963   0.000000
			 -0.988963   0.148163   0.000000
			  0.000000   0.000000   1.000000
		}
		{Extender "inventory"
			{box
				{clear}
				{item "ammo pistol" 30 {cell 6 0}}
				{item "webley" filling "ammo pistol" 6 {cell 0 0}}
			}
		}
		{Player 1}
		{MID 54}
		{NameId 70 49}
		{LastItem "webley"}
		{FsmState "board"}
	}
	{Human "eng.suboficer" 0x803a
		{Position 3707.59 5747.98 14.901}
		{Turn 171.773}
		{Extender "inventory"
			{box
				{clear}
				{item "ammo pistol" 60 {cell 4 0}}
				{item "ammo pistol" 60 {cell 6 0}}
				{item "grenade mk1" {cell 7 1}}
				{item "thompson" filling "ammo pistol" 30 {cell 0 0}}
			}
		}
		{DisableObstacles}
		{Player 1}
		{MID 55}
		{NameId 50 41}
		{LastItem "thompson"}
		{FsmState "board"}
	}
	{Human "eng.soldier_rifle" 0x803b
		{Position 3739.94 5759.39 14.9014}
		{Turn 81.7732}
		{Extender "inventory"
			{box
				{clear}
				{item "ammo rifle" 30 {cell 7 0}}
				{item "grenade mk1" {cell 6 0}}
				{item "enfield_kn" filling "ammo rifle" 10 {cell 0 0}}
			}
		}
		{DisableObstacles}
		{Player 1}
		{MID 56}
		{NameId 50 13}
		{LastItem "enfield_kn"}
		{FsmState "board"}
	}
	{Human "eng.soldier_rifle" 0x803c
		{Position 3758.1 5752.31 14.9013}
		{Turn -8.22681}
		{Extender "inventory"
			{box
				{clear}
				{item "ammo rifle" 30 {cell 7 0}}
				{item "enfield_kn" filling "ammo rifle" 10 {cell 0 0}}
			}
		}
		{DisableObstacles}
		{Player 1}
		{MID 57}
		{NameId 50 52}
		{LastItem "enfield_kn"}
		{FsmState "board"}
	}
	{Human "eng.soldier_elite1" 0x803d
		{Position 3709.23 5759.28 14.9013}
		{Turn 171.773}
		{Extender "inventory"
			{box
				{clear}
				{item "ammo mgun" 90 {cell 6 0}}
				{item "bren" filling "ammo mgun" 30 {cell 0 0}}
			}
		}
		{DisableObstacles}
		{Player 1}
		{MID 58}
		{NameId 72 49}
		{LastItem "bren"}
		{FsmState "board"}
	}
	{Human "eng.soldier_rifle" 0x803e
		{Position 3720.41 5824.85 14.9013}
		{Turn 171.2}
		{DisableObstacles}
		{Player 1}
		{MID 59}
		{NameId 27 26}
		{LastItem "enfieldmk3"}
		{FsmState "board"}
	}
	{Human "eng.soldier_rifle" 0x803f
		{Position 3751.12 5824.65 14.9014}
		{Turn 81.1997}
		{Extender "inventory"
			{box
				{clear}
				{item "bayonet" {cell 7 0}}
				{item "ammo rifle" 30 {cell 6 0}}
				{item "enfieldmk3" filling "ammo rifle" 10 {cell 0 0}}
			}
		}
		{DisableObstacles}
		{Player 1}
		{MID 60}
		{NameId 13 66}
		{LastItem "enfieldmk3"}
		{FsmState "board"}
	}
	{Human "eng.soldier_smg" 0x8040
		{Position 3769.21 5817.39 14.9013}
		{Turn -8.80031}
		{Extender "inventory"
			{box
				{clear}
				{item "ammo pistol" 90 {cell 6 0}}
				{item "thompson" filling "ammo pistol" 30 {cell 0 0}}
			}
		}
		{DisableObstacles}
		{Player 1}
		{MID 61}
		{NameId 37 74}
		{LastItem "thompson"}
		{FsmState "board"}
	}
	{Human "eng.soldier_smg" 0x8041
		{Position 3718.67 5813.56 14.901}
		{Turn 171.2}
		{Extender "inventory"
			{box
				{clear}
				{item "ammo pistol" 90 {cell 4 0}}
				{item "grenade n73at" {cell 6 0}}
				{item "thompson" filling "ammo pistol" 30 {cell 0 0}}
			}
		}
		{DisableObstacles}
		{Player 1}
		{MID 62}
		{NameId 53 83}
		{LastItem "thompson"}
		{FsmState "board"}
	}
	{Human "eng.soldier_smg" 0x8042
		{Position 3725.35 5876.54 14.901}
		{Turn 171.479}
		{Extender "inventory"
			{box
				{clear}
				{item "ammo pistol" 90 {cell 4 0}}
				{item "grenade n73at" {cell 6 0}}
				{item "thompson" filling "ammo pistol" 30 {cell 0 0}}
			}
		}
		{DisableObstacles}
		{Player 1}
		{MID 63}
		{NameId 46 53}
		{LastItem "thompson"}
		{FsmState "board"}
	}
	{Human "eng.soldier_elite2" 0x8043
		{Position 3757.75 5887.78 14.9014}
		{Turn 81.4795}
		{Extender "inventory"
			{box
				{clear}
				{item "ammo rifle" 30 {cell 6 0}}
				{item "grenade mk1" {cell 7 0}}
				{item "enfield_kn" filling "ammo rifle" 10 {cell 0 0}}
			}
		}
		{DisableObstacles}
		{Player 1}
		{MID 64}
		{NameId 50 20}
		{LastItem "enfield_kn"}
		{FsmState "board"}
	}
	{Human "eng.soldier_elite2" 0x8044
		{Position 3775.88 5880.61 14.9013}
		{Turn -8.52051}
		{Extender "inventory"
			{box
				{clear}
				{item "ammo pistol" 60 {cell 6 0}}
				{item "bandage" 4 {cell 4 0}}
				{item "thompson" filling "ammo pistol" 30 {cell 0 0}}
			}
		}
		{DisableObstacles}
		{Player 1}
		{MID 65}
		{NameId 24 41}
		{LastItem "thompson"}
		{FsmState "board"}
	}
	{Human "eng.soldier_mg" 0x8045
		{Position 3727.04 5887.83 14.9013}
		{Turn 171.479}
		{TexMod "2"}
		{Extender "inventory"
			{box
				{clear}
				{item "ammo mgun" 47 {cell 6 0}}
				{item "lewis" filling "ammo mgun" 47 {cell 0 0}}
			}
		}
		{DisableObstacles}
		{Player 1}
		{MID 66}
		{NameId 42 1}
		{LastItem "lewis"}
		{FsmState "board"}
	}
	{Entity "bedf-engin" 0x8046
		{Position 2725.45 4893.8 31}
		{Extender "inventory"
			{box
				{clear}
				{item 0x804f "box" {cell 0 0}}
				{item 0x8051 "small_box" {cell 4 0}}
				{item 0x8050 "small_box" {cell 4 2}}
			}
		}
		{Player 1}
		{MID 67}
		
		{Chassis
			{FuelBag
				{Remain 62.8}
			}
		}
	}
	{Entity "bedf-empty" 0x8047
		{Position 2662.2 4491.98 31}
		{Turn -171.148}
		{Player 1}
		{MID 68}
		{Chassis
			{FuelBag
				{Remain 38.5}
			}
		}
	}
	{Human "eng.soldier_rifle" 0x8048
		{Position 2432.28 4761.86 31}
		{Turn 88.1382}
		{Extender "inventory"
			{box
				{clear}
				{item "enfieldmk3" filling "ammo rifle" 10 {cell 0 0}}
				{item "bayonet" {cell 7 0}}
				{item "ammo rifle" 30 {cell 6 0}}
				{item "pala" {cell 6 3}}
			}
		}
		{Player 1}
		{MID 69}
		{NameId 64 64}
		{FsmState "stand"}
	}
	{Human "eng.soldier_rifle" 0x8049
		{Position 2432.13 4791.12 32}
		{Turn -65.119}
		{Extender "inventory"
			{box
				{clear}
				{item "enfieldmk3" filling "ammo rifle" 10 {cell 0 0}}
				{item "bayonet" {cell 7 0}}
				{item "ammo rifle" 30 {cell 6 0}}
				{item "pala" {cell 6 3}}
			}
		}
		{Player 1}
		{MID 70}
		{NameId 10 15}
		{FsmState "stand"}
	}
	{Human "eng.soldier_rifle" 0x804a
		{Position 2691.27 4626.33 31}
		{Turn 50.9949}
		{Player 1}
		{MID 71}
		{NameId 57 2}
		{FsmState "stand"}
	}
	{Human "eng.soldier_elite1" 0x804b
		{Position 2442.95 4976.07 34}
		{Turn 44.9547}
		{Extender "inventory"
			{box
				{clear}
				{item "bren" filling "ammo mgun" 30 {cell 0 0}}
				{item "ammo mgun" 90 {cell 5 0}}
				{item "knife" {cell 6 3}}
			}
		}
		{Player 1}
		{MID 72}
		{NameId 47 25}
		{Cover
			{sector 2442.95 4976.07 {type "snipe_cover"}
				{wall 0 0 2400.27 5028.72 2469.78 4959.1}
			}
		}
		{FsmState "snipe"}
	}
	{Human "eng.soldier_elite2" 0x804c
		{Position 2680.74 4799.27 31}
		{Turn 65.314}
		{Extender "inventory"
			{box
				{clear}
				{item "ammo rifle" 60 {cell 7 0}}
				{item "bandage" 4 {cell 5 0}}
			}
		}
		{Player 1}
		{MID 73}
		{Weaponry
			{State
				{Mounted "enfield_kn"}
				{Weapon
					{Ammo "ammo rifle" 10}
				}
			}
		}
		{NameId 44 43}
		{FsmState "stand"}
	}
	{Human "eng.soldier_elite2" 0x804d
		{Position 2657.83 4801.07 31}
		{Turn 71.7402}
		{Extender "inventory"
			{box
				{clear}
				{item "ammo pistol" 90 {cell 6 0}}
				{item "bandage" 4 {cell 4 0}}
			}
		}
		{Player 1}
		{MID 74}
		{Weaponry
			{State
				{Mounted "thompson"}
				{Weapon
					{Ammo "ammo pistol" 30}
				}
			}
		}
		{NameId 49 30}
		{FsmState "stand"}
	}
	{Human "eng.soldier_smg" 0x804e
		{Position 2676.33 4848.06 31}
		{Turn -89.9121}
		{TexMod "2"}
		{Extender "inventory"
			{box
				{clear}
				{item "thompson" filling "ammo pistol" 30 {cell 0 0}}
				{item "ammo pistol" 90 {cell 6 0}}
			}
		}
		{Player 1}
		{MID 75}
		{NameId 79 94}
		{FsmState "stand"}
	}
	{Entity "box1" 0x804f
		{Position 2730.74 4873.47 31}
		{Turn 107.049}
		{Extender "inventory"
			{box
				{clear}
				{item "mine antipersonnel" {cell 0 0}}
				{item "mine antipersonnel" {cell 2 0}}
				{item "mine antipersonnel" {cell 0 1}}
				{item "mine antipersonnel" {cell 2 1}}
				{item "mine antipersonnel" {cell 4 0}}
				{item "mine antipersonnel" {cell 4 1}}
				{item "mine antipersonnel" {cell 6 0}}
				{item "mine antipersonnel" {cell 6 1}}
				{item "mine antipersonnel" {cell 0 2}}
				{item "mine antipersonnel" {cell 2 2}}
				{item "mine antipersonnel" {cell 4 2}}
				{item "mine antipersonnel" {cell 6 2}}
				{item "mine antitank" {cell 4 3}}
				{item "mine antitank" {cell 2 3}}
				{item "dynamite" {cell 0 3}}
				{item "dynamite" {cell 6 3}}
				{item "pala" {cell 0 5}}
				{item "pala" {cell 2 5}}
				{item "pala" {cell 4 5}}
				{item "pala" {cell 6 5}}
			}
		}
	}
	{Entity "box2" 0x8050
		{Position 2729.68 4873.77 31}
		{Turn 104.388}
		{Extender "inventory"
			{box
				{clear}
				{item "ammo mgun" 30 {cell 0 0}}
				{item "ammo mgun" 30 {cell 0 1}}
				{item "ammo mgun" 30 {cell 0 2}}
				{item "ammo mgun" 30 {cell 0 3}}
				{item "ammo mgun" 30 {cell 2 0}}
				{item "ammo mgun" 30 {cell 2 1}}
				{item "ammo mgun" 30 {cell 2 2}}
				{item "ammo mgun" 30 {cell 2 3}}
				{item "ammo mgun" 30 {cell 4 0}}
				{item "ammo mgun" 30 {cell 4 1}}
				{item "ammo mgun" 30 {cell 4 2}}
				{item "ammo mgun" 30 {cell 4 3}}
				{item "ammo mgun" 30 {cell 6 0}}
				{item "ammo mgun" 30 {cell 6 1}}
				{item "ammo mgun" 30 {cell 6 2}}
				{item "ammo mgun" 30 {cell 6 3}}
				{item "bren" filling "ammo mgun" 30 {cell 0 4}}
				{item "ammo mgun" 30 {cell 6 4}}
				{item "ammo mgun" 30 {cell 6 5}}
			}
		}
	}
	{Entity "box2" 0x8051
		{Position 2726.58 4873.09 31}
		{Turn 95.5962}
		{Extender "inventory"
			{box
				{clear}
				{item "ammo rifle" 10 {cell 0 0}}
				{item "ammo rifle" 10 {cell 0 1}}
				{item "ammo rifle" 10 {cell 0 2}}
				{item "ammo rifle" 10 {cell 0 3}}
				{item "ammo rifle" 10 {cell 1 0}}
				{item "ammo rifle" 10 {cell 1 1}}
				{item "ammo rifle" 10 {cell 1 2}}
				{item "ammo rifle" 10 {cell 1 3}}
				{item "ammo rifle" 10 {cell 2 0}}
				{item "ammo rifle" 10 {cell 3 0}}
				{item "ammo rifle" 10 {cell 4 0}}
				{item "ammo rifle" 10 {cell 2 1}}
				{item "ammo rifle" 10 {cell 3 1}}
				{item "ammo rifle" 10 {cell 4 1}}
				{item "ammo rifle" 10 {cell 2 2}}
				{item "ammo rifle" 10 {cell 2 3}}
				{item "ammo rifle" 10 {cell 3 2}}
				{item "ammo rifle" 10 {cell 4 2}}
				{item "ammo rifle" 10 {cell 3 3}}
				{item "ammo rifle" 10 {cell 4 3}}
				{item "ammo rifle" 10 {cell 5 0}}
				{item "ammo rifle" 10 {cell 6 0}}
				{item "ammo rifle" 10 {cell 7 0}}
				{item "ammo rifle" 10 {cell 5 1}}
				{item "ammo rifle" 10 {cell 6 1}}
				{item "ammo rifle" 10 {cell 5 2}}
				{item "ammo rifle" 10 {cell 5 3}}
				{item "ammo rifle" 10 {cell 6 2}}
				{item "ammo rifle" 10 {cell 7 1}}
				{item "ammo rifle" 10 {cell 7 2}}
				{item "ammo rifle" 10 {cell 6 3}}
				{item "ammo rifle" 10 {cell 7 3}}
				{item "ammo pistol" 30 {cell 0 4}}
				{item "ammo pistol" 30 {cell 0 5}}
				{item "ammo pistol" 30 {cell 2 4}}
				{item "ammo pistol" 30 {cell 2 5}}
				{item "ammo pistol" 30 {cell 4 4}}
				{item "ammo pistol" 30 {cell 4 5}}
				{item "ammo pistol" 30 {cell 6 4}}
				{item "ammo pistol" 30 {cell 6 5}}
			}
		}
	}
	{Entity "box_metal" 0x8052
		{Position 5396.12 3431.26 36.4667}
		{Turn -52.536}
		{Constrain surface}
		{Extender "inventory"
			{box
				{clear}
				{item "weapon type4_launcher" {cell 0 0}}
				{item "ammo bazooka" {cell 0 2}}
				{item "ammo bazooka" {cell 3 2}}
				{item "ammo bazooka" {cell 6 2}}
				{item "ammo rifle" 5 {cell 7 0}}
				{item "ammo pistol" 30 {cell 0 5}}
				{item "ammo pistol" 30 {cell 2 5}}
				{item "ammo pistol" 30 {cell 4 5}}
				{item "ammo pistol" 30 {cell 6 5}}
				{item "ammo mgun" 20 {cell 0 4}}
				{item "ammo mgun" 20 {cell 2 4}}
				{item "ammo mgun" 20 {cell 4 4}}
				{item "ammo mgun" 20 {cell 6 4}}
				{item "ammo mgun" 20 {cell 0 3}}
				{item "ammo mgun" 20 {cell 3 3}}
				{item "ammo mgun" 20 {cell 6 3}}
				{item "ammo rifle" 5 {cell 2 3}}
				{item "ammo rifle" 5 {cell 5 3}}
				{item "ammo rifle" 5 {cell 5 0}}
				{item "ammo rifle" 5 {cell 6 0}}
				{item "ammo rifle" 5 {cell 7 1}}
				{item "ammo rifle" 5 {cell 6 1}}
				{item "ammo rifle" 5 {cell 5 1}}
			}
		}
	}
	{Entity "box_metal" 0x8053
		{Position 5360.46 3452.72 28.7127}
		{Turn -70.7924}
		{Constrain surface}
		{Extender "inventory"
			{box
				{clear}
				{item "dynamite" {cell 0 0}}
				{item "dynamite" {cell 3 0}}
				{item "dynamite" {cell 1 2}}
				{item "dynamite" {cell 4 2}}
				{item "dynamite" {cell 6 0}}
				{item "dynamite" {cell 0 4}}
				{item "dynamite" {cell 6 4}}
				{item "dynamite" {cell 3 4}}
			}
		}
	}
	{Entity "box_metal" 0x8054
		{Position 3418.72 726.641 0}
		{Extender "inventory"
			{box
				{clear}
				{item "bullet57 fg" 4 {cell 5 2}}
				{item "bullet57 fg" 4 {cell 5 0}}
				{item "bullet57 ap" 5 {cell 0 0}}
				{item "bullet57 ap" 5 {cell 0 1}}
				{item "bullet57 ap" 4 {cell 0 2}}
			}
		}
	}
	{Entity "pointer_small" 0x8055
		{Position 3705.32 604.037 0}
	}
	{Entity "minomet_76" 0x8056
		{Position 3197.97 866.542 0}
		{Turn -23.7234}
		{Extender "inventory"
			{box
				{clear}
				{item "ammo 76mm_mine" {cell 0 0}}
				{item "ammo 76mm_mine" {cell 0 1}}
				{item "ammo 76mm_mine" {cell 0 2}}
				{item "ammo 76mm_mine" {cell 0 3}}
				{item "ammo 76mm_mine" {cell 0 4}}
			}
		}
		{Player 1}
		{MID 76}
	}
	{Human "eng.oficer2" 0x8057
		{Position 3195.22 826.604 0}
		{Turn -45.7828}
		{Player 1}
		{MID 77}
		{NameId 64 65}
		{Cover
			{sector 3195.22 826.604 {type "snipe_cover"}
				{wall 0 0 3232.31 852.929 3174.18 796.366}
			}
		}
		{FsmState "snipe"}
	}
	{Human "eng.soldier_elite1" 0x8058
		{Position 3152.94 943.196 0}
		{Turn 48.8204}
		{Extender "inventory"
			{box
				{clear}
				{item "bren" filling "ammo mgun" 30 {cell 0 0}}
				{item "ammo mgun" 90 {cell 6 0}}
			}
		}
		{Player 1}
		{MID 78}
		{NameId 10 16}
		{Cover
			{sector 3152.94 943.196 {type "snipe_cover"}
				{wall 0 0 3130.82 971.85 3191.87 918.443}
			}
		}
		{FsmState "snipe"}
	}
	{Human "eng.soldier_elite2" 0x8059
		{Position 3092.93 913.88 0}
		{Turn 134.894}
		{Extender "inventory"
			{box
				{clear}
				{item "ammo rifle" 60 {cell 7 0}}
				{item "bayonet" {cell 7 1}}
				{item "grenade mk1" {cell 6 0}}
				{item "bandage" 3 {cell 5 1}}
				{item "enfieldmk3" filling "ammo rifle" 10 {cell 0 0}}
			}
		}
		{Player 1}
		{MID 79}
		{NameId 57 3}
		{Cover
			{sector 3092.93 913.88 {type "snipe_cover"}
				{wall 0 0 3056.15 887.118 3113.61 944.365}
			}
		}
		{FsmState "snipe"}
	}
	{Human "eng.soldier_elite2" 0x805a
		{Position 3114.53 815.677 0}
		{Turn -130.501}
		{Extender "inventory"
			{box
				{clear}
				{item "ammo pistol" 90 {cell 6 0}}
				{item "bandage" 4 {cell 4 0}}
			}
		}
		{Player 1}
		{MID 80}
		{Weaponry
			{State
				{Mounted "thompson"}
				{Weapon
					{Ammo "ammo pistol" 30}
				}
			}
		}
		{NameId 47 26}
		{Cover
			{sector 3114.53 815.677 {type "snipe_cover"}
				{wall 0 0 3116.83 804.509 3055.15 857.19}
			}
		}
		{FsmState "snipe"}
	}
	{Human "eng.soldier_rifle" 0x805b
		{Position 3174.41 867.064 0.304924}
		{Orientation
			  0.915407  -0.402282  -0.014000
			  0.402322   0.915498   0.000000
			  0.012817  -0.005633   0.999900
		}
		{DisableObstacles}
		{Player 1}
		{MID 81}
		{NameId 44 44}
		{FsmState "board"}
	}
	{Human "eng.soldier_rifle" 0x805c
		{Position 3190.29 911.478 0}
		{Turn 48.8202}
		{Player 1}
		{MID 82}
		{NameId 49 31}
		{Cover
			{sector 3190.29 911.478 {type "snipe_cover"}
				{wall 0 0 3172.61 936.25 3233.66 882.843}
			}
		}
		{FsmState "snipe"}
	}
	{Human "eng.soldier_rifle" 0x805d
		{Position 3105.93 862.026 0}
		{Turn 98.2292}
		{Extender "inventory"
			{box
				{clear}
				{item "enfieldmk3" filling "ammo rifle" 10 {cell 0 0}}
				{item "bayonet" {cell 7 0}}
				{item "ammo rifle" 30 {cell 6 0}}
			}
		}
		{Player 1}
		{MID 83}
		{NameId 79 95}
		{FsmState "stand"}
	}
	{Human "eng.soldier_rifle" 0x805e
		{Position 3085.25 875.079 0}
		{Extender "inventory"
			{box
				{clear}
				{item "enfieldmk3" filling "ammo rifle" 10 {cell 0 0}}
				{item "bayonet" {cell 7 0}}
				{item "ammo rifle" 30 {cell 6 0}}
			}
		}
		{Player 1}
		{MID 84}
		{NameId 55 25}
		{FsmState "stand"}
	}
	{Entity "kurogane" 0x805f
		{Position 3674 52.595 0}
		{Turn 86.5172}
		{Extender "inventory"
			{box
				{clear}
			}
		}
		{Player 2}
		{MID 85}
		
	}
	{Human "eng.suboficer" 0x8060
		{Position 4334.89 846.833 0}
		{Turn 108.166}
		{Extender "inventory"
			{box
				{clear}
				{item "thompson" filling "ammo pistol" 30 {cell 0 0}}
				{item "ammo pistol" 60 {cell 4 0}}
				{item "ammo pistol" 60 {cell 6 0}}
			}
		}
		{Player 1}
		{MID 86}
		{NameId 70 50}
		{FsmState "stand"}
	}
	{Human "eng.soldier_rifle" 0x8061
		{Position 4352.06 803.508 0}
		{Turn 116.315}
		{Extender "inventory"
			{box
				{clear}
				{item "enfieldmk3" filling "ammo rifle" 10 {cell 0 0}}
				{item "bayonet" {cell 7 0}}
				{item "ammo rifle" 30 {cell 6 0}}
			}
		}
		{Player 1}
		{MID 87}
		{NameId 50 42}
		{FsmState "stand"}
	}
	{Human "eng.soldier_rifle" 0x8062
		{Position 4368.98 762.968 0}
		{Turn 111.799}
		{Extender "inventory"
			{box
				{clear}
				{item "enfieldmk3" filling "ammo rifle" 10 {cell 0 0}}
				{item "bayonet" {cell 7 0}}
				{item "ammo rifle" 30 {cell 6 0}}
			}
		}
		{Player 1}
		{MID 88}
		{NameId 50 14}
		{FsmState "stand"}
	}
	{Human "eng.tankman" 0x8063
		{Position 5347.85 161.232 0}
		{Orientation
			 -0.531591   0.847001   0.000000
			  0.847001   0.531591   0.000000
			  0.000000   0.000000   1.000000
		}
		{Player 1}
		{MID 89}
		{NameId 64 66}
		{LastItem "sten"}
		{FsmState "board"}
	}
	{Human "eng.tankman" 0x8064
		{Position 5347.85 161.232 0}
		{Orientation
			 -0.531591   0.847001   0.000000
			  0.847001   0.531591   0.000000
			  0.000000   0.000000   1.000000
		}
		{Player 1}
		{MID 90}
		{NameId 10 17}
		{LastItem "sten"}
		{FsmState "board"}
	}
	{Human "eng.tankman" 0x8065
		{Position 5347.85 161.232 0}
		{Orientation
			 -0.531591   0.847001   0.000000
			  0.847001   0.531591   0.000000
			  0.000000   0.000000   1.000000
		}
		{Extender "inventory"
			{box
				{clear}
				{item "ammo pistol" 30 {cell 6 0}}
				{item "grenade n73at" {cell 6 1}}
				{item "webley" filling "ammo pistol" 6 {cell 0 0}}
			}
		}
		{Player 1}
		{MID 91}
		{NameId 57 4}
		{LastItem "webley"}
		{FsmState "board"}
	}
	{Human "eng.tankman" 0x8066
		{Position 107.741 5122.71 0}
		{Orientation
			  0.827842  -0.560961   0.000000
			 -0.560961  -0.827842   0.000000
			  0.000000   0.000000   1.000000
		}
		{Player 1}
		{MID 92}
		{NameId 64 67}
		{LastItem "sten"}
		{FsmState "board"}
	}
	{Human "eng.tankman" 0x8067
		{Position 107.741 5122.71 0}
		{Orientation
			  0.827842  -0.560961   0.000000
			 -0.560961  -0.827842   0.000000
			  0.000000   0.000000   1.000000
		}
		{Player 1}
		{MID 93}
		{NameId 64 68}
		{LastItem "sten"}
		{FsmState "board"}
	}
	{Human "eng.ofitank" 0x8068
		{Position 107.741 5122.71 0}
		{Orientation
			  0.827842  -0.560961   0.000000
			 -0.560961  -0.827842   0.000000
			  0.000000   0.000000   1.000000
		}
		{Player 1}
		{MID 94}
		{NameId 10 18}
		{LastItem "webley"}
		{FsmState "board"}
	}
	{Human "eng.ofitank" 0x8069
		{Position 75.7744 5145.29 0}
		{Orientation
			  0.828910  -0.559382   0.000000
			 -0.559382  -0.828910   0.000000
			  0.000000   0.000000   1.000000
		}
		{Player 1}
		{MID 95}
		{NameId 57 5}
		{LastItem "webley"}
		{FsmState "board"}
	}
	{Human "eng.tankman" 0x806a
		{Position 75.7744 5145.29 0}
		{Orientation
			  0.828910  -0.559382   0.000000
			 -0.559382  -0.828910   0.000000
			  0.000000   0.000000   1.000000
		}
		{Player 1}
		{MID 96}
		{NameId 47 27}
		{LastItem "sten"}
		{FsmState "board"}
	}
	{Human "eng.tankman" 0x806b
		{Position 75.7744 5145.29 0}
		{Orientation
			  0.828910  -0.559382   0.000000
			 -0.559382  -0.828910   0.000000
			  0.000000   0.000000   1.000000
		}
		{Player 1}
		{MID 97}
		{NameId 44 45}
		{LastItem "sten"}
		{FsmState "board"}
	}
	{Human "eng.tankman" 0x806c
		{Position 47.5628 5165.31 0}
		{Orientation
			  0.838728  -0.544551   0.000000
			 -0.544551  -0.838728   0.000000
			  0.000000   0.000000   1.000000
		}
		{Player 1}
		{MID 98}
		{NameId 49 32}
		{LastItem "sten"}
		{FsmState "board"}
	}
	{Human "eng.tankman" 0x806d
		{Position 47.5628 5165.31 0}
		{Orientation
			  0.838728  -0.544551   0.000000
			 -0.544551  -0.838728   0.000000
			  0.000000   0.000000   1.000000
		}
		{Player 1}
		{MID 99}
		{NameId 79 96}
		{LastItem "sten"}
		{FsmState "board"}
	}
	{Human "eng.ofitank" 0x806e
		{Position 47.5628 5165.31 0}
		{Orientation
			  0.838728  -0.544551   0.000000
			 -0.544551  -0.838728   0.000000
			  0.000000   0.000000   1.000000
		}
		{Player 1}
		{MID 100}
		{NameId 55 26}
		{LastItem "webley"}
		{FsmState "board"}
	}
	{Human "eng.soldier" 0x806f
		{Position 37.8573 5195.46 14.3496}
		{Turn 57.006}
		{DisableObstacles}
		{Player 1}
		{MID 101}
		{NameId 70 51}
		{LastItem "enfield_kn"}
		{FsmState "board"}
	}
	{Human "eng.soldier" 0x8070
		{Position 16.1407 5161.99 14.3496}
		{Turn -122.994}
		{DisableObstacles}
		{Player 1}
		{MID 102}
		{NameId 50 43}
		{LastItem "enfield_kn"}
		{FsmState "board"}
	}
	{Human "eng.soldier" 0x8071
		{Position 44.2983 5142.53 14.3496}
		{Turn -124.013}
		{DisableObstacles}
		{Player 1}
		{MID 103}
		{NameId 50 15}
