{Skeleton
	{animation
		{sequence "recoil" {speed 0.45}}
	}
	{bone "basis"
		{Orientation
			1.0000	0.0000	0.0000
			0.0000	-1.0000	0.0000
			0.0000	0.0000	1.0000
		}
		{bone revolute "turret"
			{parameters "ID=Turret;"}
			{speed 0.0100}
			{Position 0.1442	0.2318	-0.0225}
			{VolumeView "turret.ply"}
			{bone revolute "Gun_rot"
				{parameters "ID=Turret;"}
				{limits -5.0000 25.0000}
				{speed 0.0100}
				{Matrix34
					1.0000	0.0000	0.0000
					0.0000	0.0000	1.0000
					0.0000	-1.0000	0.0000
					0.0273	-0.1610	32.8081
				}
				{VolumeView "Gun_rot.ply"}
				{bone "Gun"
					{parameters "ID=gun;"}
					{Position -9.1055	0.4582	-0.0000}
					{VolumeView "Gun.ply"}
					{bone "Foresight1"
						{Matrix34
							1.0000	0.0000	0.0000
							0.0000	0.0000	-1.0000
							0.0000	1.0000	0.0000
							76.0371	0.1168	0.2293
						}
					}
				}
			}
			{bone "Visor"
				{Position 10.3243	-0.2318	42.6384}
			}
			{bone "commander"
				{Matrix34
					0.8192	-0.5736	-0.0011
					0.5736	0.8192	-0.0007
					0.0013	-0.0001	1.0000
					-9.6393	14.0700	7.3058
				}
			}
			{bone "gunner"
				{Matrix34
					0.8074	0.5897	-0.0011
					-0.5897	0.8074	0.0008
					0.0013	-0.0001	1.0000
					-12.8415	-13.1230	7.3058
				}
			}
		}
		{bone "emit1"
			{Matrix34
				0.7660	0.6428	0.0000
				-0.6428	0.7660	0.0000
				0.0000	0.0000	1.0000
				-31.5000	-18.0000	0.0000
			}
		}
		{bone "emit2"
			{Matrix34
				0.8192	-0.5736	0.0000
				0.5736	0.8192	0.0000
				0.0000	0.0000	1.0000
				-31.5862	16.6554	0.0000
			}
		}
	}
}
{Obstacle "obstacle"
	{Obb2
		{Center -1.4991 0.5856}
		{Extent 28.4210 22.7948}
		{Axis 1 0}
	}
	{Rotate}
}
{Volume "turret"
	{Box 2.3345 49.6578 45.3408}
	{Bone "turret"}
	{Position 25.5573	-0.2318	22.1929}
}
{Volume "turret2"
	{Box 49.3345 2.3345 45.3408}
	{Bone "turret"}
	{Position 1.5573	-24.6318	22.1929}
}
{Volume "turret3"
	{Box 49.3345 2.3345 45.3408}
	{Bone "turret"}
	{Position 1.5573	24.4318	22.1929}
}
{Volume "turret4"
	{Box 49.3345 49.3345 2.3408}
	{Bone "turret"}
	{Position 1.5573	0.0000	44.1929}
}
{Volume "Gun"
	{Cylinder 2.05755 60.1881}
	{Bone "Gun"}
	{Matrix34
		0.0000	-1.0000	0.0000
		0.0000	0.0000	-1.0000
		1.0000	0.0000	0.0000
		39.2160	0.0539	0.0293
	}
}
