;Exported by: garry
;Date:        Sun May 30 15:48:09 2004
;File:        D:\-Projects-\-3DWork-\Model\Танки\Ferdinand\ferdinand.max
{Skeleton
	{animation
		{sequence "start" {speed 0.6}}
		{sequence "stop" {speed 0.6}}
		{sequence "fire" {speed 0.6}}
		{sequence "open" {resume}}
		{sequence "hit"}
	}
	{bone revolute "basis"
		{limits 0.0000 0.0000}
		{speed 0.0010}
		{Orientation
			1.0000	0.0000	0.0000
			0.0000	-1.0000	0.0000
			0.0000	0.0000	1.0000
		}
		{bone "WheelsL"
			{parameters "ID=trackleft;"}
			{Matrix34
				1.0000	0.0000	0.0000
				0.0000	-0.0000	1.0000
				0.0000	-1.0000	-0.0000
				-5.0394	28.7598	7.8543
			}
			{VolumeView "WheelsL.ply"}
			{bone "FXtraceL1"
				{Matrix34
					-1.0000	-0.0000	-0.0000
					-0.0000	0.0000	-1.0000
					0.0000	-1.0000	-0.0000
					21.0971	0.9228	-0.2237
				}
			}
			{bone "FXtraceL2"
				{Matrix34
					0.9311	-0.3647	0.0000
					-0.0000	-0.0000	-1.0000
					0.3647	0.9311	-0.0000
					-66.8201	-1.4658	1.4148
				}
			}
			{bone "TrackL"
				{parameters "ID=trackleft;"}
				{Matrix34
					-0.0000	-0.0000	1.0000
					-1.0000	0.0000	0.0000
					0.0000	1.0000	0.0000
					0.0571	4.2312	1.0576
				}
				{VolumeView "TrackL.ply"}
			}
		}
		{bone "WheelsR"
			{parameters "ID=trackright;"}
			{Position -5.0394	-29.0551	7.8543}
			{VolumeView "WheelsR.ply"}
			{bone "FXtraceR1"
				{Matrix34
					-1.0000	0.0000	0.0000
					0.0000	1.0000	0.0000
					-0.0000	0.0000	-1.0000
					21.0971	0.0633	0.9228
				}
			}
			{bone "FXtraceR2"
				{Matrix34
					0.9311	0.0000	-0.3647
					-0.0000	1.0000	0.0000
					0.3647	0.0000	0.9311
					-66.8201	1.7246	-1.4658
				}
			}
			{bone "TrackR"
				{parameters "ID=trackright;"}
				{Matrix34
					1.0000	0.0000	-0.0000
					0.0000	-0.0000	1.0000
					0.0000	-1.0000	-0.0000
					0.0571	1.1423	4.2312
				}
				{VolumeView "TrackR.ply"}
			}
		}
		{bone "body"
			{parameters "ID=body;"}
			{animation
				{sequence "repair" {file "body_r.anm"} {speed 0.7}}
			}
			{Matrix34
				1.0000	0.0000	0.0007
				0.0000	1.0000	-0.0000
				-0.0007	0.0000	1.0000
				-4.3307	0.1181	34.1732
			}
			{VolumeView "body.ply"}
			{bone "FXsmoke2"
				{Matrix34
					-0.7285	0.0000	-0.6850
					-0.0000	1.0000	0.0000
					0.6850	0.0000	-0.7285
					-69.2394	-12.0796	-8.7767
				}
			}
			{bone "FXsmoke1"
				{Matrix34
					-0.7285	0.0000	-0.6850
					-0.0000	1.0000	0.0000
					0.6850	0.0000	-0.7285
					-69.2394	11.6297	-8.7766
				}
			}
			{bone "FXshot"
				{Matrix34
					-1.0000	-0.0000	-0.0000
					0.0000	-1.0000	-0.0000
					0.0000	-0.0000	1.0000
					-0.3437	5.2965	-17.8038
				}
			}
			{bone "FXfire1"
				{Matrix34
					0.0000	-0.0000	1.0000
					0.0000	1.0000	-0.0000
					-1.0000	0.0000	0.0000
					30.7346	9.2425	-11.6124
				}
			}
			{bone "visor1"
				{Position -17.9687	-0.0495	26.9579}
			}
			{bone "FXfire2"
				{Matrix34
					0.0000	-0.0000	1.0000
					0.0000	1.0000	-0.0000
					-1.0000	0.0000	0.0000
					-44.6257	8.1550	10.4953
				}
			}
			{bone "cover"
				{parameters "ID=turret;"}
				{Matrix34
					0.0139	-0.0000	0.9999
					0.0000	-1.0000	-0.0000
					0.9999	0.0000	-0.0139
					-33.5526	-11.9341	25.4678
				}
				{VolumeView "cover.ply"}
			}
			{bone revolute "GUN_rot1"
				{limits -7.0000 7.0000}
				{speed 0.0010}
				{Matrix34
					-1.0000	-0.0000	-0.0000
					0.0000	0.0000	-1.0000
					0.0000	-1.0000	-0.0000
					-0.1315	-0.5330	11.0711
				}
				{bone revolute "GUN_rot2"
					{parameters "ID=body;"}
					{limits -10.0000 10.0000}
					{speed 0.0100}
					{Matrix34
						-1.0000	-0.0000	0.0000
						0.0000	-0.0000	-1.0000
						0.0000	-1.0000	0.0000
						-0.0510	-0.0198	0.0229
					}
					{VolumeView "GUN_rot2.ply"}
					{bone "Gun"
						{parameters "ID=gun;"}
						{Position 9.3206	0.0440	0.0049}
						{VolumeView "Gun.ply"}
						{bone "Foresight1"
							{Position 85.9695	0.1769	0.0496}
						}
					}
				}
			}
			{bone revolute "WheelR1"
				{parameters "ID=trackright;"}
				{Matrix34
					-1.0000	-0.0000	0.0007
					0.0007	-0.0000	1.0000
					-0.0000	1.0000	0.0000
					59.2889	-28.4349	-18.8215
				}
				{VolumeView "WheelR1.ply"}
			}
			{bone revolute "WheelR2"
				{parameters "ID=trackright;"}
				{Matrix34
					-1.0000	-0.0000	0.0007
					0.0007	-0.0000	1.0000
					-0.0000	1.0000	0.0000
					-60.2940	-28.3446	-21.2412
				}
				{VolumeView "WheelR2.ply"}
			}
			{bone revolute "WheelL1"
				{parameters "ID=trackleft;"}
				{Matrix34
					-1.0000	0.0000	0.0007
					0.0007	-0.0000	1.0000
					0.0000	1.0000	0.0000
					59.2889	28.1458	-18.8215
				}
				{VolumeView "WheelL1.ply"}
			}
			{bone revolute "WheelL2"
				{parameters "ID=trackleft;"}
				{Matrix34
					-1.0000	0.0000	0.0007
					0.0007	-0.0000	1.0000
					0.0000	1.0000	0.0000
					-60.2940	27.8850	-21.2412
				}
				{VolumeView "WheelL2.ply"}
			}
			{bone "engine"
				{Matrix34
					0.0000	-0.0000	1.0000
					0.0000	1.0000	-0.0000
					-1.0000	0.0000	0.0000
					23.1592	-0.0526	-6.8445
				}
			}
			{bone revolute "mgun_rot"
				{limits -15.0000 15.0000}
				{Matrix34
					-1.0000	-0.0000	-0.0000
					0.0000	0.0000	1.0000
					-0.0000	1.0000	-0.0000
					52.0142	-13.7895	-4.3918
				}
				{bone revolute "MGun"
					{limits -25.0000 25.0000}
					{Matrix34
						0.9994	0.0166	0.0315
						0.0315	0.0005	-0.9995
						-0.0166	0.9999	-0.0000
						0.0398	-0.1243	-0.2827
					}
					{VolumeView "MGun.ply"}
					{bone "Foresight3"
						{parameters "lKMax=15;"}
						{Matrix34
							-0.9994	-0.0315	0.0166
							0.0315	-0.9995	0.0000
							0.0166	0.0005	0.9999
							-9.8070	-0.7751	0.2735
						}
					}
				}
			}
			{bone "seat01"
				{Matrix34
					0.0233	0.9570	0.2892
					-0.9943	0.0522	-0.0925
					-0.1036	-0.2854	0.9528
					30.5588	30.7803	-4.7021
				}
			}
			{bone "seat02"
				{Matrix34
					0.0151	-0.9962	-0.0858
					0.9848	-0.0000	0.1736
					-0.1730	-0.0872	0.9811
					30.8767	-29.3721	-5.3225
				}
			}
			{bone "seat04"
				{Matrix34
					0.3963	-0.9034	0.1639
					0.8921	0.4211	0.1640
					-0.2172	0.0813	0.9727
					14.9237	-29.3721	-5.3112
				}
			}
			{bone "seat03"
				{Matrix34
					0.4413	0.8453	0.3012
					-0.8913	0.4517	0.0384
					-0.1036	-0.2854	0.9528
					16.3640	30.7803	-4.6921
				}
			}
		}
		{bone "emit3"
			{Matrix34
				-0.0000	-1.0000	-0.0000
				1.0000	-0.0000	0.0000
				-0.0000	-0.0000	1.0000
				25.9871	55.6707	0.0000
			}
			{visibility 0}
		}
		{bone "emit1"
			{Matrix34
				-0.0000	-1.0000	-0.0000
				1.0000	-0.0000	0.0000
				-0.0000	-0.0000	1.0000
				52.3929	46.6861	0.0000
			}
			{visibility 0}
		}
		{bone "emit5"
			{Matrix34
				-0.0000	-1.0000	-0.0000
				1.0000	-0.0000	0.0000
				-0.0000	-0.0000	1.0000
				10.0411	55.6707	0.0000
			}
			{visibility 0}
		}
		{bone "emit2"
			{Matrix34
				0.0000	1.0000	-0.0000
				-1.0000	0.0000	0.0000
				0.0000	0.0000	1.0000
				53.7917	-46.5165	0.0000
			}
			{visibility 0}
		}
		{bone "emit4"
			{Matrix34
				0.0000	1.0000	-0.0000
				-1.0000	0.0000	0.0000
				0.0000	0.0000	1.0000
				23.8577	-54.8764	0.0000
			}
			{visibility 0}
		}
		{bone "emit6"
			{Matrix34
				0.0000	1.0000	-0.0000
				-1.0000	0.0000	0.0000
				0.0000	0.0000	1.0000
				9.4311	-54.8764	0.0000
			}
			{visibility 0}
		}
	}
}
{Volume "crew"
	{Box 35.4838 30.2891 25.0711}
	{Bone "body"}
	{Position -20.5094	-0.2267	4.7118}
}
{Volume "engine"
	{Box 33.3554 28.8468 20.3076}
	{Bone "engine"}
	{Matrix34
		0.0000	-0.0000	-1.0000
		0.0000	1.0000	0.0000
		1.0000	-0.0000	0.0000
		-5.3101	-0.1741	0.2322
	}
}
{Volume "gun"
	{Cylinder 2.78128 86.2135}
	{Bone "Gun"}
	{Matrix34
		0.0000	1.0000	-0.0000
		0.0007	0.0000	1.0000
		1.0000	-0.0000	-0.0007
		38.2053	0.0440	0.1568
	}
}
{Volume "Body2"
	{Polyhedron "Body2.vol"}
	{Bone "body"}
	{Position -9.4956	-0.0821	-9.1466}
}
{Volume "Body3"
	{Polyhedron "Body3.vol"}
	{Bone "body"}
	{Position 2.2668	-0.0821	-26.4614}
}
{Volume "body1"
	{Polyhedron "body1.vol"}
	{Bone "body"}
	{Matrix34
		1.0000	-0.0000	-0.0000
		-0.0000	-0.0000	1.0000
		-0.0000	-1.0000	-0.0000
		-32.6847	0.0411	13.0674
	}
}
{Volume "inventory"
	{Box 20.5653 34.3414 40.2993}
	{Bone "body"}
	{Position -50.2094	-0.2267	-2.6106}
}
{Volume "trackright"
	{Box 137.919 14.7697 24.8927}
	{Bone "WheelsR"}
	{Position -0.2362	0.9843	4.5920}
}
{Volume "trackleft"
	{Box 137.886 13.3922 25.4513}
	{Bone "WheelsL"}
	{Matrix34
		1.0000	0.0000	0.0000
		0.0000	-0.0000	-1.0000
		-0.0000	1.0000	-0.0000
		-0.3378	4.9062	1.1224
	}
}
