;Exported by: sk
;Date:        Tue Aug 12 13:02:58 2003

{Skeleton
	{bone "searchlight1"
		{Orientation
			1.0000	0.0000	0.0000
			0.0000	-1.0000	0.0000
			0.0000	0.0000	1.0000
		}
		{VolumeView "searchlight1.ply"}
		{bone "Piece0"
			{Position -6.5473	3.7701	3.5663}
			{VolumeView "Piece0.ply"}
		}
		{bone "Piece1"
			{Matrix34
				-0.3076	0.0229	0.9513
				0.4535	-0.8753	0.1677
				0.8365	0.4830	0.2588
				-8.2458	-2.0023	105.5948
			}
			{VolumeView "Piece1.ply"}
		}
		{bone "Piece2"
			{Matrix34
				0.1736	0.2549	0.9513
				-0.9848	0.0449	0.1677
				-0.0000	-0.9659	0.2588
				-0.8545	4.1871	109.8618
			}
			{VolumeView "Piece2.ply"}
		}
		{bone "Piece3"
			{Matrix34
				-0.3763	-0.1701	-0.9107
				0.3710	-0.9284	0.0201
				-0.8489	-0.3304	0.4125
				5.9383	-0.9370	100.1899
			}
			{VolumeView "Piece3.ply"}
		}
	}
}
{Volume "Piece3"
	{Box 6.98943 6.92233 6.55195}
	{Bone "Piece3"}
		{Matrix34
			-0.4118	0.0311	-0.9107
			-0.0311	-0.9993	-0.0201
			-0.9107	0.0201	0.4125
			0.1378	-0.3664	-2.6466
		}
}
{Volume "Piece2"
	{Box 6.98943 6.92233 6.55195}
	{Bone "Piece2"}
		{Matrix34
			-0.2549	-0.0449	0.9659
			0.1736	-0.9848	0.0000
			0.9513	0.1677	0.2588
			-0.6901	-0.1488	-2.6381
		}
}
{Volume "Piece1"
	{Box 6.98943 7.8624 6.55195}
	{Bone "Piece1"}
		{Matrix34
			-0.2691	0.0411	0.9623
			0.1508	-0.9850	0.0842
			0.9513	0.1677	0.2588
			-0.6641	-0.0256	-2.8028
		}
}
{Volume "Piece0"
	{Box 10.921 11.2449 107.395}
	{Bone "Piece0"}
		{Position 5.7637	-5.6783	54.1118}
}
