;Exported by: shevchenko
;Date:        Wed Mar 03 15:53:55 2004
;File:        D:\-Projects-\-3DWork-\sheva\SK\store_x.max
{Skeleton
	{animation
		{sequence "crush" {speed 0.4}}
	}
	{bone "store"
		{parameters "CommonMesh;"}
		{Orientation
			1.0000	0.0000	0.0000
			0.0000	-1.0000	0.0000
			0.0000	0.0000	1.0000
		}
		{VolumeView "store.ply"}
		{bone "piece0"
			{Matrix34
				1.0000	0.0000	0.0000
				0.0000	-0.0000	1.0000
				0.0000	-1.0000	-0.0000
				42.1845	-96.9759	62.0079
			}
			{VolumeView "piece0.ply"}
		}
		{bone "piece1"
			{Matrix34
				1.0000	0.0000	0.0000
				0.0000	-0.0000	1.0000
				0.0000	-1.0000	-0.0000
				37.2958	-96.9759	23.6236
			}
			{VolumeView "piece1.ply"}
		}
		{bone "piece10"
			{Matrix34
				1.0000	0.0000	0.0000
				0.0000	-0.0000	1.0000
				0.0000	-1.0000	-0.0000
				-38.3767	36.2293	55.9725
			}
			{VolumeView "piece10.ply"}
		}
		{bone "piece2"
			{Matrix34
				1.0000	0.0000	0.0000
				0.0000	-0.0000	1.0000
				0.0000	-1.0000	-0.0000
				6.9792	-96.9759	22.6183
			}
			{VolumeView "piece2.ply"}
		}
		{bone "piece3"
			{Matrix34
				1.0000	0.0000	0.0000
				0.0000	-0.0000	1.0000
				0.0000	-1.0000	-0.0000
				-15.3527	-96.9759	38.0217
			}
			{VolumeView "piece3.ply"}
		}
		{bone "piece4"
			{Matrix34
				1.0000	0.0000	0.0000
				0.0000	-0.0000	1.0000
				0.0000	-1.0000	-0.0000
				-41.4770	-96.9759	62.0079
			}
			{VolumeView "piece4.ply"}
		}
		{bone "piece11"
			{Matrix34
				1.0000	0.0000	0.0000
				0.0000	-0.0000	1.0000
				0.0000	-1.0000	-0.0000
				-44.4711	36.2293	22.0819
			}
			{VolumeView "piece11.ply"}
		}
		{bone "piece5"
			{Matrix34
				1.0000	0.0000	0.0000
				0.0000	-0.0000	1.0000
				0.0000	-1.0000	-0.0000
				-53.2597	-96.9759	25.5906
			}
			{VolumeView "piece5.ply"}
		}
		{bone "piece6"
			{Matrix34
				1.0000	0.0000	0.0000
				0.0000	-0.0000	1.0000
				0.0000	-1.0000	-0.0000
				42.1845	36.2293	62.0079
			}
			{VolumeView "piece6.ply"}
		}
		{bone "piece7"
			{Matrix34
				1.0000	0.0000	0.0000
				0.0000	-0.0000	1.0000
				0.0000	-1.0000	-0.0000
				37.2958	36.2293	23.6236
			}
			{VolumeView "piece7.ply"}
		}
		{bone "piece8"
			{Matrix34
				1.0000	0.0000	0.0000
				0.0000	-0.0000	1.0000
				0.0000	-1.0000	-0.0000
				-0.9226	36.2293	62.0079
			}
			{VolumeView "piece8.ply"}
		}
		{bone "piece9"
			{Matrix34
				1.0000	0.0000	0.0000
				0.0000	-0.0000	1.0000
				0.0000	-1.0000	-0.0000
				-7.7586	36.2293	29.4852
			}
			{VolumeView "piece9.ply"}
		}
		{bone "exterior"
			{Position 1.7514	-30.5810	96.0433}
		}
		{bone "FX_dust1"
			{Matrix34
				-0.0000	0.0000	1.0000
				0.0000	1.0000	0.0000
				-1.0000	0.0000	-0.0000
				-13.1313	-97.0562	21.6396
			}
		}
		{bone "FX_dust1a"
			{Matrix34
				-0.0000	0.0000	1.0000
				0.0000	1.0000	0.0000
				-1.0000	0.0000	-0.0000
				-13.1313	36.4136	21.6396
			}
		}
		{bone "FX_stone1"
			{Matrix34
				-0.0000	0.0000	1.0000
				0.0000	1.0000	0.0000
				-1.0000	0.0000	-0.0000
				1.8182	-97.0562	70.0978
			}
		}
		{bone "FX_wood1"
			{Matrix34
				-0.0000	0.0000	1.0000
				0.0000	1.0000	0.0000
				-1.0000	0.0000	-0.0000
				1.8182	61.9738	74.1344
			}
		}
		{bone "FX_wood2"
			{Matrix34
				-0.0000	0.0000	1.0000
				0.0000	1.0000	0.0000
				-1.0000	0.0000	-0.0000
				1.8182	-30.6595	90.4815
			}
		}
	}
}
{Area "interior"
	{Obb2
		{Center -0.207436 30.5625}
		{Extent 65.0271 64.4564}
		{Axis -1 0}
	}
	{Rotate}
}
{Volume "piece9"
	{Box 28.2136 5.90552 17.8678}
	{Bone "piece9"}
	{Matrix34
		0.9364	-0.3511	0.0000
		-0.0000	-0.0000	-1.0000
		0.3511	0.9364	-0.0000
		1.2544	-0.7384	0.0733
	}
}
{Volume "piece8"
	{Box 28.2136 5.90552 17.8678}
	{Bone "piece8"}
	{Matrix34
		0.9793	-0.2023	-0.0000
		-0.0000	-0.0000	-1.0000
		0.2023	0.9793	-0.0000
		0.6445	0.8579	0.0733
	}
}
{Volume "piece7"
	{Box 16.2192 5.90552 22.3348}
	{Bone "piece7"}
	{Matrix34
		0.9933	0.1158	0.0000
		0.0000	-0.0000	-1.0000
		-0.1158	0.9933	-0.0000
		1.4942	0.1192	0.0680
	}
}
{Volume "piece6"
	{Box 12.1949 5.90552 14.8899}
	{Bone "piece6"}
	{Matrix34
		1.0000	0.0000	0.0000
		0.0000	-0.0000	-1.0000
		0.0000	1.0000	-0.0000
		0.0075	-0.7978	0.0680
	}
}
{Volume "piece5"
	{Box 10.3346 5.90552 25.4528}
	{Bone "piece5"}
	{Matrix34
		1.0000	0.0000	0.0000
		0.0000	-0.0000	-1.0000
		0.0000	1.0000	-0.0000
		-1.0094	0.6650	0.0121
	}
}
{Volume "piece11"
	{Box 10.3346 5.90552 25.4528}
	{Bone "piece11"}
	{Matrix34
		0.7115	0.7027	-0.0000
		0.0000	-0.0000	-1.0000
		-0.7027	0.7115	-0.0000
		0.5870	0.6780	0.0733
	}
}
{Volume "piece4"
	{Box 27.3021 5.90552 17.4657}
	{Bone "piece4"}
	{Matrix34
		0.9752	-0.2213	0.0000
		-0.0000	-0.0000	-1.0000
		0.2213	0.9752	-0.0000
		0.0337	1.3279	0.0121
	}
}
{Volume "piece3"
	{Box 12.1949 5.90552 19.0896}
	{Bone "piece3"}
	{Matrix34
		1.0000	0.0000	0.0000
		0.0000	-0.0000	-1.0000
		0.0000	1.0000	-0.0000
		-1.4916	0.5141	0.0121
	}
}
{Volume "piece2"
	{Box 17.3167 5.90552 31.4978}
	{Bone "piece2"}
	{Matrix34
		0.9876	-0.1570	0.0000
		-0.0000	-0.0000	-1.0000
		0.1570	0.9876	-0.0000
		1.3145	1.5447	0.0121
	}
}
{Volume "piece10"
	{Box 10.3346 5.90552 19.8531}
	{Bone "piece10"}
	{Matrix34
		1.0000	0.0000	0.0000
		0.0000	-0.0000	-1.0000
		0.0000	1.0000	-0.0000
		-1.8362	0.1640	0.0733
	}
}
{Volume "piece1"
	{Box 16.2192 5.90552 22.3348}
	{Bone "piece1"}
	{Matrix34
		0.9933	0.1158	0.0000
		0.0000	-0.0000	-1.0000
		-0.1158	0.9933	-0.0000
		1.4942	0.1192	0.0121
	}
}
{Volume "piece0"
	{Box 12.1949 5.90552 14.8899}
	{Bone "piece0"}
	{Matrix34
		1.0000	0.0000	0.0000
		0.0000	-0.0000	-1.0000
		0.0000	1.0000	-0.0000
		0.0075	-0.7978	0.0121
	}
}
