;Exported by: ubrashaev
;Date:        Mon Apr 19 12:00:13 2004
;File:        D:\-Projects-\-work-\3d\construction\city\rw_station2_x.max
{Skeleton
	{animation
		{sequence "crush" {speed 0.4}}
	}
	{bone "rw_station2_c1_x"
		{parameters "CommonMesh;"}
		{Orientation
			1.0000	0.0000	0.0000
			0.0000	-1.0000	0.0000
			0.0000	0.0000	1.0000
		}
		{VolumeView "rw_station2_c1_x.ply"}
		{bone "Piece1"
			{Matrix34
				-1.0000	0.0000	0.0000
				-0.0000	-0.0000	-1.0000
				-0.0000	-1.0000	0.0000
				50.7205	-28.0152	123.4984
			}
			{VolumeView "Piece1.ply"}
		}
		{bone "Piece10"
			{Matrix34
				-1.0000	0.0000	0.0000
				-0.0000	-0.0000	-1.0000
				-0.0000	-1.0000	0.0000
				29.5650	-28.0152	81.6375
			}
			{VolumeView "Piece10.ply"}
		}
		{bone "Piece4"
			{Matrix34
				-1.0000	0.0000	0.0000
				-0.0000	-0.0000	-1.0000
				-0.0000	-1.0000	0.0000
				55.2058	-28.0152	88.7252
			}
			{VolumeView "Piece4.ply"}
		}
		{bone "Piece9"
			{Matrix34
				1.0000	0.0000	0.0000
				0.0000	0.0000	-1.0000
				0.0000	1.0000	0.0000
				-36.3997	-22.1693	29.9866
			}
			{VolumeView "Piece9.ply"}
		}
		{bone "Piece7"
			{Matrix34
				-1.0000	0.0000	0.0000
				0.0000	1.0000	0.0000
				0.0000	0.0000	-1.0000
				58.6430	20.8230	169.4574
			}
			{VolumeView "Piece7.ply"}
		}
		{bone "Piece3"
			{Matrix34
				-1.0000	0.0000	0.0000
				0.0000	1.0000	0.0000
				0.0000	0.0000	-1.0000
				58.6430	1.6675	152.6886
			}
			{VolumeView "Piece3.ply"}
		}
		{bone "Piece2"
			{Matrix34
				-1.0000	0.0000	0.0000
				0.0000	1.0000	0.0000
				0.0000	0.0000	-1.0000
				58.6430	-19.2077	138.0925
			}
			{VolumeView "Piece2.ply"}
		}
		{bone "Piece11"
			{Matrix34
				-1.0000	0.0000	0.0000
				0.0000	1.0000	0.0000
				0.0000	0.0000	-1.0000
				58.6430	19.4072	135.2664
			}
			{VolumeView "Piece11.ply"}
		}
		{bone "Piece5"
			{Matrix34
				-1.0000	0.0000	0.0000
				0.0000	1.0000	0.0000
				0.0000	0.0000	-1.0000
				58.6430	6.6602	88.8645
			}
			{VolumeView "Piece5.ply"}
		}
		{bone "Piece8"
			{Matrix34
				-1.0000	0.0000	0.0000
				0.0000	1.0000	0.0000
				0.0000	0.0000	-1.0000
				58.6430	-23.1131	82.3029
			}
			{VolumeView "Piece8.ply"}
		}
		{bone "Piece6"
			{Matrix34
				1.0000	0.0000	0.0000
				0.0000	-1.0000	0.0000
				0.0000	-0.0000	-1.0000
				36.2029	33.3355	68.7948
			}
			{VolumeView "Piece6.ply"}
		}
		{bone "Piece0"
			{Matrix34
				1.0000	0.0000	0.0000
				0.0000	-1.0000	0.0000
				0.0000	-0.0000	-1.0000
				-38.3831	0.1329	70.7850
			}
			{VolumeView "Piece0.ply"}
		}
		{bone "Piece12"
			{Matrix34
				1.0000	0.0000	0.0000
				0.0000	-0.0000	1.0000
				0.0000	-1.0000	-0.0000
				-11.3527	-28.1905	86.0176
			}
		}
		{bone "Sub_piece1"
			{Matrix34
				1.0000	0.0000	0.0000
				0.0000	-0.0000	1.0000
				0.0000	-1.0000	-0.0000
				-34.6106	-29.1229	182.5378
			}
		}
		{bone "Sub_piece0"
			{Matrix34
				1.0000	0.0000	0.0000
				0.0000	-0.0000	1.0000
				0.0000	-1.0000	-0.0000
				-52.3124	-29.1345	152.0447
			}
		}
		{bone "Piece14"
			{Matrix34
				1.0000	0.0000	0.0000
				0.0000	-0.0000	1.0000
				0.0000	-1.0000	-0.0000
				-4.5045	-28.1905	126.8482
			}
		}
		{bone "Sub_piece3"
			{Matrix34
				1.0000	0.0000	0.0000
				0.0000	-0.0000	1.0000
				0.0000	-1.0000	-0.0000
				-51.0203	-28.1905	128.0109
			}
		}
		{bone "Sub_piece2"
			{Matrix34
				1.0000	0.0000	0.0000
				0.0000	-0.0000	1.0000
				0.0000	-1.0000	-0.0000
				52.6066	-22.1923	54.1032
			}
		}
		{bone "Piece13"
			{Matrix34
				1.0000	0.0000	0.0000
				0.0000	-0.0000	1.0000
				0.0000	-1.0000	-0.0000
				-51.7956	-28.1905	81.2367
			}
		}
	}
}
{Volume "Piece13"
	{Box 17.2108 14.3424 7.87402}
	{Bone "Piece13"}
	{Matrix34
		0.5000	-0.8660	0.0000
		0.8660	0.5000	-0.0000
		0.0000	-0.0000	1.0000
		0.0000	0.0000	-0.0000
	}
}
{Volume "Sub_piece2"
	{Box 15.8929 18.4358 7.87402}
	{Bone "Sub_piece2"}
	{Position 1.4903	1.3883	-0.0000}
}
{Volume "Sub_piece3"
	{Box 14.73 15.0918 7.87402}
	{Bone "Sub_piece3"}
	{Position 0.2971	2.0965	0.0000}
}
{Volume "Piece14"
	{Box 23.444 14.9781 7.87402}
	{Bone "Piece14"}
	{Position 0.8090	2.7912	0.0000}
}
{Volume "Sub_piece0"
	{Box 12.8177 18.1644 5.90551}
	{Bone "Sub_piece0"}
	{Matrix34
		0.9397	-0.3420	0.0000
		0.3420	0.9397	-0.0000
		-0.0000	-0.0000	1.0000
		0.7142	1.5093	-0.0000
	}
}
{Volume "Sub_piece1"
	{Box 18.8001 16.694 5.90552}
	{Bone "Sub_piece1"}
	{Position 0.0000	0.0000	-0.0000}
}
{Volume "Piece12"
	{Box 17.5881 21.4903 7.87402}
	{Bone "Piece12"}
	{Position 0.7074	-2.7641	-0.0000}
}
{Volume "Piece0"
	{Box 18.0123 48.3251 3.89059}
	{Bone "Piece0"}
	{Position -4.7307	0.0000	-0.0000}
}
{Volume "Piece6"
	{Box 36.8377 13.1016 3.91454}
	{Bone "Piece6"}
	{Position 0.1596	-3.6002	1.9797}
}
{Volume "Piece8"
	{Box 7.87402 17.9967 26.5214}
	{Bone "Piece8"}
	{Position -0.0000	0.0000	-0.0000}
}
{Volume "Piece5"
	{Box 7.87402 17.1907 28.1927}
	{Bone "Piece5"}
	{Matrix34
		1.0000	0.0000	-0.0000
		0.0000	0.9659	-0.2588
		0.0000	0.2588	0.9659
		-0.0000	-1.0898	-4.0671
	}
}
{Volume "Piece11"
	{Box 7.87402 15.6729 25.9815}
	{Bone "Piece11"}
	{Matrix34
		1.0000	-0.0000	0.0000
		0.0000	0.8192	-0.5736
		-0.0000	0.5736	0.8192
		-0.0000	-2.6563	-7.6412
	}
}
{Volume "Piece2"
	{Box 7.87402 20.9882 24.7144}
	{Bone "Piece2"}
	{Position -0.0000	-2.4780	-7.4980}
}
{Volume "Piece3"
	{Box 7.87402 20.3207 24.7546}
	{Bone "Piece3"}
	{Matrix34
		1.0000	0.0000	0.0000
		-0.0000	0.6428	-0.7660
		0.0000	0.7660	0.6428
		-0.0000	-5.6725	-1.2655
	}
}
{Volume "Piece7"
	{Box 7.87402 15.856 22.2748}
	{Bone "Piece7"}
	{Matrix34
		1.0000	0.0000	0.0000
		-0.0000	0.6428	-0.7660
		0.0000	0.7660	0.6428
		-0.0000	-2.4427	-2.0751
	}
}
{Volume "Piece9"
	{Box 15.1239 19.6544 7.87402}
	{Bone "Piece9"}
	{Matrix34
		0.9397	0.3420	-0.0000
		-0.3420	0.9397	0.0000
		-0.0000	0.0000	1.0000
		-1.5718	-0.5198	-0.0000
	}
}
{Volume "Piece4"
	{Box 11.7863 18.1223 7.87402}
	{Bone "Piece4"}
	{Position -2.0514	0.0000	-0.0000}
}
{Volume "Piece10"
	{Box 18.0474 13.1704 7.87402}
	{Bone "Piece10"}
	{Position -0.0000	-1.7735	-0.0000}
}
{Volume "Piece1"
	{Box 22.7309 23.253 7.87402}
	{Bone "Piece1"}
	{Position -0.0000	2.6223	-0.0000}
}
