;Exported by: shevchenko
;Date:        Tue Feb 10 20:17:14 2004
;File:        D:\-Projects-\-3DWork-\sheva\hous_arrow1_x.max
{Skeleton
	{animation
		{sequence "crush" {speed 0.4}}
	}
	{bone "tower_stone1_x"
		{parameters "CommonMesh;"}
		{Orientation
			1.0000	0.0000	0.0000
			0.0000	-1.0000	0.0000
			0.0000	0.0000	1.0000
		}
		{VolumeView "tower_stone1_x.ply"}
		{bone "piece0"
			{Matrix34
				0.9233	-0.3842	0.0000
				-0.0000	-0.0000	1.0000
				-0.3842	-0.9233	-0.0000
				-13.3471	-30.6009	75.7730
			}
			{VolumeView "piece0.ply"}
		}
		{bone "piece1"
			{Matrix34
				0.9233	-0.3842	0.0000
				-0.0000	-0.0000	1.0000
				-0.3842	-0.9233	-0.0000
				-7.9554	-32.8569	57.4974
			}
			{VolumeView "piece1.ply"}
			{bone "sub_piece1"
				{Position -8.1740	-8.7425	-0.0000}
				{VolumeView "sub_piece1.ply"}
			}
		}
		{bone "piece10"
			{Matrix34
				0.3829	0.9238	0.0000
				0.0000	-0.0000	1.0000
				0.9238	-0.3829	-0.0000
				31.5799	-11.0849	26.8897
			}
			{VolumeView "piece10.ply"}
		}
		{bone "piece11"
			{Matrix34
				0.9238	0.3829	0.0000
				0.0000	-0.0000	1.0000
				0.3829	-0.9238	-0.0000
				14.5960	-30.1030	69.5069
			}
			{VolumeView "piece11.ply"}
		}
		{bone "piece12"
			{Matrix34
				0.9238	0.3829	0.0000
				0.0000	-0.0000	1.0000
				0.3829	-0.9238	-0.0000
				14.6919	-30.0664	31.6158
			}
			{VolumeView "piece12.ply"}
		}
		{bone "piece2"
			{Matrix34
				0.9233	-0.3842	0.0000
				-0.0000	-0.0000	1.0000
				-0.3842	-0.9233	-0.0000
				-12.4536	-30.9898	23.8883
			}
			{VolumeView "piece2.ply"}
		}
		{bone "piece3"
			{Matrix34
				0.3808	-0.9246	-0.0000
				-0.0000	-0.0000	1.0000
				-0.9246	-0.3808	-0.0000
				-31.3436	-11.6091	67.6670
			}
			{VolumeView "piece3.ply"}
			{bone "sub_piece3"
				{Position 0.8971	-26.8288	0.0000}
				{VolumeView "sub_piece3.ply"}
			}
		}
		{bone "piece14"
			{Matrix34
				-0.9226	0.3857	0.0000
				0.0000	0.0000	1.0000
				0.3857	0.9226	-0.0000
				12.1690	31.1125	66.5420
			}
			{VolumeView "piece14.ply"}
		}
		{bone "piece4"
			{Matrix34
				-0.3813	-0.9244	0.0000
				-0.0000	0.0000	1.0000
				-0.9244	0.3813	-0.0000
				-30.1116	14.5683	70.9422
			}
			{VolumeView "piece4.ply"}
		}
		{bone "piece5"
			{Matrix34
				-0.3813	-0.9244	0.0000
				-0.0000	0.0000	1.0000
				-0.9244	0.3813	-0.0000
				-32.4767	8.8635	34.9834
			}
			{VolumeView "piece5.ply"}
		}
		{bone "piece6"
			{Matrix34
				-0.9244	-0.3813	0.0000
				-0.0000	0.0000	1.0000
				-0.3813	0.9244	-0.0000
				-11.0436	31.6046	49.0995
			}
			{VolumeView "piece6.ply"}
		}
		{bone "piece7"
			{Matrix34
				-0.3843	0.9232	-0.0000
				0.0000	0.0000	1.0000
				0.9232	0.3843	-0.0000
				31.2299	11.9245	75.2900
			}
			{VolumeView "piece7.ply"}
		}
		{bone "piece8"
			{Matrix34
				-0.3843	0.9232	-0.0000
				0.0000	0.0000	1.0000
				0.9232	0.3843	-0.0000
				30.1262	14.5176	42.6685
			}
			{VolumeView "piece8.ply"}
			{bone "sub_piece8"
				{Position 0.8971	-21.2116	-0.0000}
				{VolumeView "sub_piece8.ply"}
			}
		}
		{bone "piece9"
			{Matrix34
				0.3829	0.9238	0.0000
				0.0000	-0.0000	1.0000
				0.9238	-0.3829	-0.0000
				31.6234	-10.9016	74.7815
			}
			{VolumeView "piece9.ply"}
			{bone "sub_piece9"
				{Position 0.7319	-15.4270	0.0000}
				{VolumeView "sub_piece9.ply"}
			}
		}
		{bone "FX_dust2"
			{Position -0.0733	0.2744	137.6382}
		}
		{bone "FX_fire2"
			{Position -0.0733	0.2744	0.9470}
		}
		{bone "FX_smoke1"
			{Position 19.1834	0.2744	0.9470}
		}
		{bone "FX_smoke2a"
			{Position -15.6492	14.2075	0.9470}
		}
		{bone "FX_wood2"
			{Position -0.0733	0.2744	125.9579}
		}
	}
}
{Volume "sub_piece9"
	{Box 13.4646 15.8268 5.90551}
	{Bone "sub_piece9"}
	{Position -0.0365	0.6146	-0.0007}
}
{Volume "piece9"
	{Box 17.7165 11.811 5.90551}
	{Bone "piece9"}
	{Position 0.1112	-0.1575	-0.0007}
}
{Volume "sub_piece8"
	{Box 14.3504 15.8268 5.90551}
	{Bone "sub_piece8"}
	{Position 0.1450	0.5506	-0.0007}
}
{Volume "piece8"
	{Box 17.7165 21.4961 5.90551}
	{Bone "piece8"}
	{Position 0.4579	-0.1389	-0.0007}
}
{Volume "piece7"
	{Box 14.1732 13.7008 5.90551}
	{Bone "piece7"}
	{Matrix34
		0.9362	-0.3515	0.0000
		0.3515	0.9362	0.0000
		0.0000	-0.0000	1.0000
		-1.0863	0.1048	-0.0007
	}
}
{Volume "piece6"
	{Box 20.374 40.6122 5.90551}
	{Bone "piece6"}
	{Position 0.0730	-1.1217	-0.0007}
}
{Volume "piece5"
	{Box 14.5276 18.189 5.90551}
	{Bone "piece5"}
	{Matrix34
		0.9981	-0.0609	-0.0000
		0.0609	0.9981	-0.0000
		0.0000	-0.0000	1.0000
		-0.8849	-0.8275	-0.0007
	}
}
{Volume "piece4"
	{Box 14.1732 22.3228 5.90551}
	{Bone "piece4"}
	{Matrix34
		0.9366	-0.3504	0.0000
		0.3504	0.9366	0.0000
		0.0000	0.0000	1.0000
		0.1304	-0.4738	-0.0007
	}
}
{Volume "piece14"
	{Box 12.4016 27.4016 5.90551}
	{Bone "piece14"}
	{Position 1.3199	-0.4227	-0.0007}
}
{Volume "sub_piece3"
	{Box 13.9961 15.4205 5.90551}
	{Bone "sub_piece3"}
	{Position 0.2140	-0.0204	-0.0007}
}
{Volume "piece3"
	{Box 17.7165 31.8898 5.90551}
	{Bone "piece3"}
	{Position 0.5269	-1.9722	-0.0007}
}
{Volume "piece2"
	{Box 12.2244 20.7437 5.90551}
	{Bone "piece2"}
	{Matrix34
		0.9228	-0.3852	-0.0000
		0.3852	0.9228	-0.0000
		-0.0000	-0.0000	1.0000
		0.5841	0.8948	0.0069
	}
}
{Volume "piece12"
	{Box 12.2244 20.4331 5.90551}
	{Bone "piece12"}
	{Matrix34
		0.9289	-0.3704	0.0000
		0.3704	0.9289	-0.0000
		0.0000	-0.0000	1.0000
		0.4127	0.4479	-0.0007
	}
}
{Volume "piece11"
	{Box 23.2654 13.937 5.90551}
	{Bone "piece11"}
	{Matrix34
		0.0674	-0.9977	-0.0000
		0.9977	0.0674	0.0000
		0.0000	-0.0000	1.0000
		0.9760	-0.7726	-0.0007
	}
}
{Volume "piece10"
	{Box 13.252 23.3858 5.90551}
	{Bone "piece10"}
	{Matrix34
		0.9847	0.1741	-0.0000
		-0.1741	0.9847	0.0000
		-0.0000	0.0000	1.0000
		0.5351	-1.1458	-0.0007
	}
}
{Volume "sub_piece1"
	{Box 10.4528 10.5118 5.90551}
	{Bone "sub_piece1"}
	{Matrix34
		0.8874	-0.4610	-0.0000
		0.4610	0.8874	0.0000
		0.0000	-0.0000	1.0000
		-0.2896	0.1900	0.0069
	}
}
{Volume "piece1"
	{Box 14.1732 10.1575 5.90551}
	{Bone "piece1"}
	{Matrix34
		0.8975	-0.4410	0.0000
		0.4410	0.8975	0.0000
		0.0000	0.0000	1.0000
		0.0686	0.2970	0.0069
	}
}
{Volume "piece0"
	{Box 17.7165 11.811 5.90551}
	{Bone "piece0"}
	{Position 0.2251	-0.4035	0.0069}
}
