;Exported by: shevchenko
;Date:        Thu Mar 04 15:49:22 2004
;File:        D:\-Projects-\-3DWork-\sheva\SK\Kazarma_x.max
{Skeleton
	{animation
		{sequence "crush" {speed 0.4}}
	}
	{bone "werk"
		{parameters "CommonMesh;"}
		{Orientation
			1.0000	0.0000	0.0000
			0.0000	-1.0000	0.0000
			0.0000	0.0000	1.0000
		}
		{VolumeView "werk.ply"}
		{bone "piece0"
			{Matrix34
				-0.0000	1.0000	0.0000
				0.0000	0.0000	1.0000
				1.0000	0.0000	-0.0000
				57.8606	-45.2740	35.4331
			}
			{VolumeView "piece0.ply"}
		}
		{bone "piece1"
			{Matrix34
				-0.0000	1.0000	0.0000
				0.0000	0.0000	1.0000
				1.0000	0.0000	-0.0000
				27.3488	-45.2740	57.0866
			}
			{VolumeView "piece1.ply"}
		}
		{bone "piece10"
			{Matrix34
				-0.0000	1.0000	0.0000
				0.0000	0.0000	1.0000
				1.0000	0.0000	-0.0000
				27.3488	45.8332	57.0866
			}
			{VolumeView "piece10.ply"}
		}
		{bone "piece11"
			{Matrix34
				-0.0000	1.0000	0.0000
				0.0000	0.0000	1.0000
				1.0000	0.0000	-0.0000
				57.8606	45.8332	35.4331
			}
			{VolumeView "piece11.ply"}
		}
		{bone "piece12"
			{Matrix34
				-0.0000	1.0000	0.0000
				0.0000	0.0000	1.0000
				1.0000	0.0000	-0.0000
				66.8894	28.9857	64.4353
			}
			{VolumeView "piece12.ply"}
		}
		{bone "piece13"
			{Matrix34
				-0.0000	1.0000	0.0000
				0.0000	0.0000	1.0000
				1.0000	0.0000	-0.0000
				66.8894	17.1724	25.9830
			}
			{VolumeView "piece13.ply"}
		}
		{bone "piece14"
			{Matrix34
				-0.0000	1.0000	0.0000
				0.0000	0.0000	1.0000
				1.0000	0.0000	-0.0000
				66.8894	-6.1454	69.2478
			}
			{VolumeView "piece14.ply"}
			{bone "sub_piece14"
				{Position -17.2626	-21.6535	-0.0000}
				{VolumeView "sub_piece14.ply"}
			}
		}
		{bone "piece2"
			{Matrix34
				-0.0000	1.0000	0.0000
				0.0000	0.0000	1.0000
				1.0000	0.0000	-0.0000
				-13.9898	-45.2740	56.1024
			}
			{VolumeView "piece2.ply"}
		}
		{bone "piece3"
			{Matrix34
				-0.0000	1.0000	0.0000
				0.0000	0.0000	1.0000
				1.0000	0.0000	-0.0000
				-34.2153	-45.2740	33.4646
			}
			{VolumeView "piece3.ply"}
			{bone "sub_piece3"
				{Position -0.0000	10.8268	-17.1761}
				{VolumeView "sub_piece3.ply"}
			}
		}
		{bone "piece4"
			{Matrix34
				-0.0000	1.0000	0.0000
				0.0000	0.0000	1.0000
				1.0000	0.0000	-0.0000
				-62.2177	-23.8620	47.5943
			}
			{VolumeView "piece4.ply"}
			{bone "sub_piece4"
				{Position 17.7165	21.6536	-0.0000}
				{VolumeView "sub_piece4.ply"}
			}
		}
		{bone "piece5"
			{Matrix34
				-0.0000	1.0000	0.0000
				0.0000	0.0000	1.0000
				1.0000	0.0000	-0.0000
				-62.2177	17.6456	25.9830
			}
			{VolumeView "piece5.ply"}
		}
		{bone "piece6"
			{Matrix34
				-0.0000	1.0000	0.0000
				0.0000	0.0000	1.0000
				1.0000	0.0000	-0.0000
				-62.2177	28.9857	64.4353
			}
			{VolumeView "piece6.ply"}
		}
		{bone "piece7"
			{Matrix34
				-0.0000	1.0000	0.0000
				0.0000	0.0000	1.0000
				1.0000	0.0000	-0.0000
				-49.0862	45.8332	35.1020
			}
			{VolumeView "piece7.ply"}
		}
		{bone "piece8"
			{Matrix34
				-0.0000	1.0000	0.0000
				0.0000	0.0000	1.0000
				1.0000	0.0000	-0.0000
				-13.9898	45.8332	56.1024
			}
			{VolumeView "piece8.ply"}
		}
		{bone "piece9"
			{Matrix34
				-0.0000	1.0000	0.0000
				0.0000	0.0000	1.0000
				1.0000	0.0000	-0.0000
				14.5485	45.8332	30.8704
			}
			{VolumeView "piece9.ply"}
		}
		{bone "FX_dust1"
			{Matrix34
				-0.0000	0.0000	1.0000
				0.0000	1.0000	0.0000
				-1.0000	0.0000	-0.0000
				3.0812	46.1321	9.6011
			}
		}
		{bone "FX_dust1a"
			{Matrix34
				-0.0000	0.0000	1.0000
				0.0000	1.0000	0.0000
				-1.0000	0.0000	-0.0000
				3.0812	-45.2666	9.6011
			}
		}
		{bone "FX_smoke2"
			{Matrix34
				-0.0000	0.0000	1.0000
				0.0000	1.0000	0.0000
				-1.0000	0.0000	-0.0000
				54.0536	-13.6286	1.0458
			}
		}
		{bone "FX_smoke2a"
			{Matrix34
				-0.0000	0.0000	1.0000
				0.0000	1.0000	0.0000
				-1.0000	0.0000	-0.0000
				-46.1335	26.7978	1.0458
			}
		}
		{bone "FX_stone1"
			{Matrix34
				-0.0000	0.0000	1.0000
				0.0000	1.0000	0.0000
				-1.0000	0.0000	-0.0000
				-60.3082	-45.2666	9.6011
			}
		}
		{bone "FX_stone1a"
			{Matrix34
				-0.0000	0.0000	1.0000
				0.0000	1.0000	0.0000
				-1.0000	0.0000	-0.0000
				-32.5793	45.4872	9.6011
			}
		}
		{bone "FX_stone1b"
			{Matrix34
				-0.0000	0.0000	1.0000
				0.0000	1.0000	0.0000
				-1.0000	0.0000	-0.0000
				66.7191	10.1566	53.1087
			}
		}
		{bone "FX_wood1"
			{Matrix34
				-0.0000	0.0000	1.0000
				0.0000	1.0000	0.0000
				-1.0000	0.0000	-0.0000
				3.0812	-43.9707	47.3839
			}
		}
		{bone "FX_wood2"
			{Matrix34
				-0.0000	0.0000	1.0000
				0.0000	1.0000	0.0000
				-1.0000	0.0000	-0.0000
				3.0812	0.5167	81.4767
			}
		}
	}
}
{Volume "piece9"
	{Box 13.3071 5.90552 22.9331}
	{Bone "piece9"}
	{Matrix34
		0.0000	0.6468	0.7626
		1.0000	-0.0000	0.0000
		0.0000	0.7626	-0.6468
		0.0991	-0.1396	-0.5770
	}
}
{Volume "piece8"
	{Box 25.5906 5.90552 10.7283}
	{Bone "piece8"}
	{Matrix34
		0.0000	0.1035	0.9946
		1.0000	-0.0000	0.0000
		0.0000	0.9946	-0.1035
		0.0991	-0.0269	-0.2221
	}
}
{Volume "piece7"
	{Box 14.3307 5.90552 23.5236}
	{Bone "piece7"}
	{Matrix34
		-0.0000	-0.3064	0.9519
		1.0000	-0.0000	0.0000
		0.0000	0.9519	0.3064
		0.0991	-0.4658	-0.6960
	}
}
{Volume "piece6"
	{Box 11.449 5.90552 13.1863}
	{Bone "piece6"}
	{Matrix34
		1.0000	-0.0000	0.0000
		-0.0000	-0.0000	-1.0000
		-0.0000	1.0000	-0.0000
		-0.5388	-1.4733	-0.0094
	}
}
{Volume "piece5"
	{Box 18.4792 5.90552 31.5777}
	{Bone "piece5"}
	{Matrix34
		0.9800	0.1991	-0.0000
		0.0000	-0.0000	-1.0000
		-0.1991	0.9800	-0.0000
		-1.9612	1.0236	-0.0094
	}
}
{Volume "sub_piece4"
	{Box 26.9153 5.90552 17.3504}
	{Bone "sub_piece4"}
	{Matrix34
		0.9507	0.3102	-0.0000
		0.0000	-0.0000	-1.0000
		-0.3102	0.9507	-0.0000
		1.7397	-0.7188	-0.0094
	}
}
{Volume "piece4"
	{Box 20.086 5.90552 34.7008}
	{Bone "piece4"}
	{Matrix34
		1.0000	-0.0000	0.0000
		-0.0000	-0.0000	-1.0000
		-0.0000	1.0000	-0.0000
		0.6263	0.3652	-0.0095
	}
}
{Volume "sub_piece3"
	{Box 16.0504 5.90552 26.5817}
	{Bone "sub_piece3"}
	{Matrix34
		0.0000	0.4339	0.9010
		1.0000	-0.0000	0.0000
		0.0000	0.9010	-0.4339
		0.0001	-1.2339	-0.1179
	}
}
{Volume "piece3"
	{Box 14.6378 5.90552 24.5384}
	{Bone "piece3"}
	{Matrix34
		-0.0000	-0.3557	0.9346
		1.0000	-0.0000	0.0000
		0.0000	0.9346	0.3557
		0.0001	-0.5523	-0.7377
	}
}
{Volume "piece2"
	{Box 25.5906 5.90552 10.7283}
	{Bone "piece2"}
	{Matrix34
		0.0000	0.1035	0.9946
		1.0000	-0.0000	0.0000
		0.0000	0.9946	-0.1035
		0.0001	-0.0269	-0.2220
	}
}
{Volume "sub_piece14"
	{Box 20.086 5.90552 34.7008}
	{Bone "sub_piece14"}
	{Matrix34
		1.0000	-0.0000	0.0000
		-0.0000	-0.0000	-1.0000
		-0.0000	1.0000	-0.0000
		0.1724	0.3652	0.0443
	}
}
{Volume "piece14"
	{Box 26.9153 5.90552 17.3504}
	{Bone "piece14"}
	{Matrix34
		0.9507	0.3102	-0.0000
		0.0000	-0.0000	-1.0000
		-0.3102	0.9507	-0.0000
		1.7397	-0.7188	0.0444
	}
}
{Volume "piece13"
	{Box 18.4792 5.90552 31.5777}
	{Bone "piece13"}
	{Matrix34
		0.9800	0.1991	-0.0000
		0.0000	-0.0000	-1.0000
		-0.1991	0.9800	-0.0000
		-1.4880	1.0236	0.0444
	}
}
{Volume "piece12"
	{Box 11.449 5.90552 13.1863}
	{Bone "piece12"}
	{Matrix34
		1.0000	-0.0000	0.0000
		-0.0000	-0.0000	-1.0000
		-0.0000	1.0000	-0.0000
		-0.5388	-1.4733	0.0444
	}
}
{Volume "piece11"
	{Box 17.9211 5.90552 33.9843}
	{Bone "piece11"}
	{Matrix34
		0.0000	0.1105	0.9939
		1.0000	-0.0000	0.0000
		0.0000	0.9939	-0.1105
		0.0991	0.9964	-0.3845
	}
}
{Volume "piece10"
	{Box 12.0276 5.90552 10.2362}
	{Bone "piece10"}
	{Matrix34
		-0.0000	0.0000	1.0000
		1.0000	-0.0000	0.0000
		0.0000	1.0000	-0.0000
		0.0991	-0.3277	0.2465
	}
}
{Volume "piece1"
	{Box 12.0276 5.90552 10.2362}
	{Bone "piece1"}
	{Matrix34
		-0.0000	0.0000	1.0000
		1.0000	-0.0000	0.0000
		0.0000	1.0000	-0.0000
		0.0001	-0.3277	0.2465
	}
}
{Volume "piece0"
	{Box 17.9211 5.90552 33.9843}
	{Bone "piece0"}
	{Matrix34
		0.0000	0.1105	0.9939
		1.0000	-0.0000	0.0000
		0.0000	0.9939	-0.1105
		0.0001	0.9964	-0.3845
	}
}
