;Exported by: sk
;Date:        Mon Jan 19 16:17:36 2004
;File:        D:\-Projects-\-3DWork-\Constructions\Hangar_big\Hangar_big_new_x.max
{Skeleton
	{bone "hangar_wall3_x"
		{Orientation
			1.0000	0.0000	0.0000
			0.0000	-1.0000	0.0000
			0.0000	0.0000	1.0000
		}
		{bone "Piece6"
			{Matrix34
				-0.9659	0.0000	-0.2588
				-0.2588	0.0000	0.9659
				0.0000	1.0000	-0.0000
				70.0445	0.6455	38.1056
			}
			{VolumeView "Piece6.ply"}
		}
		{bone "Piece5"
			{Matrix34
				-0.9659	0.0000	-0.2588
				-0.2588	0.0000	0.9659
				0.0000	1.0000	-0.0000
				66.3024	0.6455	58.8091
			}
			{VolumeView "Piece5.ply"}
		}
		{bone "Piece4"
			{Matrix34
				-0.9659	0.0000	-0.2588
				-0.2588	0.0000	0.9659
				0.0000	1.0000	-0.0000
				-65.9752	0.6455	55.3954
			}
			{VolumeView "Piece4.ply"}
		}
		{bone "Piece3"
			{Matrix34
				-0.9659	0.0000	-0.2588
				-0.2588	0.0000	0.9659
				0.0000	1.0000	-0.0000
				-44.0255	0.6455	60.1764
			}
			{VolumeView "Piece3.ply"}
		}
		{bone "Piece2"
			{Matrix34
				-0.9659	0.0000	-0.2588
				-0.2588	0.0000	0.9659
				0.0000	1.0000	-0.0000
				-30.9580	0.6455	41.0871
			}
			{VolumeView "Piece2.ply"}
		}
		{bone "Piece1"
			{Matrix34
				-0.9659	0.0000	-0.2588
				-0.2588	0.0000	0.9659
				0.0000	1.0000	-0.0000
				26.4886	0.6455	57.1971
			}
			{VolumeView "Piece1.ply"}
		}
		{bone "Piece0"
			{Matrix34
				-0.9659	0.0000	-0.2588
				-0.2588	0.0000	0.9659
				0.0000	1.0000	-0.0000
				-6.2653	0.6455	59.9921
			}
			{VolumeView "Piece0.ply"}
		}
	}
}
{Volume "Piece0"
	{Box 20.1143 15.1366 5.90554}
	{Bone "Piece0"}
	{Position -0.0000	0.0000	0.0000}
}
{Volume "Piece1"
	{Box 25.5486 20.3877 5.90552}
	{Bone "Piece1"}
	{Matrix34
		0.9848	0.1736	-0.0000
		-0.1736	0.9848	-0.0000
		-0.0000	-0.0000	1.0000
		0.0000	-0.0000	0.0000
	}
}
{Volume "Piece2"
	{Box 23.3616 14.3638 5.90551}
	{Bone "Piece2"}
	{Position -3.4549	-0.6022	0.0000}
}
{Volume "Piece3"
	{Box 24.9834 14.6828 5.90552}
	{Bone "Piece3"}
	{Position 2.3179	0.9177	-0.0000}
}
{Volume "Piece4"
	{Box 17.0096 25.137 5.90552}
	{Bone "Piece4"}
	{Matrix34
		0.9397	0.3420	-0.0000
		-0.3420	0.9397	-0.0000
		-0.0000	0.0000	1.0000
		0.0000	-0.0000	0.0000
	}
}
{Volume "Piece5"
	{Box 17.917 18.5483 5.90552}
	{Bone "Piece5"}
	{Position 0.0000	-0.0000	-0.0000}
}
{Volume "Piece6"
	{Box 14.0918 18.0079 5.90552}
	{Bone "Piece6"}
	{Matrix34
		0.9659	0.2588	-0.0000
		-0.2588	0.9659	0.0000
		-0.0000	0.0000	1.0000
		0.9214	2.2011	-0.0000
	}
}
