{Skeleton
    	{bone "basis"
        	{parameters "SteerMax=45;"}
        	{Matrix34
            	0.9744 -0.0094 0.2249
            	-0.0102 -0.9999 0.0024
            	-0.2249 0.0046 0.9744
            	4.7565 0.1734 19.4380
        	}
        	{bone "Body"
            	{parameters "ID=body;"}
            	{Matrix34
                		1.0000 0.0000 0.0000
                		0.0000 0.0000 1.0000
                		0.0000 -1.0000 0.0000
                		-9.7981 -0.3740 21.1390
            	}
            	{VolumeView "Body.ply"}
            	{bone "body_back"
                		{parameters "ID=body_back;"}
                		{Position -57.4282 1.9118 -0.7907}
                		{VolumeView "body_back.ply"}
                		{bone revolute "Rudder"
                    		{parameters "ID=body_back;"}
                    		{limits -30.0000 30.0000}
                    		{speed 0.1000}
                    		{Matrix34
                        		0.9999 -0.0169 0.0006
                       		 	0.0000 0.0349 0.9994
                        		-0.0169 -0.9992 0.0349
                        		-15.4149 1.6832 0.3104
                    		}
                    		{VolumeView "Rudder.ply"}
                		}
            	}
            	{bone "cabine"
                		{parameters "CommonMesh;ID=cabine;"}
                		{Matrix34
                    		0.0000 -0.0116 0.9999
                    		0.0000 0.9999 0.0116
                    		-1.0000 0.0000 0.0000
                    		12.8126 0.7482 0.2324
                		}
                		{VolumeView "cabine.ply"}
            	}
            	{bone "Engine"
                		{parameters "ID=engine;"}
                		{Position 51.7037 -7.2983 -0.3308}
                		{VolumeView "Engine.ply"}
                		{bone "propeller_work"
                    		{parameters "ID=propeller;"}
                    		{Matrix34
                       			0.0000 0.0000 -1.0000
                        		0.0000 1.0000 0.0000
                        		1.0000 0.0000 0.0000
                        		32.5635 -3.5212 0.0316
                    		}
                    		{VolumeView "propeller_work.ply"}
                    		{visibility 0}
                		}
                		{bone revolute "propeller"
                    		{parameters "CommonMesh;ID=propeller;"}
                    		{Matrix34
                        		0.0406 0.7650 -0.6428
                        		-0.0189 0.6438 0.7650
                        		0.9990 -0.0189 0.0406
                        		32.2260 -2.8647 0.2861
                    		}
                    		{VolumeView "propeller.ply"}
                		}
                		{bone revolute "Visor"
                    		{limits -5.0000 5.0000}
                    		{Matrix34
                        		1.0000 0.0000 0.0000
                        		0.0000 0.0000 -1.0000
                        		0.0000 1.0000 0.0000
                        		41.6057 -3.2919 0.0316
                    		}
                    		{bone revolute "Foresight3"
                        		{limits -10.0000 10.0000}
                        		{Matrix34
                            			1.0000 0.0000 0.0000
                           	 		0.0000 0.0000 1.0000
                            			0.0000 -1.0000 0.0000
                            			2.3446 0.0000 -0.2293
                        		}
                    		}
                		}
            	}
            	{bone "Driver"
                		{Matrix34
                    		0.9880 0.1547 0.0000
                    		0.0000 0.0000 -1.0000
                    		-0.1547 0.9880 0.0000
                    		32.9502 -18.6633 -0.2295
                		}
                		{bone "Skin"
                    		{Matrix34
                        		0.9063 0.0000 -0.4226
                        		0.0000 -1.0000 0.0000
                        		0.4226 0.0000 0.9063
                        		22.5496 -0.5233 13.7769
                    		}
                		}
            	}
            	{bone "FXsmoke1"
                		{Matrix34
                    		-0.9397 0.0000 -0.3420
                    		0.0000 1.0000 0.0000
                    		0.3420 0.0000 -0.9397
                    		36.9211 -6.6801 -12.4694
                		}
            	}
            	{bone "FXsmoke2"
                		{Matrix34
                    		-0.9397 0.0000 0.3420
                    		0.0000 1.0000 0.0000
                    		-0.3420 0.0000 -0.9397
                    		36.6781 -5.2800 11.9819
                		}
            	}
        	}
        	{bone "pivot_back"
            	{Position -81.6175 -0.4164 -0.3648}
        	}
        	{bone "pivot_front"
            	{Position 32.2362 -0.2851 -9.6785}
            	{bone "WingL1"
                		{parameters "ID=wingL1;"}
                		{Matrix34
                    		1.0000 0.0000 0.0000
                    		0.0000 0.0000 1.0000
                    		0.0000 -1.0000 0.0000
                    		-4.0107 50.9438 14.0252
                		}
                		{VolumeView "WingL1.ply"}
                		{bone revolute "Flap1"
                    		{parameters "ID=wingL1;"}
                    		{limits -30.0000 30.0000}
                    		{speed 0.0100}
                    		{Matrix34
                        		0.9623 -0.0254 0.2711
                        		-0.0049 0.9938 0.1108
                        		-0.2722 -0.1079 0.9561
                        		-23.4233 -1.5439 7.3172
                    		}
                    		{VolumeView "Flap1.ply"}
                		}
                		{bone revolute "retract_wheelL"
                    		{parameters "ID=retract_wheelL;"}
                    		{Matrix34
                        		1.0000 0.0000 0.0000
                        		0.0000 1.0000 0.0000
                        		0.0000 0.0000 1.0000
                        		-23.3655 14.5934 51.2496
                    		}
                    		{VolumeView "retract_wheelL.ply"}
                		}
                		{bone "WingL2"
                    		{parameters "ID=wingL2;"}
                    		{Position -23.1476 12.6924 51.6628}
                    		{VolumeView "WingL2.ply"}
                    		{bone revolute "Aileron1"
                        		{parameters "ID=wingL2;"}
                        		{limits -30.0000 30.0000}
                        		{speed 0.1000}
                        		{Matrix34
                            			0.9307 -0.0520 0.3622
                            			-0.0183 0.9819 0.1882
                            			-0.3655 -0.1818 0.9129
                            			13.7597 -8.0309 -92.1584
                        		}
                        		{VolumeView "Aileron1.ply"}
                    		}
                		}
            	}
            	{bone "WingR1"
                		{parameters "ID=wingR1;"}
                		{Matrix34
                    		1.0000 0.0000 0.0000
                    		0.0000 0.0000 1.0000
                    		0.0000 -1.0000 0.0000
                    		-5.8437 -49.4224 16.2122
                		}
                		{VolumeView "WingR1.ply"}
                		{bone revolute "Flap2"
                    		{parameters "ID=wingR1;"}
                    		{limits -30.0000 30.0000}
                    		{speed 0.0100}
                    		{Matrix34
                        		0.9653 -0.0297 -0.2593
                        		-0.0005 0.9932 -0.1161
                        		0.2611 0.1122 0.9587
                        		-21.2817 -3.3037 -6.3558
                    		}
                    		{VolumeView "Flap2.ply"}
                		}
                		{bone revolute "retract_wheelR"
                    		{parameters "ID=retract_wheelR;"}
                    		{Matrix34
                        		1.0000 0.0000 0.0000
                        		0.0000 1.0000 0.0000
                        		0.0000 0.0000 1.0000
                        		-22.1332 11.5260 -49.2074
                    		}
                    		{VolumeView "retract_wheelR.ply"}
                		}
                		{bone "WingR2"
                    		{parameters "ID=wingR2;"}
                    		{Position -0.6326 3.5695 41.1860}
                    		{VolumeView "WingR2.ply"}
                    		{bone revolute "Aileron2"
                        		{parameters "ID=wingR2;"}
                        		{limits -30.0000 30.0000}
                        		{speed 0.1000}
                        		{Matrix34
                            			0.9257 -0.0614 -0.3734
                            			0.0020 -0.9859 0.1672
                            			-0.3783 -0.1555 -0.9125
                            			-7.1383 -0.3971 0.9370
                        		}
                        		{VolumeView "Aileron2.ply"}
                    		}
                		}
            	}
        	}
    	}
}
