;Model exported & adapted by: Albus & Dinsen
;Date:   Dec 2010
{Skeleton
	{animation
		{sequence "start"}
		{sequence "stop"}
		{sequence "explosion"}
		{sequence "open" {resume}}
	}
	{bone "Basis"
		{Orientation
			1.0000	0.0000	0.0000
			0.0000	-1.0000	0.0000
			0.0000	0.0000	1.0000
		}
		{bone "body"
			{parameters "ID=body;"}
			{Position -0.6639	-1.7654	20.9097}
			{VolumeView "body.ply"}
			{bone "FXshot"
				{Matrix34
					1.0000	0.0000	0.0000
					0.0000	-1.0000	0.0000
					0.0000	0.0000	-1.0000
					-5.5892	1.2552	7.2958
				}
			}
			{bone "cover2"
				{parameters "ID=body;"}
				{Position -27.5900	-0.1200	12.7300}
				{VolumeView "cover2.ply"}
			}
			{bone "FXsmoke2"
				{Matrix34
					-0.7749	-0.0144	-0.6319
					-0.0125	0.9999	-0.0073
					0.6320	0.0022	-0.7750
					-45.2445	14.0499	2.2780
				}
			}
			{bone "FXsmoke1"
				{Matrix34
					-0.7749	-0.0144	-0.6319
					-0.0125	0.9999	-0.0073
					0.6320	0.0022	-0.7750
					-45.6068	-12.0843	2.7223
				}
			}
			{bone revolute "WheelL2"
				{parameters "ID=trackleft;"}
				{Matrix34
					-1.0000	0.0000	0.0000
					0.0000	0.0000	1.0000
					0.0000	1.0000	0.0000
					-38.2517	13.8439	-5.3321
				}
				{VolumeView "WheelL2.ply"}
			}
			{bone revolute "WheelR2"
				{parameters "ID=trackright;"}
				{Matrix34
					-1.0000	0.0000	0.0000
					0.0000	0.0000	1.0000
					0.0000	1.0000	0.0000
					-38.0317	-18.4207	-5.9421
				}
				{VolumeView "WheelR2.ply"}
			}
			{bone revolute "WheelR1"
				{parameters "ID=trackright;"}
				{Matrix34
					-1.0000	0.0000	0.0000
					0.0000	0.0000	1.0000
					0.0000	1.0000	0.0000
					50.0384	-17.9547	-4.0421
				}
				{VolumeView "WheelR1.ply"}
			}
			{bone revolute "WheelL1"
				{parameters "ID=trackleft;"}
				{Matrix34
					-1.0000	0.0000	0.0000
					0.0000	0.0000	1.0000
					0.0000	1.0000	0.0000
					50.0384	14.5607	-4.0421
				}
				{VolumeView "WheelL1.ply"}
			}
			{bone revolute "mgun_rot"
				{limits -15.0000 15.0000}
				{Position 44.4708	1.9652	11.9458}
				{VolumeView "mgun_rot.ply"}
				{bone revolute "mgun"
					{parameters "ID=mgun;"}
					{limits -10.0000 10.0000}
					{Orientation
						1.0000	0.0000	0.0000
						0.0000	0.0000	1.0000
						0.0000	1.0000	0.0000
					}
					{Position 3.3000 0.0000 0.0000}
					{bone "foresight3"
						{Position 4.0000	0.0000	0.0000}
					}
				}
			}
			{bone "engine"
				{Matrix34
					1.0000	0.0000	0.0000
					0.0000	-1.0000	0.0000
					0.0000	0.0000	-1.0000
					-13.6481	1.6552	7.8958
				}
			}
			{bone "FXfire1"
				{Matrix34
					-0.0023	0.0000	1.0000
					0.0000	1.0000	0.0000
					-1.0000	0.0000	-0.0023
					-15.0514	1.7993	10.2561
				}
			}
			{bone "Seat01"
				{Matrix34
					0.3408	0.9254	0.1658
					-0.9401	0.3368	0.0521
					-0.0076	-0.1736	0.9848
					-10.7912	21.9843	0.0000
				}
			}
			{bone "Seat02"
				{Matrix34
					-0.3420	0.9360	0.0832
					-0.9397	-0.3414	-0.0224
					0.0074	-0.0858	0.9963
					-27.7522	21.9286	0.0000
				}
			}
			{bone "Seat03"
				{Matrix34
					-0.5000	-0.8537	0.1459
					0.8660	-0.4913	0.0930
					-0.0077	0.1728	0.9849
					-28.0200	-19.5978	0.0000
				}
			}
			{bone "Seat04"
				{Matrix34
					0.1723	-0.9698	0.1723
					0.9850	0.1710	-0.0226
					-0.0076	0.1736	0.9848
					-13.8602	-19.5638	0.0000
				}
			}
			{bone revolute "Turret"
				{parameters "ID=turret;"}
				{speed 0.1000}
				{Position 25.7561	1.6705	14.1118}
				{bone "door"
					{Matrix34
						0.0000	1.0000	0.0000
						-0.9816	0.0000	-0.1908
						-0.1908	0.0000	0.9816
						-52.9031	7.3056	-3.8037
					}
					{bone "cover"
						{Matrix34
							1.0000	0.0000	0.0000
							0.0000	1.0000	0.0000
							0.0000	0.0000	1.0000
							-0.0540	0.6229	2.4242
						}
						{VolumeView "cover.ply"}
					}
				}
				{bone "Visor"
					{Position 4.0000	0.0000	5.2000}
				}
			}
			{bone "wheel"
				{Position 45.5000	0.0000	0.0000}
				{VolumeView "wheel.ply"}
			}
			{bone "wheel_work"
				{Position 47.5000	0.0000	0.0000}
				{VolumeView "wheel_work.ply"}
			}
		}
		{bone "emit1"
			{parameters "Group=crew;"}
			{Matrix34
				0.0000	-1.0000	0.0000
				1.0000	0.0000	0.0000
				0.0000	0.0000	1.0000
				-17.4850	32.2138	0.6363
			}
			{visibility 0}
		}
		{bone "emit2"
			{parameters "Group=crew;"}
			{Matrix34
				0.0000	1.0000	0.0000
				-1.0000	0.0000	0.0000
				0.0000	0.0000	1.0000
				-20.1789	-32.4392	0.6363
			}
			{visibility 0}
		}
		{bone "emit3"
			{parameters "Group=passengers;"}
			{Matrix34
				0.0000	-1.0000	0.0000
				1.0000	0.0000	0.0000
				0.0000	0.0000	1.0000
				-10.3122	40.5494	0.6363
			}
			{visibility 0}
		}
		{bone "emit4"
			{parameters "Group=passengers;"}
			{Matrix34
				0.0000	-1.0000	0.0000
				1.0000	0.0000	0.0000
				0.0000	0.0000	1.0000
				-27.5437	40.3494	0.6363
			}
			{visibility 0}
		}
		{bone "emit5"
			{parameters "Group=passengers;"}
			{Matrix34
				0.0000	1.0000	0.0000
				-1.0000	0.0000	0.0000
				0.0000	0.0000	1.0000
				-28.2124	-40.3189	0.6363
			}
			{visibility 0}
		}
		{bone "emit6"
			{parameters "Group=passengers;"}
			{Matrix34
				0.0000	1.0000	0.0000
				-1.0000	0.0000	0.0000
				0.0000	0.0000	1.0000
				-13.6774	-40.0981	0.6363
			}
			{visibility 0}
		}
		{bone "WheelsL"
			{parameters "ID=trackleft;"}
			{Position 2.1300	15.7471	7.2420}
			{VolumeView "WheelsL.ply"}
			{bone "FXtraceL1"
				{Matrix34
					-0.9966	0.0000	0.0829
					0.0000	1.0000	0.0000
					-0.0829	0.0000	-0.9966
					4.3981	0.0584	-6.7434
				}
			}
			{bone "FXtraceL2"
				{Matrix34
					-0.9817	0.0000	0.1906
					0.0000	1.0000	0.0000
					-0.1906	0.0000	-0.9817
					-39.4754	-0.2643	-5.4652
				}
			}
			{bone "TrackL"
				{parameters "ID=trackleft;"}
				{Matrix34
					1.0000	0.0000	0.0000
					0.0000	0.0000	1.0000
					0.0000	-1.0000	0.0000
					3.1237	-0.2521	6.3322
				}
				{VolumeView "TrackL.ply"}
			}
		}
		{bone "WheelsR"
			{parameters "ID=trackright;"}
			{Matrix34
				1.0000	0.0000	0.0000
				0.0000	1.0000	0.0000
				0.0000	0.0000	1.0000
				2.9100	-17.1637	7.8020
			}
			{VolumeView "WheelsR.ply"}
			{bone "FXtraceR1"
				{Matrix34
					-0.9966	0.0000	0.0829
					0.0000	-1.0000	0.0000
					-0.0829	0.0000	-0.9966
					3.5555	1.0997	-7.2152
				}
			}
			{bone "FXtraceR2"
				{Matrix34
					-0.9817	0.0000	0.1906
					0.0000	-1.0000	0.0000
					-0.1906	0.0000	-0.9817
					-40.1597	0.2959	-5.8992
				}
			}
			{bone "TrackR"
				{parameters "ID=trackright;"}
				{Matrix34
					1.0000	0.0000	0.0000
					0.0000	0.0000	1.0000
					0.0000	-1.0000	0.0000
					2.2237	0.8709	5.7322
				}
				{VolumeView "TrackR.ply"}
			}
		}
	}
}
{Volume "wheel_work"
	{Cylinder 9.69952 62.2461}
	{Bone "wheel_work"}
	{Matrix34
		1.0000	0.0000	0.0000
		0.0000	0.0000	-1.0000
		0.0000	1.0000	0.0000
		30.0000	1.9726	-11.2942
	}
}
{Volume "body1"
	{Box 84.1298 24.4217 25.1484}
	{Bone "Body"}
	{Position 2.8000	1.4000	1.4000}
}
{Volume "crew"
	{Box 31.1298 20.4217 20.1484}
	{Bone "Body"}
	{Position 22.7695	1.2120	-0.6538}
}
{Volume "engine"
	{Box 26.2828 22.6229 15.4803}
	{Bone "engine"}
	{Matrix34
		1.0000	0.0000	0.0000
		0.0000	-1.0000	0.0000
		0.0000	0.0000	-1.0000
		-1.6398	-0.0568	6.1526
	}
}
{Volume "trackright"
	{Box 102.395 7.6712 22.112}
	{Bone "WheelsR"}
	{Matrix34
		-1.0000	0.0000	0.0000
		0.0000	-1.0000	0.0000
		0.0000	0.0000	1.0000
		2.2196	0.8562	4.5739
	}
}
{Volume "trackleft"
	{Box 102.395 7.6712 22.112}
	{Bone "WheelsL"}
	{Position 2.9322	0.2238	5.0737}
}
