;Exported by: sk
;Date:        Fri Mar 12 19:40:11 2004
;File:        D:\-Projects-\-3DWork-\Constructions\Aerodrome\barrels.max
{Skeleton
	{bone "coil4"
		{Orientation
			1.0000	0.0000	0.0000
			0.0000	-1.0000	0.0000
			0.0000	0.0000	1.0000
		}
		{VolumeView "coil4.ply"}
	}
}
{Volume "fire2"
	{Cylinder 20.7018 4.09581}
	{Bone "coil4"}
	{Matrix34
		-0.1330	0.0005	0.9911
		0.9911	-0.0041	0.1330
		0.0041	1.0000	-0.0000
		0.1679	11.4304	19.6392
	}
}
{Volume "fire1"
	{Cylinder 14.2842 19.2503}
	{Bone "coil4"}
	{Matrix34
		-0.1330	0.0005	0.9911
		0.9911	-0.0041	0.1330
		0.0041	1.0000	-0.0000
		0.1230	0.4622	19.6392
	}
}
{Volume "fire0"
	{Cylinder 22.26 4.37507}
	{Bone "coil4"}
	{Matrix34
		-0.1330	0.0005	0.9911
		0.9911	-0.0041	0.1330
		0.0041	1.0000	-0.0000
		0.0755	-11.1494	19.6392
	}
}
{Volume "body_vol06"
	{Cylinder 19.046 23.9585}
	{Bone "coil4"}
	{Matrix34
		-0.1330	0.0005	-0.9911
		0.9911	-0.0041	-0.1330
		-0.0041	-1.0000	0.0000
		0.1210	-0.0248	19.6392
	}
}
