;Exported by: sk
;Date:        Sun May 16 13:17:55 2004
;File:        D:\-Projects-\-3DWork-\Constructions\Monastery\wall-2level_5%4.max
{Skeleton
	{bone "wall-2level_5"
		{Orientation
			1.0000	0.0000	0.0000
			0.0000	-1.0000	0.0000
			0.0000	0.0000	1.0000
		}
		{VolumeView "wall-2level_5.ply"}
	}
}
{Obstacle "Body4"
	{Obb2
		{Center -49.3671 59.1335}
		{Extent 6.52507 7.18961}
		{Axis 1 0}
	}
	{Rotate}
}
{Obstacle "Body3"
	{Obb2
		{Center 51.1608 59.1335}
		{Extent 6.52507 7.18961}
		{Axis 1 0}
	}
	{Rotate}
}
{Obstacle "Body"
	{Obb2
		{Center 0.20282 5.36579}
		{Extent 65.2507 47.9308}
		{Axis 1 0}
	}
	{Rotate}
}
{Obstacle "Body2"
	{Obb2
		{Center 76.8945 -0.219564}
		{Extent 48.5228 28.2445}
		{Axis 0.25946 0.965754}
	}
	{Rotate}
}
{Obstacle "Body1"
	{Obb2
		{Center -76.728 -0.219566}
		{Extent 28.4681 48.6515}
		{Axis 0.961301 0.275501}
	}
	{Rotate}
}
{Volume "Body7"
	{Box 19.4964 11.811 23.5371}
	{Bone "wall-2level_5"}
	{Matrix34
		1.0000	0.0000	0.0000
		0.0000	-1.0000	0.0000
		0.0000	-0.0000	-1.0000
		-0.1103	-46.6707	79.6715
	}
}
{Volume "Body5"
	{Box 86.8739 14.5276 23.5371}
	{Bone "wall-2level_5"}
	{Matrix34
		0.9848	0.1736	0.0000
		0.1736	-0.9848	0.0000
		0.0000	-0.0000	-1.0000
		72.0289	-41.1749	79.6263
	}
}
{Volume "Body6"
	{Box 86.8739 14.5276 23.5371}
	{Bone "wall-2level_5"}
	{Matrix34
		0.9848	-0.1736	0.0000
		0.1736	0.9848	0.0000
		0.0000	0.0000	1.0000
		-72.6522	-41.1749	79.4787
	}
}
{Volume "Body4"
	{Box 13.0501 14.3792 60.8856}
	{Bone "wall-2level_5"}
	{Position -49.3671	-59.1335	30.4428}
}
{Volume "Body3"
	{Box 13.0501 14.3792 60.8856}
	{Bone "wall-2level_5"}
	{Position 51.1608	-59.1335	30.4428}
}
{Volume "Body"
	{Box 130.501 95.8614 67.9281}
	{Bone "wall-2level_5"}
	{Position 0.2028	-5.3658	33.9641}
}
{Volume "Body2"
	{Box 56.1156 96.8297 67.9281}
	{Bone "wall-2level_5"}
	{Matrix34
		0.9647	0.2632	0.0000
		-0.2632	0.9647	0.0000
		0.0000	0.0000	1.0000
		76.8945	0.2196	33.9641
	}
}
{Volume "Body1"
	{Box 56.1156 96.8297 67.9281}
	{Bone "wall-2level_5"}
	{Matrix34
		0.9636	-0.2673	0.0000
		0.2673	0.9636	0.0000
		0.0000	0.0000	1.0000
		-76.7280	0.2196	33.9641
	}
}
