{mission
	{Camera
		{Position 842.57 11758.1}
		{Distance 1850}
		{ViewAngle 0.112835}
		{YawAngle 49.0357}
	}
	{Environment "dayend4"}
	{User 2}
	{GameProgress 0 0}
	{Entity "watch-tower_armed" 0x8000
		{Position 7586.48 4162 0}
		{Turn 46.8531}
	}
	{Entity "type1_tower" 0x8001
		{Position 7593.57 4171.48 121.349}
		{Orientation
			  0.683871   0.729603   0.000000
			 -0.729603   0.683871   0.000000
			  0.000000   0.000000   1.000000
		}
		{DisableObstacles}
		{Player 1}
		{MID 1}
	}
	{Entity "watch-tower_armed" 0x8002
		{Position 5006.77 3957.49 19.7491}
		{Turn 101.056}
	}
	{Entity "type1_tower" 0x8003
		{Position 5003.23 3968.79 141.098}
		{Orientation
			 -0.191768   0.981440   0.000000
			 -0.981440  -0.191768   0.000000
			  0.000000   0.000000   1.000000
		}
		{DisableObstacles}
		{Player 1}
		{MID 2}
	}
	{Entity "watch-tower_armed" 0x8004
		{Position 7663.64 3355.88 0}
		{Turn -5.76298}
	}
	{Entity "type1_tower" 0x8005
		{Position 7675.48 3356 121.349}
		{Orientation
			  0.994946  -0.100413   0.000000
			  0.100413   0.994946   0.000000
			  0.000000   0.000000   1.000000
		}
		{DisableObstacles}
		{Player 1}
		{MID 3}
	}
	{Entity "watch-tower_armed" 0x8006
		{Position 6196.68 1729.15 2.69577}
		{Turn -60.5788}
	}
	{Entity "type1_tower" 0x8007
		{Position 6203.6 1719.54 124.045}
		{Orientation
			  0.491226  -0.871032   0.000000
			  0.871032   0.491226   0.000000
			  0.000000   0.000000   1.000000
		}
		{DisableObstacles}
		{Player 1}
		{MID 4}
	}
	{Entity "watch-tower_armed" 0x8008
		{Position 3390.1 3641.56 0}
		{Turn 103.613}
	}
	{Entity "type1_tower" 0x8009
		{Position 3386.06 3652.69 121.349}
		{Orientation
			 -0.235363   0.971908   0.000000
			 -0.971908  -0.235363   0.000000
			  0.000000   0.000000   1.000000
		}
		{DisableObstacles}
		{Player 1}
		{MID 5}
	}
	{Entity "watch-tower_armed" 0x800a
		{Position 4800.25 918.659 0.00328716}
		{Turn -63.3378}
	}
	{Entity "type1_tower" 0x800b
		{Position 4806.7 908.73 121.353}
		{Orientation
			  0.448729  -0.893668   0.000000
			  0.893668   0.448729   0.000000
			  0.000000   0.000000   1.000000
		}
		{DisableObstacles}
		{Player 1}
		{MID 6}
	}
	{Entity "watch-tower_armed" 0x800c
		{Position 3586.86 405.627 1}
		{Turn -80.8327}
	}
	{Entity "type1_tower" 0x800d
		{Position 3590.03 394.218 122.349}
		{Orientation
			  0.159318  -0.987227   0.000000
			  0.987227   0.159318   0.000000
			  0.000000   0.000000   1.000000
		}
		{DisableObstacles}
		{Player 1}
		{MID 7}
	}
	{Entity "watch-tower_armed" 0x800e
		{Position 2138.8 95.706 -1.06876}
		{Turn -84.9056}
	}
	{Entity "type1_tower" 0x800f
		{Position 2141.15 84.1012 120.281}
		{Orientation
			  0.088797  -0.996050   0.000000
			  0.996050   0.088797   0.000000
			  0.000000   0.000000   1.000000
		}
		{DisableObstacles}
		{Player 1}
		{MID 8}
	}
	{Entity "watch-tower_armed" 0x8010
		{Position 7242.53 2510.48 0}
		{Turn -46.1509}
	}
	{Entity "type1_tower" 0x8011
		{Position 7251.63 2502.9 121.349}
		{Orientation
			  0.692761  -0.721167   0.000000
			  0.721167   0.692761   0.000000
			  0.000000   0.000000   1.000000
		}
		{DisableObstacles}
		{Player 1}
		{MID 9}
	}
	{Entity "watch-tower_armed" 0x8012
		{Position 6736.7 4173.46 0}
		{Turn 101.415}
	}
	{Entity "type1_tower" 0x8013
		{Position 6733.09 4184.74 121.349}
		{Orientation
			 -0.197914   0.980219   0.000000
			 -0.980219  -0.197914   0.000000
			  0.000000   0.000000   1.000000
		}
		{DisableObstacles}
		{Player 1}
		{MID 10}
	}
	{Entity "watch-tower_armed" 0x8014
		{Position 2182.28 3379.56 0}
		{Turn 105.217}
	}
	{Entity "type1_tower" 0x8015
		{Position 2177.93 3390.57 121.349}
		{Orientation
			 -0.262476   0.964939   0.000000
			 -0.964939  -0.262476   0.000000
			  0.000000   0.000000   1.000000
		}
		{DisableObstacles}
		{Player 1}
		{MID 11}
	}
	{Entity "watch-tower_armed" 0x8016
		{Position 513.236 2989.25 0}
		{Turn 104.573}
	}
	{Entity "type1_tower" 0x8017
		{Position 509.008 3000.31 121.349}
		{Orientation
			 -0.251613   0.967828   0.000000
			 -0.967828  -0.251613   0.000000
			  0.000000   0.000000   1.000000
		}
		{DisableObstacles}
		{Player 1}
		{MID 12}
	}
	{Entity "watch-tower_armed" 0x8018
		{Position -320.149 2324.39 -5}
		{Turn 156.941}
	}
	{Entity "type1_tower" 0x8019
		{Position -331.489 2327.79 116.349}
		{Orientation
			 -0.920102   0.391679   0.000000
			 -0.391679  -0.920102   0.000000
			  0.000000   0.000000   1.000000
		}
		{DisableObstacles}
		{Player 1}
		{MID 13}
	}
	{Entity "watch-tower_armed" 0x801a
		{Position -209.815 1318.82 -2.01802}
		{Turn -173.413}
	}
	{Entity "type1_tower" 0x801b
		{Position -221.355 1316.17 119.331}
		{Orientation
			 -0.993399  -0.114712   0.000000
			  0.114712  -0.993399   0.000000
			  0.000000   0.000000   1.000000
		}
		{DisableObstacles}
		{Player 1}
		{MID 14}
	}
	{Entity "watch-tower_armed" 0x801c
		{Position 124.788 145.239 0}
		{Turn -143.228}
	}
	{Entity "type1_tower" 0x801d
		{Position 116.146 137.146 121.349}
		{Orientation
			 -0.801024  -0.598632   0.000000
			  0.598632  -0.801024   0.000000
			  0.000000   0.000000   1.000000
		}
		{DisableObstacles}
		{Player 1}
		{MID 15}
	}
	{Entity "watch-tower_armed" 0x801e
		{Position 882.796 -297.457 10.7456}
		{Turn -82.225}
	}
	{Entity "type1_tower" 0x801f
		{Position 885.685 -308.939 132.095}
		{Orientation
			  0.135283  -0.990807   0.000000
			  0.990807   0.135283   0.000000
			  0.000000   0.000000   1.000000
		}
		{DisableObstacles}
		{Player 1}
		{MID 16}
	}
	{Entity "type2" 0x8020
		{Position 6792.98 3027.86 0}
		{Turn 74.7015}
		{Player 1}
		{MID 17}
	}
	{Entity "type2" 0x8021
		{Position 6532.83 4010.09 0}
		{Turn -37.1912}
		{Player 1}
		{MID 18}
	}
	{Entity "type2" 0x8022
		{Position 5018.63 2447.71 0}
		{Turn -124.726}
		{Player 1}
		{MID 19}
	}
	{Entity "type2" 0x8023
		{Position 3421.6 2071.96 0}
		{Turn -168.674}
		{Player 1}
		{MID 20}
	}
	{Entity "type2" 0x8024
		{Position 2917.37 3057.52 0}
		{Turn -94.6395}
		{Player 1}
		{MID 21}
	}
	{Entity "type2" 0x8025
		{Position 4630.42 3506.1 0}
		{Turn -68.0652}
		{Player 1}
		{MID 22}
	}
	{Entity "type2" 0x8026
		{Position 2168.39 465.014 -7}
		{Turn 18.6642}
		{Player 1}
		{MID 23}
	}
	{Entity "type2" 0x8027
		{Position 349.485 1345 0}
		{Turn -149.92}
		{Player 1}
		{MID 24}
	}
	{Entity "barrier1" 0x8028
		{Position 6995.56 1896.02 1.55548}
		{Turn 34.1594}
	}
	{Entity "barrier" 0x8029
		{Position 5976.49 1997.08 0}
		{Turn 24.6396}
	}
	{Entity "barrier1" 0x802a
		{Position 1479.61 -150.95 -6}
		{Turn 40.1968}
	}
	{Entity "barrier1" 0x802b
		{Position -230.65 2994.27 0}
		{Turn 13.4886}
	}
	{Entity "door_big" 0x802c
		{Position 2165.22 2418.78 0}
		{Turn 106.147}
	}
	{Entity "door_big" 0x802d
		{Position 1192.74 2136.45 0}
		{Turn 106.23}
	}
	{Human "usa.marine_medic" 0x802f
		{Position 15.1043 12111.5 4.18988}
		{Turn -75.9635}
		{Extender "inventory"
			{box
				{clear}
				{item "grenade tntpack" {cell 4 0}}
				{item "morphine" 6 {cell 6 0}}
				{item "pala" {cell 2 2}}
				{item "grenade molotov_coctail" {cell 4 2}}
				{item "bandage" 5 {cell 6 2}}
				{item "bandage" 5 {cell 2 3}}
				{item "grenade m61" {cell 4 3}}
				{item "grenade m61" {cell 5 3}}
				{item "grenade m61" {cell 6 3}}
				{item "ammo rifle" 45 {cell 7 3}}
				{item "morphine" 6 {cell 0 2}}
			}
		}
		{Player 2}
		{MID 25}
		{Weaponry
			{State
				{Mounted "m2_carbine"}
				{Weapon
					{Ammo "ammo rifle" 15}
				}
			}
		}
		{NameId 69 61}
		{FsmState "lie"}
	}
	{Human "usa.marine.smg" 0x8030
		{Position 9.87473 12201.5 3.79974}
		{Turn 73.8484}
		{Extender "inventory"
			{box
				{clear}
				{item "ammo pistol" 90 {cell 4 0}}
				{item "grenade m61" {cell 6 0}}
				{item "grenade m61" {cell 7 0}}
				{item "tnt" {cell 4 1}}
				{item "pala" {cell 6 1}}
				{item "grenade m18" {cell 0 2}}
			}
		}
		{Player 2}
		{MID 26}
		{Weaponry
			{State
				{Mounted "thompson"}
				{Weapon
					{Ammo "ammo pistol" 30}
				}
			}
		}
		{NameId 125 12}
		{FsmState "lie"}
	}
	{Human "usa.marine.rifle" 0x8031
		{Position 2.04816 12024.9 5.73286}
		{Turn 63.8468}
		{Extender "inventory"
			{box
				{clear}
				{item "mine antipersonnel" {cell 0 2}}
				{item "mine antipersonnel" {cell 2 2}}
				{item "mine antipersonnel" {cell 4 2}}
				{item "mine antipersonnel" {cell 6 2}}
				{item "mine antipersonnel" {cell 0 3}}
				{item "grenade m61" {cell 2 3}}
				{item "ammo rifle" 40 {cell 3 3}}
				{item "mine antitank" {cell 4 0}}
				{item "dynamite" {cell 6 0}}
			}
		}
		{Player 2}
		{MID 27}
		{Weaponry
			{State
				{Mounted "m1"}
				{Weapon
					{Ammo "ammo rifle" 8}
				}
			}
		}
		{NameId 102 99}
		{FsmState "lie"}
	}
	{Human "usa.marine.oficer" 0x8032
		{Position -57.1007 11899.7 7.92819}
		{Turn -121.967}
		{Extender "inventory"
			{box
				{clear}
				{item "ammo pistol" 50 {cell 6 0}}
				{item "grenade molotov_coctail" {cell 0 2}}
				{item "pala" {cell 2 2}}
				{item "plant" {cell 4 0}}
				{item "plant" {cell 4 2}}
				{item "grenade m61" {cell 0 3}}
				{item "grenade m61" {cell 1 3}}
				{item "grenade m61" {cell 2 3}}
				{item "grenade m61" {cell 3 3}}
			}
		}
		{Player 2}
		{MID 28}
		{Weaponry
			{State
				{Mounted "tommy"}
				{Weapon
					{Ammo "ammo pistol" 50}
				}
			}
		}
		{NameId 87 22}
		{FsmState "lie"}
	}
	{Human "usa.marine.mgun" 0x8033
		{Position -32.441 11984.8 1.03073}
		{Turn -104.975}
		{Extender "inventory"
			{box
				{clear}
				{item "ammo mgun" 100 {cell 5 0}}
				{item "grenade m61" {cell 7 0}}
				{item "grenade m61" {cell 5 1}}
				{item "pala" {cell 6 1}}
				{item "matchbox" {cell 0 2}}
				{item "repair_kit" {cell 1 2}}
			}
		}
		{Player 2}
		{MID 29}
		{Weaponry
			{State
				{Mounted "m1919a6"}
				{Weapon
					{Ammo "ammo mgun" 100}
				}
			}
		}
		{NameId 99 40}
		{FsmState "lie"}
	}
	{Human "usa.marine.rifle" 0x8034
		{Position 16.4948 12159.2 6.94701}
		{Turn -94.9516}
		{Extender "inventory"
			{box
				{clear}
				{item "ammo rifle" 40 {cell 4 0}}
				{item "tnt" {cell 6 0}}
				{item "dynamite" {cell 4 1}}
				{item "grenade m61" {cell 5 0}}
				{item "winchester1912" {cell 0 0}}
				{item "ammo cartuchos" 80 {cell 6 1}}
			}
		}
		{Player 2}
		{MID 30}
		{Weaponry
			{State
				{Mounted "m1"}
				{Weapon
					{Ammo "ammo rifle" 8}
				}
			}
		}
		{NameId 144 91}
		{LastThrowItem "grenade m61"}
		{FsmState "lie"}
	}
	{Entity "type97_81" 0x802e
		{Position 1577.12 11797.5 335}
		{Turn -30.8768}
		{Player 1}
		{MID 31}
	}
	{Entity "type97_81" 0x8035
		{Position 1594.85 11847.6 335}
		{Turn -18.3252}
		{Player 1}
		{MID 32}
	}
	{Entity "type97_81" 0x8036
		{Position 1616.26 11905 337.5}
		{Turn -21.1972}
		{Player 1}
		{MID 33}
	}
	{Entity "type97_81" 0x8037
		{Position 1632.92 11958.1 336.708}
		{Player 1}
		{MID 34}
	}
	{Entity "type97_81" 0x8038
		{Position 1447.2 12017 336}
		{Turn 153.402}
		{Player 1}
		{MID 35}
	}
	{Entity "type97_81" 0x8039
		{Position 1422.21 11958.1 335.852}
		{Turn 168.081}
		{Player 1}
		{MID 36}
	}
	{Entity "type97_81" 0x803a
		{Position 1407.96 11899.3 335.056}
		{Turn 158.683}
		{Player 1}
		{MID 37}
	}
	{Entity "type97_81" 0x803b
		{Position 1388.55 11840 336}
		{Turn 164.164}
		{Player 1}
		{MID 38}
	}
	{Entity "type97_81" 0x803c
		{Position 450.281 9048.7 298.972}
		{Turn -57.7276}
		{Player 1}
		{MID 39}
	}
	{Entity "type97_81" 0x803d
		{Position 493.788 9118.58 300.48}
		{Turn -28.9566}
		{Player 1}
		{MID 40}
	}
	{Entity "type97_81" 0x803e
		{Position 536.885 9194.55 301.455}
		{Turn -17.1319}
		{Player 1}
		{MID 41}
	}
	{Entity "type97_81" 0x803f
		{Position 570.898 9266.76 299.85}
		{Player 1}
		{MID 42}
	}
	{Entity "type97_81" 0x8040
		{Position 444.252 9336.5 302.201}
		{Turn 125.587}
		{Player 1}
		{MID 43}
	}
	{Entity "type97_81" 0x8041
		{Position 397.583 9268.88 303}
		{Turn 150.537}
		{Player 1}
		{MID 44}
	}
	{Entity "type97_81" 0x8042
		{Position 353.703 9196.37 303}
		{Turn 149.211}
		{Player 1}
		{MID 45}
	}
	{Entity "type97_81" 0x8043
		{Position 319.352 9125.5 303}
		{Turn 178.699}
		{Player 1}
		{MID 46}
	}
	{Human "jap.soldier" 0x8044
		{Position 1571.35 11845.9 335.305}
		{Orientation
			  0.949192  -0.314379  -0.014000
			  0.314410   0.949287   0.000000
			  0.013290  -0.004402   0.999900
		}
		{DisableObstacles}
		{Player 1}
		{MID 47}
		{NameId 18 25}
		{FsmState "board"}
	}
	{Human "jap.soldier" 0x8045
		{Position 1553.81 11801 335.305}
		{Orientation
			  0.858187  -0.513142  -0.014000
			  0.513194   0.858273   0.000000
			  0.012016  -0.007185   0.999900
		}
		{DisableObstacles}
		{Player 1}
		{MID 48}
		{NameId 2 10}
		{FsmState "board"}
	}
	{Human "jap.soldier" 0x8046
		{Position 1592.7 11904.5 337.805}
		{Orientation
			  0.932248  -0.361543  -0.014000
			  0.361579   0.932341   0.000000
			  0.013053  -0.005062   0.999900
		}
		{DisableObstacles}
		{Player 1}
		{MID 49}
		{NameId 61 19}
		{FsmState "board"}
	}
	{Human "jap.soldier" 0x8047
		{Position 1611.14 11949.1 337.013}
		{Orientation
			  0.999900   0.000000  -0.014000
			  0.000000   1.000000   0.000000
			  0.014000   0.000000   0.999900
		}
		{DisableObstacles}
		{Player 1}
		{MID 50}
		{NameId 73 78}
		{FsmState "board"}
	}
	{Human "jap.soldier" 0x8048
		{Position 1411.96 11842.7 336.305}
		{Orientation
			 -0.961951   0.272857  -0.014000
			 -0.272884  -0.962047   0.000000
			 -0.013469   0.003820   0.999900
		}
		{DisableObstacles}
		{Player 1}
		{MID 51}
		{NameId 68 32}
		{FsmState "board"}
	}
	{Human "jap.soldier" 0x8049
		{Position 1431.52 11899.8 335.361}
		{Orientation
			 -0.931490   0.363491  -0.014000
			 -0.363527  -0.931584   0.000000
			 -0.013042   0.005089   0.999900
		}
		{DisableObstacles}
		{Player 1}
		{MID 52}
		{NameId 31 51}
		{FsmState "board"}
	}
	{Human "jap.soldier" 0x804a
		{Position 1445.38 11962.4 336.157}
		{Orientation
			 -0.978343   0.206508  -0.014000
			 -0.206528  -0.978441   0.000000
			 -0.013698   0.002891   0.999900
		}
		{DisableObstacles}
		{Player 1}
		{MID 53}
		{NameId 1 45}
		{FsmState "board"}
	}
	{Human "jap.soldier" 0x804b
		{Position 1470.7 12015.3 336.305}
		{Orientation
			 -0.894081   0.447683  -0.014000
			 -0.447728  -0.894170   0.000000
			 -0.012518   0.006268   0.999900
		}
		{DisableObstacles}
		{Player 1}
		{MID 54}
		{NameId 13 87}
		{FsmState "board"}
	}
	{Human "jap.soldier" 0x804c
		{Position 341.329 9134 303.305}
		{Orientation
			 -0.999642   0.022702  -0.014000
			 -0.022704  -0.999742   0.000000
			 -0.013996   0.000318   0.999900
		}
		{DisableObstacles}
		{Player 1}
		{MID 55}
		{NameId 0 87}
		{FsmState "board"}
	}
	{Human "jap.soldier" 0x804d
		{Position 431.043 9062.31 299.277}
		{Orientation
			  0.533892  -0.845435  -0.014000
			  0.845519   0.533945   0.000000
			  0.007475  -0.011837   0.999900
		}
		{DisableObstacles}
		{Player 1}
		{MID 56}
		{NameId 88 57}
		{FsmState "board"}
	}
	{Human "jap.soldier" 0x804e
		{Position 470.375 9121.25 300.785}
		{Orientation
			  0.874899  -0.484099  -0.014000
			  0.484147   0.874987   0.000000
			  0.012250  -0.006778   0.999900
		}
		{DisableObstacles}
		{Player 1}
		{MID 57}
		{NameId 66 99}
		{FsmState "board"}
	}
	{Human "jap.soldier" 0x804f
		{Position 377.019 9192.95 303.305}
		{Orientation
			 -0.858972   0.511827  -0.014000
			 -0.511878  -0.859058   0.000000
			 -0.012027   0.007166   0.999900
		}
		{DisableObstacles}
		{Player 1}
		{MID 58}
		{NameId 52 50}
		{FsmState "board"}
	}
	{Human "jap.soldier" 0x8050
		{Position 420.971 9266 303.305}
		{Orientation
			 -0.870587   0.491812  -0.014000
			 -0.491861  -0.870674   0.000000
			 -0.012189   0.006886   0.999900
		}
		{DisableObstacles}
		{Player 1}
		{MID 59}
		{NameId 52 45}
		{FsmState "board"}
	}
	{Human "jap.soldier" 0x8051
		{Position 513.422 9192.36 301.76}
		{Orientation
			  0.955534  -0.294543  -0.014000
			  0.294572   0.955629   0.000000
			  0.013379  -0.004124   0.999900
		}
		{DisableObstacles}
		{Player 1}
		{MID 60}
		{NameId 81 90}
		{FsmState "board"}
	}
	{Human "jap.soldier" 0x8052
		{Position 549.12 9257.76 300.155}
		{Orientation
			  0.999900   0.000000  -0.014000
			  0.000000   1.000000   0.000000
			  0.014000   0.000000   0.999900
		}
		{DisableObstacles}
		{Player 1}
		{MID 61}
		{NameId 37 34}
		{FsmState "board"}
	}
	{Human "jap.soldier" 0x8053
		{Position 464.245 9324.03 302.506}
		{Orientation
			 -0.581881   0.813151  -0.014000
			 -0.813233  -0.581939   0.000000
			 -0.008147   0.011385   0.999900
		}
		{DisableObstacles}
		{Player 1}
		{MID 62}
		{NameId 3 52}
		{FsmState "board"}
	}
	{Human "jap.infantry_rifle" 0x8054
		{Position 708.085 10496.4 111.616}
		{Turn 98.2395}
		{Extender "inventory"
			{box
				{clear}
				{item "arisaka" filling "ammo rifle" 5 {cell 0 0}}
				{item "ammo rifle" 25 {cell 4 0}}
			}
		}
		{Player 1}
		{MID 63}
		{NameId 29 71}
		{Cover
			{sector 708.085 10496.4 {type "squat_lie"}
				{wall 0 0 658.88 10496.3 759.709 10510.9}
			}
		}
		{FsmState "squat"}
	}
	{Human "jap.infantry_rifle" 0x8055
		{Position 1180.97 10346.1 127.455}
		{Turn -50.8479}
		{Extender "inventory"
			{box
				{clear}
				{item "arisaka" filling "ammo rifle" 5 {cell 0 0}}
				{item "ammo rifle" 25 {cell 4 0}}
			}
		}
		{Player 1}
		{MID 64}
		{NameId 90 7}
		{Cover
			{sector 1180.97 10346.1 {type "look_right"}
				{wall 0 0 1141.38 10322.9 1184.49 10358}
			}
		}
		{FsmState "stand"}
	}
	{Human "jap.infantry_smg" 0x8056
		{Position 715.064 10443.9 118.116}
		{Turn -81.8183}
		{Extender "inventory"
			{box
				{clear}
				{item "type100" filling "ammo pistol" 30 {cell 0 0}}
				{item "ammo pistol" 90 {cell 4 0}}
			}
		}
		{Player 1}
		{MID 65}
		{NameId 34 0}
		{Cover
			{sector 715.064 10443.9 {type "squat_lie"}
				{wall 0 0 767.996 10444.4 667.837 10430}
			}
		}
		{FsmState "squat"}
	}
	{Human "jap.infantry_smg" 0x8057
		{Position 684.087 10468 110.016}
		{Turn -171.795}
		{Extender "inventory"
			{box
				{clear}
				{item "type100" filling "ammo pistol" 30 {cell 0 0}}
				{item "ammo pistol" 90 {cell 4 0}}
			}
		}
		{Player 1}
		{MID 66}
		{NameId 26 85}
		{Cover
			{sector 684.087 10468 {type "squat_lie"}
				{wall 0 0 684.564 10415.7 670.506 10513.2}
			}
		}
		{FsmState "squat"}
	}
	{Human "jap.infantry_smg" 0x8058
		{Position 1222.45 10305.7 120.511}
		{Turn -50.8349}
		{Extender "inventory"
			{box
				{clear}
				{item "type100" filling "ammo pistol" 30 {cell 0 0}}
				{item "ammo pistol" 90 {cell 4 0}}
			}
		}
		{Player 1}
		{MID 67}
		{NameId 42 71}
		{Cover
			{sector 1222.45 10305.7 {type "squat_lie"}
				{wall 0 0 1263.01 10329.7 1186.65 10267.5}
			}
		}
		{FsmState "squat"}
	}
	{Human "jap.infantry_smg" 0x8059
		{Position 1182.2 10308 126.561}
		{Turn -140.787}
		{Extender "inventory"
			{box
				{clear}
				{item "type100" filling "ammo pistol" 30 {cell 0 0}}
				{item "ammo pistol" 90 {cell 4 0}}
			}
		}
		{Player 1}
		{MID 68}
		{NameId 8 47}
		{Cover
			{sector 1182.2 10308 {type "squat_lie"}
				{wall 0 0 1207.99 10265.3 1143.61 10344.2}
			}
		}
		{FsmState "squat"}
	}
	{Human "jap.soldier" 0x805a
		{Position 1552.67 11740.4 334.04}
		{Turn -107.3}
		{Player 1}
		{MID 69}
		{NameId 54 87}
		{Cover
			{sector 1552.67 11740.4 {type "squat_lie"}
				{wall 0 0 1559.19 11731 1514.56 11744.9}
			}
		}
		{FsmState "squat"}
	}
	{Human "jap.soldier" 0x805b
		{Position 1637.06 11851.7 334.17}
		{Turn -20.6207}
		{Player 1}
		{MID 70}
		{NameId 29 16}
		{Cover
			{sector 1637.06 11851.7 {type "snipe_cover"}
				{wall 0 0 1661.3 11896.3 1632.74 11820.4}
			}
		}
		{FsmState "snipe"}
	}
	{Human "jap.soldier" 0x805c
		{Position 1659.38 12003.6 333.04}
		{Turn 15.0422}
		{Player 1}
		{MID 71}
		{NameId 83 53}
		{Cover
			{sector 1659.38 12003.6 {type "squat_lie"}
				{wall 0 0 1662.14 12020.3 1674.26 11975.2}
			}
		}
		{FsmState "squat"}
	}
	{Human "jap.soldier" 0x805d
		{Position 1428.45 12040.2 336}
		{Turn 132.302}
		{Player 1}
		{MID 72}
		{NameId 88 6}
		{Cover
			{sector 1428.45 12040.2 {type "snipe_cover"}
				{wall 0 0 1390.49 12015.2 1450.49 12069.8}
			}
		}
		{FsmState "snipe"}
	}
	{Human "jap.soldier" 0x805e
		{Position 1359.39 11916.3 335}
		{Turn 160.2}
		{Player 1}
		{MID 73}
		{NameId 70 76}
		{Cover
			{sector 1359.39 11916.3 {type "snipe_cover"}
				{wall 0 0 1349.76 11910.2 1377.23 11986.5}
			}
		}
		{FsmState "snipe"}
	}
	{Human "jap.soldier" 0x805f
		{Position 1366.92 11803.3 335.898}
		{Turn -150.035}
		{Player 1}
		{MID 74}
		{NameId 40 15}
		{Cover
			{sector 1366.92 11803.3 {type "squat_lie"}
				{wall 0 0 1368.9 11785.8 1345.55 11826.3}
			}
		}
		{FsmState "squat"}
	}
	{Human "jap.soldier" 0x8060
		{Position 460.627 9382.38 300}
		{Turn 109.138}
		{Player 1}
		{MID 75}
		{NameId 15 98}
		{Cover
			{sector 460.627 9382.38 {type "squat_lie"}
				{wall 0 0 430.782 9379.43 474.93 9394.75}
			}
		}
		{FsmState "squat"}
	}
	{Human "jap.soldier" 0x8061
		{Position 284.079 9090.37 301.037}
		{Turn -172.684}
		{Player 1}
		{MID 76}
		{NameId 7 8}
		{Cover
			{sector 284.079 9090.37 {type "squat_lie"}
				{wall 0 0 279.012 9074.87 273.061 9121.22}
			}
		}
		{FsmState "squat"}
	}
	{Human "jap.soldier" 0x8062
		{Position 345.243 9235.18 303.753}
		{Turn 150.763}
		{Player 1}
		{MID 77}
		{NameId 75 57}
		{Cover
			{sector 345.243 9235.18 {type "squat_lie"}
				{wall 0 0 313.971 9193.65 353.588 9264.43}
			}
		}
		{FsmState "squat"}
	}
	{Human "jap.soldier" 0x8063
		{Position 602.768 9320.42 292.724}
		{Turn 30.6807}
		{Player 1}
		{MID 78}
		{NameId 79 30}
		{Cover
			{sector 602.768 9320.42 {type "squat_lie"}
				{wall 0 0 600.925 9337.24 624.77 9297.05}
			}
		}
		{FsmState "squat"}
	}
	{Human "jap.soldier" 0x8064
		{Position 533.606 9131.04 297.744}
		{Turn -28.3396}
		{Player 1}
		{MID 79}
		{NameId 38 5}
		{Cover
			{sector 533.606 9131.04 {type "snipe_cover"}
				{wall 0 0 561.102 9167.27 522.599 9095.88}
			}
		}
		{FsmState "snipe"}
	}
	{Human "jap.soldier" 0x8065
		{Position 404.824 8998.32 297.314}
		{Turn -73.0687}
		{Player 1}
		{MID 80}
		{NameId 86 93}
		{Cover
			{sector 404.824 8998.32 {type "squat_lie"}
				{wall 0 0 439.002 9001.4 394.293 8987.79}
			}
		}
		{FsmState "squat"}
	}
	{Human "jap.infantry_smg" 0x8066
		{Position -129.995 8289.89 192}
		{Turn -123.632}
		{Extender "inventory"
			{box
				{clear}
				{item "type100" filling "ammo pistol" 30 {cell 0 0}}
				{item "ammo pistol" 90 {cell 4 0}}
			}
		}
		{Player 1}
		{MID 81}
		{NameId 88 96}
		{Cover
			{sector -129.995 8289.89 {type "squat_lie"}
				{wall 0 0 -90.6089 8255.28 -174.867 8311.33}
			}
		}
		{FsmState "squat"}
	}
	{Human "jap.infantry_smg" 0x8067
		{Position -140.099 8326.7 190.99}
		{Turn 146.371}
		{Extender "inventory"
			{box
				{clear}
				{item "type100" filling "ammo pistol" 30 {cell 0 0}}
				{item "ammo pistol" 90 {cell 4 0}}
			}
		}
		{Player 1}
		{MID 82}
		{NameId 30 69}
		{Cover
			{sector -140.099 8326.7 {type "squat_lie"}
				{wall 0 0 -172.757 8290.24 -118.183 8372.29}
			}
		}
		{FsmState "squat"}
	}
	{Human "jap.infantry_mgun" 0x8068
		{Position -100.945 8334.6 195.905}
		{Turn 56.3694}
		{Extender "inventory"
			{box
				{clear}
				{item "type97" filling "ammo mgun" 20 {cell 0 0}}
				{item "ammo mgun" 80 {cell 5 0}}
			}
		}
		{Player 1}
		{MID 83}
		{NameId 23 78}
		{Cover
			{sector -100.945 8334.6 {type "squat_lie"}
				{wall 0 0 -138.621 8368.07 -53.8005 8311.65}
			}
		}
		{FsmState "squat"}
	}
	{Human "jap.infantry_mgun" 0x8069
		{Position 135.828 7670.99 48.1405}
		{Turn 82.0249}
		{Extender "inventory"
			{box
				{clear}
				{item "type97" filling "ammo mgun" 20 {cell 0 0}}
				{item "ammo mgun" 80 {cell 5 0}}
			}
		}
		{Player 1}
		{MID 84}
		{NameId 31 85}
		{Cover
			{sector 135.828 7670.99 {type "squat_lie"}
				{wall 0 0 86.5227 7684.96 186.739 7670.92}
			}
		}
		{FsmState "squat"}
	}
	{Human "jap.infantry_smg" 0x806a
		{Position 128.353 7618.38 42.8381}
		{Turn -97.9732}
		{Extender "inventory"
			{box
				{clear}
				{item "type100" filling "ammo pistol" 30 {cell 0 0}}
				{item "ammo pistol" 90 {cell 4 0}}
			}
		}
		{Player 1}
		{MID 85}
		{NameId 22 35}
		{Cover
			{sector 128.353 7618.38 {type "squat_lie"}
				{wall 0 0 177.994 7604.36 77.1086 7618.49}
			}
		}
		{FsmState "squat"}
	}
	{Human "jap.infantry_smg" 0x806b
		{Position 161.578 7639.34 44.9445}
		{Turn -7.97525}
		{Extender "inventory"
			{box
				{clear}
				{item "type100" filling "ammo pistol" 30 {cell 0 0}}
				{item "ammo pistol" 90 {cell 4 0}}
			}
		}
		{Player 1}
		{MID 86}
		{NameId 82 88}
		{Cover
			{sector 161.578 7639.34 {type "squat_lie"}
				{wall 0 0 175.621 7689.12 161.95 7591.54}
			}
		}
		{FsmState "squat"}
	}
	{Human "jap.infantry_smg" 0x806c
		{Position -361.872 2677.86 -8.8123}
		{Player 1}
		{MID 87}
		{NameId 22 50}
		{FsmState "stand"}
	}
	{Human "jap.infantry_smg" 0x806d
		{Position -378.501 2672.7 -8}
		{Turn 55.1157}
		{Extender "inventory"
			{box
				{clear}
				{item "type100" filling "ammo pistol" 30 {cell 0 0}}
				{item "ammo pistol" 90 {cell 4 0}}
			}
		}
		{Player 1}
		{MID 88}
		{NameId 64 64}
		{FsmState "stand"}
	}
	{Human "jap.infantry_smg" 0x806e
		{Position -392.183 2702.08 -7.7812}
		{Extender "inventory"
			{box
				{clear}
				{item "type100" filling "ammo pistol" 30 {cell 0 0}}
				{item "ammo pistol" 90 {cell 4 0}}
			}
		}
		{Player 1}
		{MID 89}
		{NameId 33 6}
		{FsmState "stand"}
	}
	{Human "jap.infantry_rifle" 0x806f
		{Position -394.131 2673.59 -8}
		{Turn 135.847}
		{Player 1}
		{MID 90}
		{NameId 60 92}
		{FsmState "stand"}
	}
	{Human "jap.infantry_rifle" 0x8070
		{Position -386.516 2654.71 -8}
		{Extender "inventory"
			{box
				{clear}
				{item "arisaka" filling "ammo rifle" 5 {cell 0 0}}
				{item "ammo rifle" 25 {cell 4 0}}
				{item "bayonet" {cell 6 0}}
			}
		}
		{Player 1}
		{MID 91}
		{NameId 12 75}
		{FsmState "stand"}
	}
	{Human "jap.infantry_rifle" 0x8071
		{Position -318.468 2322.01 116.918}
		{Turn 156.941}
		{DisableObstacles}
		{Player 1}
		{MID 92}
		{NameId 18 26}
		{FsmState "board"}
	}
	{Human "jap.infantry_rifle" 0x8072
		{Position -207.176 1317.58 119.9}
		{Turn -173.413}
		{DisableObstacles}
		{Player 1}
		{MID 93}
		{NameId 2 11}
		{FsmState "board"}
	}
	{Human "jap.infantry_rifle" 0x8073
		{Position 127.693 145.495 121.918}
		{Turn -143.228}
		{DisableObstacles}
		{Player 1}
		{MID 94}
		{NameId 61 20}
		{FsmState "board"}
	}
	{Human "jap.infantry_rifle" 0x8074
		{Position 883.981 -294.792 132.663}
		{Turn -82.225}
		{DisableObstacles}
		{Player 1}
		{MID 95}
		{NameId 73 79}
		{FsmState "board"}
	}
	{Human "jap.infantry_rifle" 0x8075
		{Position 2140.11 98.3122 120.849}
		{Turn -84.9056}
		{DisableObstacles}
		{Player 1}
		{MID 96}
		{NameId 68 33}
		{FsmState "board"}
	}
	{Human "jap.infantry_rifle" 0x8076
		{Position 3587.98 408.32 122.918}
		{Turn -80.8327}
		{DisableObstacles}
		{Player 1}
		{MID 97}
		{NameId 31 52}
		{FsmState "board"}
	}
	{Human "jap.infantry_rifle" 0x8077
		{Position 4800.51 921.563 121.921}
		{Turn -63.3378}
		{DisableObstacles}
		{Player 1}
		{MID 98}
		{NameId 1 46}
		{FsmState "board"}
	}
	{Human "jap.infantry_rifle" 0x8078
		{Position 6196.8 1732.06 124.613}
		{Turn -60.5788}
		{DisableObstacles}
		{Player 1}
		{MID 99}
		{NameId 13 88}
		{FsmState "board"}
	}
	{Human "jap.infantry_rifle" 0x8079
		{Position 7241.92 2513.33 121.918}
		{Turn -46.1509}
		{DisableObstacles}
		{Player 1}
		{MID 100}
		{NameId 0 88}
		{FsmState "board"}
	}
	{Human "jap.infantry_rifle" 0x807a
		{Position 7661.33 3357.66 121.918}
		{Turn -5.76298}
		{DisableObstacles}
		{Player 1}
		{MID 101}
		{NameId 88 58}
		{FsmState "board"}
	}
	{Human "jap.infantry_rifle" 0x807b
		{Position 7583.66 4161.24 121.918}
		{Turn 46.8531}
		{DisableObstacles}
		{Player 1}
		{MID 102}
		{NameId 66 100}
		{FsmState "board"}
	}
	{Human "jap.infantry_mgun" 0x807c
		{Position 6735.69 4170.73 121.918}
		{Turn 101.415}
		{DisableObstacles}
		{Player 1}
		{MID 103}
		{NameId 52 51}
		{FsmState "board"}
	}
	{Human "jap.infantry_rifle" 0x807d
		{Position 5005.74 3954.76 141.667}
		{Turn 101.056}
		{DisableObstacles}
		{Player 1}
		{MID 104}
		{NameId 52 46}
		{FsmState "board"}
	}
	{Human "jap.infantry_rifle" 0x807e
		{Position 3389.19 3638.79 121.918}
		{Turn 103.613}
		{DisableObstacles}
		{Player 1}
		{MID 105}
		{NameId 81 91}
		{FsmState "board"}
	}
	{Human "jap.infantry_rifle" 0x807f
		{Position 2181.45 3376.76 121.918}
		{Turn 105.217}
		{DisableObstacles}
		{Player 1}
		{MID 106}
		{NameId 37 35}
		{FsmState "board"}
	}
	{Human "jap.infantry_rifle" 0x8080
		{Position 512.375 2986.46 121.918}
		{Turn 104.573}
		{DisableObstacles}
		{Player 1}
		{MID 107}
		{NameId 3 53}
		{FsmState "board"}
	}
	{Human "jap.soldier" 0x8081
		{Position 359.656 1350.24 6.4795}
		{Orientation
			 -0.808206  -0.467546   0.358000
			  0.500689  -0.865627  -0.000100
			  0.309937   0.179173   0.933700
		}
		{DisableObstacles}
		{Player 1}
		{MID 108}
		{NameId 29 72}
		{FsmState "board"}
	}
	{Human "jap.soldier" 0x8082
		{Position 2157.38 461.889 -0.5205}
		{Orientation
			  0.884757   0.298330   0.358000
			 -0.319453   0.947602  -0.000100
			 -0.339269  -0.114283   0.933700
		}
		{DisableObstacles}
		{Player 1}
		{MID 109}
		{NameId 90 8}
		{FsmState "board"}
	}
	{Human "jap.soldier" 0x8083
		{Position 2918.85 3068.87 6.4795}
		{Orientation
			 -0.076022  -0.930600   0.358000
			  0.996675  -0.081484  -0.000100
			  0.029256   0.356803   0.933700
		}
		{DisableObstacles}
		{Player 1}
		{MID 110}
		{NameId 34 1}
		{FsmState "board"}
	}
	{Human "jap.soldier" 0x8084
		{Position 4626.67 3516.91 6.4795}
		{Orientation
			  0.348321  -0.866296   0.358000
			  0.927834   0.372995  -0.000100
			 -0.133453   0.332196   0.933700
		}
		{DisableObstacles}
		{Player 1}
		{MID 111}
		{NameId 26 86}
		{FsmState "board"}
	}
	{Human "jap.soldier" 0x8085
		{Position 6524.07 4017.45 6.4795}
		{Orientation
			  0.743504  -0.564798   0.358000
			  0.604955   0.796260  -0.000100
			 -0.285010   0.216642   0.933700
		}
		{DisableObstacles}
		{Player 1}
		{MID 112}
		{NameId 42 72}
		{FsmState "board"}
	}
	{Human "jap.soldier" 0x8086
		{Position 6789.42 3016.98 6.4795}
		{Orientation
			  0.246837   0.900482   0.358000
			 -0.964406   0.264426  -0.000100
			 -0.094747  -0.345235   0.933700
		}
		{DisableObstacles}
		{Player 1}
		{MID 113}
		{NameId 8 48}
		{FsmState "board"}
	}
	{Human "jap.soldier" 0x8087
		{Position 5025.6 2456.78 6.4795}
		{Orientation
			 -0.532296  -0.767110   0.358000
			  0.821544  -0.570146  -0.000100
			  0.204182   0.294064   0.933700
		}
		{DisableObstacles}
		{Player 1}
		{MID 114}
		{NameId 54 88}
		{FsmState "board"}
	}
	{Human "jap.soldier" 0x8088
		{Position 3432.92 2073.65 6.4795}
		{Orientation
			 -0.915615  -0.182880   0.358000
			  0.195803  -0.980644  -0.000100
			  0.351087   0.070014   0.933700
		}
		{DisableObstacles}
		{Player 1}
		{MID 115}
		{NameId 29 17}
		{FsmState "board"}
	}
	{Entity "type4_dot" 0x8089
		{Position 5418.18 5985.55 0}
		{Turn -9.03356}
		{Player 1}
		{MID 116}
	}
	{Entity "type4_dot" 0x808a
		{Position 5379.64 6062.66 0}
		{Turn 76.0671}
		{Player 1}
		{MID 117}
	}
	{Entity "type4_dot" 0x808b
		{Position 4896.82 6423.9 0}
		{Turn 31.8839}
		{Player 1}
		{MID 118}
	}
	{Entity "type4_dot" 0x808c
		{Position 4788.91 6452.63 0}
		{Turn 122.64}
		{Player 1}
		{MID 119}
	}
	{Entity "type4_dot" 0x808d
		{Position 3950.36 6463.11 0}
		{Turn 54.5687}
		{Player 1}
		{MID 120}
	}
	{Entity "type4_dot" 0x808e
		{Position 3879.98 6467.28 0}
		{Turn 129.462}
		{Player 1}
		{MID 121}
	}
	{Entity "type4_dot" 0x808f
		{Position 3106.57 6371.7 0}
		{Turn 74.2444}
		{Player 1}
		{MID 122}
	}
	{Entity "type4_dot" 0x8090
		{Position 2997.1 6329.64 0}
		{Turn 154.033}
		{Player 1}
		{MID 123}
	}
	{Human "jap.soldier" 0x8091
		{Position 5414.63 5973.08 1.9327}
		{Turn -9.03356}
		{DisableObstacles}
		{Player 1}
		{MID 124}
		{NameId 83 54}
		{FsmState "board"}
	}
	{Human "jap.soldier" 0x8092
		{Position 5419.29 6001.75 1.9247}
		{Turn -99.0336}
		{DisableObstacles}
		{Player 1}
		{MID 125}
		{NameId 88 7}
		{FsmState "board"}
	}
	{Human "jap.soldier" 0x8093
		{Position 5391.76 6058.06 1.9327}
		{Turn 76.0671}
		{DisableObstacles}
		{Player 1}
		{MID 126}
		{NameId 70 77}
		{FsmState "board"}
	}
	{Human "jap.soldier" 0x8094
		{Position 5363.59 6065.15 1.9247}
		{Turn -13.9329}
		{DisableObstacles}
		{Player 1}
		{MID 127}
		{NameId 40 16}
		{FsmState "board"}
	}
	{Human "jap.soldier" 0x8095
		{Position 4887.05 6436.87 1.9247}
		{Turn -58.1161}
		{DisableObstacles}
		{Player 1}
		{MID 128}
		{NameId 15 99}
		{FsmState "board"}
	}
	{Human "jap.soldier" 0x8096
		{Position 4902.31 6412.15 1.9327}
		{Turn 31.8839}
		{DisableObstacles}
		{Player 1}
		{MID 129}
		{NameId 7 9}
		{FsmState "board"}
	}
	{Human "jap.soldier" 0x8097
		{Position 4776.07 6442.69 1.9247}
		{Turn 32.64}
		{DisableObstacles}
		{Player 1}
		{MID 130}
		{NameId 75 58}
		{FsmState "board"}
	}
	{Human "jap.soldier" 0x8098
		{Position 4800.58 6458.27 1.9327}
		{Turn 122.64}
		{DisableObstacles}
		{Player 1}
		{MID 131}
		{NameId 79 31}
		{FsmState "board"}
	}
	{Human "jap.soldier" 0x8099
		{Position 3959.95 6454.39 1.9327}
		{Turn 54.5687}
		{DisableObstacles}
		{Player 1}
		{MID 132}
		{NameId 38 6}
		{FsmState "board"}
	}
	{Human "jap.soldier" 0x809a
		{Position 3936.34 6471.3 1.9247}
		{Turn -35.4313}
		{DisableObstacles}
		{Player 1}
		{MID 133}
		{NameId 86 94}
		{FsmState "board"}
	}
	{Human "jap.soldier" 0x809b
		{Position 3868.42 6455.88 1.9247}
		{Turn 39.462}
		{DisableObstacles}
		{Player 1}
		{MID 134}
		{NameId 88 97}
		{FsmState "board"}
	}
	{Human "jap.soldier" 0x809c
		{Position 3890.9 6474.27 1.9327}
		{Turn 129.462}
		{DisableObstacles}
		{Player 1}
		{MID 135}
		{NameId 30 70}
		{FsmState "board"}
	}
	{Human "jap.soldier" 0x809d
		{Position 3090.61 6374.7 1.9247}
		{Turn -15.7556}
		{DisableObstacles}
		{Player 1}
		{MID 136}
		{NameId 23 79}
		{FsmState "board"}
	}
	{Human "jap.soldier" 0x809e
		{Position 3118.54 6366.72 1.9327}
		{Turn 74.2444}
		{DisableObstacles}
		{Player 1}
		{MID 137}
		{NameId 31 86}
		{FsmState "board"}
	}
	{Human "jap.soldier" 0x809f
		{Position 3004.12 6340.54 1.9327}
		{Turn 154.033}
		{DisableObstacles}
		{Player 1}
		{MID 138}
		{NameId 22 36}
		{FsmState "board"}
	}
	{Human "jap.soldier" 0x80a0
		{Position 2991.32 6314.47 1.9247}
		{Turn 64.033}
		{DisableObstacles}
		{Player 1}
		{MID 139}
		{NameId 82 89}
		{FsmState "board"}
	}
	{Entity "type1_dot" 0x80a1
		{Position 2936.07 6211.56 0}
		{Turn 153.785}
		{Player 1}
		{MID 140}
	}
	{Entity "type1_dot" 0x80a2
		{Position 4665.76 6389.75 0}
		{Turn 121.603}
		{Player 1}
		{MID 141}
	}
	{Human "jap.soldier" 0x80a3
		{Position 2943.12 6207.84 8.0118}
		{Turn 153.785}
		{DisableObstacles}
		{Player 1}
		{MID 142}
		{NameId 22 51}
		{FsmState "board"}
	}
	{Human "jap.soldier" 0x80a4
		{Position 4669.75 6382.84 8.0118}
		{Turn 121.603}
		{DisableObstacles}
		{Player 1}
		{MID 143}
		{NameId 64 65}
		{FsmState "board"}
	}
	{Entity "pointer_small" 0x80a5
		{Position 4856.67 9914.58 6}
	}
	{Entity "box1" 0x80a6
		{Position 4945.95 10037.8 7.18549}
		{Extender "inventory"
			{box
				{clear}
				{item "weapon bar" 3 {cell 0 0}}
				{item "thompson" 2 {cell 0 4}}
				{item "thompson" 2 {cell 4 4}}
				{item "thompson" 2 {cell 4 2}}
				{item "m2_carbine" 3 {cell 0 2}}
				{item "helmet1_usa" 6 {cell 5 0}}
			}
		}
	}
	{Entity "box2" 0x80a7
		{Position 4583.07 9782.09 5.30652}
		{Extender "inventory"
			{box
				{clear}
				{item "m1" {cell 0 2}}
				{item "weapon bazooka" {cell 0 0}}
				{item "ammo bazooka" 3 {cell 5 0}}
				{item "m1" {cell 0 4}}
				{item "m1" {cell 4 4}}
				{item "m1" {cell 4 2}}
				{item "ammo bazooka" 3 {cell 5 1}}
			}
		}
	}
	{Entity "box3" 0x80a8
		{Position 4747.78 10302.2 1}
	}
	{Entity "box_metal" 0x80a9
		{Position 5272.57 11047 0.563983}
		{Impregnability}
		{Extender "inventory"
			{box
				{clear}
				{item "grenade m61" {cell 3 0}}
				{item "grenade mk1" {cell 4 0}}
				{item "grenade m61" {cell 2 0}}
				{item "grenade m61" {cell 2 1}}
				{item "grenade m61" {cell 4 1}}
				{item "grenade m61" {cell 3 1}}
				{item "grenade m61" {cell 5 1}}
				{item "grenade mk1" {cell 5 0}}
				{item "grenade mk1" {cell 6 0}}
				{item "grenade mk1" {cell 7 0}}
				{item "grenade molotov_coctail" {cell 6 2}}
				{item "grenade mk1" {cell 7 1}}
				{item "grenade mk1" {cell 6 1}}
				{item "grenade tntpack" {cell 0 2}}
				{item "bandage" 5 {cell 2 2}}
				{item "matchbox" 3 {cell 4 2}}
				{item "grenade m18" {cell 5 2}}
				{item "grenade smoke" {cell 6 3}}
				{item "grenade m18" {cell 7 3}}
				{item "grenade smoke" {cell 7 4}}
				{item "grenade smoke" {cell 7 5}}
				{item "pala" {cell 5 5}}
				{item "pala" {cell 5 4}}
				{item "morphine" {cell 0 4}}
				{item "morphine" {cell 2 4}}
				{item "bandage" {cell 4 3}}
				{item "bandage" 4 {cell 2 3}}
				{item "matchbox" {cell 4 4}}
				{item "matchbox" {cell 4 5}}
				{item 0x80f1 "fau_detail" {cell 0 0}}
			}
		}
	}
	{Entity "box4" 0x80aa
		{Position 4670.31 9322.84 -19.8779}
		{Extender "inventory"
			{box
				{clear}
				{item "dynamite" {cell 0 0}}
				{item "mine antipersonnel" {cell 2 0}}
				{item "mine antitank" {cell 6 0}}
				{item "mine antitank" {cell 6 2}}
				{item "mine antitank" {cell 6 4}}
				{item "mine antipersonnel" {cell 4 0}}
				{item "mine antipersonnel" {cell 2 1}}
				{item "mine antipersonnel" {cell 4 1}}
				{item "mine antipersonnel" {cell 4 2}}
				{item "usa_mg_box" {cell 0 4}}
				{item "mine antipersonnel" {cell 4 3}}
				{item "mine antipersonnel" {cell 4 4}}
				{item "usa_mt_box" {cell 0 2}}
				{item "mine antipersonnel" {cell 4 5}}
			}
		}
	}
	{Entity "can" 0x80ab
		{Position 5614.17 9586.98 13.5835}
	}
	{Entity "ammobox" 0x80ac
		{Position 3577.41 9349.42 4.12091}
		{Extender "inventory"
			{box
				{clear}
				{item "ammo pistol" 50 {cell 0 0}}
				{item "ammo pistol" 50 {cell 0 1}}
				{item "ammo pistol" 50 {cell 2 0}}
				{item "ammo pistol" 50 {cell 2 1}}
				{item "ammo pistol" 50 {cell 4 0}}
				{item "ammo pistol" 50 {cell 4 1}}
				{item "ammo pistol" 50 {cell 6 0}}
				{item "ammo pistol" 50 {cell 6 1}}
				{item "ammo pistol" 50 {cell 2 2}}
				{item "ammo pistol" 50 {cell 4 2}}
				{item "ammo rifle" 20 {cell 0 5}}
				{item "ammo rifle" 20 {cell 1 5}}
				{item "ammo rifle" 20 {cell 2 5}}
				{item "ammo rifle" 20 {cell 3 5}}
				{item "ammo rifle" 20 {cell 4 5}}
				{item "ammo rifle" 20 {cell 5 5}}
				{item "ammo rifle" 20 {cell 6 5}}
				{item "ammo rifle" 20 {cell 7 5}}
				{item "ammo mgun" 50 {cell 0 4}}
				{item "ammo mgun" 50 {cell 2 4}}
				{item "ammo mgun" 50 {cell 4 4}}
				{item "ammo mgun" 50 {cell 6 4}}
				{item "tnt" {cell 0 2}}
				{item "grenade molotov_coctail" 2 {cell 6 2}}
				{item "grenade n73at" 3 {cell 0 3}}
				{item "grenade no74_mk2" 3 {cell 2 3}}
			}
		}
	}
	{Entity "ammobox" 0x80ad
		{Position 5820.52 10572.7 19.7438}
	}
	{Entity "ammobox" 0x80ae
		{Position 4446.86 10376.7 2.31451}
	}
	{Entity "chi-ha120" 0x80af
		{Position 6806.47 9847.14 103.667}
		{Turn 171.132}
		{Player 1}
		{MID 144}
		
	}
	{Entity "chi-ha120" 0x80b0
		{Position 6811.54 10063 105.731}
		{Orientation
			 -0.976755  -0.185696   0.107083
			  0.177153  -0.980549  -0.084507
			  0.120693  -0.063573   0.990652
		}
		{Player 1}
		{MID 145}
		
	}
	{Entity "chi-ha120" 0x80b1
		{Position 6872.53 10253.7 102.875}
		{Turn 155.881}
		{Player 1}
		{MID 146}
		
	}
	{Entity "chi-ha120" 0x80b2
		{Position 6985.27 10428.2 103.056}
		{Turn 142.015}
		{Player 1}
		{MID 147}
		
	}
	{Entity "type4_200" 0x80b3
		{Position 6943.7 9569.62 103}
		{Turn -159.485}
		{Extender "inventory"
			{box
				{clear}
				{item "ammo 200mm_mine" {cell 0 0}}
			}
		}
		{Player 1}
		{MID 148}
	}
	{Human "jap.tankman" 0x80b4
		{Position 6806.47 9847.14 103.667}
		{Orientation
			 -0.987644   0.154095   0.028514
			  0.152937   0.987462  -0.039106
			  0.034182   0.034262   0.998828
		}
		{Player 1}
		{MID 149}
		{NameId 18 27}
		{FsmState "board"}
	}
	{Human "jap.tankman" 0x80b5
		{Position 6806.47 9847.14 103.667}
		{Orientation
			 -0.987644   0.154095   0.028514
			  0.152937   0.987462  -0.039106
			  0.034182   0.034262   0.998828
		}
		{Player 1}
		{MID 150}
