;Exported by: sk
;Date:        Mon May 17 11:54:16 2004
;File:        D:\-Projects-\-3DWork-\Constructions\Monastery\wall-2level_5%8.max
{Skeleton
	{bone "wall-2level_6"
		{Orientation
			1.0000	0.0000	0.0000
			0.0000	-1.0000	0.0000
			0.0000	0.0000	1.0000
		}
		{VolumeView "wall-2level_6.ply"}
	}
}
{Obstacle "Body"
	{Obb2
		{Center 0.209106 -0.680191}
		{Extent 65.2507 8.14827}
		{Axis 1 0}
	}
	{Rotate}
}
{Obstacle "Body4"
	{Obb2
		{Center -49.3608 12.5601}
		{Extent 6.52507 7.18961}
		{Axis 1 0}
	}
	{Rotate}
}
{Obstacle "Body3"
	{Obb2
		{Center 51.1671 12.5601}
		{Extent 6.52507 7.18961}
		{Axis 1 0}
	}
	{Rotate}
}
{Obstacle "Body2"
	{Obb2
		{Center 88.3512 -7.64316}
		{Extent 7.3705 28.0856}
		{Axis 0.25946 0.965754}
	}
	{Rotate}
}
{Obstacle "Body1"
	{Obb2
		{Center -89.7108 -6.02711}
		{Extent 28.1267 8.46862}
		{Axis 0.961301 0.275501}
	}
	{Rotate}
}
{Volume "Body"
	{Box 130.501 16.2964 67.9281}
	{Bone "wall-2level_6"}
	{Position 0.2091	0.6802	33.9641}
}
{Volume "Body7"
	{Box 19.4964 11.811 23.5371}
	{Bone "wall-2level_6"}
	{Matrix34
		1.0000	0.0000	0.0000
		0.0000	-1.0000	0.0000
		0.0000	-0.0000	-1.0000
		-0.1041	-0.0973	79.5285
	}
}
{Volume "Body6"
	{Box 86.8739 14.5276 23.5371}
	{Bone "wall-2level_6"}
	{Matrix34
		0.9848	-0.1736	0.0000
		0.1736	0.9848	0.0000
		0.0000	0.0000	1.0000
		-72.6459	5.3985	79.4787
	}
}
{Volume "Body5"
	{Box 86.8739 14.5276 23.5371}
	{Bone "wall-2level_6"}
	{Matrix34
		0.9848	0.1736	0.0000
		0.1736	-0.9848	0.0000
		0.0000	-0.0000	-1.0000
		72.0352	5.3985	79.5243
	}
}
{Volume "Body4"
	{Box 13.0501 14.3792 60.8856}
	{Bone "wall-2level_6"}
	{Position -49.3608	-12.5601	30.4428}
}
{Volume "Body3"
	{Box 13.0501 14.3792 60.8856}
	{Bone "wall-2level_6"}
	{Position 51.1671	-12.5601	30.4428}
}
{Volume "Body2"
	{Box 56.1156 14.5245 67.9281}
	{Bone "wall-2level_6"}
	{Matrix34
		0.9647	0.2632	0.0000
		-0.2632	0.9647	0.0000
		0.0000	0.0000	1.0000
		88.3513	7.6432	33.9641
	}
}
{Volume "Body1"
	{Box 56.1156 16.4611 67.9281}
	{Bone "wall-2level_6"}
	{Matrix34
		0.9636	-0.2673	0.0000
		0.2673	0.9636	0.0000
		0.0000	0.0000	1.0000
		-89.7108	6.0271	33.9641
	}
}
