;Exported by: ubrashaev
;Date:        Thu Apr 01 15:36:49 2004
;File:        D:\-Projects-\-work-\3d\construction\e-house24\corner7_x.max
{Skeleton
	{animation
		{sequence "crush" {speed 0.4}}
	}
	{bone "corner5"
		{parameters " ;"}
		{Orientation
			1.0000	0.0000	0.0000
			0.0000	-1.0000	0.0000
			0.0000	0.0000	1.0000
		}
		{VolumeView "corner5.ply"}
		{bone "Roof"
			{parameters "CommonMesh;"}
			{Position 18.4896	-12.9311	6.8460}
			{VolumeView "Roof.ply"}
		}
		{bone "piece1"
			{Position 1.2761	49.6396	44.6595}
			{VolumeView "piece1.ply"}
		}
		{bone "piece2"
			{Position -14.6742	56.2254	69.7617}
			{VolumeView "piece2.ply"}
		}
		{bone "piece3"
			{Position -1.6511	51.5678	105.5722}
			{VolumeView "piece3.ply"}
		}
		{bone "piece4"
			{Position -26.0564	5.3609	59.3250}
			{VolumeView "piece4.ply"}
		}
		{bone "piece5"
			{Position -26.0564	-4.4816	89.1223}
			{VolumeView "piece5.ply"}
		}
		{bone "piece6"
			{Position -26.0564	-32.4519	112.7556}
			{VolumeView "piece6.ply"}
		}
		{bone "piece7"
			{Position -26.0564	-31.0167	59.3250}
			{VolumeView "piece7.ply"}
		}
		{bone "piece8"
			{Position 8.9311	-35.8874	56.3662}
			{VolumeView "piece8.ply"}
		}
		{bone "piece9"
			{Position -9.8086	-64.1709	141.3691}
			{VolumeView "piece9.ply"}
		}
	}
}
{Volume "piece9"
	{Box 15.5469 2.80688 44.1045}
	{Bone "piece9"}
	{Matrix34
		0.6908	0.0000	-0.7230
		0.0000	1.0000	0.0000
		0.7230	0.0000	0.6908
		2.1699	0.0000	-4.1529
	}
}
{Volume "piece8"
	{Box 11.5881 59.374 4.18445}
	{Bone "piece8"}
	{Matrix34
		0.9714	-0.2373	0.0000
		0.2373	0.9714	0.0000
		0.0000	0.0000	1.0000
		-0.6824	-0.2610	-0.2163
	}
}
{Volume "piece7"
	{Box 7.88644 19.657 30.0672}
	{Bone "piece7"}
	{Position -0.0000	-0.0212	-0.0000}
}
{Volume "piece6"
	{Box 7.88644 41.5085 17.739}
	{Bone "piece6"}
	{Position 0.0000	1.7480	0.0000}
}
{Volume "piece5"
	{Polyhedron "piece5.vol"}
	{Bone "piece5"}
	{Position -0.0000	0.0000	14.7638}
}
{Volume "piece4"
	{Box 7.88644 19.685 33.0739}
	{Bone "piece4"}
	{Matrix34
		1.0000	0.0000	0.0000
		0.0000	0.8009	0.5988
		0.0000	-0.5988	0.8009
		-0.0000	6.7698	-1.7886
	}
}
{Volume "piece3"
	{Box 46.4916 8.06929 20.4277}
	{Bone "piece3"}
	{Matrix34
		0.9359	-0.3448	0.0723
		0.3420	0.9385	0.0483
		-0.0845	-0.0204	0.9962
		4.8902	-2.3157	3.3544
	}
}
{Volume "piece2"
	{Box 21.8008 7.76646 31.4335}
	{Bone "piece2"}
	{Matrix34
		0.8500	-0.3125	-0.4241
		0.3450	0.9386	0.0000
		0.3980	-0.1463	0.9056
		1.8306	-0.7172	-0.8112
	}
}
{Volume "piece1"
	{Box 28.3322 11.0505 34.0604}
	{Bone "piece1"}
	{Matrix34
		0.8847	-0.2504	0.3931
		0.2723	0.9622	-0.0000
		-0.3783	0.1070	0.9195
		1.7890	1.1229	1.1021
	}
}
