;Exported by: vic
;Date:        Wed Nov 26 10:27:47 2003
;File:        D:\-Projects-\-3DWork-\Constructions\NEW\Ruini\wall4b_xx.max
{Skeleton
	{bone "house_euro2_wall2_x"
		{Orientation
			1.0000	0.0000	0.0000
			0.0000	-1.0000	0.0000
			0.0000	0.0000	1.0000
		}
		{bone "piece0"
			{Matrix34
				-0.0000	-1.0000	-0.0000
				-1.0000	0.0000	0.0000
				0.0000	0.0000	-1.0000
				-0.1544	20.8874	15.1111
			}
			{VolumeView "piece0.ply"}
		}
		{bone "sub_piece0"
			{Matrix34
				-0.0000	-0.0872	-0.9962
				-1.0000	0.0000	-0.0000
				0.0000	0.9962	-0.0872
				-0.3846	26.0546	38.2152
			}
			{VolumeView "sub_piece0.ply"}
		}
		{bone "piece3"
			{Matrix34
				-0.0000	-0.1736	-0.9848
				-1.0000	0.0000	-0.0000
				0.0000	0.9848	-0.1736
				-0.4523	10.6958	44.3852
			}
			{VolumeView "piece3.ply"}
		}
		{bone "piece1"
			{Matrix34
				0.0000	0.1736	0.9848
				-1.0000	0.0000	0.0000
				-0.0000	-0.9848	0.1736
				-0.0446	-20.5107	45.4002
			}
			{VolumeView "piece1.ply"}
		}
		{bone "piece2"
			{Matrix34
				0.0000	1.0000	0.0000
				-1.0000	0.0000	0.0000
				0.0000	0.0000	1.0000
				-0.1149	-25.4713	19.6784
			}
			{VolumeView "piece2.ply"}
		}
	}
}
{Volume "piece2"
	{Box 14.0904 7.87402 18.1482}
	{Bone "piece2"}
	{Position 1.0789	-0.0073	0.0399}
}
{Volume "piece1"
	{Box 10.7971 7.87402 13.374}
	{Bone "piece1"}
	{Matrix34
		0.9848	0.0000	0.1736
		-0.0000	1.0000	0.0000
		-0.1736	-0.0000	0.9848
		-1.0750	-0.0279	-0.9452
	}
}
{Volume "piece3"
	{Box 12.5539 7.87402 13.374}
	{Bone "piece3"}
	{Matrix34
		0.9848	0.0000	0.1736
		-0.0000	1.0000	0.0000
		-0.1736	0.0000	0.9848
		-0.2889	-0.0279	-0.8066
	}
}
{Volume "sub_piece0"
	{Box 7.87402 7.87402 9.84252}
	{Bone "sub_piece0"}
	{Position -1.1004	-0.0279	0.0282}
}
{Volume "piece0"
	{Box 16.368 9.84252 19.685}
	{Bone "piece0"}
	{Position 0.7383	-0.4199	1.7054}
}
