;MDL File generated by SOEdit
;Model created by: <St.Andrey>
;PLY Geometry by: <St.Andrey>
;VOL Geometry by: <insert modeler name>
{Skeleton
    {bone "Basis"
        {parameters "SteerMax=30;WheelRadius=0.5;"}
        {Orientation
            1.0000 0.0000 0.0000
            0.0000 -1.0000 0.0000
            0.0000 0.0000 1.0000
        }
        {bone "Body"
            {parameters "ID=body;"}
            {Matrix34
                0.0000 -1.0000 0.0000
                1.0000 0.0000 0.0000
                0.0000 0.0000 1.0000
                -0.2000 0.0000 35.8000
            }
            {VolumeView "body.ply"}
            {bone "cabin"
                {parameters "ID=cabin;"}
                {Matrix34
                    0.9998 -0.0174 -0.0024
                    0.0161 0.9630 -0.2690
                    0.0070 0.2689 0.9631
                    -1.6802 -16.8789 -64.3683
                }
                {VolumeView "cabin.ply"}
                {bone "PetliaL"
                    {Matrix34
                        0.0487 0.9988 0.0000
                        -0.9988 0.0487 0.0000
                        0.0000 0.0000 1.0000
                        -17.0805 45.5863 86.9999
                    }
                    {bone "part1"
                        {parameters "ID=cabine;"}
                        {Orientation
                            0.8222 -0.3024 0.4822
                            0.0292 0.8685 0.4948
                            -0.5685 -0.3927 0.7229
                        }
                        {VolumeView "DoorL.ply"}
                    }
                }
                {bone "PetliaR"
                    {Matrix34
                        0.9857 0.1679 0.0154
                        0.1678 -0.9858 0.0039
                        0.0158 -0.0013 -0.9998
                        15.8758 44.0081 79.4439
                    }
                    {bone "part2"
                        {parameters "ID=cabine;"}
                        {Matrix34
                            0.5077 0.8521 0.1274
                            -0.1008 -0.0881 0.9910
                            0.8556 -0.5160 0.0411
                            0.0000 0.0000 0.0000
                        }
                        {VolumeView "DoorR.ply"}
                    }
                }
            }
            {bone "bodyback"
                {parameters "ID=bodyback;"}
                {Matrix34
                    0.9997 -0.0262 0.0000
                    0.0261 0.9955 0.0906
                    -0.0024 -0.0906 0.9959
                    2.3900 -0.4118 -24.9976
                }
                {VolumeView "Kuzov.ply"}
            }
            {bone "part3"
                {parameters "ID=engine;"}
                {Position 0.6000 -28.4000 -59.1000}
                {VolumeView "engine.ply"}
            }
        }
        {bone "pivot_back"
            {parameters "ID=body;"}
            {Matrix34
                0.9965 0.0116 0.0831
                -0.0131 0.9997 0.0180
                -0.0829 -0.0190 0.9964
                -46.2417 -0.0126 10.3764
            }
            {VolumeView "pivot_back.ply"}
            {bone revolute "spring_R"
                {Matrix34
                    0.9961 -0.0098 -0.0882
                    0.0079 0.9997 -0.0216
                    0.0884 0.0208 0.9959
                    1.6263 -13.3341 0.5743
                }
                {bone revolute "part4"
                    {Matrix34
                        1.0000 0.0000 0.0070
                        0.0067 0.2875 -0.9578
                        -0.0020 0.9578 0.2875
                        0.0000 -4.2300 0.0066
                    }
                    {VolumeView "wheelR2.ply"}
                }
            }
            {bone revolute "spring_L"
                {Matrix34
                    0.9963 -0.0119 -0.0849
                    0.0090 0.9994 -0.0336
                    0.0852 0.0328 0.9958
                    2.0098 18.1061 -0.0015
                }
                {bone revolute "part5"
                    {Matrix34
                        1.0000 0.0000 0.0000
                        0.0000 -0.2260 -0.9741
                        0.0000 0.9741 -0.2260
                        0.0000 1.3517 0.2615
                    }
                    {VolumeView "wheelL2.ply"}
                }
            }
        }
        {bone "pivot_front"
            {Matrix34
                -0.9999 -0.0103 0.0107
                0.0106 -0.9996 0.0258
                0.0105 0.0259 0.9996
                36.9363 0.2075 11.9990
            }
            {VolumeView "pivot_front.ply"}
            {bone revolute "steer_L"
                {Matrix34
                    0.9993 -0.0295 -0.0218
                    -0.0295 -0.9995 0.0004
                    -0.0218 0.0003 -0.9998
                    -0.6726 -18.0689 0.8011
                }
                {bone revolute "part6"
                    {parameters "ID=wheelleft1;"}
                    {Matrix34
                        1.0000 0.0000 0.0000
                        0.0000 -0.3223 -0.9467
                        0.0000 0.9467 -0.3223
                        0.0000 1.0096 1.0912
                    }
                    {VolumeView "wheelL1.ply"}
                }
            }
            {bone revolute "steer_R"
                {Matrix34
                    0.9996 -0.0141 -0.0222
                    -0.0140 -0.9998 0.0082
                    -0.0223 -0.0079 -0.9997
                    -0.3468 16.9390 -0.2356
                }
                {bone revolute "part7"
                    {parameters "ID=wheelright1;"}
                    {Matrix34
                        1.0000 0.0000 0.0000
                        0.0000 0.3354 -0.9421
                        0.0000 0.9421 0.3354
                        0.0000 -0.6965 1.0024
                    }
                    {VolumeView "wheelR1.ply"}
                }
            }
        }
    }
}
{Volume "part4"
    {Cylinder 10.25610 5.42746}
    {Bone "part4"}
    {Matrix34
        -1.0000 0.0000 0.0000
        0.0000 -1.0000 0.0000
        0.0000 0.0000 1.0000
        0.0148 0.0000 0.0349
    }
}
{Volume "part5"
    {Cylinder 10.25610 5.42746}
    {Bone "part5"}
    {Matrix34
        -1.0000 0.0000 0.0000
        0.0000 -1.0000 0.0000
        0.0000 0.0000 1.0000
        0.0376 0.0000 -0.0079
    }
}
{Volume "part6"
    {Cylinder 10.25610 5.42746}
    {Bone "part6"}
    {Matrix34
        -1.0000 0.0000 0.0000
        0.0000 -1.0000 0.0000
        0.0000 0.0000 1.0000
        0.0000 0.0000 -0.0012
    }
}
{Volume "part7"
    {Cylinder 10.25610 5.42746}
    {Bone "part7"}
    {Matrix34
        -1.0000 0.0000 0.0000
        0.0000 -1.0000 0.0000
        0.0000 0.0000 1.0000
        0.0000 0.0000 0.0349
    }
}
{Volume "cabin"
    {Box 20.9995 34.4692 33.0145}
    {Bone "cabin"}
    {Matrix34
        0.0085 -0.9422 0.0002
        1.0288 0.0114 -0.0036
        0.0035 -0.0105 1.0108
        -1.7233 35.7285 82.2841
    }
}
{Volume "part3"
    {Box 48.2830 42.0356 34.6854}
    {Bone "part3"}
    {Matrix34
        0.3022 -0.0015 0.0008
        -0.0137 0.2912 0.0017
        -0.0024 0.0037 0.1850
        -1.3095 47.8458 56.7709
    }
}
{Volume "part1"
    {Box 48.2830 42.0356 34.6854}
    {Bone "part1"}
    {Matrix34
        0.2788 -0.0971 -0.1149
        0.1077 0.1968 0.2789
        -0.0471 -0.0483 0.0397
        -8.2377 -0.7370 -7.9295
    }
}
{Volume "part2"
    {Box 48.2830 42.0356 34.6854}
    {Bone "part2"}
    {Matrix34
        0.3022 -0.0015 0.0008
        -0.0154 0.3267 0.0019
        -0.0008 0.0012 0.0617
        6.7830 0.8470 -0.3889
    }
}
{Volume "body"
    {Box 125.8630 20.4690 8.6242}
    {Bone "body"}
    {Matrix34
        0.0000 -1.0000 0.0000
        1.0000 0.0000 0.0000
        0.0000 0.0000 1.0000
        0.0000 -6.9000 -16.0000
    }
}
{Volume "bodyback"
    {Box 125.8630 20.4690 8.6242}
    {Bone "bodyback"}
    {Matrix34
        0.0000 -0.5727 0.0000
        1.2754 0.0000 0.0000
        0.0000 0.0000 0.5673
        0.0000 -23.3784 18.9427
    }
}

