;Exported by: garry
;Date:        Sun May 16 15:36:37 2004
;File:        D:\-Projects-\-3DWork-\Model\Авто-мото\SDKFZ\SdKfz251_10\SdKfz251_10.max
{Skeleton
	{animation
		{sequence "start"}
		{sequence "stop"}
	}
	{bone "Basis"
		{parameters "WheelRadius=0.5;SteerMax=30;"}
		{Orientation
			1.0000	0.0000	0.0000
			0.0000	-1.0000	0.0000
			0.0000	0.0000	1.0000
		}
		{bone "Body"
			{parameters "ID=body;"}
			{animation
				{sequence "repair" {file "body_r.anm"}}
			}
			{Position 0.2965	-0.6054	9.4601}
			{VolumeView "Body.ply"}
			{bone "FXfire1"
				{Matrix34
					-0.0000	1.0000	0.0000
					-1.0000	-0.0000	0.0000
					0.0000	0.0000	1.0000
					32.5528	0.1307	12.7940
				}
			}
			{bone "FXsmoke1"
				{Matrix34
					0.0000	0.9063	0.4226
					1.0000	-0.0000	0.0000
					0.0000	0.4226	-0.9063
					34.7695	17.7603	8.2449
				}
			}
			{bone "seat05"
				{Matrix34
					-0.0000	0.9848	0.1736
					-1.0000	-0.0000	0.0000
					0.0000	-0.1736	0.9848
					-44.4397	-5.0655	7.3295
				}
			}
			{bone "seat06"
				{Matrix34
					-0.0000	0.9848	0.1736
					-1.0000	-0.0000	0.0000
					0.0000	-0.1736	0.9848
					-33.3599	-5.0655	7.3295
				}
			}
			{bone "seat07"
				{Matrix34
					-0.0000	0.9848	0.1736
					-1.0000	-0.0000	0.0000
					0.0000	-0.1736	0.9848
					-22.3806	-5.0655	7.3295
				}
			}
			{bone "seat08"
				{Matrix34
					-0.0000	0.9848	0.1736
					-1.0000	-0.0000	0.0000
					0.0000	-0.1736	0.9848
					-11.9345	-5.0655	7.3295
				}
			}
			{bone "driver"
				{Matrix34
					0.9362	-0.0000	0.3516
					0.0000	1.0000	-0.0000
					-0.3516	0.0000	0.9362
					11.7160	5.0786	1.0884
				}
			}
			{bone "engine"
				{parameters "ID=engine;"}
				{animation
					{sequence "repair" {file "engine_r.anm"}}
				}
				{Position 34.7088	0.0322	10.9747}
				{VolumeView "engine.ply"}
			}
			{bone "seat04"
				{Matrix34
					-0.0012	-0.9848	0.1736
					1.0000	-0.0012	0.0000
					0.0002	0.1736	0.9848
					-42.3792	5.3460	5.4969
				}
			}
			{bone "seat03"
				{Matrix34
					-0.0012	-0.9848	0.1736
					1.0000	-0.0012	0.0000
					0.0002	0.1736	0.9848
					-32.2024	5.3333	5.4969
				}
			}
			{bone "seat02"
				{Matrix34
					-0.0012	-0.9848	0.1736
					1.0000	-0.0012	0.0000
					0.0002	0.1736	0.9848
					-20.6095	5.3188	5.4969
				}
			}
			{bone "seat01"
				{Matrix34
					-0.0012	-0.9848	0.1736
					1.0000	-0.0012	0.0000
					0.0002	0.1736	0.9848
					-9.3447	5.3047	5.4969
				}
			}
			{bone revolute "turret"
				{parameters "ID=turret;"}
				{limits -30.0000 30.0000}
				{speed 0.0500}
				{Matrix34
					0.9999	-0.0158	0.0000
					0.0158	0.9999	0.0000
					0.0000	0.0000	1.0000
					-17.9762	0.0000	24.8582
				}
				{VolumeView "turret.ply"}
				{bone "gunner"
					{Position 13.9085	0.0510	-17.6301}
				}
				{bone "Visor1"
					{Position 32.0224	0.1089	4.0122}
				}
				{bone revolute "gun_rot"
					{limits -40.0000 40.0000}
					{speed 0.1000}
					{Matrix34
						0.9999	0.0158	0.0000
						-0.0158	0.9999	0.0000
						0.0000	0.0000	1.0000
						26.8751	-0.1230	1.9937
					}
					{bone revolute "MGun"
						{parameters "ID=body;"}
						{limits -10.0000 15.0000}
						{speed 0.0500}
						{Matrix34
							0.9999	-0.0158	0.0017
							-0.0017	0.0000	1.0000
							-0.0158	-0.9999	-0.0000
							0.0698	0.1260	0.9789
						}
					}
				}
			}
			{bone "Visor2"
				{Position 19.2160	7.5968	22.4105}
			}
			{bone revolute "wheelL2"
				{parameters "ID=wheelleft2;"}
				{Matrix34
					-1.0000	0.0000	-0.0000
					-0.0000	-0.0000	1.0000
					0.0000	1.0000	0.0000
					24.2393	0.3447	0.6561
				}
				{VolumeView "wheelL2.ply"}
			}
			{bone revolute "WheelR5"
				{parameters "ID=wheelright5;"}
				{Matrix34
					-0.7071	-0.0000	0.7071
					0.7071	-0.0000	0.7071
					-0.0000	-1.0000	-0.0000
					-34.5790	0.4155	-2.3894
				}
				{VolumeView "WheelR5.ply"}
			}
			{bone "Visor3"
				{Matrix34
					0.9999	-0.0158	-0.0000
					0.0158	0.9999	-0.0000
					0.0000	0.0000	1.0000
					-20.2025	0.0649	30.5891
				}
			}
		}
		{bone "pivot_front"
			{Position 45.2624	-0.4769	10.4543}
			{bone revolute "steer_R1"
				{Matrix34
					1.0000	0.0000	0.0000
					0.0000	-1.0000	-0.0000
					0.0000	0.0000	-1.0000
					2.5370	-13.1632	-0.1690
				}
				{bone revolute "WheelR1"
					{parameters "ID=wheelright1;"}
					{Matrix34
						-0.0000	-0.0000	-1.0000
						1.0000	-0.0000	0.0000
						-0.0000	-1.0000	0.0000
						0.0000	3.5141	2.0602
					}
					{VolumeView "WheelR1.ply"}
				}
			}
			{bone revolute "steer_L1"
				{Matrix34
					1.0000	0.0000	0.0000
					0.0000	-1.0000	-0.0000
					0.0000	0.0000	-1.0000
					2.5370	12.9952	-0.1690
				}
				{bone revolute "WheelL1"
					{parameters "ID=wheelleft1;"}
					{Matrix34
						-0.0000	-0.0000	-1.0000
						1.0000	-0.0000	0.0000
						-0.0000	-1.0000	0.0000
						0.0000	-3.4684	2.0602
					}
					{VolumeView "WheelL1.ply"}
				}
			}
		}
		{bone "Pivot_back"
			{Position -27.6406	0.0037	6.7853}
			{bone revolute "spring_L"
				{Matrix34
					1.0000	0.0000	0.0000
					0.0000	0.0175	0.9998
					0.0000	-0.9998	0.0175
					0.1990	11.9811	1.9186
				}
				{bone revolute "WheelL5"
					{parameters "ID=wheelleft4;"}
					{Matrix34
						-1.0000	-0.0000	0.0000
						0.0000	0.9998	0.0175
						0.0000	-0.0175	0.9998
						1.3587	-2.2525	12.2867
					}
					{VolumeView "WheelL5.ply"}
				}
				{bone revolute "WheelL4"
					{parameters "ID=wheelleft4;"}
					{Matrix34
						-0.9744	-0.2247	-0.0039
						-0.2247	0.9743	0.0170
						0.0000	-0.0175	0.9998
						15.9874	-2.2526	12.2897
					}
					{VolumeView "WheelL4.ply"}
				}
				{bone revolute "WheelL3"
					{parameters "ID=wheelleft3;"}
					{Matrix34
						-0.9395	-0.3425	-0.0060
						-0.3425	0.9394	0.0164
						0.0000	0.0175	-0.9998
						30.8158	-2.2539	12.3671
					}
					{VolumeView "WheelL3.ply"}
				}
				{bone "TrackL"
					{parameters "CommonMesh;ID=trackleft;"}
					{Matrix34
						-1.0000	0.0037	0.0001
						-0.0000	-0.0175	0.9998
						0.0037	0.9998	0.0175
						26.8720	-6.7033	-1.7969
					}
					{VolumeView "TrackL.ply"}
					{bone "FXtraceL1"
						{Matrix34
							1.0000	0.0000	-0.0037
							-0.0000	1.0000	-0.0000
							0.0037	0.0000	1.0000
							-1.0534	-1.9627	2.5434
						}
					}
				}
			}
			{bone revolute "spring_R"
				{Matrix34
					1.0000	0.0000	0.0000
					0.0000	0.0175	0.9998
					0.0000	-0.9998	0.0175
					0.1990	-12.0706	2.3384
				}
				{bone revolute "WheelR4"
					{parameters "ID=wheelright4;"}
					{Matrix34
						-0.5000	-0.8659	-0.0151
						-0.8660	0.4999	0.0087
						-0.0000	0.0175	-0.9998
						9.1845	-2.7062	-11.7624
					}
					{VolumeView "WheelR4.ply"}
				}
				{bone revolute "WheelR3"
					{parameters "ID=wheelright3;"}
					{Matrix34
						-0.9712	-0.2382	-0.0042
						-0.2382	0.9711	0.0169
						0.0000	0.0175	-0.9998
						24.2468	-2.2523	-11.7851
					}
					{VolumeView "WheelR3.ply"}
				}
				{bone revolute "WheelR2"
					{parameters "ID=wheelright2;"}
					{Matrix34
						-0.8261	0.5634	0.0098
						0.5635	0.8260	0.0144
						0.0000	0.0175	-0.9998
						37.9333	-1.8721	-11.8406
					}
					{VolumeView "WheelR2.ply"}
				}
				{bone "TrackR"
					{parameters "CommonMesh;ID=trackright;"}
					{Matrix34
						-1.0000	0.0037	0.0001
						-0.0000	-0.0175	0.9998
						0.0037	0.9998	0.0175
						26.8720	-7.2566	5.8486
					}
					{VolumeView "TrackR.ply"}
					{bone "FXtraceR1"
						{Matrix34
							1.0000	0.0000	-0.0037
							-0.0000	1.0000	-0.0000
							0.0037	0.0000	1.0000
							-1.0534	-1.0859	2.5434
						}
					}
				}
			}
			{bone "FXTraceL2"
				{Matrix34
					-0.8932	0.0060	0.4497
					-0.0067	-1.0000	-0.0000
					0.4497	-0.0030	0.8932
					1.9981	16.4190	-5.6616
				}
			}
			{bone "FXTraceR2"
				{Matrix34
					-0.8932	0.0060	0.4497
					-0.0067	-1.0000	-0.0000
					0.4497	-0.0030	0.8932
					1.8090	-15.1538	-5.5664
				}
			}
		}
		{bone "emit1"
			{parameters "Group=crew;"}
			{Matrix34
				-0.0000	-1.0000	0.0000
				1.0000	-0.0000	0.0000
				0.0000	0.0000	1.0000
				8.0852	41.5818	-0.0000
			}
			{visibility 0}
		}
		{bone "emit2"
			{parameters "Group=crew;"}
			{Matrix34
				-0.0000	1.0000	0.0000
				-1.0000	-0.0000	0.0000
				0.0000	0.0000	1.0000
				8.0852	-42.3357	-0.0000
			}
			{visibility 0}
		}
		{bone "emit5"
			{parameters "Group=passengers;"}
			{Matrix34
				-0.0000	-1.0000	0.0000
				1.0000	-0.0000	0.0000
				0.0000	0.0000	1.0000
				-47.8225	41.5818	-0.0000
			}
			{visibility 0}
		}
		{bone "emit4"
			{parameters "Group=passengers;"}
			{Matrix34
				-0.0000	-1.0000	0.0000
				1.0000	-0.0000	0.0000
				0.0000	0.0000	1.0000
				-29.3891	41.5818	-0.0000
			}
			{visibility 0}
		}
		{bone "emit3"
			{parameters "Group=passengers;"}
			{Matrix34
				-0.0000	-1.0000	0.0000
				1.0000	-0.0000	0.0000
				0.0000	0.0000	1.0000
				-10.6148	41.5818	-0.0000
			}
			{visibility 0}
		}
		{bone "emit8"
			{parameters "Group=passengers;"}
			{Matrix34
				-0.0000	1.0000	0.0000
				-1.0000	-0.0000	0.0000
				0.0000	0.0000	1.0000
				-47.8225	-42.3328	-0.0000
			}
			{visibility 0}
		}
		{bone "emit9"
			{parameters "Group=passengers;"}
			{Matrix34
				-0.0000	1.0000	0.0000
				-1.0000	-0.0000	0.0000
				0.0000	0.0000	1.0000
				-29.3891	-42.3328	-0.0000
			}
			{visibility 0}
		}
		{bone "emit10"
			{parameters "Group=passengers;"}
			{Matrix34
				-0.0000	1.0000	0.0000
				-1.0000	-0.0000	0.0000
				0.0000	0.0000	1.0000
				-10.6148	-42.3328	-0.0000
			}
			{visibility 0}
		}
		{bone "emit6"
			{parameters "Group=passengers;"}
			{Position -78.7505	8.4160	0.0000}
			{visibility 0}
		}
		{bone "emit7"
			{parameters "Group=passengers;"}
			{Position -78.7505	-10.1662	0.0000}
			{visibility 0}
		}
	}
}
{Volume "trackright"
	{Box 60.8542 5.49797 14.3824}
	{Bone "spring_R"}
	{Matrix34
		1.0000	0.0029	0.0001
		0.0000	0.0175	-0.9998
		-0.0029	0.9998	0.0175
		14.6780	-2.0624	4.3138
	}
}
{Volume "trackleft"
	{Box 61.7351 5.60793 14.3824}
	{Bone "spring_L"}
	{Matrix34
		1.0000	0.0033	0.0001
		0.0000	0.0175	-0.9998
		-0.0033	0.9998	0.0175
		15.1827	-1.5083	-3.3793
	}
}
{Volume "wheelleft1"
	{Cylinder 8.21178 4.47757}
	{Bone "WheelL1"}
	{Matrix34
		0.0000	-1.0000	0.0000
		1.0000	0.0000	0.0000
		-0.0000	0.0000	1.0000
		-0.0468	0.1019	0.1285
	}
}
{Volume "wheelright1"
	{Cylinder 8.21178 4.47757}
	{Bone "WheelR1"}
	{Matrix34
		0.0000	-1.0000	0.0000
		1.0000	0.0000	0.0000
		-0.0000	0.0000	1.0000
		-0.0468	0.1019	0.1843
	}
}
{Volume "inventory"
	{Box 20.2444 23.2817 10.027}
	{Bone "Body"}
	{Matrix34
		-0.0000	1.0000	0.0000
		-1.0000	-0.0000	0.0000
		0.0000	0.0000	1.0000
		0.2306	0.0787	4.0248
	}
}
{Volume "engine"
	{Polyhedron "engine.vol"}
	{Bone "engine"}
	{Position 5.8872	-0.0205	-10.4702}
}
{Volume "Body2"
	{Polyhedron "Body2.vol"}
	{Bone "Body"}
	{Position -20.0316	-0.3198	16.3947}
}
{Volume "Body1"
	{Polyhedron "Body1.vol"}
	{Bone "Body"}
	{Position -12.6122	-0.3198	-1.9218}
}
{Volume "fuel"
	{Box 20.2444 23.2817 6.04035}
	{Bone "Body"}
	{Matrix34
		-0.0000	1.0000	0.0000
		-1.0000	-0.0000	0.0000
		0.0000	0.0000	1.0000
		-25.6894	0.0787	2.0315
	}
}
