;MDL File generated by <St.(Andrey)> & ZeiraM
;Model created by: <St.(Andrey)>
;PLY Geometry by: <St.(Andrey) & ZeiraM>
;VOL Geometry by: <St.(Andrey)> & ZeiraM>
;SKIN created by: <ZeiraM>
{Skeleton
    {Animation
        {sequence "start"}
        {sequence "stop"}
        {sequence "fire"}
    }
    {bone "basis"
        {Orientation
            1.0000 0.0000 0.0000
            0.0000 -1.0000 0.0000
            0.0000 0.0000 1.0000
        }
        {bone "emit1"
            {Position -48.8269 -9.6442 1.2000}
            {visibility 0}
        }
        {bone "emit2"
            {Matrix34
                0.0750 0.9972 0.0000
                -0.9972 0.0750 0.0000
                0.0000 0.0000 1.0000
                28.5908 -42.9823 1.2000
            }
            {visibility 0}
        }
        {bone "body"
            {parameters "ID=body;"}
            {Matrix34
                -1.0000 0.0000 0.0000
                0.0000 -0.9999 -0.0035
                0.0000 -0.0035 0.9999
                -2.9000 -0.9668 6.3038
            }
            {VolumeView "body.ply"}
            {bone revolute "turret"
                {limits -10.0000 10.0000}
                {speed 0.0030}
                {Matrix34
                    -1.0000 0.0018 0.0004
                    -0.0018 -0.9996 -0.0286
                    0.0004 -0.0286 0.9996
                    2.3582 -2.2681 20.3606
                }
                {bone revolute "gun_rot"
                    {parameters "ID=gun;"}
                    {limits -10.0000 10.0000}
                    {speed 0.0030}
                    {Matrix34
                        1.0000 0.0000 -0.0035
                        0.0035 0.0000 1.0000
                        0.0000 -1.0000 0.0000
                        3.3000 0.8000 12.0000
                    }
                    {VolumeView "gun_rot.ply"}
                    {bone "gun"
                        {parameters "ID=gun;"}
                        {Matrix34
                            0.9999 0.0105 0.0031
                            -0.0043 0.1215 0.9926
                            0.0100 -0.9925 0.1215
                            9.1977 0.1451 0.4253
                        }
                        {VolumeView "gun.ply"}
                        {bone "Foresight1"
                            {Matrix34
                                1.0000 0.0000 0.0000
                                0.0000 -0.9897 -0.1428
                                0.0000 0.1428 -0.9897
                                38.0000 -1.2460 4.3872
                            }
                        }
                    }
                }
            }
            {bone "commander"
                {Matrix34
                    -0.9998 0.0105 0.0103
                    -0.0106 -0.9999 -0.0034
                    0.0103 -0.0035 0.9999
                    17.5093 -10.1318 10.9794
                }
            }
            {bone "gunner"
                {Matrix34
                    -1.0000 0.0069 -0.0003
                    -0.0069 -0.9999 0.0088
                    -0.0002 0.0088 1.0000
                    26.0792 -0.9673 11.3351
                }
            }
            {bone "charger"
                {Matrix34
                    -0.4854 -0.8743 0.0003
                    0.8742 -0.4854 0.0124
                    -0.0107 0.0063 0.9999
                    13.6864 8.8032 10.8644
                }
            }
            {bone "FXfire1"
                {Matrix34
                    0.0077 -0.0103 1.0000
                    -0.0099 -0.9999 -0.0102
                    0.9999 -0.0098 -0.0077
                    -19.5252 12.1608 21.4801
                }
                {visibility 0}
            }
            {bone "FXshot"
                {Matrix34
                    -0.0017 -0.0023 1.0000
                    0.0019 -1.0000 -0.0023
                    1.0000 0.0019 0.0017
                    4.2431 -3.5551 14.6557
                }
                {visibility 0}
            }
            {bone "FXsmoke2"
                {Matrix34
                    0.9997 -0.0262 -0.0035
                    -0.0026 0.0349 -0.9994
                    0.0263 0.9990 0.0348
                    31.1801 21.8091 24.8270
                }
                {visibility 0}
            }
            {bone "FXsmoke1"
                {Matrix34
                    0.9997 0.0133 0.0157
                    -0.0157 -0.0010 0.9998
                    0.0134 -0.9999 -0.0009
                    30.7367 25.9706 24.8320
                }
                {visibility 0}
            }
            {bone "FXfire2"
                {Matrix34
                    -0.0034 -0.0086 1.0000
                    0.0103 -0.9999 -0.0085
                    1.0000 0.0102 0.0035
                    -4.6020 3.4885 19.5957
                }
                {visibility 0}
            }
            {bone "Visor1"
                {Matrix34
                    -0.9999 -0.0110 0.0001
                    0.0110 -0.9999 0.0105
                    0.0000 0.0105 0.9999
                    1.9988 -9.7500 39.1986
                }
                {visibility 0}
            }
            {bone revolute "wheelr2"
                {Matrix34
                    0.9988 0.0281 -0.0391
                    0.0393 -0.0052 0.9992
                    0.0279 -0.9996 -0.0063
                    -42.3014 -23.9319 6.9413
                }
                {VolumeView "wheelr2.ply"}
            }
            {bone revolute "wheell2"
                {Matrix34
                    0.9994 0.0349 -0.0001
                    0.0000 0.0017 1.0000
                    0.0349 -0.9994 0.0017
                    -42.6233 22.8389 7.1634
                }
                {VolumeView "wheell2.ply"}
            }
            {bone revolute "wheell1"
                {Matrix34
                    0.9994 0.0349 0.0037
                    -0.0035 -0.0052 1.0000
                    0.0349 -0.9994 -0.0051
                    35.7165 22.3225 7.6438
                }
                {VolumeView "wheell1.ply"}
            }
            {bone revolute "wheelr1"
                {Matrix34
                    0.9994 0.0349 -0.0069
                    0.0070 -0.0009 1.0000
                    0.0349 -0.9994 -0.0011
                    35.2251 -24.4934 6.5363
                }
                {VolumeView "wheelr1.ply"}
            }
        }
        {bone "wheelsl"
            {parameters "ID=trackleft;"}
            {Matrix34
                1.0000 0.0000 0.0000
                0.0000 0.0105 0.9999
                0.0000 -0.9999 0.0105
                13.2000 44.1484 13.9385
            }
            {VolumeView "wheelsl.ply"}
            {bone "FXtraceL1"
                {Matrix34
                    -1.0000 0.0000 0.0070
                    0.0070 0.0000 1.0000
                    0.0000 1.0000 0.0000
                    12.2074 -12.7279 67.2003
                }
                {visibility 0}
            }
            {bone "FXtraceL2"
                {Matrix34
                    -0.8941 0.4478 0.0036
                    0.0049 0.0018 1.0000
                    0.4478 0.8941 -0.0038
                    -49.7063 -11.1593 67.5328
                }
                {visibility 0}
            }
            {bone "TrackL"
                {parameters "ID=trackleft;"}
                {Position -17.3000 -1.1000 67.1000}
                {VolumeView "TrackL.ply"}
            }
        }
        {bone "wheelsr"
            {parameters "ID=trackright;"}
            {Matrix34
                1.0000 0.0000 0.0000
                0.0000 0.0000 1.0000
                0.0000 -1.0000 0.0000
                10.8000 20.6000 14.8000
            }
            {VolumeView "wheelsr.ply"}
            {bone "FXtraceR1"
                {Matrix34
                    -0.9996 0.0000 0.0279
                    -0.0279 0.0000 -0.9996
                    0.0000 1.0000 0.0000
                    15.0260 -13.3279 -2.5113
                }
                {visibility 0}
            }
            {bone "FXtraceR2"
                {Matrix34
                    -0.8643 0.5030 0.0034
                    -0.0049 -0.0018 -1.0000
                    0.5030 0.8643 -0.0040
                    -47.4956 -11.7038 -2.4437
                }
                {visibility 0}
            }
            {bone "TrackR"
                {parameters "ID=trackright;"}
                {Position -14.4000 -1.5000 -3.7000}
                {VolumeView "TrackR.ply"}
            }
        }
    }
}
{Volume "Trackright"
    {Box 104.6150 10.5794 25.7066}
    {Bone "wheelsr"}
    {Matrix34
        0.8879 0.0000 0.0000
        0.0000 0.0000 -0.7316
        0.0000 0.8314 0.0000
        -8.0035 -4.2747 -3.1639
    }
}
{Volume "Trackleft"
    {Box 104.6150 10.5794 25.7066}
    {Bone "wheelsl"}
    {Matrix34
        -0.8838 0.0000 0.0000
        0.0000 0.0000 0.8255
        0.0000 0.8250 0.0000
        -10.6508 -4.5423 68.7927
    }
}
{Volume "gun"
    {Cylinder 2.19122 53.88890}
    {Bone "gun"}
    {Matrix34
        0.0000 0.0000 0.6250
        0.0000 0.9107 0.0000
        -0.5773 0.0000 0.0000
        17.0711 -1.2777 4.1769
    }
}
{Volume "Body3"
    {Polyhedron "body2.vol"}
    {Bone "body"}
    {Matrix34
        -0.4392 -0.0018 0.0000
        0.0019 -0.6467 -0.0045
        -0.0001 -0.0101 0.5866
        20.5901 -0.7316 25.5222
    }
}
{Volume "Body2"
    {Box 86.9498 46.1986 8.9169}
    {Bone "body"}
    {Matrix34
        -0.8263 0.0000 0.0000
        0.0000 -0.8033 -0.0072
        0.0000 0.0222 0.7229
        1.7112 -0.4279 17.9446
    }
}
{Volume "Body1"
    {Box 86.9498 46.1986 8.9169}
    {Bone "body"}
    {Matrix34
        -0.8387 0.0000 0.0000
        0.0000 -0.8033 -0.0072
        0.0000 0.0475 1.5468
        0.9861 -0.7444 7.6386
    }
}
{Volume "Engine"
    {Box 16.3125 33.0759 15.4736}
    {Bone "body"}
    {Matrix34
        0.9794 0.0000 0.0000
        0.0000 0.5155 0.0000
        0.0000 0.0000 1.0634
        -11.1637 9.8461 10.7399
    }
}
{Volume "Inventory"
    {Box 14.7610 30.5118 17.2593}
    {Bone "body"}
    {Matrix34
        1.0000 0.0000 0.0000
        0.0000 0.5293 0.0000
        0.0000 0.0000 1.0096
        -8.6000 -10.1395 9.9499
    }
}
{Volume "Crew"
    {Box 19.6814 19.6850 22.1273}
    {Bone "body"}
    {Matrix34
        1.2226 0.0000 0.0000
        0.0000 1.4825 0.0000
        0.0000 0.0000 0.9871
        20.9702 -1.1860 22.7218
    }
}
