;Exported by: vic
;Date:        Thu Jun 03 12:46:13 2004
;File:        D:\-Projects-\-3DWork-\Constructions\SK\kaserne_new.max
{Skeleton
	{bone "kaserne"
		{Orientation
			1.0000	0.0000	0.0000
			0.0000	-1.0000	0.0000
			0.0000	0.0000	1.0000
		}
		{VolumeView "kaserne.ply"}
		{bone "window8"
			{Position 26.5707	80.3019	25.2764}
			{VolumeView "window8.ply"}
			{bone "FX_glass08"
				{Matrix34
					-0.0000	0.9848	-0.1736
					-1.0000	-0.0000	0.0000
					-0.0000	0.1736	0.9848
					-2.1950	0.0360	14.7565
				}
			}
		}
		{bone "window1"
			{Position -43.8740	80.3019	25.2764}
			{VolumeView "window1.ply"}
			{bone "FX_glass01"
				{Matrix34
					-0.0000	0.9848	-0.1736
					-1.0000	-0.0000	0.0000
					-0.0000	0.1736	0.9848
					0.2660	0.0360	14.7565
				}
			}
		}
		{bone "window2"
			{Position -102.8086	45.0870	27.5011}
			{VolumeView "window2.ply"}
			{bone "FX_glass02"
				{Matrix34
					-0.9848	-0.0000	-0.1736
					0.0000	-1.0000	0.0000
					-0.1736	-0.0000	0.9848
					-0.0925	-0.4156	12.5319
				}
			}
		}
		{bone "window3"
			{Position -102.8086	-3.0633	27.5011}
			{VolumeView "window3.ply"}
			{bone "FX_glass03"
				{Matrix34
					-0.9848	-0.0000	-0.1736
					0.0000	-1.0000	0.0000
					-0.1736	-0.0000	0.9848
					-0.0925	0.1278	12.5319
				}
			}
		}
		{bone "window4"
			{Matrix34
				-0.0000	1.0000	0.0000
				-1.0000	-0.0000	0.0000
				0.0000	0.0000	1.0000
				-55.5411	-32.6610	27.3780
			}
			{VolumeView "window4.ply"}
			{bone "FX_glass04"
				{Matrix34
					-0.9848	-0.0000	-0.1736
					0.0000	-1.0000	0.0000
					-0.1736	-0.0000	0.9848
					-0.1473	-0.2605	12.6549
				}
			}
		}
		{bone "window5"
			{Position 41.7417	-78.9720	23.9091}
			{VolumeView "window5.ply"}
			{bone "FX_glass05"
				{Matrix34
					0.0000	-0.9848	-0.1736
					1.0000	0.0000	0.0000
					0.0000	-0.1736	0.9848
					3.3428	-0.0257	16.1239
				}
			}
		}
		{bone "window6"
			{Position 88.8613	-3.0633	27.5011}
			{VolumeView "window6.ply"}
			{bone "FX_glass06"
				{Matrix34
					0.9848	0.0000	-0.1736
					-0.0000	1.0000	0.0000
					0.1736	0.0000	0.9848
					0.1329	0.9600	12.5319
				}
			}
		}
		{bone "window7"
			{Position 88.9264	45.0870	27.5011}
			{VolumeView "window7.ply"}
			{bone "FX_glass07"
				{Matrix34
					0.9848	0.0000	-0.1736
					-0.0000	1.0000	0.0000
					0.1736	0.0000	0.9848
					0.0678	-0.0263	12.5319
				}
			}
		}
		{bone "Exterior_roof"
			{Position -7.0697	0.0000	76.2537}
			{VolumeView "Exterior_roof.ply"}
		}
		{bone "Interior"
			{Position -6.2824	23.8407	7.6247}
			{VolumeView "Interior.ply"}
		}
		{bone "window1_x"
			{Position -43.8740	79.5731	25.2764}
			{visibility 0}
			{VolumeView "window1_x.ply"}
		}
		{bone "window2_x"
			{Position -102.2849	45.0870	27.5011}
			{visibility 0}
			{VolumeView "window2_x.ply"}
		}
		{bone "window3_x"
			{Position -102.4458	-3.0633	27.5011}
			{visibility 0}
			{VolumeView "window3_x.ply"}
		}
		{bone "window4_x"
			{Matrix34
				-0.0000	1.0000	0.0000
				-1.0000	-0.0000	0.0000
				0.0000	0.0000	1.0000
				-55.5411	-32.1066	27.3780
			}
			{visibility 0}
			{VolumeView "window4_x.ply"}
		}
		{bone "window5_x"
			{Position 41.7417	-78.2886	23.9091}
			{visibility 0}
			{VolumeView "window5_x.ply"}
		}
		{bone "window6_x"
			{Position 88.1853	-3.0633	27.5011}
			{visibility 0}
			{VolumeView "window6_x.ply"}
		}
		{bone "window7_x"
			{Position 88.3577	45.0870	27.5011}
			{visibility 0}
			{VolumeView "window7_x.ply"}
		}
		{bone "window8_x"
			{Position 26.5707	79.8895	25.2764}
			{visibility 0}
			{VolumeView "window8_x.ply"}
		}
	}
}
{Obstacle "body6"
	{Obb2
		{Center -4.61802 40.969}
		{Extent 3.44488 7.22433}
		{Axis 1 0}
	}
	{Rotate}
}
{Obstacle "body5"
	{Obb2
		{Center 42.1966 79.5066}
		{Extent 44.7815 3.44489}
		{Axis 1 0}
	}
	{Rotate}
}
{Obstacle "body4"
	{Obb2
		{Center -4.61802 74.4863}
		{Extent 3.44488 7.22433}
		{Axis 1 0}
	}
	{Rotate}
}
{Obstacle "body3"
	{Obb2
		{Center -53.2469 32.9284}
		{Extent 52.0205 4.0394}
		{Axis 1 0}
	}
	{Rotate}
}
{Obstacle "body2"
	{Obb2
		{Center -102.786 -23.6829}
		{Extent 3.44489 59.3393}
		{Axis 1 0}
	}
	{Rotate}
}
{Obstacle "body1"
	{Obb2
		{Center 89.0848 -0.69075}
		{Extent 3.44489 83.0546}
		{Axis 1 0}
	}
	{Rotate}
}
{Area "Interior1"
	{Obb2
		{Center 42.1842 59.6587}
		{Extent 53.3194 24.2293}
		{Axis -1 0}
	}
	{Rotate}
}
{Area "Interior"
	{Obb2
		{Center -6.19437 -23.3986}
		{Extent 99.1188 59.9397}
		{Axis -1 0}
	}
	{Rotate}
}
{Obstacle "body"
	{Obb2
		{Center -7.06372 -80.4363}
		{Extent 98.2616 3.44489}
		{Axis 1 0}
	}
	{Rotate}
}
{Volume "body7"
	{Box 20.0836 4.93047 17.0006}
	{Bone "kaserne"}
	{Matrix34
		0.0000	1.0000	0.0000
		-1.0000	0.0000	0.0000
		0.0000	0.0000	1.0000
		-4.6180	-57.8404	57.7034
	}
}
{Volume "body6"
	{Box 14.4487 6.88976 68.0024}
	{Bone "kaserne"}
	{Matrix34
		0.0000	1.0000	0.0000
		-1.0000	0.0000	0.0000
		0.0000	0.0000	1.0000
		-4.6180	-40.9690	34.0012
	}
}
{Volume "body5"
	{Box 89.563 6.88976 64.2036}
	{Bone "kaserne"}
	{Matrix34
		-1.0000	-0.0000	0.0000
		0.0000	-1.0000	0.0000
		0.0000	0.0000	1.0000
		42.1966	-79.5066	32.1018
	}
}
{Volume "body4"
	{Box 14.4487 6.88976 64.0613}
	{Bone "kaserne"}
	{Matrix34
		0.0000	1.0000	0.0000
		-1.0000	0.0000	0.0000
		0.0000	0.0000	1.0000
		-4.6180	-74.4863	32.0307
	}
}
{Volume "body3"
	{Box 104.041 8.07879 68.8831}
	{Bone "kaserne"}
	{Matrix34
		-1.0000	0.0000	0.0000
		-0.0000	-1.0000	0.0000
		0.0000	0.0000	1.0000
		-53.2469	-32.9284	34.4416
	}
}
{Volume "body2"
	{Box 118.679 6.88976 68.8831}
	{Bone "kaserne"}
	{Matrix34
		-0.0000	-1.0000	0.0000
		1.0000	-0.0000	0.0000
		0.0000	0.0000	1.0000
		-102.7858	23.6829	34.4416
	}
}
{Volume "body1"
	{Box 166.109 6.88976 68.8831}
	{Bone "kaserne"}
	{Matrix34
		-0.0000	-1.0000	0.0000
		1.0000	-0.0000	0.0000
		0.0000	0.0000	1.0000
		89.0848	0.6908	34.4416
	}
}
{Volume "Hole_window7"
	{Box 7.78532 18.0847 24.47}
	{Bone "kaserne"}
	{Position 89.0448	45.2117	39.7361}
}
{Volume "Hole_window6"
	{Box 7.78532 18.0847 24.47}
	{Bone "kaserne"}
	{Position 89.0448	-3.0079	39.7361}
}
{Volume "Hole_window5"
	{Box 7.78532 51.5363 23.7432}
	{Bone "kaserne"}
	{Matrix34
		-0.0000	1.0000	0.0000
		-1.0000	-0.0000	0.0000
		0.0000	0.0000	1.0000
		42.6394	-79.3031	36.1036
	}
}
{Volume "Hole_window4"
	{Box 9.76 22.6036 24.47}
	{Bone "kaserne"}
	{Matrix34
		-0.0000	1.0000	0.0000
		-1.0000	-0.0000	0.0000
		0.0000	0.0000	1.0000
		-55.6095	-32.9489	39.7361
	}
}
{Volume "Hole_window3"
	{Box 7.78532 18.0847 24.47}
	{Bone "kaserne"}
	{Position -102.9460	-3.0740	39.7361}
}
{Volume "Hole_window1"
	{Box 53.5426 8.15505 26.0098}
	{Bone "kaserne"}
	{Position -43.6706	80.3801	38.2813}
}
{Volume "roof"
	{Polyhedron "roof.vol"}
	{Bone "Exterior_roof"}
	{Matrix34
		0.0000	1.0000	-0.0000
		-1.0000	0.0000	0.0000
		0.0000	0.0000	1.0000
		0.4632	29.4440	-7.3616
	}
}
{Volume "roof1"
	{Box 59.8007 108.629 1.59809}
	{Bone "Exterior_roof"}
	{Matrix34
		0.0000	0.9962	0.0872
		-1.0000	0.0000	-0.0000
		-0.0000	-0.0872	0.9962
		48.9506	-58.1269	-9.2995
	}
}
{Volume "Hole_window2"
	{Box 7.78532 18.0847 24.47}
	{Bone "kaserne"}
	{Position -102.9460	45.0870	39.7361}
}
{Volume "Hole_window"
	{Box 53.5426 8.15505 26.0098}
	{Bone "kaserne"}
	{Position 26.5707	80.3801	38.2813}
}
{Volume "window7"
	{Box 2.3029 18.0847 24.47}
	{Bone "window7"}
	{Position -0.0856	0.1667	12.2350}
}
{Volume "window6"
	{Box 2.3029 18.0847 24.47}
	{Bone "window6"}
	{Position -0.0205	0.0303	12.2350}
}
{Volume "window5"
	{Box 51.4328 1.54946 24.2428}
	{Bone "window5"}
	{Position 0.9274	-0.0633	12.1779}
}
{Volume "window4"
	{Box 2.10204 22.6036 24.47}
	{Bone "window4"}
	{Position 0.0245	0.0684	12.3581}
}
{Volume "window3"
	{Box 2.3029 18.0847 24.47}
	{Bone "window3"}
	{Position -0.0448	0.0303	12.2350}
}
{Volume "window2"
	{Box 2.3029 18.0847 24.47}
	{Bone "window2"}
	{Position -0.0448	0.0000	12.2350}
}
{Volume "window1"
	{Box 53.5426 1.54946 26.0098}
	{Bone "window1"}
	{Position 0.0556	-0.0245	13.0049}
}
{Volume "window8"
	{Box 53.5426 1.54946 26.0098}
	{Bone "window8"}
	{Position 0.0000	-0.0245	13.0049}
}
{Volume "body"
	{Box 196.523 6.88976 68.8831}
	{Bone "kaserne"}
	{Position -7.0637	80.4363	34.4416}
}
