;Exported by: garry
;Date:        Sun May 30 12:04:50 2004
;File:        D:\-Projects-\-3DWork-\Пушки\ZIS3\zis-3.max
{Skeleton
	{animation
		{sequence "recoil" {speed 0.7}}
	}
	{bone revolute "Basis"
		{speed 0.0050}
		{Orientation
			1.0000	0.0000	0.0000
			0.0000	-1.0000	0.0000
			0.0000	0.0000	1.0000
		}
		{bone "emit1"
			{Matrix34
				0.9336	-0.3584	-0.0000
				0.3584	0.9336	-0.0000
				0.0000	0.0000	1.0000
				-32.7803	14.9472	-7.0552
			}
			{visibility 0}
		}
		{bone "emit2"
			{Matrix34
				0.9998	-0.0175	-0.0000
				0.0175	0.9998	-0.0000
				-0.0000	0.0000	1.0000
				-34.2722	-9.3998	0.0954
			}
			{visibility 0}
		}
		{bone "Body"
			{parameters "ID=body;"}
			{animation
				{sequence "repair" {file "body_r.anm"}}
			}
			{Matrix34
				0.9998	-0.0175	-0.0000
				0.0175	0.9998	0.0000
				-0.0000	-0.0000	1.0000
				-59.3499	0.9704	0.6016
			}
			{VolumeView "Body.ply"}
			{bone "WheelL"
				{parameters "ID=wheelleft;"}
				{Matrix34
					-1.0000	0.0000	-0.0000
					0.0000	0.0000	1.0000
					-0.0000	1.0000	-0.0000
					59.4028	16.5479	9.0833
				}
				{VolumeView "WheelL.ply"}
			}
			{bone "WheelR"
				{parameters "ID=wheelright;"}
				{Matrix34
					-1.0000	0.0000	-0.0000
					0.0000	-0.0000	1.0000
					0.0000	-1.0000	-0.0000
					59.4029	-16.3292	9.0833
				}
				{VolumeView "WheelR.ply"}
			}
			{bone "commander"
				{Matrix34
					0.9563	0.2924	-0.0000
					-0.2922	0.9557	0.0347
					0.0101	-0.0332	0.9994
					38.5193	-12.9940	-0.7797
				}
			}
			{bone "gunner"
				{Matrix34
					0.9063	-0.4226	-0.0000
					0.4226	0.9063	0.0000
					0.0000	-0.0000	1.0000
					38.0904	13.5562	-0.8039
				}
			}
			{bone revolute "Turret"
				{parameters "ID=turret;"}
				{animation
					{sequence "repair" {file "turret_r.anm"}}
				}
				{limits -20.0000 20.0000}
				{speed 0.0100}
				{Matrix34
					1.0000	-0.0000	0.0000
					-0.0000	-0.0000	-1.0000
					-0.0000	1.0000	-0.0000
					59.8792	0.0318	12.7928
				}
				{VolumeView "Turret.ply"}
				{bone "Visor"
					{Matrix34
						0.9998	-0.0175	-0.0087
						0.0087	0.0000	1.0000
						-0.0175	-0.9998	0.0002
						-7.0916	-16.5085	7.6327
					}
				}
			}
			{bone revolute "gun_rot"
				{parameters "ID=gun;"}
				{limits -8.0000 15.0000}
				{speed 0.0050}
				{Matrix34
					1.0000	-0.0000	-0.0000
					0.0000	-0.0000	-1.0000
					-0.0000	1.0000	-0.0000
					59.6972	-0.0000	11.9060
				}
				{VolumeView "gun_rot.ply"}
					{bone "gun"
						{parameters "ID=gun;"}
						{Matrix34
							1.0000	0.0000	0.0000
							-0.0000	0.0000	1.0000
							-0.0000	-1.0000	0.0000
							22.3589	-6.5605	0.4618
						}
						{VolumeView "gun.ply"}
						{bone "Foresight1"
							{Matrix34
								1.0000	-0.0001	-0.0087
								-0.0000	1.0000	-0.0096
								0.0087	0.0096	0.9999
								42.7583	-0.1762	0.8086
							}
						}
					}
			}
		}
	}
}
{Obstacle "Rectangle02"
	{Obb2
		{Center 0.559995 0.757259}
		{Extent 7.25772 22.4004}
		{Axis -0.999848 -0.0174522}
	}
	{Rotate}
}
{Volume "gun"
	{Cylinder 0.805254 76.4335}
	{Bone "gun_rot"}
	{Matrix34
		0.0000	0.0000	1.0000
		0.0000	-1.0000	0.0000
		1.0000	-0.0000	0.0000
		26.0724	-7.1156	0.1292
	}
}
{Volume "turret"
	{Box 1.29978 41.6915 33.5279}
	{Bone "Turret"}
	{Matrix34
		0.9285	-0.3713	-0.0000
		-0.0000	-0.0000	1.0000
		-0.3713	-0.9285	0.0000
		-3.8227	-5.4852	0.0316
	}
}
{Volume "wheelright"
	{Cylinder 10.7852 3.72717}
	{Bone "WheelR"}
	{Position -0.0000	0.0000	1.8636}
}
{Volume "wheelleft"
	{Cylinder 10.7821 4.39142}
	{Bone "WheelL"}
	{Matrix34
		1.0000	-0.0000	0.0000
		-0.0000	1.0000	-0.0000
		0.0000	-0.0000	1.0000
		0.0000	-0.0000	1.7868
	}
}
{Volume "body2"
	{Cylinder 2.33309 65.7309}
	{Bone "Body"}
	{Matrix34
		0.4169	-0.9076	0.0489
		0.1164	0.0000	-0.9932
		0.9014	0.4198	0.1057
		29.7314	-19.7387	6.1066
	}
}
{Volume "body1"
	{Cylinder 2.33309 65.7309}
	{Bone "Body"}
	{Matrix34
		0.4170	0.9076	0.0486
		-0.1159	-0.0000	0.9933
		0.9015	-0.4198	0.1052
		29.7293	20.9988	6.1241
	}
}
