;Exported by: shevchenko
;Date:        Tue Apr 20 12:47:39 2004
;File:        D:\-Projects-\-3DWork-\sheva\SK\mill_water_wheel_fx.max
{Skeleton
	{bone "mill_water"
		{Orientation
			1.0000	0.0000	0.0000
			0.0000	-1.0000	0.0000
			0.0000	0.0000	1.0000
		}
		{VolumeView "mill_water.ply"}
		{bone revolute "wheel"
			{Matrix34
				-0.0000	0.0000	-1.0000
				0.0000	1.0000	0.0000
				1.0000	0.0000	-0.0000
				14.3883	-21.5164	0.1201
			}
			{VolumeView "wheel.ply"}
		}
		{bone "FX_wash1"
			{Matrix34
				-1.0000	0.0000	0.0000
				-0.0000	-1.0000	0.0000
				0.0000	0.0000	1.0000
				-3.3271	-51.3682	-24.6399
			}
		}
		{bone "FX_wash2"
			{Matrix34
				-1.0000	0.0000	0.0000
				-0.0000	-1.0000	0.0000
				0.0000	0.0000	1.0000
				-3.3271	8.2464	-24.6399
			}
		}
	}
}
{Obstacle "Body"
	{Obb2
		{Center 14.0443 21.9571}
		{Extent 14.8014 56.4132}
		{Axis 1 0}
	}
	{Rotate}
}
{Obstacle "Body2"
	{Obb2
		{Center 11.874 -69.4948}
		{Extent 21.7366 16.8504}
		{Axis 1 0}
	}
	{Rotate}
}
{Obstacle "Body1"
	{Obb2
		{Center -25.874 -21.934}
		{Extent 16.9584 64.0581}
		{Axis 1 0}
	}
	{Rotate}
}
{Volume "fx4"
	{Box 37.4016 1.54047 26.8701}
	{Bone "mill_water"}
	{Matrix34
		-0.0000	-0.3420	-0.9397
		-0.0000	-0.9397	0.3420
		-1.0000	0.0000	-0.0000
		12.7665	-75.9950	16.7199
	}
}
{Volume "fx3"
	{Box 23.5929 1.53543 25.8103}
	{Bone "mill_water"}
	{Matrix34
		0.0000	0.1736	-0.9848
		-0.0000	-0.9848	-0.1736
		-1.0000	0.0000	-0.0000
		13.5063	-79.2788	-11.1194
	}
}
{Volume "fx2"
	{Box 29.6719 1.53224 29.5276}
	{Bone "mill_water"}
	{Matrix34
		-0.0000	-0.4226	-0.9063
		-0.0000	-0.9063	0.4226
		-1.0000	0.0000	-0.0000
		13.7668	-80.8019	9.4711
	}
}
{Volume "fx1"
	{Box 34.4608 1.5201 26.9015}
	{Bone "mill_water"}
	{Matrix34
		-0.0000	-0.8192	-0.5736
		-0.0000	-0.5736	0.8192
		-1.0000	0.0000	-0.0000
		12.7518	-59.1435	41.6889
	}
}
{Volume "Body"
	{Cylinder 57.2835 29.6028}
	{Bone "wheel"}
	{Matrix34
		-1.0000	0.0000	0.0000
		0.0000	1.0000	0.0000
		-0.0000	0.0000	-1.0000
		0.1200	-0.4408	-0.3441
	}
}
{Volume "Body2"
	{Box 43.2936 33.7008 3.94961}
	{Bone "mill_water"}
	{Matrix34
		0.9962	-0.0000	0.0872
		-0.0000	1.0000	0.0000
		-0.0872	-0.0000	0.9962
		11.8740	69.4948	1.4851
	}
}
{Volume "Body1"
	{Box 128.116 33.7008 3.94961}
	{Bone "mill_water"}
	{Matrix34
		-0.0000	1.0000	-0.0000
		-0.9962	-0.0000	-0.0872
		-0.0872	-0.0000	0.9962
		-25.8740	21.9340	-1.8174
	}
}
