; made by Dinsen & Albus Jan 2009
{Skeleton
	{animation
		{sequence "flattern" {speed 1.3}}
		{sequence "drift" {speed 0.3}}
	}
	{bone "basis"
		{Orientation
			1.0000	0.0000	0.0000
			0.0000	-1.0000	0.0000
			0.0000	0.0000	1.0000
		}
		{bone "body"
			{parameters "ID=body;"}
			{Position 0	0	0}
			{VolumeView "body.ply"}
			{bone "body2"
				{parameters "ID=body;"}
				{VolumeView "body2.ply"}
				{bone "attach_light"
					{Matrix34
						0.0000	-1.0000	0.0000
						1.0000	0.0000	0.0000
						0.0000	0.0000	1.0000
						-275.882	-1.0113	78.0491
					}
				}
				{bone "emit3"
					{Matrix34
						0.0000	1.0000	0.0000
						-1.0000	0.0000	0.0000
						0.0000	0.0000	1.0000
						-395.9610	-101.831	17.7659
					}
					{visibility 0}
				}
				{bone "emit4"
					{Matrix34
						0.0000	-1.0000	0.0000
						1.0000	0.0000	0.0000
						0.0000	0.0000	1.0000
						-397.645	97.8966	15.2616
					}
					{visibility 0}
				}
				{bone "emit1"
					{Matrix34
						0.0000	1.0000	0.0000
						-1.0000	0.0000	0.0000
						0.0000	0.0000	1.0000
						407.125	-119.776	17.7659
					}
					{visibility 0}
				}
				{bone "emit2"
					{Matrix34
						0.0000	-1.0000	0.0000
						1.0000	0.0000	0.0000
						0.0000	0.0000	1.0000
						407.44	108.036	15.2616
					}
					{visibility 0}
				}
				{bone "emit5"
					{Matrix34
						0.0000	1.0000	0.0000
						-1.0000	0.0000	0.0000
						0.0000	0.0000	1.0000
						0.1250	-119.776	17.7659
					}
					{visibility 0}
				}
				{bone "emit6"
					{Matrix34
						0.0000	-1.0000	0.0000
						1.0000	0.0000	0.0000
						0.0000	0.0000	1.0000
						3.4450	108.036	15.2616
					}
					{visibility 0}
				}
				{bone "emit7"
					{Matrix34
						0.0000	-1.0000	0.0000
						1.0000	0.0000	0.0000
						0.0000	0.0000	1.0000
						-60.4450	108.036	15.2616
					}
				}
				{bone "emit8"
					{Matrix34
						0.0000	1.0000	0.0000
						-1.0000	0.0000	0.0000
						0.0000	0.0000	1.0000
						-60.1250	-119.776	17.7659
					}
				}
				{bone "emit9"
					{Matrix34
						0.0000	-1.0000	0.0000
						1.0000	0.0000	0.0000
						0.0000	0.0000	1.0000
						160.4450	108.036	15.2616
					}
				}
				{bone "emit0"
					{Matrix34
						0.0000	1.0000	0.0000
						-1.0000	0.0000	0.0000
						0.0000	0.0000	1.0000
						160.1250	-119.776	17.7659
					}
				}
				{bone "emita"
					{Matrix34
						0.0000	-1.0000	0.0000
						1.0000	0.0000	0.0000
						0.0000	0.0000	1.0000
						-275.9544	96.5036	15.2616
					}
				}
				{bone "emitb"
					{Matrix34
						0.0000	1.0000	0.0000
						-1.0000	0.0000	0.0000
						0.0000	0.0000	1.0000
						-275.9544	-96.576	15.2616
					}
				}
				{bone "emitx"
					{Matrix34
						0.0000	-1.0000	0.0000
						1.0000	0.0000	0.0000
						0.0000	0.0000	1.0000
						85.9544	96.5036	15.2616
					}
				}
				{bone "emitz"
					{Matrix34
						0.0000	1.0000	0.0000
						-1.0000	0.0000	0.0000
						0.0000	0.0000	1.0000
						85.9544	-96.576	15.2616
					}
				}
			}
			{bone "body3"
				{parameters "ID=body;"}
				{VolumeView "body3.ply"}
				{bone "driver"
					{Matrix34
						0.9994	0.0000	0.0349
						0.0000	1.0000	0.0000
						-0.0349	0.0000	0.9994
						14.4329	-0.4544	62.9335
					}
					{visibility 0}
				}
				{bone "commander"
					{Matrix34
						0.9994	0.0000	0.0349
						0.0000	1.0000	0.0000
						-0.0349	0.0000	0.9994
						24.4329	-0.4544	62.9335
					}
					{visibility 0}
				}
				{bone "passenger1"
					{Matrix34
						0.9994	0.0000	0.0349
						0.0000	1.0000	0.0000
						-0.0349	0.0000	0.9994
						34.4329	-0.4544	62.9335
					}
					{visibility 0}
				}
				{bone "passenger2"
					{Matrix34
						0.9994	0.0000	0.0349
						0.0000	1.0000	0.0000
						-0.0349	0.0000	0.9994
						44.4329	-0.4544	62.9335
					}
					{visibility 0}
				}
				{bone "passenger3"
					{Matrix34
						0.9994	0.0000	0.0349
						0.0000	1.0000	0.0000
						-0.0349	0.0000	0.9994
						54.4329	-0.4544	62.9335
					}
					{visibility 0}
				}
				{bone "passenger4"
					{Matrix34
						0.9994	0.0000	0.0349
						0.0000	1.0000	0.0000
						-0.0349	0.0000	0.9994
						64.4329	-0.4544	62.9335
					}
					{visibility 0}
				}
				{bone "passenger5"
					{Matrix34
						0.9994	0.0000	0.0349
						0.0000	1.0000	0.0000
						-0.0349	0.0000	0.9994
						74.4329	-0.4544	62.9335
					}
					{visibility 0}
				}
				{bone "passenger6"
					{Matrix34
						0.9994	0.0000	0.0349
						0.0000	1.0000	0.0000
						-0.0349	0.0000	0.9994
						84.4329	-0.4544	62.9335
					}
					{visibility 0}
				}
				{bone "passenger7"
					{Matrix34
						0.9994	0.0000	0.0349
						0.0000	1.0000	0.0000
						-0.0349	0.0000	0.9994
						94.4329	-0.4544	62.9335
					}
					{visibility 0}
				}
				{bone "passenger8"
					{Matrix34
						0.9994	0.0000	0.0349
						0.0000	1.0000	0.0000
						-0.0349	0.0000	0.9994
						104.4329	-0.4544	62.9335
					}
					{visibility 0}
				}
				{bone "attach_gun1"
					{Position 406.125	-0.7142	98.8583}
				}
				{bone "attach_gun2"
					{Matrix34
						-1.0000	0.0000	0.0000
						0.0000	-1.0000	0.0000
						0.0000	0.0000	1.0000
						-398.882	-1.0113	47.0491
					}
				}
				{bone "attach_gun3"
					{Matrix34
						-1.0000	0.0000	0.0000
						0.0000	-1.0000	0.0000
						0.0000	0.0000	1.0000
						-126.125	-0.7142	105.8583
					}
				}
				{bone "attach_mg1"
					{Matrix34
						0.0000	-1.0000	0.0000
						1.0000	0.0000	0.0000
						0.0000	0.0000	1.0000
						-70.1250	-62.7142	77.9583
					}
				}
				{bone "attach_mg2"
					{Matrix34
						0.0000	1.0000	0.0000
						-1.0000	0.0000	0.0000
						0.0000	0.0000	1.0000
						-70.1250	62.7142	77.9583
					}
				}
				{bone "attach_mg3"
					{Matrix34
						0.0000	-1.0000	0.0000
						1.0000	0.0000	0.0000
						0.0000	0.0000	1.0000
						160.1250	-67.7142	157.4585
					}
				}
				{bone "attach_mg4"
					{Matrix34
						0.0000	1.0000	0.0000
						-1.0000	0.0000	0.0000
						0.0000	0.0000	1.0000
						160.1250	67.7142	157.4585
					}
				}
				{bone "FX_smoke"
					{Matrix34
						-0.1736	0.0000	0.9848
						-0.0000	-1.0000	0.0000
						0.9848	-0.0000	0.1736
						49.7300	0.4000	223.911
					}
				}
			}
			{bone "mp_flag"
				{parameters "ID=CommonMesh;"}
				{Matrix34
					-0.9960	0.0000	-0.0889
					0.0000	-1.0000	0.0000
					-0.0889	0.0000	0.9960
					160.0000	0.5000	369.5000
				}
				{VolumeView "flag.ply"}
			}
			{bone "FX_bulb1"
				{Matrix34
					-0.9659	0.2588	0.0000
					-0.2588	-0.9659	0.0000
					0.0000	0.0000	1.0000
					-660.51	26.4867	9.4957
				}
			}
			{bone "FX_bulb2"
				{Matrix34
					-0.9659	-0.2588	0.0000
					-0.2588	0.9659	0.0000
					0.0000	0.0000	1.0000
					-661.324	-28.1222	9.4957
				}
			}
			{bone "FX_bulb_norm_engine1"
				{Matrix34
					-1.0000	0.0000	0.0000
					0.0000	-1.0000	0.0000
					0.0000	0.0000	1.0000
					-664.624	-0.3723	9.4957
				}
			}
			{bone "FX_bulb_norm_front1"
				{Matrix34
					0.4226	0.9063	0.0000
					-0.9063	0.4226	0.0000
					0.0000	0.0000	1.0000
					484.806	45.1862	9.4957
				}
			}
			{bone "FX_bulb_norm_front2"
				{Matrix34
					0.5000	-0.8660	0.0000
					0.8660	0.5000	0.0000
					0.0000	0.0000	1.0000
					480.904	-51.1949	9.4957
				}
			}
			{bone "FX_bulb_small_back1"
				{Matrix34
					0.0000	1.0000	0.0000
					-1.000	0.0000	0.0000
					0.0000	0.0000	1.0000
					-657.849	30.2706	9.4957
				}
			}
			{bone "FX_bulb_small_back2"
				{Matrix34
					0.0000	-1.0000	0.0000
					1.0000	0.0000	0.0000
					0.0000	0.0000	1.0000
					-658.663	-29.5819	9.4957
				}
			}
			{bone "FX_bulb_small_center1"
				{Matrix34
					0.0000	1.0000	0.0000
					-1.0000	0.0000	0.0000
					0.0000	0.0000	1.0000
					546.049	28.7255	9.4957
				}
			}
			{bone "FX_bulb_small_center2"
				{Matrix34
					0.0000	-1.0000	0.0000
					1.0000	0.0000	0.0000
					0.0000	0.0000	1.0000
					546.049	-31.3693	9.4957
				}
			}
			{bone "FX_bulb_small_center10"
				{Matrix34
					0.0871	-0.9962	0.0000
					0.9962	0.0871	0.0000
					0.0000	0.0000	1.0000
					447.969	-56.2961	9.4957
				}
			}
			{bone "FX_bulb_small_center4"
				{Matrix34
					0.0000	1.0000	0.0000
					-1.0000	0.0000	0.0000
					0.0000	0.0000	1.0000
					-157.489	77.5018	9.4957
				}
			}
			{bone "FX_bulb_small_center3"
				{Matrix34
					0.0042	0.9999	0.0000
					-0.9999	0.0042	0.0000
					0.0000	0.0000	1.0000
					183.193	76.1505	9.4957
				}
			}
			{bone "FX_bulb_small_center5"
				{Matrix34
					-0.0869	0.9961	0.0067
					-0.9961	-0.0870	0.0072
					0.0077	-0.0060	0.9999
					31.2303	76.5052	9.4957
				}
			}
			{bone "FX_bulb_small_center6"
				{Matrix34
					-0.0187	-0.9998	0.0038
					0.9998	-0.0187	-0.0067
					0.0067	0.0036	0.99997
					8.86817	-78.2237	9.4957
				}
			}
			{bone "FX_bulb_small_center7"
				{Matrix34
					0.0871	-0.9961	0.0008
					0.9961	0.0871	0.0099
					-0.0100	0.0000	0.9999
					174.481	-77.285	9.4957
				}
			}
			{bone "FX_bulb_small_center8"
				{Matrix34
					0.0871	0.9961	0.0015
					-0.9960	0.0871	-0.0173
					-0.0174	0.0000	0.9998
					259.993	73.8046	9.4957
				}
			}
			{bone "FX_bulb_small_center9"
				{Matrix34
					0.0963	-0.9953	0.0000
					0.9953	0.0963	0.0000
					0.0000	0.0000	1.0000
					253.996	-73.9079	9.4957
				}
			}
			{bone "barrel1"
				{Matrix34
					0.9961	0.0771	-0.0427
					0.0366	0.0784	0.9962
					0.0801	-0.9939	0.0753
					-606.7840	54.2458	43.5315
				}
				{VolumeView "barrel.ply"}
			}
			{bone "barrel2"
				{Matrix34
					0.1045	0.0000	0.9945
					0.9841	0.1444	-0.1034
					-0.1436	0.9895	0.0151
					-574.6330	33.2045	43.5040
				}
				{VolumeView "barrel.ply"}
			}
			{bone "barrel3"
				{Matrix34
					-0.0941	0.0000	-0.9956
					0.9915	-0.0906	-0.0937
					-0.0902	-0.9959	0.0085
					-603.3360	-29.6774	43.4721
				}
				{VolumeView "Barrel.ply"}
			}
			{bone "barrel4"
				{Matrix34
					0.9993	-0.0008	-0.0366
					0.0366	0.0209	0.9991
					0.0000	-0.9998	0.0209
					-578.6672	-31.8204	44.3628
				}
				{VolumeView "Barrel.ply"}
			}
		}
	}
}
{Obstacle "obstacle1"
	{Obb2
		{Center -9.9239 -0.4611}
		{Extent 640.3961 91.8780}
		{Axis -1 0}
	}
	{Rotate}
}
{Volume "ballast1"
	{Box 492.855 43.4973 60.2923}
	{Bone "body"}
	{Position 63.3072	-81.7092	-16.7028}
}
{Volume "ballast2"
	{Box 500.038 43.1359 61.2059}
	{Bone "body"}
	{Position 58.3338	72.5327	-16.246}
}
{Volume "ballast3"
	{Box 467.513 41.5368 58.9221}
	{Bone "body"}
	{Matrix34
		0.9961	-0.0871	0.0000
		0.0871	0.9961	0.0000
		0.0000	0.0000	1.0000
		-420.738	-62.129	-14.4534
	}
}
{Volume "ballast4"
	{Box 467.295 41.5368 58.4653}
	{Bone "body"}
	{Matrix34
		0.9961	0.0871	0.0000
		-0.0871	0.9961	0.0000
		0.0000	0.0000	1.0000
		-424.000	53.1581	-14.6818
	}
}
{Volume "ballast5"
	{Box 305.57 43.4973 60.7491}
	{Bone "body"}
	{Matrix34
		0.9848	0.1736	0.0000
		-0.1736	0.9848	0.0000
		0.0000	0.0000	1.0000
		464.049	-55.2009	-16.4744
	}
}
{Volume "ballast6"
	{Box 305.57 43.4973 60.7491}
	{Bone "body"}
	{Matrix34
		0.9848	-0.1736	0.0000
		0.1736	0.9848	0.0000
		0.0000	0.0000	1.0000
		463.904	46.7431	-16.4744
	}
}
{Volume "body1"
	{Polyhedron "body1.vol"}
	{Bone "body"}
	{Position -53.4341	-1.07271	-38.3139}
}
{Volume "body2"
	{Box 898.211 139.583 52.1335}
	{Bone "body"}
	{Position 140.4341	-1.07271	61.21}
}
{Volume "body3"
	{Box 129.753 159.669 102.182}
	{Bone "body"}
	{Position 202.414	-1.07271	123.863}
}
{Volume "body4"
	{Box 65.0581 36.4046 142.033}
	{Bone "body"}
	{Position 50.22	-1.07271	143.788}
}
