;Exported by: garry
;Date:        Fri Apr 16 13:49:40 2004
;File:        D:\-Projects-\-3DWork-\reload\D1\-3Dwork-\Soldiers\heroes\Face\heroes\ally\gb commandos2.max
{Skeleton
	{animation
		{sequence "animation1" {speed 0.5} {autostart}}
	}
	{bone revolute "Basis"
		{Orientation
			1.0000	0.0000	0.0000
			0.0000	-1.0000	0.0000
			0.0000	0.0000	1.0000
		}
		{bone "Body"
			{Matrix34
				0.3078	-0.0000	0.9515
				0.0000	-1.0000	-0.0000
				0.9515	0.0000	-0.3078
				-7.1827	0.0345	6.7796
			}
			{visibility 0}
			{bone "foot1L"
				{Matrix34
					0.6933	-0.2201	0.6862
					0.7190	0.2750	-0.6383
					0.0482	-0.9359	-0.3489
					-0.1435	-2.1310	-0.4890
				}
				{visibility 0}
				{bone "foot2L"
					{Matrix34
						-0.3189	-0.9478	0.0011
						0.9478	-0.3189	0.0010
						-0.0006	0.0014	1.0000
						9.3784	-0.0472	0.0000
					}
					{visibility 0}
					{bone "Bone06"
						{Matrix34
							0.2214	0.9740	0.0488
							-0.9723	0.2166	0.0881
							0.0752	-0.0670	0.9949
							8.7402	0.1133	0.0057
						}
						{visibility 0}
					}
					{bone "foot3L"
						{Matrix34
							0.3918	0.8966	-0.2062
							0.1347	0.1658	0.9769
							0.9101	-0.4105	-0.0558
							9.2003	-0.3463	-0.0730
						}
						{visibility 0}
						{bone "Bone07"
							{Position 2.6002	-0.0000	-0.0000}
							{visibility 0}
						}
					}
				}
			}
			{bone "foot1R"
				{Matrix34
					0.6513	0.1244	0.7485
					0.7583	-0.1403	-0.6366
					0.0258	0.9823	-0.1857
					-0.1435	2.1710	-0.4888
				}
				{visibility 0}
				{bone "foot2R"
					{Matrix34
						-0.2120	-0.9773	0.0012
						0.9773	-0.2120	0.0009
						-0.0007	0.0013	1.0000
						9.3783	-0.0472	0.0000
					}
					{visibility 0}
					{bone "Bone03"
						{Matrix34
							0.2214	0.9740	0.0488
							-0.9723	0.2166	0.0881
							0.0752	-0.0670	0.9949
							8.7402	0.1133	0.0057
						}
						{visibility 0}
					}
					{bone "foot3R"
						{Matrix34
							0.4527	0.8913	-0.0259
							-0.0396	-0.0090	-0.9992
							-0.8908	0.4533	0.0312
							9.2003	-0.3463	-0.0730
						}
						{visibility 0}
						{bone "Bone05"
							{Position 2.6001	0.0000	0.0000}
							{visibility 0}
						}
					}
				}
			}
			{bone revolute "IK_LeftRight"
				{limits -60.0000 60.0000}
				{speed 0.1000}
				{Matrix34
					-0.0000	-0.0000	1.0000
					-0.0000	-1.0000	-0.0000
					1.0000	-0.0000	-0.0000
					1.9037	0.0345	-0.0000
				}
				{visibility 0}
				{bone revolute "IK_UpDown"
					{limits -40.0000 20.0000}
					{speed 0.1000}
					{Matrix34
						1.0000	-0.0000	0.0000
						-0.0000	0.0000	1.0000
						-0.0000	-1.0000	0.0000
						0.0000	-0.0000	1.6680
					}
					{visibility 0}
					{bone "Head"
						{Matrix34
							0.9774	0.2110	0.0131
							0.0128	0.0028	-0.9999
							-0.2110	0.9775	-0.0000
							-0.0000	7.2146	0.0000
						}
						{visibility 0}
						{bone "cap"
							{Matrix34
								0.9040	0.0268	0.4266
								0.0297	-0.9996	-0.0002
								-0.4264	-0.0128	0.9044
								-0.6630	-0.0180	3.6758
							}
							{VolumeView "cap.ply"}
						}
					}
					{bone "Hand1R"
						{Matrix34
							0.9037	-0.4131	0.1125
							0.1359	0.0275	-0.9903
							0.4060	0.9103	0.0810
							-0.0888	5.8989	4.1259
						}
						{visibility 0}
						{bone "Hand2R"
							{Matrix34
								-0.0070	1.0000	-0.0000
								-1.0000	-0.0070	-0.0000
								0.0000	-0.0000	1.0000
								6.2681	-0.0000	0.0000
							}
							{visibility 0}
							{bone "Hand3R"
								{Matrix34
									0.9881	0.1233	-0.0920
									-0.0896	0.9473	0.3075
									0.1250	-0.2956	0.9471
									5.1922	0.0000	-0.0000
								}
								{visibility 0}
							}
						}
					}
					{bone "Hand1L"
						{Matrix34
							0.9925	-0.0591	-0.1073
							0.0847	-0.3013	0.9498
							-0.0884	-0.9517	-0.2940
							-0.0888	5.8989	-4.1339
						}
						{visibility 0}
						{bone "Hand2L"
							{Matrix34
								0.1653	0.9862	-0.0000
								-0.9862	0.1653	-0.0000
								0.0000	-0.0000	1.0000
								6.2681	-0.0000	0.0000
							}
							{visibility 0}
							{bone "Hand3L"
								{Matrix34
									0.8885	-0.3289	0.3200
									0.1689	0.8827	0.4385
									-0.4267	-0.3355	0.8399
									5.1922	-0.0000	0.0000
								}
								{visibility 0}
							}
							{bone "enfield"
								{Matrix34
									0.5811	-0.4835	0.6547
									-0.0525	0.7804	0.6230
									-0.8122	-0.3964	0.4281
									3.7127	1.5147	2.7375
								}
								{VolumeView "enfield.ply"}
							}
						}
					}
				}
			}
		}
		{bone "Skin"
			{parameters "CommonMesh;NoSkin;"}
			{Matrix34
				0.9063	0.0000	-0.4226
				-0.0000	-1.0000	-0.0000
				0.4226	-0.0000	0.9063
				0.9924	-0.0001	26.9396
			}
			{VolumeView "Skin.ply"}
		}
	}
}
