;Exported by: ubrashaev
;Date:        Mon Apr 19 10:28:06 2004
;File:        D:\-Projects-\-work-\3d\construction\city\mill_granary_x.max
{Skeleton
	{animation
		{sequence "crush" {speed 0.4}}
	}
	{bone "mill_granary1_x"
		{parameters "CommonMesh;"}
		{Orientation
			1.0000	0.0000	0.0000
			0.0000	-1.0000	0.0000
			0.0000	0.0000	1.0000
		}
		{VolumeView "mill_granary1_x.ply"}
		{bone "Piece0"
			{Matrix34
				-0.0000	-1.0000	-0.0000
				0.0000	-0.0000	1.0000
				-1.0000	0.0000	0.0000
				-33.2872	-22.1212	70.8478
			}
			{VolumeView "Piece0.ply"}
		}
		{bone "Piece1"
			{Matrix34
				0.1504	-0.8529	-0.5000
				0.0868	-0.4924	0.8660
				-0.9848	-0.1736	0.0000
				-33.2872	18.2297	40.0514
			}
			{VolumeView "Piece1.ply"}
		}
		{bone "Piece10"
			{Matrix34
				0.9962	0.0000	0.0872
				-0.0872	0.0000	0.9962
				0.0000	-1.0000	0.0000
				-32.2254	-40.8427	51.9077
			}
			{VolumeView "Piece10.ply"}
		}
		{bone "Piece11"
			{Matrix34
				1.0000	-0.0000	-0.0000
				0.0000	0.0000	1.0000
				-0.0000	-1.0000	0.0000
				-27.5309	-40.8427	71.5824
			}
			{VolumeView "Piece11.ply"}
		}
		{bone "Piece2"
			{Matrix34
				-0.0000	-0.4226	-0.9063
				0.0000	0.9063	-0.4226
				1.0000	-0.0000	0.0000
				-33.2872	-40.0589	68.3658
			}
			{VolumeView "Piece2.ply"}
		}
		{bone "Piece3"
			{Matrix34
				-0.0000	-0.8192	-0.5736
				0.0000	-0.5736	0.8192
				-1.0000	0.0000	0.0000
				-33.2872	35.0139	53.3919
			}
			{VolumeView "Piece3.ply"}
		}
		{bone "Piece4"
			{Matrix34
				0.0000	-1.0000	0.0000
				0.0000	0.0000	1.0000
				-1.0000	-0.0000	0.0000
				-33.2872	11.4874	71.6357
			}
			{VolumeView "Piece4.ply"}
		}
		{bone "Piece5"
			{Matrix34
				0.0000	0.0872	0.9962
				0.0000	0.9962	-0.0872
				-1.0000	0.0000	-0.0000
				-33.2872	39.8605	73.7623
			}
			{VolumeView "Piece5.ply"}
		}
		{bone "Piece7"
			{Matrix34
				0.0000	-1.0000	-0.0000
				0.0000	0.0000	-1.0000
				1.0000	0.0000	0.0000
				-33.2853	-26.6620	37.0524
			}
			{VolumeView "Piece7.ply"}
		}
		{bone "Piece12"
			{Matrix34
				1.0000	0.0000	-0.0000
				0.0000	0.0000	1.0000
				0.0000	-1.0000	0.0000
				26.6403	-40.8427	72.0306
			}
			{VolumeView "Piece12.ply"}
		}
		{bone "Piece6"
			{Matrix34
				-0.9848	-0.0000	-0.1736
				0.1736	-0.0000	-0.9848
				0.0000	-1.0000	0.0000
				-0.1341	-40.6743	52.8037
			}
			{VolumeView "Piece6.ply"}
		}
		{bone "Piece8"
			{Matrix34
				-0.9063	-0.0000	0.4226
				-0.4226	-0.0000	-0.9063
				0.0000	-1.0000	0.0000
				27.1979	-40.8427	54.7361
			}
			{VolumeView "Piece8.ply"}
		}
		{bone "Piece9"
			{Matrix34
				0.3420	0.0000	0.9397
				-0.9397	-0.0000	0.3420
				0.0000	-1.0000	-0.0000
				42.8956	-40.8427	40.2809
			}
			{VolumeView "Piece9.ply"}
		}
	}
}
{Volume "Piece9"
	{Box 7.87402 12.0816 13.5002}
	{Bone "Piece9"}
	{Matrix34
		0.0000	0.0000	-1.0000
		-1.0000	-0.0000	-0.0000
		-0.0000	1.0000	0.0000
		0.8489	0.0599	0.0080
	}
}
{Volume "Piece8"
	{Box 7.87402 11.1235 14.5802}
	{Bone "Piece8"}
	{Matrix34
		0.0000	0.0000	-1.0000
		-1.0000	-0.0000	-0.0000
		-0.0000	1.0000	0.0000
		0.5283	-1.4974	0.0081
	}
}
{Volume "Piece6"
	{Box 7.87402 20.4072 18.2279}
	{Bone "Piece6"}
	{Matrix34
		0.0000	0.0000	-1.0000
		-0.9848	0.1736	-0.0000
		0.1736	0.9848	0.0000
		-1.2522	-2.9578	0.0080
	}
}
{Volume "Piece12"
	{Box 7.87402 17.8807 11.6102}
	{Bone "Piece12"}
	{Matrix34
		0.0000	0.0000	-1.0000
		-1.0000	-0.0000	-0.0000
		-0.0000	1.0000	0.0000
		-1.3142	-0.9309	0.0080
	}
}
{Volume "Piece7"
	{Box 7.87402 17.5124 15.2538}
	{Bone "Piece7"}
	{Matrix34
		0.0000	0.0000	-1.0000
		-0.9397	-0.3420	-0.0000
		-0.3420	0.9397	0.0000
		-1.8251	0.2290	-0.0111
	}
}
{Volume "Piece5"
	{Box 7.87402 11.1235 14.5802}
	{Bone "Piece5"}
	{Matrix34
		0.0000	0.0000	-1.0000
		-1.0000	-0.0000	-0.0000
		-0.0000	1.0000	0.0000
		0.5283	-1.4974	0.0080
	}
}
{Volume "Piece4"
	{Box 7.87402 17.8807 11.6102}
	{Bone "Piece4"}
	{Matrix34
		0.0000	0.0000	-1.0000
		-1.0000	-0.0000	-0.0000
		-0.0000	1.0000	0.0000
		-1.3142	-0.9309	0.0080
	}
}
{Volume "Piece3"
	{Box 7.87402 12.0816 13.5002}
	{Bone "Piece3"}
	{Matrix34
		0.0000	0.0000	-1.0000
		-1.0000	-0.0000	-0.0000
		-0.0000	1.0000	0.0000
		0.8489	0.0598	0.0080
	}
}
{Volume "Piece2"
	{Box 7.87402 11.1235 11.81}
	{Bone "Piece2"}
	{Matrix34
		0.0000	0.0000	-1.0000
		-0.6428	0.7660	0.0000
		0.7660	0.6428	0.0000
		1.8512	-0.1259	0.0080
	}
}
{Volume "Piece11"
	{Box 7.87402 12.0816 13.5002}
	{Bone "Piece11"}
	{Matrix34
		0.0000	0.0000	-1.0000
		-1.0000	-0.0000	-0.0000
		-0.0000	1.0000	0.0000
		0.8489	0.0599	0.0081
	}
}
{Volume "Piece10"
	{Box 7.87402 16.1513 19.6833}
	{Bone "Piece10"}
	{Matrix34
		0.0000	0.0000	-1.0000
		-1.0000	-0.0000	-0.0000
		-0.0000	1.0000	0.0000
		2.7312	0.8615	0.0080
	}
}
{Volume "Piece1"
	{Box 7.87402 11.1235 14.5802}
	{Bone "Piece1"}
	{Matrix34
		0.0000	0.0000	-1.0000
		-1.0000	-0.0000	-0.0000
		-0.0000	1.0000	0.0000
		0.5283	-1.4974	0.0080
	}
}
{Volume "Piece0"
	{Box 7.87402 12.0816 13.5002}
	{Bone "Piece0"}
	{Matrix34
		0.0000	0.0000	-1.0000
		-1.0000	-0.0000	-0.0000
		-0.0000	1.0000	0.0000
		0.8489	0.0599	0.0080
	}
}
