;Exported by: dinsen
;Date:        Mon Aug 30 19:57:07 2010
;File:        C:\Archivos de programa\Autodesk\scenes\smggunner_jap.max
{Skeleton
	{extension "/properties/animation/human/human_anm.ext"}
	{bone revolute "Basis"
		{limits -30.0000 30.0000}
		{speed 0.1000}
		{Orientation
			1.0000	0.0000	0.0000
			0.0000	-1.0000	0.0000
			0.0000	0.0000	1.0000
		}
		{bone "Body"
			{Matrix34
				0.0000	-0.0000	1.0000
				0.0000	-1.0000	-0.0000
				1.0000	0.0000	0.0000
				-0.0000	0.0341	19.7232
			}
			{bone "foot1L"
				{Matrix34
					-0.9935	-0.0203	0.1117
					0.1117	0.0030	0.9937
					0.0205	-0.9998	0.0007
					-0.1421	-2.1096	-0.4841
				}
				{bone "foot2L"
					{Matrix34
						0.9845	-0.1753	-0.0004
						0.1753	0.9845	0.0027
						-0.0001	-0.0027	1.0000
						9.2846	-0.0467	0.0000
					}
					{bone "foot3L"
						{Matrix34
							0.0906	0.9796	0.1793
							0.0035	-0.1804	0.9836
							0.9959	-0.0885	-0.0197
							9.1083	-0.3428	-0.0723
						}
					}
				}
			}
			{bone "foot1R"
				{Matrix34
					-0.9936	0.0114	0.1126
					0.1126	-0.0017	0.9936
					0.0115	0.9999	0.0004
					-0.1421	2.1493	-0.4839
				}
				{bone "foot2R"
					{Matrix34
						0.9841	-0.1776	-0.0003
						0.1776	0.9841	0.0015
						-0.0000	-0.0015	1.0000
						9.2845	-0.0468	0.0000
					}
					{bone "foot3R"
						{Matrix34
							0.0880	0.9747	0.2053
							0.0072	0.2054	-0.9786
							-0.9961	0.0876	0.0111
							9.1083	-0.3428	-0.0723
						}
					}
				}
			}
			{bone revolute "IK_LeftRight"
				{limits -20.0000 20.0000}
				{speed 0.1000}
				{Matrix34
					0.0000	0.0000	1.0000
					-0.0000	-1.0000	0.0000
					1.0000	-0.0000	0.0000
					1.8846	0.0341	-0.0000
				}
				{bone revolute "IK_UpDown"
					{limits -40.0000 20.0000}
					{speed 0.1000}
					{Matrix34
						1.0000	0.0000	-0.0000
						-0.0000	-0.0000	1.0000
						-0.0000	-1.0000	0.0000
						-0.0000	-0.0000	1.6513
					}
					{bone "Head"
						{Matrix34
							1.0000	-0.0000	-0.0000
							0.0000	-0.0000	-1.0000
							-0.0000	1.0000	0.0000
							-0.0000	7.1424	0.0000
						}
						{bone "VISOR"
							{Matrix34
								1.0000	0.0000	0.0000
								0.0000	1.0000	0.0000
								0.0000	0.0000	1.0000
								3.1715	0.0000	2.3096
							}
						}
					}
					{bone "Hand1R"
						{Matrix34
							-0.1399	-0.9645	0.2238
							0.8542	-0.2319	-0.4654
							0.5008	0.1261	0.8564
							-0.0880	5.8399	4.0846
						}
						{bone "Hand2R"
							{Matrix34
								0.9416	0.3368	0.0000
								-0.3368	0.9416	0.0000
								0.0000	0.0000	1.0000
								6.2054	-0.0000	0.0000
							}
							{bone "right_hand"
								{Matrix34
									0.9971	0.0748	0.0108
									-0.0722	0.8996	0.4307
									0.0225	-0.4302	0.9024
									6.1498	1.1034	0.2390
								}
							}
						}
					}
					{bone "Hand1L"
						{Matrix34
							-0.1757	-0.9485	-0.2635
							0.8505	-0.2811	0.4447
							-0.4958	-0.1459	0.8561
							-0.0880	5.8399	-4.0925
						}
						{bone "Hand2L"
							{Matrix34
								0.8644	0.5028	0.0000
								-0.5028	0.8644	0.0000
								0.0000	0.0000	1.0000
								6.2054	0.0000	0.0000
							}
							{bone "left_hand"
								{Matrix34
									0.2757	0.8235	-0.4958
									0.0042	-0.5168	-0.8561
									-0.9612	0.2339	-0.1459
									5.9378	-0.6606	0.4058
								}
							}
						}
					}
					{bone "Gun_back"
						{Matrix34
							0.0274	0.9957	0.0885
							-0.1045	0.0909	-0.9904
							-0.9941	0.0179	0.1065
							-3.1732	-4.2111	2.4017
						}
					}
				}
			}
			{bone revolute "placement"
				{Matrix34
					0.0000	1.0000	0.0000
					-1.0000	0.0000	0.0000
					0.0000	0.0000	1.0000
					0.7475	0.0014	-0.0933
				}
			}
		}
		{bone revolute "Foresight2rot"
			{limits -20.0000 20.0000}
			{speed 0.1000}
			{Position 13.6055	0.0244	27.3187}
		}
		{bone "skin"
			{Matrix34
				-0.0212	0.9998	-0.0000
				-0.9482	-0.0201	-0.3170
				-0.3169	-0.0067	0.9484
				-0.0849	0.0020	16.7852
			}
			{VolumeView "skin.ply"}
		}
	}
}
