;Exported by: shevchenko
;Date:        Fri Feb 13 19:31:37 2004
;File:        D:\-Projects-\-3DWork-\sheva\river-wall2_curve_new.max
{Skeleton
	{bone "river-wall_curve2"
		{Orientation
			1.0000	0.0000	0.0000
			0.0000	-1.0000	0.0000
			0.0000	0.0000	1.0000
		}
		{VolumeView "river-wall_curve2.ply"}
		{bone "piece0"
			{Position -27.2666	5.8073	-10.5830}
			{VolumeView "piece0.ply"}
		}
		{bone "piece1"
			{Position -30.0160	33.7482	9.2089}
			{VolumeView "piece1.ply"}
		}
		{bone "piece2"
			{Position -34.3376	12.9875	7.3104}
			{VolumeView "piece2.ply"}
		}
		{bone "piece3"
			{Position -39.4367	-7.8397	8.3661}
			{VolumeView "piece3.ply"}
		}
		{bone "FX_dust1"
			{Matrix34
				0.0000	-0.0000	1.0000
				0.9657	-0.2596	-0.0000
				0.2596	0.9657	0.0000
				-33.7455	11.5521	8.2522
			}
		}
		{bone "FX_stone1"
			{Matrix34
				0.0000	-0.0000	1.0000
				0.9657	-0.2596	-0.0000
				0.2596	0.9657	0.0000
				-33.4928	5.2099	0.9630
			}
		}
	}
}
{Volume "piece3"
	{Box 20.2824 11.7879 14.9897}
	{Bone "piece3"}
	{Matrix34
		0.4276	0.9040	0.0000
		-0.9040	0.4276	0.0000
		0.0000	0.0000	1.0000
		-0.4073	-0.3919	0.0114
	}
}
{Volume "piece2"
	{Box 27.7869 11.7879 14.9897}
	{Bone "piece2"}
	{Matrix34
		0.1508	0.9886	0.0000
		-0.9886	0.1508	0.0000
		0.0000	0.0000	1.0000
		0.8511	2.7402	1.0671
	}
}
{Volume "piece1"
	{Box 19.7342 11.7879 17.5619}
	{Bone "piece1"}
	{Matrix34
		1.0000	-0.0056	0.0000
		0.0056	1.0000	0.0000
		0.0000	0.0000	1.0000
		-0.3086	-0.0577	1.8249
	}
}
{Volume "piece0"
	{Polyhedron "piece0.vol"}
	{Bone "piece0"}
	{Matrix34
		0.2303	0.9731	0.0000
		-0.9731	0.2303	0.0000
		0.0000	0.0000	1.0000
		0.8042	-0.2181	-3.6194
	}
}
{Volume "body1"
	{Box 61.9121 21.8536 46.8428}
	{Bone "river-wall_curve2"}
	{Matrix34
		0.1871	0.9823	0.0000
		-0.9823	0.1871	0.0000
		0.0000	0.0000	1.0000
		-33.7114	9.6210	-17.1771
	}
}
