;Exported by: garry
;Date:        Fri Apr 30 12:51:32 2004
;File:        D:\-Projects-\-3DWork-\Model\Танки\PZ-2\Pz2F_x.max
{Skeleton
	{bone "Basis"
		{Orientation
			1.0000	0.0000	0.0000
			0.0000	-1.0000	0.0000
			0.0000	0.0000	1.0000
		}
		{bone "Body"
			{parameters "ID=body;"}
			{animation
				{sequence "break" {file "body.anm"}}
			}
			{Position -2.9289	-2.0424	17.6603}
			{VolumeView "Body.ply"}
			{bone revolute "Turret"
				{parameters "ID=turret;"}
				{animation
					{sequence "break" {file "turret.anm"}}
				}
				{Position 7.3197	3.4463	10.8939}
				{VolumeView "Turret.ply"}
				{bone revolute "Gun_rot"
					{parameters "ID=gun;"}
					{limits -10.0000 15.0000}
					{speed 0.0200}
					{Matrix34
						1.0000	0.0027	0.0027
						-0.0026	-0.0262	0.9997
						0.0027	-0.9997	-0.0262
						12.2601	0.0085	4.4765
					}
					{VolumeView "Gun_rot.ply"}
					{bone "Gun"
						{parameters "ID=gun;"}
						{Matrix34
							1.0000	0.0087	-0.0003
							-0.0087	0.9990	-0.0436
							-0.0001	0.0436	0.9990
							7.6778	-0.1971	-3.9492
						}
						{VolumeView "Gun.ply"}
					}
				}
				{bone "Cover1"
					{parameters "ID=turret;"}
					{Matrix34
						-1.0000	0.0054	0.0000
						0.0054	1.0000	0.0000
						0.0000	-0.0000	1.0000
						-4.7549	-6.2368	9.7212
					}
					{VolumeView "Cover1.ply"}
				}
			}
			{bone revolute "WheelL1"
				{parameters "ID=trackleft;"}
				{Matrix34
					-1.0000	0.0000	0.0000
					0.0000	0.0000	1.0000
					0.0000	1.0000	-0.0000
					39.3567	14.8237	-6.3393
				}
				{VolumeView "WheelL1.ply"}
			}
			{bone revolute "WheelL2"
				{parameters "ID=trackleft;"}
				{Matrix34
					-1.0000	0.0000	0.0000
					0.0000	0.0000	1.0000
					0.0000	1.0000	-0.0000
					-37.7299	15.4310	-7.2211
				}
				{VolumeView "WheelL2.ply"}
			}
			{bone revolute "WheelR1"
				{parameters "ID=trackright;"}
				{Matrix34
					0.5000	-0.0000	0.8660
					0.8660	-0.0000	-0.5000
					-0.0000	-1.0000	0.0000
					39.3567	-15.0174	-6.3393
				}
				{VolumeView "WheelR1.ply"}
			}
			{bone revolute "WheelR2"
				{parameters "ID=trackright;"}
				{Matrix34
					-1.0000	0.0000	0.0000
					0.0000	-0.0000	1.0000
					-0.0000	-1.0000	-0.0000
					-37.7299	-14.8183	-7.2211
				}
				{VolumeView "WheelR2.ply"}
			}
		}
		{bone "WheelsL"
			{parameters "ID=trackleft;"}
			{animation
				{sequence "break" {file "TrackL.anm"} {speed 0.5}}
			}
			{Matrix34
				-1.0000	-0.0000	-0.0000
				-0.0000	-0.1620	0.9868
				-0.0000	0.9868	0.1620
				-2.1512	15.6101	11.4479
			}
			{VolumeView "WheelsL.ply"}
			{bone "TrackL"
				{parameters "CommonMesh;ID=trackleft;"}
				{Matrix34
					1.0000	0.0000	0.0000
					-0.0000	0.9868	0.1620
					-0.0000	-0.1620	0.9868
					-0.8034	-0.2238	-0.8752
				}
				{VolumeView "TrackL.ply"}
			}
		}
		{bone "WheelsR"
			{parameters "ID=trackright;"}
			{animation
				{sequence "break" {file "TrackR.anm"} {speed 0.5}}
			}
			{Matrix34
				1.0000	0.0000	0.0000
				0.0000	0.0000	-1.0000
				0.0000	1.0000	0.0000
				-2.1512	-21.7113	11.4479
			}
			{VolumeView "WheelsR.ply"}
			{bone "TrackR"
				{parameters "CommonMesh;ID=trackright;"}
				{Matrix34
					-1.0000	0.0000	0.0000
					-0.0000	-1.0000	0.0000
					0.0000	0.0000	1.0000
					1.0774	-0.0072	0.6979
				}
				{VolumeView "TrackR.ply"}
			}
		}
	}
}
