;Exported by: garry
;Date:        Sun May 30 13:26:47 2004
;File:        \\gamer2\D$\-PROJE~1\-3DWork-\-A75D~1\BLITZ-~2\BLITZ-~1.MAX
{Skeleton
	{animation
		{sequence "start"}
		{sequence "stop"}
		{sequence "doorright"}
		{sequence "doorleft"}
	}
	{bone "Basis"
		{parameters "SteerMax=30;WheelRadius=0.5;"}
		{Orientation
			1.0000	0.0000	0.0000
			0.0000	-1.0000	0.0000
			0.0000	0.0000	1.0000
		}
		{bone "emit2"
			{Matrix34
				-0.0000	1.0000	0.0000
				-0.9999	-0.0000	0.0173
				0.0173	0.0000	0.9999
				10.2752	-31.7782	1.0790
			}
			{visibility 0}
		}
		{bone "emit1"
			{Matrix34
				0.0000	-1.0000	-0.0000
				0.9999	0.0000	0.0154
				-0.0154	0.0000	0.9999
				9.4161	33.2670	0.3687
			}
			{visibility 0}
		}
		{bone "emit3"
			{Matrix34
				0.8192	-0.5736	0.0000
				0.5736	0.8192	-0.0000
				-0.0000	0.0000	1.0000
				-80.6334	9.1788	1.6254
			}
			{visibility 0}
		}
		{bone "pivot_back"
			{parameters "ID=bodyback;"}
			{Position -39.7542	-0.7740	10.1207}
			{VolumeView "pivot_back.ply"}
			{bone revolute "spring_R"
				{Matrix34
					0.9998	-0.0000	0.0175
					0.0000	1.0000	-0.0000
					-0.0175	-0.0000	0.9998
					-0.7338	-10.6728	-1.6240
				}
				{bone "FXtraceR2"
					{Matrix34
						-0.9998	0.0000	0.0175
						0.0175	-0.0000	0.9998
						0.0000	1.0000	0.0000
						-3.9450	-7.0308	-2.0206
					}
				}
				{bone revolute "wheelR2"
					{parameters "ID=wheelright2;"}
					{Matrix34
						-0.9998	0.0000	0.0175
						0.0175	0.0000	0.9998
						0.0000	1.0000	-0.0000
						0.0823	-8.7542	1.6495
					}
					{VolumeView "wheelR2.ply"}
				}
			}
			{bone revolute "spring_L"
				{Matrix34
					0.9998	-0.0000	0.0175
					-0.0000	1.0000	-0.0000
					-0.0175	-0.0000	0.9998
					-0.7272	12.0909	-1.3720
				}
				{bone "FXtraceL2"
					{Matrix34
						-0.9998	0.0000	0.0175
						0.0175	-0.0000	0.9998
						0.0000	1.0000	0.0000
						-4.6347	6.6509	-2.2605
					}
				}
				{bone revolute "wheelL2"
					{parameters "ID=wheelleft2;"}
					{Matrix34
						-0.9998	0.0000	0.0175
						0.0175	0.0000	0.9998
						0.0000	1.0000	-0.0000
						0.0713	7.5031	1.3978
					}
					{VolumeView "wheelL2.ply"}
				}
			}
		}
		{bone "pivot_front"
			{Position 41.5227	-0.7740	10.6202}
			{VolumeView "pivot_front.ply"}
			{bone revolute "steer_L"
				{Matrix34
					-1.0000	-0.0000	-0.0000
					0.0000	1.0000	-0.0000
					0.0000	-0.0000	-1.0000
					0.0985	14.8029	-1.9376
				}
				{bone "FXtraceL1"
					{Matrix34
						1.0000	0.0000	-0.0000
						-0.0000	-0.0000	-1.0000
						-0.0000	1.0000	-0.0000
						5.0243	4.0230	5.3521
					}
				}
				{bone revolute "wheelL1"
					{parameters "ID=wheelleft1;"}
					{Matrix34
						1.0000	-0.0000	-0.0000
						-0.0000	-0.0000	-1.0000
						0.0000	1.0000	-0.0000
						-0.1059	4.0149	-1.4648
					}
					{VolumeView "wheelL1.ply"}
				}
			}
			{bone revolute "steer_R"
				{Matrix34
					-1.0000	-0.0000	-0.0000
					0.0000	1.0000	-0.0000
					0.0000	-0.0000	-1.0000
					0.1120	-14.9170	-1.9466
				}
				{bone "FXtraceR1"
					{Matrix34
						1.0000	-0.0087	-0.0000
						-0.0000	-0.0000	-1.0000
						-0.0087	-1.0000	0.0000
						5.7620	-4.0695	4.8390
					}
				}
				{bone revolute "wheelR1"
					{parameters "ID=wheelright1;"}
					{Matrix34
						1.0000	-0.0000	-0.0000
						-0.0000	0.0000	-1.0000
						0.0000	1.0000	0.0000
						-0.0924	-3.8768	-1.4739
					}
					{VolumeView "wheelR1.ply"}
				}
			}
		}
		{bone "body"
			{parameters "ID=body;"}
			{Position -1.9803	-0.1993	21.0660}
			{VolumeView "body.ply"}
			{bone "cabin"
				{parameters "ID=cabin;"}
				{animation
					{sequence "repair" {file "cabin_r.anm"}}
				}
				{Matrix34
					0.9998	-0.0001	0.0196
					0.0001	1.0000	-0.0000
					-0.0196	0.0000	0.9998
					20.8494	-0.0011	-0.3323
				}
				{VolumeView "cabin.ply"}
				{bone "Visor"
					{Matrix34
						1.0000	0.0001	-0.0021
						-0.0001	1.0000	0.0000
						0.0021	-0.0000	1.0000
						10.3504	-0.2632	31.6255
					}
				}
				{bone "glass"
					{Matrix34
						0.9997	0.0001	0.0244
						-0.0001	1.0000	0.0000
						-0.0244	-0.0000	0.9997
						11.1531	-0.5732	23.2353
					}
					{VolumeView "glass.ply"}
				}
				{bone "commander"
					{Position 1.6917	-8.2085	-1.1578}
				}
				{bone "driver"
					{Position 1.6909	7.1095	-1.1577}
				}
				{bone "DoorL"
					{parameters "ID=cabine;"}
					{Matrix34
						0.9998	-0.0025	-0.0196
						0.0025	1.0000	-0.0000
						0.0196	-0.0000	0.9998
						13.0936	15.8228	12.3170
					}
					{VolumeView "DoorL.ply"}
				}
				{bone "DoorR"
					{parameters "ID=cabine;"}
					{Matrix34
						0.9998	0.0001	-0.0196
						0.0001	-1.0000	-0.0000
						0.0196	-0.0000	0.9998
						13.0953	-16.5631	12.3169
					}
					{VolumeView "DoorR.ply"}
				}
			}
			{bone "bodyback"
				{parameters "ID=bodyback;"}
				{animation
					{sequence "repair" {file "bodyback_r.anm"}}
				}
				{Position -29.1942	-0.5748	0.0963}
				{VolumeView "bodyback.ply"}
				{bone "seat01"
					{Matrix34
						-0.0934	-0.9794	0.1790
						0.9956	-0.0917	0.0174
						-0.0007	0.1799	0.9837
						21.5197	6.1216	-0.4123
					}
				}
				{bone "seat02"
					{Matrix34
						-0.0225	-0.9834	0.1802
						0.9997	-0.0197	0.0175
						-0.0137	0.1806	0.9835
						11.5580	6.1189	0.3973
					}
				}
				{bone "seat03"
					{Matrix34
						0.0671	-0.9957	0.0643
						0.9973	0.0688	0.0257
						-0.0300	0.0624	0.9976
						1.6434	6.5648	-0.8151
					}
				}
				{bone "seat04"
					{Matrix34
						-0.0934	-0.9794	0.1790
						0.9956	-0.0917	0.0174
						-0.0007	0.1799	0.9837
						-9.9240	6.1216	-0.3482
					}
				}
				{bone "seat05"
					{Matrix34
						0.1234	-0.9754	0.1828
						0.9915	0.1287	0.0174
						-0.0405	0.1791	0.9830
						-21.0452	5.6228	-1.1583
					}
				}
				{bone "seat06"
					{Matrix34
						0.0932	0.9788	0.1823
						-0.9950	0.0980	-0.0174
						-0.0349	-0.1797	0.9831
						-19.8129	-5.8875	-1.1367
					}
				}
				{bone "seat07"
					{Matrix34
						0.0224	0.9832	0.1810
						-0.9995	0.0260	-0.0175
						-0.0219	-0.1806	0.9833
						-9.8859	-5.9469	0.0215
					}
				}
				{bone "seat08"
					{Matrix34
						-0.0630	0.9961	0.0621
						-0.9980	-0.0626	-0.0093
						-0.0054	-0.0625	0.9980
						0.0621	-6.4549	-0.8428
					}
				}
				{bone "seat09"
					{Matrix34
						0.0932	0.9788	0.1823
						-0.9950	0.0980	-0.0174
						-0.0349	-0.1797	0.9831
						11.6085	-6.0840	0.0292
					}
				}
				{bone "seat10"
					{Matrix34
						-0.1237	0.9761	0.1785
						-0.9923	-0.1225	-0.0174
						0.0049	-0.1793	0.9838
						22.7542	-5.6548	-0.3907
					}
				}
			}
			{bone "engine"
				{parameters "ID=engine;"}
				{animation
					{sequence "repair" {file "engine_r.anm"}}
				}
				{Position 20.8339	-0.0000	0.0000}
				{VolumeView "engine.ply"}
				{bone "FXfire1"
					{Matrix34
						0.0000	0.0000	1.0000
						1.0000	-0.0000	0.0000
						0.0000	1.0000	0.0000
						14.3102	-0.8463	5.0214
					}
				}
				{bone "FXsteam"
					{Matrix34
						-0.0504	-0.0000	0.9987
						0.9987	0.0000	0.0504
						-0.0000	1.0000	0.0000
						28.6771	-0.2647	10.4492
					}
				}
				{bone "HeadlightR"
					{Matrix34
						1.0000	-0.0000	0.0000
						0.0000	-0.0000	1.0000
						-0.0000	-1.0000	-0.0000
						38.6353	-17.3453	3.5045
					}
				}
				{bone "HeadlightL"
					{Matrix34
						1.0000	-0.0000	0.0000
						0.0000	-0.0000	1.0000
						-0.0000	-1.0000	-0.0000
						38.6353	16.4728	3.5045
					}
				}
				{bone "FXlight"
					{Matrix34
						1.0000	-0.0000	0.0000
						0.0000	-0.0000	1.0000
						-0.0000	-1.0000	-0.0000
						43.1587	-0.2843	11.8246
					}
				}
			}
			{bone "FXsmoke1"
				{Matrix34
					-0.7071	0.7071	0.0000
					0.0000	-0.0000	1.0000
					0.7071	0.7071	-0.0000
					1.4537	15.5858	-7.2546
				}
			}
			{bone "FXstop1"
				{Matrix34
					-1.0000	0.0000	0.0000
					0.0000	-0.0000	1.0000
					0.0000	1.0000	0.0000
					-64.8150	-12.2805	1.3246
				}
			}
			{bone "FXstop2"
				{Matrix34
					-1.0000	0.0000	0.0000
					0.0000	-0.0000	1.0000
					0.0000	1.0000	0.0000
					-64.6587	11.1932	1.3246
				}
			}
		}
		{bone "emit4"
			{Matrix34
				0.8192	0.5736	0.0000
				0.5736	-0.8192	-0.0000
				0.0000	-0.0000	1.0000
				-80.6334	-10.3685	1.6254
			}
			{visibility 0}
		}
	}
}
{Volume "fuel"
	{Box 16.679 27.0599 5.78822}
	{Bone "body"}
	{Matrix34
		1.0000	-0.0000	-0.0000
		0.0000	1.0000	0.0000
		0.0000	-0.0000	1.0000
		20.1214	-0.5748	-4.2911
	}
}
{Volume "engine"
	{Box 31.904 20.5527 20.9088}
	{Bone "engine"}
	{Matrix34
		0.9984	0.0000	-0.0567
		0.0000	1.0000	0.0000
		0.0567	0.0000	0.9984
		24.6917	-0.5748	6.6697
	}
}
{Volume "bodyback"
	{Box 78.6017 43.7322 45.6445}
	{Bone "bodyback"}
	{Position 0.1552	-0.1285	24.5844}
}
{Volume "body"
	{Box 125.863 20.469 8.62423}
	{Bone "body"}
	{Position -2.1071	-0.6497	-1.3157}
}
{Volume "cabin"
	{Box 20.9995 34.4692 33.0145}
	{Bone "cabin"}
	{Matrix34
		0.9998	0.0001	-0.0196
		-0.0001	1.0000	0.0000
		0.0196	-0.0000	0.9998
		0.8536	-0.5737	16.1223
	}
}
{Volume "glass"
	{Box 33.9799 11.6622 2.51703}
	{Bone "glass"}
	{Matrix34
		-0.0000	1.0000	-0.0000
		-0.3658	-0.0000	0.9307
		0.9307	0.0000	0.3658
		-0.0020	1.5720	0.0177
	}
}
{Volume "wheelright1"
	{Cylinder 10.485 4.01945}
	{Bone "wheelR1"}
	{Matrix34
		0.6946	0.7194	-0.0000
		-0.7194	0.6946	0.0000
		0.0000	0.0000	1.0000
		-0.0000	-0.0000	0.0171
	}
}
{Volume "wheelleft1"
	{Cylinder 10.485 4.95941}
	{Bone "wheelL1"}
	{Matrix34
		-0.7194	-0.6946	0.0000
		-0.6946	0.7194	-0.0000
		0.0000	-0.0000	-1.0000
		-0.0000	0.0000	-0.0515
	}
}
{Volume "wheelleft2"
	{Cylinder 10.1037 8.55709}
	{Bone "wheelL2"}
	{Matrix34
		-0.9998	0.0175	0.0000
		0.0175	0.9998	-0.0000
		-0.0000	-0.0000	-1.0000
		0.0000	-0.0000	-0.0086
	}
}
{Volume "wheelright2"
	{Cylinder 10.1037 9.00984}
	{Bone "wheelR2"}
	{Matrix34
		-0.9998	0.0175	0.0000
		0.0175	0.9998	-0.0000
		-0.0000	-0.0000	-1.0000
		-0.0000	-0.0000	0.0174
	}
}
