;Made by Albus
{Skeleton
	{bone "basis"
		{Orientation
			1.0000	0.0000	0.0000
			0.0000	-1.0000	0.0000
			0.0000	0.0000	1.0000
		}
		{bone revolute "stabilizator"
			{speed 0.0050}
			{Orientation
				1.0000	0.0000	0.0000
				0.0000	1.0000	0.0000
				0.0000	0.0000	1.0000
			}
			{bone "piece"
				{parameters "ID=body;"}
				{Matrix34
					1.0000	0.0000	0.0000
					0.0000	0.0000	-1.0000
					0.0000	1.0000	0.0000
					2.6000	0.2000	15.1000
				}
				{VolumeView "piece.ply"}
			}
			{bone "gun"
				{parameters "ID=gun;"}
				{Matrix34
					0.8571	0.0000	0.5150
					0.5150	0.0000	-0.8571
					0.0000	1.0000	0.0000
					-17.9322	0.2000	8.3071
				}
				{VolumeView "gun.ply"}
				{bone "part1"
					{Position 13.0000	8.4000	-15.0000}
					{VolumeView "part1.ply"}
				}
				{bone "part2"
					{Position 13.0000	8.4000	15.0000}
					{VolumeView "part2.ply"}
				}
				{bone revolute "gun_rot"
					{limits -40.0000 15.0000}
					{speed 0.0045}
					{Matrix34
						0.9711	-0.2385	0.0000
						0.2385	0.9711	0.0000
						0.0000	0.0000	1.0000
						40.8780	-8.3930	0.1000
					}
				}
				{bone "part3"
					{Matrix34
						0.7500	0.6613	0.0000
						-0.6613	0.7500	0.0000
						0.0000	0.0000	1.0000
						22.1431	16.9341	0.1600
					}
					{VolumeView "part3.ply"}
				}
			}
		}
	}
}
{Volume "gun"
	{Box 40.0000 4.4000 4.4000}
	{Bone "gun"}
	{Matrix34
		0.9602	-0.2789	0.0060
		0.2789	0.9602	0.0017
		-0.0062	0.0000	0.9999
		16.0579	-1.3562	-0.1391
	}
}
{Volume "body"
	{Box 3.3000 23.4000 20.0000}
	{Bone "piece"}
	{Position -0.2400 3.4100 -0.2000}
}
{Volume "part3"
	{Box 34.0000 3.0000 20.0000}
	{Bone "part3"}
	{Position 3.7000 -0.2000 0.1800}
}
{Volume "part1"
	{Cylinder 6.84871 3.30311}
	{Bone "part1"}
	{Position 0.0000 0.0000 0.0000}
}
{Volume "part2"
	{Cylinder 6.84871 3.30311}
	{Bone "part2"}
	{Position 0.0000 0.0000 0.0000}
}
