;Exported by: vic
;Date:        Fri Feb 20 16:29:07 2004
;File:        D:\-Projects-\-3DWork-\Constructions\SK\store_vic2.max
{Skeleton
	{bone "store"
		{Orientation
			1.0000	0.0000	0.0000
			0.0000	-1.0000	0.0000
			0.0000	0.0000	1.0000
		}
		{VolumeView "store.ply"}
		{bone "exterior"
			{Position 1.7557	-30.5732	96.0456}
			{VolumeView "exterior.ply"}
		}
		{bone "window1"
			{Matrix34
				-1.0000	0.0000	0.0000
				0.0000	0.0000	1.0000
				0.0000	1.0000	-0.0000
				10.1195	-97.0574	57.3677
			}
			{VolumeView "window1.ply"}
			{bone "FX_glass1"
				{Matrix34
					-0.0000	0.0000	-1.0000
					-1.0000	-0.0000	-0.0000
					-0.0000	1.0000	0.0000
					-0.4638	0.3505	-0.6191
				}
			}
		}
		{bone "window1_x"
			{Matrix34
				-1.0000	0.0000	0.0000
				0.0000	0.0000	1.0000
				0.0000	1.0000	-0.0000
				10.1195	-95.9288	57.3677
			}
			{VolumeView "window1_x.ply"}
		}
	}
}
{Obstacle "door"
	{Obb2
		{Center -31.9063 104.593}
		{Extent 0.603675 10.517}
		{Axis 0.933647 0.358194}
	}
	{Rotate}
}
{Obstacle "body2"
	{Obb2
		{Center -54.9048 96.9824}
		{Extent 6.46079 2.51685}
		{Axis 1 0}
	}
	{Rotate}
}
{Obstacle "post1"
	{Obb2
		{Center -56.2451 -94.2119}
		{Extent 1.49356 1.46178}
		{Axis 1 0}
	}
	{Rotate}
}
{Obstacle "post"
	{Obb2
		{Center 55.3033 -94.2119}
		{Extent 1.49356 1.46178}
		{Axis 1 0}
	}
	{Rotate}
}
{Area "interior"
	{Obb2
		{Center -0.207436 30.5625}
		{Extent 65.0271 64.4564}
		{Axis -1 0}
	}
	{Rotate}
}
{Obstacle "body1"
	{Obb2
		{Center 15.8762 96.9824}
		{Extent 44.8477 2.51685}
		{Axis 1 0}
	}
	{Rotate}
}
{Obstacle "body"
	{Obb2
		{Center -0.583187 -36.0793}
		{Extent 60.945 2.51685}
		{Axis 1 0}
	}
	{Rotate}
}
{Volume "door"
	{Box 21.0284 1.09283 39.6565}
	{Bone "store"}
	{Matrix34
		0.3531	0.9356	0.0000
		-0.9356	0.3531	0.0000
		0.0000	0.0000	1.0000
		-31.9063	-104.5930	19.8283
	}
}
{Volume "window1"
	{Box 32.5829 1.9685 17.4271}
	{Bone "window1"}
	{Matrix34
		1.0000	0.0000	-0.0000
		0.0000	-0.0000	-1.0000
		0.0000	1.0000	-0.0000
		-0.0230	0.0167	0.5395
	}
}
{Volume "Hole1"
	{Box 32.5829 15.748 17.4271}
	{Bone "store"}
	{Matrix34
		-1.0000	0.0000	0.0000
		-0.0000	-1.0000	0.0000
		0.0000	0.0000	1.0000
		10.1425	-96.5179	57.3843
	}
}
{Volume "body3"
	{Box 19.6408 5.0337 39.1981}
	{Bone "store"}
	{Position -38.8163	-96.9824	58.8511}
}
{Volume "body2"
	{Box 12.9216 5.0337 78.3962}
	{Bone "store"}
	{Position -54.9048	-96.9824	39.1981}
}
{Volume "roof"
	{Box 118.456 1.61775 61.1845}
	{Bone "store"}
	{Matrix34
		1.0000	0.0000	0.0000
		0.0000	0.0872	0.9962
		0.0000	-0.9962	0.0872
		0.0536	69.0455	75.0662
	}
}
{Volume "post1"
	{Box 2.98712 2.92356 72.8558}
	{Bone "store"}
	{Position -56.2451	94.2119	36.4279}
}
{Volume "post"
	{Box 2.98712 2.92356 72.8558}
	{Bone "store"}
	{Position 55.3033	94.2119	36.4279}
}
{Volume "body1"
	{Box 89.6955 5.0337 78.3962}
	{Bone "store"}
	{Position 15.8762	-96.9824	39.1981}
}
{Volume "body"
	{Box 121.89 5.0337 78.3962}
	{Bone "store"}
	{Position -0.5832	36.0793	39.1981}
}
{Volume "roof3"
	{Box 37.2009 1.61775 24.9449}
	{Bone "exterior"}
	{Matrix34
		1.0000	0.0000	0.0000
		0.0000	0.2202	-0.9755
		0.0000	0.9755	0.2202
		-39.8642	-81.0827	-47.1330
	}
}
{Volume "roof2"
	{Box 121.063 1.61775 77.9528}
	{Bone "exterior"}
	{Matrix34
		1.0000	0.0000	0.0000
		0.0000	0.2588	-0.9659
		0.0000	0.9659	0.2588
		-1.9482	-37.2920	-8.3831
	}
}
{Volume "roof1"
	{Box 121.063 1.61775 77.9528}
	{Bone "exterior"}
	{Matrix34
		1.0000	0.0000	0.0000
		0.0000	0.2588	0.9659
		0.0000	-0.9659	0.2588
		-1.9482	37.4945	-8.3831
	}
}
