;Exported by: ubrashaev
;Date:        Sat Mar 13 13:49:54 2004
;File:        D:\-Projects-\-work-\3d\sk\Parkovyi_kompleks(anm).max
{Skeleton
	{bone "gate_euro20"
		{Orientation
			1.0000	0.0000	0.0000
			0.0000	-1.0000	0.0000
			0.0000	0.0000	1.0000
		}
		{bone "piece1"
			{Position -21.6875	-0.0077	44.0523}
			{VolumeView "piece1.ply"}
		}
		{bone "piece2"
			{Matrix34
				-0.9963	0.0000	0.0861
				-0.0000	-1.0000	0.0000
				0.0861	-0.0000	0.9963
				31.8223	1.0324	0.4043
			}
			{VolumeView "piece2.ply"}
		}
		{bone "piece3"
			{Matrix34
				-0.9963	0.0000	0.0861
				-0.0000	-1.0000	0.0000
				0.0861	-0.0000	0.9963
				21.7844	-7.7423	2.8670
			}
			{VolumeView "piece3.ply"}
		}
		{bone "piece4"
			{Matrix34
				-0.9963	0.0000	0.0861
				-0.0000	-1.0000	0.0000
				0.0861	-0.0000	0.9963
				26.4964	1.0324	27.5752
			}
			{VolumeView "piece4.ply"}
		}
		{bone "piece6"
			{Matrix34
				-0.9963	0.0000	0.0861
				-0.0000	-1.0000	0.0000
				0.0861	-0.0000	0.9963
				25.9109	1.0324	47.4742
			}
			{VolumeView "piece6.ply"}
		}
		{bone "piece7"
			{Matrix34
				-0.9963	0.0000	0.0861
				-0.0000	-1.0000	0.0000
				0.0861	-0.0000	0.9963
				21.9890	0.8315	53.7604
			}
			{VolumeView "piece7.ply"}
		}
		{bone "piece10"
			{Matrix34
				0.9963	-0.0000	0.0861
				0.0000	1.0000	0.0000
				-0.0861	0.0000	0.9963
				-33.1688	0.5752	27.5752
			}
			{VolumeView "piece10.ply"}
		}
		{bone "piece8"
			{Matrix34
				0.9963	-0.0000	0.0861
				0.0000	1.0000	0.0000
				-0.0861	0.0000	0.9963
				-28.6614	0.7761	53.7604
			}
			{VolumeView "piece8.ply"}
		}
		{bone "piece12"
			{Matrix34
				0.9963	-0.0000	0.0861
				0.0000	1.0000	0.0000
				-0.0861	0.0000	0.9963
				-38.4947	0.5752	0.4043
			}
			{VolumeView "piece12.ply"}
		}
		{bone "piece11"
			{Matrix34
				0.9963	-0.0000	0.0861
				0.0000	1.0000	0.0000
				-0.0861	0.0000	0.9963
				-28.4568	9.3499	2.8670
			}
			{VolumeView "piece11.ply"}
		}
		{bone "piece9"
			{Matrix34
				0.9963	-0.0000	0.0861
				0.0000	1.0000	0.0000
				-0.0861	0.0000	0.9963
				-32.5832	0.5752	47.4742
			}
			{VolumeView "piece9.ply"}
		}
	}
}
{Volume "piece9"
	{Box 12.771 13.6469 16.8532}
	{Bone "piece9"}
	{Matrix34
		0.9963	-0.0000	-0.0861
		-0.0000	1.0000	-0.0000
		0.0861	-0.0000	0.9963
		0.1631	0.2297	-5.0356
	}
}
{Volume "piece11"
	{Box 14.4703 11.4604 9.53991}
	{Bone "piece11"}
	{Matrix34
		0.9963	-0.0000	-0.0861
		-0.0000	1.0000	-0.0000
		0.0861	-0.0000	0.9963
		-4.0977	-8.7029	11.6983
	}
}
{Volume "piece12"
	{Box 19.8741 11.9269 8.54503}
	{Bone "piece12"}
	{Matrix34
		0.9963	-0.0000	-0.0861
		-0.0000	1.0000	-0.0000
		0.0861	-0.0000	0.9963
		1.2902	1.3576	1.8809
	}
}
{Volume "piece8"
	{Box 4.59757 4.82827 6.23568}
	{Bone "piece8"}
	{Matrix34
		0.9963	-0.0000	-0.0861
		-0.0000	1.0000	-0.0000
		0.0861	-0.0000	0.9963
		-0.0012	0.0288	0.5510
	}
}
{Volume "piece10"
	{Box 12.0686 11.7515 11.0118}
	{Bone "piece10"}
	{Matrix34
		0.9963	-0.0000	-0.0861
		-0.0000	1.0000	-0.0000
		0.0861	-0.0000	0.9963
		0.5699	0.2332	-1.3536
	}
}
{Volume "piece7"
	{Box 4.59757 4.82827 6.23568}
	{Bone "piece7"}
	{Matrix34
		0.9963	-0.0000	-0.0861
		-0.0000	1.0000	-0.0000
		0.0861	-0.0000	0.9963
		-0.0012	0.0288	0.5510
	}
}
{Volume "piece6"
	{Box 12.771 13.6469 16.8532}
	{Bone "piece6"}
	{Matrix34
		0.9963	-0.0000	-0.0861
		-0.0000	1.0000	-0.0000
		0.0861	-0.0000	0.9963
		0.1631	0.2297	-5.0356
	}
}
{Volume "piece4"
	{Box 12.0686 11.7515 11.0118}
	{Bone "piece4"}
	{Matrix34
		0.9963	-0.0000	-0.0861
		-0.0000	1.0000	-0.0000
		0.0861	-0.0000	0.9963
		0.5699	0.2332	-1.3536
	}
}
{Volume "piece3"
	{Box 14.4703 11.4604 9.53991}
	{Bone "piece3"}
	{Matrix34
		0.9963	-0.0000	-0.0861
		-0.0000	1.0000	-0.0000
		0.0861	-0.0000	0.9963
		-4.0977	-8.7029	11.6983
	}
}
{Volume "piece2"
	{Box 19.8741 11.9269 8.54503}
	{Bone "piece2"}
	{Matrix34
		0.9963	-0.0000	-0.0861
		-0.0000	1.0000	-0.0000
		0.0861	-0.0000	0.9963
		1.2902	1.3576	1.8809
	}
}
{Volume "piece1"
	{Box 48.4193 2.365 18.2677}
	{Bone "piece1"}
	{Position 18.6523	0.0000	5.3135}
}
