;Exported by: shevchenko
;Date:        Mon Apr 19 11:30:17 2004
;File:        D:\-Projects-\-3DWork-\sheva\e-house29_1_x.max
{Skeleton
	{animation
		{sequence "crush" {speed 0.8}}
	}
	{bone "e_house29_wall2_x"
		{parameters "CommonMesh;"}
		{Orientation
			1.0000	0.0000	0.0000
			0.0000	-1.0000	0.0000
			0.0000	0.0000	1.0000
		}
		{VolumeView "e_house29_wall2_x.ply"}
		{bone "piece2"
			{Matrix34
				-0.0000	-1.0000	0.0000
				-0.0000	0.0000	1.0000
				-1.0000	0.0000	-0.0000
				31.4994	26.4299	22.2292
			}
			{VolumeView "piece2.ply"}
		}
		{bone "sub_piece4"
			{Matrix34
				-0.0000	-1.0000	0.0000
				-0.0000	0.0000	1.0000
				-1.0000	0.0000	-0.0000
				31.4994	-71.3976	34.4004
			}
			{VolumeView "sub_piece4.ply"}
		}
		{bone "piece4"
			{Position -10.5677	18.7457	53.0311}
			{VolumeView "piece4.ply"}
		}
		{bone "piece6"
			{Position 10.5289	-7.8740	53.0311}
			{VolumeView "piece6.ply"}
		}
		{bone "piece0"
			{Matrix34
				-0.0000	-1.0000	0.0000
				-0.0000	0.0000	1.0000
				-1.0000	0.0000	-0.0000
				31.4994	-19.5625	54.2450
			}
			{VolumeView "piece0.ply"}
		}
		{bone "piece3"
			{Matrix34
				-0.0000	-1.0000	0.0000
				-0.0000	0.0000	1.0000
				-1.0000	0.0000	-0.0000
				31.4994	-28.3753	22.5819
			}
			{VolumeView "piece3.ply"}
		}
		{bone "piece5"
			{Position -17.1296	-15.0480	53.0311}
			{VolumeView "piece5.ply"}
		}
		{bone "sub_piece1"
			{Matrix34
				-0.0000	-1.0000	0.0000
				-0.0000	0.0000	1.0000
				-1.0000	0.0000	-0.0000
				31.4994	19.3002	55.5679
			}
			{VolumeView "sub_piece1.ply"}
		}
		{bone "sub_piece2"
			{Matrix34
				-0.0000	-1.0000	0.0000
				-0.0000	0.0000	1.0000
				-1.0000	0.0000	-0.0000
				31.4994	71.9925	29.9023
			}
			{VolumeView "sub_piece2.ply"}
		}
		{bone "sub_piece3"
			{Matrix34
				-0.0000	-1.0000	0.0000
				-0.0000	0.0000	1.0000
				-1.0000	0.0000	-0.0000
				31.4994	60.1681	7.3282
			}
			{VolumeView "sub_piece3.ply"}
		}
		{bone "sub_piece5"
			{Matrix34
				-0.0000	-1.0000	0.0000
				-0.0000	0.0000	1.0000
				-1.0000	0.0000	-0.0000
				31.4994	-62.5927	8.8302
			}
			{VolumeView "sub_piece5.ply"}
		}
		{bone "piece1"
			{Matrix34
				-0.0000	-1.0000	0.0000
				-0.0000	0.0000	1.0000
				-1.0000	0.0000	-0.0000
				31.4994	15.0110	83.3345
			}
			{VolumeView "piece1.ply"}
		}
		{bone "sub_piece0"
			{Matrix34
				-0.0000	-1.0000	0.0000
				-0.0000	0.0000	1.0000
				-1.0000	0.0000	-0.0000
				31.4994	-18.6294	83.9677
			}
			{VolumeView "sub_piece0.ply"}
		}
	}
}
{Volume "sub_piece0"
	{Box 7.87402 13.7358 15.4948}
	{Bone "sub_piece0"}
	{Matrix34
		0.0000	0.0000	-1.0000
		-0.7919	-0.6107	-0.0000
		-0.6107	0.7919	0.0000
		-1.1511	-0.3314	-0.0741
	}
}
{Volume "piece1"
	{Box 7.87402 19.5354 27.365}
	{Bone "piece1"}
	{Matrix34
		0.0000	0.0000	-1.0000
		-0.9586	0.2847	-0.0000
		0.2847	0.9586	0.0000
		0.8304	1.2070	-0.0741
	}
}
{Volume "sub_piece5"
	{Box 7.87402 11.5992 11.3759}
	{Bone "sub_piece5"}
	{Matrix34
		0.0000	0.0000	-1.0000
		-0.8664	-0.4994	-0.0000
		-0.4994	0.8664	0.0000
		0.1827	-1.4596	-0.0741
	}
}
{Volume "sub_piece3"
	{Box 7.87402 17.0935 10.3953}
	{Bone "sub_piece3"}
	{Matrix34
		0.0000	0.0000	-1.0000
		-0.9825	0.1862	-0.0000
		0.1862	0.9825	0.0000
		0.0120	0.0380	-0.0741
	}
}
{Volume "sub_piece2"
	{Box 7.87402 12.5149 24.7133}
	{Bone "sub_piece2"}
	{Matrix34
		0.0000	0.0000	-1.0000
		-1.0000	-0.0000	-0.0000
		-0.0000	1.0000	0.0000
		-1.7689	0.4648	-0.0741
	}
}
{Volume "sub_piece1"
	{Box 7.87402 16.1778 14.318}
	{Bone "sub_piece1"}
	{Matrix34
		0.0000	0.0000	-1.0000
		-0.9421	-0.3354	-0.0000
		-0.3354	0.9421	0.0000
		-1.3574	-0.0461	-0.0741
	}
}
{Volume "piece5"
	{Box 26.3906 37.2394 4.11888}
	{Bone "piece5"}
	{Matrix34
		0.9828	0.1845	0.0000
		-0.1845	0.9828	0.0000
		0.0000	0.0000	1.0000
		2.6774	-1.2977	0.0058
	}
}
{Volume "piece3"
	{Box 7.87402 24.114 26.4785}
	{Bone "piece3"}
	{Matrix34
		0.0000	0.0000	-1.0000
		-1.0000	-0.0000	-0.0000
		-0.0000	1.0000	0.0000
		-0.3372	-1.5361	-0.0741
	}
}
{Volume "piece0"
	{Box 7.87402 22.1605 25.2931}
	{Bone "piece0"}
	{Matrix34
		0.0000	0.0000	-1.0000
		-0.6297	-0.7768	-0.0000
		-0.7768	0.6297	-0.0000
		-3.3614	-0.6103	-0.0741
	}
}
{Volume "piece6"
	{Box 24.3547 60.2973 4.11888}
	{Bone "piece6"}
	{Matrix34
		0.9999	0.0137	0.0000
		-0.0137	0.9999	0.0000
		0.0000	0.0000	1.0000
		5.9751	-0.0741	0.0058
	}
}
{Volume "piece4"
	{Box 24.2961 48.5333 4.11888}
	{Bone "piece4"}
	{Matrix34
		0.5163	-0.8564	0.0000
		0.8564	0.5163	0.0000
		0.0000	0.0000	1.0000
		-2.2360	3.8765	0.0058
	}
}
{Volume "sub_piece4"
	{Box 7.87402 11.5992 19.6137}
	{Bone "sub_piece4"}
	{Matrix34
		0.0000	0.0000	-1.0000
		-0.9880	-0.1546	-0.0000
		-0.1546	0.9880	0.0000
		0.3942	-0.8403	-0.0741
	}
}
{Volume "piece2"
	{Box 7.87402 24.4193 33.1472}
	{Bone "piece2"}
	{Matrix34
		0.0000	0.0000	-1.0000
		-1.0000	-0.0000	-0.0000
		-0.0000	1.0000	0.0000
		0.1238	-0.2278	-0.0741
	}
}
