;Exported by: Micha
;Date:        Sun Jan 29 15:21:25 2006
;File:        I:\soldiers_meshes\USA\M18Hellcat\Exporter_hellcat_xx.max
{Skeleton
	{bone "Basis"
		{Orientation
			1.0000	0.0000	0.0000
			0.0000	-1.0000	0.0000
			0.0000	0.0000	1.0000
		}
		{bone "body"
			{parameters "ID=body;"}
			{Position 0.8343	-2.0384	21.4766}
			{VolumeView "body.ply"}
		}
		{bone "turret"
			{parameters "ID=turret;"}
			{Matrix34
				0.9882	0.1384	-0.0655
				-0.1454	0.9823	-0.1180
				0.0480	0.1262	0.9908
				-5.3411	-1.6768	40.7968
			}
			{VolumeView "turret.ply"}

			{bone "gun_rot"
				{parameters "ID=gun;"}
				{Matrix34
					0.9833	0.0255	-0.1800
					0.1806	-0.0233	0.9833
					0.0208	-0.9994	-0.0275
					24.0402	-1.6522	-0.1702
				}
				{VolumeView "gun_rot.ply"}
				{bone "gun"
					{parameters "ID=gun;"}
					{Matrix34
						1.0000	0.0000	0.0000
						-0.0000	-0.0000	-1.0000
						0.0000	1.0000	-0.0000
						35.8676	-0.6293	1.3011
					}
					{VolumeView "gun.ply"}
				}
			}
			{bone "ring_cal50"
				{parameters "ID=cal50;"}
				{Position -4.9647	11.6329	7.3141}
				{VolumeView "ring_cal50.ply"}
				{bone "cal50_rot"
					{parameters "ID=ring_cal50;"}
					{Position 0.8367	-0.3194	2.2043}
					{VolumeView "cal50_rot.ply"}
					{bone revolute "cal50"
						{parameters "ID=cal50;"}
						{limits -10.0000 10.0000}
						{speed 0.0200}
						{Matrix34
							-1.0000	0.0000	-0.0000
							-0.0000	0.0000	1.0000
							0.0000	1.0000	-0.0000
							-7.6222	0.0356	-0.2149
						}
					}
				}
				{bone "turret_cal50"
					{parameters "ID=turret;"}
					{Matrix34
						0.9957	0.0007	0.0926
						0.0106	0.9925	-0.1219
						-0.0920	0.1224	0.9882
						0.0455	0.0072	-8.0074
					}
					{VolumeView "turret_cal50.ply"}
				}
			}
		}

		{bone "wheelsL"
			{Matrix34
				-1.0000	0.0000	0.0000
				0.0000	0.0000	-1.0000
				-0.0000	-1.0000	-0.0000
				0.1210	23.7690	7.7331
			}
			{bone "trackL"
				{parameters "ID=trackleft;"}
				{Matrix34
					1.0000	-0.0000	-0.0000
					0.0000	-0.0000	1.0000
					-0.0000	-1.0000	-0.0000
					-1.3817	-3.3447	0.2833
				}
				{VolumeView "trackL.ply"}
			}
			{bone "wheelsL1"
				{parameters "ID=trackleft;"}
				{Matrix34
					0.9841	-0.1767	0.0175
					-0.1564	-0.9091	-0.3861
					0.0842	0.3772	-0.9223
					-32.0365	1.0917	0.4700
				}
				{VolumeView "wheelsL1.ply"}
			}
			{bone "wheelsL2"
				{parameters "ID=trackleft;"}
				{Matrix34
					0.9821	0.1857	-0.0310
					0.1857	-0.9285	0.3217
					0.0310	-0.3217	-0.9463
					-16.8136	1.0917	0.3146
				}
				{VolumeView "wheelsL2.ply"}
			}
			{bone "wheelsL4"
				{parameters "ID=trackleft;"}
				{Matrix34
					0.9936	-0.0620	0.0942
					-0.0344	-0.9621	-0.2707
					0.1074	0.2657	-0.9581
					13.5091	1.0917	0.4700
				}
				{VolumeView "wheelsL4.ply"}
			}
			{bone "wheelsL5"
				{parameters "ID=trackleft;"}
				{Matrix34
					0.9849	0.1730	-0.0116
					0.1695	-0.9465	0.2747
					0.0366	-0.2725	-0.9615
					30.0306	1.0917	0.4700
				}
				{VolumeView "wheelsL5.ply"}
			}
			{bone "wheelsL6"
				{parameters "ID=trackleft;"}
				{Matrix34
					1.0000	0.0000	-0.0000
					0.0000	-1.0000	0.0000
					-0.0000	-0.0000	-1.0000
					21.2144	-10.7261	0.4700
				}
				{VolumeView "wheelsL6.ply"}
			}
			{bone "wheelsL7"
				{parameters "ID=trackleft;"}
				{Matrix34
					1.0000	0.0000	-0.0000
					0.0000	-1.0000	0.0000
					-0.0000	-0.0000	-1.0000
					5.8455	-10.7261	0.4700
				}
				{VolumeView "wheelsL7.ply"}
			}
			{bone "wheelsL8"
				{parameters "ID=trackleft;"}
				{Matrix34
					1.0000	0.0000	-0.0000
					0.0000	-1.0000	0.0000
					-0.0000	-0.0000	-1.0000
					-10.1070	-10.7261	0.4700
				}
				{VolumeView "wheelsL8.ply"}
			}
		}
		{bone "wheelsR"
			{Matrix34
				-1.0000	0.0000	0.0000
				0.0000	0.0000	-1.0000
				-0.0000	-1.0000	-0.0000
				0.1210	-26.6556	7.7331
			}
			{bone "trackR"
				{parameters "ID=trackright;"}
				{Matrix34
					1.0000	0.0000	-0.0000
					0.0000	-0.0000	1.0000
					0.0000	-1.0000	-0.0000
					-1.3817	-3.3447	0.4099
				}
				{VolumeView "trackR.ply"}
			}
			{bone "wheelsR1"
				{parameters "ID=trackright;"}
				{Matrix34
					1.0000	0.0000	-0.0000
					0.0000	-1.0000	-0.0000
					-0.0000	-0.0000	-1.0000
					-32.0365	1.0917	0.6572
				}
				{VolumeView "wheelsR1.ply"}
			}
			{bone "wheelsR2"
				{parameters "ID=trackright;"}
				{Matrix34
					1.0000	0.0000	-0.0000
					0.0000	-1.0000	-0.0000
					-0.0000	0.0000	-1.0000
					-16.8136	1.0917	0.6572
				}
				{VolumeView "wheelsR2.ply"}
			}
			{bone "wheelsR3"
				{parameters "ID=trackright;"}
				{Matrix34
					1.0000	0.0000	-0.0000
					0.0000	-1.0000	-0.0000
					-0.0000	0.0000	-1.0000
					-1.6914	1.0917	0.6572
				}
				{VolumeView "wheelsR3.ply"}
			}
			{bone "wheelsR4"
				{parameters "ID=trackright;"}
				{Matrix34
					1.0000	0.0000	-0.0000
					0.0000	-1.0000	-0.0000
					-0.0000	0.0000	-1.0000
					13.5091	1.0917	0.6572
				}
				{VolumeView "wheelsR4.ply"}
			}
			{bone "wheelsR5"
				{parameters "ID=trackright;"}
				{Matrix34
					1.0000	0.0000	-0.0000
					0.0000	-1.0000	-0.0000
					-0.0000	0.0000	-1.0000
					30.0306	1.0917	0.6572
				}
				{VolumeView "wheelsR5.ply"}
			}
			{bone "wheelsR6"
				{parameters "ID=trackright;"}
				{Matrix34
					1.0000	0.0000	-0.0000
					0.0000	-1.0000	-0.0000
					-0.0000	0.0000	-1.0000
					21.2144	-10.7261	0.6572
				}
				{VolumeView "wheelsR6.ply"}
			}
			{bone "wheelsR7"
				{parameters "ID=trackright;"}
				{Matrix34
					1.0000	0.0000	-0.0000
					0.0000	-1.0000	-0.0000
					-0.0000	0.0000	-1.0000
					5.8455	-10.7261	0.6572
				}
				{VolumeView "wheelsR7.ply"}
			}
			{bone "wheelsR8"
				{parameters "ID=trackright;"}
				{Matrix34
					1.0000	0.0000	-0.0000
					0.0000	-1.0000	-0.0000
					-0.0000	0.0000	-1.0000
					-10.1070	-10.7261	0.6572
				}
				{VolumeView "wheelsR8.ply"}
			}
		}



		{bone "wheelL1"
			{parameters "ID=body;"}
			{Matrix34
				-0.8790	-0.3643	-0.3078
				-0.3384	0.0218	0.9407
				-0.3360	0.9310	-0.1424
				46.1519	23.7285	14.2796
			}
			{VolumeView "wheelL1.ply"}
		}
		{bone "wheelL2"
			{parameters "ID=body;"}
			{Matrix34
				-0.9260	0.2738	0.2598
				0.2293	-0.1386	0.9634
				0.2998	0.9517	0.0656
				-42.8241	23.7285	14.2796
			}
			{VolumeView "wheelL2.ply"}
		}
		{bone "wheelR1"
			{parameters "ID=body;"}
			{Matrix34
				-1.0000	0.0000	-0.0000
				-0.0000	0.0000	1.0000
				0.0000	1.0000	-0.0000
				46.1519	-27.4152	14.2796
			}
			{VolumeView "wheelR1.ply"}
		}
		{bone "wheelR2"
			{parameters "ID=body;"}
			{Matrix34
				-1.0000	0.0000	-0.0000
				-0.0000	0.0000	1.0000
				0.0000	1.0000	-0.0000
				-42.8241	-27.4152	14.2796
			}
			{VolumeView "wheelR2.ply"}
		}
		{bone "decal_catR"
			{parameters "ID=body;"}
			{Position 28.4560	-31.9884	29.0873}
			{VolumeView "decal_catR.ply"}
		}
		{bone "decal_numberR"
			{parameters "ID=body;"}
			{Position -42.0332	-32.0884	29.0873}
			{VolumeView "decal_numberR.ply"}
		}
		{bone "skirts"
			{parameters "ID=body;"}
			{Position 0.4387	-2.1079	22.0831}
			{VolumeView "skirts.ply"}
		}
		{bone "decal_catL"
			{parameters "ID=body;"}
			{Matrix34
				-1.0000	0.0000	0.0000
				-0.0000	-1.0000	0.0000
				0.0000	0.0000	1.0000
				28.4560	28.9158	29.0873
			}
			{VolumeView "decal_catL.ply"}
		}
		{bone "decal_numberL"
			{parameters "ID=body;"}
			{Matrix34
				-1.0000	0.0000	0.0000
				-0.0000	-1.0000	0.0000
				0.0000	0.0000	1.0000
				-42.0332	27.9001	29.0873
			}
			{VolumeView "decal_numberL.ply"}
		}
	}
}

{Volume "Body2"
	{Box 80.5091 46.1986 8.91692}
	{Bone "Body"}
	{Position -5.6955	1.9592	16.1818}
}
{Volume "Body1"
	{Box 107.158 39.3494 18.4902}
	{Bone "Body"}
	{Position -1.3650	1.1078	2.4192}
}
{Volume "Turret"
	{Polyhedron "Turret.vol"}
	{Bone "turret"}
	{Matrix34
		-1.0000	0.0000	-0.0000
		-0.0000	-1.0000	0.0000
		-0.0000	0.0000	1.0000
		3.7491	-0.4338	-4.3967
	}
}







{Volume "gun"
	{Polyhedron "gun.vol"}
	{Bone "gun"}
	{Matrix34
		0.9594	-0.1646	0.2291
		0.1384	0.9823	0.1262
		-0.2458	-0.0893	0.9652
		0.0646	-0.0151	0.1181
	}
}
{Volume "trackright"
	{Polyhedron "trackright.vol"}
	{Bone "trackR"}
	{Matrix34
		-1.0000	0.0000	-0.0000
		-0.0000	-1.0000	-0.0000
		0.0000	0.0000	1.0000
		0.9085	-0.1554	-0.1497
	}
}
{Volume "trackleft"
	{Polyhedron "trackleft.vol"}
	{Bone "trackL"}
	{Matrix34
		-1.0000	-0.0000	-0.0000
		0.0000	-1.0000	-0.0000
		-0.0000	0.0000	1.0000
		0.9085	-0.3109	-0.1497
	}
}
