{mission
	{Camera
		{Position 5227.49 -3721.06}
		{Distance 984.363}
		{ViewAngle 0.613191}
		{YawAngle -4.77243}
	}
	{Environment "day1"}
	{User 1}
	{GameProgress 0 0}
	{Entity "pak40" 0x8000
		{Position 2885 -2278.23 4.67688}
		{Turn -51.7943}
		{Extender "inventory"
			{box
				{clear}
				{item "bullet75 fg" 10 {cell 0 1}}
				{item "bullet75 ap" 9 {cell 0 0}}
			}
		}
		{Player 2}
		{MID 1}
		{Weaponry
			{State
				{Weapon
					{Ammo "bullet75 ap" 1}
				}
			}
		}
	}
	{Entity "pak40" 0x8001
		{Position 3084.71 -2129.74 8}
		{Turn -33.3838}
		{Extender "inventory"
			{box
				{clear}
				{item "bullet75 fg" 5 {cell 0 0}}
				{item "bullet75 ap" 6 {cell 0 1}}
			}
		}
		{Player 2}
		{MID 2}
		{Weaponry
			{State
				{Weapon
					{Ammo "bullet75 ap" 1}
				}
			}
		}
	}
	{Entity "pak40" 0x8002
		{Position 3738.21 -380.908 100.837}
		{Turn -19.5843}
		{Extender "inventory"
			{box
				{clear}
				{item "bullet75 fg" 6 {cell 0 0}}
				{item "bullet75 ap" 7 {cell 0 1}}
			}
		}
		{Player 2}
		{MID 3}
	}
	{Entity "pak40" 0x8003
		{Position 3417.95 -1691.27 7}
		{Turn -63.3676}
		{Extender "inventory"
			{box
				{clear}
				{item "bullet75 fg" 9 {cell 0 0}}
				{item "bullet75 ap" 11 {cell 0 1}}
			}
		}
		{Player 2}
		{MID 4}
		{Weaponry
			{State
				{Weapon
					{Ammo "bullet75 ap" 1}
				}
			}
		}
	}
	{Entity "_infantry2_rus" 0x8004
		{Position 3259.01 -1652.22 0}
		{Turn 156}
		{Extender "inventory"
			{box
				{clear}
				{item "mp41" {cell 0 0}}
				{item "ammo pistol" 60 {cell 4 0}}
			}
		}
		{Player 2}
		{MID 5}
		{Breed "ger.tankman"}
		{FsmState "stand"}
	}
	{Entity "_infantry2_rus" 0x8005
		{Position 3278.05 -1672.01 0}
		{Turn 29.8753}
		{Extender "inventory"
			{box
				{clear}
				{item "mp41" {cell 0 0}}
				{item "ammo pistol" 60 {cell 4 0}}
			}
		}
		{Player 2}
		{MID 6}
		{Breed "ger.tankman"}
		{FsmState "stand"}
	}
	{Entity "mine_antitank" 0x8006
		{Position 4639.89 -932.607 0}
		{Extender "mine"
			{Mined}
			{Miner 2}
		}
	}
	{Entity "mine_antitank" 0x8007
		{Position 4506.9 -856.106 0}
		{Extender "mine"
			{Mined}
			{Miner 2}
		}
	}
	{Entity "mine_antitank" 0x8008
		{Position 4579.5 -849.357 1.07849}
		{Extender "mine"
			{Mined}
			{Miner 2}
		}
	}
	{Entity "mine_antitank" 0x8009
		{Position 4459.76 -899.077 0}
		{Extender "mine"
			{Mined}
			{Miner 2}
		}
	}
	{Entity "mine_antitank" 0x800a
		{Position 4800.15 -915.467 0}
		{Extender "mine"
			{Mined}
			{Miner 2}
		}
	}
	{Entity "mine_antitank" 0x800b
		{Position 4292.51 -858.763 0}
		{Extender "mine"
			{Mined}
			{Miner 2}
		}
	}
	{Entity "mine_antitank" 0x800c
		{Position 4420.76 -846.447 0}
		{Extender "mine"
			{Mined}
			{Miner 2}
		}
	}
	{Entity "mine_antitank" 0x800d
		{Position 4195.12 -852.343 -1.76569}
		{Extender "mine"
			{Mined}
			{Miner 2}
		}
	}
	{Entity "mine_antitank" 0x800e
		{Position 4307.76 -731.028 0}
		{Extender "mine"
			{Mined}
			{Miner 2}
		}
	}
	{Entity "mine_antitank" 0x800f
		{Position 4104 -852.841 -9.60004}
		{Extender "mine"
			{Mined}
			{Miner 2}
		}
	}
	{Entity "mine_antitank" 0x8010
		{Position 4277.57 -795.477 0}
		{Extender "mine"
			{Mined}
			{Miner 2}
		}
	}
	{Entity "mine_antitank" 0x8011
		{Position 3987.93 -835.485 -17.358}
		{Extender "mine"
			{Mined}
			{Miner 2}
		}
	}
	{Entity "mine_antitank" 0x8012
		{Position 4120.77 -786.195 -8.57185}
		{Extender "mine"
			{Mined}
			{Miner 2}
		}
	}
	{Entity "mine_antitank" 0x8013
		{Position 3920.81 -797.565 23.1294}
		{Extender "mine"
			{Mined}
			{Miner 2}
		}
	}
	{Entity "mine_antitank" 0x8014
		{Position 3964.83 -784.535 -11.6726}
		{Extender "mine"
			{Mined}
			{Miner 2}
		}
	}
	{Entity "mine_antitank" 0x8015
		{Position 4647.5 -1039.07 0}
		{Extender "mine"
			{Mined}
			{Miner 2}
		}
	}
	{Entity "mine_antitank" 0x8016
		{Position 5080.02 -1076.98 -3.30526}
		{Extender "mine"
			{Mined}
			{Miner 2}
		}
	}
	{Entity "mine_antitank" 0x801b
		{Position 4683.54 -867.487 0}
		{Extender "mine"
			{Mined}
			{Miner 2}
		}
	}
	{Entity "mine_antitank" 0x801c
		{Position 5018.18 -1012.62 0}
		{Extender "mine"
			{Mined}
			{Miner 2}
		}
	}
	{Entity "mine_antitank" 0x801d
		{Position 4522.96 -780.077 1.5842}
		{Extender "mine"
			{Mined}
			{Miner 2}
		}
	}
	{Entity "mine_antitank" 0x801e
		{Position 4627.05 -804.297 2.57025}
		{Extender "mine"
			{Mined}
			{Miner 2}
		}
	}
	{Entity "mine_antitank" 0x801f
		{Position 4855.78 -960.732 0}
		{Extender "mine"
			{Mined}
			{Miner 2}
		}
	}
	{Entity "mine_antitank" 0x8020
		{Position 4380.93 -765.547 0}
		{Extender "mine"
			{Mined}
			{Miner 2}
		}
	}
	{Entity "mine_antitank" 0x8021
		{Position 4264.8 -649.493 0}
		{Extender "mine"
			{Mined}
			{Miner 2}
		}
	}
	{Entity "mine_antitank" 0x8022
		{Position 4039.01 -749.805 -8.96112}
		{Extender "mine"
			{Mined}
			{Miner 2}
		}
	}
	{Entity "mine_antitank" 0x8023
		{Position 3961.33 -719.725 -0.972565}
		{Extender "mine"
			{Mined}
			{Miner 2}
		}
	}
	{Entity "mine_antitank" 0x8026
		{Position 4918.45 -905.15 0}
		{Extender "mine"
			{Mined}
			{Miner 2}
		}
	}
	{Entity "mine_antitank" 0x8030
		{Position 4986.57 -847.97 -0.930364}
		{Extender "mine"
			{Mined}
			{Miner 2}
		}
	}
	{Entity "mine_antitank" 0x8031
		{Position 4850.84 -823.9 0}
		{Extender "mine"
			{Mined}
			{Miner 2}
		}
	}
	{Entity "mine_antitank" 0x8032
		{Position 4884.41 -753.532 0}
		{Extender "mine"
			{Mined}
			{Miner 2}
		}
	}
	{Entity "mine_antitank" 0x8033
		{Position 4763.98 -821.854 0}
		{Extender "mine"
			{Mined}
			{Miner 2}
		}
	}
	{Entity "mine_antitank" 0x8034
		{Position 4368.02 -662.377 0}
		{Extender "mine"
			{Mined}
			{Miner 2}
		}
	}
	{Entity "mine_antitank" 0x8035
		{Position 4182.91 -706.833 -8.70905}
		{Extender "mine"
			{Mined}
			{Miner 2}
		}
	}
	{Entity "mine_antitank" 0x8036
		{Position 4094.25 -664.373 -15}
		{Extender "mine"
			{Mined}
			{Miner 2}
		}
	}
	{Entity "pz-2f" 0x8039
		{Position 3020.52 -1687.4 0}
		{Turn -60.0101}
		{Placer
			{State "seat4" {Broken}}
		}
		{Player 2}
		{MID 7}
		{Weaponry
			{Number 1}
			{State "gun"
				{Weapon
					{Ammo "bullet20 ap" 1}
				}
			}
			{State "mgun"
				{Weapon
					{Ammo "ammo mgun" 50}
				}
			}
		}
	}
	{Entity "_infantry2_rus" 0x803a
		{Position 3020.52 -1687.4 0}
		{Orientation
			  0.499847  -0.866114   0.000000
			 -0.866114  -0.499847   0.000000
			  0.000000   0.000000   1.000000
		}
		{Extender "inventory"
			{box
				{clear}
				{item "mp41" {cell 0 0}}
				{item "ammo pistol" 60 {cell 4 0}}
			}
		}
		{Player 2}
		{MID 8}
		{Breed "ger.tankman"}
		{FsmState "board"}
	}
	{Entity "_infantry2_rus" 0x803b
		{Position 3020.52 -1687.4 0}
		{Orientation
			  0.499847  -0.866114   0.000000
			 -0.866114  -0.499847   0.000000
			  0.000000   0.000000   1.000000
		}
		{Extender "inventory"
			{box
				{clear}
				{item "mp41" {cell 0 0}}
				{item "ammo pistol" 60 {cell 4 0}}
			}
		}
		{Player 2}
		{MID 9}
		{Breed "ger.tankman"}
		{FsmState "board"}
	}
	{Entity "_infantry2_rus" 0x803c
		{Position 3020.52 -1687.4 0}
		{Orientation
			  0.499847  -0.866114   0.000000
			 -0.866114  -0.499847   0.000000
			  0.000000   0.000000   1.000000
		}
		{Extender "inventory"
			{box
				{clear}
				{item "mp41" {cell 0 0}}
				{item "ammo pistol" 60 {cell 4 0}}
			}
		}
		{Player 2}
		{MID 10}
		{Breed "ger.tankman"}
		{FsmState "board"}
	}
	{Entity "_infantry2_rus" 0x803d
		{Position 3020.52 -1687.4 0}
		{Orientation
			  0.499847  -0.866114   0.000000
			 -0.866114  -0.499847   0.000000
			  0.000000   0.000000   1.000000
		}
		{Extender "inventory"
			{box
				{clear}
				{item "mp41" {cell 0 0}}
				{item "ammo pistol" 60 {cell 4 0}}
			}
		}
		{Player 2}
		{MID 11}
		{Breed "ger.tankman"}
		{FsmState "board"}
	}
	{Entity "_infantry2_rus" 0x803e
		{Position 2806.89 -2059.77 0}
		{Turn -105.04}
		{Extender "inventory"
			{box
				{clear}
				{item "mp41" {cell 0 0}}
				{item "ammo pistol" 60 {cell 4 0}}
			}
		}
		{Player 2}
		{MID 12}
		{Breed "ger.tankman"}
		{FsmState "stand"}
	}
	{Entity "_infantry2_rus" 0x803f
		{Position 2826.13 -2081.86 0}
		{Turn -103.647}
		{Extender "inventory"
			{box
				{clear}
				{item "mp41" {cell 0 0}}
				{item "ammo pistol" 60 {cell 4 0}}
			}
		}
		{Player 2}
		{MID 13}
		{Breed "ger.tankman"}
		{FsmState "stand"}
	}
	{Entity "_infantry2_rus" 0x8070
		{Position 3498.67 -2192 0}
		{Turn -97.8996}
		{Extender "inventory"
			{box
				{clear}
				{item "mp40" {cell 0 0}}
				{item "ammo pistol" 40 {cell 4 0}}
				{item "grenade m24" {cell 6 0}}
			}
		}
		{Player 2}
		{MID 14}
		{Breed "ger.infantry_smg"}
		{FsmState "stand"}
	}
	{Entity "_infantry2_rus" 0x8074
		{Position 2977.87 -1982.24 0}
		{Turn -135.124}
		{Extender "inventory"
			{box
				{clear}
				{item "mp40" {cell 0 0}}
				{item "ammo pistol" 40 {cell 4 0}}
				{item "grenade m39" {cell 6 0}}
			}
		}
		{Player 2}
		{MID 18}
		{Breed "ger.infantry_smg"}
		{FsmState "stand"}
	}
	{Entity "_infantry2_rus" 0x8075
		{Position 2956.41 -2002.25 0}
		{Turn 42.0597}
		{Extender "inventory"
			{box
				{clear}
				{item "mp40" {cell 0 0}}
				{item "ammo pistol" 40 {cell 4 0}}
				{item "grenade m24" {cell 6 0}}
			}
		}
		{Player 2}
		{MID 19}
		{Breed "ger.infantry_smg"}
		{FsmState "stand"}
	}
	{Entity "_infantry2_rus" 0x807c
		{Position 5219.5 -3448.48 0}
		{Turn -168.43}
		{Extender "inventory"
			{box
				{clear}
				{item "ammo pistol" 100 {cell 4 0}}
				{item "ammo pistol" 42 {cell 6 0}}
				{item "ppsh" {cell 0 0}}
				{item "grenade rpg40" {cell 1 2}}
				{item "grenade rpg40" {cell 4 1}}
				{item "bandage" {cell 6 1}}
				{item "bandage" {cell 3 2}}
				{item "bandage" {cell 5 2}}
				{item "grenade f1" {cell 0 2}}
			}
		}
		{Player 1}
		{MID 26}
		{Breed "rus.infantry_smg"}
		{FsmState "stand"}
	}
	{Entity "_infantry2_rus" 0x807d
		{Position 3674.86 -1983.67 0}
		{Extender "inventory"
			{box
				{clear}
				{item "mp40" {cell 0 0}}
				{item "ammo pistol" 40 {cell 4 0}}
				{item "grenade m24" {cell 6 0}}
				{item "grenade m24x5" {cell 6 1}}
				{item "grenade m24x5" {cell 4 1}}
			}
		}
		{Player 2}
		{MID 27}
		{Breed "ger.infantry_smg"}
		{FsmState "stand"}
	}
	{Entity "_infantry2_rus" 0x807e
		{Position 2962.66 -2642.58 0}
		{Extender "inventory"
			{box
				{clear}
				{item "mp40" {cell 0 0}}
				{item "ammo pistol" 40 {cell 4 0}}
				{item "grenade m24" {cell 6 0}}
			}
		}
		{Player 2}
		{MID 28}
		{Breed "ger.infantry_smg"}
		{FsmState "stand"}
	}
	{Entity "_infantry2_rus" 0x807f
		{Position 3289.82 -2323.02 0}
		{Extender "inventory"
			{box
				{clear}
				{item "mp40" {cell 0 0}}
				{item "ammo pistol" 40 {cell 4 0}}
				{item "grenade m24" {cell 6 0}}
			}
		}
		{Player 2}
		{MID 29}
		{Breed "ger.infantry_smg"}
		{FsmState "stand"}
	}
	{Entity "_infantry2_rus" 0x8072
		{Position 2752.57 -2430.5 1.25699}
		{Extender "inventory"
			{box
				{clear}
				{item "mp40" {cell 0 0}}
				{item "ammo pistol" 40 {cell 4 0}}
				{item "grenade m39" {cell 6 0}}
			}
		}
		{Player 2}
		{MID 16}
		{Breed "ger.infantry_smg"}
		{FsmState "stand"}
	}
	{Entity "_infantry2_rus" 0x8073
		{Position 2770.86 -2411.93 0.21405}
		{Extender "inventory"
			{box
				{clear}
				{item "mauzer" {cell 0 0}}
				{item "ammo rifle" 6 {cell 4 0}}
			}
		}
		{Player 2}
		{MID 17}
		{Breed "ger.infantry_rifle"}
		{FsmState "stand"}
	}
	{Entity "pak40" 0x8082
		{Position 3678 -699.746 123.175}
		{Turn -17.6588}
		{Extender "inventory"
			{box
				{clear}
				{item "bullet75 fg" 6 {cell 0 0}}
				{item "bullet75 ap" 5 {cell 0 1}}
			}
		}
		{Player 2}
		{MID 32}
		{Weaponry
			{State
				{Weapon
					{Ammo "bullet75 ap" 1}
				}
			}
		}
	}
	{Entity "_infantry2_rus" 0x8083
		{Position 2697.05 -821.13 0}
		{Turn -168}
		{Extender "inventory"
			{box
				{clear}
				{item "mp40" {cell 0 0}}
				{item "ammo pistol" 40 {cell 4 0}}
				{item "grenade m24" {cell 6 0}}
			}
		}
		{Player 2}
		{MID 33}
		{Breed "ger.infantry_smg"}
		{FsmState "stand"}
	}
	{Entity "_infantry2_rus" 0x8084
		{Position 2699.03 -847.85 0}
		{Turn 100.114}
		{Extender "inventory"
			{box
				{clear}
				{item "mp40" {cell 0 0}}
				{item "ammo pistol" 40 {cell 4 0}}
				{item "grenade m39" {cell 6 0}}
			}
		}
		{Player 2}
		{MID 34}
		{Breed "ger.infantry_smg"}
		{FsmState "stand"}
	}
	{Entity "_infantry2_rus" 0x8085
		{Position 2659.12 -814.381 0}
		{Turn 70.8881}
		{Extender "inventory"
			{box
				{clear}
				{item "mp40" {cell 0 0}}
				{item "ammo pistol" 40 {cell 4 0}}
				{item "grenade m39" {cell 6 0}}
			}
		}
		{Player 2}
		{MID 35}
		{Breed "ger.infantry_smg"}
		{FsmState "stand"}
	}
	{Entity "_infantry2_rus" 0x8086
		{Position 2677.62 -782.387 0}
		{Turn -117.957}
		{Extender "inventory"
			{box
				{clear}
				{item "mp40" {cell 0 0}}
				{item "ammo pistol" 40 {cell 4 0}}
				{item "grenade m24" {cell 6 0}}
			}
		}
		{Player 2}
		{MID 36}
		{Breed "ger.infantry_smg"}
		{FsmState "stand"}
	}
	{Entity "_infantry2_rus" 0x8087
		{Position 4755.72 -111.924 0}
		{Turn -71.6345}
		{Extender "inventory"
			{box
				{clear}
				{item "mp40" {cell 0 0}}
				{item "ammo pistol" 40 {cell 4 0}}
				{item "grenade m39" {cell 6 0}}
			}
		}
		{Player 2}
		{MID 37}
		{Breed "ger.infantry_smg"}
		{FsmState "stand"}
	}
	{Entity "_infantry2_rus" 0x8089
		{Position 3378.02 -1837.49 1.85173}
		{Turn -58.8808}
		{Extender "inventory"
			{box
				{clear}
				{item "mp40" {cell 0 0}}
				{item "ammo pistol" 40 {cell 4 0}}
				{item "grenade m24" {cell 6 0}}
			}
		}
		{Player 2}
		{MID 39}
		{Breed "ger.infantry_smg"}
		{FsmState "stand"}
	}
	{Entity "mine_antitank" 0x808b
		{Position 5510.43 -2148.3 0}
		{Extender "mine"
			{Mined}
			{Miner 2}
		}
	}
	{Entity "mine_antitank" 0x808c
		{Position 4704.09 -752.632 0}
		{Extender "mine"
			{Mined}
			{Miner 2}
		}
	}
	{Entity "mine_antitank" 0x808d
		{Position 4455.65 -731.526 0}
		{Extender "mine"
			{Mined}
			{Miner 2}
		}
	}
	{Entity "_infantry2_rus" 0x8090
		{Position -1024.78 60.297 31}
		{Turn 11.5125}
		{Extender "inventory"
			{box
				{clear}
				{item "mp40" {cell 0 0}}
				{item "ammo pistol" 40 {cell 4 0}}
				{item "grenade m24" {cell 6 0}}
			}
		}
		{Player 2}
		{MID 15}
		{Breed "ger.infantry_smg"}
		{FsmState "stand"}
	}
	{Entity "_infantry2_rus" 0x8091
		{Position -1025.67 43.0463 31}
		{Turn 11.5125}
		{Extender "inventory"
			{box
				{clear}
				{item "mauzer" {cell 0 0}}
				{item "ammo rifle" 6 {cell 4 0}}
			}
		}
		{Player 2}
		{MID 40}
		{Breed "ger.infantry_rifle"}
		{FsmState "stand"}
	}
	{Entity "_infantry2_rus" 0x8092
		{Position -1078.31 51.6155 31}
		{Turn 11.5125}
		{Extender "inventory"
			{box
				{clear}
				{item "mp40" {cell 0 0}}
				{item "ammo pistol" 40 {cell 4 0}}
				{item "grenade m24" {cell 6 0}}
			}
		}
		{Player 2}
		{MID 41}
		{Breed "ger.infantry_smg"}
		{FsmState "stand"}
	}
	{Entity "sdkfz232" 0x8093
		{Position 982.482 76.0823 4.26909}
		{Player 2}
		{MID 42}
		{Weaponry
			{State "gun"
				{Weapon
					{Ammo "bullet20 zenite" 1}
				}
			}
		}
	}
	{Entity "_infantry2_rus" 0x8094
		{Position 982.482 76.0823 4.26909}
		{Orientation
			  0.999482   0.000365  -0.032194
			  0.000000  -0.999936  -0.011344
			  0.032196  -0.011338   0.999417
		}
		{Extender "inventory"
			{box
				{clear}
				{item "mp41" {cell 0 0}}
				{item "ammo pistol" 60 {cell 4 0}}
			}
		}
		{Player 2}
		{MID 43}
		{Breed "ger.tankman"}
		{FsmState "board"}
	}
	{Entity "_infantry2_rus" 0x8095
		{Position 982.482 76.0823 4.26909}
		{Orientation
			  0.999482   0.000365  -0.032194
			  0.000000  -0.999936  -0.011344
			  0.032196  -0.011338   0.999417
		}
		{Extender "inventory"
			{box
				{clear}
				{item "mp41" {cell 0 0}}
				{item "ammo pistol" 60 {cell 4 0}}
			}
		}
		{Player 2}
		{MID 44}
		{Breed "ger.tankman"}
		{FsmState "board"}
	}
	{Entity "_infantry2_rus" 0x8096
		{Position 982.482 76.0823 4.26909}
		{Orientation
			  0.999482   0.000365  -0.032194
			  0.000000  -0.999936  -0.011344
			  0.032196  -0.011338   0.999417
		}
		{Extender "inventory"
			{box
				{clear}
				{item "mp41" {cell 0 0}}
				{item "ammo pistol" 60 {cell 4 0}}
			}
		}
		{Player 2}
		{MID 45}
		{Breed "ger.tankman"}
		{FsmState "board"}
	}
	{Entity "_infantry2_rus" 0x8088
		{Position 3318.98 -1818.57 0.142975}
		{Extender "inventory"
			{box
				{clear}
				{item "mp40" {cell 0 0}}
				{item "ammo pistol" 40 {cell 4 0}}
				{item "grenade m24" {cell 6 0}}
			}
		}
		{Player 2}
		{MID 38}
		{Breed "ger.infantry_smg"}
		{FsmState "stand"}
	}
	{Entity "_infantry2_rus" 0x8041
		{Position 2340.96 -658.92 1}
		{Turn 66.2235}
		{Extender "inventory"
			{box
				{clear}
				{item "mp40" {cell 0 0}}
				{item "ammo pistol" 40 {cell 4 0}}
				{item "grenade m24" {cell 6 0}}
			}
		}
		{Player 2}
		{MID 51}
		{Breed "ger.infantry_smg"}
		{FsmState "stand"}
	}
	{Entity "_infantry2_rus" 0x806f
		{Position 2322.42 -670.44 1}
		{Extender "inventory"
			{box
				{clear}
				{item "mp40" {cell 0 0}}
				{item "ammo pistol" 40 {cell 4 0}}
				{item "grenade m24" {cell 6 0}}
			}
		}
		{Player 2}
		{MID 52}
		{Breed "ger.infantry_smg"}
		{FsmState "stand"}
	}
	{Entity "bmw-r12" 0x809b
		{Position 2639.23 72.7772 11}
		{Turn -62.2169}
		{Player 2}
		{MID 53}
	}
	{Entity "flag_ger" 0x809d
		{Position 2245.82 -677.62 0.58197}
	}
	{Entity "_infantry2_rus" 0x809e
		{Position 3850.58 -318.232 85.755}
		{Turn -42.8055}
		{Extender "vitality"
			{Health
				{Max 400}
				{Current 400}
			}
		}
		{Extender "inventory"
			{box
				{clear}
				{item "mp40" {cell 0 0}}
				{item "ammo pistol" 100 {cell 4 0}}
			}
		}
		{Player 2}
		{MID 55}
		{Breed "ger.farseer"}
		{FsmState "stand"}
	}
	{Entity "_infantry2_rus" 0x809f
		{Position 3432.88 -1176.6 134}
		{Turn 32.3092}
		{Extender "inventory"
			{box
				{clear}
				{item "mp40" {cell 0 0}}
				{item "ammo pistol" 100 {cell 4 0}}
			}
		}
		{Player 2}
		{MID 56}
		{Breed "ger.farseer"}
		{FsmState "stand"}
	}
	{Entity "_infantry2_rus" 0x80a0
		{Position 2886.76 586.77 -4}
		{Turn 72.5}
		{Extender "inventory"
			{box
				{clear}
				{item "mp40" {cell 0 0}}
				{item "ammo pistol" 40 {cell 4 0}}
				{item "grenade m24" {cell 6 0}}
			}
		}
		{Player 2}
		{MID 59}
		{Breed "ger.infantry_smg"}
		{FsmState "stand"}
	}
	{Entity "_infantry2_rus" 0x80a1
		{Position 2917.99 645.976 -4}
		{Turn -47.9998}
		{Extender "inventory"
			{box
				{clear}
				{item "mp40" {cell 0 0}}
				{item "ammo pistol" 40 {cell 4 0}}
				{item "grenade m39" {cell 6 0}}
			}
		}
		{Player 2}
		{MID 60}
		{Breed "ger.infantry_smg"}
		{FsmState "stand"}
	}
	{Entity "sdkfz251_1" 0x8040
		{Position 2670.66 -227.841 11}
		{Turn 126.599}
		{Player 2}
		{MID 58}
	}
	{Entity "_infantry2_rus" 0x80a2
		{Position 2821.62 -52.6376 11}
		{Extender "inventory"
			{box
				{clear}
				{item "mp40" {cell 0 0}}
				{item "ammo pistol" 40 {cell 4 0}}
				{item "grenade m24x5" {cell 4 1}}
			}
			{hand_right
				{Item 0x80e3 "grenade m24x5"}
			}
		}
		{Player 2}
		{MID 61}
		{Breed "ger.infantry_smg"}
		{LastThrowItem "grenade m24x5"}
		{FsmState "stand"}
	}
	{Entity "_infantry2_rus" 0x80a3
		{Position 2846.4 -83.864 11}
		{Extender "inventory"
			{box
				{clear}
				{item "mp40" {cell 0 0}}
				{item "ammo pistol" 40 {cell 4 0}}
				{item "grenade m24" {cell 6 0}}
			}
		}
		{Player 2}
		{MID 62}
		{Breed "ger.infantry_smg"}
		{FsmState "stand"}
	}
	{Entity "_infantry2_rus" 0x80a4
		{Position 2805.62 -91.7838 11}
		{Extender "inventory"
			{box
				{clear}
				{item "mp40" {cell 0 0}}
				{item "ammo pistol" 40 {cell 4 0}}
				{item "grenade m24" {cell 6 0}}
			}
		}
		{Player 2}
		{MID 63}
		{Breed "ger.infantry_smg"}
		{FsmState "stand"}
	}
	{Entity "_infantry2_rus" 0x80a5
		{Position 2821.38 -109.233 11}
		{Extender "inventory"
			{box
				{clear}
				{item "mp40" {cell 0 0}}
				{item "ammo pistol" 40 {cell 4 0}}
				{item "grenade m24x5" {cell 6 1}}
			}
			{hand_right
				{Item 0x80db "grenade m24x5"}
			}
		}
		{Player 2}
		{MID 64}
		{Breed "ger.infantry_smg"}
		{LastThrowItem "grenade m24x5"}
		{FsmState "stand"}
	}
	{Entity "_infantry2_rus" 0x80a6
		{Position 2775.3 -78.5698 11}
		{Extender "inventory"
			{box
				{clear}
				{item "mp40" {cell 0 0}}
				{item "ammo pistol" 40 {cell 4 0}}
				{item "grenade m24" {cell 6 0}}
			}
		}
		{Player 2}
		{MID 65}
		{Breed "ger.infantry_smg"}
		{FsmState "stand"}
	}
	{Entity "_infantry2_rus" 0x80a7
		{Position 2792.16 -128.475 10}
		{Turn -120}
		{Extender "inventory"
			{box
				{clear}
				{item "mp40" {cell 0 0}}
				{item "ammo pistol" 40 {cell 4 0}}
				{item "grenade m24" {cell 6 0}}
			}
		}
		{Player 2}
		{MID 66}
		{Breed "ger.infantry_smg"}
		{FsmState "stand"}
	}
	{Entity "_infantry2_rus" 0x80a8
		{Position 3033.78 61.4406 4.24402}
		{Extender "inventory"
			{box
				{clear}
				{item "mp40" {cell 0 0}}
				{item "ammo pistol" 40 {cell 4 0}}
				{item "grenade m24" {cell 6 0}}
				{item "grenade m24x5" {cell 4 1}}
				{item "grenade m24x5" {cell 6 1}}
			}
		}
		{Player 2}
		{MID 67}
		{Breed "ger.infantry_smg"}
		{FsmState "stand"}
	}
	{Entity "_infantry2_rus" 0x80a9
		{Position 2785.05 -94.9182 11}
		{Turn -32}
		{Extender "inventory"
			{box
				{clear}
				{item "mp40" {cell 0 0}}
				{item "ammo pistol" 40 {cell 4 0}}
				{item "grenade m24x5" {cell 6 0}}
			}
			{hand_right
				{Item 0x80da "grenade m24x5"}
			}
		}
		{Player 2}
		{MID 68}
		{Breed "ger.infantry_smg"}
		{LastThrowItem "grenade m24x5"}
		{FsmState "stand"}
	}
	{Entity "_infantry2_rus" 0x80aa
		{Position 2803.06 -71.2352 11}
		{Extender "inventory"
			{box
				{clear}
				{item "mp40" {cell 0 0}}
				{item "ammo pistol" 40 {cell 4 0}}
				{item "grenade m24" {cell 6 0}}
			}
		}
		{Player 2}
		{MID 69}
		{Breed "ger.infantry_smg"}
		{FsmState "stand"}
	}
	{Entity "blitz-fuel" 0x8017
		{Position 2305.7 1272.13 -4}
		{Player 2}
		{MID 48}
	}
	{Entity "blitz-fuel" 0x8018
		{Position 2292.26 1154.79 -4}
		{Player 2}
		{MID 71}
	}
	{Entity "sdkfz250_3" 0x8019
		{Position 2328.17 664.541 -4}
		{Turn -6.27607}
		{Player 2}
		{MID 72}
	}
	{Entity "barrel1" 0x801a
		{Position 2334.44 765.876 -4}
		{Extender "stuff"
			{Item "barrel" filling "fuel" 50}
		}
	}
	{Entity "barrel1" 0x8027
		{Position 2356.2 739.171 -4}
		{Extender "stuff"
			{Item "barrel" filling "fuel" 50}
		}
	}
	{Entity "barrel1" 0x8028
		{Position 2382.75 601.914 -4}
		{Extender "stuff"
			{Item "barrel" filling "fuel" 50}
		}
	}
	{Entity "barrel1" 0x8029
		{Position 2405.94 575.277 -4}
		{Extender "stuff"
			{Item "barrel" filling "fuel" 50}
		}
	}
	{Entity "barrel1" 0x802a
		{Position 2450.25 618.278 -4}
		{Extender "stuff"
			{Item "barrel" filling "fuel" 50}
		}
	}
	{Entity "box2" 0x802b
		{Position 2702.44 639.741 -4}
		{Scale 1.7}
	}
	{Entity "box2" 0x802d
		{Position 2690.24 624.641 -4}
		{Turn -52.4048}
		{Scale 1.7}
		{Extender "inventory"
			{box
				{clear}
				{item "bullet20 zenite" 30 {cell 3 4}}
			}
		}
	}
	{Entity "box2" 0x802f
		{Position 2684.34 590.167 -4}
		{Turn -31.3086}
		{Scale 1.7}
		{Extender "inventory"
			{box
				{clear}
				{item "bullet20 zenite" 30 {cell 0 0}}
			}
		}
	}
	{Entity "box2" 0x804a
		{Position 2706.53 607.342 -4}
		{Turn -10.7855}
		{Scale 1.7}
		{Extender "inventory"
			{box
				{clear}
				{item "bullet20 zenite" 30 {cell 0 0}}
			}
		}
	}
	{Entity "box2" 0x804b
		{Position 2714.48 627.38 -4}
		{Scale 1.7}
	}
	{Entity "_infantry2_rus" 0x802c
		{Position 3079.16 1569.86 -2.01404}
		{Extender "inventory"
			{box
				{clear}
				{item "mp40" {cell 0 0}}
				{item "ammo pistol" 40 {cell 4 0}}
				{item "grenade m39" {cell 6 0}}
			}
		}
		{Player 2}
		{MID 54}
		{Breed "ger.infantry_smg"}
		{FsmState "stand"}
	}
	{Entity "_infantry2_rus" 0x802e
		{Position 3137.33 1582.37 -3.82633}
		{Extender "inventory"
			{box
				{clear}
				{item "mp40" {cell 0 0}}
				{item "ammo pistol" 40 {cell 4 0}}
				{item "grenade m39" {cell 6 0}}
			}
		}
		{Player 2}
		{MID 74}
		{Breed "ger.infantry_smg"}
		{FsmState "stand"}
	}
	{Entity "_infantry2_rus" 0x804e
		{Position 1968.89 434.402 1.11102}
		{Extender "inventory"
			{box
				{clear}
				{item "mp40" {cell 0 0}}
				{item "ammo pistol" 40 {cell 4 0}}
				{item "grenade m39" {cell 6 0}}
			}
		}
		{Player 2}
		{MID 76}
		{Breed "ger.infantry_smg"}
		{FsmState "stand"}
	}
	{Entity "_infantry2_rus" 0x804f
		{Position 1958.44 393.505 4.64954}
		{Extender "inventory"
			{box
				{clear}
				{item "mp40" {cell 0 0}}
				{item "ammo pistol" 40 {cell 4 0}}
				{item "grenade m24" {cell 6 0}}
			}
		}
		{Player 2}
		{MID 80}
		{Breed "ger.infantry_smg"}
		{FsmState "stand"}
	}
	{Entity "bmw-r12" 0x8050
		{Position 2338.17 -978.96 0}
		{Turn -70.9329}
		{Player 2}
		{MID 81}
	}
	{Entity "bmw-r12" 0x8051
		{Position 2112.03 -788.55 0}
		{Turn -162.62}
		{Player 2}
		{MID 82}
	}
	{Entity "_infantry2_rus" 0x805d
		{Position 2387.41 -645.213 1}
		{Turn 12.0002}
		{Extender "inventory"
			{box
				{clear}
				{item "valter" {cell 0 0}}
				{item "ammo pistol" 42 {cell 4 0}}
				{item "knife hand" {cell 6 0}}
			}
		}
		{Player 2}
		{MID 86}
		{Breed "ger.oficer"}
		{FsmState "stand"}
	}
	{Entity "_infantry2_rus" 0x805e
		{Position 2087 -505.444 0}
		{Turn -25.1982}
		{Extender "inventory"
			{box
				{clear}
				{item "valter" {cell 0 0}}
				{item "ammo pistol" 42 {cell 4 0}}
				{item "knife hand" {cell 6 0}}
			}
		}
		{Player 2}
		{MID 87}
		{Breed "ger.oficer"}
		{FsmState "stand"}
	}
	{Entity "_infantry2_rus" 0x8071
		{Position 2408.2 1231.31 -4}
		{Turn -94.134}
		{Extender "inventory"
			{box
				{clear}
				{item "mp40" {cell 0 0}}
				{item "ammo pistol" 40 {cell 4 0}}
				{item "grenade m24" {cell 6 0}}
			}
		}
		{Player 2}
		{MID 88}
		{Breed "ger.infantry_smg"}
		{FsmState "stand"}
	}
	{Entity "_infantry2_rus" 0x808a
		{Position 2405.31 1194.24 -4}
		{Turn 80.7338}
		{Extender "inventory"
			{box
				{clear}
				{item "mp40" {cell 0 0}}
				{item "ammo pistol" 60 {cell 4 0}}
				{item "grenade m39" {cell 6 0}}
			}
		}
		{Player 2}
		{MID 89}
		{Breed "ger.infantry_ss"}
		{FsmState "stand"}
	}
	{Entity "sdkfz250_3" 0x809a
		{Position 4843.52 770.992 0}
		{Turn -114.569}
		{Extender "inventory"
			{box
				{clear}
				{item "mine_detector" 2 {cell 0 0}}
				{item "bullet37 ap" 100 {cell 0 4}}
			}
		}
		{Player 2}
		{MID 90}
	}
	{Entity "_infantry2_rus" 0x8024
		{Position 5089.37 861.645 0}
		{Turn -126.046}
		{Extender "inventory"
			{box
				{clear}
				{item "mp40" {cell 0 0}}
				{item "ammo pistol" 40 {cell 4 0}}
				{item "grenade m39" {cell 6 0}}
			}
		}
		{Player 2}
		{MID 46}
		{Breed "ger.infantry_smg"}
		{FsmState "stand"}
	}
	{Entity "_infantry2_rus" 0x8025
		{Position 5049.97 852.767 0}
		{Turn 13.5772}
		{Extender "inventory"
			{box
				{clear}
				{item "mp40" {cell 0 0}}
				{item "ammo pistol" 40 {cell 4 0}}
				{item "grenade m24" {cell 6 0}}
			}
		}
		{Player 2}
		{MID 47}
		{Breed "ger.infantry_smg"}
		{FsmState "stand"}
	}
	{Entity "_infantry2_rus" 0x8097
		{Position 4835.45 768.696 5.1826}
		{Orientation
			 -0.376830  -0.824245   0.422600
			  0.909461  -0.415789   0.000000
			  0.175712   0.384338   0.906300
		}
		{Extender "inventory"
			{box
				{clear}
				{item "mp40" {cell 0 0}}
				{item "ammo pistol" 40 {cell 4 0}}
				{item "grenade m24" {cell 6 0}}
			}
		}
		{DisableObstacles}
		{Player 2}
		{MID 49}
		{Breed "ger.infantry_smg"}
		{FsmState "board"}
	}
	{Entity "_infantry2_rus" 0x8098
		{Position 4878.32 723.602 0}
		{Turn -32.416}
		{Extender "inventory"
			{box
				{clear}
				{item "mp40" {cell 0 0}}
				{item "ammo pistol" 60 {cell 4 0}}
				{item "grenade m39" {cell 6 0}}
			}
		}
		{Player 2}
		{MID 50}
		{Breed "ger.infantry_ss"}
		{FsmState "stand"}
	}
	{Entity "_infantry2_rus" 0x8099
		{Position 4734.23 781.785 0}
		{Extender "inventory"
			{box
				{clear}
				{item "mp40" {cell 0 0}}
				{item "ammo pistol" 40 {cell 4 0}}
				{item "grenade m39" {cell 6 0}}
			}
		}
		{Player 2}
		{MID 70}
		{Breed "ger.infantry_smg"}
		{FsmState "stand"}
	}
	{Entity "pz-3g" 0x809c
		{Position -888.507 54.2638 31}
		{Turn 15.2092}
		{Player 2}
		{MID 91}
	}
	{Entity "_infantry2_rus" 0x80ab
		{Position -888.507 54.2638 31}
		{Orientation
			  0.964974   0.262344   0.000000
			  0.262344  -0.964974   0.000000
			 -0.000000   0.000000   1.000000
		}
		{Extender "inventory"
			{box
				{clear}
				{item "mp41" {cell 0 0}}
				{item "ammo pistol" 60 {cell 4 0}}
			}
		}
		{Player 2}
		{MID 92}
		{Breed "ger.tankman"}
		{FsmState "board"}
	}
	{Entity "_infantry2_rus" 0x80ac
		{Position -888.507 54.2638 31}
		{Orientation
			  0.964974   0.262344   0.000000
			  0.262344  -0.964974   0.000000
			 -0.000000   0.000000   1.000000
		}
		{Extender "inventory"
			{box
				{clear}
				{item "mp41" {cell 0 0}}
				{item "ammo pistol" 60 {cell 4 0}}
			}
		}
		{Player 2}
		{MID 93}
		{Breed "ger.tankman"}
		{FsmState "board"}
	}
	{Entity "_infantry2_rus" 0x80ad
		{Position -888.507 54.2638 31}
		{Orientation
			  0.964974   0.262344   0.000000
			  0.262344  -0.964974   0.000000
			 -0.000000   0.000000   1.000000
		}
		{Extender "inventory"
			{box
				{clear}
				{item "mp41" {cell 0 0}}
				{item "ammo pistol" 60 {cell 4 0}}
			}
		}
		{Player 2}
		{MID 94}
		{Breed "ger.tankman"}
		{FsmState "board"}
	}
	{Entity "_infantry2_rus" 0x80ae
		{Position -888.507 54.2638 31}
		{Orientation
			  0.964974   0.262344   0.000000
			  0.262344  -0.964974   0.000000
			 -0.000000   0.000000   1.000000
		}
		{Extender "inventory"
			{box
				{clear}
				{item "mp41" {cell 0 0}}
				{item "ammo pistol" 60 {cell 4 0}}
			}
		}
		{Player 2}
		{MID 95}
		{Breed "ger.tankman"}
		{FsmState "board"}
	}
	{Entity "_infantry2_rus" 0x80af
		{Position -900.602 25.2859 56.0194}
		{Orientation
			 -0.082230  -0.981345   0.173600
			  0.996508  -0.083496   0.000000
			  0.014505   0.173067   0.984800
		}
		{Extender "inventory"
			{box
				{clear}
				{item "mp40" {cell 0 0}}
				{item "ammo pistol" 40 {cell 4 0}}
				{item "grenade m24" {cell 6 0}}
			}
		}
		{DisableObstacles}
		{Player 2}
		{MID 96}
		{Breed "ger.infantry_smg"}
		{FsmState "board"}
	}
	{Entity "_infantry2_rus" 0x80b0
		{Position -921.085 23.5684 56.0194}
		{Orientation
			 -0.613464  -0.685447   0.392300
			  0.769165  -0.631327   0.099600
			  0.179412   0.362774   0.914400
		}
		{Extender "inventory"
			{box
				{clear}
				{item "mp40" {cell 0 0}}
				{item "ammo pistol" 40 {cell 4 0}}
				{item "grenade m24" {cell 6 0}}
			}
		}
		{DisableObstacles}
		{Player 2}
		{MID 97}
		{Breed "ger.infantry_smg"}
		{FsmState "board"}
	}
	{Entity "bt-7" 0x80b1
		{Position 4562.78 -633.439 0}
		{SkeletonSrc "bt-7_xx"}
		{Turn -66.3341}
		{Volume "body1"
			{Able {touch 0}}
		}
		{Placer
			{State "seat1" {Broken}}
			{State "seat2" {Broken}}
			{State "seat3" {Broken}}
			{State "seat4" {Broken}}
		}
		{Slicer
			{"part2" 0x80b2}
			{"turret" 0x80c4 "turret"}
		}
		{Extender "inventory"
			{box
				{clear}
			}
		}
		{Player 2}
		{MID 73}
		{Able {select 0}}
		{Chassis
			{Broken}
			{FuelBag
				{Remain 0}
			}
		}
		{Component "trackleft"
			{Able {work 0}{repair 0}}
		}
		{Component "trackright"
			{Able {work 0}{repair 0}}
		}
		{Component "body"
			{Able {work 0}{repair 0}}
		}
		{Component "engine"
			{Able {work 0}{repair 0}}
		}
		{Component "turret"
			{Able {work 0}{repair 0}}
		}
		{Component "gun"
			{Able {work 0}{repair 0}}
		}
	}
	{Entity "crater_big" 0x80b5
		{Position 4590.29 -784.744 0}
		{Orientation
			  0.724298  -0.689490   0.000000
			  0.689490   0.724298   0.000000
			  0.000000   0.000000   1.000000
		}
		{AreaDisable "cut"}
	}
	{Entity "crater_big_tank" 0x80bc
		{Position 4581.49 -755.13 0.917931}
		{Orientation
			  0.975500   0.220014   0.000000
			 -0.220014   0.975500   0.000000
			  0.000000   0.000000   1.000000
		}
		{AreaDisable "cut"}
	}
	{Entity "piece_medium_steel" 0x80b2
		{Position 4246.8 -455.154 5.68239}
		{Orientation
			  0.976176   0.178270   0.123691
			  0.181951  -0.983123  -0.019042
			  0.118209   0.041094  -0.992138
		}
	}
	{Entity "piece_large_steel" 0x80c4
		{Position 4584.91 -804.002 0.748198}
		{Orientation
			  0.144806   0.984902  -0.094866
			 -0.988592   0.148028   0.027821
			  0.041443   0.089755   0.995102
		}
	}
	{Entity "sdkfz10-5" 0x8038
		{Position 2769.34 621.939 -4}
		{Turn -83.4719}
		{Player 2}
		{MID 57}
	}
	{Entity "mine_antitank" 0x8037
		{Position 4981.94 -939.518 0}
		{Extender "mine"
			{Mined}
			{Miner 2}
		}
	}
	{Entity "mine_antitank" 0x8042
		{Position 5080.54 -922.758 -10.147}
		{Extender "mine"
			{Mined}
			{Miner 2}
		}
	}
	{Entity "mine_antitank" 0x8043
		{Position 5032.72 -880.851 -3.54395}
		{Extender "mine"
			{Mined}
			{Miner 2}
		}
	}
	{Entity "mine_antitank" 0x8044
		{Position 4912.58 -814.957 0}
		{Extender "mine"
			{Mined}
			{Miner 2}
		}
	}
	{Entity "mine_antitank" 0x8045
		{Position 5043.92 -812.283 -6.78394}
		{Extender "mine"
			{Mined}
			{Miner 2}
		}
	}
	{Entity "pz-3g" 0x8046
		{Position 1577.89 -1307.14 3.51412}
		{Turn -20.9568}
		{TexMod "ambush1"}
		{Player 2}
		{MID 75}
	}
	{Entity "_infantry2_rus" 0x8047
		{Position 1577.89 -1307.14 3.51412}
		{Orientation
			  0.932992  -0.357335  -0.042866
			 -0.356364  -0.933905   0.028751
			  0.050307   0.011548   0.998667
		}
		{Extender "inventory"
			{box
				{clear}
				{item "mp41" {cell 0 0}}
				{item "ammo pistol" 60 {cell 4 0}}
			}
		}
		{Player 2}
		{MID 77}
		{Breed "ger.tankman"}
		{FsmState "board"}
	}
	{Entity "_infantry2_rus" 0x8048
		{Position 1577.89 -1307.14 3.51412}
		{Orientation
			  0.932992  -0.357335  -0.042866
			 -0.356364  -0.933905   0.028751
			  0.050307   0.011548   0.998667
		}
		{Extender "inventory"
			{box
				{clear}
				{item "mp41" {cell 0 0}}
				{item "ammo pistol" 60 {cell 4 0}}
			}
		}
		{Player 2}
		{MID 78}
		{Breed "ger.tankman"}
		{FsmState "board"}
	}
	{Entity "_infantry2_rus" 0x804c
		{Position 1577.89 -1307.14 3.51412}
		{Orientation
			  0.932992  -0.357335  -0.042866
			 -0.356364  -0.933905   0.028751
			  0.050307   0.011548   0.998667
		}
		{Extender "inventory"
			{box
				{clear}
				{item "mp41" {cell 0 0}}
				{item "ammo pistol" 60 {cell 4 0}}
			}
		}
		{Player 2}
		{MID 79}
		{Breed "ger.tankman"}
		{FsmState "board"}
	}
	{Entity "_infantry2_rus" 0x804d
		{Position 1577.89 -1307.14 3.51412}
		{Orientation
			  0.932992  -0.357335  -0.042866
			 -0.356364  -0.933905   0.028751
			  0.050307   0.011548   0.998667
		}
		{Extender "inventory"
			{box
				{clear}
				{item "mp41" {cell 0 0}}
				{item "ammo pistol" 60 {cell 4 0}}
			}
		}
		{Player 2}
		{MID 98}
		{Breed "ger.tankman"}
		{FsmState "board"}
	}
	{Entity "_infantry2_rus" 0x8055
		{Position 1687.84 -1336.87 0.148418}
		{Turn -11.4619}
		{Extender "inventory"
			{box
				{clear}
				{item "mp40" {cell 0 0}}
				{item "ammo pistol" 40 {cell 4 0}}
				{item "grenade m24" {cell 6 0}}
			}
		}
		{Player 2}
		{MID 99}
		{Breed "ger.infantry_smg"}
		{FsmState "stand"}
	}
	{Entity "_infantry2_rus" 0x8056
		{Position 1698.44 -1328.29 0}
		{Turn 115.368}
		{Extender "inventory"
			{box
				{clear}
				{item "mp40" {cell 0 0}}
				{item "ammo pistol" 40 {cell 4 0}}
				{item "grenade m24" {cell 6 0}}
			}
		}
		{Player 2}
		{MID 100}
		{Breed "ger.infantry_smg"}
		{FsmState "stand"}
	}
	{Entity "sdkfz-223" 0x8057
		{Position 1170.45 -318.609 0}
		{Player 2}
		{MID 101}
	}
	{Entity "_infantry2_rus" 0x8059
		{Position 1187.68 -324.649 9.2704}
		{Orientation
			  0.920900   0.000000   0.389700
			  0.000000   1.000000   0.000000
			 -0.389700   0.000000   0.920900
		}
		{Extender "inventory"
			{box
				{clear}
				{item "mp40" {cell 0 0}}
				{item "ammo pistol" 40 {cell 4 0}}
				{item "grenade m24" {cell 6 0}}
			}
		}
		{DisableObstacles}
		{Player 2}
		{MID 102}
		{Breed "ger.infantry_smg"}
		{FsmState "board"}
	}
	{Entity "_infantry2_rus" 0x805f
		{Position 1160.72 -318.609 19.0236}
		{Extender "inventory"
			{box
				{clear}
				{item "mp40" {cell 0 0}}
				{item "ammo pistol" 40 {cell 4 0}}
				{item "grenade m24" {cell 6 0}}
			}
		}
		{DisableObstacles}
		{Player 2}
		{MID 103}
		{Breed "ger.infantry_smg"}
		{FsmState "board"}
	}
	{Entity "t-34-76-41" 0x8060
		{Position 5355.4 -3616.96 0}
		{Turn 171.274}
		{Extender "inventory"
			{box
				{clear}
				{item "ammo mgun" 1940 {cell 0 0}}
				{item "bullet76 ap" 49 {cell 0 1}}
				{item "repair_kit" {cell 0 4}}
				{item "can" {cell 3 4}}
				{item "bullet76 fg" 27 {cell 0 2}}
			}
		}
		{Player 1}
		{MID 20}
		{Weaponry
			{Number 1}
			{State "gun"
				{Weapon
					{Ammo "bullet76 ap" 1}
				}
			}
		}
	}
	{Entity "t-34-76-41" 0x8061
		{Position 5346.1 -3755.13 0}
		{Turn 161.757}
		{Player 3}
		{MID 104}
	}
	{Entity "kv-1" 0x8063
		{Position 5005.64 -3626.9 0}
		{Turn 161.533}
		{Player 3}
		{MID 105}
	}
	{Entity "bt-7" 0x8076
		{Position 5600.86 -3856.66 0}
		{Turn 161.649}
		{Player 3}
		{MID 106}
	}
	{Entity "_infantry2_rus" 0x808e
		{Position 5005.64 -3626.9 0}
		{Orientation
			 -0.948506   0.316758   0.000000
			  0.316758   0.948506   0.000000
			  0.000000   0.000000   1.000000
		}
		{Extender "inventory"
			{box
				{clear}
				{item "ammo pistol" 22 {cell 0 0}}
				{item "tt" {cell 2 0}}
				{item "grenade rpg40" {cell 0 1}}
			}
		}
		{Player 3}
		{MID 107}
		{Breed "rus.tankman"}
		{FsmState "board"}
	}
	{Entity "_infantry2_rus" 0x808f
		{Position 5005.64 -3626.9 0}
		{Orientation
			 -0.948506   0.316758   0.000000
			  0.316758   0.948506   0.000000
			  0.000000   0.000000   1.000000
		}
		{Extender "inventory"
			{box
				{clear}
				{item "ammo pistol" 18 {cell 0 0}}
				{item "tt" {cell 2 0}}
				{item "grenade rpg40" {cell 0 1}}
			}
		}
		{Player 3}
		{MID 108}
		{Breed "rus.tankman"}
		{FsmState "board"}
	}
	{Entity "_infantry2_rus" 0x80b3
		{Position 5005.64 -3626.9 0}
		{Orientation
			 -0.948506   0.316758   0.000000
			  0.316758   0.948506   0.000000
			  0.000000   0.000000   1.000000
		}
		{Extender "inventory"
			{box
				{clear}
				{item "ammo pistol" 18 {cell 0 0}}
				{item "tt" {cell 2 0}}
				{item "grenade rpg40" {cell 0 1}}
			}
		}
		{Player 3}
		{MID 109}
		{Breed "rus.tankman"}
		{FsmState "board"}
	}
	{Entity "_infantry2_rus" 0x80b4
		{Position 5346.1 -3755.13 0}
		{Orientation
			 -0.949737   0.313047   0.000000
			  0.313047   0.949737   0.000000
			  0.000000   0.000000   1.000000
		}
		{Extender "inventory"
			{box
				{clear}
				{item "ammo pistol" 18 {cell 0 0}}
				{item "tt" {cell 2 0}}
				{item "grenade rpg40" {cell 0 1}}
			}
		}
		{Player 3}
		{MID 110}
		{Breed "rus.tankman"}
		{FsmState "board"}
	}
	{Entity "_infantry2_rus" 0x80b6
		{Position 5346.1 -3755.13 0}
		{Orientation
			 -0.949737   0.313047   0.000000
			  0.313047   0.949737   0.000000
			  0.000000   0.000000   1.000000
		}
		{Extender "inventory"
			{box
				{clear}
				{item "ammo pistol" 18 {cell 0 0}}
				{item "tt" {cell 2 0}}
				{item "grenade rpg40" {cell 0 1}}
			}
		}
		{Player 3}
		{MID 111}
		{Breed "rus.tankman"}
		{FsmState "board"}
	}
	{Entity "_infantry2_rus" 0x80b7
		{Position 5346.1 -3755.13 0}
		{Orientation
			 -0.949737   0.313047   0.000000
			  0.313047   0.949737   0.000000
			  0.000000   0.000000   1.000000
		}
		{Extender "inventory"
			{box
				{clear}
				{item "ammo pistol" 18 {cell 0 0}}
				{item "tt" {cell 2 0}}
				{item "grenade rpg40" {cell 0 1}}
			}
		}
		{Player 3}
		{MID 112}
		{Breed "rus.tankman"}
		{FsmState "board"}
	}
	{Entity "_infantry2_rus" 0x80b8
		{Position 5600.86 -3856.66 0}
		{Orientation
			 -0.949146   0.314837   0.000000
			  0.314837   0.949146   0.000000
			  0.000000   0.000000   1.000000
		}
		{Extender "inventory"
			{box
				{clear}
				{item "ammo pistol" 18 {cell 0 0}}
				{item "tt" {cell 2 0}}
				{item "grenade rpg40" {cell 0 1}}
			}
		}
		{Player 3}
		{MID 113}
		{Breed "rus.tankman"}
		{FsmState "board"}
	}
	{Entity "_infantry2_rus" 0x80b9
		{Position 5600.86 -3856.66 0}
		{Orientation
			 -0.949146   0.314837   0.000000
			  0.314837   0.949146   0.000000
			  0.000000   0.000000   1.000000
		}
		{Extender "inventory"
			{box
				{clear}
				{item "ammo pistol" 18 {cell 0 0}}
				{item "tt" {cell 2 0}}
				{item "grenade rpg40" {cell 0 1}}
			}
		}
		{Player 3}
		{MID 114}
		{Breed "rus.tankman"}
