;Exported by: shevchenko
;Date:        Thu May 06 10:29:56 2004
;File:        D:\-Projects-\-3DWork-\sheva\Train\cistern\cistern1_xx.max
{Skeleton
	{bone "Basis"
		{Orientation
			1.0000	0.0000	0.0000
			0.0000	-1.0000	0.0000
			0.0000	0.0000	1.0000
		}
		{bone "pivot_back"
			{parameters "ID=body;"}
			{Position -53.6910	0.0000	0.0000}
			{VolumeView "pivot_back.ply"}
			{bone revolute "wheel_L2"
				{parameters "ID=wheelleft2;"}
				{Matrix34
					-1.0000	-0.0001	0.0033
					0.0033	0.0000	1.0000
					0.0001	-1.0000	0.0000
					0.1079	17.0876	0.1163
				}
				{VolumeView "wheel_L2.ply"}
			}
			{bone revolute "wheel_R2"
				{parameters "ID=wheelright2;"}
				{Matrix34
					-1.0000	0.0001	0.0033
					0.0033	-0.0000	1.0000
					0.0001	1.0000	0.0000
					0.1079	-17.5884	0.1163
				}
				{VolumeView "wheel_R2.ply"}
			}
		}
		{bone "pivot_front"
			{parameters "ID=body;"}
			{Position 51.8943	0.0000	8.9211}
			{VolumeView "pivot_front.ply"}
			{bone revolute "wheel_R1"
				{parameters "ID=wheelright1;"}
				{Matrix34
					-1.0000	0.0001	0.0033
					0.0033	-0.0000	1.0000
					0.0001	1.0000	0.0000
					0.5431	-17.7138	0.2347
				}
				{VolumeView "wheel_R1.ply"}
			}
			{bone revolute "wheel_L1"
				{parameters "ID=wheelleft1;"}
				{Matrix34
					-1.0000	-0.0001	0.0033
					0.0033	0.0000	1.0000
					0.0001	-1.0000	0.0000
					0.5431	16.9622	0.2347
				}
				{VolumeView "wheel_L1.ply"}
			}
		}
		{bone "body"
			{parameters "ID=body;"}
			{Position -1.7162	-0.0410	44.2952}
			{VolumeView "body.ply"}
			{bone "body_cistern"
				{parameters "ID=fuel;"}
				{Orientation
					-0.0000	-1.0000	0.0000
					1.0000	-0.0000	0.0000
					0.0000	0.0000	1.0000
				}
				{VolumeView "body_cistern.ply"}
				{bone "FX_exp3"
					{Matrix34
						-0.0000	-0.0000	1.0000
						-1.0000	-0.0000	-0.0000
						0.0000	-1.0000	-0.0000
						-0.5245	55.4267	-1.1840
					}
				}
				{bone "FX_exp3a"
					{Matrix34
						-0.0000	-0.0000	1.0000
						-1.0000	-0.0000	-0.0000
						0.0000	-1.0000	-0.0000
						-0.5245	-53.1655	-1.1840
					}
				}
				{bone "FX_exp3b"
					{Matrix34
						-0.0000	-0.0000	1.0000
						-1.0000	-0.0000	-0.0000
						0.0000	-1.0000	-0.0000
						-0.5245	0.0226	-1.1840
					}
				}
				{bone "FX_exp4a"
					{Matrix34
						-0.7075	-0.0000	0.7068
						-0.7068	0.0000	-0.7075
						-0.0000	-1.0000	-0.0000
						-23.2014	0.0225	-7.9152
					}
				}
				{bone "FX_exp4d"
					{Matrix34
						0.7134	0.0000	0.7008
						-0.7008	-0.0000	0.7134
						0.0000	-1.0000	0.0000
						21.6359	0.0226	-7.7728
					}
				}
				{bone "FX_fire1"
					{Matrix34
						0.0000	0.0000	1.0000
						-1.0000	-0.0000	0.0000
						0.0000	-1.0000	0.0000
						15.6548	-60.2395	-7.7728
					}
				}
				{bone "FX_smoke_big"
					{Matrix34
						-0.0000	-0.0000	1.0000
						-1.0000	-0.0000	-0.0000
						0.0000	-1.0000	-0.0000
						-0.5245	55.4267	-17.2079
					}
				}
				{bone "FX_smoke_big1"
					{Matrix34
						-0.0000	-0.0000	1.0000
						-1.0000	-0.0000	-0.0000
						0.0000	-1.0000	-0.0000
						-0.5245	-53.1655	-17.2079
					}
				}
				{bone "FX_fire2"
					{Matrix34
						0.0000	0.0000	1.0000
						-1.0000	-0.0000	0.0000
						0.0000	-1.0000	0.0000
						-15.0271	-50.8269	-10.3309
					}
				}
				{bone "FX_fire3"
					{Matrix34
						0.0000	0.0000	1.0000
						-1.0000	-0.0000	0.0000
						0.0000	-1.0000	0.0000
						-0.5935	-78.4026	20.1523
					}
				}
				{bone "FX_fire4"
					{Matrix34
						0.0000	0.0000	1.0000
						-1.0000	-0.0000	0.0000
						0.0000	-1.0000	0.0000
						-0.5935	78.9453	20.1523
					}
				}
				{bone "FX_fire5"
					{Matrix34
						0.0000	0.0000	1.0000
						-1.0000	-0.0000	0.0000
						0.0000	-1.0000	0.0000
						15.6548	54.9533	-7.7728
					}
				}
				{bone "FX_fire6"
					{Matrix34
						0.0000	0.0000	1.0000
						-1.0000	-0.0000	0.0000
						0.0000	-1.0000	0.0000
						-16.3489	70.3591	-7.7728
					}
				}
			}
			{bone "part6"
				{Matrix34
					-0.0000	-1.0000	0.0000
					1.0000	-0.0000	0.0000
					0.0000	0.0000	1.0000
					1.9301	24.2970	20.0968
				}
				{VolumeView "part6.ply"}
			}
			{bone "part5"
				{Matrix34
					-0.0000	-1.0000	0.0000
					1.0000	-0.0000	0.0000
					0.0000	0.0000	1.0000
					-0.4476	0.6120	36.2451
				}
				{VolumeView "part5.ply"}
			}
			{bone "part4"
				{Matrix34
					-0.0000	-1.0000	0.0000
					1.0000	-0.0000	0.0000
					0.0000	0.0000	1.0000
					26.6942	-13.1433	12.2271
				}
				{VolumeView "part4.ply"}
			}
			{bone "part3"
				{Matrix34
					-0.0000	-1.0000	0.0000
					1.0000	-0.0000	0.0000
					0.0000	0.0000	1.0000
					27.6732	13.4353	18.3594
				}
				{VolumeView "part3.ply"}
			}
			{bone "part2"
				{Matrix34
					-0.0000	-1.0000	0.0000
					1.0000	-0.0000	0.0000
					0.0000	0.0000	1.0000
					-31.6878	13.5601	12.0869
				}
				{VolumeView "part2.ply"}
			}
			{bone "part1"
				{Matrix34
					-0.0000	-1.0000	0.0000
					1.0000	-0.0000	0.0000
					0.0000	0.0000	1.0000
					-30.8453	-15.6121	11.0823
				}
				{VolumeView "part1.ply"}
			}
		}
	}
}
{Volume "part1"
	{Polyhedron "part1.vol"}
	{Bone "part1"}
	{Matrix34
		-0.4012	-0.0000	0.9160
		0.9160	0.0000	0.4012
		-0.0000	1.0000	-0.0000
		-12.1946	-14.0029	-1.9613
	}
}
{Volume "part2"
	{Polyhedron "part2.vol"}
	{Bone "part2"}
	{Matrix34
		-0.4553	-0.0000	-0.8904
		-0.8904	-0.0000	0.4553
		-0.0000	1.0000	-0.0000
		8.0987	-19.9706	-2.9660
	}
}
{Volume "part3"
	{Polyhedron "part3.vol"}
	{Bone "part3"}
	{Matrix34
		-0.6755	-0.0000	-0.7373
		-0.7373	-0.0000	0.6755
		-0.0000	1.0000	-0.0000
		6.1540	-19.7995	-5.4168
	}
}
{Volume "part4"
	{Polyhedron "part4.vol"}
	{Bone "part4"}
	{Matrix34
		-0.4012	-0.0000	0.9160
		0.9160	0.0000	0.4012
		-0.0000	1.0000	-0.0000
		-9.7259	-17.8160	-3.1062
	}
}
{Volume "part5"
	{Cylinder 9.44549 8.3244}
	{Bone "part5"}
	{Matrix34
		0.4921	0.8705	0.0000
		-0.8705	0.4921	0.0000
		0.0000	0.0000	1.0000
		0.0018	-0.0301	0.3840
	}
}
{Volume "part6"
	{Box 62.247 10.5257 1.48177}
	{Bone "part6"}
	{Matrix34
		-0.0000	1.0000	0.0000
		-1.0000	-0.0000	0.0000
		0.0000	0.0000	1.0000
		-0.7562	-0.0539	0.0869
	}
}
{Volume "body"
	{Box 167.323 43.3071 5.31496}
	{Bone "body"}
	{Position 3.0403	0.1095	-23.4200}
}
{Volume "fuel2"
	{Cylinder 24.8048 34.9284}
	{Bone "body_cistern"}
	{Matrix34
		-1.0000	-0.0000	-0.0000
		-0.0000	0.0000	1.0000
		-0.0000	1.0000	-0.0000
		-0.7840	66.6832	2.9201
	}
}
{Volume "fuel1"
	{Cylinder 24.8048 27.2878}
	{Bone "body_cistern"}
	{Matrix34
		-1.0000	-0.0000	-0.0000
		-0.0000	0.0000	1.0000
		-0.0000	1.0000	-0.0000
		-0.7840	-61.1455	2.9201
	}
}
{Volume "wheelleft1"
	{Cylinder 9.5318 3.6991}
	{Bone "wheel_L1"}
	{Matrix34
		-0.9998	0.0175	0.0000
		0.0175	0.9998	-0.0000
		-0.0000	-0.0000	-1.0000
		-0.3616	0.0192	0.8517
	}
}
{Volume "wheelright1"
	{Cylinder 9.5318 3.6991}
	{Bone "wheel_R1"}
	{Matrix34
		-0.9998	0.0175	-0.0000
		0.0175	0.9998	-0.0000
		-0.0000	-0.0000	-1.0000
		-0.3616	0.0192	0.8517
	}
}
{Volume "wheelright2"
	{Cylinder 9.5318 3.6991}
	{Bone "wheel_R2"}
	{Matrix34
		-0.9998	0.0175	-0.0000
		0.0175	0.9998	-0.0000
		-0.0000	-0.0000	-1.0000
		-0.3616	0.0192	0.8517
	}
}
{Volume "wheelleft2"
	{Cylinder 9.5318 3.6991}
	{Bone "wheel_L2"}
	{Matrix34
		-0.9998	0.0175	0.0000
		0.0175	0.9998	-0.0000
		-0.0000	-0.0000	-1.0000
		-0.3616	0.0192	0.8517
	}
}
