;Exported by: garry
;Date:        Fri Apr 30 12:19:15 2004
;File:        D:\-Projects-\-3DWork-\Model\Авто-мото\dodgeWC51\dodge_xx.max
{Skeleton
	{bone "Basis"
		{parameters "WheelRadius=0.2;"}
		{Orientation
			1.0000	0.0000	0.0000
			0.0000	-1.0000	0.0000
			0.0000	0.0000	1.0000
		}
		{bone "Pivot_front"
			{Matrix34
				-1.0000	0.0000	0.0000
				-0.0000	-0.0000	1.0000
				0.0000	1.0000	0.0000
				23.6794	3.1640	3.3434
			}
			{VolumeView "Pivot_front.ply"}
			{bone revolute "steer_L"
				{Matrix34
					0.9998	0.0175	-0.0000
					0.0000	-0.0000	1.0000
					0.0175	-0.9998	-0.0000
					-0.2978	-2.7770	10.1423
				}
				{bone "WheelL1"
					{parameters "ID=wheelleft1;"}
					{Matrix34
						0.9998	0.0000	0.0175
						0.0175	0.0000	-0.9998
						-0.0000	1.0000	0.0000
						0.1487	1.3145	-2.8957
					}
					{VolumeView "WheelL1.ply"}
				}
			}
			{bone revolute "steer_R"
				{Matrix34
					1.0000	0.0000	-0.0000
					0.0000	-0.0000	1.0000
					0.0000	-1.0000	-0.0000
					-0.1264	-2.7861	-14.0859
				}
				{bone revolute "WheelR1"
					{parameters "ID=wheelright1;"}
					{Matrix34
						1.0000	0.0000	-0.0000
						0.0000	-0.0000	-1.0000
						-0.0000	1.0000	-0.0000
						0.1936	-3.5815	-2.9069
					}
					{VolumeView "WheelR1.ply"}
				}
			}
		}
		{bone "Pivot_back"
			{Matrix34
				-1.0000	0.0000	0.0000
				-0.0000	0.0429	0.9991
				0.0000	0.9991	-0.0429
				-27.3391	1.0089	8.3030
			}
			{VolumeView "Pivot_back.ply"}
			{bone "spring_L"
				{Matrix34
					-0.9998	0.0175	0.0000
					0.0000	-0.0000	1.0000
					0.0175	0.9998	0.0000
					-0.0771	-1.5195	10.5640
				}
				{bone "WheelL2"
					{parameters "ID=wheelleft2;"}
					{Matrix34
						-0.9998	0.0000	0.0175
						0.0175	0.0000	0.9998
						0.0000	1.0000	-0.0000
						0.1435	3.0480	1.9660
					}
					{VolumeView "WheelL2.ply"}
				}
			}
			{bone "spring_R"
				{Matrix34
					-0.9998	0.0175	0.0000
					0.0000	-0.0000	1.0000
					0.0175	0.9998	0.0000
					-0.0771	-1.5195	-13.8309
				}
				{bone revolute "WheelR2"
					{parameters "ID=wheelright2;"}
					{Matrix34
						-0.9998	0.0000	0.0175
						0.0170	-0.2459	0.9692
						0.0043	0.9693	0.2458
						0.0000	-2.9424	1.9685
					}
					{VolumeView "WheelR2.ply"}
				}
			}
		}
		{bone "body"
			{parameters "ID=body;"}
			{Matrix34
				-0.9981	0.0040	0.0622
				0.0612	0.2469	0.9671
				-0.0115	0.9690	-0.2467
				-0.9434	1.3239	7.2209
			}
			{VolumeView "body.ply"}
			{bone "part4"
				{Matrix34
					0.9657	0.0748	0.2487
					-0.0804	0.9967	0.0125
					-0.2469	-0.0321	0.9685
					-22.2239	11.5467	4.4681
				}
				{VolumeView "part4.ply"}
			}
			{bone "part2"
				{Orientation
					0.9999	0.0104	0.0048
					-0.0106	0.9992	0.0398
					-0.0044	-0.0398	0.9992
				}
				{VolumeView "part2.ply"}
			}
			{bone "engine"
				{parameters "CommonMesh;ID=engine;"}
				{Matrix34
					0.9999	0.0104	0.0048
					-0.0106	0.9992	0.0398
					-0.0044	-0.0398	0.9992
					-7.8424	1.4904	-0.0080
				}
				{VolumeView "engine.ply"}
			}
			{bone "part1"
				{Position 26.5825	-1.9304	-15.1884}
				{VolumeView "part1.ply"}
			}
			{bone "part5"
				{Position 27.1272	6.2043	16.4099}
				{VolumeView "part5.ply"}
			}
			{bone "part3"
				{VolumeView "part3.ply"}
			}
		}
	}
}
{Volume "part3"
	{Box 1.99717 42.0681 10.1}
	{Bone "part3"}
	{Matrix34
		-0.8306	-0.5288	0.1744
		0.1075	0.1549	0.9821
		-0.5463	0.8345	-0.0718
		44.8641	2.0648	0.1388
	}
}
{Volume "part5"
	{Polyhedron "part5.vol"}
	{Bone "part5"}
	{Matrix34
		-1.0000	0.0035	0.0033
		0.0040	0.2469	0.9690
		0.0026	0.9690	-0.2469
		-0.2039	-2.7523	0.7024
	}
}
{Volume "part1"
	{Polyhedron "part1.vol"}
	{Bone "part1"}
	{Matrix34
		-1.0000	-0.0047	0.0053
		0.0040	0.2469	0.9690
		-0.0059	0.9690	-0.2469
		0.3099	-2.6169	0.0252
	}
}
{Volume "part2"
	{Polyhedron "part2.vol"}
	{Bone "part2"}
	{Matrix34
		0.9974	-0.0713	0.0095
		0.0710	0.9558	-0.2853
		0.0113	0.2852	0.9584
		1.4685	7.4452	-11.1052
	}
}
{Volume "body"
	{Box 56.8085 21.6234 3.65439}
	{Bone "body"}
	{Matrix34
		-0.9999	-0.0104	-0.0048
		-0.0044	-0.0398	0.9992
		-0.0106	0.9992	0.0398
		17.1567	1.5765	-1.0943
	}
}
{Volume "part4"
	{Polyhedron "part4.vol"}
	{Bone "part4"}
	{Matrix34
		-0.9991	-0.0369	0.0227
		0.0113	0.2852	0.9584
		-0.0419	0.9578	-0.2845
		-0.1185	-1.2306	-6.7416
	}
}
{Volume "wheelleft2"
	{Cylinder 4.8225 5.0095}
	{Bone "WheelR2"}
	{Matrix34
		-0.9998	0.0175	0.0000
		0.0175	0.9998	-0.0000
		-0.0000	-0.0000	-1.0000
		0.0126	-0.1184	0.0830
	}
}
{Volume "wheelright2"
	{Cylinder 4.87858 5.01576}
	{Bone "WheelL2"}
	{Matrix34
		-0.9998	0.0175	0.0000
		0.0175	0.9998	-0.0000
		-0.0000	-0.0000	-1.0000
		0.1435	0.0000	2.4444
	}
}
{Volume "wheelright1"
	{Cylinder 5.54786 4.54507}
	{Bone "WheelR1"}
	{Matrix34
		0.6946	0.7194	-0.0000
		-0.7194	0.6946	0.0000
		0.0000	0.0000	1.0000
		0.0000	-0.0000	-0.1082
	}
}
{Volume "wheelleft1"
	{Cylinder 4.82264 4.95941}
	{Bone "WheelL1"}
	{Matrix34
		-0.7194	-0.6946	0.0000
		-0.6946	0.7194	-0.0000
		-0.0000	-0.0000	-1.0000
		0.2669	-0.0000	2.4259
	}
}
