; made by Dinsen & Albus Jan 2009
{Skeleton
	{bone revolute "Basis"
		{limits -0.0000 0.0000}
		{speed 0.0005}
		{Orientation
			1.0000	0.0000	0.0000
			0.0000	-1.0000	0.0000
			0.0000	0.0000	1.0000
		}
		{bone "Body"
			{parameters "ID=body;"}
			{Matrix34
				0.9996	-0.0175	-0.0157
				0.0175	0.9998	0.0000
				0.0157	-0.0003	0.9998
				-59.3499	0.9704	-2.5500
			}
			{VolumeView "Body.ply"}
			{bone revolute "WheelL"
				{parameters "ID=wheelleft;"}
				{Matrix34
					-1.0000	0.0000	0.0000
					0.0000	0.0000	1.0000
					0.0000	1.0000	0.0000
					60.0628	15.5092	17.2833
				}
				{VolumeView "WheelL.ply"}
			}
			{bone revolute "WheelR"
				{parameters "ID=wheelright;"}
				{Matrix34
					-1.0000	0.0000	0.0000
					0.0000	0.0000	1.0000
					0.0000	1.0000	0.0000
					60.0628	-16.1492	17.2833
				}
				{VolumeView "WheelR.ply"}
			}
			{bone revolute "Turret_rot"
				{limits -27.0000 27.0000}
				{speed 0.0050}
				{Matrix34
					1.0000	0.0000	0.0000
					0.0000	1.0000	0.0000
					0.0000	0.0000	1.0000
					60.0000	0.0000	13.000
				}
				{bone "Turret"
					{parameters "ID=turret;"}
					{Matrix34
						1.0000	0.0000	0.0000
						0.0000	0.0000	-1.0000
						0.0000	1.0000	0.0000
						0.0000	0.6000	10.8000
					}
					{VolumeView "Turret.ply"}
					{bone "Visor"
						{Matrix34
							0.9998	-0.0175	-0.0087
							0.0087	0.0000	1.0000
							-0.0175	-0.9998	0.0002
							-7.0916	-16.5085	7.6327
						}
					}
					{bone revolute "gun_rot"
						{parameters "ID=gun;"}
						{limits -15.0000 10.0000}
						{speed 0.0040}
						{Matrix34
							1.0000	0.0000	0.0000
							0.0000	1.0000	0.0000
							0.0000	0.0000	1.0000
							0.0000	0.0000	-1.0000
						}
						{VolumeView "gun_rot.ply"}
						{bone "gun"
							{parameters "ID=gun;"}
							{Matrix34
								1.0000	0.0000	0.0000
								0.0000	0.0000	1.0000
								0.0000	-1.0000	0.0000
								14.7589	-7.5605	0.7618
							}
							{VolumeView "gun.ply"}
							{bone "Foresight1"
								{Matrix34
									1.0000	-0.0001	-0.0087
									0.0000	1.0000	-0.0096
									0.0087	0.0096	0.9999
									11.5270	-0.6092	-4.6549
								}
							}
						}
					}
				}
			}
		}
	}
}
{Volume "gun"
	{Cylinder 2.5254 35.4335}
	{Bone "gun"}
	{Matrix34
		0.0000	0.0000	1.0000
		0.0000	-1.0000	0.0000
		1.0000	0.0000	0.0000
		-14.2724	-1.1156	-4.4708
	}
}
{Volume "turret"
	{Box 1.29978 25.6915 29.5279}
	{Bone "Turret"}
	{Matrix34
		0.9285	-0.3713	0.0000
		0.0000	-0.0000	1.0000
		-0.3713	-0.9285	0.0000
		1.8227	-2.3852	-0.5000
	}
}
{Volume "wheelright"
	{Cylinder 14.2820 3.0571}
	{Bone "WheelR"}
	{Position 0.0000	0.0000	0.0000}
}
{Volume "wheelleft"
	{Cylinder 14.2820 3.0571}
	{Bone "WheelL"}
	{Position 0.0000	0.0000	0.0000}
}
{Volume "body"
	{Box 88.1733 25.5053 15.975}
	{Bone "Body"}
	{Matrix34
		0.9973	0.0122	0.0732
		-0.0124	1.0000	0.0028
		-0.0732	-0.0037	0.9973
		20.7093	-0.1011	7.9041
	}
}
