;Exported by: shevchenko
;Date:        Mon Apr 19 11:27:01 2004
;File:        D:\-Projects-\-3DWork-\sheva\e-house29_1_x.max
{Skeleton
	{animation
		{sequence "crush" {speed 0.8}}
	}
	{bone "e_house29_corner1_x"
		{parameters "CommonMesh;"}
		{Orientation
			1.0000	0.0000	0.0000
			0.0000	-1.0000	0.0000
			0.0000	0.0000	1.0000
		}
		{VolumeView "e_house29_corner1_x.ply"}
		{bone "piece0"
			{Matrix34
				-1.0000	0.0000	-0.0000
				-0.0000	0.0000	1.0000
				0.0000	1.0000	-0.0000
				23.6556	9.8382	18.8633
			}
			{VolumeView "piece0.ply"}
		}
		{bone "piece1"
			{Matrix34
				1.0000	0.0000	0.0000
				0.0000	-0.0000	1.0000
				0.0000	-1.0000	-0.0000
				-18.9217	26.4450	114.1397
			}
			{VolumeView "piece1.ply"}
		}
		{bone "piece2"
			{Matrix34
				1.0000	0.0000	0.0000
				0.0000	-0.0000	1.0000
				0.0000	-1.0000	-0.0000
				15.9874	26.4450	78.9334
			}
			{VolumeView "piece2.ply"}
		}
		{bone "piece3"
			{Matrix34
				1.0000	0.0000	0.0000
				0.0000	-0.0000	1.0000
				0.0000	-1.0000	-0.0000
				26.5142	26.4450	17.9950
			}
			{VolumeView "piece3.ply"}
		}
		{bone "piece4"
			{Matrix34
				0.0000	1.0000	-0.0000
				0.0000	0.0000	1.0000
				1.0000	-0.0000	-0.0000
				23.6349	52.9703	40.8578
			}
			{VolumeView "piece4.ply"}
		}
		{bone "piece5"
			{Matrix34
				1.0000	0.0000	0.0000
				0.0000	-0.0000	1.0000
				0.0000	-1.0000	-0.0000
				-2.3440	70.6103	41.0370
			}
			{VolumeView "piece5.ply"}
		}
		{bone "piece6"
			{Matrix34
				1.0000	0.0000	0.0000
				0.0000	-0.0000	1.0000
				0.0000	-1.0000	-0.0000
				-40.0386	70.5311	22.7905
			}
			{VolumeView "piece6.ply"}
		}
		{bone "piece7"
			{Matrix34
				-0.0000	-1.0000	0.0000
				-0.0000	0.0000	1.0000
				-1.0000	0.0000	-0.0000
				-37.4336	-20.2500	85.1159
			}
			{VolumeView "piece7.ply"}
		}
		{bone "piece8"
			{Matrix34
				-0.0000	-1.0000	0.0000
				-0.0000	0.0000	1.0000
				-1.0000	0.0000	-0.0000
				-37.8176	42.2397	8.7935
			}
			{VolumeView "piece8.ply"}
		}
		{bone "piece9"
			{Matrix34
				1.0000	0.0000	0.0000
				0.0000	-0.0000	1.0000
				0.0000	-1.0000	-0.0000
				-49.6297	-19.1038	42.3262
			}
			{VolumeView "piece9.ply"}
		}
		{bone "sub_piece0"
			{Matrix34
				1.0000	0.0000	0.0000
				0.0000	-0.0000	1.0000
				0.0000	-1.0000	-0.0000
				21.0172	26.5827	150.3933
			}
			{VolumeView "sub_piece0.ply"}
		}
		{bone "sub_piece1"
			{Matrix34
				1.0000	0.0000	0.0000
				0.0000	-0.0000	1.0000
				0.0000	-1.0000	-0.0000
				15.5194	26.4450	114.1048
			}
			{VolumeView "sub_piece1.ply"}
		}
		{bone "sub_piece2"
			{Matrix34
				1.0000	0.0000	0.0000
				0.0000	-0.0000	1.0000
				0.0000	-1.0000	-0.0000
				24.6428	26.4450	46.5672
			}
			{VolumeView "sub_piece2.ply"}
		}
		{bone "sub_piece3"
			{Matrix34
				0.0000	1.0000	-0.0000
				0.0000	0.0000	1.0000
				1.0000	-0.0000	-0.0000
				23.6349	41.1557	11.4613
			}
			{VolumeView "sub_piece3.ply"}
		}
		{bone "sub_piece4"
			{Matrix34
				1.0000	0.0000	0.0000
				0.0000	-0.0000	1.0000
				0.0000	-1.0000	-0.0000
				-6.8207	70.5311	11.0941
			}
			{VolumeView "sub_piece4.ply"}
		}
		{bone "sub_piece5"
			{Matrix34
				1.0000	0.0000	0.0000
				0.0000	-0.0000	1.0000
				0.0000	-1.0000	-0.0000
				-35.7116	70.5311	49.3806
			}
			{VolumeView "sub_piece5.ply"}
		}
		{bone "sub_piece6"
			{Matrix34
				-0.0000	-1.0000	0.0000
				-0.0000	0.0000	1.0000
				-1.0000	0.0000	-0.0000
				-37.8176	3.6422	47.2622
			}
			{VolumeView "sub_piece6.ply"}
		}
		{bone "sub_piece7"
			{Matrix34
				1.0000	-0.0000	0.0000
				-0.0000	-0.0000	1.0000
				-0.0000	-1.0000	-0.0000
				-49.5290	-19.1027	11.4613
			}
			{VolumeView "sub_piece7.ply"}
		}
	}
}
{Volume "sub_piece7"
	{Box 10.8528 7.87402 12.6952}
	{Bone "sub_piece7"}
	{Matrix34
		0.9907	0.1359	-0.0000
		-0.0000	-0.0000	-1.0000
		-0.1359	0.9907	-0.0000
		0.4053	0.4849	-0.0216
	}
}
{Volume "sub_piece6"
	{Box 7.87402 15.2337 12.3392}
	{Bone "sub_piece6"}
	{Matrix34
		0.0000	0.0000	-1.0000
		-1.0000	-0.0000	-0.0000
		-0.0000	1.0000	0.0000
		1.3720	0.0536	0.0147
	}
}
{Volume "sub_piece5"
	{Box 15.1396 7.87402 13.4992}
	{Bone "sub_piece5"}
	{Matrix34
		0.9232	0.3844	-0.0000
		0.0000	-0.0000	-1.0000
		-0.3844	0.9232	-0.0000
		0.8342	0.4210	0.0258
	}
}
{Volume "sub_piece4"
	{Box 11.938 7.87402 11.7548}
	{Bone "sub_piece4"}
	{Matrix34
		0.7793	0.6266	-0.0000
		0.0000	-0.0000	-1.0000
		-0.6266	0.7793	-0.0000
		-2.5219	0.2451	0.0258
	}
}
{Volume "sub_piece3"
	{Box 7.87402 9.13635 13.173}
	{Bone "sub_piece3"}
	{Matrix34
		0.0000	-0.0000	1.0000
		0.9862	0.1653	-0.0000
		-0.1653	0.9862	0.0000
		0.4551	-0.2769	-0.0637
	}
}
{Volume "sub_piece2"
	{Box 12.4807 7.87402 11.0495}
	{Bone "sub_piece2"}
	{Matrix34
		0.8231	-0.5679	-0.0000
		-0.0000	-0.0000	-1.0000
		0.5679	0.8231	-0.0000
		-1.5755	-0.0610	-0.0161
	}
}
{Volume "sub_piece1"
	{Box 11.938 7.87402 16.6918}
	{Bone "sub_piece1"}
	{Matrix34
		0.9235	0.3835	0.0000
		0.0000	-0.0000	-1.0000
		-0.3835	0.9235	-0.0000
		-0.9597	-0.6940	-0.0161
	}
}
{Volume "sub_piece0"
	{Box 13.566 7.87402 28.6818}
	{Bone "sub_piece0"}
	{Matrix34
		1.0000	0.0000	0.0000
		0.0000	-0.0000	-1.0000
		0.0000	1.0000	-0.0000
		-1.1300	0.0400	0.1216
	}
}
{Volume "piece9"
	{Box 14.6512 7.87402 31.9731}
	{Bone "piece9"}
	{Matrix34
		1.0000	0.0000	0.0000
		0.0000	-0.0000	-1.0000
		0.0000	1.0000	-0.0000
		0.1109	-1.2752	-0.0227
	}
}
{Volume "piece8"
	{Box 7.87402 33.6602 13.84}
	{Bone "piece8"}
	{Matrix34
		0.0000	0.0000	-1.0000
		-1.0000	-0.0000	-0.0000
		-0.0000	1.0000	0.0000
		-0.1554	-0.7787	0.0147
	}
}
{Volume "piece7"
	{Box 7.87402 19.2344 36.0172}
	{Bone "piece7"}
	{Matrix34
		0.0000	0.0000	-1.0000
		-1.0000	-0.0000	-0.0000
		-0.0000	1.0000	0.0000
		-1.3034	0.6786	0.0013
	}
}
{Volume "piece6"
	{Box 18.4497 7.87402 29.8337}
	{Bone "piece6"}
	{Matrix34
		0.9783	-0.2074	0.0000
		-0.0000	-0.0000	-1.0000
		0.2074	0.9783	-0.0000
		0.2598	-2.6741	0.0258
	}
}
{Volume "piece5"
	{Box 30.9304 7.87402 30.0923}
	{Bone "piece5"}
	{Matrix34
		0.9739	0.2269	0.0000
		0.0000	-0.0000	-1.0000
		-0.2269	0.9739	-0.0000
		-0.5987	-0.2317	0.1050
	}
}
{Volume "piece4"
	{Box 7.87402 23.0813 28.5136}
	{Bone "piece4"}
	{Matrix34
		0.0000	-0.0000	1.0000
		0.9924	0.1229	-0.0000
		-0.1229	0.9924	0.0000
		0.6133	0.2590	-0.0636
	}
}
{Volume "piece3"
	{Box 25.504 7.87402 29.387}
	{Bone "piece3"}
	{Matrix34
		1.0000	0.0000	0.0000
		0.0000	-0.0000	-1.0000
		0.0000	1.0000	-0.0000
		-1.2437	-2.6777	-0.0161
	}
}
{Volume "piece2"
	{Box 27.6746 7.87402 31.2678}
	{Bone "piece2"}
	{Matrix34
		0.9981	0.0616	0.0000
		0.0000	-0.0000	-1.0000
		-0.0616	0.9981	-0.0000
		-1.5488	-2.3247	-0.0161
	}
}
{Volume "piece1"
	{Box 27.1319 7.87402 19.513}
	{Bone "piece1"}
	{Matrix34
		0.8434	0.5374	0.0000
		0.0000	-0.0000	-1.0000
		-0.5374	0.8434	-0.0000
		4.3134	-2.7499	-0.0161
	}
}
{Volume "piece0"
	{Box 33.9203 25.3543 7.05289}
	{Bone "piece0"}
	{Matrix34
		-0.8348	0.5505	0.0000
		0.0000	0.0000	1.0000
		0.5505	0.8348	-0.0000
		0.3263	1.3851	-0.0137
	}
}
