; made by Albus Mar 2011
{Skeleton
	{bone revolute "Basis"
		{limits -0.0000 0.0000}
		{speed 0.0100}
		{Orientation
			1.0000	0.0000	0.0000
			0.0000	-1.0000	0.0000
			0.0000	0.0000	1.0000
		}
		{bone "body"
			{parameters "CommonMesh;ID=body;"}
			{Position -21.3858	-0.0899	6.8716}
			{VolumeView "body.ply"}
			{bone revolute "WheelR"
				{parameters "ID=wheelright;"}
				{Matrix34
					1.0000	0.0000	0.0000
					0.0000	0.0000	-1.0000
					0.0000	1.0000	0.0000
					26.2371	-15.9079	6.1066
				}
				{VolumeView "WheelR.ply"}
			}
			{bone "part3"
				{Matrix34
					0.9962	0.0000	0.0872
					0.0872	0.0000	-0.9962
					0.0000	1.0000	0.0000
					26.2776	16.3416	6.0586
				}
				{VolumeView "part3.ply"}
			}
			{bone revolute "turret"
				{parameters "ID=turret;"}
				{limits -10.0000 10.0000}
				{speed 0.0100}
				{Matrix34
					0.0000	1.0000	0.0000
					-1.0000	0.0000	0.0000
					0.0000	0.0000	1.0000
					26.9597	0.2376	1.2001
				}
				{VolumeView "turret.ply"}
				{bone "part2"
					{Matrix34
						1.0000	0.0000	0.0000
						0.0000	0.9372	-0.3485
						0.0000	0.3485	0.9372
						0.0800	1.0752	15.4183
					}
					{VolumeView "part2.ply"}
				}
				{bone revolute "gun_rot"
					{parameters "ID=gun;"}
					{limits -2.0000 30.0000}
					{speed 0.0100}
					{Matrix34
						0.0000	-1.0000	0.0000
						0.0000	0.0000	1.0000
						-1.0000	0.0000	0.0000
						-0.1700	5.0200	18.7109
					}
					{VolumeView "gun_rot.ply"}
					{bone "part1"
						{Matrix34
							0.0000	0.0000	-1.0000
							-1.0000	0.0000	0.0000
							0.0000	1.0000	0.0000
							18.6961	0.4146	0.4129
						}
						{VolumeView "part1.ply"}
					}
				}
			}
		}
	}
}
{Volume "body2"
	{Cylinder 1.9917 81.1673}
	{Bone "body"}
	{Matrix34
		-0.3200	0.9404	-0.1153
		-0.1869	0.0567	0.9807
		0.9287	0.3353	0.1576
		-16.4507	-23.5802	0.5833
	}
}
{Volume "body1"
	{Cylinder 1.9917 81.1673}
	{Bone "body"}
	{Matrix34
		-0.1642	-0.9863	-0.0096
		0.1243	-0.0101	-0.9921
		0.9784	-0.1641	0.1242
		-16.5028	15.0161	0.0659
	}
}
{Volume "part3"
	{Cylinder 12.84871 2.80311}
	{Bone "part3"}
	{Matrix34
		0.9962	0.0872	0.0000
		0.0872	-0.9962	0.0000
		0.0000	0.0000	-1.0000
		0.0000	0.0000	-0.0280
	}
}
{Volume "part1"
	{Cylinder 1.82623 64.0236}
	{Bone "part1"}
	{Matrix34
		1.0000	0.0000	0.0000
		0.0000	0.0000	1.0000
		0.0000	-1.0000	0.0000
		0.3092	-5.4015	-0.2932
	}
}
{Volume "part2"
	{Box 34.4802 2.1791 18.8008}
	{Bone "part2"}
	{Position -0.2000	0.0000	1.0000}
}
{Volume "wheelright"
	{Cylinder 12.84871 2.80311}
	{Bone "WheelR"}
	{Matrix34
		1.0000	0.0000	0.0000
		0.0000	-1.0000	0.0000
		0.0000	0.0000	-1.0000
		0.0000	0.0000	0.0461
	}
}