{mission
	{Camera
		{Position -584.239 -445.541}
		{Distance 905.175}
		{ViewAngle 0.538776}
		{YawAngle -2.96489}
	}
	{Environment "moon_night"}
	{User 2}
	{GameProgress 0 0}
	{Entity "pz-6e" 0x8000
		{Position -491.299 -685.758 23.4298}
		{Turn 90.1717}
		{TexMod "205"}
		{Extender "inventory"
			{box
				{clear}
				{item "ammo mgun" 2000 {cell 0 0}}
				{item "repair_kit" {cell 0 3}}
				{item "bullet88 ap" 50 {cell 0 1}}
				{item "bullet88 fg" 26 {cell 0 2}}
				{item "can" {cell 2 3}}
			}
		}
		{Player 2}
		{MID 1}
	}
	{Entity "_infantry2_rus" 0x8001
		{Position -491.299 -685.758 23.4298}
		{Orientation
			 -0.002997   0.999890   0.014513
			  0.995638   0.001630   0.093286
			 -0.093252  -0.014729   0.995533
		}
		{Extender "vitality"
			{Health
				{Max 350}
				{Current 350}
			}
		}
		{Extender "inventory"
			{box
				{clear}
				{item "ammo pistol" 68 {cell 4 0}}
				{item "ammo pistol" 100 {cell 6 0}}
				{item "grenade m24" {cell 0 2}}
				{item "grenade m24" {cell 2 2}}
				{item "grenade smoke" {cell 0 3}}
				{item "grenade smoke" {cell 3 3}}
				{item "bandage" 5 {cell 6 1}}
				{item "grenade m39" {cell 0 0}}
				{item "grenade m39" {cell 1 0}}
				{item "knife_ger hand" {cell 2 0}}
				{item "grenade smoke" {cell 1 3}}
				{item "grenade smoke" {cell 2 3}}
				{item "mp41" filling "ammo pistol" 32 {cell 4 2}}
			}
		}
		{Player 2}
		{MID 2}
		{Breed "hero.dittman"}
		{LastItem "mp41"}
		{FsmState "board"}
	}
	{Entity "_infantry2_rus" 0x8002
		{Position -491.299 -685.758 23.4298}
		{Orientation
			 -0.002997   0.999890   0.014513
			  0.995638   0.001630   0.093286
			 -0.093252  -0.014729   0.995533
		}
		{Extender "vitality"
			{Health
				{Max 350}
				{Current 350}
			}
		}
		{Extender "inventory"
			{box
				{clear}
				{item "ammo pistol" 100 {cell 0 0}}
				{item "grenade m24" {cell 2 0}}
				{item "grenade m24" {cell 4 0}}
				{item "sg44" {cell 0 2}}
				{item "ammo pistol" 100 {cell 6 0}}
				{item "ammo pistol" 40 {cell 0 1}}
				{item "grenade m24x5" {cell 2 1}}
				{item "grenade m24x5" {cell 4 1}}
				{item "grenade molotov_coctail" {cell 6 1}}
				{item "bandage" 5 {cell 4 2}}
			}
		}
		{Player 2}
		{MID 3}
		{Breed "ger.tank_crew"}
		{FsmState "board"}
	}
	{Entity "_infantry2_rus" 0x8003
		{Position -491.299 -685.758 23.4298}
		{Orientation
			 -0.002997   0.999890   0.014513
			  0.995638   0.001630   0.093286
			 -0.093252  -0.014729   0.995533
		}
		{Extender "vitality"
			{Health
				{Max 350}
				{Current 350}
			}
		}
		{Extender "inventory"
			{box
				{clear}
				{item "ammo pistol" 100 {cell 0 0}}
				{item "grenade m24" {cell 2 0}}
				{item "mp40" {cell 0 1}}
				{item "ammo pistol" 100 {cell 6 0}}
				{item "ammo pistol" 40 {cell 4 1}}
				{item "grenade molotov_coctail" {cell 6 1}}
				{item "grenade molotov_coctail" {cell 4 2}}
				{item "bandage" 5 {cell 0 3}}
				{item "grenade m39" {cell 4 0}}
			}
		}
		{Player 2}
		{MID 4}
		{Breed "ger.tank_crew"}
		{FsmState "board"}
	}
	{Entity "_infantry2_rus" 0x8004
		{Position -491.299 -685.758 23.4298}
		{Orientation
			 -0.002997   0.999890   0.014513
			  0.995638   0.001630   0.093286
			 -0.093252  -0.014729   0.995533
		}
		{Extender "vitality"
			{Health
				{Max 350}
				{Current 350}
			}
		}
		{Extender "inventory"
			{box
				{clear}
				{item "ammo pistol" 100 {cell 0 0}}
				{item "grenade m24" {cell 2 0}}
				{item "grenade m24" {cell 4 0}}
				{item "mp40" {cell 0 1}}
				{item "ammo pistol" 100 {cell 6 0}}
				{item "ammo pistol" 40 {cell 4 1}}
				{item "grenade m24x5" {cell 6 1}}
				{item "grenade m24x5" {cell 4 2}}
				{item "bandage" 5 {cell 0 3}}
			}
		}
		{Player 2}
		{MID 5}
		{Breed "ger.tank_crew"}
		{FsmState "board"}
	}
	{Entity "dodgewc56" 0x8005
		{Position 306.606 -2190.25 8.92372}
		{Turn 110.194}
		{Extender "inventory"
			{box
				{clear}
				{item "repair_kit" {cell 0 0}}
			}
		}
		{Player 1}
		{MID 6}
	}
	{Entity "_infantry2_rus" 0x8006
		{Position 299.836 -2187.1 20.3196}
		{Orientation
			 -0.243422   0.835683   0.492411
			 -0.934021  -0.338793   0.113244
			  0.261461  -0.432357   0.863015
		}
		{Extender "inventory"
			{box
				{clear}
				{item "ammo pistol" 49 {cell 0 0}}
				{item "sten" {cell 2 0}}
				{item "grenade n73at" {cell 6 0}}
			}
		}
		{DisableObstacles}
		{Player 1}
		{MID 7}
		{Breed "eng.infantry.smg"}
		{FsmState "board"}
	}
	{Entity "_infantry2_rus" 0x8007
		{Position 312.166 -2182.63 18.8246}
		{Orientation
			 -0.204001   0.848813   0.487721
			 -0.949905  -0.292153   0.111168
			  0.236842  -0.440543   0.865943
		}
		{Extender "inventory"
			{box
				{clear}
				{item "ammo pistol" 47 {cell 0 0}}
				{item "m3a" {cell 2 0}}
			}
		}
		{DisableObstacles}
		{Player 1}
		{MID 8}
		{Breed "eng.infantry.smg"}
		{FsmState "board"}
	}
	{Entity "_infantry2_rus" 0x8008
		{Position 325.189 -2200.82 21.0261}
		{Orientation
			 -0.865939  -0.405836   0.292294
			  0.427450  -0.903927   0.011505
			  0.259631   0.134860   0.956261
		}
		{Extender "inventory"
			{box
				{clear}
				{item "weapon bazooka" {cell 0 0}}
				{item "ammo bazooka" {cell 5 0}}
				{item "ammo bazooka" {cell 5 1}}
				{item "ammo bazooka" {cell 0 2}}
			}
		}
		{DisableObstacles}
		{Player 1}
		{MID 9}
		{Breed "eng.bazuker"}
		{FsmState "board"}
	}
	{Entity "_infantry2_rus" 0x8009
		{Position 1023.84 -385.861 0}
		{Turn 139.335}
		{Extender "inventory"
			{box
				{clear}
				{item "ammo pistol" 50 {cell 0 0}}
				{item "grenade m61" {cell 2 0}}
				{item "grenade m61" {cell 3 0}}
				{item "bandage" 4 {cell 4 0}}
				{item "m3a" {cell 0 1}}
			}
		}
		{Player 1}
		{MID 10}
		{Breed "eng.smg_commando"}
		{FsmState "stand"}
	}
	{Entity "_infantry2_rus" 0x800a
		{Position 1024.97 -359.029 0}
		{Turn -102.777}
		{Extender "inventory"
			{box
				{clear}
				{item "bar" {cell 0 0}}
				{item "ammo mgun" 100 {cell 5 0}}
				{item "ammo mgun" 100 {cell 5 1}}
			}
		}
		{Player 1}
		{MID 11}
		{Breed "eng.infantry.smg"}
		{FsmState "stand"}
	}
	{Entity "_infantry2_rus" 0x800b
		{Position 995.253 -380.665 0}
		{Extender "inventory"
			{box
				{clear}
				{item "weapon bazooka" {cell 0 0}}
				{item "ammo bazooka" {cell 5 0}}
				{item "ammo bazooka" {cell 5 1}}
				{item "ammo bazooka" {cell 0 2}}
			}
		}
		{Player 1}
		{MID 12}
		{Breed "eng.bazuker"}
		{FsmState "stand"}
	}
	{Entity "pz-6e" 0x800c
		{Position 2301.02 1076.57 0}
		{Turn -105.447}
		{TexMod "222"}
		{Extender "inventory"
			{box
				{clear}
				{item "ammo mgun" 2000 {cell 0 0}}
				{item "bullet88 ap" 50 {cell 0 1}}
				{item "bullet88 fg" 27 {cell 0 2}}
				{item "can" {cell 0 3}}
			}
		}
		{Player 2}
		{MID 13}
		{Chassis
			{Broken}
		}
		{Component "engine"
			{Able {work 0}}
		}
	}
	{Entity "browning_stan" 0x800d
		{Position 1596.09 784.376 0}
		{Turn -138.306}
		{Player 1}
		{MID 14}
	}
	{Entity "_infantry2_rus" 0x800e
		{Position 1606.88 793.684 0}
		{Turn -138.306}
		{Extender "inventory"
			{box
				{clear}
				{item "ammo pistol" 24 {cell 0 0}}
				{item "thompson" {cell 0 1}}
			}
		}
		{DisableObstacles}
		{Player 1}
		{MID 15}
		{Breed "eng.infantry.smg"}
		{FsmState "board"}
	}
	{Entity "_infantry2_rus" 0x800f
		{Position 611.122 -631.431 0}
		{Turn 2.09967}
		{Extender "inventory"
			{box
				{clear}
				{item "ammo bazooka" {cell 0 0}}
				{item "ammo bazooka" {cell 2 0}}
				{item "ammo bazooka" {cell 4 0}}
				{item "weapon bazooka" filling "ammo bazooka" {cell 0 1}}
			}
		}
		{Player 1}
		{MID 16}
		{Breed "eng.bazuker"}
		{Cover
			{sector 611.122 -631.431 {type "hide_stand"}
				{wall 0 0 605.047 -656.799 602.569 -589.209}
			}
		}
		{FsmState "stand"}
	}
	{Entity "m4a2" 0x8010
		{Position 3117.14 318.8 0}
		{Turn 156.843}
		{Extender "inventory"
			{box
				{clear}
				{item "ammo mgun" 2000 {cell 0 0}}
				{item "repair_kit" {cell 0 3}}
				{item "bullet75 ap" 50 {cell 0 1}}
				{item "bullet75 fg" 50 {cell 0 2}}
			}
		}
		{Player 1}
		{MID 17}
	}
	{Entity "matilda" 0x8011
		{Position 3410.53 210.535 0}
		{Turn 157.521}
		{Extender "inventory"
			{box
				{clear}
				{item "ammo mgun" 2000 {cell 0 0}}
				{item "repair_kit" {cell 0 3}}
				{item "bullet57 ap" 50 {cell 0 1}}
				{item "bullet57 fg" 27 {cell 0 2}}
			}
		}
		{Player 1}
		{MID 18}
	}
	{Entity "_infantry2_rus" 0x8012
		{Position 3117.14 318.8 0}
		{Orientation
			 -0.919431   0.393252   0.000000
			  0.393252   0.919431   0.000000
			  0.000000   0.000000   1.000000
		}
		{Extender "inventory"
			{box
				{clear}
				{item "ammo pistol" 30 {cell 0 0}}
				{item "webley" {cell 2 0}}
			}
		}
		{Player 1}
		{MID 19}
		{Breed "eng.tankman"}
		{FsmState "board"}
	}
	{Entity "_infantry2_rus" 0x8013
		{Position 3117.14 318.8 0}
		{Orientation
			 -0.919431   0.393252   0.000000
			  0.393252   0.919431   0.000000
			  0.000000   0.000000   1.000000
		}
		{Extender "inventory"
			{box
				{clear}
				{item "ammo pistol" 30 {cell 0 0}}
				{item "sten" {cell 2 0}}
			}
		}
		{Player 1}
		{MID 20}
		{Breed "eng.tankman"}
		{FsmState "board"}
	}
	{Entity "_infantry2_rus" 0x8014
		{Position 3117.14 318.8 0}
		{Orientation
			 -0.919431   0.393252   0.000000
			  0.393252   0.919431   0.000000
			  0.000000   0.000000   1.000000
		}
		{Extender "inventory"
			{box
				{clear}
				{item "ammo pistol" 30 {cell 0 0}}
				{item "m3a" {cell 2 0}}
			}
		}
		{Player 1}
		{MID 21}
		{Breed "eng.tankman"}
		{FsmState "board"}
	}
	{Entity "_infantry2_rus" 0x8015
		{Position 3117.14 318.8 0}
		{Orientation
			 -0.919431   0.393252   0.000000
			  0.393252   0.919431   0.000000
			  0.000000   0.000000   1.000000
		}
		{Extender "inventory"
			{box
				{clear}
				{item "ammo pistol" 30 {cell 0 0}}
				{item "colt" {cell 2 0}}
			}
		}
		{Player 1}
		{MID 22}
		{Breed "eng.tankman"}
		{FsmState "board"}
	}
	{Entity "_infantry2_rus" 0x8016
		{Position 3410.53 210.535 0}
		{Orientation
			 -0.924020   0.382345   0.000000
			  0.382345   0.924020   0.000000
			  0.000000   0.000000   1.000000
		}
		{Extender "inventory"
			{box
				{clear}
				{item "ammo pistol" 30 {cell 0 0}}
				{item "grenade n73at" {cell 2 0}}
				{item "webley" {cell 4 0}}
			}
		}
		{Player 1}
		{MID 23}
		{Breed "eng.tankman"}
		{FsmState "board"}
	}
	{Entity "_infantry2_rus" 0x8017
		{Position 3410.53 210.535 0}
		{Orientation
			 -0.924020   0.382345   0.000000
			  0.382345   0.924020   0.000000
			  0.000000   0.000000   1.000000
		}
		{Extender "inventory"
			{box
				{clear}
				{item "ammo pistol" 30 {cell 0 0}}
				{item "webley" {cell 2 0}}
			}
		}
		{Player 1}
		{MID 24}
		{Breed "eng.tankman"}
		{FsmState "board"}
	}
	{Entity "_infantry2_rus" 0x8018
		{Position 3410.53 210.535 0}
		{Orientation
			 -0.924020   0.382345   0.000000
			  0.382345   0.924020   0.000000
			  0.000000   0.000000   1.000000
		}
		{Extender "inventory"
			{box
				{clear}
				{item "ammo pistol" 30 {cell 0 0}}
				{item "m3a" {cell 2 0}}
			}
		}
		{Player 1}
		{MID 25}
		{Breed "eng.tankman"}
		{FsmState "board"}
	}
	{Entity "_infantry2_rus" 0x8019
		{Position 3410.53 210.535 0}
		{Orientation
			 -0.924020   0.382345   0.000000
			  0.382345   0.924020   0.000000
			  0.000000   0.000000   1.000000
		}
		{Extender "inventory"
			{box
				{clear}
				{item "ammo pistol" 30 {cell 0 0}}
				{item "sten" {cell 2 0}}
			}
		}
		{Player 1}
		{MID 26}
		{Breed "eng.tankman"}
		{FsmState "board"}
	}
	{Entity "_infantry2_rus" 0x801a
		{Position -547.818 547.308 0}
		{Turn -41.6524}
		{Extender "inventory"
			{box
				{clear}
				{item "bar" {cell 0 0}}
				{item "ammo mgun" 100 {cell 5 0}}
			}
		}
		{Player 1}
		{MID 27}
		{Breed "eng.infantry.smg"}
		{FsmState "stand"}
	}
	{Entity "_infantry2_rus" 0x801b
		{Position -581.523 531.566 0}
		{Turn -17.6524}
		{Extender "inventory"
			{box
				{clear}
				{item "ammo pistol" 27 {cell 0 0}}
				{item "grenade m24x5" {cell 2 0}}
				{item "m3a" {cell 4 0}}
			}
		}
		{Player 1}
		{MID 28}
		{Breed "eng.infantry.smg"}
		{FsmState "stand"}
	}
	{Entity "m4a3" 0x801c
		{Position 1078.65 -106.403 0}
		{Turn -85.5838}
		{Extender "inventory"
			{box
				{clear}
				{item "ammo mgun" 2000 {cell 0 0}}
				{item "bullet76 ap" 50 {cell 0 1}}
			}
		}
		{Player 1}
		{MID 29}
		{Weaponry
			{State "gun"
				{Weapon
					{Ammo "bullet76 fg" 1}
				}
			}
		}
	}
	{Entity "_infantry2_rus" 0x801d
		{Position 1078.65 -106.403 0}
		{Orientation
			  0.077001  -0.997031   0.000000
			 -0.997031  -0.077001   0.000000
			  0.000000   0.000000   1.000000
		}
		{Extender "inventory"
			{box
				{clear}
				{item "ammo pistol" 30 {cell 0 0}}
				{item "m3a" {cell 2 0}}
			}
		}
		{Player 1}
		{MID 30}
		{Breed "eng.tankman"}
		{FsmState "board"}
	}
	{Entity "_infantry2_rus" 0x801e
		{Position 1078.65 -106.403 0}
		{Orientation
			  0.077001  -0.997031   0.000000
			 -0.997031  -0.077001   0.000000
			  0.000000   0.000000   1.000000
		}
		{Extender "inventory"
			{box
				{clear}
				{item "ammo pistol" 30 {cell 0 0}}
				{item "webley" {cell 2 0}}
				{item "grenade n73at" {cell 4 0}}
			}
		}
		{Player 1}
		{MID 31}
		{Breed "eng.tankman"}
		{FsmState "board"}
	}
	{Entity "_infantry2_rus" 0x801f
		{Position 1078.65 -106.403 0}
		{Orientation
			  0.077001  -0.997031   0.000000
			 -0.997031  -0.077001   0.000000
			  0.000000   0.000000   1.000000
		}
		{Extender "inventory"
			{box
				{clear}
				{item "ammo pistol" 30 {cell 0 0}}
				{item "webley" {cell 2 0}}
			}
		}
		{Player 1}
		{MID 32}
		{Breed "eng.tankman"}
		{FsmState "board"}
	}
	{Entity "_infantry2_rus" 0x8020
		{Position 1078.65 -106.403 0}
		{Orientation
			  0.077001  -0.997031   0.000000
			 -0.997031  -0.077001   0.000000
			  0.000000   0.000000   1.000000
		}
		{Extender "inventory"
			{box
				{clear}
				{item "ammo pistol" 30 {cell 0 0}}
				{item "webley" {cell 2 0}}
			}
		}
		{Player 1}
		{MID 33}
		{Breed "eng.tankman"}
		{FsmState "board"}
	}
	{Entity "_infantry2_rus" 0x8021
		{Position -258.511 1266.49 48.5528}
		{Turn -110.337}
		{Extender "inventory"
			{box
				{clear}
				{item "ammo bazooka" {cell 0 0}}
				{item "ammo bazooka" {cell 2 0}}
				{item "ammo bazooka" {cell 4 0}}
				{item "weapon bazooka" filling "ammo bazooka" {cell 0 1}}
			}
		}
		{DisableObstacles}
		{Player 1}
		{MID 34}
		{Breed "eng.bazuker"}
		{Cover
			{sector -258.511 1266.49 {type "squat_lie"}
				{wall 0 0 -251.567 1256.45 -270.32 1263.4}
			}
		}
		{FsmState "squat"}
	}
	{Entity "6-funt" 0x8022
		{Position -729.735 925.834 0}
		{Turn -62.386}
		{Player 1}
		{MID 35}
		{Weaponry
			{State
				{Weapon
					{Ammo "bullet57 fg" 1}
				}
			}
		}
	}
	{Entity "_infantry2_rus" 0x8023
		{Position -868.974 971.192 0}
		{Turn -3.39159}
		{Extender "inventory"
			{box
				{clear}
				{item "ammo pistol" 24 {cell 0 0}}
				{item "sten" {cell 2 0}}
			}
		}
		{Player 1}
		{MID 36}
		{Breed "eng.infantry.smg"}
		{FsmState "stand"}
	}
	{Entity "_infantry2_rus" 0x8024
		{Position -842.961 964.442 0}
		{Turn 159.911}
		{Extender "inventory"
			{box
				{clear}
				{item "ammo pistol" 49 {cell 0 0}}
				{item "m3a" {cell 2 0}}
			}
		}
		{Player 1}
		{MID 37}
		{Breed "eng.infantry.smg"}
		{FsmState "stand"}
	}
	{Entity "_infantry2_rus" 0x8025
		{Position -814 829.476 0}
		{Turn -51.3919}
		{Extender "inventory"
			{box
				{clear}
				{item "ammo pistol" 50 {cell 0 0}}
				{item "grenade m61" {cell 2 0}}
				{item "grenade m61" {cell 3 0}}
				{item "bandage" 4 {cell 4 0}}
				{item "m3a" {cell 0 1}}
			}
		}
		{Player 1}
		{MID 38}
		{Breed "eng.smg_commando"}
		{Cover
			{sector -814 829.476 {type "snipe_cover"}
				{wall 0 0 -802.599 829.622 -864.129 780.489}
			}
		}
		{FsmState "snipe"}
	}
	{Entity "m4a2" 0x8026
		{Position -343.161 1037.25 0}
		{Turn -94.2451}
		{Extender "inventory"
			{box
				{clear}
				{item "ammo mgun" 2000 {cell 0 0}}
				{item "repair_kit" {cell 0 3}}
				{item "bullet75 ap" 50 {cell 0 1}}
				{item "bullet75 fg" 50 {cell 0 2}}
			}
		}
		{Player 1}
		{MID 39}
		{Weaponry
			{State "gun"
				{Weapon
					{Ammo "bullet75 fg" 1}
				}
			}
		}
	}
	{Entity "_infantry2_rus" 0x8027
		{Position -343.161 1037.25 0}
		{Orientation
			 -0.074023  -0.997257   0.000000
			 -0.997257   0.074023   0.000000
			  0.000000   0.000000   1.000000
		}
		{Extender "inventory"
			{box
				{clear}
				{item "ammo pistol" 30 {cell 0 0}}
				{item "colt" {cell 2 0}}
			}
		}
		{Player 1}
		{MID 40}
		{Breed "eng.tankman"}
		{FsmState "board"}
	}
	{Entity "_infantry2_rus" 0x8028
		{Position -343.161 1037.25 0}
		{Orientation
			 -0.074023  -0.997257   0.000000
			 -0.997257   0.074023   0.000000
			  0.000000   0.000000   1.000000
		}
		{Extender "inventory"
			{box
				{clear}
				{item "ammo pistol" 30 {cell 0 0}}
				{item "m3a" {cell 2 0}}
			}
		}
		{Player 1}
		{MID 41}
		{Breed "eng.tankman"}
		{FsmState "board"}
	}
	{Entity "_infantry2_rus" 0x8029
		{Position -343.161 1037.25 0}
		{Orientation
			 -0.074023  -0.997257   0.000000
			 -0.997257   0.074023   0.000000
			  0.000000   0.000000   1.000000
		}
		{Extender "inventory"
			{box
				{clear}
				{item "ammo pistol" 30 {cell 0 0}}
				{item "webley" {cell 2 0}}
			}
		}
		{Player 1}
		{MID 42}
		{Breed "eng.tankman"}
		{FsmState "board"}
	}
	{Entity "_infantry2_rus" 0x802a
		{Position -343.161 1037.25 0}
		{Orientation
			 -0.074023  -0.997257   0.000000
			 -0.997257   0.074023   0.000000
			  0.000000   0.000000   1.000000
		}
		{Extender "inventory"
			{box
				{clear}
				{item "ammo pistol" 30 {cell 0 0}}
				{item "webley" {cell 2 0}}
			}
		}
		{Player 1}
		{MID 43}
		{Breed "eng.tankman"}
		{FsmState "board"}
	}
	{Entity "6-funt" 0x802b
		{Position 338.613 -159.185 0}
		{Turn -151.31}
		{Player 1}
		{MID 44}
		{Weaponry
			{State
				{Weapon
					{Ammo "bullet57 fg" 1}
				}
			}
		}
	}
	{Entity "_infantry2_rus" 0x802c
		{Position 362.626 -159.432 -0.127299}
		{Turn 173.69}
		{Extender "inventory"
			{box
				{clear}
				{item "ammo pistol" 49 {cell 0 0}}
				{item "sten" {cell 2 0}}
			}
		}
		{DisableObstacles}
		{Player 1}
		{MID 45}
		{Breed "eng.infantry.smg"}
		{FsmState "board"}
	}
	{Entity "_infantry2_rus" 0x802d
		{Position 347.074 -146.781 -0.0815992}
		{Turn -131.311}
		{Extender "inventory"
			{box
				{clear}
				{item "ammo pistol" 26 {cell 0 0}}
				{item "sten" {cell 2 0}}
			}
		}
		{DisableObstacles}
		{Player 1}
		{MID 46}
		{Breed "eng.infantry.smg"}
		{FsmState "board"}
	}
	{Entity "_infantry2_rus" 0x802e
		{Position 300.365 -67.8401 0}
		{Turn 20}
		{Extender "inventory"
			{box
				{clear}
				{item "ammo pistol" 46 {cell 0 0}}
				{item "sten" {cell 2 0}}
			}
		}
		{Player 1}
		{MID 47}
		{Breed "eng.infantry.smg"}
		{Cover
			{sector 300.365 -67.8401 {type "look_2way"}
				{wall 0 0 296.237 -76.9663 290.729 -61.8332}
			}
		}
		{FsmState "stand"}
	}
	{Entity "_infantry2_rus" 0x802f
		{Position 277.772 -2.66031 0}
		{Turn 20}
		{Extender "inventory"
			{box
				{clear}
				{item "ammo pistol" 27 {cell 0 0}}
				{item "sten" {cell 2 0}}
			}
		}
		{Player 1}
		{MID 48}
		{Breed "eng.infantry.smg"}
		{Cover
			{sector 277.772 -2.66031 {type "look_2way"}
				{wall 0 0 273.645 -11.7865 268.137 3.34661}
			}
		}
		{FsmState "stand"}
	}
	{Entity "_infantry2_rus" 0x8030
		{Position 894.1 -217.55 55.0518}
		{Turn -172.04}
		{Extender "inventory"
			{box
				{clear}
				{item "weapon bazooka" {cell 0 0}}
				{item "ammo bazooka" {cell 5 0}}
				{item "ammo bazooka" {cell 5 1}}
				{item "ammo bazooka" {cell 0 2}}
			}
		}
		{DisableObstacles}
		{Player 1}
		{MID 49}
		{Breed "eng.bazuker"}
		{Cover
			{sector 894.1 -217.55 {type "squat_lie"}
				{wall 0 0 888.552 -228.423 885.782 -208.615}
			}
		}
		{FsmState "squat"}
	}
	{Entity "m4a3" 0x8031
		{Position 1827.64 1239.71 0}
		{Turn -174.299}
		{Player 1}
		{MID 50}
		{Weaponry
			{State "gun"
				{Weapon
					{Ammo "bullet76 ap" 1}
				}
			}
		}
	}
	{Entity "_infantry2_rus" 0x8032
		{Position 1827.64 1239.71 0}
		{Orientation
			 -0.995054  -0.099337   0.000000
			 -0.099337   0.995054   0.000000
			  0.000000   0.000000   1.000000
		}
		{Extender "inventory"
			{box
				{clear}
				{item "ammo pistol" 24 {cell 0 0}}
				{item "webley" {cell 2 0}}
			}
		}
		{Player 1}
		{MID 51}
		{Breed "eng.infantry.smg"}
		{FsmState "board"}
	}
	{Entity "_infantry2_rus" 0x8033
		{Position 1827.64 1239.71 0}
		{Orientation
			 -0.995054  -0.099337   0.000000
			 -0.099337   0.995054   0.000000
			  0.000000   0.000000   1.000000
		}
		{Extender "inventory"
			{box
				{clear}
				{item "ammo pistol" 49 {cell 0 0}}
				{item "sten" {cell 2 0}}
			}
		}
		{Player 1}
		{MID 52}
		{Breed "eng.infantry.smg"}
		{FsmState "board"}
	}
	{Entity "_infantry2_rus" 0x8034
		{Position 1827.64 1239.71 0}
		{Orientation
			 -0.995054  -0.099337   0.000000
			 -0.099337   0.995054   0.000000
			  0.000000   0.000000   1.000000
		}
		{Extender "inventory"
			{box
				{clear}
				{item "ammo pistol" 46 {cell 0 0}}
				{item "sten" {cell 2 0}}
			}
		}
		{Player 1}
		{MID 53}
		{Breed "eng.infantry.smg"}
		{FsmState "board"}
	}
	{Entity "_infantry2_rus" 0x8035
		{Position 1827.64 1239.71 0}
		{Orientation
			 -0.995054  -0.099337   0.000000
			 -0.099337   0.995054   0.000000
			  0.000000   0.000000   1.000000
		}
		{Extender "inventory"
			{box
				{clear}
				{item "ammo pistol" 24 {cell 0 0}}
				{item "webley" {cell 2 0}}
				{item "grenade n73at" {cell 4 0}}
			}
		}
		{Player 1}
		{MID 54}
		{Breed "eng.infantry.smg"}
		{FsmState "board"}
	}
	{Entity "_infantry2_rus" 0x8036
		{Position 1958.89 1548.28 55.0518}
		{Turn -35.2056}
		{Extender "inventory"
			{box
				{clear}
				{item "weapon bazooka" {cell 0 0}}
				{item "ammo bazooka" {cell 5 0}}
				{item "ammo bazooka" {cell 5 1}}
				{item "ammo bazooka" {cell 0 2}}
			}
		}
		{DisableObstacles}
		{Player 1}
		{MID 55}
		{Breed "eng.bazuker"}
		{Cover
			{sector 1958.89 1548.28 {type "squat_lie"}
				{wall 0 0 1970.37 1552.41 1958.84 1536.07}
			}
		}
		{FsmState "squat"}
	}
	{Entity "_infantry2_rus" 0x8037
		{Position 1395.96 -452.917 55.0518}
		{Turn 134.955}
		{Extender "inventory"
			{box
				{clear}
				{item "weapon bazooka" {cell 0 0}}
				{item "ammo bazooka" {cell 5 0}}
				{item "ammo bazooka" {cell 5 1}}
				{item "ammo bazooka" {cell 0 2}}
			}
		}
		{DisableObstacles}
		{Player 1}
		{MID 56}
		{Breed "eng.bazuker"}
		{Cover
			{sector 1395.96 -452.917 {type "squat_lie"}
				{wall 0 0 1383.94 -455.029 1398.09 -440.897}
			}
		}
		{FsmState "squat"}
	}
	{Entity "6-funt" 0x8038
		{Position 2279.02 -21.5644 0}
		{Turn -141.256}
		{Player 1}
		{MID 57}
	}
	{Entity "_infantry2_rus" 0x8039
		{Position 2302.71 -17.6159 -0.127299}
		{Turn -176.256}
		{Extender "inventory"
			{box
				{clear}
				{item "ammo pistol" 30 {cell 0 0}}
				{item "tt" {cell 2 0}}
			}
		}
		{DisableObstacles}
		{Player 1}
		{MID 58}
		{Breed "eng.tankman"}
		{FsmState "board"}
	}
	{Entity "_infantry2_rus" 0x803a
		{Position 2285.19 -7.87406 -0.0815992}
		{Turn -121.257}
		{Extender "inventory"
			{box
				{clear}
				{item "ammo pistol" 30 {cell 0 0}}
				{item "tt" {cell 2 0}}
			}
		}
		{DisableObstacles}
		{Player 1}
		{MID 59}
		{Breed "eng.tankman"}
		{FsmState "board"}
	}
	{Entity "chaffee" 0x803b
		{Position 2232.21 140.562 0}
		{Turn -132.927}
		{Extender "inventory"
			{box
				{clear}
				{item "ammo mgun" 2000 {cell 0 0}}
				{item "repair_kit" {cell 0 3}}
				{item "bullet75 ap" 50 {cell 0 1}}
				{item "bullet75 fg" 50 {cell 0 2}}
			}
		}
		{Player 1}
		{MID 60}
		{Weaponry
			{State "gun"
				{Weapon
					{Ammo "bullet75 ap" 1}
				}
			}
			{State "mgun"
				{Weapon
					{Ammo "ammo mgun" 30}
				}
			}
		}
	}
	{Entity "_infantry2_rus" 0x803c
		{Position 2232.21 140.562 0}
		{Orientation
			 -0.681066  -0.732222   0.000000
			 -0.732222   0.681066   0.000000
			  0.000000   0.000000   1.000000
		}
		{Extender "inventory"
			{box
				{clear}
				{item "ammo pistol" 24 {cell 0 0}}
				{item "thompson" {cell 0 1}}
			}
		}
		{Player 1}
		{MID 61}
		{Breed "eng.infantry.smg"}
		{FsmState "board"}
	}
	{Entity "_infantry2_rus" 0x803d
		{Position 2232.21 140.562 0}
		{Orientation
			 -0.681066  -0.732222   0.000000
			 -0.732222   0.681066   0.000000
			  0.000000   0.000000   1.000000
		}
		{Extender "inventory"
			{box
				{clear}
				{item "ammo pistol" 24 {cell 0 0}}
				{item "thompson" {cell 0 1}}
			}
		}
		{Player 1}
		{MID 62}
		{Breed "eng.infantry.smg"}
		{FsmState "board"}
	}
	{Entity "_infantry2_rus" 0x803e
		{Position 2232.21 140.562 0}
		{Orientation
			 -0.681066  -0.732222   0.000000
			 -0.732222   0.681066   0.000000
			  0.000000   0.000000   1.000000
		}
		{Extender "inventory"
			{box
				{clear}
				{item "ammo pistol" 24 {cell 0 0}}
				{item "thompson" {cell 0 1}}
			}
		}
		{Player 1}
		{MID 63}
		{Breed "eng.infantry.smg"}
		{FsmState "board"}
	}
	{Entity "_infantry2_rus" 0x803f
		{Position 2232.21 140.562 0}
		{Orientation
			 -0.681066  -0.732222   0.000000
			 -0.732222   0.681066   0.000000
			  0.000000   0.000000   1.000000
		}
		{Extender "inventory"
			{box
				{clear}
				{item "ammo pistol" 24 {cell 0 0}}
				{item "thompson" {cell 0 1}}
			}
		}
		{Player 1}
		{MID 64}
		{Breed "eng.infantry.smg"}
		{FsmState "board"}
	}
	{Entity "6-funt" 0x8040
		{Position 2538.34 1514.14 0}
		{Turn -118.196}
		{Player 1}
		{MID 65}
	}
	{Entity "_infantry2_rus" 0x8041
		{Position 2558.59 1527.05 -0.127299}
		{Turn -153.196}
		{Extender "inventory"
			{box
				{clear}
				{item "ammo pistol" 47 {cell 0 0}}
				{item "m3a" {cell 2 0}}
			}
		}
		{DisableObstacles}
		{Player 1}
		{MID 66}
		{Breed "eng.infantry.smg"}
		{FsmState "board"}
	}
	{Entity "_infantry2_rus" 0x8042
		{Position 2538.65 1529.15 -0.0815992}
		{Turn -98.1972}
		{Extender "inventory"
			{box
				{clear}
				{item "ammo pistol" 24 {cell 0 0}}
				{item "sten" {cell 2 0}}
				{item "grenade n73at" {cell 6 0}}
			}
		}
		{DisableObstacles}
		{Player 1}
		{MID 67}
		{Breed "eng.infantry.smg"}
		{FsmState "board"}
	}
	{Entity "_infantry2_rus" 0x8043
		{Position 1316.36 1577.64 0}
		{Turn -93.9625}
		{Extender "inventory"
			{box
				{clear}
				{item "weapon bazooka" {cell 0 0}}
				{item "ammo bazooka" {cell 5 0}}
				{item "ammo bazooka" {cell 5 1}}
				{item "ammo bazooka" {cell 0 2}}
			}
		}
		{Player 1}
		{MID 68}
		{Breed "eng.bazuker"}
		{Cover
			{sector 1316.36 1577.64 {type "snipe_cover"}
				{wall 0 0 1384.03 1565.94 1304.63 1571.44}
			}
		}
		{FsmState "snipe"}
	}
	{Entity "m4a2" 0x8044
		{Position 1105.52 1281.81 0}
		{Turn 165.148}
		{Extender "inventory"
			{box
				{clear}
				{item "ammo mgun" 2000 {cell 0 0}}
				{item "bullet75 ap" 50 {cell 0 1}}
			}
		}
		{Player 1}
		{MID 69}
	}
	{Entity "_infantry2_rus" 0x8045
		{Position 1074.39 1205.54 0}
		{Turn 148.973}
		{Extender "inventory"
			{box
				{clear}
				{item "ammo pistol" 30 {cell 0 0}}
				{item "webley" {cell 2 0}}
			}
		}
		{Player 1}
		{MID 70}
		{Breed "eng.tankman"}
		{FsmState "stand"}
	}
	{Entity "_infantry2_rus" 0x8046
		{Position 1050.72 1216.48 0}
		{Turn -30.0934}
		{Extender "inventory"
			{box
				{clear}
				{item "ammo pistol" 32 {cell 0 0}}
				{item "colt" {cell 2 0}}
				{item "grenade n73at" {cell 4 0}}
			}
		}
		{Player 1}
		{MID 71}
		{Breed "eng.tankman"}
		{FsmState "stand"}
	}
	{Entity "_infantry2_rus" 0x8047
		{Position 559.629 945.374 65.0115}
		{Turn 0.683692}
		{Extender "inventory"
			{box
				{clear}
				{item "weapon bazooka" {cell 0 0}}
				{item "ammo bazooka" {cell 5 0}}
				{item "ammo bazooka" {cell 5 1}}
				{item "ammo bazooka" {cell 0 2}}
			}
		}
		{DisableObstacles}
		{Player 1}
		{MID 72}
		{Breed "eng.bazuker"}
		{Cover
			{sector 559.629 945.374 {type "squat_lie"}
				{wall 0 0 566.509 955.457 566.748 935.458}
			}
		}
		{FsmState "squat"}
	}
	{Entity "6-funt" 0x8048
		{Position 583.59 1357.15 6.43378}
		{Turn -178.529}
		{Player 1}
		{MID 73}
	}
	{Entity "_infantry2_rus" 0x8049
		{Position 596.787 1364.31 6.35218}
		{Turn -158.53}
		{Extender "inventory"
			{box
				{clear}
				{item "ammo pistol" 45 {cell 0 0}}
				{item "thompson" {cell 0 1}}
			}
		}
		{DisableObstacles}
		{Player 1}
		{MID 74}
		{Breed "eng.infantry.smg"}
		{FsmState "board"}
	}
	{Entity "_infantry2_rus" 0x804a
		{Position 604.831 1345.95 6.30648}
		{Turn 146.471}
		{Extender "inventory"
			{box
				{clear}
				{item "ammo pistol" 26 {cell 0 0}}
				{item "sten" {cell 2 0}}
			}
		}
		{DisableObstacles}
		{Player 1}
		{MID 75}
		{Breed "eng.infantry.smg"}
		{FsmState "board"}
	}
	{Entity "6-funt" 0x804b
		{Position 2075.66 1890.77 0}
		{Turn -69.3372}
		{Player 1}
		{MID 76}
	}
	{Entity "_infantry2_rus" 0x804c
		{Position 2064.56 1900.88 -0.0815992}
		{Turn -49.3384}
		{Extender "inventory"
			{box
				{clear}
				{item "sten" {cell 2 0}}
				{item "ammo pistol" 26 {cell 0 0}}
			}
		}
		{DisableObstacles}
		{Player 1}
		{MID 77}
		{Breed "eng.infantry.smg"}
		{FsmState "board"}
	}
	{Entity "_infantry2_rus" 0x804d
		{Position 2079.26 1914.51 -0.127299}
		{Turn -104.337}
		{Extender "inventory"
			{box
				{clear}
				{item "ammo pistol" 46 {cell 0 0}}
				{item "m3a" {cell 2 0}}
			}
		}
		{DisableObstacles}
		{Player 1}
		{MID 78}
		{Breed "eng.infantry.smg"}
		{FsmState "board"}
	}
	{Entity "cromwell" 0x804e
		{Position 2423.54 1790.34 0}
		{Turn -156.268}
		{Player 1}
		{MID 79}
	}
	{Entity "_infantry2_rus" 0x804f
		{Position 2423.54 1790.34 0}
		{Orientation
			 -0.915438  -0.402459   0.000000
			 -0.402459   0.915438   0.000000
			  0.000000   0.000000   1.000000
		}
		{Extender "inventory"
			{box
				{clear}
				{item "ammo pistol" 30 {cell 0 0}}
				{item "colt" {cell 2 0}}
				{item "grenade n73at" {cell 4 0}}
			}
		}
		{Player 1}
		{MID 80}
		{Breed "eng.tankman"}
		{FsmState "board"}
	}
	{Entity "_infantry2_rus" 0x8050
		{Position 2423.54 1790.34 0}
		{Orientation
			 -0.915438  -0.402459   0.000000
			 -0.402459   0.915438   0.000000
			  0.000000   0.000000   1.000000
		}
		{Extender "inventory"
			{box
				{clear}
				{item "ammo pistol" 30 {cell 0 0}}
				{item "m3a" {cell 2 0}}
			}
		}
		{Player 1}
		{MID 81}
		{Breed "eng.tankman"}
		{FsmState "board"}
	}
	{Entity "_infantry2_rus" 0x8051
		{Position 2423.54 1790.34 0}
		{Orientation
			 -0.915438  -0.402459   0.000000
			 -0.402459   0.915438   0.000000
			  0.000000   0.000000   1.000000
		}
		{Extender "inventory"
			{box
				{clear}
				{item "ammo pistol" 30 {cell 0 0}}
				{item "webley" {cell 2 0}}
			}
		}
		{Player 1}
		{MID 82}
		{Breed "eng.tankman"}
		{FsmState "board"}
	}
	{Entity "m4a2" 0x8052
		{Position 3546.41 2064.64 0}
		{Turn -55.7426}
		{Player 1}
		{MID 83}
	}
	{Entity "_infantry2_rus" 0x8053
		{Position 3546.41 2064.64 0}
		{Orientation
			  0.562912  -0.826517   0.000000
			 -0.826517  -0.562912   0.000000
			  0.000000   0.000000   1.000000
		}
		{Extender "inventory"
			{box
				{clear}
				{item "ammo pistol" 30 {cell 0 0}}
				{item "tt" {cell 2 0}}
			}
		}
		{Player 1}
		{MID 84}
		{Breed "eng.tankman"}
		{FsmState "board"}
	}
	{Entity "_infantry2_rus" 0x8054
		{Position 3546.41 2064.64 0}
		{Orientation
			  0.562912  -0.826517   0.000000
			 -0.826517  -0.562912   0.000000
			  0.000000   0.000000   1.000000
		}
		{Extender "inventory"
			{box
				{clear}
				{item "ammo pistol" 30 {cell 0 0}}
				{item "tt" {cell 2 0}}
			}
		}
		{Player 1}
		{MID 85}
		{Breed "eng.tankman"}
		{FsmState "board"}
	}
	{Entity "_infantry2_rus" 0x8055
		{Position 3546.41 2064.64 0}
		{Orientation
			  0.562912  -0.826517   0.000000
			 -0.826517  -0.562912   0.000000
			  0.000000   0.000000   1.000000
		}
		{Extender "inventory"
			{box
				{clear}
				{item "ammo pistol" 30 {cell 0 0}}
				{item "tt" {cell 2 0}}
			}
		}
		{Player 1}
		{MID 86}
		{Breed "eng.tankman"}
		{FsmState "board"}
	}
	{Entity "_infantry2_rus" 0x8056
		{Position 3546.41 2064.64 0}
		{Orientation
			  0.562912  -0.826517   0.000000
			 -0.826517  -0.562912   0.000000
			  0.000000   0.000000   1.000000
		}
		{Extender "inventory"
			{box
				{clear}
				{item "ammo pistol" 30 {cell 0 0}}
				{item "tt" {cell 2 0}}
			}
		}
		{Player 1}
		{MID 87}
		{Breed "eng.tankman"}
		{FsmState "board"}
	}
	{Entity "matilda" 0x8057
		{Position 3401.99 -234.467 0}
		{Turn 175.654}
		{Extender "inventory"
			{box
				{clear}
				{item "ammo mgun" 2000 {cell 0 0}}
				{item "repair_kit" {cell 0 3}}
				{item "bullet57 ap" 50 {cell 0 1}}
				{item "bullet57 fg" 27 {cell 0 2}}
			}
		}
		{Player 1}
		{MID 88}
		{Weaponry
			{State "gun"
				{Weapon
					{Ammo "bullet57 ap" 1}
				}
			}
		}
	}
	{Entity "m4a2" 0x8058
		{Position 757.734 1468.13 0}
		{Turn -166.023}
		{Extender "inventory"
			{box
				{clear}
				{item "ammo mgun" 2000 {cell 0 0}}
				{item "repair_kit" {cell 0 3}}
				{item "bullet75 ap" 50 {cell 0 1}}
			}
		}
		{Player 1}
		{MID 89}
		{Weaponry
			{State "gun"
				{Weapon
					{Ammo "bullet75 ap" 1}
				}
			}
		}
	}
	{Entity "_infantry2_rus" 0x8059
		{Position 757.734 1468.13 0}
		{Orientation
			 -0.970393  -0.241532   0.000000
			 -0.241532   0.970393   0.000000
			  0.000000   0.000000   1.000000
		}
		{Extender "inventory"
			{box
				{clear}
				{item "ammo pistol" 30 {cell 0 0}}
				{item "webley" {cell 2 0}}
			}
		}
		{Player 1}
		{MID 90}
		{Breed "eng.tankman"}
		{FsmState "board"}
	}
	{Entity "_infantry2_rus" 0x805a
		{Position 757.734 1468.13 0}
		{Orientation
			 -0.970393  -0.241532   0.000000
			 -0.241532   0.970393   0.000000
			  0.000000   0.000000   1.000000
		}
		{Extender "inventory"
			{box
				{clear}
				{item "ammo pistol" 30 {cell 0 0}}
				{item "webley" {cell 2 0}}
				{item "grenade n73at" {cell 4 0}}
			}
		}
		{Player 1}
		{MID 91}
		{Breed "eng.tankman"}
		{FsmState "board"}
	}
	{Entity "_infantry2_rus" 0x805b
		{Position 757.734 1468.13 0}
		{Orientation
			 -0.970393  -0.241532   0.000000
			 -0.241532   0.970393   0.000000
			  0.000000   0.000000   1.000000
		}
		{Extender "inventory"
			{box
				{clear}
				{item "ammo pistol" 30 {cell 0 0}}
				{item "m3a" {cell 2 0}}
			}
		}
		{Player 1}
		{MID 92}
		{Breed "eng.tankman"}
		{FsmState "board"}
	}
	{Entity "_infantry2_rus" 0x805c
		{Position 757.734 1468.13 0}
		{Orientation
			 -0.970393  -0.241532   0.000000
			 -0.241532   0.970393   0.000000
			  0.000000   0.000000   1.000000
		}
		{Extender "inventory"
			{box
				{clear}
				{item "ammo pistol" 30 {cell 0 0}}
				{item "m3a" {cell 2 0}}
			}
		}
		{Player 1}
		{MID 93}
		{Breed "eng.tankman"}
		{FsmState "board"}
	}
	{Entity "m4a2" 0x805d
		{Position 3618.15 4843.35 6.81619}
		{Orientation
			  0.127199  -0.989091  -0.074292
			  0.981701   0.114839   0.151904
			 -0.141715  -0.092254   0.985599
		}
		{Player 1}
		{MID 94}
	}
	{Entity "m4a2" 0x805e
		{Position 3210.52 4843.58 1.56025}
		{Turn -98.2622}
		{Player 1}
		{MID 95}
	}
	{Entity "m4a2" 0x805f
		{Position 2849.84 4872.29 4.16881}
		{Turn -69.4817}
		{Player 1}
		{MID 96}
	}
	{Entity "m4a2" 0x8060
		{Position 2320.03 4853.64 14.1359}
		{Orientation
			  0.123637  -0.971757  -0.201003
			  0.992055   0.116294   0.047987
			 -0.023256  -0.205339   0.978415
		}
		{Player 1}
		{MID 97}
	}
	{Entity "_infantry2_rus" 0x8061
		{Position 3618.15 4843.35 6.81619}
		{Orientation
			  0.127199  -0.989091  -0.074292
			 -0.981701  -0.114839  -0.151904
			 -0.141715  -0.092254   0.985599
		}
		{Extender "inventory"
			{box
				{clear}
				{item "ammo pistol" 24 {cell 0 0}}
				{item "sten" {cell 2 0}}
			}
		}
		{Player 1}
		{MID 98}
		{Breed "eng.infantry.smg"}
		{FsmState "board"}
	}
	{Entity "_infantry2_rus" 0x8062
		{Position 3618.15 4843.35 6.81619}
		{Orientation
			  0.127199  -0.989091  -0.074292
			 -0.981701  -0.114839  -0.151904
			 -0.141715  -0.092254   0.985599
		}
		{Extender "inventory"
			{box
				{clear}
				{item "ammo pistol" 24 {cell 0 0}}
				{item "sten" {cell 2 0}}
			}
		}
		{Player 1}
		{MID 99}
		{Breed "eng.infantry.smg"}
		{FsmState "board"}
	}
	{Entity "_infantry2_rus" 0x8063
		{Position 3618.15 4843.35 6.81619}
		{Orientation
			  0.127199  -0.989091  -0.074292
			 -0.981701  -0.114839  -0.151904
			 -0.141715  -0.092254   0.985599
		}
		{Extender "inventory"
			{box
				{clear}
				{item "ammo pistol" 24 {cell 0 0}}
				{item "m3a" {cell 2 0}}
			}
		}
		{Player 1}
		{MID 100}
		{Breed "eng.infantry.smg"}
		{FsmState "board"}
	}
	{Entity "_infantry2_rus" 0x8064
		{Position 3618.15 4843.35 6.81619}
		{Orientation
			  0.127199  -0.989091  -0.074292
			 -0.981701  -0.114839  -0.151904
			 -0.141715  -0.092254   0.985599
		}
		{Extender "inventory"
			{box
				{clear}
				{item "ammo pistol" 24 {cell 0 0}}
				{item "webley" {cell 2 0}}
				{item "grenade n73at" {cell 4 0}}
			}
		}
		{Player 1}
		{MID 101}
		{Breed "eng.infantry.smg"}
		{FsmState "board"}
	}
	{Entity "_infantry2_rus" 0x8065
		{Position 3210.52 4843.58 1.56025}
		{Orientation
			 -0.143430  -0.987741  -0.061610
			 -0.989607   0.142497   0.019302
			  0.010286  -0.063738   0.997914
		}
		{Extender "inventory"
			{box
				{clear}
				{item "ammo pistol" 24 {cell 0 0}}
				{item "sten" {cell 2 0}}
			}
		}
		{Player 1}
		{MID 102}
		{Breed "eng.infantry.smg"}
		{FsmState "board"}
	}
	{Entity "_infantry2_rus" 0x8066
		{Position 3210.52 4843.58 1.56025}
		{Orientation
			 -0.143430  -0.987741  -0.061610
			 -0.989607   0.142497   0.019302
			  0.010286  -0.063738   0.997914
		}
		{Extender "inventory"
			{box
				{clear}
				{item "ammo pistol" 49 {cell 0 0}}
				{item "sten" {cell 2 0}}
				{item "grenade n73at" {cell 6 0}}
			}
		}
		{Player 1}
		{MID 103}
		{Breed "eng.infantry.smg"}
		{FsmState "board"}
	}
	{Entity "_infantry2_rus" 0x8067
		{Position 3210.52 4843.58 1.56025}
		{Orientation
			 -0.143430  -0.987741  -0.061610
			 -0.989607   0.142497   0.019302
			  0.010286  -0.063738   0.997914
		}
		{Extender "inventory"
			{box
				{clear}
				{item "m3a" {cell 2 0}}
				{item "ammo pistol" 26 {cell 0 0}}
			}
		}
		{Player 1}
		{MID 104}
		{Breed "eng.infantry.smg"}
		{FsmState "board"}
	}
	{Entity "_infantry2_rus" 0x8068
		{Position 2849.84 4872.29 4.16881}
		{Orientation
			  0.349153  -0.932943  -0.087802
			 -0.936739  -0.345024  -0.058971
			 -0.024723  -0.102837   0.994391
		}
		{Extender "inventory"
			{box
				{clear}
				{item "ammo pistol" 49 {cell 0 0}}
				{item "m3a" {cell 2 0}}
			}
		}
		{Player 1}
		{MID 105}
		{Breed "eng.infantry.smg"}
		{FsmState "board"}
	}
	{Entity "_infantry2_rus" 0x8069
		{Position 2849.84 4872.29 4.16881}
		{Orientation
			  0.349153  -0.932943  -0.087802
			 -0.936739  -0.345024  -0.058971
			 -0.024723  -0.102837   0.994391
		}
		{Extender "inventory"
			{box
				{clear}
				{item "ammo pistol" 24 {cell 0 0}}
				{item "webley" {cell 2 0}}
			}
		}
		{Player 1}
		{MID 106}
		{Breed "eng.infantry.smg"}
		{FsmState "board"}
	}
	{Entity "_infantry2_rus" 0x806a
		{Position 2849.84 4872.29 4.16881}
		{Orientation
			  0.349153  -0.932943  -0.087802
			 -0.936739  -0.345024  -0.058971
			 -0.024723  -0.102837   0.994391
		}
		{Extender "inventory"
			{box
				{clear}
				{item "ammo pistol" 24 {cell 0 0}}
				{item "webley" {cell 2 0}}
				{item "grenade n73at" {cell 4 0}}
			}
		}
		{Player 1}
		{MID 107}
		{Breed "eng.infantry.smg"}
		{FsmState "board"}
	}
	{Entity "_infantry2_rus" 0x806b
		{Position 2849.84 4872.29 4.16881}
		{Orientation
			  0.349153  -0.932943  -0.087802
			 -0.936739  -0.345024  -0.058971
			 -0.024723  -0.102837   0.994391
		}
		{Extender "inventory"
			{box
				{clear}
				{item "ammo pistol" 24 {cell 0 0}}
				{item "sten" {cell 2 0}}
			}
		}
		{Player 1}
		{MID 108}
		{Breed "eng.infantry.smg"}
		{FsmState "board"}
	}
	{Entity "_infantry2_rus" 0x806c
		{Position 3583.66 4887.16 33.061}
		{Orientation
			 -0.981701  -0.114839  -0.151904
			  0.127199  -0.989091  -0.074292
			 -0.141715  -0.092254   0.985599
		}
		{Extender "inventory"
			{box
				{clear}
				{item "ammo pistol" 47 {cell 0 0}}
				{item "sten" {cell 2 0}}
			}
		}
		{DisableObstacles}
		{Player 1}
		{MID 109}
		{Breed "eng.infantry.smg"}
		{FsmState "board"}
	}
	{Entity "_infantry2_rus" 0x806d
		{Position 3585.75 4870.25 33.0788}
		{Orientation
			 -0.947816  -0.315533   0.044816
			  0.318486  -0.942217   0.104313
