; made by Albus Mar 2011
{Skeleton
	{animation
		{sequence "recoil" {speed 0.7}}
	}
	{bone revolute "Basis"
		{limits -0.0000 0.0000}
		{speed 0.0100}
		{Orientation
			1.0000	0.0000	0.0000
			0.0000	-1.0000	0.0000
			0.0000	0.0000	1.0000
		}
		{bone "body"
			{parameters "CommonMesh;ID=body;"}
			{Position -21.3858	-0.0899	6.8716}
			{VolumeView "body.ply"}
			{bone revolute "WheelR"
				{parameters "ID=wheelright;"}
				{Matrix34
					1.0000	0.0000	0.0000
					0.0000	0.0000	-1.0000
					0.0000	1.0000	0.0000
					26.2371	-15.9079	6.1066
				}
				{VolumeView "WheelR.ply"}
			}
			{bone revolute "WheelL"
				{parameters "ID=wheelleft;"}
				{Matrix34
					0.9962	0.0000	0.0872
					0.0872	0.0000	-0.9962
					0.0000	1.0000	0.0000
					26.2776	16.3416	6.0586
				}
				{VolumeView "WheelL.ply"}
			}
			{bone revolute "turret"
				{parameters "ID=turret;"}
				{limits -10.0000 10.0000}
				{speed 0.0100}
				{Matrix34
					0.0000	1.0000	0.0000
					-1.0000	0.0000	0.0000
					0.0000	0.0000	1.0000
					26.9597	0.2376	1.2001
				}
				{VolumeView "turret.ply"}
				{bone revolute "gun_rot"
					{parameters "ID=gun;"}
					{limits -2.0000 30.0000}
					{speed 0.0100}
					{Matrix34
						0.0000	-1.0000	0.0000
						0.0000	0.0000	1.0000
						-1.0000	0.0000	0.0000
						-0.1700	5.0200	18.7109
					}
					{VolumeView "gun_rot.ply"}
					{bone "gun"
						{parameters "ID=gun;"}
						{Matrix34
							0.0000	0.0000	-1.0000
							-1.0000	0.0000	0.0000
							0.0000	1.0000	0.0000
							-7.6961	2.4146	2.4129
						}
						{VolumeView "gun.ply"}
						{bone "Foresight1"
							{parameters "Vis;"}
							{Matrix34
								0.0000	-1.0000	0.0000
								1.0000	0.0000	0.0000
								0.0000	0.0000	1.0000
								2.4185	-67.1407	-2.3142
							}
						}
					}
				}
				{bone "Visor"
					{parameters "Vis;"}
					{Matrix34
						0.0000	-1.0000	0.0000
						1.0000	0.0000	0.0000
						0.0000	0.0000	1.0000
						6.3917	-0.5526	19.2054
					}
				}
				{bone "gunner"
					{Matrix34
						-0.3420	-0.9397	-0.0013
						0.9397	-0.3420	0.0001
						-0.0005	-0.0012	1.0000
						6.8716	17.1505	-9.2533
					}
				}
				{bone "charger"
					{Matrix34
						0.5736	-0.8192	-0.0013
						0.8192	0.5736	0.0001
						0.0007	-0.0011	1.0000
						-11.6925	24.7199	-9.2990
					}
				}
			}
			{bone "driver"
				{Matrix34
					0.9448	-0.3277	0.0000
					0.3277	 0.9448	0.0000
					0.0000	0.0000	1.0000
					-21.3415	17.9416	-6.3716
				}
			}
			{bone "commander"
				{Matrix34
				 	 0.9177	 0.3971	0.0000
					-0.3972	 0.9177	0.0000
					 0.0000	0.0000	1.0000
					-20.162	-18.318	-6.3716
				}
			}
			{bone "emit1"
				{Matrix34
					0.9448	-0.3277	0.0000
					0.3277	0.9448	0.0000
					0.0000	0.0000	1.0000
					1.3552	9.2619	-6.3716
				}
				{visibility 0}
			}
			{bone "emit2"
				{Matrix34
					0.2588	0.9659	0.0000
					-0.9659	0.2588	0.0000
					0.0000	0.0000	1.0000
					5.8577	-20.7730	-6.3716
				}
			}
			{bone "emit3"
				{Matrix34
					0.9448	-0.3277	0.0000
					0.3277	0.9448	0.0000
					0.0000	0.0000	1.0000
					-35.3552	20.2619	-6.3716
				}
				{visibility 0}
			}
			{bone "emit4"
				{Matrix34
					0.2588	0.9659	0.0000
					-0.9659	0.2588	0.0000
					0.0000	0.0000	1.0000
					-35.8577	-30.7730	-6.3716
				}
			}
		}
	}
}
{Obstacle "Obstacle3"
	{Obb2
		{Center 4.8216 0.1511}
		{Extent 14.9211 18.8864}
		{Axis -1 0}
	}
	{Rotate}
}
{Volume "turret"
	{Polyhedron "turret.vol"}
	{Bone "turret"}
	{Matrix34
		0.0000	-1.0000	0.0000
		0.9000	0.0000	0.0000
		0.0000	0.0000	1.1440
		0.0000	2.7620	3.7188
	}
}
{Volume "gun"
	{Cylinder 1.82623 64.0236}
	{Bone "gun"}
	{Matrix34
		1.0000	0.0000	0.0000
		0.0000	0.0000	1.0000
		0.0000	-1.0000	0.0000
		2.4492	-29.8015	-2.2332
	}
}
{Volume "body2"
	{Cylinder 1.9917 81.1673}
	{Bone "body"}
	{Matrix34
		-0.3200	0.9404	-0.1153
		-0.1869	0.0567	0.9807
		0.9287	0.3353	0.1576
		-16.4507	-23.5802	0.5833
	}
}
{Volume "body1"
	{Cylinder 1.9917 81.1673}
	{Bone "body"}
	{Matrix34
		-0.3545	-0.9327	-0.0650
		0.1510	0.0124	-0.9884
		0.9227	-0.3603	0.1365
		-15.0219	22.4763	-0.1334
	}
}
{Volume "wheelleft"
	{Cylinder 12.84871 2.80311}
	{Bone "WheelL"}
	{Matrix34
		0.9962	0.0872	0.0000
		0.0872	-0.9962	0.0000
		0.0000	0.0000	-1.0000
		0.0000	0.0000	-0.0280
	}
}
{Volume "wheelright"
	{Cylinder 12.84871 2.80311}
	{Bone "WheelR"}
	{Matrix34
		1.0000	0.0000	0.0000
		0.0000	-1.0000	0.0000
		0.0000	0.0000	-1.0000
		0.0000	0.0000	0.0461
	}
}
