;Exported by: dinsen
;Date:        Sat Apr 23 13:39:40 2011
;File:        C:\Archivos de programa\Autodesk\3dsMax8\scenes\pendientes\hecho\17funt.max
{Skeleton
	{bone "basis"
		{Orientation
			1.0000	0.0000	0.0000
			0.0000	-1.0000	0.0000
			0.0000	0.0000	1.0000
		}
		{bone "body"
			{Position -65.3037	-2.1651	-0.0923}
			{VolumeView "body.ply"}
			{bone revolute "turret"
				{limits -10.0000 10.0000}
				{Position 70.1166	2.1424	13.7848}
				{VolumeView "turret.ply"}
				{bone revolute "gun_rot"
					{limits -10.0000 10.0000}
					{Matrix34
						1.0000	0.0000	0.0000
						0.0000	-0.0000	1.0000
						-0.0000	-1.0000	-0.0000
						1.7195	-0.5751	7.1729
					}
					{VolumeView "gun_rot.ply"}
					{bone "part1"
						{Position -0.1966	-0.3038	-0.2677}
						{VolumeView "part1.ply"}
					}
				}
			}
			{bone revolute "part2"
				{Matrix34
					-1.0000	0.0000	0.0000
					0.0000	0.0000	1.0000
					0.0000	1.0000	-0.0000
					70.1295	-13.3181	9.4534
				}
				{VolumeView "part2.ply"}
			}
			{bone revolute "wheelL"
				{Matrix34
					-1.0000	-0.0000	-0.0000
					-0.0000	0.0000	1.0000
					-0.0000	1.0000	-0.0000
					70.4017	18.0842	9.6618
				}
				{VolumeView "wheelL.ply"}
			}
			{bone "part4"
				{VolumeView "part4.ply"}
			}
			{bone "part3"
				{Position 30.5001	-23.9130	2.5220}
				{VolumeView "part3.ply"}
			}
		}
	}
}
{Volume "part3"
	{Box 70.7008 8.49955 5.40881}
	{Bone "part3"}
	{Matrix34
		0.9163	0.3824	0.1190
		-0.1287	-0.0000	0.9917
		0.3792	-0.9240	0.0492
		4.1974	3.1482	4.0481
	}
}
{Volume "body2"
	{Box 70.7008 8.49955 5.40881}
	{Bone "body"}
	{Matrix34
		0.9132	-0.3899	0.1190
		-0.0898	0.0923	0.9917
		-0.3976	-0.9162	0.0492
		37.4089	24.1796	6.5701
	}
}
{Volume "part4"
	{Box 10.0537 15.8136 15.6042}
	{Bone "part4"}
	{Matrix34
		-0.3488	-0.9372	-0.0000
		-0.0000	-0.0000	1.0000
		-0.9372	0.3488	-0.0000
		-0.2398	40.1188	-1.6507
	}
}
{Volume "wheelLeft"
	{Cylinder 8.33665 4.05661}
	{Bone "wheelL"}
	{Matrix34
		-1.1180	-0.0000	-0.0000
		-0.0000	1.1180	-0.0000
		0.0000	-0.0000	-1.1180
		0.0548	-0.2148	0.2154
	}
}
{Volume "part2"
	{Cylinder 8.33665 4.05661}
	{Bone "part2"}
	{Matrix34
		-1.1180	0.0000	0.0000
		0.0000	1.1180	-0.0000
		-0.0000	-0.0000	-1.1180
		-0.2174	-0.0064	0.0529
	}
}
{Volume "turret"
	{Box 2.18549 27.5918 38.246}
	{Bone "turret"}
	{Matrix34
		0.7977	-0.0000	0.6031
		-0.6680	-0.0000	0.8835
		0.0000	-1.0000	-0.0000
		8.7054	-0.5967	7.7259
	}
}
{Volume "part1"
	{Box 88.2391 3.55142 5.73691}
	{Bone "part1"}
	{Matrix34
		1.0000	0.0000	0.0000
		-0.0000	1.0000	0.0000
		0.0000	-0.0000	0.7178
		27.0911	3.7119	-0.0487
	}
}
