;Exported by: garry
;Date:        Mon Mar 01 17:45:43 2004
;File:        D:\-Projects-\-3DWork-\Model\-Marine\MTB_D3\guns.max
{Skeleton
	{bone "Basis"
		{Orientation
			1.0000	0.0000	0.0000
			0.0000	-1.0000	0.0000
			0.0000	0.0000	1.0000
		}
		{bone revolute "Turret"
			{parameters "ID=turret;"}
			{speed 0.0100}
			{Position 0.0000	0.0000	3.0122}
			{VolumeView "Turret.ply"}
			{bone "part1"
				{Matrix34
					0.9525	-0.0000	0.3044
					-0.3044	-0.0000	0.9525
					-0.0000	-1.0000	-0.0000
					1.4007	0.0848	23.6874
				}
				{VolumeView "part1.ply"}
			}
			{bone revolute "gun_rot"
				{parameters "ID=gun;"}
				{Matrix34
					1.0000	0.0000	0.0000
					0.0000	-0.1758	-0.9844
					0.0000	0.9844	-0.1758
					0.2268	0.0340	20.3024
				}
				{VolumeView "gun_rot.ply"}
				{bone "gun"
					{parameters "CommonMesh;ID=gun;"}
					{Matrix34
						0.9016	-0.4257	-0.0760
						-0.4325	-0.8876	-0.1585
						-0.0000	0.1758	-0.9844
						0.4643	-2.1604	-0.5564
					}
					{VolumeView "gun.ply"}
				}
			}
		}
	}
}
{Volume "turret"
	{Polyhedron "turret.vol"}
	{Bone "Turret"}
	{Position 0.1522	-0.0534	-2.9942}
}
{Volume "part1"
	{Box 2.18557 1.93756 27.987}
	{Bone "part1"}
	{Matrix34
		-0.0000	0.0000	-1.0000
		0.0000	1.0000	0.0000
		1.0000	0.0000	0.0000
		14.4735	-0.0235	0.0348
	}
}
