;Exported by: garry
;Date:        Mon Nov 17 14:03:24 2003
;File:        D:\-Projects-\-3DWork-\Model\avia\fw-190-g8-D\Fw-190G8.max
{Skeleton
	{animation
		{sequence "engine_start"}
		{sequence "open" {speed 0.5}}
		{sequence "wheels"}
		{sequence "engine_work"}
		{sequence "engine_stop"}
	}
	{bone "basis"
		{parameters "SteerMax=45;"}
		{Orientation
			1.0000	0.0000	0.0000
			0.0000	-1.0000	0.0000
			0.0000	0.0000	1.0000
		}
		{bone "Body"
			{parameters "ID=body;"}
			{Matrix34
				1.0000	0.0000	0.0000
				0.0000	-0.0000	1.0000
				0.0000	-1.0000	-0.0000
				-9.7981	-0.3740	21.1390
			}
			{VolumeView "Body.ply"}
			{bone "body_back"
				{parameters "ID=body_back;"}
				{Position -73.1082	1.7018	-0.5507}
				{VolumeView "body_back.ply"}
				{bone revolute "Rudder"
					{parameters "ID=body_back;"}
					{limits -30.0000 30.0000}
					{speed 0.1000}
					{Matrix34
						1.0000	0.0000	0.0000
						0.0000	-0.0000	-1.0000
						0.0000	1.0000	-0.0000
						-17.8723	4.2236	0.2217
					}
					{VolumeView "Rudder.ply"}
				}
				{bone revolute "Elevator2"
					{parameters "ID=body_back;"}
					{limits -30.0000 30.0000}
					{speed 0.0100}
					{Matrix34
						0.9999	-0.0116	0.0000
						0.0116	0.9999	0.0000
						-0.0000	-0.0000	1.0000
						-9.5343	-3.9589	11.9590
					}
					{VolumeView "Elevator2.ply"}
				}
				{bone revolute "Elevator1"
					{parameters "ID=body_back;"}
					{limits -30.0000 30.0000}
					{speed 0.0100}
					{Matrix34
						0.9999	-0.0116	0.0000
						0.0116	0.9999	0.0000
						-0.0000	-0.0000	1.0000
						-9.5441	-4.0527	-14.3883
					}
					{VolumeView "Elevator1.ply"}
				}
				{bone "support3"
					{Position -14.2683	-21.7256	0.1627}
				}
			}
			{bone "cabine"
				{parameters "CommonMesh;ID=cabine;"}
				{Matrix34
					-0.0000	-0.0116	0.9999
					-0.0000	0.9999	0.0116
					-1.0000	-0.0000	-0.0000
					0.3926	8.3946	-0.2989
				}
				{VolumeView "cabine.ply"}
			}
			{bone "Engine"
				{parameters "ID=engine;"}
				{Position 51.7037	-7.2983	-0.3308}
				{VolumeView "Engine.ply"}
				{bone "propeller_work"
					{parameters "ID=propeller;"}
					{Matrix34
						0.0000	0.0000	-1.0000
						0.0000	1.0000	0.0000
						1.0000	-0.0000	-0.0000
						32.5635	-3.5212	0.0316
					}
					{visibility 0}
					{VolumeView "propeller_work.ply"}
				}
				{bone revolute "propeller"
					{parameters "CommonMesh;ID=propeller;"}
					{Matrix34
						0.0406	0.7650	-0.6428
						-0.0189	0.6438	0.7650
						0.9990	-0.0189	0.0406
						32.2260	-2.8647	0.2861
					}
					{VolumeView "propeller.ply"}
				}
				{bone revolute "Visor"
					{limits -5.0000 5.0000}
					{Matrix34
						1.0000	0.0000	0.0000
						0.0000	-0.0000	-1.0000
						-0.0000	1.0000	-0.0000
						41.6057	-3.2919	0.0316
					}
					{bone revolute "Foresight3"
						{limits -10.0000 10.0000}
						{Matrix34
							1.0000	0.0000	0.0000
							0.0000	-0.0000	1.0000
							0.0000	-1.0000	-0.0000
							2.3446	-0.0000	-0.2293
						}
					}
				}
			}
			{bone "Driver"
				{Matrix34
					0.9880	0.1547	-0.0000
					-0.0000	-0.0000	-1.0000
					-0.1547	0.9880	-0.0000
					9.5884	-16.8552	-0.2295
				}
			}
			{bone "FXsmoke1"
				{Matrix34
					-0.9397	0.0000	-0.3420
					0.0000	1.0000	-0.0000
					0.3420	-0.0000	-0.9397
					36.9211	-6.6801	-12.4694
				}
			}
			{bone "FXsmoke2"
				{Matrix34
					-0.9397	0.0000	0.3420
					-0.0000	1.0000	-0.0000
					-0.3420	-0.0000	-0.9397
					36.6781	-5.2800	11.9819
				}
			}
		}
		{bone "pivot_back"
			{Position -84.0175	-0.4164	-1.1648}
		}
		{bone "pivot_front"
			{Position 31.4362	-0.2851	-9.6785}
			{bone "WingL1"
				{parameters "ID=wingL1;"}
				{Matrix34
					1.0000	0.0000	0.0000
					0.0000	-0.0000	1.0000
					0.0000	-1.0000	-0.0000
					-10.8107	44.9438	13.4252
				}
				{VolumeView "WingL1.ply"}
				{bone revolute "Flap1"
					{parameters "ID=wingL1;"}
					{limits -30.0000 30.0000}
					{speed 0.0100}
					{Matrix34
						0.9942	-0.0112	0.1074
						0.0019	0.9962	0.0867
						-0.1079	-0.0860	0.9904
						-13.7636	0.4379	5.6787
					}
					{VolumeView "Flap1.ply"}
				}
				{bone revolute "retract_wheelL"
					{parameters "ID=retract_wheelL;"}
					{Matrix34
						0.1285	-0.9882	0.0828
						0.1985	-0.0562	-0.9785
						0.9716	0.1421	0.1889
						7.9809	-0.6385	-1.4141
					}
					{VolumeView "retract_wheelL.ply"}
					{bone "support2"
						{Matrix34
							0.1285	0.1985	0.9716
							-0.9882	-0.0562	0.1421
							0.0828	-0.9785	0.1889
							37.7463	-2.7526	2.7023
						}
					}
				}
				{bone "WingL2"
					{parameters "ID=wingL2;"}
					{Position -0.3476	4.6724	-34.7272}
					{VolumeView "WingL2.ply"}
					{bone revolute "Aileron1"
						{parameters "ID=wingL2;"}
						{limits -30.0000 30.0000}
						{speed 0.1000}
						{Matrix34
							0.9963	0.0021	0.0863
							-0.0127	0.9923	0.1229
							-0.0854	-0.1236	0.9887
							-11.1520	0.3362	-4.7359
						}
						{VolumeView "Aileron1.ply"}
					}
				}
			}
			{bone "WingR1"
				{parameters "ID=wingR1;"}
				{Matrix34
					1.0000	0.0000	0.0000
					0.0000	-0.0000	1.0000
					0.0000	-1.0000	-0.0000
					-11.0437	-43.4224	13.6122
				}
				{VolumeView "WingR1.ply"}
				{bone revolute "Flap2"
					{parameters "ID=wingR1;"}
					{limits -30.0000 30.0000}
					{speed 0.0100}
					{Matrix34
						0.9966	-0.0090	-0.0820
						-0.0005	0.9932	-0.1161
						0.0825	0.1157	0.9898
						-14.1292	0.6107	-5.6323
					}
					{VolumeView "Flap2.ply"}
				}
				{bone revolute "retract_wheelR"
					{parameters "ID=retract_wheelR;"}
					{Matrix34
						0.1285	-0.9882	-0.0828
						0.1985	-0.0562	0.9785
						0.9716	0.1421	-0.1889
						8.2139	-0.8255	1.1280
					}
					{VolumeView "retract_wheelR.ply"}
					{bone "support1"
						{Matrix34
							0.1285	0.1985	0.9716
							-0.9882	-0.0562	0.1421
							-0.0828	0.9785	-0.1889
							37.7681	-3.0095	2.7518
						}
					}
				}
				{bone "WingR2"
					{parameters "ID=wingR2;"}
					{Position -0.6326	4.3695	39.1860}
					{VolumeView "WingR2.ply"}
					{bone revolute "Aileron2"
						{parameters "ID=wingR2;"}
						{limits -30.0000 30.0000}
						{speed 0.1000}
						{Matrix34
							0.9924	-0.0321	-0.1191
							-0.0178	-0.9927	0.1192
							-0.1220	-0.1162	-0.9857
							-10.9272	0.8206	0.9855
						}
						{VolumeView "Aileron2.ply"}
					}
				}
			}
		}
		{bone "Emit1"
			{parameters "Group=crew;"}
			{Matrix34
				0.9642	0.0000	-0.2651
				0.0000	1.0000	0.0000
				0.2651	0.0000	0.9642
				-24.0729	-24.0627	-18.6779
			}
			{visibility 0}
		}
		{bone "Emit2"
			{parameters "Group=crew;"}
			{Matrix34
				-0.0000	-1.0000	-0.0065
				0.9659	0.0017	-0.2588
				0.2588	-0.0063	0.9659
				-24.0729	23.9095	-18.3668
			}
			{visibility 0}
		}
	}
}
{Obstacle "Rectangle1"
	{Obb2
		{Center 17.5994 -0.0647198}
		{Extent 20.7469 110.166}
		{Axis -1 0}
	}
	{Rotate}
}
{Obstacle "Rectangle3"
	{Obb2
		{Center -90.9068 0.557688}
		{Extent 10.166 39.0041}
		{Axis -1 0}
	}
	{Rotate}
}
{Obstacle "Rectangle04"
	{Obb2
		{Center -24.3174 -0.0647199}
		{Extent 3.11203 86.0176}
		{Axis 0 1}
	}
	{Rotate}
}
{Volume "wingR1"
	{Box 28.9069 41.7208 3.93532}
	{Bone "WingR1"}
	{Matrix34
		0.9925	0.1222	0.0011
		0.0118	-0.0874	-0.9961
		-0.1217	0.9886	-0.0882
		-0.9463	-0.1251	-4.7833
	}
}
{Volume "wingR2"
	{Box 23.9139 49.8835 4.05703}
	{Bone "WingR2"}
	{Matrix34
		0.9978	0.0662	0.0011
		0.0069	-0.0879	-0.9961
		-0.0659	0.9939	-0.0882
		-0.9305	0.8344	-0.5752
	}
}
{Volume "retract_wheelR"
	{Box 11.8108 5.97974 35.6229}
	{Bone "retract_wheelR"}
	{Matrix34
		-0.0182	0.2110	0.9773
		0.0031	-0.9775	0.2110
		-0.9998	-0.0069	-0.0172
		19.4543	-2.0989	2.7884
	}
}
{Volume "wingL1"
	{Box 27.1392 41.2708 4.46058}
	{Bone "WingL1"}
	{Matrix34
		0.9972	0.0752	-0.0000
		-0.0085	0.1128	-0.9936
		-0.0747	0.9908	0.1131
		-1.0218	-0.2094	5.3680
	}
}
{Volume "wingL2"
	{Box 24.239 51.7604 4.25782}
	{Bone "WingL2"}
	{Matrix34
		0.9995	0.0306	-0.0000
		-0.0035	0.1131	-0.9936
		-0.0304	0.9931	0.1131
		-1.1815	0.2684	-0.9596
	}
}
{Volume "retract_wheelL"
	{Box 11.8108 5.97974 35.6229}
	{Bone "retract_wheelL"}
	{Matrix34
		-0.0181	0.1881	0.9820
		-0.0050	0.9821	-0.1882
		-0.9998	-0.0084	-0.0169
		19.4563	-1.9153	2.7506
	}
}
{Volume "Body"
	{Polyhedron "Body.vol"}
	{Bone "Body"}
	{Matrix34
		1.0000	0.0000	0.0000
		0.0000	-0.0000	-1.0000
		0.0000	1.0000	-0.0000
		-35.2720	-12.8070	-0.3409
	}
}
{Volume "Engine"
	{Cylinder 14.554 46.8832}
	{Bone "Engine"}
	{Matrix34
		-0.0000	0.0000	-1.0000
		0.0232	0.9997	0.0000
		0.9997	-0.0232	-0.0000
		3.8634	-0.4005	-0.0351
	}
}
{Volume "propeller"
	{Polyhedron "propeller.vol"}
	{Bone "propeller"}
	{Matrix34
		0.6428	-0.7650	-0.0406
		0.7650	0.6438	-0.0189
		0.0406	-0.0189	0.9990
		-3.9486	-7.5722	-0.7129
	}
}
{Volume "Cabine"
	{Box 27.5815 12.5619 11.2689}
	{Bone "cabine"}
	{Matrix34
		-0.0001	0.0097	-1.0000
		-0.9999	-0.0116	0.0000
		-0.0116	0.9999	0.0097
		-0.0238	-0.1585	-4.0734
	}
}
{Volume "Body_back"
	{Polyhedron "Body_back.vol"}
	{Bone "body_back"}
	{Matrix34
		1.0000	0.0000	0.0000
		0.0000	-0.0000	-1.0000
		0.0000	1.0000	-0.0000
		-3.2363	-14.5088	0.2098
	}
}
