;Exported by: shevchenko
;Date:        Mon Mar 15 15:28:01 2004
;File:        D:\-Projects-\-3DWork-\sheva\shed_evro2_x.max
{Skeleton
	{animation
		{sequence "crush" {speed 0.8}}
	}
	{bone "shed_evro2_coner4_x"
		{parameters "CommonMesh;"}
		{Orientation
			1.0000	0.0000	0.0000
			0.0000	-1.0000	0.0000
			0.0000	0.0000	1.0000
		}
		{VolumeView "shed_evro2_coner4_x.ply"}
		{bone "piece0"
			{Matrix34
				-0.2848	-0.0000	-0.9586
				-0.9586	0.0000	0.2848
				0.0000	1.0000	-0.0000
				-20.3421	-25.2516	27.5103
			}
			{VolumeView "piece0.ply"}
		}
		{bone "piece1"
			{Matrix34
				-0.2848	-0.0000	-0.9586
				-0.9586	0.0000	0.2848
				0.0000	1.0000	-0.0000
				-20.5061	-0.8268	27.6281
			}
			{VolumeView "piece1.ply"}
		}
		{bone "piece2"
			{Matrix34
				-0.2848	-0.0000	-0.9586
				-0.9586	0.0000	0.2848
				0.0000	1.0000	-0.0000
				-1.8301	-29.2188	14.0423
			}
			{VolumeView "piece2.ply"}
		}
		{bone "piece3"
			{Matrix34
				-0.2848	-0.0000	-0.9586
				-0.9586	0.0000	0.2848
				0.0000	1.0000	-0.0000
				9.0396	-29.2188	32.6275
			}
			{VolumeView "piece3.ply"}
		}
		{bone "piece4"
			{Matrix34
				-0.2848	-0.0000	-0.9586
				-0.9586	0.0000	0.2848
				0.0000	1.0000	-0.0000
				8.3965	-29.2188	60.6245
			}
			{VolumeView "piece4.ply"}
		}
		{bone "sub_piece0"
			{Matrix34
				-0.2848	-0.0000	-0.9586
				-0.9586	-0.0000	0.2848
				-0.0000	1.0000	-0.0000
				-20.5061	-12.4803	44.2913
			}
			{VolumeView "sub_piece0.ply"}
		}
		{bone "sub_piece2"
			{Matrix34
				-0.2848	-0.0000	-0.9586
				-0.9586	-0.0000	0.2848
				-0.0000	1.0000	-0.0000
				-20.5061	-12.4803	7.8050
			}
			{VolumeView "sub_piece2.ply"}
		}
		{bone "sub_piece1"
			{Matrix34
				-0.2848	-0.0000	-0.9586
				-0.9586	0.0000	0.2848
				0.0000	1.0000	-0.0000
				-20.5061	15.2596	44.2913
			}
			{VolumeView "sub_piece1.ply"}
		}
		{bone "sub_piece3"
			{Matrix34
				-0.2848	-0.0000	-0.9586
				-0.9586	-0.0000	0.2848
				-0.0000	1.0000	-0.0000
				-8.9425	-29.2188	34.9335
			}
			{VolumeView "sub_piece3.ply"}
		}
		{bone "sub_piece4"
			{Matrix34
				-0.2848	-0.0000	-0.9586
				-0.9586	-0.0000	0.2848
				-0.0000	1.0000	-0.0000
				-5.3938	-29.2188	50.3857
			}
			{VolumeView "sub_piece4.ply"}
		}
		{bone "exterior"
			{Position 0.0057	0.0000	60.9843}
		}
	}
}
{Volume "sub_piece4"
	{Box 10.2756 5.90551 7.03344}
	{Bone "sub_piece4"}
	{Matrix34
		-0.6567	-0.7542	0.0000
		-0.0000	0.0000	1.0000
		-0.7542	0.6567	-0.0000
		-0.1631	0.1331	-0.0071
	}
}
{Volume "sub_piece3"
	{Box 6.0626 5.90551 7.46047}
	{Bone "sub_piece3"}
	{Matrix34
		0.3856	-0.9227	-0.0000
		-0.0000	-0.0000	1.0000
		-0.9227	-0.3856	-0.0000
		-0.2086	-0.2603	-0.0071
	}
}
{Volume "sub_piece1"
	{Box 5.90551 9.4685 7.24599}
	{Bone "sub_piece1"}
	{Matrix34
		-0.2848	-0.9586	0.0000
		-0.0000	0.0000	1.0000
		-0.9586	0.2848	-0.0000
		0.8542	-0.2610	-0.1950
	}
}
{Volume "sub_piece2"
	{Box 5.90551 8.39274 7.27509}
	{Bone "sub_piece2"}
	{Matrix34
		-0.2848	-0.9586	0.0000
		-0.1437	0.0427	0.9887
		-0.9478	0.2816	-0.1499
		0.1998	-0.0666	0.7622
	}
}
{Volume "sub_piece0"
	{Box 5.90551 7.76417 7.28464}
	{Bone "sub_piece0"}
	{Matrix34
		-0.2848	-0.9586	-0.0000
		0.8422	-0.2502	0.4776
		-0.4578	0.1360	0.8786
		-0.0829	0.0174	-0.3187
	}
}
{Volume "piece4"
	{Box 9.24803 5.90551 16.83}
	{Bone "piece4"}
	{Matrix34
		-0.0180	-0.9998	0.0000
		-0.0000	0.0000	1.0000
		-0.9998	0.0180	-0.0000
		-0.9044	-1.0012	-0.0071
	}
}
{Volume "piece3"
	{Box 7.19291 5.90551 15.8252}
	{Bone "piece3"}
	{Matrix34
		-0.0552	-0.9985	0.0000
		-0.0000	0.0000	1.0000
		-0.9985	0.0552	-0.0000
		1.2482	-0.2929	-0.0071
	}
}
{Volume "piece2"
	{Box 11.3473 5.90551 22.8587}
	{Bone "piece2"}
	{Matrix34
		-0.9994	0.0357	-0.0000
		-0.0000	0.0000	1.0000
		0.0357	0.9994	-0.0000
		0.2497	-0.1490	-0.0071
	}
}
{Volume "piece1"
	{Box 5.90551 9.4685 24.1533}
	{Bone "piece1"}
	{Matrix34
		-0.2848	-0.9586	0.0000
		-0.0000	0.0000	1.0000
		-0.9586	0.2848	-0.0000
		0.8735	-0.2668	-1.0710
	}
}
{Volume "piece0"
	{Box 5.90551 7.76417 25.1194}
	{Bone "piece0"}
	{Matrix34
		-0.2848	-0.9586	0.0000
		-0.0000	0.0000	1.0000
		-0.9586	0.2848	-0.0000
		0.3443	0.0615	0.6691
	}
}
