;Model created by: Dinsen & Albus
;date : Feb 2010
{Skeleton
	{animation
		{sequence "flattern" {speed 1.1}}
		{sequence "drift" {speed 0.3}}
		{sequence "rope4"}
		{sequence "rope1"}
		{sequence "rope2"}
		{sequence "rope3"}
	}
	{bone "Basis"
		{Orientation
			1.0000	0.0000	0.0000
			0.0000	-1.0000	0.0000
			0.0000	0.0000	1.0000
		}
		{bone "body"
			{parameters "ID=body;"}
			{Position 16.1204	-0.0236	10.3724}
			{VolumeView "body.ply"}
			{bone "mp_flag"
				{parameters "ID=CommonMesh;"}
				{Matrix34
					-1.0000	0.0000	0.0000
					0.0000	-1.0000	0.0000
					0.0000	0.0000	1.0000
					-21.0000	-1.0000	124.0000
				}
				{VolumeView "flag.ply"}
			}
			{bone "cabin"
				{parameters "ID=cabin;"}
				{Position -19.0000	-0.5000	15.3000}
				{VolumeView "cabin.ply"}
				{bone "man1"
					{Position -14.4552	-8.0000	7.7504}
				}
				{bone "man2"
					{Position -14.4552	8.0000	7.7504}
				}
				{bone "man3"
					{Position 7.4552	-0.1763	7.7504}
				}
				{bone "man4"
					{Matrix34
						0.0000	-1.0000	0.0000
						1.0000	0.0000	0.0000
						0.0000	0.0000	1.0000
						-115.4552	-19.3763	1.9504
					}
				}
				{bone "man5"
					{Matrix34
						0.0000	1.0000	0.0000
						-1.0000	0.0000	0.0000
						0.0000	0.0000	1.0000
						-90.4552	18.3763	2.7504
					}
				}
				{bone "man6"
					{Matrix34
						0.0000	1.0000	0.0000
						-1.0000	0.0000	0.0000
						0.0000	0.0000	1.0000
						-110.4552	18.3763	2.7504
					}
				}
				{bone "driver"
					{Position 22.1874	-0.1763	5.4504}
				}
				{bone "node_R3"
					{Matrix34
						0.0000	1.0000	0.0000
						-1.0000	0.0000	0.0000
						0.0000	0.0000	1.0000
						1.5797	-26.3052	0.4514
					}
				}
				{bone "node_R4"
					{Matrix34
						0.0000	1.0000	0.0000
						-1.0000	0.0000	0.0000
						0.0000	0.0000	1.0000
						-42.5150	-22.2302	0.4514
					}
				}
				{bone "node_L3"
					{Matrix34
						0.0000	-1.0000	0.0000
						-1.0000	0.0000	0.0000
						0.0000	0.0000	1.0000
						1.5797	26.4705	0.4514
					}
				}
				{bone "node_L4"
					{Matrix34
						0.0000	-1.0000	0.0000
						-1.0000	0.0000	0.0000
						0.0000	0.0000	1.0000
						-42.5150	22.3954	0.4514
					}
				}
				{bone "projector1"
					{Matrix34
						-0.9397	0.0000	-0.3420
						0.0000	-1.0000	0.0000
						-0.3420	0.0000	0.9397
						-3.0949	-6.5646	124.4010
					}
					{bone "lamp_light_spot2"
						{parameters "ID=cabine;"}
						{Position 4.1686	-0.0000	0.0000}
					}
					{bone revolute "lamp_glass2"
						{limits -2.0000 2.0000}
						{Matrix34
							1.0000	0.0000	0.0000
							0.0000	-1.0000	0.0000
							0.0000	0.0000	-1.0000
							3.5900	0.0177	-0.0060
						}
					}
				}
				{bone "projector"
					{Position 32.5193	0.7500	55.8260}
					{bone revolute "lamp_glass1"
						{limits -2.0000 2.0000}
						{Matrix34
							1.0000	0.0000	0.0000
							0.0000	-1.0000	0.0000
							0.0000	0.0000	-1.0000
							3.5900	0.0177	-0.0060
						}
					}
					{bone "lamp_light_spot1"
						{parameters "ID=cabine;"}
						{Position 4.1686	-0.0000	0.0000}
					}
				}
			}
			{bone "FX_smoke"
				{Matrix34
					-0.6320	-0.0011	0.7750
					-0.0017	1.0000	0.0000
					-0.7750	-0.0013	-0.6320
					-162.0420	-11.6060	44.5324
				}
			}
			{bone "attach_gun2"
				{Matrix34
					-1.0000	0.0000	0.0000
					0.0000	-1.0000	0.0000
					0.0000	0.0000	1.0000
					-227.0000	0.0000	15.3089
				}
			}
			{bone "body_rear"
				{parameters "ID=body_rear;"}
				{Position -160.0000	0.0000	0.0000}
				{VolumeView "body_rear.ply"}
				{bone "FX_bulb1"
					{Matrix34
						-0.9659	0.2588	0.0000
						-0.2588	-0.9659	0.0000
						0.0000	0.0000	1.0000
						-95.3413	17.8916	-5.8688
					}
				}
				{bone "FX_bulb2"
					{Matrix34
						-0.9659	-0.2588	0.0000
						-0.2588	0.9659	0.0000
						0.0000	0.0000	1.0000
						-95.3413	-20.2556	-5.8688
					}
				}
				{bone "FX_bulb_norm_engine1"
					{Matrix34
						-1.0000	0.0000	0.0000
						0.0000	-1.0000	0.0000
						0.0000	0.0000	1.0000
						-90.3413	0.0712	-12.8256
					}
				}
				{bone "FX_bulb_small_back1"
					{Matrix34
						0.0000	1.0000	0.0000
						-1.0000	0.0000	0.0000
						0.0000	0.0000	1.0000
						-90.6808	21.6756	-12.8256
					}
				}
				{bone "FX_bulb_small_back2"
					{Matrix34
						0.0000	-1.0000	0.0000
						1.0000	0.0000	0.0000
						0.0000	0.0000	1.0000
						-90.6808	-21.7153	-12.8256
					}
				}
				{bone revolute "turret"
					{limits -2.0000 2.0000}
					{Position 107.0018	0.0000	35.8755}
					{bone revolute "foresight1"
						{limits -10.0000 10.0000}
						{Matrix34
							1.0000	0.0000	0.0000
							0.0000	0.0000	1.0000
							0.0000	-1.0000	0.0000
							208.8120	0.3380	-13.6811
						}
					}
				}
				{bone "FX_bulb_small_center4"
					{Matrix34
						0.0000	-1.0000	0.0000
						1.0000	0.0000	0.0000
						0.0000	0.0000	1.0000
						-33.8591	-37.4841	-13.1775
					}
				}
				{bone "FX_bulb_small_center2"
					{Matrix34
						0.0000	-1.0000	0.0000
						1.0000	0.0000	0.0000
						0.0000	0.0000	1.0000
						7.8099	-37.4841	-13.1775
					}
				}
				{bone "FX_bulb_small_center1"
					{Matrix34
						0.0000	1.0000	0.0000
						-1.0000	0.0000	0.0000
						0.0000	0.0000	1.0000
						7.8099	38.0466	-13.1775
					}
				}
				{bone "FX_bulb_small_center3"
					{Matrix34
						0.0000	1.0000	0.0000
						-1.0000	0.0000	0.0000
						0.0000	0.0000	1.0000
						-33.8461	38.0466	-13.1775
					}
				}
				{bone revolute "FX_exp2"
					{limits -2.0000 2.0000}
					{Position 11.5645	0.0000	5.4012}
				}
				{bone revolute "FX_exp1"
					{limits -2.0000 2.0000}
					{Position 79.5197	0.0000	5.4012}
				}
			}
			{bone "body_front"
				{parameters "ID=body_front;"}
				{Position 109.7150	0.0000	0.0000}
				{VolumeView "body_front.ply"}
				{bone "attach_gun1"
					{Position 3.3258	0.7500	30.1270}
				}
				{bone "FX_bulb_norm_front2"
					{Matrix34
						0.5000	-0.8660	0.0000
						0.8660	0.5000	0.0000
						0.0000	0.0000	1.0000
						33.2607	-21.9403	-13.3982
					}
				}
				{bone "FX_bulb_norm_front1"
					{Matrix34
						0.4226	0.9063	0.0000
						-0.9063	0.4226	0.0000
						0.0000	0.0000	1.0000
						32.9080	23.0130	-13.3982
					}
				}
				{bone "FX_bulb_small_center10"
					{Matrix34
						0.0872	-0.9962	0.0000
						0.9962	0.0872	0.0000
						0.0000	0.0000	1.0000
						-19.9896	-35.8649	-13.3982
					}
				}
				{bone "FX_bulb_small_center9"
					{Matrix34
						0.0872	0.9962	0.0000
						-0.9962	0.0872	0.0000
						0.0000	0.0000	1.0000
						-20.1008	35.9219	-13.3982
					}
				}
				{bone "emit1"
					{Matrix34
						0.0000	1.0000	0.0000
						-1.0000	0.0000	0.0000
						0.0000	0.0000	1.0000
						-57.8336	-57.8958	-11.4945
					}
				}
				{bone "emit2"
					{Matrix34
						0.0000	-1.0000	0.0000
						1.0000	0.0000	0.0000
						0.0000	0.0000	1.0000
						-57.7634	58.9197	-11.4945
					}
				}
				{bone "rope2"
					{parameters "CommonMesh;"}
					{Matrix34
						0.0000	-0.1702	0.9854
						1.0000	0.0000	0.0000
						0.0000	0.9854	0.1702
						-59.5664	39.8138	4.6675
					}
					{visibility 0}
					{VolumeView "rope2.ply"}
				}
				{bone "rope1"
					{parameters "CommonMesh;"}
					{Matrix34
						0.0000	0.1702	0.9854
						1.0000	0.0000	0.0000
						0.0000	-0.9854	0.1702
						-55.5775	-39.8618	4.6675
					}
					{visibility 0}
					{VolumeView "rope1.ply"}
				}
				{bone revolute "FX_exp4"
					{limits -2.0000 2.0000}
					{Position -48.8354	0.0211	5.1806}
				}
			}
			{bone "FX_bulb_small_center5"
				{Matrix34
					0.0000	1.0000	0.0000
					-1.0000	0.0000	0.0000
					0.0000	0.0000	1.0000
					-35.7148	38.0677	-10.7219
				}
			}
			{bone "FX_bulb_small_center6"
				{Matrix34
					-0.0000	-1.0000	0.0000
					1.0000	-0.0000	0.0000
					0.0000	0.0000	1.0000
					-35.6673	-37.4630	-10.7219
				}
			}
			{bone "FX_bulb_small_center7"
				{Matrix34
					0.0000	1.0000	0.0000
					-1.0000	0.0000	0.0000
					0.0000	0.0000	1.0000
					42.7235	38.0677	-10.7219
				}
			}
			{bone "FX_bulb_small_center8"
				{Matrix34
					-0.0000	-1.0000	0.0000
					1.0000	-0.0000	0.0000
					0.0000	0.0000	1.0000
					42.8029	-37.4630	-10.7219
				}
			}
			{bone "emit4"
				{Matrix34
					0.0000	1.0000	0.0000
					-1.0000	0.0000	0.0000
					0.0000	0.0000	1.0000
					-41.1239	-57.8958	-8.8182
				}
			}
			{bone "emit3"
				{Matrix34
					-0.0000	-1.0000	0.0000
					1.0000	-0.0000	0.0000
					0.0000	0.0000	1.0000
					-46.0478	58.9197	-8.8182
				}
			}
			{bone "node_R1"
				{Matrix34
					0.0000	1.0000	0.0000
					-1.0000	0.0000	0.0000
					0.0000	0.0000	1.0000
					86.0170	-39.3782	22.2649
				}
			}
			{bone "node_R5"
				{Matrix34
					0.0000	1.0000	0.0000
					-1.0000	0.0000	0.0000
					0.0000	0.0000	1.0000
					-38.8013	-37.4118	22.2649
				}
			}
			{bone "node_R2"
				{Matrix34
					0.0000	1.0000	0.0000
					-1.0000	0.0000	0.0000
					0.0000	0.0000	1.0000
					68.5434	-23.8933	22.2649
				}
			}
			{bone "node_L1"
				{Matrix34
					0.0000	-1.0000	0.0000
					-1.0000	0.0000	0.0000
					0.0000	0.0000	1.0000
					86.0170	39.5857	22.2649
				}
			}
			{bone "node_L2"
				{Matrix34
					0.0000	-1.0000	0.0000
					-1.0000	0.0000	0.0000
					0.0000	0.0000	1.0000
					68.5434	24.1008	22.2649
				}
			}
			{bone "node_L5"
				{Matrix34
					0.0000	-1.0000	0.0000
					-1.0000	0.0000	0.0000
					0.0000	0.0000	1.0000
					-38.8013	37.6193	22.2649
				}
			}
			{bone "rope4"
				{parameters "CommonMesh;"}
				{Matrix34
					0.0000	0.1702	0.9854
					1.0000	0.0000	0.0000
					0.0000	-0.9854	0.1702
					-39.0437	-39.8618	7.3438
				}
				{visibility 0}
				{VolumeView "rope4.ply"}
			}
			{bone "rope3"
				{parameters "CommonMesh;"}
				{Matrix34
					0.0000	-0.1702	0.9854
					1.0000	0.0000	0.0000
					0.0000	0.9854	0.1702
					-48.2896	40.2666	7.3438
				}
				{visibility 0}
				{VolumeView "rope3.ply"}
			}
			{bone revolute "FX_exp3"
				{limits -2.0000 2.0000}
				{Position -1.0951	0.0211	7.8568}
			}
		}
		{bone "emitx"
			{Matrix34
				0.0000	1.0000	0.0000
				-1.0000	0.0000	0.0000
				0.0000	0.0000	1.0000
				-117.9701	-80.4564	33.3069
			}
		}
		{bone "volume_holder"
			{animation
				{sequence "drift" {speed 0.3}}
				{sequence "rope4"}
				{sequence "rope1"}
				{sequence "rope2"}
				{sequence "rope3"}
			}
		}
	}
}
{Volume "body"
	{Box 150.307 70.8661 47.4614}
	{Bone "volume_holder"}
	{Matrix34
		1.0000	0.0000	0.0000
		0.0000	-1.0000	0.0000
		0.0000	0.0000	-1.0000
		19.7398	-0.0025	9.6269
	}
}
{Volume "body_rear"
	{Box 190.158 70.8661 47.4614}
	{Bone "volume_holder"}
	{Matrix34
		1.0000	0.0000	0.0000
		0.0000	-1.0000	0.0000
		0.0000	0.0000	-1.0000
		-151.0348	-0.0025	9.6269
	}
}
{Volume "body_front"
	{Polyhedron "body_front.vol"}
	{Bone "volume_holder"}
	{Matrix34
		0.7237	0.0000	0.0000
		0.0000	-1.0000	0.0000
		0.0000	0.0000	-1.0000
		131.3562	-0.0025	-14.1039
	}
}
{Volume "ballast4"
	{Box 29.5276 29.5276 173.595}
	{Bone "volume_holder"}
	{Matrix34
		0.0000	0.0000	1.0000
		0.0000	1.0000	0.0000
		-1.0000	0.0000	0.0000
		-147.2857	-18.4405	0.0000
	}
}
{Volume "ballast3"
	{Box 29.5276 29.5276 196.85}
	{Bone "volume_holder"}
	{Matrix34
		0.0000	0.0000	1.0000
		0.0000	1.0000	0.0000
		-1.0000	0.0000	0.0000
		43.6164	-18.4405	0.0000
	}
}
{Volume "ballast2"
	{Box 29.5276 29.5276 173.595}
	{Bone "volume_holder"}
	{Matrix34
		0.0000	0.0000	1.0000
		0.0000	1.0000	0.0000
		-1.0000	0.0000	0.0000
		-147.2857	18.7208	0.0000
	}
}
{Volume "ballast1"
	{Box 29.5276 29.5276 196.85}
	{Bone "volume_holder"}
	{Matrix34
		0.0000	0.0000	1.0000
		0.0000	1.0000	0.0000
		-1.0000	0.0000	0.0000
		43.6164	18.7208	0.0000
	}
}
{Volume "lamp1"
	{Box 3.71935 4.89118 5.06686}
	{Bone "projector"}
	{Position 2.1493	-0.1063	0.0001}
}
{Volume "lamp2"
	{Box 3.47933 4.89118 5.06686}
	{Bone "projector1"}
	{Position 2.0977	-0.1063	0.0001}
}
{Volume "cabin"
	{Box 86.4781 40.826 42.1318}
	{Bone "cabin"}
	{Position -6.6882	1.5624	20.8439}
}
