;Modified by Albus & Dinsen
;Date:        Sat Nov 22 13:57:30 2008
{Skeleton
	{bone "Basis"
		{Orientation
			1.0000	0.0000	0.0000
			0.0000	-1.0000	0.0000
			0.0000	0.0000	1.0000
		}
		{bone "body"
			{parameters "CommonMesh;ID=body;"}
			{Matrix34
				0.9998	0.0000	-0.0175
				-0.0000	1.0000	0.0000
				0.0175	-0.0000	0.9998
				5.8607	-2.0641	32.7917
			}
			{VolumeView "body.ply"}
			{bone "part3"
				{Matrix34
					-0.9983	0.0000	-0.0577
					-0.0577	-0.0000	0.9983
					0.0000	1.0000	0.0000
					0.5682	24.8315	-14.3115
				}
				{VolumeView "part3.ply"}
			}
			{bone "part4"
				{Matrix34
					-1.0000	0.0000	-0.0000
					0.0000	0.0000	1.0000
					0.0000	1.0000	-0.0000
					-96.6736	-0.3438	-5.9573
				}
				{VolumeView "part4.ply"}
			}
			{bone "part5"
				{Matrix34
					0.9999	0.0000	0.0159
					-0.0159	-0.0000	0.9999
					0.0000	-1.0000	-0.0000
					-36.5475	17.5143	-17.0284
				}
				{VolumeView "part5.ply"}
			}
			{bone revolute "part1"
				{Matrix34
					-1.0000	0.0000	-0.0000
					-0.0000	-0.0000	1.0000
					0.0000	1.0000	-0.0000
					40.6559	-15.7065	-22.6855
				}
				{VolumeView "part1.ply"}
			}
			{bone revolute "part2"
				{Matrix34
					-1.0000	0.0000	-0.0000
					-0.0000	0.0000	1.0000
					0.0000	1.0000	-0.0000
					-53.4481	15.2041	-24.3341
				}
				{VolumeView "part2.ply"}
			}
			{bone revolute "part6"
				{Matrix34
					-1.0000	0.0000	-0.0000
					-0.0000	-0.0000	1.0000
					0.0000	1.0000	-0.0000
					40.6559	15.2041	-22.6855
				}
				{VolumeView "part6.ply"}
			}
			{bone "FX_die_platform1"
				{Matrix34
					0.9998	0.0000	0.0175
					0.0000	1.0000	0.0000
					-0.0175	-0.0000	0.9998
					-53.7003	2.3354	-14.0359
				}
			}
			{bone "FX_die_platform2"
				{Matrix34
					0.9998	0.0000	0.0175
					0.0000	1.0000	0.0000
					-0.0175	-0.0000	0.9998
					41.3801	2.3354	-12.3701
				}
			}
		}
		{bone revolute "pivot_back"
			{parameters "ID=body;"}
			{Matrix34
				0.9998	0.0175	0.0000
				-0.0175	0.9998	0.0000
				0.0000	0.0000	1.0000
				-47.5525	-1.6388	9.5585
			}
			{VolumeView "pivot_back.ply"}
			{bone revolute "wheel_R2"
				{parameters "ID=wheelright2;"}
				{Matrix34
					-0.9997	0.0175	0.0175
					0.0175	-0.0003	0.9998
					0.0175	0.9998	0.0000
					-0.7355	-16.1214	-0.1610
				}
				{VolumeView "wheel_R2.ply"}
			}
		}
		{bone revolute "pivot_front"
			{parameters "ID=body;"}
			{Matrix34
				0.9998	0.0175	-0.0003
				-0.0175	0.9997	-0.0174
				-0.0000	0.0175	0.9998
				46.1995	-1.6388	9.5586
			}
			{VolumeView "pivot_front.ply"}
		}
	}
}
{Volume "wheelright2"
	{Cylinder 9.5318 3.84358}
	{Bone "wheel_R2"}
	{Matrix34
		-0.9998	0.0175	0.0000
		0.0175	0.9998	-0.0000
		-0.0000	-0.0000	-1.0000
		-0.2087	0.0554	0.7427
	}
}
{Volume "body"
	{Box 191.211 59.2057 20.1302}
	{Bone "body"}
	{Matrix34
		1.0000	0.0000	0.0024
		-0.0000	1.0000	0.0000
		-0.0024	-0.0000	1.0000
		-3.3295	-1.1870	-4.0456
	}
}
{Volume "part6"
	{Cylinder 9.5318 3.87454}
	{Bone "part6"}
	{Matrix34
		-0.9998	0.0175	0.0000
		0.0175	0.9998	-0.0000
		-0.0000	-0.0000	-1.0000
		-0.0945	0.0534	1.6640
	}
}
{Volume "part2"
	{Cylinder 9.5318 3.6991}
	{Bone "part2"}
	{Matrix34
		-0.9998	0.0175	0.0000
		0.0175	0.9998	-0.0000
		-0.0000	-0.0000	-1.0000
		-0.3620	0.0192	1.7193
	}
}
{Volume "part1"
	{Cylinder 9.5318 3.87454}
	{Bone "part1"}
	{Matrix34
		-0.9998	0.0175	0.0000
		0.0175	0.9998	-0.0000
		-0.0000	-0.0000	-1.0000
		-0.0631	-0.0716	0.7562
	}
}
{Volume "part5"
	{Polyhedron "part5.vol"}
	{Bone "part5"}
	{Matrix34
		-1.0000	-0.0016	-0.0000
		-0.0016	1.0000	-0.0000
		0.0000	-0.0000	-1.0000
		1.1686	-4.9051	1.3727
	}
}
{Volume "part4"
	{Box 98.4436 34.4781 11.1509}
	{Bone "part4"}
	{Matrix34
		0.9993	-0.0174	-0.0320
		0.0322	0.0099	0.9993
		-0.0172	-0.9997	0.0105
		-0.0888	1.4154	0.7573
	}
}
{Volume "part3"
	{Box 5.9737 34.4488 59.0551}
	{Bone "part3"}
	{Matrix34
		-0.9999	0.0109	-0.0043
		-0.0042	0.0112	0.9999
		0.0109	0.9999	-0.0844
		-0.0011	0.2538	1.1196
	}
}
