;MDL File generated by SOEdit 0.41r
;Model created by: <A.G.(ирјр)>
;Date:        Apr 12 2006
{Skeleton
	{bone "Basis"
		{Orientation
			1.0000	0.0000	0.0000
			0.0000	-1.0000	0.0000
			0.0000	0.0000	1.0000
		}
		{bone "WheelsL"
			{parameters "ID=trackleft;"}
			{Matrix34
				-1.0000	0.0000	0.0000
				-0.0000	-0.4937	0.8695
				0.0000	0.8695	0.4937
				-13.8359	19.6099	8.2923
			}
			{VolumeView "WheelsL.ply"}
		}
		{bone "WheelsR"
			{parameters "ID=trackright;"}
			{Matrix34
				1.0000	0.0000	0.0000
				-0.0000	0.0000	-1.0000
				-0.0000	1.0000	0.0000
				-13.8359	-22.2592	10.7890
			}
			{VolumeView "WheelsR.ply"}
		}
		{bone "Body"
			{parameters "CommonMesh;ID=body;"}
			{animation
				{sequence "break" {file "body1.anm"}}
			}
			{parameters "ID=body;"}
			{Matrix34
				0.9992	-0.0264	-0.0306
				0.0290	-0.0571	0.9979
				-0.0281	-0.9980	-0.0563
				-8.3434	-0.2417	17.5819
			}
			{VolumeView "Body.ply"}
			{bone "part1"
				{Matrix34
					0.9026	0.4168	-0.1079
					-0.4218	0.9062	-0.0279
					0.0861	0.0706	0.9938
					36.8580	-1.8986	-0.0491
				}
				{VolumeView "part1.ply"}
			}
			{bone "part2"
				{Matrix34
					-0.9992	-0.0290	0.0281
					-0.0306	0.9979	-0.0563
					0.0264	0.0571	0.9980
					-20.6882	-13.7642	-21.5394
				}
				{VolumeView "part2.ply"}
			}
			{bone revolute "turret"
				{parameters "ID=turret;"}
				{Matrix34
					0.8494	0.2926	-0.4392
					-0.5231	0.3568	-0.7739
					-0.0696	0.8871	0.4562
					6.4514	-4.9600	-0.7483
				}
				{VolumeView "Turret.ply"}
				{bone revolute "Gun_rot"
					{parameters "ID=gun;"}
					{speed 0.0100}
					{Matrix34
						0.9964	0.0738	-0.0409
						-0.0454	0.0612	-0.9970
						-0.0710	0.9953	0.0644
						8.5291	0.3789	7.0782
					}
					{VolumeView "Gun_rot.ply"}
					{bone "Gun"
						{parameters "ID=gun;"}
						{Matrix34
							1.0000	-0.0021	0.0000
							0.0021	1.0000	0.0000
							0.0000	0.0000	1.0000
							5.5475	-0.1248	-4.0179
						}
						{VolumeView "Gun.ply"}
					}
				}
			}
			{bone "engine"
				{Matrix34
					-0.0087	1.0000	-0.0000
					-1.0000	-0.0087	0.0000
					0.0000	0.0000	1.0000
					-30.7368	-8.5265	2.7039
				}
			}
			{bone revolute "WheelL2"
				{parameters "ID=trackleft;"}
				{Matrix34
					-1.0000	0.0000	0.0000
					0.0000	1.0000	-0.0000
					0.0000	0.0000	1.0000
					-34.4220	-9.3825	-21.2444
				}
				{VolumeView "WheelL2.ply"}
			}
			{bone revolute "WheelR2"
				{parameters "ID=trackright;"}
				{Matrix34
					-1.0000	0.0000	0.0000
					0.0000	1.0000	-0.0000
					-0.0000	-0.0000	-1.0000
					-34.4028	-9.6657	23.9489
				}
				{VolumeView "WheelR2.ply"}
			}
			{bone revolute "WheelR1"
				{parameters "ID=trackright;"}
				{Matrix34
					-0.9998	-0.0171	-0.0105
					-0.0099	0.8760	-0.4821
					0.0175	-0.4819	-0.8760
					41.0945	-9.3000	21.5591
				}
				{VolumeView "WheelR1.ply"}
			}
			{bone revolute "WheelL1"
				{parameters "ID=trackleft;"}
				{Matrix34
					-1.0000	0.0000	0.0000
					0.0000	1.0000	-0.0000
					0.0000	0.0000	1.0000
					40.6291	-9.9221	-22.0682
				}
				{VolumeView "WheelL1.ply"}
			}
		}
	}
}
{Volume "gun"
	{Cylinder 0.913038 20.1128}
	{Bone "Gun"}
	{Matrix34
		0.0000	0.0000	-1.0499
		0.0000	1.0499	0.0000
		1.0499	0.0000	-0.0000
		10.4341	0.0363	-0.0211
	}
}
{Volume "Turret"
	{Polyhedron "Turret.vol"}
	{Bone "Turret"}
	{Matrix34
		1.0000	-0.0000	-0.0000
		-0.0000	1.0000	-0.0087
		-0.0000	0.0087	1.0000
		-3.9923	-0.0182	-0.0895
	}
}
{Volume "part2"
	{Box 34.1479 1.97959 14.1399}
	{Bone "part2"}
	{Matrix34
		-1.0000	0.0000	0.0000
		-0.0000	0.0000	-1.0000
		-0.0000	1.0000	0.0000
		0.1766	-1.2049	0.0440
	}
}
{Volume "Body2"
	{Polyhedron "Body2.vol"}
	{Bone "Body"}
	{Matrix34
		1.0000	0.0000	-0.0000
		-0.0000	-0.0000	-1.0000
		0.0000	1.0000	-0.0000
		-3.6747	-13.1003	2.9029
	}
}
{Volume "Body1"
	{Polyhedron "Body1.vol"}
	{Bone "Body"}
	{Matrix34
		1.0000	0.0000	-0.0000
		-0.0000	-0.0000	-1.0000
		0.0000	1.0000	-0.0000
		-3.7409	-11.0152	2.5120
	}
}
{Volume "part1"
	{Polyhedron "part1.vol"}
	{Bone "part1"}
	{Matrix34
		0.9188	-0.3941	-0.0208
		-0.0144	0.0192	-0.9997
		0.3944	0.9188	0.0119
		-15.4638	1.2917	-0.5837
	}
}
{Volume "trackleft"
	{Box 63.7189 4.04936 12.538}
	{Bone "WheelsL"}
	{Matrix34
		-1.0000	0.0000	0.0000
		0.0000	0.0000	1.0000
		0.0000	1.0000	-0.0000
		-1.4911	0.5302	-0.1812
	}
}
