;Exported by: sk
;Date:        Mon May 17 11:50:32 2004
;File:        D:\-Projects-\-3DWork-\Constructions\Monastery\wall-2level_5%8.max
{Skeleton
	{bone "wall"
		{Orientation
			1.0000	0.0000	0.0000
			0.0000	-1.0000	0.0000
			0.0000	0.0000	1.0000
		}
		{VolumeView "wall.ply"}
	}
}
{Obstacle "Rectangle02"
	{Obb2
		{Center -54.0788 -18.8545}
		{Extent 1.43932 1.43932}
		{Axis -1 0}
	}
	{Rotate}
}
{Obstacle "Rectangle01"
	{Obb2
		{Center -93.2283 -30.3691}
		{Extent 1.52157 1.43932}
		{Axis -1 0}
	}
	{Rotate}
}
{Obstacle "Body"
	{Obb2
		{Center 1.0524 27.3205}
		{Extent 65.2507 8.1483}
		{Axis 1 0}
	}
	{Rotate}
}
{Obstacle "Body4"
	{Obb2
		{Center -48.5175 38.8597}
		{Extent 6.52508 7.18962}
		{Axis 1 0}
	}
	{Rotate}
}
{Obstacle "Body3"
	{Obb2
		{Center 52.0104 38.8597}
		{Extent 6.52508 7.18962}
		{Axis 1 0}
	}
	{Rotate}
}
{Obstacle "Body2"
	{Obb2
		{Center 89.1945 20.3575}
		{Extent 7.37051 28.0856}
		{Axis 0.25946 0.965754}
	}
	{Rotate}
}
{Obstacle "Body1"
	{Obb2
		{Center -88.8675 21.9736}
		{Extent 28.1267 8.46861}
		{Axis 0.961301 0.275501}
	}
	{Rotate}
}
{Volume "Body"
	{Box 130.501 16.2964 67.9281}
	{Bone "wall"}
	{Matrix34
		1.0000	-0.0000	-0.0000
		0.0000	1.0000	0.0000
		-0.0000	-0.0000	1.0000
		1.0524	-27.3205	33.9641
	}
}
{Volume "body9"
	{Box 2.67268 4.2028 60.3699}
	{Bone "wall"}
	{Matrix34
		0.9911	-0.0035	0.1331
		0.0273	0.9837	-0.1778
		-0.1303	0.1799	0.9750
		-59.3704	23.8996	29.4309
	}
}
{Volume "body8"
	{Box 2.67268 4.2028 60.6638}
	{Bone "wall"}
	{Matrix34
		0.9992	0.0013	-0.0405
		-0.0079	0.9867	-0.1625
		0.0398	0.1626	0.9859
		-91.3837	36.0854	29.9037
	}
}
{Volume "Body7"
	{Box 19.4964 11.811 23.5371}
	{Bone "wall"}
	{Matrix34
		1.0000	-0.0000	-0.0000
		-0.0000	-1.0000	0.0000
		-0.0000	-0.0000	-1.0000
		0.7392	-26.3970	79.8649
	}
}
{Volume "Body10"
	{Box 86.8739 14.5276 23.5371}
	{Bone "wall"}
	{Matrix34
		0.9848	-0.1736	-0.0000
		0.1736	0.9848	-0.0000
		-0.0000	-0.0000	1.0000
		-71.8026	-20.9011	79.4788
	}
}
{Volume "Body6"
	{Box 52.1301 119.082 5.17816}
	{Bone "wall"}
	{Matrix34
		0.9617	-0.2742	-0.0000
		0.2742	0.9617	0.0000
		-0.0000	0.0000	1.0000
		-80.3279	13.6029	61.4058
	}
}
{Volume "Body5"
	{Box 86.8739 14.5276 23.5371}
	{Bone "wall"}
	{Matrix34
		0.9848	0.1736	-0.0000
		0.1736	-0.9848	0.0000
		0.0000	-0.0000	-1.0000
		72.8785	-20.9011	79.7449
	}
}
{Volume "Body4"
	{Box 13.0501 14.3792 60.8856}
	{Bone "wall"}
	{Matrix34
		1.0000	-0.0000	-0.0000
		0.0000	1.0000	0.0000
		-0.0000	-0.0000	1.0000
		-48.5175	-38.8597	30.4428
	}
}
{Volume "Body3"
	{Box 13.0501 14.3792 60.8856}
	{Bone "wall"}
	{Matrix34
		1.0000	-0.0000	-0.0000
		0.0000	1.0000	0.0000
		-0.0000	-0.0000	1.0000
		52.0104	-38.8597	30.4428
	}
}
{Volume "Body2"
	{Box 56.1156 14.5245 67.9281}
	{Bone "wall"}
	{Matrix34
		0.9647	0.2632	-0.0000
		-0.2632	0.9647	0.0000
		-0.0000	-0.0000	1.0000
		89.1945	-20.3575	33.9641
	}
}
{Volume "Body1"
	{Box 56.1156 16.4611 67.9281}
	{Bone "wall"}
	{Matrix34
		0.9636	-0.2673	-0.0000
		0.2673	0.9636	0.0000
		-0.0000	-0.0000	1.0000
		-88.8675	-21.9736	33.9641
	}
}
