{Skeleton
	{bone "mas1938"
		{Orientation
			1.0000	0.0000	0.0000
			0.0000	-1.0000	0.0000
			0.0000	0.0000	1.0000
		}
		{VolumeView "mas1938.ply"}
		{bone "Foresight3"
			{Matrix34
				0.9976	-0.0698	-0.0000
				0.0698	0.9976	0.0000
				-0.0000	-0.0000	1.0000
				12.2195	0.6668	0.0093
			}
		}
		{bone "handle"
			{Matrix34
				0.9976	-0.0698	0.0000
				0.0000	-0.0000	-1.0000
				0.0698	0.9976	-0.0000
				6.3669	1.3583	0.0317
			}
		}
	}
}
{Volume "select"
	{Box 22.9654 11.0459 4.99249}
	{Bone "mas1938"}
	{Matrix34
		0.9976	-0.0698	0.0000
		0.0698	0.9976	0.0000
		-0.0000	-0.0000	1.0000
		3.4326	-0.9925	0.3172
	}
}
{Volume "body"
	{Box 16.3055 6.53143 2.69594}
	{Bone "mas1938"}
	{Matrix34
		0.9976	-0.0698	0.0000
		0.0698	0.9976	0.0000
		-0.0000	-0.0000	1.0000
		3.1194	-0.9706	0.2033
	}
}
