{mission
	{Camera
		{Position 518.429 2824.66}
		{Distance 1039.73}
		{ViewAngle 0.406113}
		{YawAngle -7.32912}
	}
	{Environment "morning"}
	{User 2}
	{GameProgress 0 0}
	{Human "ger.hans" 0x8000
		{Position 798.5 2712.58 0}
		{Turn 171.916}
		{Extender "inventory"
			{box
				{clear}
				{item "ammo rifle" 30 {cell 4 0}}
				{item "grenade m39" {cell 5 0}}
				{item "grenade m39" {cell 6 0}}
			}
			{armor "head"
				{Item "helmet1_ger"}
			}
			{armor "body"
				{Item "rifle-ammo-holder"}
			}
		}
		{Player 2}
		{MID 1}
		
		{Weaponry
			{State
				{Mounted "mauzer"}
				{Weapon
					{Ammo "ammo rifle" 5}
				}
			}
		}
		{NameId 1 1}
		{FsmState "squat"}
	}
	{Human "ger.franz" 0x8001
		{Position 378.656 2887.54 6.3265}
		{Orientation
			  0.890685  -0.373687   0.258800
			  0.386880   0.922130   0.000000
			 -0.238647   0.100125   0.965900
		}
		{Extender "inventory"
			{box
				{clear}
				{item "ammo pistol" 96 {cell 3 0}}
				{item "grenade m24x5" {cell 5 0}}
				{item "grenade m24" {cell 3 1}}
				{item "mp40" filling "ammo pistol" 32 {cell 0 0}}
			}
			{armor "head"
				{Item "helmet1_ger"}
			}
			{armor "body"
				{Item "mp-ammo-holder"}
			}
		}
		{DisableObstacles}
		{Player 2}
		{MID 2}
		
		{NameId 2 2}
		{FsmState "board"}
	}
	{Human "ger.albert" 0x8002
		{Position 385.363 2898.67 6.3265}
		{Orientation
			  0.835726  -0.350629   0.422600
			  0.386880   0.922130   0.000000
			 -0.389692   0.163495   0.906300
		}
		{Extender "inventory"
			{box
				{clear}
				{item "grenade m39" {cell 0 0}}
				{item "grenade m39" {cell 1 0}}
				{item "grenade m24" {cell 0 1}}
				{item "ammo pistol" 96 {cell 5 0}}
				{item "mp38" filling "ammo pistol" 32 {cell 2 0}}
			}
			{armor "head"
				{Item "helmet1_ger"}
			}
			{armor "body"
				{Item "mp-ammo-holder"}
			}
		}
		{DisableObstacles}
		{Player 2}
		{MID 3}
		
		{NameId 3 3}
		{FsmState "board"}
	}
	{Human "ger.otto" 0x8003
		{Position 365.783 2893.21 6.9704}
		{Orientation
			  0.835726  -0.350629   0.422600
			  0.386880   0.922130   0.000000
			 -0.389692   0.163495   0.906300
		}
		{Extender "inventory"
			{box
				{clear}
				{item "grenade m24" {cell 6 0}}
				{item "grenade m24" {cell 6 1}}
				{item "knife_ger" {cell 6 2}}
				{item "ammo rifle" 30 {cell 4 0}}
				{item "mauzer" filling "ammo rifle" 5 {cell 0 0}}
			}
			{armor "head"
				{Item "helmet1_ger"}
			}
			{armor "body"
				{Item "rifle-ammo-holder2"}
			}
		}
		{DisableObstacles}
		{Player 2}
		{MID 4}
		
		{NameId 4 4}
		{FsmState "board"}
	}
	{Entity "kubel" 0x8004
		{Position 376.924 2895.5 0}
		{Turn -22.7605}
		{Extender "inventory"
			{box
				{clear}
				{item "morphine" 2 {cell 0 0}}
				{item "morphine" 2 {cell 0 2}}
				{item "ammo pistol" 32 {cell 2 0}}
				{item "ammo pistol" 32 {cell 2 2}}
			}
		}
		{Player 2}
		{MID 5}
		{Chassis
			{FuelBag
				{Remain 33}
			}
		}
	}
	{Human "ger.crewtank" 0x8005
		{Position 286.514 3059.37 1.95267}
		{Orientation
			  0.596534  -0.802285   0.022053
			 -0.799814  -0.596530  -0.066707
			 -0.066673  -0.022155   0.997529
		}
		{TexMod "2"}
		{Extender "inventory"
			{box
				{clear}
				{item "ammo pistol" 24 {cell 2 0}}
				{item "valter" filling "ammo pistol" 8 {cell 0 0}}
			}
			{armor "head"
				{Item "tank_cap2_ger"}
			}
		}
		{Player 2}
		{MID 6}
		
		{NameId 62 117}
		{LastItem "valter"}
		{FsmState "board"}
	}
	{Human "ger.friedrich2" 0x8006
		{Position 286.514 3059.37 1.95267}
		{Orientation
			  0.596534  -0.802285   0.022053
			 -0.799814  -0.596530  -0.066707
			 -0.066673  -0.022155   0.997529
		}
		{Extender "inventory"
			{box
				{clear}
				{item "ammo pistol" 24 {cell 2 0}}
				{item "valter" filling "ammo pistol" 8 {cell 0 0}}
			}
			{armor "head"
				{Item "tank_cap2_ger"}
			}
		}
		{Player 2}
		{MID 7}
		{NameId 5 5}
		{LastItem "mp41"}
		{FsmState "board"}
	}
	{Human "ger.crewtank" 0x8007
		{Position 286.514 3059.37 1.95267}
		{Orientation
			  0.596534  -0.802285   0.022053
			 -0.799814  -0.596530  -0.066707
			 -0.066673  -0.022155   0.997529
		}
		{TexMod "2"}
		{Extender "inventory"
			{box
				{clear}
				{item "ammo pistol" 24 {cell 2 0}}
				{item "valter" filling "ammo pistol" 8 {cell 0 0}}
			}
			{armor "head"
				{Item "tank_cap2_ger"}
			}
		}
		{Player 2}
		{MID 8}
		
		{NameId 25 113}
		{LastItem "valter"}
		{FsmState "board"}
	}
	{Human "ger.crewtank" 0x8008
		{Position 286.514 3059.37 1.95267}
		{Orientation
			  0.596534  -0.802285   0.022053
			 -0.799814  -0.596530  -0.066707
			 -0.066673  -0.022155   0.997529
		}
		{Extender "inventory"
			{box
				{clear}
				{item "ammo pistol" 32 {cell 2 0}}
				{item "luger" filling "ammo pistol" 8 {cell 0 0}}
				{item "grenade m39" {cell 6 0}}
				{item "grenade smoke" {cell 7 0}}
			}
			{armor "head"
				{Item "tank_cap2_ger"}
			}
		}
		{Player 2}
		{MID 9}
		{NameId 39 118}
		{LastItem "luger"}
		{FsmState "board"}
	}
	{Entity "pz-4f2" 0x8009
		{Position 286.514 3059.37 1.95267}
		{Turn -53.3676}
		{Extender "inventory"
			{box
				{clear}
				{item "bullet75 ap" 24 {cell 0 0}}
				{item "bullet75 fg" 4 {cell 0 1}}
				{item "ammo mgun" 600 {cell 0 2}}
				{item "can" filling "fuel" 9 {cell 0 4}}
			}
		}
		{Player 2}
		{MID 10}
		{Chassis
			{FuelBag
				{Remain 144.6}
			}
		}
	}
	{Human "x.r.sniper" 0x800a
		{Position 5104.59 2967.66 202.559}
		{Turn 162.997}
		{Extender "inventory"
			{box
				{clear}
				{item "ammo rifle" 40 {cell 4 0}}
				{item "nagan" filling "ammo pistol" 7 {cell 5 0}}
				{item "ammo pistol" 28 {cell 4 1}}
				{item "grenade smoke" {cell 7 0}}
				{item "plant" {cell 6 1}}
				{item "knife" {cell 0 2}}
				{item "bandage" 5 {cell 2 2}}
			}
		}
		{DisableObstacles}
		{Player 1}
		{MID 11}
		{Weaponry
			{State
				{Mounted "mosin_m91-30"}
				{Weapon
					{Ammo "ammo rifle" 5}
				}
			}
		}
		{NameId 32 27}
		{LastItem "mosin_m91-30"}
		{Cover
			{sector 5104.59 2967.66 {type "squat_lie"}
				{wall 0 0 5094.97 2960.14 5100.82 2979.27}
			}
		}
		{FsmState "squat"}
	}
	{Human "rus.infantry_mgun" 0x800b
		{Position 5067.6 3383.75 0}
		{Turn -164.746}
		{Extender "inventory"
			{box
				{clear}
				{item "ammo mgun" 100 {cell 0 0}}
				{item "ammo mgun" 100 {cell 2 0}}
				{item "grenade f1" {cell 4 0}}
				{item "grenade f1" {cell 5 0}}
				{item "weapon dp" filling "ammo mgun" 47 {cell 0 1}}
			}
		}
		{Player 1}
		{MID 12}
		{NameId 87 22}
		{Cover
			{sector 5067.6 3383.75 {type "squat_lie"}
				{wall 0 0 5071.43 3343.07 5030.24 3494.11}
			}
		}
		{FsmState "squat"}
	}
	{Human "rus.infantry_smg" 0x800c
		{Position 4312.16 3453.89 0}
		{Turn 1.70235}
		{Player 1}
		{MID 13}
		{NameId 6 40}
		{FsmState "stand"}
	}
	{Human "rus.infantry_smg" 0x800d
		{Position 4271.53 3435.07 0}
		{Turn -48.8141}
		{Player 1}
		{MID 14}
		{NameId 43 27}
		{FsmState "stand"}
	}
	{Human "rus.infantry_rifle" 0x800e
		{Position 4289.22 3408.72 0}
		{Turn -48.8141}
		{Player 1}
		{MID 15}
		{NameId 51 91}
		{FsmState "stand"}
	}
	{Human "rus.infantry_rifle" 0x800f
		{Position 2763.69 2988.99 67}
		{Turn -48.8141}
		{Extender "inventory"
			{box
				{clear}
				{item "ammo rifle" 12 {cell 4 0}}
				{item "grenade f1" {cell 5 0}}
				{item "grenade f1" {cell 6 0}}
				{item "mosin" filling "ammo rifle" 5 {cell 0 0}}
			}
		}
		{Player 1}
		{MID 16}
		{NameId 11 23}
		{FsmState "stand"}
	}
	{Human "rus.infantry_smg" 0x8010
		{Position 2728.88 2985.26 66}
		{Turn -48.8141}
		{Extender "inventory"
			{box
				{clear}
				{item "ammo pistol" 100 {cell 4 0}}
				{item "ammo pistol" 42 {cell 6 0}}
				{item "grenade f1" {cell 4 1}}
				{item "ppsh" filling "ammo pistol" 71 {cell 0 0}}
			}
		}
		{Player 1}
		{MID 17}
		{NameId 52 49}
		{FsmState "stand"}
	}
	{Human "rus.infantry_rifle" 0x8011
		{Position 2773.14 3047.11 66}
		{Turn -48.8141}
		{Extender "inventory"
			{box
				{clear}
				{item "ammo rifle" 15 {cell 4 0}}
				{item "grenade f1" {cell 5 0}}
				{item "grenade f1" {cell 6 0}}
				{item "mosin" filling "ammo rifle" 5 {cell 0 0}}
			}
		}
		{Player 1}
		{MID 18}
		{NameId 68 41}
		{FsmState "stand"}
	}
	{Human "rus.infantry_mgun" 0x8012
		{Position 2965.86 3203.11 67}
		{Turn -90}
		{Extender "inventory"
			{box
				{clear}
				{item "ammo mgun" 100 {cell 0 0}}
				{item "ammo mgun" 100 {cell 2 0}}
				{item "grenade f1" {cell 4 0}}
				{item "grenade f1" {cell 5 0}}
				{item "weapon dp" filling "ammo mgun" 47 {cell 0 1}}
			}
		}
		{DisableObstacles}
		{Player 1}
		{MID 19}
		{NameId 32 12}
		{Cover
			{sector 2965.86 3203.11 {type "look_left"}
				{wall 0 0 2953.11 3210.11 2993.85 3210.11}
			}
		}
		{FsmState "stand"}
	}
	{Entity "bt-7" 0x8013
		{Position 4673.76 3169.63 0}
		{Player 1}
		{MID 20}
		{Weaponry
			{State "mgun"
				{Mounted "weapon dt"}
			}
		}
	}
	{Human "rus.tankman" 0x8014
		{Position 4673.76 3169.63 0}
		{Orientation
			  1.000000   0.000000   0.000000
			  0.000000  -1.000000   0.000000
			  0.000000   0.000000   1.000000
		}
		{Extender "inventory"
			{box
				{clear}
				{item "ammo pistol" 70 {cell 0 0}}
				{item "grenade rpg43" {cell 6 0}}
				{item "ppsh35" filling "ammo pistol" 35 {cell 2 0}}
			}
		}
		{Player 1}
		{MID 21}
		{NameId 43 13}
		{LastItem "ppsh35"}
		{FsmState "board"}
	}
	{Human "x.r.prof_mgun" 0x8015
		{Position 5098.85 2460.86 0}
		{Turn -161.859}
		{Extender "inventory"
			{box
				{clear}
				{item "ammo mgun" 100 {cell 5 0}}
				{item "ammo mgun" 100 {cell 5 1}}
				{item "grenade f1" {cell 7 0}}
				{item "grenade f1" {cell 7 1}}
				{item "grenade smoke" {cell 0 2}}
				{item "knife" {cell 1 2}}
				{item "plant" {cell 3 2}}
				{item "bandage" 5 {cell 5 2}}
				{item "bandage" 5 {cell 0 3}}
			}
		}
		{Player 1}
		{MID 22}
		{Weaponry
			{State
				{Mounted "rpd"}
				{Weapon
					{Ammo "ammo mgun" 100}
				}
			}
		}
		{NameId 38 71}
		{LastItem "tt"}
		{FsmState "lie"}
	}
	{Entity "kv-1" 0x8016
		{Position 6902.14 5020.33 0}
		{Turn -128.157}
		{Extender "inventory"
			{box
				{clear}
				{item "ammo mgun" 600 {cell 0 0}}
				{item "bullet76 ap" 70 {cell 0 1}}
				{item "bullet76 fg" 64 {cell 0 2}}
				{item "repair_kit" {cell 0 3}}
			}
		}
		{Player 1}
		{MID 23}
		
		{Weaponry
			{State "mgun"
				{Mounted "weapon dt"}
			}
		}
	}
	{Entity "t-34-85" 0x8017
		{Position 6695.93 5068.7 0}
		{Turn -130.601}
		{Player 1}
		{MID 24}
		
		{Weaponry
			{State "mgun"
				{Mounted "weapon dt"}
			}
		}
	}
	{Entity "gaz-67b" 0x8018
		{Position 1971.77 6375.31 74.4397}
		{Turn -60.1791}
		{Player 3}
		{MID 25}
	}
	{Entity "zis-5" 0x8019
		{Position 1909.2 6497.16 75}
		{Turn -72.8973}
		{Extender "inventory"
			{box
				{clear}
				{item "ammo katusha" 8 {cell 0 0}}
				{item "ammo katusha" 8 {cell 0 1}}
				{item "ammo katusha" 8 {cell 0 2}}
			}
		}
		{Player 3}
		{MID 26}
	}
	{Human "rus.oficer" 0x801a
		{Position 5121.31 3483.96 0}
		{Turn 19.8963}
		{Extender "inventory"
			{box
				{clear}
				{item "ammo pistol" 18 {cell 0 0}}
				{item "grenade f1" {cell 4 0}}
				{item "tt" filling "ammo pistol" 8 {cell 2 0}}
			}
		}
		{Player 1}
		{MID 27}
		{NameId 62 83}
		{FsmState "stand"}
	}
	{Human "rus.tankman" 0x801b
		{Position 6902.14 5020.33 0}
		{Orientation
			 -0.617819  -0.786321   0.000000
			 -0.786321   0.617819   0.000000
			  0.000000   0.000000   1.000000
		}
		{Extender "inventory"
			{box
				{clear}
				{item "ammo pistol" 18 {cell 0 0}}
				{item "grenade rpg40" {cell 4 0}}
				{item "tt" filling "ammo pistol" 8 {cell 2 0}}
			}
		}
		{Player 1}
		{MID 28}
		{NameId 62 53}
		{LastItem "tt"}
		{FsmState "board"}
	}
	{Human "rus.tank_com" 0x801c
		{Position 6902.14 5020.33 0}
		{Orientation
			 -0.617819  -0.786321   0.000000
			 -0.786321   0.617819   0.000000
			  0.000000   0.000000   1.000000
		}
		{Extender "inventory"
			{box
				{clear}
				{item "ammo pistol" 24 {cell 0 0}}
				{item "grenade f1" {cell 4 0}}
				{item "tt" filling "ammo pistol" 8 {cell 2 0}}
			}
		}
		{Player 1}
		{MID 29}
		{NameId 42 20}
		{LastItem "tt"}
		{FsmState "board"}
	}
	{Human "rus.tankman" 0x801d
		{Position 6902.14 5020.33 0}
		{Orientation
			 -0.617819  -0.786321   0.000000
			 -0.786321   0.617819   0.000000
			  0.000000   0.000000   1.000000
		}
		{Extender "inventory"
			{box
				{clear}
				{item "ammo pistol" 18 {cell 0 0}}
				{item "tt" filling "ammo pistol" 8 {cell 2 0}}
			}
		}
		{Player 1}
		{MID 30}
		{NameId 11 41}
		{LastItem "tt"}
		{FsmState "board"}
	}
	{Human "rus.tankman" 0x801e
		{Position 6902.14 5020.33 0}
		{Orientation
			 -0.617819  -0.786321   0.000000
			 -0.786321   0.617819   0.000000
			  0.000000   0.000000   1.000000
		}
		{Extender "inventory"
			{box
				{clear}
				{item "ammo pistol" 18 {cell 0 0}}
				{item "grenade rpg40" {cell 4 0}}
				{item "tt" filling "ammo pistol" 8 {cell 2 0}}
			}
		}
		{Player 1}
		{MID 31}
		{NameId 79 1}
		{LastItem "tt"}
		{FsmState "board"}
	}
	{Human "rus.tankman" 0x801f
		{Position 6695.93 5068.7 0}
		{Orientation
			 -0.650788  -0.759260   0.000000
			 -0.759260   0.650788   0.000000
			  0.000000   0.000000   1.000000
		}
		{Extender "inventory"
			{box
				{clear}
				{item "ammo pistol" 18 {cell 0 0}}
				{item "tt" filling "ammo pistol" 8 {cell 2 0}}
			}
		}
		{Player 1}
		{MID 32}
		{NameId 92 29}
		{LastItem "tt"}
		{FsmState "board"}
	}
	{Human "rus.tank_com" 0x8020
		{Position 6695.93 5068.7 0}
		{Orientation
			 -0.650788  -0.759260   0.000000
			 -0.759260   0.650788   0.000000
			  0.000000   0.000000   1.000000
		}
		{Extender "inventory"
			{box
				{clear}
				{item "ammo pistol" 24 {cell 0 0}}
				{item "grenade f1" {cell 4 0}}
				{item "tt" filling "ammo pistol" 8 {cell 2 0}}
			}
		}
		{Player 1}
		{MID 33}
		{NameId 85 81}
		{LastItem "tt"}
		{FsmState "board"}
	}
	{Human "rus.tankman" 0x8021
		{Position 6695.93 5068.7 0}
		{Orientation
			 -0.650788  -0.759260   0.000000
			 -0.759260   0.650788   0.000000
			  0.000000   0.000000   1.000000
		}
		{Extender "inventory"
			{box
				{clear}
				{item "ammo pistol" 18 {cell 0 0}}
				{item "tt" filling "ammo pistol" 8 {cell 2 0}}
			}
		}
		{Player 1}
		{MID 34}
		{NameId 40 78}
		{LastItem "tt"}
		{FsmState "board"}
	}
	{Human "rus.tankman" 0x8022
		{Position 6695.93 5068.7 0}
		{Orientation
			 -0.650788  -0.759260   0.000000
			 -0.759260   0.650788   0.000000
			  0.000000   0.000000   1.000000
		}
		{Extender "inventory"
			{box
				{clear}
				{item "ammo pistol" 18 {cell 0 0}}
				{item "grenade rpg40" {cell 4 0}}
				{item "tt" filling "ammo pistol" 8 {cell 2 0}}
			}
		}
		{Player 1}
		{MID 35}
		{NameId 70 99}
		{LastItem "tt"}
		{FsmState "board"}
	}
	{Human "rus.infantry_rifle" 0x8023
		{Position 2390.11 3235.46 51.0106}
		{Turn -118.301}
		{Extender "inventory"
			{box
				{clear}
				{item "ammo rifle" 15 {cell 4 0}}
				{item "grenade f1" {cell 5 0}}
				{item "grenade f1" {cell 6 0}}
				{item "mosin" filling "ammo rifle" 5 {cell 0 0}}
			}
		}
		{Player 1}
		{MID 36}
		{NameId 81 16}
		{FsmState "stand"}
	}
	{Human "rus.infantry_smg" 0x8024
		{Position 1974.23 6384 83.8616}
		{Orientation
			 -0.186733  -0.970124   0.154643
			  0.972645  -0.160403   0.168280
			 -0.138369   0.181832   0.973486
		}
		{Extender "inventory"
			{box
				{clear}
				{item "ammo pistol" 71 {cell 4 0}}
				{item "ammo pistol" 71 {cell 6 0}}
				{item "grenade f1" {cell 4 1}}
				{item "ppsh" filling "ammo pistol" 71 {cell 0 0}}
			}
		}
		{DisableObstacles}
		{Player 3}
		{MID 37}
		{NameId 67 26}
		{LastItem "ppsh"}
		{FsmState "board"}
	}
	{Human "rus.infantry_smg" 0x8025
		{Position 1917.02 6493.4 89.9179}
		{Orientation
			  0.289223  -0.939976   0.180607
			  0.955779   0.294085   0.000000
			 -0.053114   0.172620   0.983465
		}
		{Extender "inventory"
			{box
				{clear}
				{item "ammo pistol" 71 {cell 4 0}}
				{item "ammo pistol" 71 {cell 6 0}}
				{item "grenade f1" {cell 4 1}}
				{item "ppsh" filling "ammo pistol" 71 {cell 0 0}}
			}
		}
		{DisableObstacles}
		{Player 3}
		{MID 38}
		{NameId 57 66}
		{LastItem "ppsh"}
		{FsmState "board"}
	}
	{Human "rus.infantry_rifle" 0x8026
		{Position 1963.87 6375.49 84.046}
		{Orientation
			  0.870997   0.490926  -0.015987
			 -0.479178   0.841977  -0.247847
			 -0.108233   0.223490   0.968660
		}
		{Extender "inventory"
			{box
				{clear}
				{item "ammo rifle" 15 {cell 4 0}}
				{item "grenade f1" {cell 5 0}}
				{item "grenade f1" {cell 6 0}}
				{item "mosin" filling "ammo rifle" 5 {cell 0 0}}
			}
		}
		{DisableObstacles}
		{Player 3}
		{MID 39}
		{NameId 49 49}
		{LastItem "mosin"}
		{FsmState "board"}
	}
	{Human "rus.infantry_rifle" 0x8027
		{Position 1906.17 6489.8 90.0964}
		{Turn -72.8973}
		{Extender "inventory"
			{box
				{clear}
				{item "ammo rifle" 15 {cell 4 0}}
				{item "grenade f1" {cell 5 0}}
				{item "grenade f1" {cell 6 0}}
				{item "mosin" filling "ammo rifle" 5 {cell 0 0}}
			}
		}
		{DisableObstacles}
		{Player 3}
		{MID 40}
		{NameId 70 74}
		{LastItem "mosin"}
		{FsmState "board"}
	}
	{Human "rus.infantry_mgun" 0x8028
		{Position 2142.98 3422.33 4.93069}
		{Turn -175.238}
		{Extender "inventory"
			{box
				{clear}
				{item "ammo mgun" 100 {cell 0 0}}
				{item "ammo mgun" 100 {cell 2 0}}
				{item "grenade f1" {cell 4 0}}
				{item "grenade f1" {cell 5 0}}
				{item "weapon dp" filling "ammo mgun" 47 {cell 0 1}}
			}
		}
		{Player 1}
		{MID 41}
		{NameId 92 16}
		{Cover
			{sector 2142.98 3422.33 {type "squat_lie"}
				{wall 0 0 2140.16 3371.82 2131.98 3470.02}
			}
		}
		{FsmState "squat"}
	}
	{Human "rus.specnaz" 0x8029
		{Position 2660.72 2759.19 66}
		{Turn -143.973}
		{Extender "inventory"
			{box
				{clear}
				{item "ammo pistol" 71 {cell 4 0}}
				{item "ammo pistol" 71 {cell 6 0}}
				{item "grenade f1" {cell 4 1}}
				{item "grenade rpg40" {cell 5 1}}
			}
		}
		{Player 1}
		{MID 42}
		{Weaponry
			{State
				{Mounted "ppsh"}
				{Weapon
					{Ammo "ammo pistol" 71}
				}
			}
		}
		{NameId 51 89}
		{FsmState "stand"}
	}
	{Human "rus.infantry_rifle" 0x802a
		{Position 3243.05 3499.17 67}
		{Turn -143.973}
		{Extender "inventory"
			{box
				{clear}
				{item "ammo rifle" 15 {cell 4 0}}
				{item "grenade f1" {cell 5 0}}
				{item "grenade f1" {cell 6 0}}
				{item "mosin" filling "ammo rifle" 5 {cell 0 0}}
			}
		}
		{Player 1}
		{MID 43}
		{NameId 3 94}
		{FsmState "stand"}
	}
	{Human "rus.infantry_smg" 0x802b
		{Position 3280.83 3491.93 67}
		{Turn -143.973}
		{Extender "inventory"
			{box
				{clear}
				{item "ammo pistol" 71 {cell 4 0}}
				{item "grenade f1" {cell 4 1}}
				{item "ppsh" filling "ammo pistol" 71 {cell 0 0}}
			}
		}
		{Player 1}
		{MID 44}
		{NameId 47 98}
		{FsmState "stand"}
	}
	{Human "rus.infantry_rifle" 0x802c
		{Position 3252.59 3531.45 67}
		{Turn -143.973}
		{Extender "inventory"
			{box
				{clear}
				{item "ptrd" filling "ammo ptr" {cell 0 0}}
				{item "ammo ptr" 5 {cell 0 3}}
			}
		}
		{Player 1}
		{MID 45}
		{NameId 57 7}
		{FsmState "stand"}
	}
	{Human "x.r.marksman" 0x802d
		{Position 2772.93 4299.67 0}
		{Turn -143.973}
		{Extender "inventory"
			{box
				{clear}
				{item "ammo rifle" 30 {cell 4 0}}
				{item "grenade smoke" {cell 5 0}}
				{item "grenade f1" {cell 6 0}}
				{item "knife" {cell 4 1}}
				{item "bandage" 5 {cell 6 1}}
				{item "svt" filling "ammo rifle" 10 {cell 0 0}}
			}
		}
		{Player 1}
		{MID 46}
		{NameId 48 75}
		{FsmState "stand"}
	}
	{Human "rus.specnaz" 0x802e
		{Position 3321.64 2695.53 63.4471}
		{Turn -77.4712}
		{Extender "inventory"
			{box
				{clear}
				{item "ammo pistol" 71 {cell 4 0}}
				{item "ammo pistol" 71 {cell 6 0}}
				{item "grenade f1" {cell 4 1}}
				{item "grenade rpg40" {cell 5 1}}
			}
		}
		{Player 1}
		{MID 47}
		{Weaponry
			{State
				{Mounted "ppsh"}
				{Weapon
					{Ammo "ammo pistol" 71}
				}
			}
		}
		{NameId 16 1}
		{FsmState "stand"}
	}
	{Human "rus.infantry_rifle" 0x802f
		{Position 3884.88 3208.46 54.5124}
		{Turn 168.037}
		{Extender "inventory"
			{box
				{clear}
				{item "ptrs" filling "ammo ptr" 5 {cell 0 0}}
				{item "ammo ptr" 5 {cell 0 2}}
				{item "ammo pistol" 24 {cell 2 2}}
				{item "tt" filling "ammo pistol" 8 {cell 4 2}}
			}
		}
		{Player 1}
		{MID 48}
		{NameId 48 89}
		{FsmState "stand"}
	}
	{Entity "t-34-85" 0x8030
		{Position 2976.77 -995.014 93.6085}
		{Orientation
			 -0.943865   0.236766  -0.230350
			 -0.302851  -0.898697   0.317214
			 -0.131910   0.369169   0.919954
		}
		{Player 1}
		{MID 49}
		
		{Weaponry
			{State "mgun"
				{Mounted "weapon dt"}
			}
		}
	}
	{Human "rus.tankman" 0x8031
		{Position 2976.77 -995.014 93.6085}
		{Orientation
			 -0.943865   0.236766  -0.230350
			  0.302851   0.898697  -0.317214
			 -0.131910   0.369169   0.919954
		}
		{Extender "inventory"
			{box
				{clear}
				{item "ammo pistol" 18 {cell 0 0}}
				{item "grenade rpg40" {cell 4 0}}
				{item "tt" filling "ammo pistol" 8 {cell 2 0}}
			}
		}
		{Player 1}
		{MID 50}
		{NameId 74 96}
		{LastItem "tt"}
		{FsmState "board"}
	}
	{Human "rus.tank_com" 0x8032
		{Position 2976.77 -995.014 93.6085}
		{Orientation
			 -0.943865   0.236766  -0.230350
			  0.302851   0.898697  -0.317214
			 -0.131910   0.369169   0.919954
		}
		{Extender "inventory"
			{box
				{clear}
				{item "ammo pistol" 24 {cell 0 0}}
				{item "grenade f1" {cell 4 0}}
				{item "tt" filling "ammo pistol" 8 {cell 2 0}}
			}
		}
		{Player 1}
		{MID 51}
		{NameId 4 57}
		{LastItem "tt"}
		{FsmState "board"}
	}
	{Human "rus.tankman" 0x8033
		{Position 2976.77 -995.014 93.6085}
		{Orientation
			 -0.943865   0.236766  -0.230350
			  0.302851   0.898697  -0.317214
			 -0.131910   0.369169   0.919954
		}
		{Extender "inventory"
			{box
				{clear}
				{item "ammo pistol" 35 {cell 0 0}}
				{item "pps" filling "ammo pistol" 35 {cell 2 0}}
			}
		}
		{Player 1}
		{MID 52}
		{NameId 39 70}
		{LastItem "pps"}
		{FsmState "board"}
	}
	{Human "rus.tankman" 0x8034
		{Position 2976.77 -995.014 93.6085}
		{Orientation
			 -0.943865   0.236766  -0.230350
			  0.302851   0.898697  -0.317214
			 -0.131910   0.369169   0.919954
		}
		{Extender "inventory"
			{box
				{clear}
				{item "ammo pistol" 18 {cell 0 0}}
				{item "tt" filling "ammo pistol" 8 {cell 2 0}}
			}
		}
		{Player 1}
		{MID 53}
		{NameId 60 7}
		{LastItem "tt"}
		{FsmState "board"}
	}
	{Entity "t-34-76-41" 0x8035
		{Position 4175.68 4416.49 0}
		{Turn -77.0054}
		{Player 1}
		{MID 54}
		
		{Weaponry
			{State "mgun"
				{Mounted "weapon dt"}
			}
		}
	}
	{Human "rus.tankman" 0x8036
		{Position 4175.68 4416.49 0}
		{Orientation
			  0.224859  -0.974391   0.000000
			 -0.974391  -0.224859   0.000000
			  0.000000   0.000000   1.000000
		}
		{Extender "inventory"
			{box
				{clear}
				{item "ammo pistol" 18 {cell 0 0}}
				{item "grenade rpg40" {cell 4 0}}
				{item "tt" filling "ammo pistol" 8 {cell 2 0}}
			}
		}
		{Player 1}
		{MID 55}
		{NameId 24 37}
		{LastItem "tt"}
		{FsmState "board"}
	}
	{Human "rus.tankman" 0x8037
		{Position 4175.68 4416.49 0}
		{Orientation
			  0.224859  -0.974391   0.000000
			 -0.974391  -0.224859   0.000000
			  0.000000   0.000000   1.000000
		}
		{Extender "inventory"
			{box
				{clear}
				{item "ammo pistol" 35 {cell 0 0}}
				{item "pps" filling "ammo pistol" 35 {cell 2 0}}
			}
		}
		{Player 1}
		{MID 56}
		{NameId 61 12}
		{LastItem "pps"}
		{FsmState "board"}
	}
	{Human "rus.tankman" 0x8038
		{Position 4175.68 4416.49 0}
		{Orientation
			  0.224859  -0.974391   0.000000
			 -0.974391  -0.224859   0.000000
			  0.000000   0.000000   1.000000
		}
		{Extender "inventory"
			{box
				{clear}
				{item "ammo pistol" 18 {cell 0 0}}
				{item "grenade rpg40" {cell 4 0}}
				{item "tt" filling "ammo pistol" 8 {cell 2 0}}
			}
		}
		{Player 1}
		{MID 57}
		{NameId 32 13}
		{LastItem "tt"}
		{FsmState "board"}
	}
	{Entity "t-26" 0x8039
		{Position 4285.92 2253.09 0}
		{Turn -77.0054}
		{Player 1}
		{MID 58}
		{Weaponry
			{State "mgun"
				{Mounted "weapon dt"}
			}
		}
	}
	{Human "x.r.prof_rifle" 0x803a
		{Position 5062.16 2200.62 0}
		{Turn 180}
		{Extender "inventory"
			{box
				{clear}
				{item "ammo rifle" 40 {cell 4 0}}
				{item "grenade rgd33" {cell 5 0}}
				{item "grenade f1" {cell 7 0}}
				{item "bandage" 3 {cell 4 1}}
			}
		}
		{Player 1}
		{MID 59}
		{Weaponry
			{State
				{Mounted "mosin"}
				{Weapon
					{Ammo "ammo rifle" 5}
				}
			}
		}
		{NameId 32 23}
		{LastItem "tt"}
		{Cover
			{sector 5062.16 2200.62 {type "snipe_cover"}
				{wall 0 0 5055.16 2187.87 5055.16 2286.25}
			}
		}
		{FsmState "snipe"}
	}
	{Human "rus.tankman" 0x803b
		{Position 4285.92 2253.09 0}
		{Orientation
			  0.224859  -0.974391   0.000000
			 -0.974391  -0.224859   0.000000
			  0.000000   0.000000   1.000000
		}
		{Extender "inventory"
			{box
				{clear}
				{item "ammo pistol" 18 {cell 0 0}}
				{item "grenade rgd33" {cell 4 0}}
				{item "tt" filling "ammo pistol" 8 {cell 2 0}}
			}
		}
		{Player 1}
		{MID 60}
		{NameId 24 98}
		{LastItem "tt"}
		{FsmState "board"}
	}
	{Human "rus.tankman" 0x803c
		{Position 4285.92 2253.09 0}
		{Orientation
			  0.224859  -0.974391   0.000000
			 -0.974391  -0.224859   0.000000
			  0.000000   0.000000   1.000000
		}
		{Extender "inventory"
			{box
				{clear}
				{item "ammo pistol" 18 {cell 0 0}}
				{item "grenade rpg40" {cell 4 0}}
				{item "tt" filling "ammo pistol" 8 {cell 2 0}}
			}
		}
		{Player 1}
		{MID 61}
		{NameId 72 80}
		{LastItem "tt"}
		{FsmState "board"}
	}
	{Human "rus.specnaz" 0x803d
		{Position 2945.43 3221.34 67}
		{Turn -180}
		{Extender "inventory"
			{box
				{clear}
				{item "ammo ptr" 5 {cell 0 2}}
				{item "ammo ptr" 5 {cell 2 2}}
				{item "ammo ptr" 5 {cell 4 2}}
				{item "ammo ptr" 5 {cell 6 2}}
				{item "grenade rpg40" {cell 0 3}}
				{item "grenade molotov_coctail" {cell 2 3}}
				{item "grenade molotov_coctail" {cell 4 3}}
				{item "ptrs" filling "ammo ptr" 5 {cell 0 0}}
			}
		}
		{DisableObstacles}
		{Player 1}
		{MID 62}
		{NameId 38 61}
		{Cover
			{sector 2945.43 3221.34 {type "look_right"}
				{wall 0 0 2952.43 3253.44 2952.43 3211.66}
			}
		}
		{FsmState "stand"}
	}
	{Human "rus.tankman" 0x803e
		{Position 4285.92 2253.09 0}
		{Orientation
			  0.224859  -0.974391   0.000000
			 -0.974391  -0.224859   0.000000
			  0.000000   0.000000   1.000000
		}
		{Extender "inventory"
			{box
				{clear}
				{item "ammo pistol" 18 {cell 0 0}}
				{item "grenade rgd33" {cell 4 0}}
				{item "tt" filling "ammo pistol" 8 {cell 2 0}}
			}
		}
		{Player 1}
		{MID 63}
		{NameId 46 5}
		{LastItem "tt"}
		{FsmState "board"}
	}
	{Human "rus.tankman" 0x803f
		{Position 4673.76 3169.63 0}
		{Orientation
			  1.000000   0.000000   0.000000
			  0.000000  -1.000000   0.000000
			  0.000000   0.000000   1.000000
		}
		{Extender "inventory"
			{box
				{clear}
				{item "ammo pistol" 18 {cell 0 0}}
				{item "grenade f1" {cell 2 0}}
				{item "tt" filling "ammo pistol" 8 {cell 3 0}}
			}
		}
		{Player 1}
		{MID 64}
		{NameId 71 31}
		{LastItem "tt"}
		{LastThrowItem "grenade f1"}
		{FsmState "board"}
	}
	{Human "rus.tankman" 0x8040
		{Position 4673.76 3169.63 0}
		{Orientation
			  1.000000   0.000000   0.000000
			  0.000000  -1.000000   0.000000
			  0.000000   0.000000   1.000000
		}
		{Extender "inventory"
			{box
				{clear}
				{item "ammo pistol" 35 {cell 0 0}}
				{item "pps" filling "ammo pistol" 35 {cell 3 0}}
			}
		}
		{Player 1}
		{MID 65}
		{NameId 39 32}
		{LastItem "pps"}
		{FsmState "board"}
	}
	{Human "rus.tankman" 0x8041
		{Position 4175.68 4416.49 0}
		{Orientation
			  0.224859  -0.974391   0.000000
			 -0.974391  -0.224859   0.000000
			  0.000000   0.000000   1.000000
		}
		{Extender "inventory"
			{box
				{clear}
				{item "ammo pistol" 18 {cell 0 0}}
				{item "grenade rpg40" {cell 4 0}}
				{item "tt" filling "ammo pistol" 8 {cell 2 0}}
			}
		}
		{Player 1}
		{MID 66}
		{NameId 4 67}
		{LastItem "tt"}
		{FsmState "board"}
	}
	{Human "x.r.prof_smg" 0x8042
		{Position 4146.43 4450.94 26.969}
		{Orientation
			 -0.988932   0.122774   0.083200
			 -0.121357  -0.992402   0.022400
			  0.085267   0.012082   0.996300
		}
		{Extender "inventory"
			{box
				{clear}
				{item "ammo pistol" 70 {cell 3 0}}
				{item "ammo pistol" 70 {cell 5 0}}
				{item "grenade f1" {cell 7 0}}
				{item "grenade f1" {cell 5 1}}
				{item "grenade rpg40" {cell 6 1}}
				{item "grenade smoke" {cell 0 2}}
				{item "bandage" 5 {cell 1 2}}
				{item "pps" filling "ammo pistol" 35 {cell 0 0}}
			}
		}
		{DisableObstacles}
		{Player 1}
		{MID 67}
		{NameId 24 55}
		{LastItem "pps"}
		{FsmState "board"}
	}
	{Human "x.r.prof_rifle" 0x8043
		{Position 4147.72 4431.7 27.4819}
		{Orientation
			 -0.825070  -0.540157   0.165800
			  0.539565  -0.840293  -0.052100
			  0.167445   0.046441   0.984800
		}
		{Extender "inventory"
			{box
				{clear}
				{item "ammo rifle" 40 {cell 4 0}}
				{item "grenade rgd33" {cell 5 0}}
				{item "grenade f1" {cell 7 0}}
				{item "bandage" 3 {cell 4 1}}
				{item "mosin" filling "ammo rifle" 5 {cell 0 0}}
			}
		}
		{DisableObstacles}
		{Player 1}
		{MID 68}
		{NameId 43 16}
		{LastItem "mosin"}
		{FsmState "board"}
	}
	{Entity "t-60" 0x8044
		{Position 3192.42 1820.75 3}
		{Turn 155.225}
		{Player 1}
		{MID 69}
		
		{Weaponry
			{State "mgun"
				{Mounted "weapon dt"}
			}
		}
	}
	{Entity "t-60" 0x8045
		{Position 3001.65 -451.713 1.63056}
		{Turn 155.108}
		{Player 1}
		{MID 70}
		
		{Weaponry
			{State "mgun"
				{Mounted "weapon dt"}
			}
		}
	}
	{Human "rus.tankman" 0x8046
		{Position 3192.42 1820.75 3}
		{Orientation
			 -0.907961   0.419056   0.000000
			  0.419056   0.907961   0.000000
			  0.000000  -0.000000   1.000000
		}
		{Extender "inventory"
			{box
				{clear}
				{item "grenade rpg43" {cell 6 0}}
				{item "ammo pistol" 71 {cell 4 0}}
				{item "ppsh" filling "ammo pistol" 71 {cell 0 0}}
			}
		}
		{Player 1}
		{MID 71}
		{NameId 38 62}
		{LastItem "ppsh"}
		{FsmState "board"}
	}
	{Human "rus.tankman" 0x8047
		{Position 3192.42 1820.75 3}
		{Orientation
			 -0.907961   0.419056   0.000000
			  0.419056   0.907961   0.000000
			  0.000000  -0.000000   1.000000
		}
		{Extender "inventory"
			{box
				{clear}
				{item "ammo pistol" 18 {cell 0 0}}
				{item "grenade rpg40" {cell 4 0}}
				{item "tt" filling "ammo pistol" 8 {cell 2 0}}
			}
		}
		{Player 1}
		{MID 72}
		{NameId 32 14}
		{LastItem "tt"}
		{FsmState "board"}
	}
	{Human "rus.tankman" 0x8048
		{Position 3001.65 -451.713 1.63056}
		{Orientation
			 -0.907099   0.420907  -0.002967
			  0.419484   0.904569   0.076086
			 -0.034709  -0.067773   0.997097
		}
		{Extender "inventory"
			{box
				{clear}
				{item "grenade rgd33" {cell 6 0}}
				{item "ammo pistol" 71 {cell 4 0}}
				{item "ppsh" filling "ammo pistol" 71 {cell 0 0}}
			}
		}
		{Player 1}
		{MID 73}
		{NameId 40 0}
		{LastItem "ppsh"}
		{FsmState "board"}
	}
	{Human "rus.tankman" 0x8049
		{Position 3001.65 -451.713 1.63056}
		{Orientation
			 -0.907099   0.420907  -0.002967
			  0.419484   0.904569   0.076086
			 -0.034709  -0.067773   0.997097
		}
		{Extender "inventory"
			{box
				{clear}
				{item "ammo pistol" 18 {cell 0 0}}
				{item "grenade rpg40" {cell 4 0}}
				{item "tt" filling "ammo pistol" 8 {cell 2 0}}
			}
		}
		{Player 1}
		{MID 74}
		{NameId 87 23}
		{LastItem "tt"}
		{FsmState "board"}
	}
	{Human "x.r.automatic_rifle" 0x804a
		{Position 2503.31 311.807 0}
		{Turn 145.243}
		{Extender "inventory"
			{box
				{clear}
				{item "ammo rifle" 50 {cell 4 0}}
				{item "grenade f1" {cell 5 0}}
				{item "grenade f1" {cell 6 0}}
				{item "grenade rpg40" {cell 4 1}}
				{item "grenade smoke" {cell 7 0}}
				{item "bandage" 5 {cell 6 1}}
				{item "svtautomatic" filling "ammo rifle" 10 {cell 0 0}}
			}
		}
		{Player 1}
		{MID 75}
		{NameId 57 8}
		{FsmState "stand"}
	}
	{Human "x.r.automatic_rifle" 0x804b
		{Position 2466.2 339.037 0}
		{Turn 143.383}
		{Extender "inventory"
			{box
				{clear}
				{item "ammo rifle" 50 {cell 4 0}}
				{item "grenade f1" {cell 5 0}}
				{item "grenade f1" {cell 6 0}}
				{item "grenade rpg40" {cell 4 1}}
				{item "grenade smoke" {cell 7 0}}
				{item "bandage" 5 {cell 6 1}}
				{item "svtautomatic" filling "ammo rifle" 10 {cell 0 0}}
			}
		}
		{Player 1}
		{MID 76}
		{NameId 47 99}
		{FsmState "stand"}
	}
	{Human "rus.infantry_mgun" 0x804c
		{Position 3409.65 1093.38 21.326}
		{Turn 145.548}
		{Extender "inventory"
			{box
				{clear}
				{item "ammo mgun" 47 {cell 0 0}}
				{item "ammo mgun" 47 {cell 2 0}}
				{item "grenade f1" {cell 4 0}}
			}
		}
		{Player 1}
		{MID 77}
		{Weaponry
			{State
				{Mounted "weapon dp"}
				{Weapon
					{Ammo "ammo mgun" 47}
				}
			}
		}
		{NameId 51 92}
		{Cover
			{sector 3410 1094 {type "bush_lie"}
			}
		}
		{FsmState "lie"}
	}
	{Human "rus.infantry_rifle" 0x804d
		{Position 3589.95 1853.59 0}
		{Turn -86.6332}
		{Extender "inventory"
			{box
				{clear}
				{item "ammo rifle" 10 {cell 4 0}}
				{item "grenade f1" {cell 5 0}}
			}
		}
		{DisableObstacles}
		{Player 1}
		{MID 78}
		{Weaponry
			{State
				{Mounted "mosin"}
				{Weapon
					{Ammo "ammo rifle" 5}
				}
			}
		}
		{NameId 11 24}
		{LastItem "mosin"}
		{Cover
			{sector 3589.95 1853.59 {type "squat_lie"}
				{wall 0 0 3600.35 1847.19 3580.38 1846.02}
			}
		}
		{FsmState "squat"}
	}
	{Entity "zis-3" 0x804e
		{Position 1752.53 1747.73 7.2087}
		{Turn 147.412}
		{Player 1}
		{MID 82}
		
		{Weaponry
			{State
				{Weapon
					{Ammo "bullet76 fg" 1}
				}
			}
		}
	}
	{Entity "zis-3" 0x804f
		{Position 2043.03 4974.29 0}
		{Turn -151.699}
		{Player 1}
		{MID 83}
		
		{Weaponry
			{State
				{Weapon
					{Ammo "bullet76 fg" 1}
				}
			}
		}
	}
	{Human "rus.infantry_rifle" 0x8050
		{Position 2054.87 4993.12 7.6016}
		{Turn -126.7}
		{Extender "inventory"
			{box
				{clear}
				{item "ammo rifle" 15 {cell 4 0}}
				{item "grenade f1" {cell 5 0}}
				{item "mosin" filling "ammo rifle" 5 {cell 0 0}}
			}
		}
		{DisableObstacles}
		{Player 1}
		{MID 84}
		{NameId 38 63}
		{FsmState "board"}
	}
	{Human "rus.infantry_smg" 0x8051
		{Position 2064.35 4975.51 7.6016}
		{Orientation
			 -0.980621  -0.195936   0.000000
			  0.195827  -0.979997  -0.034700
			  0.006847  -0.034020   0.999400
		}
		{Extender "inventory"
			{box
				{clear}
				{item "ammo pistol" 71 {cell 4 0}}
				{item "grenade f1" {cell 4 1}}
				{item "ppsh" filling "ammo pistol" 71 {cell 0 0}}
			}
		}
		{DisableObstacles}
		{Player 1}
		{MID 85}
		{NameId 32 15}
		{FsmState "board"}
	}
	{Human "rus.infantry_rifle" 0x8052
		{Position 1763.91 1729.9 15.3573}
		{Orientation
			 -0.648040   0.761223  -0.024323
			 -0.760859  -0.648477  -0.022761
			 -0.033069   0.003718   0.999449
		}
		{Extender "inventory"
			{box
				{clear}
				{item "ammo rifle" 15 {cell 4 0}}
				{item "grenade f1" {cell 5 0}}
				{item "mosin" filling "ammo rifle" 5 {cell 0 0}}
			}
		}
		{DisableObstacles}
		{Player 1}
		{MID 86}
		{NameId 40 1}
		{LastItem "mosin"}
		{FsmState "board"}
	}
	{Human "rus.infantry_smg" 0x8053
		{Position 1774.69 1746.75 14.9868}
		{Orientation
			 -0.991169   0.132109  -0.010090
			 -0.132325  -0.990873   0.025143
			 -0.006676   0.026257   0.999633
		}
		{Extender "inventory"
			{box
				{clear}
				{item "ammo pistol" 71 {cell 4 0}}
				{item "grenade f1" {cell 4 1}}
				{item "ppsh" filling "ammo pistol" 71 {cell 0 0}}
			}
		}
		{DisableObstacles}
		{Player 1}
		{MID 87}
		{NameId 87 24}
		{LastItem "ppsh"}
		{FsmState "board"}
	}
	{Human "rus.infantry_rifle" 0x8054
		{Position 2916.75 3167.51 246.199}
		{Turn -155.001}
		{Extender "inventory"
			{box
				{clear}
				{item "ammo rifle" 15 {cell 4 0}}
				{item "grenade f1" {cell 5 0}}
				{item "mosin" filling "ammo rifle" 5 {cell 0 0}}
			}
		}
		{DisableObstacles}
		{Player 1}
		{MID 88}
		{NameId 6 42}
		{LastItem "mosin"}
		{Cover
			{sector 2916.75 3167.51 {type "squat_lie"}
				{wall 0 0 2914.64 3155.49 2906.18 3173.61}
			}
		}
		{FsmState "squat"}
	}
	{Human "rus.infantry_rifle" 0x8055
		{Position 2905.29 3182.73 201.446}
		{Turn 160.002}
		{Extender "inventory"
			{box
				{clear}
				{item "ammo rifle" 15 {cell 4 0}}
				{item "grenade f1" {cell 6 0}}
				{item "mosin" filling "ammo rifle" 5 {cell 0 0}}
			}
		}
		{DisableObstacles}
		{Player 1}
		{MID 89}
		{NameId 43 29}
		{LastItem "mosin"}
		{Cover
			{sector 2905.29 3182.73 {type "squat_lie"}
				{wall 0 0 2895.29 3175.73 2902.13 3194.53}
			}
		}
		{FsmState "squat"}
	}
	{Human "rus.specnaz" 0x8056
		{Position 2682.07 2867.1 66}
		{Turn -96.1707}
		{Extender "inventory"
			{box
				{clear}
				{item "ammo pistol" 71 {cell 4 0}}
				{item "grenade f1" {cell 6 0}}
				{item "grenade rpg40" {cell 4 1}}
			}
			{armor "body"
				{Removed}
			}
		}
		{Player 1}
		{MID 90}
		{Weaponry
			{State
				{Mounted "ppsh"}
				{Weapon
					{Ammo "ammo pistol" 71}
				}
			}
		}
		{NameId 51 93}
		{FsmState "stand"}
	}
	{Human "x.r.prof_smg" 0x8057
		{Position 2458 5315 2.79984}
		{Turn 175.011}
		{Extender "inventory"
			{box
				{clear}
				{item "ammo pistol" 70 {cell 3 0}}
				{item "ammo pistol" 70 {cell 5 0}}
				{item "grenade f1" {cell 7 0}}
				{item "grenade f1" {cell 5 1}}
				{item "grenade rpg40" {cell 6 1}}
				{item "grenade smoke" {cell 0 2}}
				{item "bandage" 5 {cell 1 2}}
				{item "pps" filling "ammo pistol" 35 {cell 0 0}}
			}
		}
		{Player 1}
		{MID 91}
		{NameId 70 0}
		{FsmState "stand"}
	}
	{Human "rus.infantry_rifle" 0x8058
		{Position 2152.73 5167.09 0}
		{Turn 13.3002}
		{Extender "inventory"
			{box
				{clear}
				{item "ammo rifle" 15 {cell 4 0}}
				{item "grenade f1" {cell 5 0}}
				{item "grenade f1" {cell 6 0}}
				{item "mosin" filling "ammo rifle" 5 {cell 0 0}}
			}
		}
		{Player 1}
		{MID 92}
		{NameId 52 50}
		{Cover
			{sector 2152.73 5167.09 {type "look_left"}
				{wall 0 0 2147.99 5156.72 2137.22 5202.28}
			}
		}
		{FsmState "stand"}
	}
	{Human "rus.infantry_rifle" 0x8059
		{Position 2043.98 1480.55 0}
		{Turn 152.147}
		{Extender "inventory"
			{box
				{clear}
				{item "ammo rifle" 15 {cell 4 0}}
				{item "grenade f1" {cell 5 0}}
				{item "mosin" filling "ammo rifle" 5 {cell 0 0}}
			}
		}
		{Player 1}
		{MID 93}
		{NameId 68 42}
		{FsmState "stand"}
	}
	{Human "rus.infantry_rifle" 0x805a
		{Position 1737.02 1578.46 8}
		{Turn 85.897}
		{Extender "inventory"
			{box
				{clear}
				{item "ammo rifle" 15 {cell 4 0}}
				{item "grenade f1" {cell 5 0}}
				{item "mosin" filling "ammo rifle" 5 {cell 0 0}}
			}
		}
		{Player 1}
		{MID 94}
		{NameId 43 14}
		{FsmState "stand"}
	}
	{Human "rus.medic" 0x805b
		{Position 2109.94 1743.2 0}
		{Turn 152.566}
		{Extender "inventory"
			{box
				{clear}
				{item "ppsh35" filling "ammo pistol" 35 {cell 0 0}}
				{item "ammo pistol" 35 {cell 4 0}}
				{item "grenade f1" {cell 6 0}}
				{item "bandage" 5 {cell 4 1}}
				{item "bandage" 5 {cell 6 1}}
				{item "morphine" 2 {cell 0 2}}
			}
		}
		{Player 1}
		{MID 95}
		{NameId 24 53}
		{FsmState "stand"}
	}
	{Human "rus.infantry_mgun" 0x805c
		{Position 1973.43 5189.76 0}
		{Turn 24.2631}
		{Extender "inventory"
			{box
				{clear}
				{item "ammo mgun" 47 {cell 0 0}}
				{item "ammo mgun" 47 {cell 2 0}}
				{item "grenade f1" {cell 4 0}}
				{item "grenade f1" {cell 5 0}}
				{item "weapon dp" filling "ammo mgun" 47 {cell 0 1}}
			}
		}
		{Player 1}
		{MID 96}
		{NameId 49 50}
		{Cover
			{sector 1973.43 5189.76 {type "look_right"}
				{wall 0 0 2003.88 5105.18 1962.84 5196.23}
			}
		}
		{FsmState "stand"}
	}
	{Human "rus.oficer" 0x805d
		{Position 2044.81 5048.25 0}
		{Turn -161.549}
		{Extender "inventory"
			{box
				{clear}
				{item "ammo pistol" 18 {cell 0 0}}
				{item "grenade f1" {cell 4 0}}
				{item "tt" filling "ammo pistol" 8 {cell 2 0}}
			}
		}
		{Player 1}
		{MID 97}
		{NameId 67 27}
		{FsmState "squat"}
	}
	{Entity "degtyarev_stan" 0x805e
		{Position 1336.85 1008.65 0}
		{Turn 129.806}
		{Player 1}
		{MID 98}
	}
	{Human "rus.infantry_rifle" 0x805f
		{Position 1482.68 1028.43 0}
		{Turn 138.027}
		{Extender "inventory"
			{box
				{clear}
				{item "ammo rifle" 15 {cell 4 0}}
				{item "grenade f1" {cell 5 0}}
				{item "mosin" filling "ammo rifle" 5 {cell 0 0}}
			}
		}
		{Player 1}
		{MID 79}
		{NameId 38 64}
		{FsmState "stand"}
	}
	{Human "rus.infantry_rifle" 0x8060
		{Position 1319.64 952.97 0}
		{Turn -168.11}
