;Modified by: Albus
;Date:        Dec 24 14:49:13 2010
{Skeleton
	{bone "Basis"
		{Orientation
			1.0000	0.0000	0.0000
			0.0000	-1.0000	0.0000
			0.0000	0.0000	1.0000
		}
		{bone "body"
			{parameters "CommonMesh;ID=body;"}
			{Matrix34
				1.0000	0.0000	-0.0024
				-0.0000	1.0000	0.0000
				0.0024	-0.0000	1.0000
				5.8607	-2.0641	32.7917
			}
			{VolumeView "body.ply"}
			{bone "FX_smoke_Body1"
				{Matrix34
					0.0000	0.0000	1.0000
					0.0000	1.0000	0.0000
					-1.0000	0.0000	0.0000
					36.7532	-0.1512	6.4616
				}
			}
			{bone "FX_smoke_Body2"
				{Matrix34
					0.0000	0.0000	1.0000
					0.0000	1.0000	0.0000
					-1.0000	0.0000	0.0000
					-14.0216	-0.1512	-6.6284
				}
			}
			{bone "FX_exp3"
				{Matrix34
					0.0000	0.0000	1.0000
					-0.0673	0.9977	0.0000
					-0.9977	-0.0673	0.0000
					-6.4467	-17.7173	11.6238
				}
			}
			{bone "body2"
				{parameters "CommonMesh;ID=body;"}
				{Matrix34
					0.0000	-1.0000	0.0000
					0.0000	0.0000	1.0000
					-1.0000	0.0000	0.0000
					2.1000	1.9000	22.0000
				}
				{VolumeView "body2.ply"}
				{bone "dl"
					{Position 3.3000	-11.0000	16.8000}
					{bone "part1"
						{Matrix34
							1.0000	0.0000	-0.0031
							0.0000	1.0000	0.0000
							0.0031	0.0000	1.0000
							29.6072	4.1676	-9.7580
						}
						{VolumeView "part1.ply"}
					}
				}
				{bone "dr"
					{Position -0.6000	-11.0000	16.8000}
					{bone "doorright"
						{Matrix34
							1.0000	0.0000	0.0021
							0.0000	1.0000	0.0000
							-0.0021	0.0000	1.0000
							-29.1293	4.1676	-9.7580
						}
						{VolumeView "doorright.ply"}
					}
				}
			}
		}
		{bone revolute "pivot_back"
			{parameters "ID=body;"}
			{Matrix34
				0.9998	0.0175	0.0000
				-0.0175	0.9998	0.0000
				0.0000	0.0000	1.0000
				-39.3142	-1.4946	12.8385
			}
			{VolumeView "pivot_back.ply"}
			{bone revolute "wheel_L2"
				{parameters "ID=wheelleft2;"}
				{Matrix34
					-0.9997	0.0175	0.0175
					0.0175	-0.0003	0.9998
					0.0175	0.9998	0.0000
					0.4494	14.6094	-3.2554
				}
				{VolumeView "wheel_L2.ply"}
			}
			{bone revolute "wheel_R2"
				{parameters "ID=wheelright2;"}
				{Matrix34
					-0.9997	0.0175	0.0175
					0.0175	-0.0003	0.9998
					0.0175	0.9998	0.0000
					-0.1136	-16.1120	-3.2554
				}
				{VolumeView "wheel_R2.ply"}
			}
		}
		{bone revolute "pivot_front"
			{parameters "ID=body;"}
			{Matrix34
				0.9998	0.0175	0.0000
				-0.0175	0.9998	0.0000
				0.0000	0.0000	1.0000
				53.3939	-1.6450	12.5585
			}
			{VolumeView "pivot_front.ply"}
			{bone revolute "wheel_L1"
				{parameters "ID=wheelleft1;"}
				{Matrix34
					-0.9997	0.0175	0.0175
					0.0175	-0.0003	0.9998
					0.0175	0.9998	0.0000
					0.0858	14.6571	-3.0000
				}
				{VolumeView "wheel_L1.ply"}
			}
			{bone "part2"
				{Matrix34
					-0.9997	0.0175	0.0175
					0.0175	-0.0003	0.9998
					0.0175	0.9998	0.0000
					-0.5539	-15.7089	-3.0000
				}
				{VolumeView "part2.ply"}
			}
		}
	}
}
{Volume "part1"
	{Box 2.511 40.2057 18.7743}
	{Bone "part1"}
	{Position -0.4200	0.2800	-6.9000}
}
{Volume "part2"
	{Cylinder 9.5318 3.87454}
	{Bone "part2"}
	{Matrix34
		-0.9998	0.0175	0.0000
		0.0175	0.9998	0.0000
		0.0000	0.0000	-1.0000
		-0.0631	-0.0716	0.7562
	}
}
{Volume "wheelleft1"
	{Cylinder 9.5318 3.87454}
	{Bone "wheel_L1"}
	{Matrix34
		-0.9998	0.0175	0.0000
		0.0175	0.9998	-0.0000
		-0.0000	-0.0000	-1.0000
		-0.0945	0.0534	1.6640
	}
}
{Volume "wheelright2"
	{Cylinder 10.5318 3.84358}
	{Bone "wheel_R2"}
	{Matrix34
		-0.9998	0.0175	0.0000
		0.0175	0.9998	0.0000
		0.0000	0.0000	-1.0000
		-0.1187	0.0538	0.7427
	}
}
{Volume "wheelleft2"
	{Cylinder 10.5318 3.6991}
	{Bone "wheel_L2"}
	{Matrix34
		-0.9998	0.0175	0.0000
		0.0175	0.9998	0.0000
		0.0000	0.0000	-1.0000
		-0.0020	0.0129	1.7193
	}
}
{Volume "body1"
	{Box 250.111 63.2057 14.7743}
	{Bone "body"}
	{Position 2.0000	1.0000	-14.0000}
}
{Volume "body2"
	{Box 237.111 63.2057 44.7743}
	{Bone "body"}
	{Position 1.8000	1.0000	15.2000}
}
{Volume "body3"
	{Box 35.111 63.2057 14.7743}
	{Bone "body"}
	{Position 3.3000	1.0000	45.1000}
}
