;Exported by: shevchenko
;Date:        Mon Mar 15 13:26:02 2004
;File:        D:\-Projects-\-3DWork-\sheva\Dima Danjko\elements town1a_x.max
{Skeleton
	{bone "gate"
		{Orientation
			1.0000	0.0000	0.0000
			0.0000	-1.0000	0.0000
			0.0000	0.0000	1.0000
		}
		{bone "piece0"
			{Matrix34
				-0.0000	-1.0000	0.0000
				-0.0000	0.0000	1.0000
				-1.0000	0.0000	-0.0000
				-0.2018	-20.6965	8.4672
			}
			{VolumeView "piece0.ply"}
		}
		{bone "piece1"
			{Matrix34
				-0.0000	-1.0000	0.0000
				-0.0000	0.0000	1.0000
				-1.0000	0.0000	-0.0000
				-0.2018	-20.6965	26.0927
			}
			{VolumeView "piece1.ply"}
		}
		{bone "piece2"
			{Matrix34
				-0.0000	-1.0000	0.0000
				-0.0000	0.0000	1.0000
				-1.0000	0.0000	-0.0000
				-0.2018	-10.7610	41.7746
			}
			{VolumeView "piece2.ply"}
		}
		{bone "piece3"
			{Matrix34
				-0.0000	-1.0000	0.0000
				-0.0000	0.0000	1.0000
				-1.0000	0.0000	-0.0000
				-0.2017	10.0254	38.5558
			}
			{VolumeView "piece3.ply"}
		}
		{bone "piece4"
			{Matrix34
				-0.0000	-1.0000	0.0000
				-0.0000	0.0000	1.0000
				-1.0000	0.0000	-0.0000
				-0.2017	20.6421	21.8576
			}
			{VolumeView "piece4.ply"}
		}
		{bone "piece5"
			{Matrix34
				-0.0000	-1.0000	0.0000
				-0.0000	0.0000	1.0000
				-1.0000	0.0000	-0.0000
				-0.2017	20.6421	10.2375
			}
			{VolumeView "piece5.ply"}
		}
		{bone "piece6"
			{Position 0.0000	16.4304	46.9188}
			{VolumeView "piece6.ply"}
		}
		{bone "piece7"
			{Position 0.0000	0.0000	50.4777}
			{VolumeView "piece7.ply"}
		}
		{bone "piece8"
			{Position 0.0000	-16.4304	46.9188}
			{VolumeView "piece8.ply"}
		}
		{bone "FX_stone1"
			{Position -0.0956	0.3472	7.3429}
		}
	}
}
{Volume "piece8"
	{Box 20.9182 2.52739 21.1634}
	{Bone "piece8"}
	{Matrix34
		1.0000	0.0000	0.0000
		0.0000	-0.3188	0.9478
		0.0000	-0.9478	-0.3188
		-0.1545	0.0166	0.1284
	}
}
{Volume "piece7"
	{Box 20.7609 12.9235 2.51111}
	{Bone "piece7"}
	{Position -0.1545	0.0051	-0.0323}
}
{Volume "piece6"
	{Box 20.4464 2.31411 21.6733}
	{Bone "piece6"}
	{Matrix34
		1.0000	0.0000	0.0000
		0.0000	0.3430	0.9393
		0.0000	-0.9393	0.3430
		-0.1545	-0.0352	-0.2950
	}
}
{Volume "piece5"
	{Box 15.728 5.92822 14.4794}
	{Bone "piece5"}
	{Matrix34
		0.0000	0.0000	-1.0000
		-1.0000	-0.0000	-0.0000
		-0.0000	1.0000	0.0000
		0.0059	-2.9977	-0.0473
	}
}
{Volume "piece4"
	{Box 15.728 5.92822 18.3223}
	{Bone "piece4"}
	{Matrix34
		0.0000	0.0000	-1.0000
		-1.0000	-0.0000	-0.0000
		-0.0000	1.0000	0.0000
		0.0059	0.2152	-0.0473
	}
}
{Volume "piece3"
	{Box 15.728 10.5522 23.0567}
	{Bone "piece3"}
	{Matrix34
		0.0000	0.0000	-1.0000
		-0.3116	0.9502	0.0000
		0.9502	0.3116	0.0000
		-2.4093	2.7981	-0.0473
	}
}
{Volume "piece2"
	{Box 15.728 9.60254 24.6086}
	{Bone "piece2"}
	{Matrix34
		0.0000	0.0000	-1.0000
		0.3188	0.9478	0.0000
		0.9478	-0.3188	0.0000
		0.5063	0.5580	-0.0473
	}
}
{Volume "piece1"
	{Box 15.728 5.92822 22.7327}
	{Bone "piece1"}
	{Matrix34
		0.0000	0.0000	-1.0000
		-1.0000	-0.0000	-0.0000
		-0.0000	1.0000	0.0000
		0.0440	0.2414	-0.0473
	}
}
{Volume "piece0"
	{Box 15.728 5.92822 14.4794}
	{Bone "piece0"}
	{Matrix34
		0.0000	0.0000	-1.0000
		-1.0000	-0.0000	-0.0000
		-0.0000	1.0000	0.0000
		0.0440	-1.2275	-0.0473
	}
}
