{mission
	{Camera
		{Position -602.877 2218.1}
		{Distance 940.848}
		{ViewAngle 0.616678}
		{YawAngle -1.24439}
	}
	{Environment "day1"}
	{User 1}
	{GameProgress 0 0}
	{Entity "pz-5" 0x8856
		{Position 5534.36 4109.56 37}
		{Turn -91.5298}
		{TexMod "ambush3"}
		{Player 2}
		{MID 3}
	}
	{Entity "_infantry2_rus" 0x8857
		{Position 5534.36 4109.56 37}
		{Orientation
			 -0.026697  -0.999644   0.000000
			 -0.999644   0.026697   0.000000
			  0.000000   0.000000   1.000000
		}
		{Extender "inventory"
			{box
				{clear}
				{item "mp41" {cell 0 0}}
				{item "ammo pistol" 60 {cell 4 0}}
				{item "grenade m24x5" {cell 6 0}}
			}
		}
		{Player 2}
		{MID 11}
		{Able {select 0}}
		{Breed "ger.tankman"}
		{FsmState "board"}
	}
	{Entity "_infantry2_rus" 0x8858
		{Position 5534.36 4109.56 37}
		{Orientation
			 -0.026697  -0.999644   0.000000
			 -0.999644   0.026697   0.000000
			  0.000000   0.000000   1.000000
		}
		{Extender "inventory"
			{box
				{clear}
				{item "mp41" {cell 0 0}}
				{item "ammo pistol" 60 {cell 4 0}}
				{item "grenade m24x5" {cell 6 0}}
			}
		}
		{Player 2}
		{MID 12}
		{Able {select 0}}
		{Breed "ger.tankman"}
		{FsmState "board"}
	}
	{Entity "_infantry2_rus" 0x8859
		{Position 5534.36 4109.56 37}
		{Orientation
			 -0.026697  -0.999644   0.000000
			 -0.999644   0.026697   0.000000
			  0.000000   0.000000   1.000000
		}
		{Extender "inventory"
			{box
				{clear}
				{item "mp41" {cell 0 0}}
				{item "ammo pistol" 60 {cell 4 0}}
				{item "grenade m24x5" {cell 6 0}}
			}
		}
		{Player 2}
		{MID 13}
		{Able {select 0}}
		{Breed "ger.tankman"}
		{FsmState "board"}
	}
	{Entity "_infantry2_rus" 0x885a
		{Position 5534.36 4109.56 37}
		{Orientation
			 -0.026697  -0.999644   0.000000
			 -0.999644   0.026697   0.000000
			  0.000000   0.000000   1.000000
		}
		{Extender "inventory"
			{box
				{clear}
				{item "mp41" {cell 0 0}}
				{item "ammo pistol" 60 {cell 4 0}}
				{item "grenade m24x5" {cell 6 0}}
			}
		}
		{Player 2}
		{MID 14}
		{Able {select 0}}
		{Breed "ger.tankman"}
		{FsmState "board"}
	}
	{Entity "blitz-3.6" 0x885b
		{Position 5526.75 3889.94 37}
		{Turn -91.8496}
		{Extender "inventory"
			{box
				{clear}
				{item 0x9003 "fau_detail" {cell 0 0}}
			}
		}
		{Player 2}
		{MID 19}
	}
	{Entity "_infantry2_rus" 0x885c
		{Position 5519.18 3869.59 56.6094}
		{Orientation
			 -0.032170  -0.999282   0.019600
			  0.999482  -0.032176  -0.000000
			  0.000633   0.019590   0.999800
		}
		{Extender "inventory"
			{box
				{clear}
				{item "mp41" {cell 0 0}}
				{item "ammo pistol" 60 {cell 4 0}}
				{item "grenade m24x5" {cell 6 0}}
			}
		}
		{DisableObstacles}
		{Player 2}
		{MID 20}
		{Able {select 0}}
		{Breed "ger.tankman"}
		{FsmState "board"}
	}
	{Entity "_infantry2_rus" 0x885d
		{Position 5534.49 3869.1 56.6093}
		{Orientation
			 -0.032170  -0.999282   0.019600
			  0.999482  -0.032176  -0.000000
			  0.000633   0.019590   0.999800
		}
		{Extender "inventory"
			{box
				{clear}
				{item "mp41" {cell 0 0}}
				{item "ammo pistol" 60 {cell 4 0}}
				{item "grenade m24x5" {cell 6 0}}
			}
		}
		{DisableObstacles}
		{Player 2}
		{MID 21}
		{Able {select 0}}
		{Breed "ger.tankman"}
		{FsmState "board"}
	}
	{Entity "sdkfz251_1" 0x885e
		{Position 5520.56 3662.13 37}
		{Turn -88.3992}
		{Player 2}
		{MID 4}
	}
	{Entity "_infantry2_rus" 0x885f
		{Position 5515.28 3682.3 51.957}
		{Orientation
			  0.984382   0.028710   0.173600
			 -0.029135   0.999576   0.000000
			 -0.173527  -0.005050   0.984800
		}
		{Extender "inventory"
			{box
				{clear}
				{item "ammo pistol" 20 {cell 0 0}}
				{item "mp40" {cell 0 1}}
				{item "grenade m24" {cell 4 0}}
			}
		}
		{DisableObstacles}
		{Player 2}
		{MID 32}
		{Able {select 0}}
		{Breed "ger.infantry_smg"}
		{FsmState "board"}
	}
	{Entity "_infantry2_rus" 0x8860
		{Position 5514.65 3704.06 51.957}
		{Orientation
			  0.984382   0.028710   0.173600
			 -0.029135   0.999576   0.000000
			 -0.173527  -0.005050   0.984800
		}
		{Extender "inventory"
			{box
				{clear}
				{item "ammo pistol" 20 {cell 0 0}}
				{item "mp40" {cell 0 1}}
				{item "grenade m24" {cell 4 0}}
			}
		}
		{DisableObstacles}
		{Player 2}
		{MID 33}
		{Able {select 0}}
		{Breed "ger.infantry_smg"}
		{FsmState "board"}
	}
	{Entity "_infantry2_rus" 0x8861
		{Position 5514.94 3693.89 51.957}
		{Orientation
			  0.984382   0.028710   0.173600
			 -0.029135   0.999576   0.000000
			 -0.173527  -0.005050   0.984800
		}
		{Extender "inventory"
			{box
				{clear}
				{item "ammo pistol" 20 {cell 0 0}}
				{item "mp40" {cell 0 1}}
				{item "grenade m24" {cell 4 0}}
			}
		}
		{DisableObstacles}
		{Player 2}
		{MID 34}
		{Able {select 0}}
		{Breed "ger.infantry_smg"}
		{FsmState "board"}
	}
	{Entity "_infantry2_rus" 0x8862
		{Position 5525.31 3695.34 53.7896}
		{Orientation
			 -0.984416  -0.027511   0.173600
			  0.027935  -0.999610   0.000000
			  0.173532   0.004850   0.984800
		}
		{Extender "inventory"
			{box
				{clear}
				{item "mauzer" {cell 0 0}}
				{item "ammo rifle" 6 {cell 4 0}}
			}
		}
		{DisableObstacles}
		{Player 2}
		{MID 35}
		{Able {select 0}}
		{Breed "ger.infantry_rifle"}
		{FsmState "board"}
	}
	{Entity "_infantry2_rus" 0x8863
		{Position 5525 3706.41 53.7896}
		{Orientation
			 -0.984416  -0.027511   0.173600
			  0.027935  -0.999610   0.000000
			  0.173532   0.004850   0.984800
		}
		{Extender "inventory"
			{box
				{clear}
				{item "mauzer" {cell 0 0}}
				{item "ammo rifle" 6 {cell 4 0}}
			}
		}
		{DisableObstacles}
		{Player 2}
		{MID 36}
		{Able {select 0}}
		{Breed "ger.infantry_rifle"}
		{FsmState "board"}
	}
	{Entity "_infantry2_rus" 0x8864
		{Position 5515.61 3671.04 51.957}
		{Orientation
			  0.984382   0.028710   0.173600
			 -0.029135   0.999576   0.000000
			 -0.173527  -0.005050   0.984800
		}
		{Extender "inventory"
			{box
				{clear}
				{item "weapon bazooka" {cell 0 0}}
				{item "ammo bazooka" {cell 5 0}}
				{item "ammo bazooka" {cell 5 1}}
				{item "ammo bazooka" {cell 0 2}}
				{item "ammo bazooka" {cell 2 2}}
				{item "ammo bazooka" {cell 4 2}}
				{item "ammo pistol" 30 {cell 6 2}}
				{item "valter" {cell 0 3}}
			}
		}
		{DisableObstacles}
		{Player 2}
		{MID 37}
		{Able {select 0}}
		{Breed "ger.bazoker"}
		{FsmState "board"}
	}
	{Entity "_infantry2_rus" 0x8865
		{Position 5525.61 3684.36 53.7896}
		{Orientation
			 -0.984416  -0.027511   0.173600
			  0.027935  -0.999610   0.000000
			  0.173532   0.004850   0.984800
		}
		{Extender "inventory"
			{box
				{clear}
				{item "weapon bazooka" {cell 0 0}}
				{item "ammo bazooka" {cell 5 0}}
				{item "ammo bazooka" {cell 5 1}}
				{item "ammo bazooka" {cell 0 2}}
				{item "ammo bazooka" {cell 2 2}}
				{item "ammo bazooka" {cell 4 2}}
				{item "ammo pistol" 30 {cell 6 2}}
				{item "valter" {cell 0 3}}
			}
		}
		{DisableObstacles}
		{Player 2}
		{MID 38}
		{Able {select 0}}
		{Breed "ger.bazoker"}
		{FsmState "board"}
	}
	{Entity "_infantry2_rus" 0x8866
		{Position 5521.23 3665.92 53.6882}
		{Turn -87.4939}
		{Extender "inventory"
			{box
				{clear}
				{item "mp41" {cell 0 0}}
				{item "ammo pistol" 60 {cell 4 0}}
				{item "grenade m24x5" {cell 6 0}}
			}
		}
		{DisableObstacles}
		{Player 2}
		{MID 39}
		{Able {select 0}}
		{Breed "ger.tankman"}
		{FsmState "board"}
	}
	{Entity "_infantry2_rus" 0x8867
		{Position 5516.42 3650 47.5485}
		{Orientation
			  0.026153  -0.935835   0.351600
			  0.999610   0.027935   0.000000
			 -0.009822   0.351463   0.936200
		}
		{Extender "inventory"
			{box
				{clear}
				{item "mp41" {cell 0 0}}
				{item "ammo pistol" 60 {cell 4 0}}
				{item "grenade m24x5" {cell 6 0}}
			}
		}
		{DisableObstacles}
		{Player 2}
		{MID 40}
		{Able {select 0}}
		{Breed "ger.tankman"}
		{FsmState "board"}
	}
	{Entity "_infantry2_rus" 0x8868
		{Position 5506.54 4156.95 65.0871}
		{Orientation
			 -0.984449   0.026291   0.173600
			 -0.026697  -0.999644   0.000000
			  0.173538  -0.004635   0.984800
		}
		{Extender "inventory"
			{box
				{clear}
				{item "ammo pistol" 60 {cell 4 0}}
				{item "mp41" {cell 0 0}}
				{item "grenade m39" {cell 6 0}}
			}
		}
		{DisableObstacles}
		{Player 2}
		{MID 16}
		{Able {select 0}}
		{Breed "ger.infantry_ss"}
		{FsmState "board"}
	}
	{Entity "_infantry2_rus" 0x8869
		{Position 5566.18 4155.35 66.3575}
		{Orientation
			  0.984449  -0.026291   0.173600
			  0.026697   0.999644   0.000000
			 -0.173538   0.004635   0.984800
		}
		{Extender "inventory"
			{box
				{clear}
				{item "mauzer" {cell 0 0}}
				{item "ammo rifle" 6 {cell 4 0}}
				{item "ammo rifle" {cell 5 0}}
			}
		}
		{DisableObstacles}
		{Player 2}
		{MID 17}
		{Able {select 0}}
		{Breed "ger.infantry_rifle"}
		{FsmState "board"}
	}
	{Entity "_infantry2_rus" 0x886a
		{Position 5566.59 4170.79 66.3575}
		{Orientation
			  0.984449  -0.026291   0.173600
			  0.026697   0.999644   0.000000
			 -0.173538   0.004635   0.984800
		}
		{Extender "inventory"
			{box
				{clear}
				{item "mauzer" {cell 0 0}}
				{item "ammo rifle" 6 {cell 4 0}}
			}
		}
		{DisableObstacles}
		{Player 2}
		{MID 18}
		{Able {select 0}}
		{Breed "ger.infantry_rifle"}
		{FsmState "board"}
	}
	{Entity "_infantry2_rus" 0x886b
		{Position 5506.95 4172.39 65.0871}
		{Orientation
			 -0.984449   0.026291   0.173600
			 -0.026697  -0.999644   0.000000
			  0.173538  -0.004635   0.984800
		}
		{Extender "inventory"
			{box
				{clear}
				{item "mauzer" {cell 0 0}}
				{item "ammo rifle" 6 {cell 4 0}}
			}
		}
		{DisableObstacles}
		{Player 2}
		{MID 23}
		{Able {select 0}}
		{Breed "ger.infantry_rifle"}
		{FsmState "board"}
	}
	{Entity "_infantry2_rus" 0x886c
		{Position 5442.24 -1028.52 33.6281}
		{Turn -47.497}
		{Extender "inventory"
			{box
				{clear}
				{item "ammo pistol" 21 {cell 0 0}}
				{item "mp40" {cell 0 1}}
				{item "grenade m24" {cell 4 0}}
				{item "ammo pistol" {cell 2 0}}
				{item "ammo pistol" {cell 6 0}}
			}
		}
		{Player 2}
		{MID 28}
		{Breed "ger.infantry_smg"}
		{FsmState "stand"}
	}
	{Entity "sdkfz232" 0x8870
		{Position 5392.7 3956.76 36.9025}
		{Turn -85.6537}
		{Player 2}
		{MID 46}
	}
	{Entity "bmw-r12" 0x8871
		{Position 5510.75 3355.78 37}
		{Turn -80.1953}
		{Player 2}
		{MID 47}
	}
	{Entity "bmw-r12" 0x8872
		{Position 5532.47 3509.97 37}
		{Turn -80.6115}
		{Player 2}
		{MID 48}
	}
	{Entity "_infantry2_rus" 0x8873
		{Position 5392.7 3956.76 36.9025}
		{Orientation
			  0.075784  -0.997124  -0.001143
			 -0.997108  -0.075776  -0.005737
			 -0.005634  -0.001574   0.999983
		}
		{Extender "inventory"
			{box
				{clear}
				{item "mp41" {cell 0 0}}
				{item "ammo pistol" 60 {cell 4 0}}
				{item "grenade m24x5" {cell 6 0}}
			}
		}
		{Player 2}
		{MID 55}
		{Able {select 0}}
		{Breed "ger.tankman"}
		{FsmState "board"}
	}
	{Entity "_infantry2_rus" 0x8874
		{Position 5392.7 3956.76 36.9025}
		{Orientation
			  0.075784  -0.997124  -0.001143
			 -0.997108  -0.075776  -0.005737
			 -0.005634  -0.001574   0.999983
		}
		{Extender "inventory"
			{box
				{clear}
				{item "mp41" {cell 0 0}}
				{item "ammo pistol" 60 {cell 4 0}}
				{item "grenade m24x5" {cell 6 0}}
			}
		}
		{Player 2}
		{MID 56}
		{Able {select 0}}
		{Breed "ger.tankman"}
		{FsmState "board"}
	}
	{Entity "_infantry2_rus" 0x8875
		{Position 5392.7 3956.76 36.9025}
		{Orientation
			  0.075784  -0.997124  -0.001143
			 -0.997108  -0.075776  -0.005737
			 -0.005634  -0.001574   0.999983
		}
		{Extender "vitality"
			{Energy 96}
		}
		{Extender "inventory"
			{box
				{clear}
				{item "mp41" {cell 0 0}}
				{item "ammo pistol" 60 {cell 4 0}}
				{item "grenade m24x5" {cell 6 0}}
			}
		}
		{Player 2}
		{MID 58}
		{Able {select 0}}
		{Breed "ger.tankman"}
		{FsmState "board"}
	}
	{Entity "_infantry2_rus" 0x8876
		{Position 5503.48 3359.92 36.1494}
		{Orientation
			  0.169371  -0.980073  -0.103900
			  0.985394   0.170290   0.000000
			  0.017693  -0.102382   0.994600
		}
		{Extender "inventory"
			{box
				{clear}
				{item "ammo pistol" 20 {cell 0 0}}
				{item "mp40" {cell 0 1}}
				{item "grenade m24" {cell 4 0}}
			}
		}
		{DisableObstacles}
		{Player 2}
		{MID 49}
		{Able {select 0}}
		{Breed "ger.infantry_smg"}
		{FsmState "board"}
	}
	{Entity "_infantry2_rus" 0x8877
		{Position 5502.08 3368.03 43.953}
		{Orientation
			  0.167702  -0.970416   0.173600
			  0.985394   0.170290   0.000000
			 -0.029562   0.171064   0.984800
		}
		{Extender "inventory"
			{box
				{clear}
				{item "ammo pistol" 20 {cell 0 0}}
				{item "mp40" {cell 0 1}}
				{item "grenade m24" {cell 4 0}}
			}
		}
		{DisableObstacles}
		{Player 2}
		{MID 50}
		{Able {select 0}}
		{Breed "ger.infantry_smg"}
		{FsmState "board"}
	}
	{Entity "_infantry2_rus" 0x8878
		{Position 5517.35 3365.57 37.3124}
		{Turn -80.1953}
		{Extender "inventory"
			{box
				{clear}
				{item "ammo pistol" 59 {cell 4 0}}
				{item "mp41" {cell 0 0}}
				{item "grenade m39" {cell 6 0}}
			}
		}
		{DisableObstacles}
		{Player 2}
		{MID 51}
		{Able {select 0}}
		{Breed "ger.infantry_ss"}
		{FsmState "board"}
	}
	{Entity "_infantry2_rus" 0x8879
		{Position 5523.89 3522.28 43.953}
		{Orientation
			  0.160648  -0.971609   0.173600
			  0.986605   0.163128  -0.000000
			 -0.028319   0.171275   0.984800
		}
		{Extender "inventory"
			{box
				{clear}
				{item "ammo pistol" 20 {cell 0 0}}
				{item "mp40" {cell 0 1}}
				{item "grenade m24" {cell 4 0}}
			}
		}
		{DisableObstacles}
		{Player 2}
		{MID 52}
		{Able {select 0}}
		{Breed "ger.infantry_smg"}
		{FsmState "board"}
	}
	{Entity "_infantry2_rus" 0x887a
		{Position 5539.14 3519.71 37.3124}
		{Turn -80.6115}
		{Extender "inventory"
			{box
				{clear}
				{item "ammo pistol" 20 {cell 0 0}}
				{item "mp40" {cell 0 1}}
				{item "grenade m24" {cell 4 0}}
				{item "ammo pistol" 23 {cell 2 0}}
			}
		}
		{DisableObstacles}
		{Player 2}
		{MID 53}
		{Able {select 0}}
		{Breed "ger.infantry_smg"}
		{FsmState "board"}
	}
	{Entity "_infantry2_rus" 0x887b
		{Position 5525.23 3514.16 36.1494}
		{Orientation
			  0.162247  -0.981277  -0.103900
			  0.986605   0.163128  -0.000000
			  0.016949  -0.102508   0.994600
		}
		{Extender "inventory"
			{box
				{clear}
				{item "ammo pistol" 60 {cell 4 0}}
				{item "grenade m39" {cell 0 0}}
				{item "mp41" {cell 0 1}}
			}
		}
		{DisableObstacles}
		{Player 2}
		{MID 54}
		{Able {select 0}}
		{Breed "ger.infantry_ss"}
		{FsmState "board"}
	}
	{Entity "sdkfz-223" 0x887c
		{Position 5543.93 4274.25 37}
		{Turn -88.5491}
		{Player 2}
		{MID 61}
	}
	{Entity "_infantry2_rus" 0x887d
		{Position 5543.68 4283.98 56.0236}
		{Turn -88.5491}
		{Extender "inventory"
			{box
				{clear}
				{item "mp41" {cell 0 0}}
				{item "ammo pistol" 60 {cell 4 0}}
				{item "grenade m24x5" {cell 6 0}}
			}
		}
		{DisableObstacles}
		{Player 2}
		{MID 62}
		{Able {select 0}}
		{Breed "ger.tankman"}
		{FsmState "board"}
	}
	{Entity "_infantry2_rus" 0x887e
		{Position 5538.33 4256.87 46.2704}
		{Orientation
			  0.023317  -0.920605   0.389700
			  0.999679   0.025320  -0.000000
			 -0.009867   0.389575   0.920900
		}
		{Extender "inventory"
			{box
				{clear}
				{item "mp41" {cell 0 0}}
				{item "ammo pistol" 60 {cell 4 0}}
				{item "grenade m24x5" {cell 6 0}}
			}
		}
		{DisableObstacles}
		{Player 2}
		{MID 63}
		{Able {select 0}}
		{Breed "ger.tankman"}
		{FsmState "board"}
	}
	{Entity "sdkfz251_1" 0x887f
		{Position 5395.78 3824.74 36.9178}
		{Turn -85.7691}
		{Player 2}
		{MID 64}
	}
	{Entity "_infantry2_rus" 0x8880
		{Position 5389.51 3844.68 51.7973}
		{Orientation
			  0.981144   0.074265   0.178354
			 -0.074972   0.997183  -0.002689
			 -0.178052  -0.010725   0.983946
		}
		{Extender "inventory"
			{box
				{clear}
				{item "ammo pistol" 20 {cell 0 0}}
				{item "mp40" {cell 0 1}}
				{item "grenade m24" {cell 4 0}}
				{item "ammo pistol" 25 {cell 2 0}}
			}
		}
		{DisableObstacles}
		{Player 2}
		{MID 65}
		{Able {select 0}}
		{Breed "ger.infantry_smg"}
		{FsmState "board"}
	}
	{Entity "_infantry2_rus" 0x8881
		{Position 5392.15 3812.45 47.4768}
		{Orientation
			  0.067303  -0.932830   0.354107
			  0.997262   0.073787   0.004834
			 -0.030638   0.352812   0.935242
		}
		{Extender "inventory"
			{box
				{clear}
				{item "ammo pistol" 20 {cell 0 0}}
				{item "mp40" {cell 0 1}}
				{item "grenade m24" {cell 4 0}}
			}
		}
		{DisableObstacles}
		{Player 2}
		{MID 66}
		{Able {select 0}}
		{Breed "ger.infantry_smg"}
		{FsmState "board"}
	}
	{Entity "_infantry2_rus" 0x8882
		{Position 5398.09 3869.22 53.6161}
		{Orientation
			 -0.982975  -0.072263   0.168837
			  0.073775  -0.997271   0.002683
			  0.168183   0.015094   0.985624
		}
		{Extender "inventory"
			{box
				{clear}
				{item "ammo pistol" 20 {cell 0 0}}
				{item "mp40" {cell 0 1}}
				{item "grenade m24" {cell 4 0}}
			}
		}
		{DisableObstacles}
		{Player 2}
		{MID 67}
		{Able {select 0}}
		{Breed "ger.infantry_smg"}
		{FsmState "board"}
	}
	{Entity "_infantry2_rus" 0x8883
		{Position 5396.19 3828.6 53.5994}
		{Turn -84.8639}
		{Extender "inventory"
			{box
				{clear}
				{item "ammo pistol" 20 {cell 0 0}}
				{item "mp40" {cell 0 1}}
				{item "grenade m24" {cell 4 0}}
			}
		}
		{DisableObstacles}
		{Player 2}
		{MID 68}
		{Able {select 0}}
		{Breed "ger.infantry_smg"}
		{FsmState "board"}
	}
	{Entity "_infantry2_rus" 0x8884
		{Position 5390.35 3833.45 51.8276}
		{Orientation
			  0.981144   0.074265   0.178354
			 -0.074972   0.997183  -0.002689
			 -0.178052  -0.010725   0.983946
		}
		{Extender "inventory"
			{box
				{clear}
				{item "ammo pistol" 20 {cell 0 0}}
				{item "mp40" {cell 0 1}}
				{item "grenade m24" {cell 4 0}}
			}
		}
		{DisableObstacles}
		{Player 2}
		{MID 69}
		{Able {select 0}}
		{Breed "ger.infantry_smg"}
		{FsmState "board"}
	}
	{Entity "_infantry2_rus" 0x8885
		{Position 5387.87 3866.39 51.7388}
		{Orientation
			  0.981144   0.074265   0.178354
			 -0.074972   0.997183  -0.002689
			 -0.178052  -0.010725   0.983946
		}
		{Extender "inventory"
			{box
				{clear}
				{item "mauzer" {cell 0 0}}
				{item "ammo rifle" 6 {cell 4 0}}
			}
		}
		{DisableObstacles}
		{Player 2}
		{MID 70}
		{Able {select 0}}
		{Breed "ger.infantry_rifle"}
		{FsmState "board"}
	}
	{Entity "_infantry2_rus" 0x8886
		{Position 5388.64 3856.24 51.7661}
		{Orientation
			  0.981144   0.074265   0.178354
			 -0.074972   0.997183  -0.002689
			 -0.178052  -0.010725   0.983946
		}
		{Extender "inventory"
			{box
				{clear}
				{item "weapon bazooka" {cell 0 0}}
				{item "ammo bazooka" {cell 5 0}}
				{item "ammo bazooka" {cell 5 1}}
				{item "ammo bazooka" {cell 0 2}}
				{item "ammo bazooka" {cell 2 2}}
				{item "ammo bazooka" {cell 4 2}}
				{item "ammo pistol" 29 {cell 6 2}}
				{item "valter" {cell 0 3}}
			}
		}
		{DisableObstacles}
		{Player 2}
		{MID 71}
		{Able {select 0}}
		{Breed "ger.bazoker"}
		{FsmState "board"}
	}
	{Entity "sdkfz251_1" 0x8887
		{Position -2240.31 1128.9 0}
		{Turn -44.2871}
		{Player 2}
		{MID 72}
	}
	{Entity "_infantry2_rus" 0x8888
		{Position -2242.47 1132.09 16.6882}
		{Turn -43.3818}
		{Extender "inventory"
			{box
				{clear}
				{item "mp41" {cell 0 0}}
				{item "ammo pistol" 60 {cell 4 0}}
				{item "grenade m24x5" {cell 6 0}}
			}
		}
		{DisableObstacles}
		{Player 2}
		{MID 73}
		{Able {select 0}}
		{Breed "ger.tankman"}
		{FsmState "board"}
	}
	{Entity "_infantry2_rus" 0x8889
		{Position -2234.83 1117.31 10.5485}
		{Orientation
			  0.670179  -0.653706   0.351600
			  0.698254   0.715850   0.000000
			 -0.251693   0.245506   0.936200
		}
		{Extender "inventory"
			{box
				{clear}
				{item "mp41" {cell 0 0}}
				{item "ammo pistol" 60 {cell 4 0}}
				{item "grenade m24x5" {cell 6 0}}
			}
		}
		{DisableObstacles}
		{Player 2}
		{MID 74}
		{Able {select 0}}
		{Breed "ger.tankman"}
		{FsmState "board"}
	}
	{Entity "_infantry2_rus" 0x888a
		{Position -2260.02 1156.05 16.7896}
		{Orientation
			 -0.687641  -0.704969   0.173600
			  0.715850  -0.698254   0.000000
			  0.121217   0.124272   0.984800
		}
		{Extender "inventory"
			{box
				{clear}
				{item "ammo pistol" 20 {cell 0 0}}
				{item "mp40" {cell 0 1}}
				{item "grenade m24" {cell 4 0}}
			}
		}
		{DisableObstacles}
		{Player 2}
		{MID 75}
		{Able {select 0}}
		{Breed "ger.infantry_smg"}
		{FsmState "board"}
	}
	{Entity "_infantry2_rus" 0x888b
		{Position -2267.95 1163.78 16.7896}
		{Orientation
			 -0.687641  -0.704969   0.173600
			  0.715850  -0.698254   0.000000
			  0.121217   0.124272   0.984800
		}
		{Extender "inventory"
			{box
				{clear}
				{item "ammo pistol" 20 {cell 0 0}}
				{item "mp40" {cell 0 1}}
				{item "grenade m24" {cell 4 0}}
			}
		}
		{DisableObstacles}
		{Player 2}
		{MID 76}
		{Able {select 0}}
		{Breed "ger.infantry_smg"}
		{FsmState "board"}
	}
	{Entity "_infantry2_rus" 0x888c
		{Position -2252.16 1148.38 16.7896}
		{Orientation
			 -0.687641  -0.704969   0.173600
			  0.715850  -0.698254   0.000000
			  0.121217   0.124272   0.984800
		}
		{Extender "inventory"
			{box
				{clear}
				{item "ammo pistol" 20 {cell 0 0}}
				{item "mp40" {cell 0 1}}
				{item "grenade m24" {cell 4 0}}
			}
		}
		{DisableObstacles}
		{Player 2}
		{MID 77}
		{Able {select 0}}
		{Breed "ger.infantry_smg"}
		{FsmState "board"}
	}
	{Entity "_infantry2_rus" 0x888d
		{Position -2266.45 1147.79 14.957}
		{Orientation
			  0.686782   0.705807   0.173600
			 -0.716688   0.697395   0.000000
			 -0.121074  -0.124411   0.984800
		}
		{Extender "inventory"
			{box
				{clear}
				{item "ammo pistol" 20 {cell 0 0}}
				{item "mp40" {cell 0 1}}
				{item "grenade m24" {cell 4 0}}
			}
		}
		{DisableObstacles}
		{Player 2}
		{MID 78}
		{Able {select 0}}
		{Breed "ger.infantry_smg"}
		{FsmState "board"}
	}
	{Entity "_infantry2_rus" 0x888e
		{Position -2250.07 1131.85 14.957}
		{Orientation
			  0.686782   0.705807   0.173600
			 -0.716688   0.697395   0.000000
			 -0.121074  -0.124411   0.984800
		}
		{Extender "inventory"
			{box
				{clear}
				{item "mauzer" {cell 0 0}}
				{item "ammo rifle" 6 {cell 4 0}}
			}
		}
		{DisableObstacles}
		{Player 2}
		{MID 79}
		{Able {select 0}}
		{Breed "ger.infantry_rifle"}
		{FsmState "board"}
	}
	{Entity "_infantry2_rus" 0x888f
		{Position -2273.75 1154.89 14.957}
		{Orientation
			  0.686782   0.705807   0.173600
			 -0.716688   0.697395   0.000000
			 -0.121074  -0.124411   0.984800
		}
		{Extender "inventory"
			{box
				{clear}
				{item "mauzer" {cell 0 0}}
				{item "ammo rifle" 6 {cell 4 0}}
			}
		}
		{DisableObstacles}
		{Player 2}
		{MID 80}
		{Able {select 0}}
		{Breed "ger.infantry_rifle"}
		{FsmState "board"}
	}
	{Entity "_infantry2_rus" 0x8890
		{Position -2258.14 1139.71 14.957}
		{Orientation
			  0.686782   0.705807   0.173600
			 -0.716688   0.697395   0.000000
			 -0.121074  -0.124411   0.984800
		}
		{Extender "inventory"
			{box
				{clear}
				{item "ammo pistol" 20 {cell 0 0}}
				{item "mp40" {cell 0 1}}
				{item "grenade m24" {cell 4 0}}
			}
		}
		{DisableObstacles}
		{Player 2}
		{MID 81}
		{Able {select 0}}
		{Breed "ger.infantry_smg"}
		{FsmState "board"}
	}
	{Entity "_infantry2_rus" 0x8891
		{Position 5398.91 3858.17 53.6459}
		{Orientation
			 -0.982975  -0.072263   0.168837
			  0.073775  -0.997271   0.002683
			  0.168183   0.015094   0.985624
		}
		{Extender "inventory"
			{box
				{clear}
				{item "ammo pistol" 20 {cell 0 0}}
				{item "mp40" {cell 0 1}}
				{item "grenade m24" {cell 4 0}}
			}
		}
		{DisableObstacles}
		{Player 2}
		{MID 88}
		{Able {select 0}}
		{Breed "ger.infantry_smg"}
		{FsmState "board"}
	}
	{Entity "_infantry2_rus" 0x8892
		{Position 5399.72 3847.22 53.6753}
		{Orientation
			 -0.982975  -0.072263   0.168837
			  0.073775  -0.997271   0.002683
			  0.168183   0.015094   0.985624
		}
		{Extender "inventory"
			{box
				{clear}
				{item "ammo pistol" 20 {cell 0 0}}
				{item "mp40" {cell 0 1}}
				{item "grenade m24" {cell 4 0}}
			}
		}
		{DisableObstacles}
		{Player 2}
		{MID 89}
		{Able {select 0}}
		{Breed "ger.infantry_smg"}
		{FsmState "board"}
	}
	{Entity "_infantry2_rus" 0x8893
		{Position 5400.49 3836.8 53.7034}
		{Orientation
			 -0.982975  -0.072263   0.168837
			  0.073775  -0.997271   0.002683
			  0.168183   0.015094   0.985624
		}
		{Extender "inventory"
			{box
				{clear}
				{item "mauzer" {cell 0 0}}
				{item "ammo rifle" 6 {cell 4 0}}
			}
		}
		{DisableObstacles}
		{Player 2}
		{MID 90}
		{Able {select 0}}
		{Breed "ger.infantry_rifle"}
		{FsmState "board"}
	}
	{Entity "sdkfz-223" 0x8894
		{Position 2156.07 547.108 0}
		{Turn -176.413}
		{Player 2}
		{MID 45}
	}
	{Entity "bmw-r12" 0x8895
		{Position 2338.06 560.796 0}
		{Turn 172.766}
		{Player 2}
		{MID 91}
	}
	{Entity "_infantry2_rus" 0x8896
		{Position 2165.78 547.717 19.0236}
		{Turn -176.413}
		{Extender "inventory"
			{box
				{clear}
				{item "mp41" {cell 0 0}}
				{item "ammo pistol" 60 {cell 4 0}}
				{item "grenade m24x5" {cell 6 0}}
			}
		}
		{DisableObstacles}
		{Player 2}
		{MID 92}
		{Able {select 0}}
		{Breed "ger.tankman"}
		{FsmState "board"}
	}
	{Entity "_infantry2_rus" 0x8897
		{Position 2138.49 552.058 9.2704}
		{Orientation
			 -0.919096  -0.057615   0.389700
			  0.062564  -0.998041   0.000000
			  0.388937   0.024381   0.920900
		}
		{Extender "inventory"
			{box
				{clear}
				{item "mp41" {cell 0 0}}
				{item "ammo pistol" 60 {cell 4 0}}
				{item "grenade m24x5" {cell 6 0}}
			}
		}
		{DisableObstacles}
		{Player 2}
		{MID 93}
		{Able {select 0}}
		{Breed "ger.tankman"}
		{FsmState "board"}
	}
	{Entity "_infantry2_rus" 0x8898
		{Position 2352.31 565.497 6.953}
		{Orientation
			 -0.976961   0.124007   0.173600
			 -0.125921  -0.992040   0.000000
			  0.172218  -0.021860   0.984800
		}
		{Extender "inventory"
			{box
				{clear}
				{item "ammo pistol" 20 {cell 0 0}}
				{item "mp40" {cell 0 1}}
				{item "grenade m24" {cell 4 0}}
			}
		}
		{DisableObstacles}
		{Player 2}
		{MID 94}
		{Able {select 0}}
		{Breed "ger.infantry_smg"}
		{FsmState "board"}
	}
	{Entity "_infantry2_rus" 0x8899
		{Position 2345.49 551.617 0.3124}
		{Turn 172.766}
		{Extender "inventory"
			{box
				{clear}
				{item "mp40" {cell 0 0}}
				{item "ammo pistol" 60 {cell 4 0}}
				{item "grenade m24" {cell 6 0}}
			}
		}
		{DisableObstacles}
		{Player 2}
		{MID 95}
		{Able {select 0}}
		{Breed "ger.infantry_ss"}
		{FsmState "board"}
	}
	{Entity "_infantry2_rus" 0x889a
		{Position 2344.15 566.533 -0.8506}
		{Orientation
			 -0.986683   0.125241  -0.103900
			 -0.125921  -0.992040   0.000000
			 -0.103073   0.013083   0.994600
		}
		{Extender "inventory"
			{box
				{clear}
				{item "ammo pistol" 20 {cell 0 0}}
				{item "mp40" {cell 0 1}}
				{item "grenade m24" {cell 4 0}}
			}
		}
		{DisableObstacles}
		{Player 2}
		{MID 96}
		{Able {select 0}}
		{Breed "ger.infantry_smg"}
		{FsmState "board"}
	}
	{Entity "_infantry2_rus" 0x889b
		{Position 5519.45 3919.72 62.1061}
		{Orientation
			  0.993016  -0.099202   0.064300
			  0.100953   0.994560  -0.025700
			 -0.061399   0.031998   0.997600
		}
		{Extender "inventory"
			{box
				{clear}
				{item "mg34" {cell 0 0}}
				{item "ammo mgun" 100 {cell 6 0}}
				{item "ammo mgun" 100 {cell 6 1}}
				{item "grenade m24" {cell 0 2}}
			}
		}
		{DisableObstacles}
		{Player 2}
		{MID 97}
		{Able {select 0}}
		{Breed "ger.infantry_mgun"}
		{FsmState "board"}
	}
	{Entity "_infantry2_rus" 0x889c
		{Position 5519.26 3899.84 62.5088}
		{Orientation
			  0.981904   0.061740   0.179000
			 -0.059518   0.998041  -0.017400
			 -0.179784   0.006506   0.983700
		}
		{Extender "inventory"
			{box
				{clear}
				{item "mg34" {cell 0 0}}
				{item "ammo mgun" 100 {cell 6 0}}
				{item "ammo mgun" 100 {cell 6 1}}
				{item "grenade m24" {cell 0 2}}
			}
		}
		{DisableObstacles}
		{Player 2}
		{MID 98}
		{Able {select 0}}
		{Breed "ger.infantry_mgun"}
		{FsmState "board"}
	}
	{Entity "_infantry2_rus" 0x889d
		{Position 5519.58 3909.8 63.3185}
		{Orientation
			  0.983614  -0.009252   0.180200
			  0.012577   0.999815  -0.017500
			 -0.180064   0.019522   0.983500
		}
		{Extender "inventory"
			{box
				{clear}
				{item "mg34" {cell 0 0}}
				{item "ammo mgun" 100 {cell 6 0}}
				{item "ammo mgun" 100 {cell 6 1}}
				{item "grenade m24" {cell 0 2}}
			}
		}
		{DisableObstacles}
		{Player 2}
		{MID 99}
		{Able {select 0}}
		{Breed "ger.infantry_mgun"}
		{FsmState "board"}
	}
	{Entity "_infantry2_rus" 0x889e
		{Position 5520.27 3931.27 62.5729}
		{Orientation
			  0.981904   0.061740   0.179000
			 -0.059518   0.998041  -0.017400
			 -0.179784   0.006506   0.983700
		}
		{Extender "inventory"
			{box
				{clear}
				{item "mg34" {cell 0 0}}
				{item "ammo mgun" 100 {cell 6 0}}
				{item "ammo mgun" 100 {cell 6 1}}
				{item "grenade m24" {cell 0 2}}
			}
		}
		{DisableObstacles}
		{Player 2}
		{MID 100}
		{Able {select 0}}
		{Breed "ger.infantry_mgun"}
		{FsmState "board"}
	}
	{Entity "_infantry2_rus" 0x889f
		{Position 5521.13 3942.37 61.7629}
		{Orientation
			  0.970909  -0.154818   0.182800
			  0.160635   0.986829  -0.017400
			 -0.177700   0.046260   0.983000
		}
		{Extender "inventory"
			{box
				{clear}
				{item "mg34" {cell 0 0}}
				{item "ammo mgun" 100 {cell 6 0}}
				{item "ammo mgun" 100 {cell 6 1}}
				{item "grenade m24" {cell 0 2}}
			}
		}
		{DisableObstacles}
		{Player 2}
		{MID 101}
		{Able {select 0}}
		{Breed "ger.infantry_mgun"}
		{FsmState "board"}
	}
	{Entity "piece_medium_steel" 0x88a0
		{Position 1162.79 1697.79 -1014}
		{Orientation
			 -0.747329   0.664453   0.001081
			  0.017788   0.018380   0.999673
			  0.664216   0.747104  -0.025555
		}
		{DisableObstacles}
	}
	{Entity "sdkfz10-5" 0x88a4
		{Position -2196.35 1230.81 0}
		{Turn -37.2632}
		{Player 2}
		{MID 105}
	}
	{Entity "_infantry2_rus" 0x88a5
		{Position -2183.94 1228.55 7.8749}
		{Orientation
			  0.783765  -0.596274   0.173600
			  0.605477   0.795862   0.000000
			 -0.138162   0.105111   0.984800
		}
		{Extender "inventory"
			{box
				{clear}
				{item "mp41" {cell 0 0}}
				{item "ammo pistol" 60 {cell 4 0}}
				{item "grenade m24x5" {cell 6 0}}
			}
		}
		{DisableObstacles}
		{Player 2}
		{MID 111}
		{Able {select 0}}
		{Breed "ger.tankman"}
		{FsmState "board"}
	}
	{Entity "_infantry2_rus" 0x88a6
		{Position -2193 1216.58 7.876}
		{Orientation
			  0.783765  -0.596274   0.173600
			  0.605477   0.795862   0.000000
			 -0.138162   0.105111   0.984800
		}
		{Extender "inventory"
			{box
				{clear}
				{item "mp41" {cell 0 0}}
				{item "ammo pistol" 60 {cell 4 0}}
				{item "grenade m24x5" {cell 6 0}}
			}
		}
		{DisableObstacles}
		{Player 2}
		{MID 112}
		{Able {select 0}}
		{Breed "ger.tankman"}
		{FsmState "board"}
	}
	{Entity "_infantry2_rus" 0x88a7
		{Position -2209.29 1251.05 18.0469}
		{Orientation
			  0.742794  -0.565732   0.358000
			  0.605955   0.795499  -0.000100
			 -0.284737   0.217000   0.933700
		}
		{Extender "inventory"
			{box
				{clear}
				{item "mp41" {cell 0 0}}
				{item "ammo pistol" 60 {cell 4 0}}
				{item "grenade m24x5" {cell 6 0}}
			}
		}
		{DisableObstacles}
		{Player 2}
		{MID 113}
		{Able {select 0}}
		{Breed "ger.tankman"}
		{FsmState "board"}
	}
	{Entity "birds" 0x88a8
		{Position 1327.03 127.958 0}
	}
	{Entity "_infantry2_rus" 0x88a9
		{Position 5392.7 3956.76 36.9025}
		{Orientation
			  0.075784  -0.997124  -0.001143
			 -0.997108  -0.075776  -0.005737
			 -0.005634  -0.001574   0.999983
		}
		{Extender "vitality"
			{Energy 98.4}
		}
		{Extender "inventory"
			{box
				{clear}
				{item "mp41" {cell 0 0}}
				{item "ammo pistol" 60 {cell 4 0}}
				{item "grenade m24x5" {cell 6 0}}
			}
		}
		{Player 2}
		{MID 106}
		{Able {select 0}}
		{Breed "ger.tankman"}
		{FsmState "board"}
	}
	{Entity "_infantry2_rus" 0x88aa
		{Position -798.782 543.512 5}
		{Extender "inventory"
			{box
				{clear}
				{item "ammo pistol" 20 {cell 0 0}}
				{item "mp40" {cell 0 1}}
				{item "grenade m24" {cell 4 0}}
				{item "ammo pistol" {cell 2 0}}
				{item "ammo pistol" {cell 6 0}}
				{item "ammo pistol" {cell 4 1}}
				{item "ammo pistol" {cell 6 1}}
				{item "ammo pistol" {cell 6 2}}
				{item "ammo pistol" {cell 4 2}}
			}
		}
		{Player 2}
		{MID 1}
		{Breed "ger.infantry_smg"}
		{FsmState "stand"}
	}
	{Entity "_infantry2_rus" 0x88ab
		{Position 288.572 1708.58 0}
		{Turn -54.9209}
		{Extender "inventory"
			{box
				{clear}
				{item "ammo pistol" 22 {cell 0 0}}
				{item "grenade m24" {cell 4 0}}
				{item "mp40" filling "ammo pistol" 25 {cell 0 1}}
				{item "ammo pistol" {cell 2 0}}
				{item "ammo pistol" {cell 6 0}}
				{item "ammo pistol" {cell 4 1}}
			}
		}
		{Player 2}
		{MID 2}
		{Breed "ger.infantry_smg"}
		{FsmState "stand"}
	}
	{Entity "_infantry2_rus" 0x88ac
		{Position 368.962 1640.17 0}
		{Extender "inventory"
			{box
				{clear}
				{item "mauzer" {cell 0 0}}
				{item "ammo rifle" 6 {cell 4 0}}
				{item "ammo rifle" {cell 5 0}}
			}
		}
		{Player 2}
		{MID 15}
		{Breed "ger.infantry_rifle"}
		{FsmState "stand"}
	}
	{Entity "_infantry2_rus" 0x88ad
		{Position 1878.27 794.863 0}
		{Extender "inventory"
			{box
				{clear}
				{item "ammo pistol" 22 {cell 0 0}}
				{item "mp40" {cell 0 1}}
				{item "grenade m39" {cell 2 0}}
			}
		}
		{Player 2}
		{MID 22}
		{Breed "ger.infantry_smg"}
		{FsmState "stand"}
	}
	{Entity "_infantry2_rus" 0x88ae
		{Position -96.4843 -634.107 0}
		{Extender "inventory"
			{box
				{clear}
				{item "ammo pistol" 20 {cell 0 0}}
				{item "mp40" {cell 0 1}}
				{item "ammo pistol" 23 {cell 2 0}}
				{item "grenade m39" {cell 4 0}}
			}
		}
		{Player 2}
		{MID 24}
		{Breed "ger.infantry_smg"}
		{FsmState "stand"}
	}
	{Entity "_infantry2_rus" 0x88af
		{Position 50.2174 -1302.2 0}
		{Extender "inventory"
			{box
				{clear}
				{item "ammo pistol" 20 {cell 0 0}}
				{item "mp40" {cell 0 1}}
				{item "grenade m24" {cell 4 0}}
			}
		}
		{Player 2}
		{MID 25}
		{Breed "ger.infantry_smg"}
		{FsmState "stand"}
	}
	{Entity "_infantry2_rus" 0x88b0
		{Position 107.027 -1341 0}
		{Extender "inventory"
			{box
				{clear}
				{item "mg34" {cell 0 0}}
				{item "ammo mgun" 100 {cell 6 0}}
				{item "ammo mgun" 100 {cell 6 1}}
				{item "grenade m24" {cell 0 2}}
			}
		}
		{Player 2}
		{MID 26}
		{Breed "ger.infantry_mgun"}
		{FsmState "stand"}
	}
	{Entity "_infantry2_rus" 0x88b1
		{Position 532.318 506.088 0}
		{Extender "inventory"
			{box
				{clear}
				{item "ammo pistol" 24 {cell 0 0}}
				{item "grenade m24" {cell 4 0}}
				{item "mp41" {cell 0 1}}
			}
		}
		{Player 2}
		{MID 27}
		{Breed "ger.infantry_smg"}
		{FsmState "stand"}
	}
	{Entity "_infantry2_rus" 0x88b2
		{Position 2822.26 325.285 0}
		{Extender "inventory"
			{box
				{clear}
				{item "mauzer" {cell 0 0}}
				{item "ammo rifle" 6 {cell 4 0}}
				{item "ammo rifle" {cell 5 0}}
			}
		}
		{Player 2}
		{MID 29}
		{Breed "ger.infantry_rifle"}
		{FsmState "stand"}
	}
	{Entity "_infantry2_rus" 0x88b3
		{Position 4686.53 -590.185 27.6877}
		{Extender "inventory"
			{box
				{clear}
				{item "ammo pistol" 20 {cell 0 0}}
				{item "mp40" {cell 0 1}}
				{item "grenade m24" {cell 4 0}}
			}
		}
		{Player 2}
		{MID 30}
		{Breed "ger.infantry_smg"}
		{FsmState "stand"}
	}
	{Entity "bmw-r12" 0x88b4
		{Position 5414.14 3484.31 37}
		{Turn -65.428}
		{Player 2}
		{MID 5}
	}
	{Entity "_infantry2_rus" 0x88b5
		{Position 5406.05 3486.46 36.1494}
		{Orientation
			  0.413591  -0.904529  -0.103900
			  0.909440   0.415836   0.000000
			  0.043205  -0.094491   0.994600
		}
		{Extender "inventory"
			{box
				{clear}
				{item "ammo pistol" 20 {cell 0 0}}
				{item "mp40" {cell 0 1}}
				{item "grenade m24" {cell 4 0}}
			}
		}
		{DisableObstacles}
		{Player 2}
		{MID 6}
		{Able {select 0}}
		{Breed "ger.infantry_smg"}
		{FsmState "board"}
	}
	{Entity "_infantry2_rus" 0x88b6
		{Position 5418.03 3495.46 37.3124}
		{Turn -65.428}
		{Extender "inventory"
			{box
				{clear}
				{item "mp40" {cell 0 0}}
				{item "ammo pistol" 60 {cell 4 0}}
				{item "grenade m24" {cell 6 0}}
			}
		}
		{DisableObstacles}
		{Player 2}
		{MID 7}
		{Able {select 0}}
		{Breed "ger.infantry_ss"}
		{FsmState "board"}
	}
	{Entity "_infantry2_rus" 0x88b7
		{Position 5402.63 3493.95 43.953}
		{Orientation
			  0.409516  -0.895616   0.173600
			  0.909440   0.415836   0.000000
			 -0.072189   0.157879   0.984800
		}
		{Extender "inventory"
			{box
				{clear}
				{item "ammo pistol" 20 {cell 0 0}}
				{item "mp40" {cell 0 1}}
				{item "grenade m24" {cell 4 0}}
			}
		}
		{DisableObstacles}
		{Player 2}
		{MID 8}
		{Able {select 0}}
		{Breed "ger.infantry_smg"}
		{FsmState "board"}
	}
	{Entity "bmw-r12" 0x88b8
		{Position 5414.92 3354.72 37}
		{Turn -68.6874}
		{Player 2}
		{MID 9}
	}
	{Entity "_infantry2_rus" 0x88b9
		{Position 5406.97 3357.33 36.1494}
		{Orientation
			  0.361493  -0.926581  -0.103900
			  0.931611   0.363456   0.000000
			  0.037763  -0.096794   0.994600
		}
		{Extender "inventory"
			{box
				{clear}
				{item "ammo pistol" 60 {cell 4 0}}
				{item "grenade m24" {cell 6 0}}
				{item "mp41" {cell 0 0}}
			}
		}
		{DisableObstacles}
		{Player 2}
		{MID 10}
		{Able {select 0}}
		{Breed "ger.infantry_ss"}
		{FsmState "board"}
	}
	{Entity "_infantry2_rus" 0x88ba
		{Position 5419.43 3365.63 37.3124}
		{Turn -68.6874}
		{Extender "inventory"
			{box
				{clear}
				{item "ammo pistol" 20 {cell 0 0}}
				{item "mp40" {cell 0 1}}
				{item "grenade m24" {cell 4 0}}
				{item "ammo pistol" {cell 2 0}}
				{item "ammo pistol" {cell 6 0}}
				{item "ammo pistol" {cell 4 1}}
			}
		}
		{DisableObstacles}
		{Player 2}
		{MID 43}
		{Able {select 0}}
		{Breed "ger.infantry_smg"}
		{FsmState "board"}
	}
	{Entity "_infantry2_rus" 0x88bb
		{Position 5403.98 3364.99 43.953}
		{Orientation
			  0.357931  -0.917451   0.173600
			  0.931611   0.363456   0.000000
			 -0.063096   0.161728   0.984800
		}
		{Extender "inventory"
			{box
				{clear}
				{item "ammo pistol" 20 {cell 0 0}}
				{item "mp40" {cell 0 1}}
				{item "grenade m24" {cell 4 0}}
			}
		}
		{DisableObstacles}
		{Player 2}
		{MID 44}
		{Able {select 0}}
		{Breed "ger.infantry_smg"}
		{FsmState "board"}
	}
	{Entity "_infantry2_rus" 0x88bc
		{Position 1020.87 -254.998 0}
		{Turn 4.11633}
		{Extender "inventory"
			{box
				{clear}
				{item "sg44" {cell 0 0}}
				{item "ammo pistol" 100 {cell 4 0}}
				{item "ammo pistol" 20 {cell 6 0}}
				{item "grenade m24" {cell 4 1}}
				{item "grenade m39" {cell 6 1}}
			}
		}
		{Player 2}
		{MID 57}
		{Breed "mp44_ger_soldier"}
		{FsmState "stand"}
	}
	{Entity "_infantry2_rus" 0x88bd
		{Position 1051.96 -239.454 0}
		{Turn 128.203}
		{Extender "inventory"
			{box
				{clear}
				{item "ammo pistol" 19 {cell 0 0}}
				{item "mp40" {cell 0 1}}
				{item "grenade m24" {cell 4 0}}
				{item "ammo pistol" 23 {cell 2 0}}
			}
		}
		{Player 2}
		{MID 59}
		{Breed "ger.infantry_smg"}
		{FsmState "stand"}
	}
	{Entity "sdkfz-223" 0x88be
		{Position 5015.14 -1038.51 18.868}
		{Turn -47.1834}
		{Player 2}
		{MID 60}
	}
	{Entity "_infantry2_rus" 0x88bf
		{Position 4897.71 -1082.81 10.7709}
		{Turn 18.0365}
		{Extender "inventory"
			{box
				{clear}
				{item "mp41" {cell 0 0}}
				{item "ammo pistol" 60 {cell 4 0}}
			}
		}
		{Player 2}
		{MID 82}
		{Breed "ger.tankman"}
		{FsmState "stand"}
	}
	{Entity "_infantry2_rus" 0x88c0
		{Position 4940.87 -1030.11 11.1738}
		{Turn -38.4301}
		{Extender "inventory"
			{box
				{clear}
				{item "mp41" {cell 0 0}}
				{item "ammo pistol" 57 {cell 4 0}}
			}
		}
		{Player 2}
		{MID 83}
		{Breed "ger.tankman"}
		{FsmState "stand"}
	}
	{Entity "_infantry2_rus" 0x88c1
		{Position 4960.35 -1060.48 14.0333}
		{Turn 158.842}
		{Extender "inventory"
			{box
				{clear}
				{item "mp41" {cell 0 0}}
				{item "ammo pistol" 59 {cell 4 0}}
			}
		}
		{Player 2}
		{MID 84}
		{Breed "ger.tankman"}
		{FsmState "stand"}
	}
	{Entity "_infantry2_rus" 0x88c2
		{Position 993.107 -39.0575 0}
		{Turn 106.357}
		{Extender "vitality"
			{Health
				{Max 200}
				{Current 200}
			}
		}
		{Extender "inventory"
			{box
				{clear}
				{item "mg34" {cell 0 0}}
				{item "ammo mgun" 100 {cell 6 0}}
				{item "ammo mgun" 100 {cell 6 1}}
				{item "grenade m24" {cell 0 2}}
			}
		}
		{Player 2}
		{MID 85}
		{Breed "ger.infantry_mgun"}
		{FsmState "stand"}
	}
	{Entity "_infantry2_rus" 0x88c3
		{Position 1488.71 152.692 0}
