;Exported by: garry
;Date:        Sat May 08 18:32:08 2004
;File:        D:\-Projects-\-3DWork-\Model\Танки\M7Priest\M7-Priest_xx.max
{Skeleton
	{bone "Basis"
		{Orientation
			1.0000	0.0000	0.0000
			0.0000	-1.0000	0.0000
			0.0000	0.0000	1.0000
		}
		{bone "WheelsL"
			{parameters "ID=trackleft;"}
			{Matrix34
				-1.0000	0.0000	0.0000
				0.0000	0.0000	1.0000
				0.0000	1.0000	-0.0000
				-5.6604	20.5032	11.3966
			}
			{VolumeView "WheelsL.ply"}
		}
		{bone "WheelsR"
			{parameters "ID=trackright;"}
			{Matrix34
				-1.0000	-0.0000	0.0000
				0.0000	-0.0000	1.0000
				0.0000	-1.0000	-0.0000
				-5.6604	-20.1576	11.3966
			}
			{VolumeView "WheelsR.ply"}
		}
		{bone "Body"
			{parameters "ID=body;"}
			{Matrix34
				0.9991	0.0000	-0.0423
				0.0000	1.0000	0.0000
				0.0423	0.0000	0.9991
				-1.4430	-0.0347	21.2910
			}
			{VolumeView "Body.ply"}
			{bone revolute "WheelL2"
				{parameters "ID=trackleft;"}
				{Matrix34
					-0.9970	0.0000	-0.0768
					-0.0768	0.0000	0.9970
					0.0000	1.0000	-0.0000
					-45.5539	26.7657	-7.4152
				}
				{VolumeView "WheelL2.ply"}
			}
			{bone revolute "WheelL1"
				{parameters "ID=trackleft;"}
				{Matrix34
					-0.9970	0.0000	-0.0768
					-0.0768	0.0000	0.9970
					0.0000	1.0000	-0.0000
					50.9408	26.7657	-7.4152
				}
				{VolumeView "WheelL1.ply"}
			}
			{bone revolute "WheelR1"
				{parameters "ID=trackright;"}
				{Matrix34
					-0.9970	-0.0000	-0.0768
					-0.0768	0.0000	0.9970
					0.0000	-1.0000	0.0000
					50.9408	-27.2923	-7.4152
				}
				{VolumeView "WheelR1.ply"}
			}
			{bone revolute "WheelR2"
				{parameters "ID=trackright;"}
				{Matrix34
					-0.9970	-0.0000	-0.0768
					-0.0768	-0.0000	0.9970
					0.0000	-1.0000	-0.0000
					-45.5539	-27.2923	-7.4152
				}
				{VolumeView "WheelR2.ply"}
			}
			{bone revolute "part2"
				{Matrix34
					0.9570	0.0000	-0.2901
					0.0000	1.0000	0.0000
					0.2901	0.0000	0.9570
					23.4434	-3.6117	9.6045
				}
				{VolumeView "part2.ply"}
			}
			{bone "gun_rot"
				{parameters "ID=gun;"}
				{Matrix34
					0.9828	0.0000	0.1846
					0.1846	-0.0000	-0.9828
					0.0000	1.0000	-0.0000
					18.7786	-2.0766	9.4729
				}
				{VolumeView "gun_rot.ply"}
				{bone "gun"
					{parameters "ID=gun;"}
					{Matrix34
						0.9648	-0.1560	-0.2118
						0.2192	0.0316	0.9752
						-0.1454	-0.9873	0.0647
						-21.0103	-6.9963	-1.2993
					}
					{VolumeView "gun.ply"}
				}
			}
			{bone "part1"
				{Position 1.2936	-0.6946	6.7842}
				{VolumeView "part1.ply"}
			}
			{bone "part3"
				{Position 15.4704	-19.7890	21.7223}
				{VolumeView "part3.ply"}
			}
		}
	}
}
{Volume "Body2"
	{Polyhedron "Body2.vol"}
	{Bone "Body"}
	{Position 0.8530	0.0918	-9.1700}
}
{Volume "Body1"
	{Polyhedron "Body1.vol"}
	{Bone "Body"}
	{Position 0.8530	0.0918	2.5084}
}
{Volume "part3"
	{Cylinder 8.79908 12.5}
	{Bone "part3"}
	{Matrix34
		0.9998	0.0000	0.0212
		0.0000	1.0000	0.0000
		-0.0212	0.0000	0.9998
		0.4371	1.1709	-0.0636
	}
}
{Volume "part1"
	{Polyhedron "part1.vol"}
	{Bone "part1"}
	{Matrix34
		0.9991	0.0000	0.0423
		0.0000	1.0000	0.0000
		-0.0423	0.0000	0.9991
		0.1820	-0.2951	-3.5222
	}
}
{Volume "part2"
	{Polyhedron "part2.vol"}
	{Bone "part2"}
	{Matrix34
		0.9998	0.0000	-0.0188
		0.0000	1.0000	0.0000
		0.0188	0.0000	0.9998
		-1.3196	-0.2426	-1.3497
	}
}
{Volume "Trackright"
	{Box 108.799 8.14612 22.6218}
	{Bone "WheelsR"}
	{Matrix34
		1.0000	-0.0000	-0.0000
		-0.0000	0.0000	-1.0000
		0.0000	1.0000	0.0000
		-6.6998	0.0252	0.4875
	}
}
{Volume "Trackleft"
	{Box 108.799 8.78088 22.6218}
	{Bone "WheelsL"}
	{Matrix34
		-1.0000	0.0000	0.0000
		0.0000	-0.0000	1.0000
		0.0000	1.0000	-0.0000
		-6.6998	0.0252	0.2951
	}
}
