;Exported by: shevchenko
;Date:        Sun Apr 18 14:36:33 2004
;File:        D:\-Projects-\-3DWork-\sheva\SK\build-05x.max
{Skeleton
	{animation
		{sequence "crush" {speed 0.4}}
	}
	{bone "build-05_corner1_x"
		{parameters "CommonMesh;"}
		{Orientation
			1.0000	0.0000	0.0000
			0.0000	-1.0000	0.0000
			0.0000	0.0000	1.0000
		}
		{VolumeView "build-05_corner1_x.ply"}
		{bone "Piece0"
			{Matrix34
				1.0000	0.0000	0.0000
				0.0000	-0.0000	1.0000
				0.0000	-1.0000	-0.0000
				-0.7320	-44.5324	144.5298
			}
			{VolumeView "Piece0.ply"}
			{bone "Sub_piece0"
				{Position 5.8709	-17.3937	2.3843}
				{VolumeView "Sub_piece0.ply"}
			}
			{bone "Sub_piece1"
				{Position -10.9402	-3.1648	-23.0810}
				{VolumeView "Sub_piece1.ply"}
			}
		}
		{bone "Piece1"
			{Matrix34
				1.0000	0.0000	0.0000
				0.0000	-0.0000	1.0000
				0.0000	-1.0000	-0.0000
				42.9720	-45.0194	141.2638
			}
			{VolumeView "Piece1.ply"}
			{bone "Sub_piece2"
				{Position 16.2465	1.2456	-17.5826}
				{VolumeView "Sub_piece2.ply"}
			}
		}
		{bone "Piece2"
			{Matrix34
				-1.0000	0.0000	-0.0000
				-0.0000	0.0000	1.0000
				0.0000	1.0000	-0.0000
				-40.8095	-48.3562	109.2820
			}
			{VolumeView "Piece2.ply"}
		}
		{bone "Piece3"
			{Matrix34
				1.0000	-0.0000	0.0000
				0.0000	0.0000	-1.0000
				0.0000	1.0000	0.0000
				-11.0279	-48.3562	84.9539
			}
			{VolumeView "Piece3.ply"}
		}
		{bone "Piece4"
			{Matrix34
				-0.0872	-0.0000	0.9962
				0.9962	0.0000	0.0872
				-0.0000	1.0000	0.0000
				-4.7974	-48.3562	62.8985
			}
			{VolumeView "Piece4.ply"}
		}
		{bone "Piece5"
			{Matrix34
				-0.0000	-0.7071	-0.7071
				-0.0000	-0.7071	0.7071
				-1.0000	0.0000	-0.0000
				-59.8787	28.6843	122.0421
			}
			{VolumeView "Piece5.ply"}
		}
		{bone "Piece6"
			{Matrix34
				0.0000	-0.9397	-0.3420
				0.0000	0.3420	-0.9397
				1.0000	0.0000	0.0000
				-59.9343	18.0612	144.9134
			}
			{VolumeView "Piece6.ply"}
		}
		{bone "Piece7"
			{Matrix34
				-0.0000	1.0000	0.0000
				0.0000	-0.0000	1.0000
				1.0000	0.0000	-0.0000
				-59.9343	-21.6082	131.1436
			}
			{VolumeView "Piece7.ply"}
		}
		{bone "Piece8"
			{Matrix34
				0.0000	-0.0000	-1.0000
				0.0000	-1.0000	0.0000
				-1.0000	-0.0000	0.0000
				-59.8072	-23.2736	51.6342
			}
			{VolumeView "Piece8.ply"}
		}
		{bone "Piece9"
			{Matrix34
				0.0000	-1.0000	0.0000
				-0.0000	-0.0000	1.0000
				-1.0000	-0.0000	-0.0000
				-59.8072	-2.4968	80.7478
			}
			{VolumeView "Piece9.ply"}
		}
		{bone "Piece10"
			{Matrix34
				-0.0000	-0.0000	-1.0000
				-0.0000	-1.0000	0.0000
				-1.0000	0.0000	-0.0000
				-59.8787	50.4962	151.0924
			}
			{VolumeView "Piece10.ply"}
		}
		{bone "Piece11"
			{Matrix34
				-1.0000	0.0000	-0.0000
				-0.0000	0.0000	1.0000
				0.0000	1.0000	-0.0000
				48.6126	-48.3562	109.2820
			}
			{VolumeView "Piece11.ply"}
		}
		{bone "Piece12"
			{Matrix34
				-1.0000	0.0000	-0.0000
				-0.0000	0.0000	1.0000
				0.0000	1.0000	-0.0000
				-3.2997	-48.3562	109.2820
			}
			{VolumeView "Piece12.ply"}
		}
		{bone "Piece13"
			{Matrix34
				-1.0000	0.0000	0.0000
				0.0000	0.0000	1.0000
				0.0000	1.0000	-0.0000
				-55.0271	-48.3562	84.9539
			}
			{VolumeView "Piece13.ply"}
		}
	}
}
{Volume "Piece13"
	{Box 9.74409 19.4334 22.3761}
	{Bone "Piece13"}
	{Matrix34
		0.0000	-0.0000	-1.0000
		1.0000	-0.0000	0.0000
		-0.0000	-1.0000	0.0000
		0.1596	4.3043	0.1198
	}
}
{Volume "Piece12"
	{Box 9.74409 22.5879 16.2836}
	{Bone "Piece12"}
	{Matrix34
		0.0000	-0.0000	-1.0000
		1.0000	-0.0000	0.0000
		-0.0000	-1.0000	0.0000
		-1.6728	-0.0015	0.1198
	}
}
{Volume "Piece11"
	{Box 9.74409 25.409 11.5032}
	{Bone "Piece11"}
	{Matrix34
		0.0000	-0.0000	-1.0000
		1.0000	-0.0000	0.0000
		-0.0000	-1.0000	0.0000
		-0.6549	3.1095	0.1198
	}
}
{Volume "Piece10"
	{Box 9.74409 19.0525 11.6519}
	{Bone "Piece10"}
	{Matrix34
		-0.0000	-0.0000	-1.0000
		-0.9848	-0.1736	0.0000
		-0.1736	0.9848	-0.0000
		0.7429	0.4903	-0.0058
	}
}
{Volume "Piece9"
	{Box 9.74409 29.4104 25.9624}
	{Bone "Piece9"}
	{Matrix34
		0.0000	0.0000	-1.0000
		-1.0000	-0.0000	-0.0000
		-0.0000	1.0000	0.0000
		1.8507	-1.2529	0.0657
	}
}
{Volume "Piece8"
	{Box 9.74409 26.9297 14.379}
	{Bone "Piece8"}
	{Matrix34
		0.0000	0.0000	-1.0000
		-0.0000	-1.0000	-0.0000
		-1.0000	0.0000	-0.0000
		1.0440	0.9076	0.0657
	}
}
{Volume "Piece7"
	{Box 9.74409 17.2605 30.0512}
	{Bone "Piece7"}
	{Matrix34
		0.0000	0.0000	1.0000
		-0.5000	0.8660	-0.0000
		-0.8660	-0.5000	0.0000
		0.4104	-4.3283	-0.0614
	}
}
{Volume "Piece6"
	{Box 9.74409 23.6251 13.9823}
	{Bone "Piece6"}
	{Matrix34
		0.0000	0.0000	1.0000
		0.9397	0.3420	-0.0000
		-0.3420	0.9397	-0.0000
		0.0961	-2.0746	-0.0614
	}
}
{Volume "Piece5"
	{Box 9.74409 24.1165 17.6544}
	{Bone "Piece5"}
	{Matrix34
		0.0000	0.0000	-1.0000
		-0.9848	-0.1736	-0.0000
		-0.1736	0.9848	0.0000
		2.3950	0.4440	-0.0057
	}
}
{Volume "Piece4"
	{Box 9.74409 29.0051 14.379}
	{Bone "Piece4"}
	{Matrix34
		0.0000	-0.0000	-1.0000
		0.0872	-0.9962	0.0000
		-0.9962	-0.0872	-0.0000
		-0.7389	-0.5709	0.1198
	}
}
{Volume "Piece3"
	{Box 9.74409 19.4334 19.4117}
	{Bone "Piece3"}
	{Matrix34
		0.0000	-0.0000	-1.0000
		1.0000	-0.0000	0.0000
		-0.0000	-1.0000	0.0000
		0.0785	-0.5805	0.1198
	}
}
{Volume "Piece2"
	{Box 9.74409 23.5144 16.7821}
	{Bone "Piece2"}
	{Matrix34
		0.0000	-0.0000	-1.0000
		1.0000	-0.0000	0.0000
		-0.0000	-1.0000	0.0000
		0.0685	-0.1014	0.1198
	}
}
{Volume "Piece1"
	{Box 7.21063 29.4923 38.983}
	{Bone "Piece1"}
	{Matrix34
		0.0000	0.0000	-1.0000
		-1.0000	0.0000	-0.0000
		0.0000	1.0000	0.0000
		5.4262	-3.4927	4.6086
	}
}
{Volume "Sub_piece2"
	{Box 7.21063 29.2003 18.6754}
	{Bone "Sub_piece2"}
	{Matrix34
		1.0000	-0.0000	0.0000
		0.0000	0.4226	-0.9063
		-0.0000	0.9063	0.4226
		-0.1431	5.5961	-4.7434
	}
}
{Volume "Piece0"
	{Box 7.21063 29.2003 29.1803}
	{Bone "Piece0"}
	{Matrix34
		0.0000	0.0000	-1.0000
		-1.0000	0.0000	-0.0000
		0.0000	1.0000	0.0000
		-0.1128	0.9615	5.0956
	}
}
{Volume "Sub_piece1"
	{Box 7.21063 29.2003 18.6754}
	{Bone "Sub_piece1"}
	{Matrix34
		1.0000	-0.0000	0.0000
		0.0000	0.4226	-0.9063
		-0.0000	0.9063	0.4226
		0.1871	5.9347	3.2726
	}
}
{Volume "Sub_piece0"
	{Box 7.21063 37.5072 9.11883}
	{Bone "Sub_piece0"}
	{Matrix34
		0.0000	0.0000	-1.0000
		-1.0000	0.0000	-0.0000
		0.0000	1.0000	0.0000
		-0.9284	-3.5618	2.7113
	}
}
