;MDL File generated by SOEdit
;Model created by: <your name here>
;PLY Geometry by: <insert modeler name>
;VOL Geometry by: <insert modeler name>
{Skeleton
    {Animation
        {sequence "recoil" {speed 0.7}}
    }
    {bone revolute "Basis"
        {limits -0.0000 0.0000}
        {speed 0.0050}
        {Orientation
            1.0000 0.0000 0.0000
            0.0000 -1.0000 0.0000
            0.0000 0.0000 1.0000
        }
        {bone "emit1"
            {Position -46.3043 -12.6613 0.2413}
            {visibility 0}
        }
        {bone "emit2"
            {Matrix34
                0.9554 -0.2940 0.0268
                0.2939 0.9558 0.0078
                -0.0279 0.0004 0.9996
                -41.4287 19.3413 -1.1656
            }
            {visibility 0}
        }
        {bone "Body"
            {parameters "CommonMesh;ID=body;"}
            {Position 1.0094 0.0496 10.9386}
            {VolumeView "Body.ply"}
            {bone revolute "turret"
                {parameters "ID=turret;"}
                {limits -10.0000 10.0000}
                {speed 0.0050}
                {Position -5.8315 0.0399 8.9170}
                {VolumeView "turret.ply"}
                {bone revolute "gun_rot"
                    {parameters "ID=gun;"}
                    {limits -25.0000 5.0000}
                    {speed 0.0050}
                    {Matrix34
                        1.0000 0.0000 0.0000
                        0.0000 0.0000 1.0000
                        0.0000 1.0000 0.0000
                        2.3731 0.4317 3.0270
                    }
                    {VolumeView "gun_rot.ply"}
                    {bone "gun"
                        {parameters "ID=gun;"}
                        {Matrix34
                            0.0000 0.0000 -1.0000
                            -0.4000 0.9165 0.0000
                            0.9165 0.4000 0.0000
                            0.7953 1.6817 0.1288
                        }
                        {VolumeView "gun.ply"}
                        {bone "Foresight1"
                            {parameters "Vis;"}
                            {Matrix34
                                0.0000 0.0000 1.0000
                                1.0000 0.0000 0.0000
                                0.0000 1.0000 0.0000
                                -0.0075 0.5253 12.5667
                            }
                        }
                        {bone "FX_invers"
                            {Matrix34
                                0.0000 0.0000 -1.0000
                                0.0000 -1.0000 0.0000
                                -1.0000 0.0000 0.0000
                                0.1962 0.0682 -41.0242
                            }
                        }
                        {bone "Visor"
                            {parameters "Vis;"}
                            {Matrix34
                                0.0000 -0.3939 0.9191
                                1.0000 0.0000 0.0000
                                0.0000 0.9191 0.3939
                                7.9241 5.0864 1.7469
                            }
                        }
                    }
                }
            }
            {bone "commander"
                {Matrix34
                    0.9063 -0.4226 -0.0012
                    0.4226 0.9063 -0.0005
                    0.0013 -0.0001 1.0000
                    -29.0069 13.0344 -11.6060
                }
            }
            {bone "gunner"
                {Position -27.0807 -10.9069 -8.9324}
            }
            {bone revolute "WheelL"
                {parameters "ID=wheelleft;"}
                {Matrix34
                    -0.8329 0.0001 0.5534
                    0.5534 0.0035 0.8329
                    0.0018 -1.0000 0.0030
                    -11.8677 16.7862 0.6409
                }
                {VolumeView "WheelL.ply"}
            }
            {bone revolute "WheelR"
                {parameters "ID=wheelright;"}
                {Matrix34
                    -0.9361 -0.0004 -0.3518
                    -0.3518 0.0132 0.9360
                    0.0043 0.9999 -0.0126
                    -11.8677 -15.6006 0.6409
                }
                {VolumeView "WheelR.ply"}
            }
        }
        {bone "emit3"
            {Matrix34
                0.9686 0.2487 0.0034
                -0.2487 0.9686 -0.0009
                -0.0035 0.0000 1.0000
                -50.3997 -20.4000 -0.1759
            }
        }
        {bone "emit4"
            {Matrix34
                0.9882 -0.1530 0.0000
                0.1530 0.9882 0.0000
                0.0000 0.0000 1.0000
                -52.5104 15.6338 0.0000
            }
        }
        {bone "driver"
            {Matrix34
                0.9999 0.0000 0.0105
                0.0000 1.0000 0.0000
                -0.0105 0.0000 0.9999
                -37.5979 -14.0000 -0.3937
            }
        }
        {bone "charger"
            {Matrix34
                1.0000 0.0000 0.0035
                0.0000 1.0000 0.0000
                -0.0035 0.0000 1.0000
                -42.3997 13.2000 -0.1480
            }
        }
    }
}
{Obstacle "obstacle"
    {Obb2
        {Center 1.1256 -0.4708}
        {Extent 12.4623 21.8091}
        {Axis 0 0}
    }
    {Rotate}
}
{Volume "body2"
    {Cylinder 1.77239 79.62090}
    {Bone "Body"}
    {Matrix34
        0.0772 0.7330 -0.0366
        -0.1809 0.0755 1.0468
        0.6015 0.0245 0.1748
        -33.7787 7.1388 -2.3621
    }
}
{Volume "body1"
    {Cylinder 1.77239 79.62090}
    {Bone "Body"}
    {Matrix34
        0.0011 0.7975 -0.0150
        -0.2427 0.0166 0.8640
        0.6662 0.0026 0.1871
        -29.8610 -6.4612 -0.6851
    }
}
{Volume "wheelleft"
    {Cylinder 11.42520 4.84035}
    {Bone "WheelR"}
    {Matrix34
        -1.0000 0.0000 0.0000
        0.0000 1.0000 0.0000
        0.0000 0.0000 -1.0000
        0.0828 -0.6367 -0.1846
    }
}
{Volume "wheelright"
    {Cylinder 11.42520 4.84035}
    {Bone "WheelL"}
    {Matrix34
        -1.0000 0.0000 0.0000
        0.0000 -1.0000 0.0000
        0.0000 0.0000 1.0000
        -0.0828 -0.6367 -0.1590
    }
}
{Volume "turret"
    {Box 6.6810 33.1259 29.2051}
    {Bone "turret"}
    {Matrix34
        0.3660 0.0000 0.2377
        0.0000 0.7261 0.0000
        -0.5114 0.0000 0.7875
        1.4615 0.8670 6.3219
    }
}
{Volume "gun"
    {Cylinder 1.53193 99.17340}
    {Bone "gun"}
    {Matrix34
        -0.5956 0.0000 0.0019
        0.0000 -1.5435 0.0000
        0.0006 0.0000 0.1719
        0.2240 0.0000 0.0000
    }
}
