;Exported by: garry
;Date:        Wed Sep 08 12:15:52 2004
;File:        \\sharepoint\gamedev\DESIGN\-Projects-\-3DWork-\Constructions\бочерищще\бочка_x_реактор.max
{Skeleton
	{animation
		{sequence "crush" {speed 0.5}}
	}
	{bone "body"
		{parameters "CommonMesh;"}
		{Orientation
			1.0000	0.0000	0.0000
			0.0000	-1.0000	0.0000
			0.0000	0.0000	1.0000
		}
		{VolumeView "body.ply"}
		{bone "piece3"
			{Matrix34
				-0.0000	1.0000	0.0082
				0.0000	-0.0082	1.0000
				1.0000	0.0000	-0.0000
				-11.3556	1.1725	92.8796
			}
			{VolumeView "piece3.ply"}
		}
		{bone "piece1"
			{Matrix34
				-0.0000	0.9514	0.3079
				0.0000	-0.3079	0.9514
				1.0000	0.0000	-0.0000
				-12.8483	5.9032	66.5226
			}
			{VolumeView "piece1.ply"}
			{bone "fx_water1"
				{Matrix34
					-0.1431	-0.4420	-0.8855
					-0.2727	-0.8425	0.4646
					-0.9514	0.3079	-0.0000
					-4.0442	-14.1309	-26.8592
				}
			}
			{bone "fx_water1a"
				{Matrix34
					0.2415	0.7461	0.6205
					0.1911	0.5903	-0.7842
					-0.9514	0.3079	0.0000
					-3.9415	6.9921	21.4594
				}
			}
			{bone "FX_dust1"
				{Matrix34
					0.0000	0.0000	1.0000
					0.3079	0.9514	-0.0000
					-0.9514	0.3079	0.0000
					-6.0573	0.4554	21.4735
				}
			}
		}
		{bone "piece2"
			{Matrix34
				-0.0000	1.0000	-0.0011
				0.0000	0.0011	1.0000
				1.0000	0.0000	-0.0000
				-38.0046	6.2845	93.4810
			}
			{VolumeView "piece2.ply"}
		}
		{bone "FX_wood1"
			{Matrix34
				1.0000	0.0000	-0.0000
				-0.0000	-0.0000	1.0000
				0.0000	-1.0000	-0.0000
				-29.3282	25.5028	6.3485
			}
		}
	}
}
{Volume "piece2"
	{Polyhedron "piece2.vol"}
	{Bone "piece2"}
	{Matrix34
		0.0001	-0.0910	0.9959
		1.0000	0.0011	0.0000
		-0.0011	0.9959	0.0910
		4.4563	-1.3649	26.4550
	}
}
{Volume "piece1"
	{Cylinder 15.1021 50.8671}
	{Bone "piece1"}
	{Matrix34
		-0.3079	-0.9513	0.0156
		-0.9514	0.3079	-0.0000
		-0.0048	-0.0148	-0.9999
		-0.3636	-2.1331	2.1140
	}
}
{Volume "piece3"
	{Box 56.7561 2.57397 2.57397}
	{Bone "piece3"}
	{Matrix34
		-0.0007	-0.0910	0.9959
		1.0000	-0.0082	0.0000
		0.0082	0.9958	0.0910
		-0.3257	0.5157	-0.0770
	}
}
