;Exported by: garry
;Date:        Fri Oct 01 14:35:56 2004
;File:        D:\-Projects-\-3DWork-\Model\Солдаты\Alies\us-sniper.max
{Skeleton
	{extension "/properties/animation/human/human_anm.ext"}
	{bone revolute "Basis"
		{limits -30.0000 30.0000}
		{speed 0.1000}
		{Orientation
			1.0000	0.0000	0.0000
			0.0000	-1.0000	0.0000
			0.0000	0.0000	1.0000
		}
		{bone "Body"
			{Matrix34
				0.0000	-0.0000	1.0000
				0.0000	-1.0000	-0.0000
				1.0000	0.0000	0.0000
				-0.0000	0.0345	19.9224
			}
			{bone "foot1L"
				{Matrix34
					-0.9935	-0.0203	0.1117
					0.1117	0.0030	0.9937
					0.0205	-0.9998	0.0007
					-0.1435	-2.1310	-0.4890
				}
				{bone "foot2L"
					{Matrix34
						0.9524	-0.3049	-0.0001
						0.3049	0.9524	-0.0000
						0.0001	0.0000	1.0000
						9.3784	-0.0472	0.0000
					}
					{bone "Bone06"
						{Matrix34
							0.2214	0.9740	0.0488
							-0.9723	0.2166	0.0881
							0.0752	-0.0670	0.9949
							8.7402	0.1133	0.0057
						}
					}
					{bone "foot3L"
						{Matrix34
							0.0906	0.9796	0.1793
							0.0035	-0.1804	0.9836
							0.9959	-0.0885	-0.0197
							9.2003	-0.3463	-0.0730
						}
						{bone "Bone07"
							{Position 2.6001	0.0000	-0.0000}
						}
					}
				}
			}
			{bone "foot1R"
				{Matrix34
					-0.9936	0.0114	0.1126
					0.1126	-0.0017	0.9936
					0.0115	0.9999	0.0004
					-0.1435	2.1710	-0.4888
				}
				{bone "foot2R"
					{Matrix34
						0.9518	-0.3067	-0.0001
						0.3067	0.9518	-0.0000
						0.0001	0.0000	1.0000
						9.3783	-0.0472	0.0000
					}
					{bone "Bone03"
						{Matrix34
							0.2214	0.9740	0.0488
							-0.9723	0.2166	0.0881
							0.0752	-0.0670	0.9949
							8.7402	0.1133	0.0057
						}
					}
					{bone "foot3R"
						{Matrix34
							0.0880	0.9747	0.2053
							0.0072	0.2054	-0.9786
							-0.9961	0.0876	0.0111
							9.2003	-0.3463	-0.0730
						}
						{bone "Bone05"
							{Position 2.6001	-0.0000	-0.0000}
						}
					}
				}
			}
			{bone revolute "IK_LeftRight"
				{limits -20.0000 20.0000}
				{speed 0.1000}
				{Matrix34
					0.0000	0.0000	1.0000
					-0.0000	-1.0000	0.0000
					1.0000	-0.0000	0.0000
					1.9037	0.0345	-0.0000
				}
				{bone revolute "IK_UpDown"
					{limits -40.0000 20.0000}
					{speed 0.1000}
					{Matrix34
						1.0000	0.0000	-0.0000
						-0.0000	-0.0000	1.0000
						-0.0000	-1.0000	0.0000
						-0.0000	-0.0000	1.6680
					}
					{bone "Head"
						{Matrix34
							1.0000	-0.0000	-0.0000
							0.0000	-0.0000	-1.0000
							-0.0000	1.0000	0.0000
							-0.0000	7.2146	0.0000
						}
						{bone "VISOR"
							{Matrix34
								1.0000	0.0000	-0.0000
								-0.0000	1.0000	0.0000
								-0.0000	-0.0000	1.0000
								2.3192	0.0000	2.3329
							}
						}
					}
					{bone "Hand1R"
						{Matrix34
							-0.1399	-0.9645	0.2238
							0.8542	-0.2319	-0.4654
							0.5008	0.1261	0.8564
							-0.0888	5.8989	4.1259
						}
						{bone "Hand2R"
							{Matrix34
								0.9416	0.3368	0.0000
								-0.3368	0.9416	0.0000
								0.0000	0.0000	1.0000
								6.2681	0.0000	0.0000
							}
							{bone "Hand3R"
								{Matrix34
									0.9826	-0.1857	0.0000
									0.1857	0.9826	0.0000
									-0.0000	-0.0000	1.0000
									5.1922	-0.0000	0.0000
								}
							}
							{bone "right_hand"
								{Matrix34
									0.9968	0.0774	-0.0180
									-0.0638	0.9144	0.3999
									0.0474	-0.3974	0.9164
									5.7784	0.0493	0.1693
								}
							}
						}
					}
					{bone "Hand1L"
						{Matrix34
							-0.1757	-0.9485	-0.2635
							0.8505	-0.2811	0.4447
							-0.4958	-0.1459	0.8561
							-0.0888	5.8989	-4.1339
						}
						{bone "Hand2L"
							{Matrix34
								0.8644	0.5028	0.0000
								-0.5028	0.8644	0.0000
								-0.0000	0.0000	1.0000
								6.2681	0.0000	-0.0000
							}
							{bone "Hand3L"
								{Matrix34
									0.9826	-0.1857	0.0000
									0.1857	0.9826	0.0000
									-0.0000	-0.0000	1.0000
									5.1922	0.0000	0.0000
								}
							}
							{bone "left_hand"
								{Matrix34
									0.2757	0.8235	-0.4958
									0.0042	-0.5168	-0.8561
									-0.9612	0.2339	-0.1459
									6.3680	-0.5328	0.5150
								}
							}
						}
					}
					{bone "Gun_back"
						{Matrix34
							-0.0804	0.9928	0.0885
							-0.1137	0.0791	-0.9904
							-0.9903	-0.0897	0.1065
							-2.4949	-4.2536	2.4259
						}
					}
				}
			}
			{bone revolute "placement"
				{Matrix34
					-0.0000	1.0000	-0.0000
					-1.0000	-0.0000	-0.0000
					-0.0000	0.0000	1.0000
					0.7831	0.0000	-0.0000
				}
			}
		}
		{bone "Skin"
			{Matrix34
				0.9063	0.0000	-0.4226
				-0.0000	-1.0000	-0.0000
				0.4226	-0.0000	0.9063
				-0.0000	0.0767	26.9396
			}
			{VolumeView "Skin.ply"}
		}
		{bone revolute "Foresight2rot"
			{limits -20.0000 20.0000}
			{speed 0.1000}
			{Position 13.7429	0.0247	27.5947}
			{bone revolute "Foresight2"
				{limits -10.0000 80.0000}
				{speed 0.1000}
				{Matrix34
					1.0000	0.0000	0.0000
					0.0000	0.0000	1.0000
					0.0000	-1.0000	0.0000
					4.9885	0.0000	0.0000
				}
			}
		}
	}
}
{Volume "Body"
	{Box 5.79517 10.1378 10.5315}
	{Bone "IK_UpDown"}
	{Matrix34
		1.0000	-0.0000	-0.0000
		-0.0000	-0.0000	-1.0000
		-0.0000	1.0000	0.0000
		0.0972	1.4567	0.0176
	}
}
{Volume "Head"
	{Box 3.93701 4.2052 5.71606}
	{Bone "Head"}
	{Position 0.0972	-0.0176	2.1605}
}
{Volume "Foot1R"
	{Box 5.31496 4.33071 10.2667}
	{Bone "foot1R"}
	{Matrix34
		-0.0005	1.0000	0.0017
		-0.0114	0.0017	-0.9999
		-0.9999	-0.0006	0.0114
		4.5907	-0.0515	-0.0236
	}
}
{Volume "Foot2R"
	{Box 4.76378 3.34646 10.5843}
	{Bone "foot2R"}
	{Matrix34
		-0.0341	0.9994	-0.0015
		-0.0113	-0.0018	-0.9999
		-0.9994	-0.0340	0.0113
		5.3550	-0.0714	-0.0134
	}
}
{Volume "Foot1L"
	{Box 5.31496 4.33071 10.2667}
	{Bone "foot1L"}
	{Matrix34
		-0.0015	1.0000	0.0030
		-0.0203	0.0030	-0.9998
		-0.9998	-0.0015	0.0203
		4.5898	-0.0468	-0.0932
	}
}
{Volume "Foot2L"
	{Box 4.77051 3.34646 10.5843}
	{Bone "foot2L"}
	{Matrix34
		-0.0331	0.9994	-0.0026
		-0.0201	-0.0033	-0.9998
		-0.9992	-0.0330	0.0202
		5.3503	-0.0687	-0.2077
	}
}
