{mission
	{Camera
		{Position 1599.45 993.165}
		{Distance 750}
		{ViewAngle 0.733038}
		{YawAngle -23.5118}
	}
	{Environment "menu3"}
	{User 2}
	{GameProgress 0 0}
	{Human "ger.albert" 0x8000
		{Position 1570.79 1099.82 0}
		{Turn -4.93986}
		{Extender "inventory"
			{box
				{clear}
				{item "weapon panzershreck" filling "ammo bazooka" {cell 0 2}}
				{item "ammo bazooka" {cell 6 1}}
				{item "ammo bazooka" {cell 6 2}}
				{item "ammo bazooka" {cell 6 3}}
				{item "grenade m24" {cell 6 0}}
				{item "grenade smoke" {cell 5 3}}
				{item "grenade smoke" {cell 5 2}}
				{item "ammo pistol" 96 {cell 4 0}}
				{item "ammo pistol" 96 {cell 4 1}}
			}
			{armor "head"
				{Item "helmet1_ger"}
			}
			{armor "body"
				{Item "at-equip"}
			}
		}
		{Player 2}
		{MID 1}
		{Weaponry
			{State
				{Mounted "mp41"}
				{Weapon
					{Ammo "ammo pistol" 32}
				}
			}
		}
		{NameId 1 1}
		{FsmState "stand"}
	}
	{Human "ger.dominik" 0x8001
		{Position 1517.12 1034.26 0}
		{Turn -5.22138}
		{Extender "inventory"
			{box
				{clear}
				{item "ammo rifle" 35 {cell 4 0}}
				{item "knife_ger" {cell 6 0}}
				{item "grenade m39" {cell 5 0}}
				{item "grenade m24" {cell 6 1}}
				{item "grenade molotov_coctail" {cell 6 2}}
				{item "weapon panzerfaust" filling "ammo panzerfaust" {cell 3 3}}
				{item "dynamite" {cell 4 1}}
			}
		}
		{Player 2}
		{MID 2}
		{Weaponry
			{State
				{Mounted "mauzer"}
				{Weapon
					{Ammo "ammo rifle" 5}
				}
			}
		}
		{NameId 2 2}
		{FsmState "stand"}
	}
	{Human "ger.franz" 0x8002
		{Position 1573.76 1062.41 0}
		{Turn -5.22138}
		{Extender "inventory"
			{box
				{clear}
				{item "ammo pistol" 96 {cell 6 0}}
				{item "ammo pistol" 96 {cell 4 0}}
				{item "mine antipersonnel" {cell 6 1}}
				{item "mine antipersonnel" {cell 6 3}}
				{item "mine antipersonnel" {cell 6 2}}
				{item "mine antipersonnel" {cell 4 1}}
				{item "mine antipersonnel" {cell 4 2}}
				{item "mine antipersonnel" {cell 4 3}}
				{item "mine antipersonnel" {cell 2 3}}
				{item "mine antipersonnel" {cell 2 2}}
				{item "mine antipersonnel" {cell 0 3}}
				{item "grenade m39" {cell 3 0}}
				{item "grenade m39" {cell 0 2}}
				{item "grenade smoke" {cell 3 1}}
				{item "grenade smoke" {cell 1 2}}
			}
			{armor "head"
				{Item "helmet1_ger"}
			}
			{armor "body"
				{Item "mp-ammo-holder"}
			}
		}
		{Player 2}
		{MID 3}
		{Weaponry
			{State
				{Mounted "mp40"}
				{Weapon
					{Ammo "ammo pistol" 32}
				}
			}
		}
		{NameId 3 3}
		{FsmState "stand"}
	}
	{Human "ger.friedrich" 0x8003
		{Position 1518.55 1074.78 0}
		{Turn -5.22138}
		{Extender "inventory"
			{box
				{clear}
				{item "ammo pistol" 24 {cell 6 0}}
				{item "ammo mgun" 90 {cell 6 1}}
				{item "ammo mgun" 90 {cell 6 2}}
				{item "valter" filling "ammo pistol" 8 {cell 6 3}}
				{item "grenade m24" {cell 4 3}}
				{item "grenade m24" {cell 4 2}}
				{item "grenade smoke" {cell 5 0}}
				{item "grenade m39" {cell 5 1}}
			}
			{armor "head"
				{Item "german_cap"}
			}
			{armor "body"
				{Item "rifle-ammo-holder2"}
			}
		}
		{Player 2}
		{MID 4}
		{Weaponry
			{State
				{Mounted "zb-26-30"}
				{Weapon
					{Ammo "ammo mgun" 30}
				}
			}
		}
		{NameId 4 4}
		{FsmState "stand"}
	}
	{Human "ger.hans" 0x8004
		{Position 1467.52 1061.17 0}
		{Turn -5.22138}
		{Extender "inventory"
			{box
				{clear}
				{item "ammo rifle" 50 {cell 7 0}}
				{item "knife_ger" {cell 6 1}}
				{item "grenade m39" {cell 6 0}}
				{item "grenade m39" {cell 5 0}}
				{item "grenade m24x5" {cell 6 2}}
			}
			{armor "head"
				{Item "helmet1_ger"}
			}
			{armor "body"
				{Item "rifle-ammo-holder"}
			}
		}
		{Player 2}
		{MID 5}
		{Weaponry
			{State
				{Mounted "g41automatic"}
				{Weapon
					{Ammo "ammo rifle" 10}
				}
			}
		}
		{NameId 5 5}
		{FsmState "stand"}
	}
	{Human "ger.karl" 0x8005
		{Position 1573.24 1022.44 0}
		{Turn -5.22138}
		{Extender "inventory"
			{box
				{clear}
				{item "mine antipersonnel" {cell 4 1}}
				{item "mine antipersonnel" {cell 6 1}}
				{item "mine antipersonnel" {cell 6 3}}
				{item "mine antipersonnel" {cell 6 2}}
				{item "mine antipersonnel" {cell 4 2}}
				{item "mine antipersonnel" {cell 4 3}}
				{item "mine antipersonnel" {cell 2 3}}
				{item "mine antipersonnel" {cell 2 2}}
				{item "ammo pistol" 96 {cell 6 0}}
				{item "ammo pistol" 96 {cell 4 0}}
				{item "mine antipersonnel" {cell 0 3}}
				{item "grenade m24" {cell 0 2}}
				{item "grenade smoke" {cell 3 0}}
				{item "grenade smoke" {cell 3 1}}
			}
			{armor "head"
				{Item "helmet1_ger"}
			}
			{armor "body"
				{Item "mp-ammo-holder"}
			}
		}
		{Player 2}
		{MID 6}
		{Weaponry
			{State
				{Mounted "mp41"}
				{Weapon
					{Ammo "ammo pistol" 32}
				}
			}
		}
		{NameId 6 6}
		{FsmState "stand"}
	}
	{Human "ger.markus" 0x8006
		{Position 1516.76 1001.45 0}
		{Turn -5.22138}
		{Extender "inventory"
			{box
				{clear}
				{item "dynamite" {cell 6 2}}
				{item "grenade m24" {cell 6 0}}
				{item "grenade m24" {cell 6 1}}
				{item "ammo pistol" 96 {cell 4 0}}
				{item "ammo pistol" 96 {cell 4 1}}
			}
		}
		{Player 2}
		{MID 7}
		{Weaponry
			{State
				{Mounted "mp40"}
				{Weapon
					{Ammo "ammo pistol" 32}
				}
			}
		}
		{NameId 7 7}
		{FsmState "stand"}
	}
	{Human "ger.otto" 0x8007
		{Position 1574.38 991.023 0}
		{Turn -5.22138}
		{Extender "inventory"
			{box
				{clear}
				{item "repair_kit" {cell 6 2}}
				{item "ammo pistol" 96 {cell 6 0}}
				{item "ammo pistol" 96 {cell 6 1}}
				{item "grenade molotov_coctail" {cell 4 1}}
				{item "grenade m39" {cell 3 0}}
				{item "grenade m39" {cell 4 0}}
				{item "grenade smoke" {cell 5 0}}
				{item "grenade smoke" {cell 3 1}}
			}
			{armor "head"
				{Item "tank_cap2_ger"}
			}
			{armor "body"
				{Item "rifle-ammo-holder2"}
			}
		}
		{Player 2}
		{MID 8}
		{Weaponry
			{State
				{Mounted "mp40"}
				{Weapon
					{Ammo "ammo pistol" 32}
				}
			}
		}
		{NameId 8 8}
		{FsmState "stand"}
	}
	{Human "ger.ulrich" 0x8008
		{Position 1527.95 1108 0}
		{Turn -5.22138}
		{Extender "inventory"
			{box
				{clear}
				{item "ammo mgun" 90 {cell 6 1}}
				{item "ammo mgun" 90 {cell 6 2}}
				{item "ammo mgun" 90 {cell 6 0}}
				{item "grenade m39" {cell 5 0}}
				{item "grenade m39" {cell 5 1}}
				{item "grenade smoke" {cell 5 2}}
				{item "zb-26-30" filling "ammo mgun" 30 {cell 0 0}}
				{item "ammo pistol" 24 {cell 3 2}}
			}
			{armor "head"
				{Item "german_cap"}
			}
			{armor "body"
				{Item "rifle-ammo-holder"}
			}
		}
		{Player 2}
		{MID 9}
		{Weaponry
			{State
				{Mounted "valter"}
				{Weapon
					{Ammo "ammo pistol" 8}
				}
			}
		}
		{NameId 9 9}
		{FsmState "stand"}
	}
	{Human "ger.infantry_rifle" 0x8009
		{Position 2349.01 1899.25 62.0039}
		{Turn 0.13009}
		{Extender "inventory"
			{box
				{clear}
				{item "ammo rifle" 25 {cell 4 0}}
				{item "grenade m24" {cell 6 0}}
			}
		}
		{DisableObstacles}
		{Player 2}
		{MID 10}
		{Able {select 0}{repair 0}}
		{Weaponry
			{State
				{Mounted "mauzer_kn"}
				{Weapon
					{Ammo "ammo rifle" 5}
				}
			}
		}
		{NameId 66 129}
		{Cover
			{sector 2349.01 1899.25 {type "squat_lie"}
				{wall 0 0 2355.98 1909.27 2356.03 1889.27}
			}
		}
		{FsmState "squat"}
	}
	{Human "ger.infantry_rifle" 0x800a
		{Position 2413.05 1657.3 0}
		{Turn 0.349701}
		{Extender "inventory"
			{box
				{clear}
				{item "ammo rifle" 25 {cell 4 0}}
				{item "grenade m39" {cell 6 0}}
				{item "grenade m39" {cell 7 0}}
			}
		}
		{Player 2}
		{MID 11}
		{Able {select 0}{repair 0}}
		{Weaponry
			{State
				{Mounted "mauzer"}
				{Weapon
					{Ammo "ammo rifle" 5}
				}
			}
		}
		{NameId 140 20}
		{Cover
			{sector 2413.05 1657.3 {type "squat_lie"}
				{wall 0 0 2419.99 1667.59 2420.53 1579.11}
			}
		}
		{FsmState "squat"}
	}
	{Human "ger.infantry_rifle" 0x800b
		{Position 2670.8 462.763 61.834}
		{Turn -0.106311}
		{Extender "inventory"
			{box
				{clear}
				{item "ammo rifle" 25 {cell 4 0}}
				{item "grenade m39" {cell 6 0}}
				{item "grenade m39" {cell 7 0}}
			}
		}
		{DisableObstacles}
		{Player 2}
		{MID 12}
		{Able {select 0}{repair 0}}
		{Weaponry
			{State
				{Mounted "mauzer"}
				{Weapon
					{Ammo "ammo rifle" 5}
				}
			}
		}
		{NameId 60 99}
		{Cover
			{sector 2670.8 462.763 {type "squat_lie"}
				{wall 0 0 2677.82 472.75 2677.78 452.75}
			}
		}
		{FsmState "squat"}
	}
	{Human "ger.infantry_smg" 0x800c
		{Position 2137.96 1405.04 67.2395}
		{Turn -1.43535}
		{Extender "inventory"
			{box
				{clear}
				{item "ammo pistol" 64 {cell 0 0}}
				{item "grenade m24" {cell 2 0}}
			}
		}
		{DisableObstacles}
		{Player 2}
		{MID 13}
		{Able {select 0}{repair 0}}
		{Weaponry
			{State
				{Mounted "mp40"}
				{Weapon
					{Ammo "ammo pistol" 32}
				}
			}
		}
		{NameId 122 37}
		{Cover
			{sector 2137.96 1405.04 {type "squat_lie"}
				{wall 0 0 2145.2 1414.86 2144.7 1394.87}
			}
		}
		{FsmState "squat"}
	}
	{Human "ger.infantry_smg" 0x800d
		{Position 2923.88 -931.709 46.9325}
		{Turn 0.465812}
		{Extender "inventory"
			{box
				{clear}
				{item "ammo pistol" 64 {cell 0 0}}
				{item "grenade m24" {cell 2 0}}
			}
		}
		{DisableObstacles}
		{Player 2}
		{MID 14}
		{Able {select 0}{repair 0}}
		{Weaponry
			{State
				{Mounted "mp40"}
				{Weapon
					{Ammo "ammo pistol" 32}
				}
			}
		}
		{NameId 21 98}
		{Cover
			{sector 2923.88 -931.709 {type "snipe_cover"}
				{wall 0 0 2930.8 -921.652 2930.96 -941.651}
			}
		}
		{FsmState "snipe"}
	}
	{Human "ger.infantry_smg" 0x800e
		{Position 2170.35 754.286 65.0115}
		{Turn 79.9999}
		{Extender "inventory"
			{box
				{clear}
				{item "ammo pistol" 64 {cell 0 0}}
				{item "grenade m24" {cell 2 0}}
			}
		}
		{DisableObstacles}
		{Player 2}
		{MID 15}
		{Able {select 0}{repair 0}}
		{Weaponry
			{State
				{Mounted "mp40"}
				{Weapon
					{Ammo "ammo pistol" 32}
				}
			}
		}
		{NameId 11 126}
		{Cover
			{sector 2170.35 754.286 {type "squat_lie"}
				{wall 0 0 2161.72 762.916 2181.41 759.443}
			}
		}
		{FsmState "squat"}
	}
	{Human "ger.infantry_smg" 0x800f
		{Position 2810.61 2260.46 53.1432}
		{Turn 1.41434}
		{Extender "inventory"
			{box
				{clear}
				{item "grenade m24" {cell 6 1}}
				{item "ammo pistol" 64 {cell 6 0}}
			}
			{armor "head"
				{Item "german_cap"}
			}
		}
		{DisableObstacles}
		{Player 2}
		{MID 16}
		{Able {select 0}{repair 0}}
		{Weaponry
			{State
				{Mounted "mp41"}
				{Weapon
					{Ammo "ammo pistol" 32}
				}
			}
		}
		{NameId 43 11}
		{Cover
			{sector 2810.61 2260.46 {type "squat_lie"}
				{wall 0 0 2817.36 2270.63 2817.86 2250.63}
			}
		}
		{FsmState "squat"}
	}
	{Human "ger.infantry_mgun" 0x8010
		{Position 2670.61 404.383 59.0642}
		{Turn -0.106311}
		{Extender "inventory"
			{box
				{clear}
				{item "ammo mgun" 100 {cell 6 0}}
				{item "grenade m24" {cell 6 1}}
			}
			{armor "body"
				{Item "rifle-ammo-holder2"}
			}
		}
		{DisableObstacles}
		{Player 2}
		{MID 17}
		{Able {select 0}{repair 0}}
		{Weaponry
			{State
				{Mounted "mg34"}
				{Weapon
					{Ammo "ammo mgun" 100}
				}
			}
		}
		{NameId 57 120}
		{Cover
			{sector 2670.61 404.383 {type "squat_lie"}
				{wall 0 0 2677.63 414.37 2677.6 394.37}
			}
		}
		{FsmState "squat"}
	}
	{Human "ger.medic" 0x8011
		{Position 382.283 1152.65 0}
		{Turn -169.992}
		{Extender "inventory"
			{box
				{clear}
				{item "ammo pistol" 16 {cell 2 0}}
				{item "knife_ger" {cell 4 0}}
				{item "bandage" 5 {cell 6 0}}
				{item "bandage" 5 {cell 0 1}}
			}
		}
		{Player 2}
		{MID 18}
		{Able {select 0}{repair 0}}
		{Weaponry
			{State
				{Mounted "valter"}
				{Weapon
					{Ammo "ammo pistol" 8}
				}
			}
		}
		{NameId 58 42}
		{Cover
			{sector 382.283 1152.65 {type "look_2way"}
				{wall 0 0 388.039 1160.31 390.552 1146.07}
			}
		}
		{FsmState "stand"}
	}
	{Human "ger.infantry_smg" 0x8012
		{Position 1415.73 867.238 65.0115}
		{Extender "inventory"
			{box
				{clear}
				{item "grenade m24" {cell 6 1}}
				{item "ammo pistol" 64 {cell 6 0}}
			}
		}
		{DisableObstacles}
		{Player 2}
		{MID 19}
		{Able {select 0}{repair 0}}
		{Weaponry
			{State
				{Mounted "mp41"}
				{Weapon
					{Ammo "ammo pistol" 32}
				}
			}
		}
		{NameId 104 56}
		{Cover
			{sector 1415.73 867.238 {type "squat_lie"}
				{wall 0 0 1422.73 877.242 1422.74 857.242}
			}
		}
		{FsmState "squat"}
	}
	{Entity "blitz-medic" 0x8013
		{Position 681.683 1225.48 0}
		{Turn 91.3738}
		{Extender "inventory"
			{box
				{clear}
				{item "morphine" 3 {cell 0 0}}
				{item "morphine" 3 {cell 0 2}}
				{item "morphine" 3 {cell 2 0}}
				{item "morphine" 3 {cell 2 2}}
				{item "bandage" 5 {cell 6 3}}
				{item "bandage" 5 {cell 6 2}}
				{item "bandage" 5 {cell 4 3}}
				{item "bandage" 5 {cell 4 2}}
				{item "bandage" 5 {cell 6 1}}
				{item "bandage" 5 {cell 6 0}}
			}
		}
		{Player 2}
		{MID 20}
	}
	{Entity "marder" 0x8014
		{Position -1405.67 2356.31 4.0948}
		{Turn 4.67035}
		{Extender "inventory"
			{box
				{clear}
				{item "bullet75 ap" 20 {cell 0 0}}
				{item "ammo mgun" 600 {cell 0 1}}
				{item "can" {cell 0 4}}
				{item "dynamite" {cell 2 4}}
			}
		}
		{Player 2}
		{MID 21}
		{Chassis
			{FuelBag
				{Remain 173}
			}
		}
	}
	{Entity "marder" 0x8015
		{Position -1613.24 2335.49 5}
		{Turn 4.69943}
		{Extender "inventory"
			{box
				{clear}
				{item "bullet75 ap" 20 {cell 0 0}}
				{item "bullet75 fg" 2 {cell 0 1}}
				{item "ammo mgun" 800 {cell 0 2}}
				{item "can" {cell 0 4}}
				{item "dynamite" {cell 2 4}}
			}
		}
		{Player 2}
		{MID 22}
		{Chassis
			{FuelBag
				{Remain 210}
			}
		}
	}
	{Entity "stug-4g" 0x8016
		{Position -1619.46 849.262 0}
		{Extender "inventory"
			{box
				{clear}
				{item "bullet75 ap" 36 {cell 0 0}}
				{item "plant" 2 {cell 0 4}}
				{item "bullet75 fg" 3 {cell 0 1}}
				{item "ammo mgun" 700 {cell 0 2}}
				{item "can" filling "fuel" 20 {cell 3 4}}
			}
		}
		{Extender "shield"
			{on}
		}
		{Player 2}
		{MID 23}
		{Weaponry
			{State "mgun"
				{Mounted "mg42"}
				{Weapon
					{Ammo "ammo mgun" 75}
				}
			}
		}
		{Chassis
			{FuelBag
				{Remain 168}
			}
		}
	}
	{Human "ger.ofitank" 0x8017
		{Position -1423.07 2345.87 27.9048}
		{Orientation
			  0.996477   0.081256  -0.018386
			 -0.081532   0.996564  -0.014559
			  0.017140   0.016007   0.999678
		}
		{Extender "inventory"
			{box
				{clear}
				{item "ammo pistol" 24 {cell 0 0}}
				{item "bino" {cell 6 0}}
				{item "luger" filling "ammo pistol" 8 {cell 2 0}}
			}
		}
		{DisableObstacles}
		{Player 2}
		{MID 24}
		{Able {select 0}{repair 0}}
		{NameId 123 102}
		{LastItem "luger"}
		{FsmState "board"}
	}
	{Human "ger.crewtank" 0x8018
		{Position -1424.1 2363.07 27.6471}
		{Orientation
			  0.356339  -0.934329   0.008825
			  0.934165   0.356071  -0.021727
			  0.017140   0.016007   0.999678
		}
		{TexMod "2"}
		{Extender "inventory"
			{box
				{clear}
				{item "ammo pistol" 32 {cell 6 0}}
				{item "valter" filling "ammo pistol" 8 {cell 0 0}}
			}
			{armor "body"
				{Item "ger_pistol_holder"}
			}
		}
		{DisableObstacles}
		{Player 2}
		{MID 25}
		{NameId 9 54}
		{LastItem "valter"}
		{FsmState "board"}
	}
	{Human "ger.crewtank" 0x8019
		{Position -1405.67 2356.31 4.0948}
		{Orientation
			  0.996647   0.081420  -0.008088
			  0.081532  -0.996564   0.014559
			  0.006875   0.015170   0.999861
		}
		{TexMod "2"}
		{Extender "inventory"
			{box
				{clear}
				{item "ammo pistol" 32 {cell 6 0}}
				{item "mp38" filling "ammo pistol" 32 {cell 0 0}}
			}
			{armor "head"
				{Item "fieldcap_ger"}
			}
			{armor "body"
				{Item "mp-ammo-holder"}
			}
		}
		{Player 2}
		{MID 26}
		{Able {select 0}{repair 0}}
		{NameId 126 138}
		{LastItem "mp38"}
		{FsmState "board"}
	}
	{Human "ger.crewtank" 0x9000
		{Position -1432.91 2355.76 27.8225}
		{Orientation
			  0.996477   0.081256  -0.018386
			 -0.081532   0.996564  -0.014559
			  0.017140   0.016007   0.999678
		}
		{Extender "inventory"
			{box
				{clear}
				{item "ammo pistol" 64 {cell 6 0}}
				{item "grenade m24" {cell 6 1}}
				{item "mp38" filling "ammo pistol" 32 {cell 0 0}}
			}
			{armor "head"
				{Item "fieldcap_ger"}
			}
			{armor "body"
				{Item "mp-ammo-holder"}
			}
		}
		{DisableObstacles}
		{Player 2}
		{MID 27}
		{Able {select 0}{repair 0}}
		{NameId 1 134}
		{LastItem "mp38"}
		{FsmState "board"}
	}
	{Human "ger.crewtank" 0x801a
		{Position -1619.46 849.262 0}
		{Orientation
			  1.000000   0.000000   0.000000
			  0.000000  -1.000000   0.000000
			  0.000000   0.000000   1.000000
		}
		{Extender "inventory"
			{box
				{clear}
				{item "ammo pistol" 32 {cell 6 0}}
				{item "grenade m39" {cell 7 1}}
				{item "grenade m39" {cell 6 1}}
				{item "mp41" filling "ammo pistol" 32 {cell 0 0}}
			}
			{armor "head"
				{Item "fieldcap_ger"}
			}
			{armor "body"
				{Item "rifle-ammo-holder2"}
			}
		}
		{Player 2}
		{MID 28}
		{Able {select 0}{repair 0}}
		{NameId 100 51}
		{LastItem "mp41"}
		{FsmState "board"}
	}
	{Human "ger.crewtank" 0x801b
		{Position -1626.45 863.333 24.0629}
		{Orientation
			  0.999900   0.000000  -0.010300
			  0.000000   1.000000   0.000000
			  0.010300   0.000000   0.999900
		}
		{Extender "inventory"
			{box
				{clear}
				{item "ammo pistol" 64 {cell 6 0}}
				{item "grenade m24" {cell 6 1}}
				{item "bandage" 2 {cell 6 2}}
				{item "mp41" filling "ammo pistol" 32 {cell 0 0}}
			}
			{armor "head"
				{Item "fieldcap_ger"}
			}
			{armor "body"
				{Item "mp-ammo-holder"}
			}
		}
		{DisableObstacles}
		{Player 2}
		{MID 29}
		{Able {select 0}{repair 0}}
		{NameId 132 115}
		{LastItem "mp41"}
		{FsmState "board"}
	}
	{Human "ger.crewtank" 0x801c
		{Position -1640.64 2334.57 28.5288}
		{Orientation
			  0.996539   0.081920  -0.010300
			 -0.081929   0.996638   0.000000
			  0.010265   0.000844   0.999900
		}
		{TexMod "2"}
		{Extender "inventory"
			{box
				{clear}
				{item "ammo pistol" 32 {cell 6 0}}
				{item "grenade m39" {cell 5 0}}
				{item "bandage" 4 {cell 6 1}}
				{item "valter" filling "ammo pistol" 8 {cell 0 0}}
			}
			{armor "head"
				{Item "fieldcap_ger"}
			}
			{armor "body"
				{Item "ger_pistol_holder"}
			}
		}
		{DisableObstacles}
		{Player 2}
		{MID 30}
		{Able {select 0}{repair 0}}
		{NameId 123 103}
		{LastItem "valter"}
		{FsmState "board"}
	}
	{Human "ger.crewtank" 0x801d
		{Position -1613.24 2335.49 5}
		{Orientation
			  0.996638   0.081929  -0.000000
			  0.081929  -0.996638  -0.000000
			  0.000000  -0.000000   1.000000
		}
		{Extender "inventory"
			{box
				{clear}
				{item "ammo pistol" 64 {cell 6 0}}
				{item "mp40" filling "ammo pistol" 32 {cell 0 0}}
			}
			{armor "head"
				{Item "fieldcap_ger"}
			}
			{armor "body"
				{Item "mp-ammo-holder"}
			}
		}
		{Player 2}
		{MID 31}
		{Able {select 0}{repair 0}}
		{NameId 9 55}
		{LastItem "mp40"}
		{FsmState "board"}
	}
	{Entity "m4a2" 0x801e
		{Position 7314.13 2309.25 50.7177}
		{Turn -173.758}
		{Player 1}
		{MID 32}
	}
	{Entity "m4a2" 0x801f
		{Position 7321.24 2309.91 50.8129}
		{Turn -175.529}
		{Player 1}
		{MID 33}
	}
	{Entity "m4a3" 0x8020
		{Position 7324.01 2310.2 50.8794}
		{Turn -174.515}
		{Player 1}
		{MID 34}
	}
	{Entity "m4a2" 0x8021
		{Position 7368.09 4251.88 55}
		{Turn 179.53}
		{Player 1}
		{MID 35}
	}
	{Entity "m4a2" 0x8022
		{Position 7399.88 3411.45 29.625}
		{Turn 156.925}
		{Player 1}
		{MID 36}
	}
	{Entity "m4a2" 0x8023
		{Position 7428.22 3185.15 31}
		{Turn 166.237}
		{Player 1}
		{MID 37}
	}
	{Entity "m4a2" 0x8024
		{Position 7368.05 -801.882 47}
		{Turn 177.407}
		{Player 1}
		{MID 38}
	}
	{Entity "m4a2" 0x8025
		{Position 7366.73 -964.126 47}
		{Turn 176.078}
		{Player 1}
		{MID 39}
	}
	{Entity "m4a2" 0x8026
		{Position 7367.8 -1133.25 47}
		{Turn 173.923}
		{Player 1}
		{MID 40}
	}
	{Entity "m4a3e2" 0x8027
		{Position 7321.9 2310.06 50.8103}
		{Turn -174.027}
		{Player 1}
		{MID 41}
	}
	{Entity "m4a3" 0x8028
		{Position 7414.98 1241.27 47}
		{Turn -177.862}
		{TexMod "ambush"}
		{Player 1}
		{MID 42}
	}
	{Entity "m4a3" 0x8029
		{Position 7409.95 1385.93 47}
		{Turn -179.398}
		{TexMod "ambush"}
		{Player 1}
		{MID 43}
	}
	{Entity "m7priest" 0x802a
		{Position 7406.26 -1791.68 47}
		{Turn -179.092}
		{Player 1}
		{MID 44}
	}
	{Entity "m7priest" 0x802b
		{Position 7404.82 -1920.75 47}
		{Turn 178.168}
		{Player 1}
		{MID 45}
	}
	{Human "usa.infantry2" 0x802c
		{Position 7400.26 -1914.19 69.5922}
		{Turn -141.83}
		{Extender "inventory"
			{box
				{clear}
				{item "ammo rifle" 40 {cell 7 0}}
				{item "m1" filling "ammo rifle" 8 {cell 0 0}}
			}
		}
		{DisableObstacles}
		{Player 1}
		{MID 46}
		{NameId 69 61}
		{LastItem "m1"}
		{FsmState "board"}
	}
	{Human "usa.infantry1" 0x802d
		{Position 7379.96 -1908.44 60.0283}
		{Turn 178.168}
		{Extender "inventory"
			{box
				{clear}
				{item "ammo pistol" 60 {cell 6 0}}
				{item "thompson" filling "ammo pistol" 30 {cell 0 0}}
			}
		}
		{DisableObstacles}
		{Player 1}
		{MID 47}
		{NameId 125 12}
		{LastItem "thompson"}
		{FsmState "board"}
	}
	{Human "usa.infantry1" 0x802e
		{Position 7392.34 -1936.34 81.6981}
		{Turn 178.168}
		{DisableObstacles}
		{Player 1}
		{MID 48}
		{NameId 102 99}
		{LastItem "thompson"}
		{FsmState "board"}
	}
	{Human "usa.infantry1" 0x802f
		{Position 7411.66 -1937.72 72.7312}
		{Turn 128.17}
		{DisableObstacles}
		{Player 1}
		{MID 49}
		{NameId 87 22}
		{LastItem "thompson"}
		{FsmState "board"}
	}
	{Human "usa.infantry1" 0x8030
		{Position 7380.84 -1780.57 60.0283}
		{Turn -179.092}
		{Extender "inventory"
			{box
				{clear}
				{item "ammo pistol" 60 {cell 6 0}}
				{item "thompson" filling "ammo pistol" 30 {cell 0 0}}
			}
		}
		{DisableObstacles}
		{Player 1}
		{MID 50}
		{NameId 99 40}
		{LastItem "thompson"}
		{FsmState "board"}
	}
	{Human "usa.infantry1" 0x8031
		{Position 7413.9 -1808.3 72.7312}
		{Turn 130.91}
		{DisableObstacles}
		{Player 1}
		{MID 51}
		{NameId 74 27}
		{FsmState "board"}
	}
	{Human "usa.infantry1" 0x8032
		{Position 7401.39 -1785.34 69.5922}
		{Turn -139.09}
		{Extender "inventory"
			{box
				{clear}
				{item "ammo pistol" 60 {cell 6 0}}
				{item "thompson" filling "ammo pistol" 30 {cell 0 0}}
			}
		}
		{DisableObstacles}
		{Player 1}
		{MID 52}
		{NameId 144 91}
		{LastItem "thompson"}
		{FsmState "board"}
	}
	{Human "usa.infantry2" 0x8033
		{Position 7394.54 -1807.85 81.6981}
		{Turn -179.092}
		{DisableObstacles}
		{Player 1}
		{MID 53}
		{NameId 135 23}
		{LastItem "m1"}
		{FsmState "board"}
	}
	{Human "x.a.tankman" 0x8034
		{Position 7367.8 -1133.25 47}
		{Orientation
			 -0.994381   0.105865   0.000000
			  0.105865   0.994381   0.000000
			 -0.000000  -0.000000   1.000000
		}
		{Extender "inventory"
			{box
				{clear}
				{item "ammo pistol" 28 {cell 2 0}}
				{item "colt" filling "ammo pistol" 7 {cell 0 0}}
			}
		}
		{Player 1}
		{MID 54}
		{NameId 69 62}
		{LastItem "colt"}
		{FsmState "board"}
	}
	{Human "x.a.tankman" 0x8035
		{Position 7367.8 -1133.25 47}
		{Orientation
			 -0.994381   0.105865   0.000000
			  0.105865   0.994381   0.000000
			 -0.000000  -0.000000   1.000000
		}
		{Extender "inventory"
			{box
				{clear}
				{item "ammo pistol" 28 {cell 2 0}}
				{item "colt" filling "ammo pistol" 7 {cell 0 0}}
			}
		}
		{Player 1}
		{MID 55}
		{NameId 125 13}
		{LastItem "colt"}
		{FsmState "board"}
	}
	{Human "x.a.tankman" 0x8036
		{Position 7367.8 -1133.25 47}
		{Orientation
			 -0.994381   0.105865   0.000000
			  0.105865   0.994381   0.000000
			 -0.000000  -0.000000   1.000000
		}
		{Extender "inventory"
			{box
				{clear}
				{item "ammo pistol" 28 {cell 2 0}}
				{item "colt" filling "ammo pistol" 7 {cell 0 0}}
			}
		}
		{Player 1}
		{MID 56}
		{NameId 102 0}
		{LastItem "colt"}
		{FsmState "board"}
	}
	{Human "x.a.tankman" 0x8037
		{Position 7366.73 -964.126 47}
		{Orientation
			 -0.997658   0.068398   0.000000
			  0.068398   0.997658   0.000000
			  0.000000   0.000000   1.000000
		}
		{Extender "inventory"
			{box
				{clear}
				{item "ammo pistol" 28 {cell 2 0}}
				{item "colt" filling "ammo pistol" 7 {cell 0 0}}
			}
		}
		{Player 1}
		{MID 57}
		{NameId 87 23}
		{LastItem "colt"}
		{FsmState "board"}
	}
	{Human "x.a.tankman" 0x8038
		{Position 7366.73 -964.126 47}
		{Orientation
			 -0.997658   0.068398   0.000000
			  0.068398   0.997658   0.000000
			  0.000000   0.000000   1.000000
		}
		{Extender "inventory"
			{box
				{clear}
				{item "ammo pistol" 28 {cell 2 0}}
				{item "colt" filling "ammo pistol" 7 {cell 0 0}}
			}
		}
		{Player 1}
		{MID 58}
		{NameId 99 41}
		{LastItem "colt"}
		{FsmState "board"}
	}
	{Human "x.a.tankman" 0x8039
		{Position 7366.73 -964.126 47}
		{Orientation
			 -0.997658   0.068398   0.000000
			  0.068398   0.997658   0.000000
			  0.000000   0.000000   1.000000
		}
		{Extender "inventory"
			{box
				{clear}
				{item "ammo pistol" 28 {cell 2 0}}
				{item "colt" filling "ammo pistol" 7 {cell 0 0}}
			}
		}
		{Player 1}
		{MID 59}
		{NameId 74 28}
		{LastItem "colt"}
		{FsmState "board"}
	}
	{Human "x.a.tankman" 0x803a
		{Position 7368.05 -801.882 47}
		{Orientation
			 -0.998976   0.045241   0.000000
			  0.045241   0.998976   0.000000
			  0.000000  -0.000000   1.000000
		}
		{Extender "inventory"
			{box
				{clear}
				{item "ammo pistol" 28 {cell 2 0}}
				{item "colt" filling "ammo pistol" 7 {cell 0 0}}
			}
		}
		{Player 1}
		{MID 60}
		{NameId 144 92}
		{LastItem "colt"}
		{FsmState "board"}
	}
	{Human "x.a.tankman" 0x803b
		{Position 7368.05 -801.882 47}
		{Orientation
			 -0.998976   0.045241   0.000000
			  0.045241   0.998976   0.000000
			  0.000000  -0.000000   1.000000
		}
		{Extender "inventory"
			{box
				{clear}
				{item "ammo pistol" 28 {cell 2 0}}
				{item "colt" filling "ammo pistol" 7 {cell 0 0}}
			}
		}
		{Player 1}
		{MID 61}
		{NameId 135 24}
		{LastItem "colt"}
		{FsmState "board"}
	}
	{Human "x.a.tankman" 0x803c
		{Position 7368.05 -801.882 47}
		{Orientation
			 -0.998976   0.045241   0.000000
			  0.045241   0.998976   0.000000
			  0.000000  -0.000000   1.000000
		}
		{Extender "inventory"
			{box
				{clear}
				{item "ammo pistol" 28 {cell 2 0}}
				{item "colt" filling "ammo pistol" 7 {cell 0 0}}
			}
		}
		{Player 1}
		{MID 62}
		{NameId 145 49}
		{LastItem "colt"}
		{FsmState "board"}
	}
	{Human "x.a.tankman" 0x803d
		{Position 7428.22 3185.15 31}
		{Orientation
			 -0.971288   0.237906   0.000000
			  0.237906   0.971288   0.000000
			 -0.000000  -0.000000   1.000000
		}
		{Extender "inventory"
			{box
				{clear}
				{item "ammo pistol" 28 {cell 2 0}}
				{item "colt" filling "ammo pistol" 7 {cell 0 0}}
			}
		}
		{Player 1}
		{MID 63}
		{NameId 130 41}
		{LastItem "colt"}
		{FsmState "board"}
	}
	{Human "x.a.tankman" 0x803e
		{Position 7428.22 3185.15 31}
		{Orientation
			 -0.971288   0.237906   0.000000
			  0.237906   0.971288   0.000000
			 -0.000000  -0.000000   1.000000
		}
		{Extender "inventory"
			{box
				{clear}
				{item "ammo pistol" 28 {cell 2 0}}
				{item "colt" filling "ammo pistol" 7 {cell 0 0}}
			}
		}
		{Player 1}
		{MID 64}
		{NameId 105 13}
		{LastItem "colt"}
		{FsmState "board"}
	}
	{Human "x.a.tankman" 0x803f
		{Position 7428.22 3185.15 31}
		{Orientation
			 -0.971288   0.237906   0.000000
			  0.237906   0.971288   0.000000
			 -0.000000  -0.000000   1.000000
		}
		{Extender "inventory"
			{box
				{clear}
				{item "ammo pistol" 28 {cell 2 0}}
				{item "colt" filling "ammo pistol" 7 {cell 0 0}}
			}
		}
		{Player 1}
		{MID 65}
		{NameId 55 52}
		{LastItem "colt"}
		{FsmState "board"}
	}
	{Human "x.a.tankman" 0x8040
		{Position 7399.88 3411.45 29.625}
		{Orientation
			 -0.919845   0.391880   0.017728
			  0.391487   0.919919  -0.022052
			  0.024950   0.013344   0.999600
		}
		{Extender "inventory"
			{box
				{clear}
				{item "ammo pistol" 28 {cell 2 0}}
				{item "colt" filling "ammo pistol" 7 {cell 0 0}}
			}
		}
		{Player 1}
		{MID 66}
		{NameId 142 49}
		{LastItem "colt"}
		{FsmState "board"}
	}
	{Human "x.a.tankman" 0x8041
		{Position 7399.88 3411.45 29.625}
		{Orientation
			 -0.919845   0.391880   0.017728
			  0.391487   0.919919  -0.022052
			  0.024950   0.013344   0.999600
		}
		{Extender "inventory"
			{box
				{clear}
				{item "ammo pistol" 28 {cell 2 0}}
				{item "colt" filling "ammo pistol" 7 {cell 0 0}}
			}
		}
		{Player 1}
		{MID 67}
		{NameId 67 26}
		{LastItem "colt"}
		{FsmState "board"}
	}
	{Human "x.a.tankman" 0x8042
		{Position 7399.88 3411.45 29.625}
		{Orientation
			 -0.919845   0.391880   0.017728
			  0.391487   0.919919  -0.022052
			  0.024950   0.013344   0.999600
		}
		{Extender "inventory"
			{box
				{clear}
				{item "ammo pistol" 28 {cell 2 0}}
				{item "colt" filling "ammo pistol" 7 {cell 0 0}}
			}
		}
		{Player 1}
		{MID 68}
		{NameId 88 66}
		{LastItem "colt"}
		{FsmState "board"}
	}
	{Human "x.a.tankman" 0x8043
		{Position 7368.09 4251.88 55}
		{Orientation
			 -0.999966   0.008203   0.000000
			  0.008203   0.999966   0.000000
			  0.000000   0.000000   1.000000
		}
		{Extender "inventory"
			{box
				{clear}
				{item "ammo pistol" 28 {cell 2 0}}
				{item "colt" filling "ammo pistol" 7 {cell 0 0}}
			}
		}
		{Player 1}
		{MID 69}
		{NameId 132 74}
		{LastItem "colt"}
		{FsmState "board"}
	}
	{Human "x.a.tankman" 0x8044
		{Position 7368.09 4251.88 55}
		{Orientation
			 -0.999966   0.008203   0.000000
			  0.008203   0.999966   0.000000
			  0.000000   0.000000   1.000000
		}
		{Extender "inventory"
			{box
				{clear}
				{item "ammo pistol" 28 {cell 2 0}}
				{item "colt" filling "ammo pistol" 7 {cell 0 0}}
			}
		}
		{Player 1}
		{MID 70}
		{NameId 93 83}
		{LastItem "colt"}
		{FsmState "board"}
	}
	{Human "x.a.tankman" 0x8045
		{Position 7368.09 4251.88 55}
		{Orientation
			 -0.999966   0.008203   0.000000
			  0.008203   0.999966   0.000000
			  0.000000   0.000000   1.000000
		}
		{Extender "inventory"
			{box
				{clear}
				{item "ammo pistol" 28 {cell 2 0}}
				{item "colt" filling "ammo pistol" 7 {cell 0 0}}
			}
		}
		{Player 1}
		{MID 71}
		{NameId 31 53}
		{LastItem "colt"}
		{FsmState "board"}
	}
	{Human "usa.tankman" 0x8046
		{Position 7367.8 -1133.25 47}
		{Orientation
			 -0.994381   0.105865   0.000000
			  0.105865   0.994381   0.000000
			 -0.000000  -0.000000   1.000000
		}
		{Player 1}
		{MID 72}
		{NameId 135 20}
		{LastItem "m3a"}
		{FsmState "board"}
	}
	{Human "usa.tankman" 0x8047
		{Position 7366.73 -964.126 47}
		{Orientation
			 -0.997658   0.068398   0.000000
			  0.068398   0.997658   0.000000
			  0.000000   0.000000   1.000000
		}
		{Player 1}
		{MID 73}
		{NameId 104 41}
		{LastItem "m3a"}
		{FsmState "board"}
	}
	{Human "usa.tankman" 0x8048
		{Position 7368.05 -801.882 47}
		{Orientation
			 -0.998976   0.045241   0.000000
			  0.045241   0.998976   0.000000
			  0.000000  -0.000000   1.000000
		}
		{Player 1}
		{MID 74}
		{NameId 17 1}
		{LastItem "m3a"}
		{FsmState "board"}
	}
	{Human "usa.tankman" 0x8049
		{Position 7428.22 3185.15 31}
		{Orientation
			 -0.971288   0.237906   0.000000
			  0.237906   0.971288   0.000000
			 -0.000000  -0.000000   1.000000
		}
		{Player 1}
		{MID 75}
		{NameId 30 29}
		{LastItem "m3a"}
		{FsmState "board"}
	}
	{Human "usa.tankman" 0x804a
		{Position 7399.88 3411.45 29.625}
		{Orientation
			 -0.919845   0.391880   0.017728
			  0.391487   0.919919  -0.022052
			  0.024950   0.013344   0.999600
		}
		{Player 1}
		{MID 76}
		{NameId 54 81}
		{LastItem "m3a"}
		{FsmState "board"}
	}
	{Human "usa.tankman" 0x804b
		{Position 7368.09 4251.88 55}
		{Orientation
			 -0.999966   0.008203   0.000000
			  0.008203   0.999966   0.000000
			  0.000000   0.000000   1.000000
		}
		{Player 1}
		{MID 77}
		{NameId 9 78}
		{LastItem "m3a"}
		{FsmState "board"}
	}
	{Human "usa.tankman" 0x804c
		{Position 7324.01 2310.2 50.8794}
		{Orientation
			 -0.995136  -0.095558  -0.023936
			 -0.096689   0.993973   0.051660
			 -0.018856  -0.053723   0.998378
		}
		{Player 1}
		{MID 78}
		{NameId 39 99}
		{LastItem "m3a"}
		{FsmState "board"}
	}
	{Human "usa.tankman" 0x804d
		{Position 7321.24 2309.91 50.8129}
		{Orientation
			 -0.996721  -0.077943  -0.021743
			 -0.078908   0.995737   0.047763
			 -0.017928  -0.049322   0.998622
		}
		{Player 1}
		{MID 79}
		{NameId 112 16}
		{LastItem "m3a"}
		{FsmState "board"}
	}
	{Human "usa.tankman" 0x804e
		{Position 7314.13 2309.25 50.7177}
		{Orientation
			 -0.993877  -0.108714  -0.019723
			 -0.109579   0.992720   0.050001
			 -0.014144  -0.051856   0.998554
		}
		{Player 1}
		{MID 80}
		{NameId 92 16}
		{LastItem "m3a"}
		{FsmState "board"}
	}
	{Human "usa.tankman" 0x804f
		{Position 7321.9 2310.06 50.8103}
		{Orientation
			 -0.994314  -0.104029  -0.022772
			 -0.105016   0.993330   0.047611
			 -0.017667  -0.049732   0.998606
		}
		{Player 1}
		{MID 81}
		{NameId 113 89}
		{LastItem "m3a"}
		{FsmState "board"}
	}
	{Human "x.a.tankman" 0x8050
		{Position 7321.9 2310.06 50.8103}
		{Orientation
			 -0.994314  -0.104029  -0.022772
			 -0.105016   0.993330   0.047611
			 -0.017667  -0.049732   0.998606
		}
		{Extender "inventory"
			{box
				{clear}
				{item "ammo pistol" 28 {cell 2 0}}
				{item "colt" filling "ammo pistol" 7 {cell 0 0}}
			}
		}
		{Player 1}
		{MID 82}
		{NameId 96 94}
		{LastItem "colt"}
		{FsmState "board"}
	}
	{Human "x.a.tankman" 0x8051
		{Position 7321.9 2310.06 50.8103}
		{Orientation
			 -0.994314  -0.104029  -0.022772
			 -0.105016   0.993330   0.047611
			 -0.017667  -0.049732   0.998606
		}
		{Extender "inventory"
			{box
				{clear}
				{item "ammo pistol" 28 {cell 2 0}}
				{item "colt" filling "ammo pistol" 7 {cell 0 0}}
			}
		}
		{Player 1}
		{MID 83}
		{NameId 16 98}
		{LastItem "colt"}
		{FsmState "board"}
	}
	{Human "x.a.tankman" 0x8052
		{Position 7321.9 2310.06 50.8103}
		{Orientation
			 -0.994314  -0.104029  -0.022772
			 -0.105016   0.993330   0.047611
			 -0.017667  -0.049732   0.998606
		}
		{Extender "inventory"
			{box
				{clear}
				{item "ammo pistol" 28 {cell 2 0}}
				{item "colt" filling "ammo pistol" 7 {cell 0 0}}
			}
		}
		{Player 1}
		{MID 84}
		{NameId 88 7}
		{LastItem "colt"}
		{FsmState "board"}
	}
	{Human "x.a.tankman" 0x8053
		{Position 7314.13 2309.25 50.7177}
		{Orientation
			 -0.993877  -0.108714  -0.019723
			 -0.109579   0.992720   0.050001
			 -0.014144  -0.051856   0.998554
		}
		{Extender "inventory"
			{box
				{clear}
				{item "ammo pistol" 28 {cell 2 0}}
				{item "colt" filling "ammo pistol" 7 {cell 0 0}}
			}
		}
		{Player 1}
		{MID 85}
		{NameId 141 74}
		{LastItem "colt"}
		{FsmState "board"}
	}
	{Human "x.a.tankman" 0x8054
		{Position 7314.13 2309.25 50.7177}
		{Orientation
			 -0.993877  -0.108714  -0.019723
			 -0.109579   0.992720   0.050001
			 -0.014144  -0.051856   0.998554
		}
		{Extender "inventory"
			{box
				{clear}
				{item "ammo pistol" 28 {cell 2 0}}
				{item "colt" filling "ammo pistol" 7 {cell 0 0}}
			}
		}
		{Player 1}
		{MID 86}
		{NameId 16 1}
		{LastItem "colt"}
		{FsmState "board"}
	}
	{Human "x.a.tankman" 0x8055
		{Position 7314.13 2309.25 50.7177}
		{Orientation
			 -0.993877  -0.108714  -0.019723
			 -0.109579   0.992720   0.050001
			 -0.014144  -0.051856   0.998554
		}
		{Extender "inventory"
			{box
				{clear}
				{item "ammo pistol" 28 {cell 2 0}}
				{item "colt" filling "ammo pistol" 7 {cell 0 0}}
			}
		}
		{Player 1}
		{MID 87}
		{NameId 17 89}
		{LastItem "colt"}
		{FsmState "board"}
	}
	{Human "x.a.tankman" 0x8056
		{Position 7321.24 2309.91 50.8129}
		{Orientation
			 -0.996721  -0.077943  -0.021743
			 -0.078908   0.995737   0.047763
			 -0.017928  -0.049322   0.998622
		}
		{Extender "inventory"
			{box
				{clear}
				{item "ammo pistol" 28 {cell 2 0}}
				{item "colt" filling "ammo pistol" 7 {cell 0 0}}
			}
		}
		{Player 1}
		{MID 88}
		{NameId 74 96}
		{LastItem "colt"}
		{FsmState "board"}
	}
	{Human "x.a.tankman" 0x8057
		{Position 7321.24 2309.91 50.8129}
		{Orientation
			 -0.996721  -0.077943  -0.021743
			 -0.078908   0.995737   0.047763
			 -0.017928  -0.049322   0.998622
		}
		{Extender "inventory"
			{box
				{clear}
				{item "ammo pistol" 28 {cell 2 0}}
				{item "colt" filling "ammo pistol" 7 {cell 0 0}}
			}
		}
		{Player 1}
		{MID 89}
		{NameId 66 57}
		{LastItem "colt"}
		{FsmState "board"}
	}
	{Human "x.a.tankman" 0x8058
		{Position 7321.24 2309.91 50.8129}
		{Orientation
			 -0.996721  -0.077943  -0.021743
			 -0.078908   0.995737   0.047763
			 -0.017928  -0.049322   0.998622
		}
		{Extender "inventory"
			{box
				{clear}
				{item "ammo pistol" 28 {cell 2 0}}
				{item "colt" filling "ammo pistol" 7 {cell 0 0}}
			}
		}
		{Player 1}
		{MID 90}
		{NameId 39 70}
		{LastItem "colt"}
		{FsmState "board"}
	}
	{Human "x.a.tankman" 0x8059
		{Position 7324.01 2310.2 50.8794}
		{Orientation
			 -0.995136  -0.095558  -0.023936
			 -0.096689   0.993973   0.051660
			 -0.018856  -0.053723   0.998378
		}
		{Extender "inventory"
			{box
				{clear}
				{item "ammo pistol" 28 {cell 2 0}}
				{item "colt" filling "ammo pistol" 7 {cell 0 0}}
			}
		}
		{Player 1}
		{MID 91}
		{NameId 122 7}
		{LastItem "colt"}
		{FsmState "board"}
	}
	{Human "x.a.tankman" 0x805a
		{Position 7324.01 2310.2 50.8794}
		{Orientation
			 -0.995136  -0.095558  -0.023936
			 -0.096689   0.993973   0.051660
			 -0.018856  -0.053723   0.998378
		}
		{Extender "inventory"
			{box
				{clear}
				{item "ammo pistol" 28 {cell 2 0}}
				{item "colt" filling "ammo pistol" 7 {cell 0 0}}
			}
		}
		{Player 1}
		{MID 92}
		{NameId 24 37}
		{LastItem "colt"}
		{FsmState "board"}
	}
	{Human "x.a.tankman" 0x805b
		{Position 7324.01 2310.2 50.8794}
		{Orientation
			 -0.995136  -0.095558  -0.023936
			 -0.096689   0.993973   0.051660
			 -0.018856  -0.053723   0.998378
		}
		{Extender "inventory"
			{box
				{clear}
				{item "ammo pistol" 28 {cell 2 0}}
				{item "colt" filling "ammo pistol" 7 {cell 0 0}}
			}
		}
		{Player 1}
		{MID 93}
		{NameId 123 12}
		{LastItem "colt"}
		{FsmState "board"}
	}
	{Human "usa.tankman" 0x805c
		{Position 7409.95 1385.93 47}
		{Orientation
			 -0.999945  -0.010506   0.000000
			 -0.010506   0.999945   0.000000
			  0.000000  -0.000000   1.000000
		}
		{Player 1}
		{MID 94}
		{NameId 32 12}
		{LastItem "m3a"}
		{FsmState "board"}
	}
	{Human "usa.tankman" 0x805d
		{Position 7409.95 1385.93 47}
		{Orientation
			 -0.999945  -0.010506   0.000000
			 -0.010506   0.999945   0.000000
			  0.000000  -0.000000   1.000000
		}
		{Player 1}
		{MID 95}
		{NameId 34 76}
		{LastItem "m3a"}
		{FsmState "board"}
	}
	{Human "usa.tankman" 0x805e
		{Position 7409.95 1385.93 47}
		{Orientation
			 -0.999945  -0.010506   0.000000
			 -0.010506   0.999945   0.000000
			  0.000000  -0.000000   1.000000
		}
		{Player 1}
		{MID 96}
		{NameId 148 98}
		{LastItem "m3a"}
		{FsmState "board"}
	}
	{Human "usa.tankman" 0x805f
		{Position 7414.98 1241.27 47}
		{Orientation
			 -0.999304  -0.037306   0.000000
			 -0.037306   0.999304   0.000000
			  0.000000   0.000000   1.000000
		}
		{Player 1}
		{MID 97}
		{NameId 41 80}
		{LastItem "m3a"}
		{FsmState "board"}
	}
	{Human "usa.tankman" 0x8060
		{Position 7414.98 1241.27 47}
		{Orientation
			 -0.999304  -0.037306   0.000000
			 -0.037306   0.999304   0.000000
			  0.000000   0.000000   1.000000
		}
		{Player 1}
		{MID 98}
		{NameId 15 5}
		{LastItem "m3a"}
		{FsmState "board"}
	}
	{Human "usa.tankman" 0x8061
		{Position 7414.98 1241.27 47}
		{Orientation
			 -0.999304  -0.037306   0.000000
			 -0.037306   0.999304   0.000000
			  0.000000   0.000000   1.000000
		}
		{Player 1}
		{MID 99}
		{NameId 40 31}
		{LastItem "m3a"}
		{FsmState "board"}
	}
	{Human "x.a.tankman" 0x8062
		{Position 7409.95 1385.93 47}
		{Orientation
			 -0.999945  -0.010506   0.000000
			 -0.010506   0.999945   0.000000
			  0.000000  -0.000000   1.000000
		}
		{Extender "inventory"
			{box
				{clear}
				{item "ammo pistol" 28 {cell 2 0}}
				{item "colt" filling "ammo pistol" 7 {cell 0 0}}
			}
		}
		{Player 1}
		{MID 100}
		{NameId 101 32}
		{LastItem "colt"}
		{FsmState "board"}
	}
	{Human "x.a.tankman" 0x8063
		{Position 7414.98 1241.27 47}
		{Orientation
			 -0.999304  -0.037306   0.000000
			 -0.037306   0.999304   0.000000
			  0.000000   0.000000   1.000000
		}
		{Extender "inventory"
			{box
				{clear}
				{item "ammo pistol" 28 {cell 2 0}}
				{item "colt" filling "ammo pistol" 7 {cell 0 0}}
