;Exported by: Dinsen
;Date:        Sat Mar 17 17:41:08 2012
;File:        C:\Archivos de programa\Autodesk\3dsMax8\scenes\hecho\pasarela_sub.max
{Skeleton
	{bone "body"
		{parameters "Land;Ground;"}
		{Orientation
			1.0000	0.0000	0.0000
			0.0000	-1.0000	0.0000
			0.0000	0.0000	1.0000
		}
		{VolumeView "body.ply" {Ground}}
		{bone "rail2"
			{Matrix34
				0.9628	0.0000	-0.2702
				0.0000	1.0000	0.0000
				0.2702	0.0000	0.9628
				-43.0704	0.0000	-41.8269
			}
			{VolumeView "rail2.ply"}
		}
		{bone "rail1"
			{Matrix34
				0.9628	0.0000	-0.2702
				0.0000	1.0000	0.0000
				0.2702	0.0000	0.9628
				-43.0704	0.0000	-41.8269
			}
			{VolumeView "rail1.ply"}
		}
	}
}
{Obstacle "Plane02"
	{Obb2
		{Center -92.2126 14.8629}
		{Extent 95.4998 1.125}
		{Axis 1 0}
	}
	{Rotate}
}
{Obstacle "Plane01"
	{Obb2
		{Center -93.9005 -14.8771}
		{Extent 95.4998 1.125}
		{Axis 1 0}
	}
	{Rotate}
}
{Volume "Cylinder17"
	{Cylinder 0.867354 57.8299}
	{Bone "rail1"}
	{Matrix34
		-0.0505	0.0000	-0.9987
		0.0000	1.0000	0.0000
		0.9987	0.0000	-0.0505
		-3.9158	-15.0008	77.0184
	}
}
{Volume "Cylinder16"
	{Cylinder 0.867354 39.3299}
	{Bone "rail1"}
	{Matrix34
		0.0848	0.0000	-0.9964
		0.0000	1.0000	0.0000
		0.9964	0.0000	0.0848
		-51.8673	-15.0008	76.7431
	}
}
{Volume "Cylinder13"
	{Cylinder 0.867354 47.3299}
	{Bone "rail1"}
	{Matrix34
		0.0184	0.0000	-0.9998
		0.0000	1.0000	0.0000
		0.9998	0.0000	0.0184
		-92.9284	-15.1067	74.6046
	}
}
{Volume "Cylinder12"
	{Cylinder 0.867354 47.3299}
	{Bone "rail1"}
	{Matrix34
		0.0369	0.0000	-0.9993
		0.0000	1.0000	0.0000
		0.9993	0.0000	0.0369
		-137.3080	-15.1068	73.3657
	}
}
{Volume "Cylinder09"
	{Cylinder 0.867354 25.3299}
	{Bone "rail1"}
	{Matrix34
		0.9990	0.0000	-0.0453
		0.0000	1.0000	0.0000
		0.0453	0.0000	0.9990
		-160.8910	-14.9040	60.6358
	}
}
{Volume "Cylinder08"
	{Cylinder 0.867354 25.3299}
	{Bone "rail1"}
	{Matrix34
		0.9967	0.0000	-0.0807
		0.0000	1.0000	0.0000
		0.0807	0.0000	0.9967
		-117.5205	-14.9040	61.6864
	}
}
{Volume "Cylinder05"
	{Cylinder 0.867354 25.3299}
	{Bone "rail1"}
	{Matrix34
		0.9986	0.0000	0.0537
		0.0000	1.0000	0.0000
		-0.0537	0.0000	0.9986
		-70.7026	-14.9871	62.7267
	}
}
{Volume "Cylinder04"
	{Cylinder 0.867354 25.3299}
	{Bone "rail1"}
	{Matrix34
		0.9823	0.0000	0.1872
		0.0000	1.0000	0.0000
		-0.1872	0.0000	0.9823
		-30.1049	-14.9871	66.5302
	}
}
{Volume "Cylinder01"
	{Cylinder 0.867354 25.3299}
	{Bone "rail1"}
	{Matrix34
		0.9628	0.0000	0.2702
		0.0000	1.0000	0.0000
		-0.2702	0.0000	0.9628
		27.1430	-15.0258	64.2146
	}
}
{Volume "Cylinder18"
	{Cylinder 0.867354 57.8299}
	{Bone "rail2"}
	{Matrix34
		-0.0505	0.0000	-0.9987
		0.0000	1.0000	0.0000
		0.9987	0.0000	-0.0505
		-3.9158	14.7371	77.0184
	}
}
{Volume "Cylinder15"
	{Cylinder 0.867354 39.3299}
	{Bone "rail2"}
	{Matrix34
		0.0953	0.0000	-0.9955
		0.0000	1.0000	0.0000
		0.9955	0.0000	0.0953
		-51.8859	14.7833	76.9488
	}
}
{Volume "Cylinder14"
	{Cylinder 0.867354 47.3299}
	{Bone "rail2"}
	{Matrix34
		0.0184	0.0000	-0.9998
		0.0000	1.0000	0.0000
		0.9998	0.0000	0.0184
		-92.9284	14.7833	74.6046
	}
}
{Volume "Cylinder11"
	{Cylinder 0.867354 47.3299}
	{Bone "rail2"}
	{Matrix34
		0.0369	0.0000	-0.9993
		0.0000	1.0000	0.0000
		0.9993	0.0000	0.0369
		-137.3080	14.9429	73.3657
	}
}
{Volume "Cylinder10"
	{Cylinder 0.867354 25.3299}
	{Bone "rail2"}
	{Matrix34
		0.9990	0.0000	-0.0453
		0.0000	1.0000	0.0000
		0.0453	0.0000	0.9990
		-160.8910	14.9429	60.6358
	}
}
{Volume "Cylinder07"
	{Cylinder 0.867354 25.3299}
	{Bone "rail2"}
	{Matrix34
		0.9967	0.0000	-0.0807
		0.0000	1.0000	0.0000
		0.0807	0.0000	0.9967
		-117.5205	14.8921	61.6864
	}
}
{Volume "Cylinder06"
	{Cylinder 0.867354 25.3299}
	{Bone "rail2"}
	{Matrix34
		0.9986	0.0000	0.0537
		0.0000	1.0000	0.0000
		-0.0537	0.0000	0.9986
		-70.7026	14.8921	62.7267
	}
}
{Volume "Cylinder03"
	{Cylinder 0.867354 25.3299}
	{Bone "rail2"}
	{Matrix34
		0.9823	0.0000	0.1872
		0.0000	1.0000	0.0000
		-0.1872	0.0000	0.9823
		-30.1049	15.0497	66.5302
	}
}
{Volume "Cylinder02"
	{Cylinder 0.867354 25.3299}
	{Bone "rail2"}
	{Matrix34
		0.9628	0.0000	0.2702
		0.0000	1.0000	0.0000
		-0.2702	0.0000	0.9628
		27.1430	15.0497	64.2146
	}
}
