;Exported by: sk
;Date:        Fri Feb 20 12:26:33 2004
;File:        D:\-PROJE~1\-3DWork-\CONSTR~1\Store\store.max
{Skeleton
	{bone "store3"
		{Orientation
			1.0000	0.0000	0.0000
			0.0000	-1.0000	0.0000
			0.0000	0.0000	1.0000
		}
		{VolumeView "store3.ply"}
		{bone "window1"
			{Matrix34
				1.0000	0.0000	0.0000
				0.0000	-0.0000	1.0000
				0.0000	-1.0000	-0.0000
				29.0525	56.4809	57.3677
			}
			{VolumeView "window1.ply"}
			{bone "FX_glass1"
				{Matrix34
					-0.0000	0.0000	-1.0000
					-1.0000	-0.0000	-0.0000
					-0.0000	1.0000	0.0000
					-0.4638	0.3505	-0.6191
				}
			}
		}
		{bone "window1_x"
			{Matrix34
				1.0000	0.0000	0.0000
				0.0000	-0.0000	1.0000
				0.0000	-1.0000	-0.0000
				29.0396	55.6892	57.3677
			}
			{visibility 0}
			{VolumeView "window1_x.ply"}
		}
		{bone "window2"
			{Matrix34
				-1.0000	0.0000	0.0000
				0.0000	0.0000	1.0000
				0.0000	1.0000	-0.0000
				30.5168	-75.9525	57.9691
			}
			{VolumeView "window2.ply"}
			{bone "FX_glass2"
				{Matrix34
					0.0000	0.0000	-1.0000
					-1.0000	-0.0000	-0.0000
					-0.0000	1.0000	-0.0000
					0.1598	-0.2509	-1.2431
				}
			}
		}
		{bone "window2_x"
			{Matrix34
				-1.0000	0.0000	0.0000
				0.0000	0.0000	1.0000
				0.0000	1.0000	-0.0000
				33.5384	-75.3391	57.9691
			}
			{visibility 0}
			{VolumeView "window2_x.ply"}
		}
		{bone "window3"
			{Matrix34
				-1.0000	0.0000	0.0000
				0.0000	0.0000	1.0000
				0.0000	1.0000	-0.0000
				-53.4563	-75.9525	57.9691
			}
			{VolumeView "window3.ply"}
			{bone "FX_glass3"
				{Matrix34
					0.0000	0.0000	-1.0000
					-1.0000	-0.0000	-0.0000
					-0.0000	1.0000	-0.0000
					-0.7655	-0.2509	-1.2431
				}
			}
		}
		{bone "window3_x"
			{Matrix34
				-1.0000	0.0000	0.0000
				0.0000	0.0000	1.0000
				0.0000	1.0000	-0.0000
				-50.0818	-75.3391	57.9691
			}
			{visibility 0}
			{VolumeView "window3_x.ply"}
		}
		{bone "exterior"
			{Position -10.2991	-9.9655	94.2306}
			{VolumeView "exterior.ply"}
		}
	}
}
{Obstacle "body8"
	{Obb2
		{Center 69.3882 -44.1776}
		{Extent 2.51685 15.0208}
		{Axis 1 0}
	}
	{Rotate}
}
{Obstacle "body1"
	{Obb2
		{Center 31.5786 -56.6869}
		{Extent 37.0875 2.51685}
		{Axis 1 0}
	}
	{Rotate}
}
{Obstacle "body2"
	{Obb2
		{Center -9.88586 76.3747}
		{Extent 82.0348 2.51685}
		{Axis 1 0}
	}
	{Rotate}
}
{Obstacle "body3"
	{Obb2
		{Center 69.3882 64.0055}
		{Extent 2.51685 15.0208}
		{Axis 1 0}
	}
	{Rotate}
}
{Obstacle "body4"
	{Obb2
		{Center -76.9482 -56.7585}
		{Extent 12.9489 2.51685}
		{Axis 1 0}
	}
	{Rotate}
}
{Obstacle "body5"
	{Obb2
		{Center 28.6245 97.5361}
		{Extent 34.2395 18.4988}
		{Axis 1 0}
	}
	{Rotate}
}
{Obstacle "body7"
	{Obb2
		{Center -34.4716 -56.6934}
		{Extent 29.6996 2.51685}
		{Axis 1 0}
	}
	{Rotate}
}
{Obstacle "door"
	{Obb2
		{Center -18.1065 -62.5832}
		{Extent 14.5529 0.495346}
		{Axis 0.906401 0.422418}
	}
	{Rotate}
}
{Obstacle "door1"
	{Obb2
		{Center -49.3505 -59.1399}
		{Extent 0.502426 14.5531}
		{Axis 0.174345 0.984685}
	}
	{Rotate}
}
{Obstacle "door2"
	{Obb2
		{Center 72.3282 -9.20349}
		{Extent 20.2287 0.506439}
		{Axis 0.174345 0.984685}
	}
	{Rotate}
}
{Obstacle "door3"
	{Obb2
		{Center 80.1942 33.4434}
		{Extent 0.498081 19.2371}
		{Axis 0.81933 0.573323}
	}
	{Rotate}
}
{Area "interior"
	{Obb2
		{Center -10.2198 9.95481}
		{Extent 79.6823 64.4564}
		{Axis -1 0}
	}
	{Rotate}
}
{Obstacle "post"
	{Obb2
		{Center -82.8862 -114.82}
		{Extent 1.49356 1.46178}
		{Axis 1 0}
	}
	{Rotate}
}
{Obstacle "post1"
	{Obb2
		{Center 28.6622 -114.82}
		{Extent 1.49356 1.46178}
		{Axis 1 0}
	}
	{Rotate}
}
{Volume "body8"
	{Box 30.0416 5.0337 58.7972}
	{Bone "store3"}
	{Matrix34
		-0.0000	1.0000	0.0000
		-1.0000	-0.0000	0.0000
		0.0000	0.0000	1.0000
		69.3882	44.1776	29.3986
	}
}
{Volume "body"
	{Polyhedron "body.vol"}
	{Bone "store3"}
	{Position 69.2636	-9.8772	77.9460}
}
{Volume "body1"
	{Box 74.175 5.0337 78.3962}
	{Bone "store3"}
	{Position 31.5786	56.6869	39.1981}
}
{Volume "body2"
	{Box 164.07 5.0337 78.3962}
	{Bone "store3"}
	{Position -9.8859	-76.3747	39.1981}
}
{Volume "body3"
	{Box 30.0416 5.0337 58.7972}
	{Bone "store3"}
	{Matrix34
		-0.0000	1.0000	0.0000
		-1.0000	-0.0000	0.0000
		0.0000	0.0000	1.0000
		69.3882	-64.0055	29.3986
	}
}
{Volume "body4"
	{Box 25.8979 5.0337 78.3962}
	{Bone "store3"}
	{Position -76.9482	56.7585	39.1981}
}
{Volume "body5"
	{Box 68.479 36.9977 46.2389}
	{Bone "store3"}
	{Position 28.6245	-97.5361	23.1195}
}
{Volume "body6"
	{Box 59.3991 5.0337 14.3218}
	{Bone "store3"}
	{Position -34.4716	56.6934	71.0714}
}
{Volume "body7"
	{Box 59.3991 5.0337 15.6635}
	{Bone "store3"}
	{Position -34.4716	56.6934	7.9026}
}
{Volume "door"
	{Box 29.1056 0.984252 48.2437}
	{Bone "store3"}
	{Matrix34
		0.9063	-0.4226	0.0000
		0.4226	0.9063	0.0000
		0.0000	0.0000	1.0000
		-18.1065	62.5832	39.8520
	}
}
{Volume "door1"
	{Box 29.1056 0.984252 48.2437}
	{Bone "store3"}
	{Matrix34
		0.9848	0.1736	0.0000
		-0.1736	0.9848	0.0000
		0.0000	0.0000	1.0000
		-49.3505	59.1399	39.8520
	}
}
{Volume "door2"
	{Box 40.4568 0.984252 57.9841}
	{Bone "store3"}
	{Matrix34
		-0.1736	0.9848	0.0000
		-0.9848	-0.1736	0.0000
		0.0000	0.0000	1.0000
		72.3283	9.2035	28.9921
	}
}
{Volume "door3"
	{Box 38.474 0.984252 57.9841}
	{Bone "store3"}
	{Matrix34
		0.5736	0.8192	0.0000
		-0.8192	0.5736	0.0000
		0.0000	0.0000	1.0000
		80.1942	-33.4434	28.9921
	}
}
{Volume "window3"
	{Box 35.0141 1.08268 16.4056}
	{Bone "store3"}
	{Matrix34
		-1.0000	0.0000	-0.0000
		-0.0000	-1.0000	0.0000
		-0.0000	0.0000	1.0000
		-52.9735	-76.2095	58.1510
	}
}
{Volume "window2"
	{Box 34.577 1.39764 16.4073}
	{Bone "store3"}
	{Matrix34
		-1.0000	0.0000	-0.0000
		-0.0000	-1.0000	0.0000
		-0.0000	0.0000	1.0000
		30.9885	-76.0109	58.1449
	}
}
{Volume "window1"
	{Box 33.9194 1.9685 17.4271}
	{Bone "store3"}
	{Position 29.0295	55.9414	57.3843}
}
{Volume "roof2"
	{Box 166.3 1.61775 77.9528}
	{Bone "exterior"}
	{Matrix34
		1.0000	0.0000	0.0000
		0.0000	0.2588	-0.9659
		0.0000	0.9659	0.2588
		6.1588	-37.2920	-6.5681
	}
}
{Volume "roof1"
	{Box 166.3 1.61775 77.9528}
	{Bone "exterior"}
	{Matrix34
		1.0000	0.0000	0.0000
		0.0000	0.2588	0.9659
		0.0000	-0.9659	0.2588
		6.1588	37.4945	-6.5681
	}
}
{Volume "Hole1"
	{Box 33.9194 15.748 17.4271}
	{Bone "store3"}
	{Position 29.0011	55.9414	57.3843}
}
{Volume "Hole2"
	{Box 34.9227 15.748 16.3902}
	{Bone "store3"}
	{Matrix34
		-1.0000	0.0000	0.0000
		-0.0000	-1.0000	0.0000
		0.0000	0.0000	1.0000
		31.0592	-76.2095	58.1364
	}
}
{Volume "Hole3"
	{Box 35.0141 15.748 16.3902}
	{Bone "store3"}
	{Matrix34
		-1.0000	0.0000	0.0000
		-0.0000	-1.0000	0.0000
		0.0000	0.0000	1.0000
		-52.9735	-76.2095	58.1433
	}
}
{Volume "roof"
	{Box 118.456 1.61775 61.1845}
	{Bone "store3"}
	{Matrix34
		1.0000	0.0000	0.0000
		0.0000	0.0872	0.9962
		0.0000	-0.9962	0.0872
		-26.3275	89.6532	75.0662
	}
}
{Volume "post"
	{Box 2.98712 2.92356 72.8558}
	{Bone "store3"}
	{Position -82.8862	114.8196	36.4279}
}
{Volume "post1"
	{Box 2.98712 2.92356 72.8558}
	{Bone "store3"}
	{Position 28.6622	114.8196	36.4279}
}
