;Exported by: ubrashaev
;Date:        Mon Apr 19 11:40:59 2004
;File:        D:\-Projects-\-work-\3d\construction\city\Административное здание_x.max
{Skeleton
	{animation
		{sequence "crush" {speed 0.4}}
	}
	{bone "office_block_c2"
		{parameters "CommonMesh;"}
		{Orientation
			1.0000	0.0000	0.0000
			0.0000	-1.0000	0.0000
			0.0000	0.0000	1.0000
		}
		{VolumeView "office_block_c2.ply"}
		{bone "Piece0"
			{Matrix34
				-1.0000	0.0000	0.0000
				-0.0000	-0.0000	1.0000
				0.0000	1.0000	0.0000
				-12.9307	-41.9672	122.5782
			}
			{VolumeView "Piece0.ply"}
		}
		{bone "Piece1"
			{Matrix34
				0.0000	1.0000	0.0000
				0.0000	-0.0000	1.0000
				1.0000	-0.0000	-0.0000
				37.5632	-32.1855	183.9667
			}
			{VolumeView "Piece1.ply"}
		}
		{bone "Piece2"
			{Matrix34
				-1.0000	0.0000	0.0000
				-0.0000	-0.0000	1.0000
				0.0000	1.0000	0.0000
				68.5285	-41.9672	117.7330
			}
			{VolumeView "Piece2.ply"}
		}
		{bone "Piece4"
			{Matrix34
				0.0000	1.0000	0.0000
				0.0000	-0.0000	1.0000
				1.0000	-0.0000	-0.0000
				37.5632	6.3857	185.5789
			}
			{VolumeView "Piece4.ply"}
		}
		{bone "Piece5"
			{Matrix34
				-1.0000	0.0000	0.0000
				-0.0000	-0.0000	1.0000
				0.0000	1.0000	0.0000
				22.8023	-41.9672	117.4302
			}
			{VolumeView "Piece5.ply"}
		}
		{bone "Piece6"
			{Matrix34
				0.0000	1.0000	0.0000
				-0.0000	0.0000	1.0000
				1.0000	-0.0000	0.0000
				62.3393	-42.2243	62.6413
			}
			{VolumeView "Piece6.ply"}
		}
		{bone "Piece8"
			{Matrix34
				0.0000	1.0000	0.0000
				0.0000	-0.0000	1.0000
				1.0000	-0.0000	-0.0000
				37.5632	-31.0693	159.1622
			}
			{VolumeView "Piece8.ply"}
		}
		{bone "Piece9"
			{Matrix34
				-1.0000	0.0000	0.0000
				-0.0000	-0.0000	1.0000
				0.0000	1.0000	0.0000
				75.9407	-38.5107	95.2902
			}
			{VolumeView "Piece9.ply"}
		}
		{bone "Piece10"
			{Matrix34
				-1.0000	0.0000	0.0000
				-0.0000	-0.0000	1.0000
				0.0000	1.0000	0.0000
				75.9407	0.4126	71.9738
			}
			{VolumeView "Piece10.ply"}
		}
		{bone "Piece11"
			{Matrix34
				-1.0000	0.0000	0.0000
				-0.0000	-0.0000	1.0000
				0.0000	1.0000	0.0000
				-27.0625	-40.1609	79.7792
			}
			{VolumeView "Piece11.ply"}
		}
		{bone "Piece12"
			{Matrix34
				-1.0000	0.0000	0.0000
				-0.0000	-0.0000	1.0000
				0.0000	1.0000	0.0000
				66.2069	-41.9672	93.1034
			}
			{VolumeView "Piece12.ply"}
		}
		{bone "Piece14"
			{Matrix34
				-1.0000	0.0000	0.0000
				-0.0000	-0.0000	1.0000
				0.0000	1.0000	0.0000
				12.1026	-41.9671	67.4645
			}
			{VolumeView "Piece14.ply"}
		}
		{bone "Sub_piece0"
			{Matrix34
				0.0000	1.0000	0.0000
				0.3420	-0.0000	0.9397
				0.9397	-0.0000	-0.3420
				2.0101	-42.2243	98.7605
			}
			{VolumeView "Sub_piece0.ply"}
		}
		{bone "Sub_piece1"
			{Matrix34
				-1.0000	0.0000	0.0000
				-0.0000	-0.0000	1.0000
				0.0000	1.0000	0.0000
				75.9407	-8.1979	97.7590
			}
			{VolumeView "Sub_piece1.ply"}
		}
		{bone "Sub_piece2"
			{Matrix34
				-1.0000	0.0000	-0.0000
				0.0000	0.8192	0.5736
				0.0000	0.5736	-0.8192
				75.9407	-1.5416	147.0869
			}
			{VolumeView "Sub_piece2.ply"}
		}
		{bone "Sub_piece3"
			{Matrix34
				-1.0000	0.0000	0.0000
				-0.0000	-0.0000	1.0000
				0.0000	1.0000	0.0000
				75.9407	-37.2705	129.3965
			}
			{VolumeView "Sub_piece3.ply"}
		}
	}
}
{Volume "Sub_piece3"
	{Box 9.84253 21.332 19.0996}
	{Bone "Sub_piece3"}
	{Position 0.0000	0.0000	0.0000}
}
{Volume "Sub_piece2"
	{Box 9.84253 28.2153 17.1152}
	{Bone "Sub_piece2"}
	{Position -0.0000	0.0000	-0.0000}
}
{Volume "Sub_piece1"
	{Box 10.2362 34.2453 19.422}
	{Bone "Sub_piece1"}
	{Position -0.0252	0.0000	1.2515}
}
{Volume "Sub_piece0"
	{Box 9.84252 21.3709 20.2406}
	{Bone "Sub_piece0"}
	{Matrix34
		1.0000	-0.0000	-0.0000
		0.0000	0.5736	-0.8192
		-0.0000	0.8192	0.5736
		0.0000	1.0551	-1.0305
	}
}
{Volume "Piece14"
	{Box 28.5793 13.9298 13.8294}
	{Bone "Piece14"}
	{Position 0.2435	1.3198	-1.8040}
}
{Volume "Piece12"
	{Box 25.5219 21.8032 9.84252}
	{Bone "Piece12"}
	{Position -1.7792	-0.0000	-0.0000}
}
{Volume "Piece11"
	{Box 21.4538 17.56 13.8382}
	{Bone "Piece11"}
	{Position -2.1210	0.0991	-0.1916}
}
{Volume "Piece10"
	{Box 13.3054 21.7363 19.2881}
	{Bone "Piece10"}
	{Matrix34
		1.0000	-0.0000	-0.0000
		-0.0000	0.8660	0.5000
		-0.0000	-0.5000	0.8660
		-1.7314	1.1849	-1.2478
	}
}
{Volume "Piece9"
	{Box 9.84253 31.0058 17.1152}
	{Bone "Piece9"}
	{Position 0.0000	0.0000	-0.0000}
}
{Volume "Piece8"
	{Box 16.0337 16.7431 12.5}
	{Bone "Piece8"}
	{Matrix34
		0.9063	0.4226	0.0000
		-0.4226	0.9063	-0.0000
		0.0000	-0.0000	1.0000
		-0.0000	0.0000	0.0000
	}
}
{Volume "Piece6"
	{Box 9.84253 22.7285 16.1156}
	{Bone "Piece6"}
	{Matrix34
		1.0000	0.0000	-0.0000
		0.0000	0.9397	0.3420
		-0.0000	-0.3420	0.9397
		0.0000	-1.0536	0.8952
	}
}
{Volume "Piece5"
	{Box 18.5994 16.3585 13.1216}
	{Bone "Piece5"}
	{Position -0.0000	1.2749	-2.0412}
}
{Volume "Piece4"
	{Box 25.2114 18.3712 12.5}
	{Bone "Piece4"}
	{Position 0.0000	3.3453	0.0000}
}
{Volume "Piece2"
	{Box 18.7185 18.5731 9.84252}
	{Bone "Piece2"}
	{Position -3.2441	-0.0000	-0.0000}
}
{Volume "Piece1"
	{Box 23.3164 24.5959 12.5}
	{Bone "Piece1"}
	{Position 0.0000	-0.1636	0.0000}
}
{Volume "Piece0"
	{Box 34.118 10.0941 10.3976}
	{Bone "Piece0"}
	{Position -0.0000	-0.0000	-0.1055}
}
