;Exported by: garry
;Date:        Wed Jan 28 13:02:38 2004
;File:        D:\-Projects-\-3DWork-\Model\tanks\PZ-5\jagdpanther\jagdpanther_xx.max
{Skeleton
	{bone revolute "Basis"
		{Orientation
			1.0000	0.0000	0.0000
			0.0000	-1.0000	0.0000
			0.0000	0.0000	1.0000
		}
		{bone "WheelsR"
			{parameters "ID=trackright;"}
			{Matrix34
				1.0000	0.0000	0.0000
				0.0000	-0.0000	1.0000
				0.0000	-1.0000	-0.0000
				-4.5130	-25.3137	10.0383
			}
			{VolumeView "WheelsR.ply"}
		}
		{bone "WheelsL"
			{parameters "ID=trackleft;"}
			{Matrix34
				1.0000	0.0000	0.0000
				0.0000	-0.0000	1.0000
				0.0000	1.0000	0.0000
				-4.5130	25.7247	10.0383
			}
			{VolumeView "WheelsL.ply"}
		}
		{bone "Body"
			{parameters "ID=body;"}
			{Matrix34
				-1.0000	0.0000	-0.0000
				-0.0000	-1.0000	0.0000
				-0.0000	0.0000	1.0000
				-8.8667	-0.6053	9.0035
			}
			{VolumeView "Body.ply"}
			{bone revolute "wheelL1"
				{parameters "ID=body;"}
				{Matrix34
					-1.0000	-0.0000	-0.0082
					0.0082	0.0000	-1.0000
					-0.0000	1.0000	0.0000
					-53.9247	-29.6089	6.6674
				}
				{VolumeView "wheelL1.ply"}
			}
			{bone revolute "WheelL2"
				{parameters "ID=body;"}
				{Matrix34
					-1.0000	-0.0000	-0.0082
					0.0082	0.0000	-1.0000
					-0.0000	1.0000	0.0000
					54.0120	-29.6089	6.1929
				}
				{VolumeView "WheelL2.ply"}
			}
			{bone revolute "wheelR1"
				{parameters "ID=body;"}
				{Matrix34
					-1.0000	-0.0000	-0.0082
					0.0082	-0.0000	-1.0000
					0.0000	-1.0000	0.0000
					-53.9247	28.8232	6.6674
				}
				{VolumeView "wheelR1.ply"}
			}
			{bone revolute "WheelR2"
				{parameters "ID=body;"}
				{Matrix34
					-1.0000	-0.0000	-0.0082
					0.0082	-0.0000	-1.0000
					0.0000	-1.0000	0.0000
					54.0230	29.1042	6.2129
				}
				{VolumeView "WheelR2.ply"}
			}
			{bone revolute "gun_rot"
				{parameters "ID=body;"}
				{Matrix34
					-0.9992	-0.0000	0.0398
					0.0398	0.0436	0.9983
					-0.0017	0.9990	-0.0436
					-32.3908	0.2310	30.4219
				}
				{VolumeView "gun_rot.ply"}
				{bone "gun"
					{parameters "ID=gun;"}
					{Matrix34
						0.9972	0.0749	-0.0033
						0.0000	-0.0436	-0.9990
						-0.0750	0.9962	-0.0435
						10.5331	-1.2072	-0.4444
					}
					{VolumeView "gun.ply"}
				}
			}
			{bone "engine"
				{parameters "ID=engine;"}
				{Matrix34
					0.9966	0.0078	-0.0823
					-0.0072	0.9999	0.0080
					0.0823	-0.0074	0.9966
					65.9769	-0.0990	19.0125
				}
				{VolumeView "engine.ply"}
			}
			{bone "part3"
				{Position 4.4090	-25.5797	14.7109}
				{VolumeView "part3.ply"}
			}
			{bone "part4"
				{Matrix34
					0.9991	-0.0401	0.0150
					-0.0178	-0.0703	0.9974
					-0.0390	-0.9967	-0.0709
					-60.1825	-25.5285	4.2738
				}
				{VolumeView "part4.ply"}
			}
			{bone "part1"
				{Position 72.2155	6.5853	23.1722}
				{VolumeView "part1.ply"}
			}
			{bone "part5"
				{Matrix34
					0.9102	-0.0259	0.4133
					0.0329	0.9994	-0.0098
					-0.4128	0.0225	0.9105
					-19.5537	1.2830	34.4227
				}
				{VolumeView "part5.ply"}
			}
			{bone "part2"
				{Position 7.2568	-27.0246	27.6307}
				{VolumeView "part2.ply"}
			}
		}
	}
}
{Volume "Body2"
	{Polyhedron "Body2.vol"}
	{Bone "Body"}
	{Matrix34
		-1.0000	-0.0000	-0.0000
		0.0000	-1.0000	-0.0000
		0.0000	-0.0000	1.0000
		11.4824	-0.4075	18.6891
	}
}
{Volume "Body1"
	{Polyhedron "Body1.vol"}
	{Bone "Body"}
	{Matrix34
		-1.0000	-0.0000	-0.0000
		0.0000	-1.0000	-0.0000
		0.0000	-0.0000	1.0000
		21.2129	4.0276	1.2681
	}
}
{Volume "part2"
	{Cylinder 1.93369 37.1654}
	{Bone "part2"}
	{Matrix34
		0.0058	-0.9992	0.0387
		0.0041	0.0388	0.9992
		-1.0000	-0.0056	0.0043
		0.0883	-0.0020	0.2646
	}
}
{Volume "part5"
	{Box 39.6525 32.2982 5.90551}
	{Bone "part5"}
	{Matrix34
		-0.9995	0.0306	0.0093
		-0.0316	-0.9890	-0.1443
		0.0048	-0.1445	0.9895
		20.0050	-1.2070	-0.6788
	}
}
{Volume "part1"
	{Cylinder 2.88664 15.4331}
	{Bone "part1"}
	{Matrix34
		-0.7370	-0.0853	0.6705
		0.0523	-0.9962	-0.0693
		0.6739	-0.0160	0.7387
		0.1798	-0.0644	-0.1958
	}
}
{Volume "part4"
	{Polyhedron "part4.vol"}
	{Bone "part4"}
	{Matrix34
		-0.7135	-0.7007	-0.0000
		-0.0000	-0.0000	1.0000
		-0.7007	0.7135	0.0000
		-0.2986	-1.2652	-0.9718
	}
}
{Volume "part3"
	{Box 129.189 13.0697 3.93701}
	{Bone "part3"}
	{Matrix34
		-0.9998	0.0012	-0.0177
		0.0000	-0.9975	-0.0703
		-0.0178	-0.0703	0.9974
		0.4703	-0.1149	3.4432
	}
}
{Volume "Gun"
	{Cylinder 1.77277 81.7216}
	{Bone "gun"}
	{Matrix34
		-0.0000	1.0000	0.0000
		0.0439	-0.0000	0.9990
		0.9990	0.0000	-0.0439
		39.2552	-0.0924	-1.1340
	}
}
