;Exported by: garry
;Date:        Wed Jun 02 11:19:57 2004
;File:        D:\-Projects-\-3DWork-\Model\Танки\T-34-85\T-34-85.max
{Skeleton
	{animation
		{sequence "start"}
		{sequence "stop"}
		{sequence "fire"}
		{sequence "move1"}
		{sequence "hit"}
		{sequence "open" {resume}}
	}
	{bone "Basis"
		{Orientation
			1.0000	0.0000	0.0000
			0.0000	-1.0000	0.0000
			0.0000	0.0000	1.0000
		}
		{bone "WheelsL"
			{parameters "ID=trackleft;"}
			{Position -2.2900	22.5471	9.4020}
			{VolumeView "WheelsL.ply"}
			{bone "FXtraceL1"
				{Matrix34
					-0.9966	-0.0000	0.0829
					0.0000	1.0000	0.0000
					-0.0829	0.0000	-0.9966
					23.8416	-1.5516	-8.1232
				}
			}
			{bone "FXtraceL2"
				{Matrix34
					-0.9817	0.0000	0.1906
					0.0000	1.0000	-0.0000
					-0.1906	-0.0000	-0.9817
					-38.1597	-2.3643	-9.2417
				}
			}
			{bone "TrackL"
				{parameters "ID=trackleft;"}
				{Matrix34
					1.0000	-0.0000	0.0000
					0.0000	0.0000	1.0000
					-0.0000	-1.0000	0.0000
					1.5237	1.1479	3.3322
				}
				{VolumeView "TrackL.ply"}
			}
		}
		{bone "WheelsR"
			{parameters "ID=trackright;"}
			{Matrix34
				1.0000	0.0000	0.0000
				0.0000	-1.0000	0.0000
				0.0000	0.0000	1.0000
				-2.2900	-23.1037	9.4020
			}
			{VolumeView "WheelsR.ply"}
			{bone "FXtraceR1"
				{Matrix34
					-0.9966	0.0000	0.0829
					-0.0000	-1.0000	-0.0000
					-0.0829	0.0000	-0.9966
					23.8416	-0.0903	-8.1232
				}
			}
			{bone "FXtraceR2"
				{Matrix34
					-0.9817	-0.0000	0.1906
					-0.0000	-1.0000	-0.0000
					-0.1906	0.0000	-0.9817
					-38.1597	-2.5041	-9.2417
				}
			}
			{bone "TrackR"
				{parameters "ID=trackright;"}
				{Matrix34
					1.0000	-0.0000	0.0000
					0.0000	0.0000	1.0000
					-0.0000	-1.0000	0.0000
					1.5237	1.3709	3.3322
				}
				{VolumeView "TrackR.ply"}
			}
		}
		{bone "Body"
			{parameters "ID=body;"}
			{animation
				{sequence "repair" {file "body_r.anm"} {speed 0.7}}
			}
			{Position -0.6639	-1.7654	20.9097}
			{VolumeView "Body.ply"}
			{bone "FXshot"
				{Matrix34
					1.0000	0.0000	-0.0000
					0.0000	-1.0000	-0.0000
					0.0000	-0.0000	-1.0000
					-5.5892	1.2552	7.2958
				}
			}
			{bone "FXsmoke2"
				{Matrix34
					-0.7749	-0.0144	-0.6319
					-0.0125	0.9999	-0.0073
					0.6320	0.0022	-0.7750
					-55.9320	13.8557	2.5322
				}
			}
			{bone "FXsmoke1"
				{Matrix34
					-0.7749	-0.0144	-0.6319
					-0.0125	0.9999	-0.0073
					0.6320	0.0022	-0.7750
					-55.6443	-9.0843	2.7004
				}
			}
			{bone revolute "Turret"
				{parameters "ID=turret;"}
				{animation
					{sequence "repair" {file "turret_r.anm"} {speed 0.8}}
				}
				{speed 0.0100}
				{Matrix34
					1.0000	0.0000	0.0023
					-0.0000	1.0000	0.0000
					-0.0023	-0.0000	1.0000
					15.5505	1.4648	15.5922
				}
				{VolumeView "Turret.ply"}
				{bone "FXfire2"
					{Matrix34
						-0.0000	0.0000	1.0000
						-0.0000	1.0000	-0.0000
						-1.0000	0.0000	0.0000
						-3.0815	-1.2760	7.0461
					}
				}
				{bone "Visor1"
					{Position 10.5347	10.1842	15.2330}
				}
				{bone revolute "gun_rot"
					{parameters "ID=turret;"}
					{limits -15.0000 8.0000}
					{speed 0.0100}
					{Matrix34
						1.0000	-0.0000	-0.0000
						0.0000	-0.0000	-1.0000
						-0.0000	1.0000	-0.0000
						19.3554	1.5848	4.8235
					}
					{VolumeView "gun_rot.ply"}
					{bone "gun"
						{parameters "ID=gun;"}
						{Matrix34
							1.0000	0.0000	-0.0000
							-0.0000	-0.0000	1.0000
							-0.0000	-1.0000	-0.0000
							5.0561	0.0747	-0.5391
						}
						{VolumeView "gun.ply"}
						{bone "Foresight1"
							{Position 66.9283	0.0662	-0.2756}
						}
					}
					{bone "Foresight2"
					{parameters "ID=mgun2;"}
						{Position 10.4555	2.1376	5.1765}
					}
				}
				{bone "cover"
					{Matrix34
						1.0000	0.0000	-0.0023
						0.0000	1.0000	0.0000
						0.0023	0.0000	1.0000
						-5.7719	6.9698	16.6200
					}
					{VolumeView "cover.ply"}
				}
			}
			{bone revolute "WheelL2"
				{parameters "ID=trackleft;"}
				{Matrix34
					-1.0000	0.0000	0.0000
					0.0000	0.0000	1.0000
					0.0000	1.0000	-0.0000
					-53.0817	22.3139	-7.3421
				}
				{VolumeView "WheelL2.ply"}
			}
			{bone revolute "WheelR2"
				{parameters "ID=trackright;"}
				{Matrix34
					-1.0000	-0.0000	0.0000
					0.0000	-0.0000	1.0000
					0.0000	-1.0000	-0.0000
					-53.0817	-19.6107	-7.3421
				}
				{VolumeView "WheelR2.ply"}
			}
			{bone revolute "WheelR1"
				{parameters "ID=trackright;"}
				{Matrix34
					-1.0000	-0.0000	0.0000
					0.0000	-0.0000	1.0000
					0.0000	-1.0000	-0.0000
					60.1184	-18.4647	-7.3421
				}
				{VolumeView "WheelR1.ply"}
			}
			{bone revolute "WheelL1"
				{parameters "ID=trackleft;"}
				{Matrix34
					-1.0000	0.0000	0.0000
					0.0000	0.0000	1.0000
					0.0000	1.0000	-0.0000
					60.1184	22.3407	-7.3421
				}
				{VolumeView "WheelL1.ply"}
			}
			{bone "engine"
				{Matrix34
					1.0000	0.0000	-0.0000
					0.0000	-1.0000	-0.0000
					0.0000	-0.0000	-1.0000
					-28.6481	1.2552	7.2958
				}
			}
			{bone "FXfire1"
				{Matrix34
					-0.0023	-0.0000	1.0000
					-0.0000	1.0000	-0.0000
					-1.0000	0.0000	-0.0023
					-22.0509	0.3993	10.0400
				}
			}
			{bone "Visor2"
				{Matrix34
					1.0000	-0.0000	0.0023
					-0.0000	1.0000	0.0000
					-0.0023	0.0000	1.0000
					49.3150	8.5767	8.3971
				}
			}
                        {bone revolute "turret2"
				{parameters "ID=turret;"}
				{limits -10.0000 10.0000}
				{Position 60.0000 -8.0000 5.0000}
				{bone revolute "foresight3"
					{limits -5.0000 5.0000}
					{Orientation
						1.0000 0.0000 0.0000
						0.0000 0.0000 1.0000
						0.0000 1.0000 0.0000
					}
					{Position 0.0000 0.0000 0.0000}
				}
			}
		}
		{bone "emit1"
			{parameters "Group=crew;"}
			{Matrix34
				-0.0000	-1.0000	0.0000
				1.0000	-0.0000	0.0000
				0.0000	0.0000	1.0000
				6.1785	45.0505	0.6363
			}
			{visibility 0}
		}
		{bone "emit2"
			{parameters "Group=crew;"}
			{Matrix34
				0.0000	1.0000	0.0000
				-1.0000	0.0000	0.0000
				0.0000	0.0000	1.0000
				6.1785	-45.0004	0.6363
			}
			{visibility 0}
		}
		{bone "emit3"
			{parameters "Group=passengers;"}
			{Matrix34
				-0.0000	-1.0000	0.0000
				1.0000	-0.0000	0.0000
				0.0000	0.0000	1.0000
				-18.3122	51.5494	0.6363
			}
			{visibility 0}
		}
		{bone "emit5"
			{parameters "Group=passengers;"}
			{Matrix34
				0.0000	1.0000	0.0000
				-1.0000	0.0000	0.0000
				0.0000	0.0000	1.0000
				-36.8124	-51.7189	0.6363
			}
			{visibility 0}
		}
		{bone "emit4"
			{parameters "Group=passengers;"}
			{Matrix34
				0.0000	-1.0000	0.0000
				1.0000	0.0000	0.0000
				0.0000	0.0000	1.0000
				-37.9437	51.5494	0.6363
			}
			{visibility 0}
		}
		{bone "emit6"
			{parameters "Group=passengers;"}
			{Matrix34
				0.0000	1.0000	0.0000
				-1.0000	0.0000	0.0000
				0.0000	0.0000	1.0000
				-19.6774	-42.8981	0.6363
			}
			{visibility 0}
		}
		{bone "Seat03"
			{Matrix34
				-0.5000	-0.8537	0.1459
				0.8660	-0.4913	0.0930
				-0.0077	0.1728	0.9849
				-36.6184	-21.9507	28.0329
			}
		}
		{bone "Seat04"
			{Matrix34
				0.1723	-0.9698	0.1723
				0.9850	0.1710	-0.0226
				-0.0076	0.1736	0.9848
				-20.3799	-22.3203	27.4880
			}
		}
		{bone "Seat02"
			{Matrix34
				-0.3420	0.9360	0.0832
				-0.9397	-0.3414	-0.0224
				0.0074	-0.0858	0.9963
				-40.1462	20.7523	26.9690
			}
		}
		{bone "Seat01"
			{Matrix34
				0.3408	0.9254	0.1658
				-0.9401	0.3368	0.0521
				-0.0076	-0.1736	0.9848
				-21.1075	23.8198	27.4819
			}
		}
	}
}
{Volume "crew"
	{Box 20.8925 23.4217 36.5669}
	{Bone "Body"}
	{Position 15.3075	2.4120	7.5555}
}
{Volume "inventory"
	{Box 20.8925 27.2345 21.2598}
	{Bone "Body"}
	{Position -5.9768	2.4120	-0.0981}
}
{Volume "engine"
	{Box 28.2828 33.6229 17.4803}
	{Bone "engine"}
	{Matrix34
		1.0000	0.0000	0.0000
		0.0000	-1.0000	0.0000
		-0.0000	-0.0000	-1.0000
		-4.6398	-1.1568	9.1526
	}
}
{Volume "Turret"
	{Polyhedron "Turret.vol"}
	{Bone "Turret"}
	{Matrix34
		1.0000	-0.0000	0.0000
		0.0000	1.0000	-0.0000
		-0.0000	0.0000	1.0000
		-6.1122	-0.1200	0.2861
	}
}
{Volume "gun"
	{Cylinder 2.31293 63.549}
	{Bone "gun"}
	{Matrix34
		-0.0000	1.0000	0.0000
		0.0023	0.0000	1.0000
		1.0000	0.0000	-0.0023
		30.9709	0.0060	-0.1721
	}
}
{Volume "Body1"
	{Polyhedron "Body1.vol"}
	{Bone "Body"}
	{Matrix34
		-1.0000	0.0000	-0.0000
		-0.0000	-1.0000	0.0000
		-0.0000	0.0000	1.0000
		-0.9900	-0.1134	-17.0303
	}
}
{Volume "Body2"
	{Polyhedron "Body2.vol"}
	{Bone "Body"}
	{Matrix34
		-1.0000	0.0000	-0.0000
		-0.0000	-1.0000	0.0000
		-0.0000	0.0000	1.0000
		2.5222	-0.1134	-1.4231
	}
}
{Volume "trackright"
	{Box 113.395 11.6712 19.112}
	{Bone "WheelsR"}
	{Matrix34
		-1.0000	-0.0000	0.0000
		0.0000	-1.0000	0.0000
		-0.0000	0.0000	1.0000
		1.3053	0.4034	0.5739
	}
}
{Volume "trackleft"
	{Box 113.395 11.6712 19.112}
	{Bone "WheelsL"}
	{Position 1.3053	-0.9709	0.5737}
}
