;Exported by: garry
;Date:        Wed May 05 19:43:46 2004
;File:        D:\-Projects-\-3DWork-\Model\Авто-мото\SDKFZ\SdKfz7\SdKfz7_xx.max
{Skeleton
	{bone "Basis"
		{parameters "WheelRadius=0.2;"}
		{Orientation
			1.0000	0.0000	0.0000
			0.0000	-1.0000	0.0000
			0.0000	0.0000	1.0000
		}
		{bone "Body"
			{parameters "ID=body;"}
			{Matrix34
				0.9947	-0.0038	-0.1025
				0.0074	0.9994	0.0343
				0.1023	-0.0349	0.9941
				4.6852	-0.6054	17.5749
			}
			{VolumeView "Body.ply"}
			{bone revolute "turret"
				{parameters "CommonMesh;ID=Turret;"}
				{Position -39	-0.0000	2.2}
				{VolumeView "turret.ply"}
				{bone revolute "shield_front"
					{parameters "ID=shield_front;"}
					{Position 0.0013	0.0585	0.5699}
					{VolumeView "shield_front.ply"}
				}
				{bone "part1"
					{Matrix34
						0.8170	-0.0680	0.5725
						-0.1097	0.9566	0.2701
						-0.5660	-0.2835	0.7741
						0.9982	-2.2725	43.1530
					}
					{VolumeView "part1.ply"}
				}
				{bone "part2"
					{Matrix34
						0.8171	-0.0680	0.5725
						-0.5678	-0.2668	0.7788
						0.0998	-0.9614	-0.2566
						-7.5299	-1.2720	36.8198
					}
					{VolumeView "part2.ply"}
				}
				{bone "part3"
					{Position -3.0140	-7.1001	20.9564}
					{VolumeView "part3.ply"}
				}
				{bone revolute "Gun_rot"
					{parameters "ID=gun;"}
					{limits -45.0000 10.0000}
					{speed 0.0200}
					{Matrix34
						0.8171	-0.0680	0.5725
						-0.5678	-0.2668	0.7788
						0.0998	-0.9614	-0.2566
						-17.3410	-0.1816	23.5009
					}
					{VolumeView "Gun_rot.ply"}
					{bone "gun"
						{Matrix34
							1.0000	0.0001	0.0000
							-0.0000	0.0175	-0.9998
							-0.0001	0.9998	0.0175
							24.0036	2.2203	-0.1385
						}
						{VolumeView "gun.ply"}
					}
				}
			}
			{bone "part4"
				{Position -17.5257	-19.2197	-7.2490}
				{VolumeView "part4.ply"}
			}
			{bone "part5"
				{Position 50.6134	16.4955	-5.6924}
				{VolumeView "part5.ply"}
			}
		}
		{bone "pivot_front"
			{Position 45.2624	-0.4769	10.4543}
			{bone revolute "steer_R1"
				{Matrix34
					1.0000	0.0000	0.0000
					0.0000	-1.0000	-0.0000
					0.0000	0.0000	-1.0000
					9.2828	-15.8794	-0.1690
				}
				{bone "WheelR1"
					{parameters "ID=wheellright1;"}
					{Matrix34
						-1.0000	-0.0000	0.0000
						0.0000	-0.0000	-1.0000
						0.0000	-1.0000	0.0000
						0.5233	6.2926	3.6743
					}
					{VolumeView "WheelR1.ply"}
				}
			}
			{bone revolute "steer_L1"
				{Matrix34
					1.0000	0.0000	0.0000
					0.0000	-1.0000	-0.0000
					0.0000	0.0000	-1.0000
					9.2828	11.5271	-3.0232
				}
				{bone "WheelL1"
					{parameters "ID=wheelleft1;"}
					{Matrix34
						-1.0000	-0.0000	0.0000
						0.0000	-0.0000	-1.0000
						0.0000	-1.0000	0.0000
						0.5233	-1.6129	3.0324
					}
					{VolumeView "WheelL1.ply"}
				}
			}
		}
		{bone "pivot_back"
			{Position -44.9189	-0.4769	10.4543}
			{bone revolute "spring_L"
				{Matrix34
					1.0000	0.0000	0.0000
					0.0000	0.0175	0.9998
					0.0000	-0.9998	0.0175
					34.3637	11.7239	-6.2669
				}
				{bone revolute "WheelL2"
					{parameters "ID=wheelleft2;"}
					{Matrix34
						0.0000	0.9998	0.0175
						1.0000	-0.0000	0.0000
						0.0000	0.0175	-0.9998
						35.6436	0.4196	12.1629
					}
					{VolumeView "WheelL2.ply"}
				}
				{bone revolute "WheelL3"
					{parameters "ID=wheelleft3;"}
					{Matrix34
						0.0000	0.9998	0.0175
						1.0000	-0.0000	0.0000
						0.0000	0.0175	-0.9998
						11.9618	3.5749	12.2842
					}
					{VolumeView "WheelL3.ply"}
				}
				{bone revolute "WheelL4"
					{parameters "ID=wheelleft4;"}
					{Matrix34
						0.0000	0.9998	0.0175
						1.0000	-0.0000	0.0000
						0.0000	0.0175	-0.9998
						-6.2371	6.0892	12.3281
					}
					{VolumeView "WheelL4.ply"}
				}
				{bone revolute "WheelL5"
					{parameters "ID=wheelleft5;"}
					{Matrix34
						0.0000	0.9998	0.0175
						1.0000	-0.0000	0.0000
						0.0000	0.0175	-0.9998
						-24.1955	6.4563	-8.7055
					}
					{VolumeView "WheelL5.ply"}
				}
				{bone "TrackL"
					{parameters "CommonMesh;ID=trackleft;"}
					{Matrix34
						-1.0000	-0.0000	0.0000
						0.0000	-0.0175	0.9998
						-0.0000	0.9998	0.0175
						10.0059	-0.1600	-11.3327
					}
					{VolumeView "TrackL.ply"}
				}
			}
			{bone revolute "spring_R"
				{Matrix34
					1.0000	0.0000	0.0000
					0.0000	0.0175	0.9998
					0.0000	-0.9998	0.0175
					34.3637	-12.3277	-6.1078
				}
				{bone revolute "WheelR2"
					{parameters "ID=wheelright2;"}
					{Matrix34
						0.0000	0.9998	0.0175
						1.0000	-0.0000	0.0000
						0.0000	0.0175	-0.9998
						20.3839	6.0898	-11.7621
					}
					{VolumeView "WheelR2.ply"}
				}
				{bone revolute "WheelR3"
					{parameters "ID=wheelright3;"}
					{Matrix34
						0.0000	0.9998	0.0175
						1.0000	-0.0000	0.0000
						0.0000	0.0175	-0.9998
						2.8041	6.0898	-11.7621
					}
					{VolumeView "WheelR3.ply"}
				}
				{bone revolute "WheelR4"
					{parameters "ID=wheelright4;"}
					{Matrix34
						0.0000	0.9998	0.0175
						1.0000	-0.0000	0.0000
						0.0000	0.0175	-0.9998
						-15.1443	6.4207	-30.7219
					}
					{VolumeView "WheelR4.ply"}
				}
				{bone revolute "WheelR5"
					{parameters "ID=wheelright5;"}
					{Matrix34
						0.0000	0.9998	0.0175
						1.0000	-0.0000	0.0000
						0.0000	0.0175	-0.9998
						-34.1844	9.5621	-11.7361
					}
					{VolumeView "WheelR5.ply"}
				}
				{bone "TrackR"
					{parameters "CommonMesh;ID=trackright;"}
					{Matrix34
						-0.9885	0.1513	0.0026
						-0.0000	-0.0175	0.9998
						0.1513	0.9883	0.0173
						9.1192	-6.2662	3.5138
					}
					{VolumeView "TrackR.ply"}
				}
			}
		}
	}
}
{Volume "trackleft"
	{Box 66.9078 8.33026 20.3046}
	{Bone "spring_R"}
	{Matrix34
		-1.0000	-0.0000	-0.0000
		-0.0000	-0.0175	0.9998
		-0.0000	0.9998	0.0175
		-12.7422	9.1645	7.3968
	}
}
{Volume "trackright"
	{Box 67.8064 8.33026 20.3046}
	{Bone "spring_L"}
	{Matrix34
		-1.0000	-0.0000	0.0000
		0.0000	-0.0175	0.9998
		-0.0000	0.9998	0.0175
		-7.8213	9.8587	-8.3210
	}
}
{Volume "wheelleft1"
	{Cylinder 5.15861 4.95941}
	{Bone "WheelL1"}
	{Matrix34
		0.7314	0.6820	-0.0000
		0.6820	-0.7314	-0.0000
		-0.0000	0.0000	-1.0000
		0.1734	-0.0964	2.4846
	}
}
{Volume "wheelright1"
	{Cylinder 5.3012 4.41697}
	{Bone "WheelR1"}
	{Matrix34
		-0.6946	0.7194	0.0000
		0.7194	0.6946	-0.0000
		-0.0000	0.0000	-1.0000
		0.1856	-0.1039	-2.1757
	}
}
{Volume "part5"
	{Polyhedron "part5.vol"}
	{Bone "part5"}
	{Matrix34
		0.9947	0.0074	0.1023
		-0.0038	0.9994	-0.0349
		-0.1025	0.0343	0.9941
		-0.0688	0.2632	-7.3539
	}
}
{Volume "part4"
	{Box 98.2994 11.5555 10}
	{Bone "part4"}
	{Matrix34
		1.0000	0.0040	0.0039
		-0.0039	0.9994	-0.0345
		-0.0041	0.0345	0.9994
		-1.0539	0.2518	2.8303
	}
}
{Volume "part3"
	{Box 19.7965 3.19943 4.29923}
	{Bone "part3"}
	{Matrix34
		0.9860	0.0000	0.1667
		0.0000	1.0000	0.0000
		-0.1667	0.0000	0.9860
		-0.0983	0.0559	0.0016
	}
}
{Volume "part2"
	{Cylinder 3.71503 30.7847}
	{Bone "part2"}
	{Matrix34
		0.0203	-0.3263	-0.9451
		0.0564	0.9441	-0.3247
		0.9982	-0.0468	0.0376
		3.9677	2.2707	0.0516
	}
}
{Volume "part1"
	{Cylinder 2.46086 97.2335}
	{Bone "part1"}
	{Matrix34
		0.0002	0.9433	-0.3319
		-0.0105	0.3319	0.9433
		0.9999	0.0033	0.0099
		0.6837	0.0992	-1.8870
	}
}
{Volume "turret"
	{Polyhedron "turret.vol"}
	{Bone "turret"}
	{Position -1.5370	0.0856	0.0792}
}
{Volume "shield_front"
	{Polyhedron "shield_front.vol"}
	{Bone "shield_front"}
	{Position 5.6248	0.0271	0.2223}
}
{Volume "Body1"
	{Box 127.807 49.344 14.5591}
	{Bone "Body"}
	{Position -4.8409	-0.0000	-5.3281}
}
{Volume "Body2"
	{Box 63.8074 40.344 13.6591}
	{Bone "Body"}
	{Position 26.3409	-0.0000	8.4719}
}
{Volume "Body3"
	{Box 21.0074 21.344 10.0591}
	{Bone "Body"}
	{Position 9.5009	9.51	20.3719}
}

