;Model created by: Albus & Dinsen
;date : Feb 2010
{Skeleton
	{animation
		{sequence "start"}
		{sequence "stop"}
		{sequence "fire00"}
		{sequence "fire01"}
		{sequence "fire02"}
		{sequence "fire03"}
		{sequence "hit"}
	}
	{bone "Basis"
		{Orientation
			1.0000	0.0000	0.0000
			0.0000	-1.0000	0.0000
			0.0000	0.0000	1.0000
		}
		{bone "Body"
			{parameters "ID=body;"}
			{Position -3.2370	-1.7970	14.5860}
			{VolumeView "Body.ply"}
			{bone revolute "Turret"
				{parameters "ID=turret;"}
				{speed 0.0250}
				{Matrix34
					1.0000	0.0000	0.0000
					0.0000	1.0000	0.0000
					0.0000	0.0000	1.0000
					0.6806	2.4423	18.1337
				}
				{VolumeView "Turret.ply"}
				{bone "charger"
					{Matrix34
						1.0000	0.0000	0.0000
						0.0000	1.0000	0.0000
						0.0000	0.0000	1.0000
						-12.0448	-9.0284	-0.9614
					}
				}
				{bone "gunner"
					{Matrix34
						0.7979	-0.5904	0.1219
						0.5948	0.8039	0.0000
						-0.0980	0.0725	0.9925
						-11.5448	10.0284	-0.9614
					}
				}
				{bone "commander"
					{Matrix34
						1.0000	0.0000	0.0000
						0.0000	1.0000	0.0000
						0.0000	0.0000	1.0000
						-20.0448	0.0000	-0.9614
					}
				}
				{bone "FXshell4"
					{Matrix34
						-0.0000	-0.2588	-0.9659
						-1.0000	0.0000	0.0000
						0.0000	-0.9659	0.2588
						3.3950	1.8479	-5.8624
					}
				}
				{bone "FXshell3"
					{Matrix34
						-0.0000	-0.2588	-0.9659
						-1.0000	0.0000	0.0000
						0.0000	-0.9659	0.2588
						3.3950	-4.0208	-5.3674
					}
				}
				{bone "FXshell1"
					{Matrix34
						0.0000	-0.2588	0.9659
						-1.0000	0.0000	0.0000
						0.0000	-0.9659	-0.2588
						3.3950	-4.0208	5.5493
					}
				}
				{bone "FXshell2"
					{Matrix34
						0.0000	-0.2588	0.9659
						-1.0000	0.0000	0.0000
						0.0000	-0.9659	-0.2588
						3.3950	1.8479	6.0443
					}
				}
				{bone "FXfire2"
					{Matrix34
						0.0000	0.0000	1.0000
						0.0000	-1.0000	0.0000
						1.0000	0.0000	0.0000
						14.0693	-0.3013	2.6141
					}
				}
				{bone revolute "gun_rot"
					{parameters "ID=gun;"}
					{limits -45.0000 10.0000}
					{speed 0.0200}
					{Matrix34
						1.0000	0.0000	0.0000
						0.0000	0.0000	-1.0000
						0.0000	1.0000	0.0000
						4.0723	-0.1037	12.9061
					}
					{VolumeView "gun_rot.ply"}
					{bone "gun2"
						{parameters "ID=gun;"}
						{Matrix34
							0.0000	-0.9994	0.0349
							0.0000	-0.0349	-0.9994
							1.0000	0.0000	0.0000
							7.5159	2.4136	4.9879
						}
						{VolumeView "gun2.ply"}
						{bone "shooter03"
							{Matrix34
								0.0000	-0.0087	1.0000
								0.0000	-1.0000	-0.0087
								1.0000	0.0000	0.0000
								0.1964	-0.0361	33.2835
							}
						}
					}
					{bone "gun4"
						{parameters "ID=gun;"}
						{Matrix34
							0.0000	0.9994	-0.0349
							0.0000	-0.0349	-0.9994
							1.0000	0.0000	0.0000
							7.5159	2.4136	-5.1763
						}
						{VolumeView "gun4.ply"}
						{bone "shooter02"
							{Matrix34
								0.0000	-0.0087	1.0000
								0.0000	-1.0000	-0.0087
								-1.0000	0.0000	0.0000
								0.2285	-0.0361	33.2835
							}
						}
					}
					{bone "gun3"
						{parameters "ID=gun;"}
						{Matrix34
							0.0000	0.9994	-0.0349
							0.0000	-0.0349	-0.9994
							1.0000	0.0000	0.0000
							7.5159	-3.5217	-5.3329
						}
						{VolumeView "gun3.ply"}
						{bone "shooter00"
							{Matrix34
								0.0000	-0.0087	1.0000
								0.0000	-1.0000	-0.0087
								-1.0000	0.0000	0.0000
								0.0719	-0.2052	33.3338
							}
						}
					}
					{bone "gun1"
						{parameters "ID=gun;"}
						{Matrix34
							0.0000	-0.9994	0.0349
							0.0000	-0.0349	-0.9994
							1.0000	0.0000	0.0000
							7.5159	-3.5217	5.1446
						}
						{VolumeView "gun1.ply"}
						{bone "shooter01"
							{Matrix34
								0.0000	-0.0087	1.0000
								0.0000	-1.0000	-0.0087
								1.0000	0.0000	0.0000
								0.0399	-0.2052	33.3338
							}
						}
					}
					{bone "Foresight1"
						{Matrix34
							1.0000	0.0087	0.0000
							-0.0087	1.0000	0.0000
							0.0000	0.0000	1.0000
							41.7995	-0.3855	-0.0574
						}
					}
				}
				{bone "Visor1"
					{Position 20.4523	0.0000	19.4395}
				}
			}
			{bone "FXfire1"
				{Matrix34
					-0.1710	0.1736	0.9698
					0.0302	0.9848	-0.1710
					-0.9848	0.0000	-0.1736
					-28.7934	0.9556	16.2871
				}
			}
			{bone "FXshot"
				{Matrix34
					0.0000	0.0000	1.0000
					0.0000	1.0000	0.0000
					-1.0000	0.0000	0.0000
					-5.4365	0.9556	10.8590
				}
			}
			{bone "FXsmoke1"
				{Matrix34
					-0.2143	0.0539	0.9753
					-0.0200	-0.9985	0.0508
					0.9766	-0.0086	0.2151
					-54.6811	1.1001	16.0553
				}
			}
			{bone revolute "WheelL1"
				{parameters "ID=body;"}
				{Matrix34
					-1.0000	0.0000	-0.0051
					-0.0051	0.0000	1.0000
					0.0000	1.0000	0.0000
					47.0512	23.9098	-0.2693
				}
				{VolumeView "WheelL1.ply"}
			}
			{bone revolute "WheelR1"
				{parameters "ID=body;"}
				{Matrix34
					-1.0000	0.0000	-0.0051
					-0.0051	0.0000	1.0000
					0.0000	1.0000	0.0000
					47.0512	-20.7996	-0.2693
				}
				{VolumeView "WheelR1.ply"}
			}
			{bone revolute "WheelL2"
				{parameters "ID=body;"}
				{Matrix34
					-1.0000	0.0000	-0.0051
					-0.0051	0.0000	1.0000
					0.0000	1.0000	0.0000
					-45.1760	25.0912	-3.8144
				}
				{VolumeView "WheelL2.ply"}
			}
			{bone revolute "WheelR2"
				{parameters "ID=body;"}
				{Matrix34
					-1.0000	0.0000	-0.0051
					-0.0051	0.0000	1.0000
					0.0000	1.0000	0.0000
					-45.1760	-19.3645	-3.8144
				}
				{VolumeView "WheelR2.ply"}
			}
			{bone "Visor2"
				{Position 38.2119	10.6406	12.9810}
			}
			{bone "engine"
				{parameters "ID=engine;"}
				{Matrix34
					0.0025	0.1736	0.9848
					-0.0004	0.9848	-0.1736
					-1.0000	0.0000	0.0025
					-33.4304	2.4557	5.8051
				}
			}
			{bone revolute "Gun_rot2"
				{limits -15.0000 15.0000}
				{Position 34.0000 -9.7500 16.0000}
				{VolumeView "mgun.ply"}
				{bone revolute "foresight3"
					{parameters "ID=mgun;"}
					{limits -10.0000 5.0000}
					{Orientation
						1.0000	0.0000	0.0000
						0.0000	0.0000	1.0000
						0.0000	1.0000	0.0000
					}
					{Position 0.0000	0.0000	0.0000}
				}
			}
		}
		{bone "WheelsL"
			{parameters "ID=trackleft;"}
			{Matrix34
				-1.0000	0.0000	0.0000
				0.0000	0.0000	1.0000
				0.0000	1.0000	0.0000
				-1.8230	22.5787	10.9635
			}
			{VolumeView "WheelsL.ply"}
			{bone "FXtraceL2"
				{Matrix34
					0.9659	0.2588	0.0000
					0.0000	0.0000	-1.0000
					-0.2588	0.9659	0.0000
					35.9395	-10.0901	-2.0866
				}
			}
			{bone "FXtraceL1"
				{Matrix34
					1.0000	0.0000	0.0000
					0.0000	0.0000	-1.0000
					0.0000	1.0000	0.0000
					-36.5751	-3.5130	1.0416
				}
			}
			{bone "TrackL"
				{parameters "CommonMesh;ID=trackleft;"}
				{Position 2.7499	0.5981	1.3679}
				{VolumeView "TrackL.ply"}
			}
		}
		{bone "WheelsR"
			{parameters "ID=trackright;"}
			{Matrix34
				-1.0000	0.0000	0.0000
				0.0000	0.0000	1.0000
				0.0000	1.0000	0.0000
				-1.8230	-21.6223	10.9635
			}
			{VolumeView "WheelsR.ply"}
			{bone "FXtraceR1"
				{Matrix34
					1.0000	0.0000	0.0000
					0.0000	0.0000	-1.0000
					0.0000	1.0000	0.0000
					-36.5751	-3.5130	-1.7913
				}
			}
			{bone "FXtraceR2"
				{Matrix34
					0.9659	0.2588	0.0000
					0.0000	0.0000	-1.0000
					-0.2588	0.9659	0.0000
					35.9395	-10.0901	2.3666
				}
			}
			{bone "TrackR"
				{parameters "CommonMesh;ID=trackright;"}
				{Matrix34
					1.0000	0.0000	0.0000
					0.0000	1.0000	0.0000
					0.0000	0.0000	1.0000
					2.7499	0.5981	-0.5408
				}
				{VolumeView "TrackR.ply"}
			}
		}
		{bone "emit1"
			{Matrix34
				0.0000	-1.0000	0.0000
				1.0000	0.0000	0.0000
				0.0000	0.0000	1.0000
				23.6290	41.1214	0.0000
			}
			{visibility 0}
		}
		{bone "emit2"
			{Matrix34
				0.0000	1.0000	0.0000
				-1.0000	0.0000	0.0000
				0.0000	0.0000	1.0000
				26.5971	-39.7857	0.0000
			}
			{visibility 0}
		}
	}
}
{Volume "Trackright"
	{Box 109.755 8.65687 21.6335}
	{Bone "WheelsR"}
	{Matrix34
		-1.0000	0.0000	0.0000
		0.0000	0.0000	1.0000
		0.0000	1.0000	0.0000
		-0.2197	-0.0075	-1.1673
	}
}
{Volume "Trackleft"
	{Box 109.755 8.65687 21.6335}
	{Bone "WheelsL"}
	{Matrix34
		-1.0000	0.0000	0.0000
		0.0000	0.0000	1.0000
		0.0000	1.0000	0.0000
		-0.2197	-0.0075	0.7374
	}
}
{Volume "engine"
	{Box 14.3889 30.4884 20.2055}
	{Bone "engine"}
	{Matrix34
		0.0025	-0.0004	-1.0000
		0.1737	0.9848	0.0000
		0.9848	-0.1737	0.0025
		0.0000	0.0000	0.0000
	}
}
{Volume "crew"
	{Box 14.3963 14.7878 33.428}
	{Bone "Body"}
	{Position 2.3975	1.7550	11.0549}
}
{Volume "Inventory"
	{Box 16.8121 28.3106 22.5218}
	{Bone "Body"}
	{Position -14.7402	2.5592	5.7476}
}
{Volume "Body2"
	{Box 80.5091 46.1986 8.91692}
	{Bone "Body"}
	{Position -3.1475	1.9592	13.9866}
}
{Volume "Body1"
	{Box 99.394 39.3494 16.6578}
	{Bone "Body"}
	{Position 4.3642	1.1078	1.5031}
}
{Volume "Turret"
	{Box 50.958 46.595 24.4902}
	{Bone "turret"}
	{Matrix34
		-1.0000	0.0000	0.0000
		0.0000	-1.0000	0.0000
		0.0000	0.0000	1.0000
		-3.0509	-0.2763	11.8033
	}
}
{Volume "gun"
	{Box 40.158 8.4902 12.595}
	{Bone "gun_rot"}
	{Position 21.735	-0.6000	-0.2000}
}
