;MDL File generated by SOEdit
;Model created by: <St.Andrey-доработка serh>
;PLY Geometry by: <St.Andrey-доработка serh>
;VOL Geometry by: <insert modeler name>
{Skeleton
    {bone "Basis"
        {parameters "SteerMax=30;WheelRadius=0.5;"}
        {Orientation
            1.0000 0.0000 0.0000
            0.0000 -1.0000 0.0000
            0.0000 0.0000 1.0000
        }
        {bone "Body"
            {parameters "ID=body;"}
            {Matrix34
                0.0000 -1.0000 0.0000
                1.0000 0.0000 0.0000
                0.0000 0.0000 1.0000
                -0.2000 0.0000 35.8000
            }
            {VolumeView "body.ply"}
            {bone "cabin"
                {parameters "ID=cabin;"}
                {Animation
                    {sequence "break" {file "cabin_b.anm"}}
                }
                {Position 0.6000 0.0000 -82.8000}
                {VolumeView "cabin.ply"}
                {bone "PetliaL"
                    {Matrix34
                        0.0487 0.9988 0.0000
                        -0.9988 0.0487 0.0000
                        0.0000 0.0000 1.0000
                        -17.0805 45.5863 86.9999
                    }
                    {bone "DoorL"
                        {parameters "ID=cabine;"}
                        {VolumeView "DoorL.ply"}
                    }
                }
                {bone "PetliaR"
                    {Matrix34
                        0.9857 0.1679 0.0154
                        0.1678 -0.9858 0.0039
                        0.0158 -0.0013 -0.9998
                        15.8758 44.0081 79.4439
                    }
                    {bone "DoorR"
                        {parameters "ID=cabine;"}
                        {Matrix34
                            0.0000 1.0000 0.0000
                            0.0000 0.0000 1.0000
                            1.0000 0.0000 0.0000
                            0.0000 0.0000 0.0000
                        }
                        {VolumeView "DoorR.ply"}
                    }
                }
            }
            {bone "engine"
                {parameters "ID=engine;"}
                {Position 1.5000 -0.2000 -72.8000}
                {VolumeView "engine.ply"}
            }
            {bone "bodyback"
                {Matrix34
                    -0.9999 0.0139 -0.0002
                    -0.0000 0.0140 0.9999
                    0.0139 0.9998 -0.0140
                    -1.2397 8.5573 2.2546
                }
                {VolumeView "bodyback.ply"}
            }
        }
        {bone "pivot_back"
            {parameters "ID=body;"}
            {Matrix34
                0.9965 0.0116 0.0831
                -0.0131 0.9997 0.0180
                -0.0829 -0.0190 0.9964
                -48.2417 -0.0126 10.3764
            }
            {VolumeView "pivot_back.ply"}
            {bone revolute "spring_R"
                {Matrix34
                    0.9961 -0.0098 -0.0882
                    0.0079 0.9997 -0.0216
                    0.0884 0.0208 0.9959
                    1.6263 -13.3341 0.5743
                }
                {bone revolute "wheelR2"
                    {Matrix34
                        1.0000 0.0000 0.0070
                        0.0070 -0.0121 -0.9999
                        0.0001 0.9999 -0.0121
                        0.0000 -4.2300 0.0066
                    }
                    {VolumeView "wheelR2.ply"}
                }
            }
            {bone revolute "spring_L"
                {Matrix34
                    0.9963 -0.0119 -0.0849
                    0.0090 0.9994 -0.0336
                    0.0852 0.0328 0.9958
                    2.0098 18.1061 -0.0015
                }
                {bone revolute "wheelL2"
                    {Matrix34
                        1.0000 0.0000 0.0000
                        0.0000 0.0024 -1.0000
                        0.0000 1.0000 0.0024
                        0.0000 1.3517 0.2615
                    }
                    {VolumeView "wheelL2.ply"}
                }
            }
        }
        {bone "pivot_front"
            {Matrix34
                -0.9999 -0.0103 0.0107
                0.0106 -0.9996 0.0258
                0.0105 0.0259 0.9996
                36.9363 0.2075 11.9990
            }
            {VolumeView "pivot_front.ply"}
            {bone revolute "steer_L"
                {Matrix34
                    0.9993 -0.0295 -0.0218
                    -0.0295 -0.9995 0.0004
                    -0.0218 0.0003 -0.9998
                    -0.6726 -18.0689 0.8011
                }
                {bone revolute "wheelL1"
                    {parameters "ID=wheelleft1;"}
                    {Matrix34
                        1.0000 0.0000 0.0000
                        0.0000 -0.0087 -1.0000
                        0.0000 1.0000 -0.0087
                        0.0000 1.0096 1.0912
                    }
                    {VolumeView "wheelL1.ply"}
                }
                {bone "FXtraceL1"
                    {Matrix34
                        1.0000 0.0000 0.0000
                        0.0000 0.0000 -1.0000
                        0.0000 1.0000 0.0000
                        9.0000 1.4300 8.9100
                    }
                }
            }
            {bone revolute "steer_R"
                {Matrix34
                    0.9996 -0.0141 -0.0222
                    -0.0140 -0.9998 0.0082
                    -0.0223 -0.0079 -0.9997
                    -0.3468 16.9390 -0.2356
                }
                {bone revolute "wheelR1"
                    {parameters "ID=wheelright1;"}
                    {Matrix34
                        1.0000 0.0000 0.0000
                        0.0000 -0.0035 -1.0000
                        0.0000 1.0000 -0.0035
                        0.0000 -0.6965 1.0024
                    }
                    {VolumeView "wheelR1.ply"}
                }
                {bone "FXtraceR1"
                    {Matrix34
                        1.0000 0.0000 0.0000
                        0.0000 -0.0047 -1.0000
                        0.0000 1.0000 -0.0047
                        8.8000 -1.4576 9.0070
                    }
                }
            }
        }
    }
}
{Volume "wheelright2"
    {Cylinder 10.25610 5.42746}
    {Bone "WheelR2"}
    {Matrix34
        -1.0000 0.0000 0.0000
        0.0000 -1.0000 0.0000
        0.0000 0.0000 1.0000
        0.0148 0.0000 0.0349
    }
}
{Volume "wheelleft2"
    {Cylinder 10.25610 5.42746}
    {Bone "WheelL2"}
    {Matrix34
        -1.0000 0.0000 0.0000
        0.0000 -1.0000 0.0000
        0.0000 0.0000 1.0000
        0.0376 0.0000 -0.0079
    }
}
{Volume "wheelleft1"
    {Cylinder 10.25610 5.42746}
    {Bone "WheelL1"}
    {Matrix34
        -1.0000 0.0000 0.0000
        0.0000 -1.0000 0.0000
        0.0000 0.0000 1.0000
        0.0000 0.0000 -0.0012
    }
}
{Volume "wheelright1"
    {Cylinder 10.25610 5.42746}
    {Bone "WheelR1"}
    {Matrix34
        -1.0000 0.0000 0.0000
        0.0000 -1.0000 0.0000
        0.0000 0.0000 1.0000
        0.0000 0.0000 0.0349
    }
}
