;Exported by: shevchenko
;Date:        Mon May 17 18:04:52 2004
;File:        D:\-Projects-\-3DWork-\sheva\SK\build-03x.max
{Skeleton
	{animation
		{sequence "crush" {speed 0.4}}
	}
	{bone "build-03_wall1"
		{parameters "CommonMesh;"}
		{Orientation
			1.0000	0.0000	0.0000
			0.0000	-1.0000	0.0000
			0.0000	0.0000	1.0000
		}
		{VolumeView "build-03_wall1.ply"}
		{bone "Piece0"
			{Matrix34
				1.0000	0.0000	0.0000
				0.0000	-0.0000	1.0000
				0.0000	-1.0000	-0.0000
				67.9770	58.0965	101.3164
			}
			{VolumeView "Piece0.ply"}
		}
		{bone "Piece1"
			{Matrix34
				1.0000	0.0000	0.0000
				0.0000	-0.0000	1.0000
				0.0000	-1.0000	-0.0000
				33.3878	58.0965	101.2081
			}
			{VolumeView "Piece1.ply"}
		}
		{bone "Piece2"
			{Matrix34
				1.0000	0.0000	0.0000
				0.0000	-0.0000	1.0000
				0.0000	-1.0000	-0.0000
				34.2714	58.0965	63.9149
			}
			{VolumeView "Piece2.ply"}
		}
		{bone "Piece3"
			{Matrix34
				1.0000	0.0000	0.0000
				0.0000	-0.0000	1.0000
				0.0000	-1.0000	-0.0000
				-1.6231	58.0965	77.8860
			}
			{VolumeView "Piece3.ply"}
		}
		{bone "Piece4"
			{Matrix34
				1.0000	0.0000	0.0000
				0.0000	-0.0000	1.0000
				0.0000	-1.0000	-0.0000
				-62.0495	58.0965	86.4880
			}
			{VolumeView "Piece4.ply"}
			{bone "Sub_piece0"
				{Position -0.6076	-16.6921	-0.0334}
				{VolumeView "Sub_piece0.ply"}
			}
		}
		{bone "Piece5"
			{Matrix34
				-0.0000	-1.0000	0.0000
				-0.0000	0.0000	1.0000
				-1.0000	0.0000	-0.0000
				-52.1369	-28.5370	101.5055
			}
			{VolumeView "Piece5.ply"}
		}
		{bone "Piece6"
			{Matrix34
				0.0000	0.9659	-0.2588
				-0.0000	-0.2588	-0.9659
				-1.0000	0.0000	0.0000
				-52.1369	-52.2499	61.6918
			}
			{VolumeView "Piece6.ply"}
		}
		{bone "Piece7"
			{Matrix34
				-0.0000	-1.0000	0.0000
				-0.0000	0.0000	1.0000
				-1.0000	0.0000	-0.0000
				-52.1369	-23.0050	61.6918
			}
			{VolumeView "Piece7.ply"}
		}
		{bone "Piece8"
			{Matrix34
				-0.0000	-1.0000	0.0000
				-0.0000	0.0000	1.0000
				-1.0000	0.0000	-0.0000
				42.3416	-24.2001	101.5055
			}
			{VolumeView "Piece8.ply"}
		}
		{bone "Piece9"
			{Matrix34
				-0.8192	0.0000	0.5736
				0.5736	-0.0000	0.8192
				0.0000	1.0000	-0.0000
				66.7661	-8.9083	67.6070
			}
			{VolumeView "Piece9.ply"}
		}
		{bone "Piece10"
			{Matrix34
				-1.0000	0.0000	0.0000
				0.0000	0.0000	1.0000
				0.0000	1.0000	-0.0000
				66.7661	-8.9083	101.5055
			}
			{VolumeView "Piece10.ply"}
		}
	}
}
{Volume "Piece10"
	{Box 5.90551 35.5677 20.5276}
	{Bone "Piece10"}
	{Matrix34
		0.0000	-0.0000	-1.0000
		-1.0000	-0.0000	-0.0000
		-0.0000	1.0000	-0.0000
		1.7332	6.4465	0.1696
	}
}
{Volume "Piece9"
	{Box 5.90551 27.2235 20.5276}
	{Bone "Piece9"}
	{Matrix34
		0.0000	0.0000	-1.0000
		-1.0000	-0.0000	-0.0000
		-0.0000	1.0000	0.0000
		-0.4134	6.0556	0.1696
	}
}
{Volume "Piece8"
	{Box 5.90551 19.5427 25.9843}
	{Bone "Piece8"}
	{Matrix34
		0.0000	0.0000	-1.0000
		-1.0000	-0.0000	-0.0000
		-0.0000	1.0000	0.0000
		-0.7521	3.0996	0.1696
	}
}
{Volume "Piece7"
	{Box 5.90551 15.2433 38.1969}
	{Bone "Piece7"}
	{Matrix34
		0.0000	0.0000	-1.0000
		-1.0000	-0.0000	-0.0000
		-0.0000	1.0000	0.0000
		-2.5227	-3.0595	0.1696
	}
}
{Volume "Piece6"
	{Box 5.90551 19.5427 25.9843}
	{Bone "Piece6"}
	{Matrix34
		0.0000	0.0000	-1.0000
		-1.0000	-0.0000	-0.0000
		-0.0000	1.0000	0.0000
		-0.7521	3.0996	0.1696
	}
}
{Volume "Piece5"
	{Box 5.90551 19.5427 25.9843}
	{Bone "Piece5"}
	{Matrix34
		0.0000	0.0000	-1.0000
		-1.0000	-0.0000	-0.0000
		-0.0000	1.0000	0.0000
		-0.7521	3.0996	0.1696
	}
}
{Volume "Piece4"
	{Box 9.84252 32.0469 32.539}
	{Bone "Piece4"}
	{Matrix34
		-0.0000	-0.0000	1.0000
		0.8660	-0.5000	-0.0000
		0.5000	0.8660	0.0000
		-1.8058	11.6261	0.1040
	}
}
{Volume "Sub_piece0"
	{Box 9.84252 29.1627 27.9836}
	{Bone "Sub_piece0"}
	{Matrix34
		-0.0000	-0.0000	1.0000
		0.9397	0.3420	0.0000
		-0.3420	0.9397	0.0000
		-5.4243	2.9144	0.1374
	}
}
{Volume "Piece3"
	{Box 9.84252 24.3556 33.9557}
	{Bone "Piece3"}
	{Matrix34
		-0.0000	-0.0000	1.0000
		1.0000	-0.0000	0.0000
		0.0000	1.0000	0.0000
		-1.2287	0.0029	0.1040
	}
}
{Volume "Piece2"
	{Box 9.84252 34.459 26.7204}
	{Bone "Piece2"}
	{Matrix34
		-0.0000	-0.0000	1.0000
		0.9848	0.1736	0.0000
		-0.1736	0.9848	0.0000
		-0.8050	1.7035	0.1040
	}
}
{Volume "Piece1"
	{Box 9.84252 32.0469 30.0493}
	{Bone "Piece1"}
	{Matrix34
		-0.0000	-0.0000	1.0000
		1.0000	-0.0000	-0.0000
		0.0000	1.0000	0.0000
		-0.4182	1.7005	0.1040
	}
}
{Volume "Piece0"
	{Box 9.84252 24.4114 26.7204}
	{Bone "Piece0"}
	{Matrix34
		0.0000	0.0000	1.0000
		1.0000	-0.0000	-0.0000
		0.0000	1.0000	-0.0000
		1.6431	3.6491	0.1040
	}
}
