;Exported by: sk
;Date:        Wed Jan 14 12:26:06 2004
;File:        D:\-Projects-\-3DWork-\Constructions\CitY\Вокзал\roof_x.max
{Skeleton
	{animation
		{sequence "crush" {speed 0.4}}
	}
	{bone "roof2_x"
		{parameters "CommonMesh;"}
		{Orientation
			1.0000	0.0000	0.0000
			0.0000	-1.0000	0.0000
			0.0000	0.0000	1.0000
		}
		{VolumeView "roof2_x.ply"}
		{bone "Piece0"
			{Matrix34
				1.0000	0.0000	0.0000
				0.0000	0.9659	0.2588
				0.0000	-0.2588	0.9659
				46.1056	-2.2867	76.1900
			}
			{VolumeView "Piece0.ply"}
		}
		{bone "Piece1"
			{Matrix34
				1.0000	0.0000	0.0000
				0.0000	0.9659	0.2588
				0.0000	-0.2588	0.9659
				-29.6793	-2.2867	76.1900
			}
			{VolumeView "Piece1.ply"}
		}
		{bone "Piece2"
			{Matrix34
				1.0000	0.0000	0.0000
				0.0000	0.9659	0.2588
				0.0000	-0.2588	0.9659
				9.0594	-2.2867	76.1900
			}
			{VolumeView "Piece2.ply"}
		}
		{bone "Piece3"
			{Matrix34
				1.0000	-0.0000	0.0000
				-0.0000	-0.9368	0.3498
				0.0000	0.3498	0.9368
				-52.3766	-2.1795	75.9761
			}
			{VolumeView "Piece3.ply"}
		}
	}
}
{Volume "Piece3"
	{Box 20.0647 57.1945 1.3855}
	{Bone "Piece3"}
	{Matrix34
		-1.0000	-0.0000	-0.0000
		0.0000	-0.8192	0.5736
		0.0000	-0.5736	-0.8192
		-0.0000	-0.0240	-0.1598
	}
}
{Volume "Piece2"
	{Box 44.1703 59.2814 2.44373}
	{Bone "Piece2"}
	{Position 0.0000	0.0000	0.0000}
}
{Volume "Piece1"
	{Box 34.2272 59.2814 2.44373}
	{Bone "Piece1"}
	{Position 0.0000	0.0000	0.0000}
}
{Volume "Piece0"
	{Box 26.7374 59.2814 2.44373}
	{Bone "Piece0"}
	{Position 0.0000	0.0000	0.0000}
}
