;Exported by: Kesha and Eger
;Date:        Sat May 06 20:22:01 2005
;File:        D:)
{Skeleton
	{animation
		{sequence "start" {speed 0.6}}
		{sequence "stop" {speed 0.6}}
		{sequence "fire"}
		{sequence "hit"}
		{sequence "open" {speed 0.5} {resume}}
	}
	{bone "Basis"
		{Orientation
			1.0000	0.0000	0.0000
			0.0000	-1.0000	0.0000
			0.0000	0.0000	1.0000
		}
		{bone "FXfire1"
			{Matrix34
				0.0000	-0.0000	1.0000
				-0.0000	-1.0000	0.0000
				1.0000	-0.0000	0.0000
				-41.2963	-0.2249	24.6504
			}
		}
		{bone "emit1"
			{Matrix34
				0.8660	0.5000	-0.0000
				-0.5000	0.8660	0.0000
				0.0000	-0.0000	1.0000
				-85.2589	-24.4053	0.4513
			}
			{visibility 0}
		}
		{bone "emit2"
			{Matrix34
				0.9063	-0.4226	0.0000
				0.4226	0.9063	0.0000
				-0.0000	-0.0000	1.0000
				-85.1185	16.7590	0.4512
			}
			{visibility 0}
		}
		{bone "WheelsL"
			{parameters "ID=trackleft;"}
			{Matrix34
				-1.0000	-0.0000	0.0000
				0.0000	-0.0000	1.0000
				-0.0000	1.0000	0.0000
				-0.0225	24.2263	12.2310
			}
			{VolumeView "WheelsL.ply"}
			{bone "TrackL"
				{parameters "ID=trackleft;"}
				{Matrix34
					1.0000	-0.0000	-0.0000
					0.0000	1.0000	-0.0000
					-0.0000	0.0000	1.0000
					3.8896	-0.6659	0.9438
				}
				{VolumeView "TrackL.ply"}
			}
			{bone "FXtraceL1"
				{Matrix34
					1.0000	0.0000	0.0000
					0.0000	-0.0000	-1.0000
					0.0000	1.0000	-0.0000
					-47.4201	-3.5679	0.9052
				}
			}
			{bone "FXtraceL2"
				{Matrix34
					1.0000	0.0000	0.0000
					0.0000	-0.0000	-1.0000
					0.0000	1.0000	-0.0000
					4.6025	-3.5679	0.9052
				}
			}
			{bone "FXtraceL3"
				{Matrix34
					0.9962	0.0872	0.0000
					0.0000	-0.0000	-1.0000
					-0.0872	0.9962	-0.0000
					41.2652	-11.6896	0.9052
				}
			}
		}
		{bone "body"
			{parameters "ID=body;"}
			{animation
				{sequence "repair" {file "body_r.anm"}}
			}
			{Position -1.7322	-0.5590	30.2631}
			{VolumeView "body.ply"}
				{bone "FXsmoke1"
					{Matrix34
						-0.6124	0.5000	0.6124
						-0.3536	-0.8660	0.3536
						0.7071	-0.0000	0.7071
						-65.6930	17.8226	-9.1986
					}
				}
				{bone "FXsmoke2"
					{Matrix34
						-0.6124	-0.5000	0.6124
						0.3536	-0.8660	-0.3536
						0.7071	-0.0000	0.7071
						-65.6930	-17.1094	-9.1986
					}
				}
				{bone revolute "WheelL1"
					{parameters "ID=trackleft;"}
					{Matrix34
						-1.0000	0.0028	-0.0051
						-0.0051	0.0000	1.0000
						0.0028	1.0000	0.0000
						55.7864	24.5848	-14.5251
					}
					{VolumeView "WheelL1.ply"}
				}
				{bone revolute "WheelR1"
					{parameters "ID=trackright;"}
					{Matrix34
						-1.0000	0.0028	-0.0051
						-0.0051	0.0000	1.0000
						0.0028	1.0000	0.0000
						55.7864	-26.8514	-14.5251
					}
					{VolumeView "WheelR1.ply"}
				}
				{bone revolute "WheelR2"
					{parameters "ID=trackright;"}
					{Matrix34
						-1.0000	0.0028	0.0051
						-0.0051	0.0000	-1.0000
						0.0028	1.0000	-0.0000
						-53.8091	-25.8382	-16.1353
					}
					{VolumeView "WheelR2.ply"}
				}
				{bone revolute "WheelL2"
					{parameters "ID=trackleft;"}
					{Matrix34
						-1.0000	0.0028	-0.0051
						-0.0051	0.0000	1.0000
						0.0028	1.0000	0.0000
						-53.8091	25.8895	-16.1353
					}
					{VolumeView "WheelL2.ply"}
				}
				{bone "Cover"
					{parameters "CommonMesh;ID=body;"}
					{Position -59.2908	-0.1164	8.6073}
					{VolumeView "Cover.ply"}
				}
				{bone "commander"
					{Matrix34
						-0.9077	-0.3420	0.2432
						0.3304	-0.9397	-0.0885
						0.2588	-0.0000	0.9659
						-14.7636	15.8887	-2.5914
					}
				}
				{bone "gunner"
					{Matrix34
						0.3420	0.9397	0.0000
						-0.9397	0.3420	-0.0000
						-0.0000	-0.0000	1.0000
						-23.4765	-12.7212	-7.7242
					}
				}
			        {bone revolute "gun_rot"
                                  {parameters "ID=gun_rot;"}
					{limits -17.0 17.0}
					{speed 0.0050}
					{Matrix34
							1.0000	0.0000	0.0000
							0.0000	1.0000	0.0000
							0.0000	0.0000	1.0000
							0.0000	1.5000	10.0000
						}
					{VolumeView "turret.ply"}
					{bone revolute "gun_rot"
						{parameters "ID=gun;"}
						{limits -12.0000 5.0000}
						{speed 0.005}
						{Matrix34
							1.0000	0.0000	0.0000
							0.0000	0.0000	-1.0000
							0.0000	1.0000	0.0000
							0.0000	0.0000	5.0000
						}
						{VolumeView "gun_rot.ply"}
						{bone "gun"
							{parameters "ID=gun;"}
							{Matrix34
								1.0000	0.0000	0.0000
								0.0000	0.9992	0.0383								                        0.0000	-0.0383	0.9992
								-8.0000	-2.7000	0.0000
							}
							{VolumeView "gun.ply"}
							{bone "Foresight1"
								{Matrix34
									0.9999	-0.0122	0.0000
									0.0122	0.9999	0.0000
									-0.0000	0.0000	1.0000
									122.5515	0.0132	0.3540
								}
							}
						}
					}
				}
			{bone revolute "Foresight3"
				{limits -20.0000 20.0000}
				{Matrix34
					1.0000	0.0000	-0.0000
					-0.0000	-0.0000	-1.0000
					-0.0000	1.0000	-0.0000
					46.3742	-9.4326	5.1565
				}
			}
			{bone "Visor1"
				{Position 10.4523	5.5633	19.8498}
			}
			{bone "FXfire2"
				{Matrix34
					0.0000	0.0000	1.0000
					-0.0000	-1.0000	0.0000
					1.0000	-0.0000	0.0000
					35.6854	-9.4326	5.1565
				}
			}
			{bone "charger"
				{Matrix34
					0.3383	-0.9410	0.0000
					0.9410	0.3383	0.0000
					0.0000	0.0000	1.0000
					-26.2224	8.7814	-7.7242
				}
			}
			{bone "engine"
				{Matrix34
					0.0000	-0.0000	1.0000
					-0.0000	-1.0000	0.0000
					1.0000	-0.0000	0.0000
					42.9904	-9.4326	-9.7906
				}
			}
		}
		{bone "WheelsR"
			{parameters "ID=trackright;"}
			{Matrix34
				-1.0000	-0.0000	-0.0000
				0.0000	-0.0000	1.0000
				0.0000	-1.0000	-0.0000
				-0.0225	-23.8293	12.2310
			}
			{VolumeView "WheelsR.ply"}
			{bone "FXtraceR2"
				{Matrix34
					1.0000	0.0000	-0.0000
					0.0000	-0.0000	1.0000
					0.0000	1.0000	0.0000
					4.6025	-3.5679	3.3681
				}
			}
			{bone "FXtraceR1"
				{Matrix34
					1.0000	0.0000	-0.0000
					0.0000	-0.0000	1.0000
					0.0000	1.0000	0.0000
					-47.4201	-3.5679	3.3681
				}
			}
			{bone "FXtraceR3"
				{Matrix34
					0.9962	0.0872	0.0000
					0.0000	-0.0000	1.0000
					-0.0872	0.9962	0.0000
					41.2653	-11.6896	3.3681
				}
			}
			{bone "TrackR"
				{parameters "ID=trackright;"}
				{Matrix34
					1.0000	-0.0000	0.0000
					-0.0000	1.0000	0.0000
					0.0000	0.0000	-1.0000
					3.8896	-0.6659	1.3269
				}
				{VolumeView "TrackR.ply"}
			}
		}
	}
}
{Volume "trackright"
	{Box 124.464 9.04813 23.7097}
	{Bone "WheelsR"}
	{Matrix34
		-1.0000	0.0000	0.0000
		0.0000	0.0000	1.0000
		-0.0000	1.0000	-0.0000
		0.0146	-0.1178	2.9351
	}
}
{Volume "Engine"
	{Box 20.3512 36.2022 17.933}
	{Bone "engine"}
	{Matrix34
		0.0000	-0.0000	1.0000
		-0.0000	-1.0000	-0.0000
		1.0000	-0.0000	-0.0000
		-0.4082	-9.2290	-0.2407
	}
}
{Volume "gun"
	{Cylinder 2.62439 106.1575}
	{Bone "gun"}
	{Matrix34
		0.0000	0.0000	-1.0000
		0.0006	1.0000	0.0000
		1.0000	-0.0006	0.0000
		50.2377	-0.0683	0.6093
	}
}
{Volume "Crew"
	{Box 25.1631 30.3328 21.2147}
	{Bone "body"}
	{Position 19.3265	-0.2036	-9.4938}
}
{Volume "Inventory"
	{Box 29.9967 8.12585 18.0127}
	{Bone "body"}
	{Position -41.6715	-21.7870	5.3230}
}
{Volume "Body1"
	{Polyhedron "Body1.vol"}
	{Bone "body"}
	{Position -0.4918	-0.2036	-23.2111}
}
{Volume "body2"
	{Polyhedron "body2.vol"}
	{Bone "body"}
	{Position -22.8136	-0.2036	2.3935}
}
{Volume "Trackleft"
	{Box 124.464 9.04813 23.7097}
	{Bone "WheelsL"}
	{Matrix34
		-1.0000	-0.0000	-0.0000
		-0.0000	0.0000	1.0000
		0.0000	1.0000	-0.0000
		0.0146	-0.1178	1.2571
	}
}
