;Exported by: garry
;Date:        Sat Apr 10 18:56:11 2004
;File:        D:\-Projects-\-3DWork-\reload\D1\-3Dwork-\Soldiers\heroes\Face\heroes\su\tank_officer.max
{Skeleton
	{animation
		{sequence "animation1" {speed 0.6} {autostart}}
	}
	{bone revolute "Basis"
		{Orientation
			1.0000	0.0000	0.0000
			0.0000	-1.0000	0.0000
			0.0000	0.0000	1.0000
		}
		{bone "Body"
			{Matrix34
				0.0964	-0.0000	0.9953
				0.0000	-1.0000	-0.0000
				0.9953	0.0000	-0.0964
				-0.0000	0.0345	19.7548
			}
			{visibility 0}
			{bone "foot1L"
				{Matrix34
					-0.9707	-0.0265	0.2388
					0.2388	0.0049	0.9711
					0.0269	-0.9996	-0.0016
					-0.1435	-2.1310	-0.4890
				}
				{visibility 0}
				{bone "foot2L"
					{Matrix34
						0.9262	-0.3771	0.0000
						0.3771	0.9262	0.0000
						-0.0000	0.0000	1.0000
						9.3784	-0.0472	0.0000
					}
					{visibility 0}
					{bone "Bone06"
						{Matrix34
							0.2214	0.9740	0.0488
							-0.9723	0.2166	0.0881
							0.0752	-0.0670	0.9949
							8.7402	0.1133	0.0057
						}
						{visibility 0}
					}
					{bone "foot3L"
						{Matrix34
							0.0803	0.9892	0.1228
							0.0161	-0.1245	0.9921
							0.9966	-0.0777	-0.0259
							9.2003	-0.3463	-0.0730
						}
						{visibility 0}
						{bone "Bone07"
							{Position 2.6001	0.0000	-0.0000}
							{visibility 0}
						}
					}
				}
			}
			{bone "foot1R"
				{Matrix34
					-0.9708	0.0154	0.2392
					0.2392	-0.0029	0.9710
					0.0156	0.9999	-0.0009
					-0.1435	2.1710	-0.4888
				}
				{visibility 0}
				{bone "foot2R"
					{Matrix34
						0.9253	-0.3793	0.0000
						0.3793	0.9253	0.0000
						-0.0000	0.0000	1.0000
						9.3783	-0.0472	0.0000
					}
					{visibility 0}
					{bone "Bone03"
						{Matrix34
							0.2214	0.9740	0.0488
							-0.9723	0.2166	0.0881
							0.0752	-0.0670	0.9949
							8.7402	0.1133	0.0057
						}
						{visibility 0}
					}
					{bone "foot3R"
						{Matrix34
							0.0741	0.9869	0.1436
							-0.0044	0.1443	-0.9895
							-0.9972	0.0726	0.0150
							9.2003	-0.3463	-0.0730
						}
						{visibility 0}
						{bone "Bone05"
							{Position 2.6001	-0.0000	-0.0000}
							{visibility 0}
						}
					}
				}
			}
			{bone revolute "IK_LeftRight"
				{limits -60.0000 60.0000}
				{speed 0.1000}
				{Matrix34
					-0.0000	-0.0000	1.0000
					-0.0000	-1.0000	-0.0000
					1.0000	-0.0000	0.0000
					1.9037	0.0345	0.0000
				}
				{visibility 0}
				{bone revolute "IK_UpDown"
					{limits -40.0000 20.0000}
					{speed 0.1000}
					{Matrix34
						1.0000	-0.0000	0.0000
						-0.0000	0.0000	1.0000
						-0.0000	-1.0000	0.0000
						0.0000	-0.0000	1.6680
					}
					{visibility 0}
					{bone "Head"
						{Matrix34
							0.9999	0.0000	0.0131
							0.0131	-0.0000	-0.9999
							-0.0000	1.0000	-0.0000
							-0.0000	7.2146	0.0000
						}
						{visibility 0}
						{bone "rus-tank-helm2"
							{Matrix34
								0.9981	-0.0604	-0.0106
								0.0110	0.0051	0.9999
								-0.0604	-0.9982	0.0057
								0.3301	0.0021	2.8642
							}
							{VolumeView "rus-tank-helm2.ply"}
						}
					}
					{bone "Hand1R"
						{Matrix34
							0.1319	-0.9606	0.2445
							0.9693	0.0734	-0.2348
							0.2076	0.2680	0.9408
							-0.0888	5.8989	4.1259
						}
						{visibility 0}
						{bone "Hand2R"
							{Matrix34
								1.0000	-0.0021	0.0000
								0.0021	1.0000	0.0000
								0.0000	0.0000	1.0000
								6.2681	-0.0000	0.0000
							}
							{visibility 0}
							{bone "Hand3R"
								{Matrix34
									0.7815	-0.1278	-0.6106
									0.0369	0.9866	-0.1592
									0.6228	0.1018	0.7757
									5.1922	0.0000	-0.0000
								}
								{visibility 0}
							}
						}
					}
					{bone "Hand1L"
						{Matrix34
							-0.1262	-0.9878	-0.0917
							0.9398	-0.1486	0.3078
							-0.3177	-0.0473	0.9470
							-0.0888	5.8989	-4.1339
						}
						{visibility 0}
						{bone "Hand2L"
							{Matrix34
								1.0000	-0.0021	-0.0000
								0.0021	1.0000	0.0000
								-0.0000	0.0000	1.0000
								6.2681	-0.0000	-0.0000
							}
							{visibility 0}
							{bone "Hand3L"
								{Matrix34
									0.9826	-0.1857	0.0000
									0.0348	0.1841	-0.9823
									0.1824	0.9652	0.1874
									5.1922	0.0000	-0.0000
								}
								{visibility 0}
							}
						}
					}
				}
			}
		}
		{bone "Skin"
			{parameters "CommonMesh;NoSkin;"}
			{Matrix34
				0.9063	0.0000	-0.4226
				-0.0000	-1.0000	-0.0000
				0.4226	-0.0000	0.9063
				0.9924	-0.0001	26.9396
			}
			{VolumeView "Skin.ply"}
		}
	}
}
