;Exported by: Dinsen
;Date:        Sun Apr 15 14:32:39 2012
;File:        C:\DOCUME~1\Javi\ESCRIT~1\Wall.max
{Skeleton
	{bone "basis"
		{Orientation
			1.0000	0.0000	0.0000
			0.0000	-1.0000	0.0000
			0.0000	0.0000	1.0000
		}
		{bone "Box05"
			{Matrix34
				-0.8058	0.5921	-0.0002
				0.5921	0.8058	-0.0001
				0.0001	-0.0001	-1.0000
				1.0790	-19.3876	3.8392
			}
			{VolumeView "Box05.ply"}
		}
		{bone "Box23"
			{Matrix34
				0.8446	-0.5355	0.0002
				-0.0030	-0.0050	-1.0000
				0.5354	0.8445	-0.0059
				0.6263	-94.5703	3.0729
			}
			{VolumeView "Box23.ply"}
		}
		{bone "Box31"
			{Matrix34
				0.1370	-0.9906	0.0002
				-0.0000	0.0002	1.0000
				-0.9906	-0.1370	-0.0000
				-21.2510	-12.6537	3.0466
			}
			{VolumeView "Box31.ply"}
		}
		{bone "Box32"
			{Matrix34
				0.4732	0.8810	-0.0000
				0.8810	-0.4732	0.0004
				0.0003	-0.0002	-1.0000
				-19.5371	-91.2897	3.8315
			}
			{VolumeView "Box32.ply"}
		}
		{bone "Box33"
			{Matrix34
				0.6300	0.7766	0.0010
				0.7766	-0.6300	-0.0002
				0.0005	0.0009	-1.0000
				16.0211	-18.1165	3.8332
			}
			{VolumeView "Box33.ply"}
		}
		{bone "Box39"
			{Matrix34
				0.8913	-0.4535	0.0001
				0.0002	0.0005	1.0000
				-0.4535	-0.8913	0.0005
				-26.5330	-16.4282	3.0449
			}
			{VolumeView "Box39.ply"}
		}
		{bone "Box41"
			{Matrix34
				0.3717	-0.9284	-0.0006
				-0.9284	-0.3717	0.0001
				-0.0003	0.0005	-1.0000
				15.7886	-40.9698	3.8393
			}
			{VolumeView "Box41.ply"}
		}
		{bone "Box42"
			{Matrix34
				0.6010	0.7993	-0.0002
				-0.0001	-0.0002	-1.0000
				-0.7993	0.6010	-0.0000
				20.9229	-23.5269	3.0505
			}
			{VolumeView "Box42.ply"}
		}
		{bone "Box45"
			{Matrix34
				-0.5751	0.8181	0.0002
				0.8181	0.5751	0.0009
				0.0006	0.0007	-1.0000
				54.4337	-9.8207	3.8390
			}
			{VolumeView "Box45.ply"}
		}
		{bone "Box47"
			{Matrix34
				0.0002	-0.0000	-1.0000
				-0.2304	-0.9731	-0.0000
				-0.9731	0.2304	-0.0002
				-37.9024	-11.4022	4.8181
			}
			{VolumeView "Box47.ply"}
		}
		{bone "Box48"
			{Matrix34
				0.7277	-0.6859	0.0000
				0.0002	0.0003	1.0000
				-0.6859	-0.7277	0.0003
				-38.7647	-16.3769	3.0516
			}
			{VolumeView "Box48.ply"}
		}
		{bone "Box49"
			{Matrix34
				-0.0068	-0.0019	-1.0000
				0.2824	-0.9593	-0.0001
				-0.9593	-0.2824	0.0071
				-25.2487	-24.0280	4.8183
			}
			{VolumeView "Box49.ply"}
		}
		{bone "Box50"
			{Matrix34
				0.6279	-0.7783	0.0004
				0.0086	0.0074	0.9999
				-0.7782	-0.6279	0.0113
				5.8286	-41.5867	3.0492
			}
			{VolumeView "Box50.ply"}
		}
		{bone "Box57"
			{Matrix34
				0.7632	-0.6461	-0.0002
				-0.6461	-0.7632	0.0000
				-0.0001	0.0001	-1.0000
				-39.2581	-25.1886	3.8387
			}
			{VolumeView "Box57.ply"}
		}
		{bone "Box62"
			{Matrix34
				-0.9616	-0.2745	0.0001
				-0.2745	0.9616	-0.0004
				0.0000	-0.0004	-1.0000
				58.0364	-18.0753	3.8388
			}
			{VolumeView "Box62.ply"}
		}
		{bone "Box68"
			{Matrix34
				-0.0684	-0.0805	-0.9944
				-0.7622	0.6473	0.0000
				0.6437	0.7580	-0.1056
				-3.2860	-10.5314	5.1646
			}
			{VolumeView "Box68.ply"}
		}
		{bone "Box77"
			{Matrix34
				-0.7297	0.6837	-0.0000
				-0.1593	-0.1701	-0.9725
				-0.6649	-0.7096	0.2330
				1.6942	-3.8468	2.9772
			}
			{VolumeView "Box77.ply"}
		}
		{bone "Box81"
			{Matrix34
				-0.4917	-0.8707	-0.0001
				-0.8707	0.4917	0.0000
				0.0000	0.0001	-1.0000
				50.4570	7.2027	3.8354
			}
			{VolumeView "Box81.ply"}
		}
		{bone "Box82"
			{Matrix34
				0.6687	-0.7435	0.0001
				-0.7435	-0.6687	-0.0002
				0.0002	0.0001	-1.0000
				-63.7355	-14.1829	3.8387
			}
			{VolumeView "Box82.ply"}
		}
		{bone "Box87"
			{Matrix34
				-0.0127	0.9999	-0.0008
				0.9999	0.0127	-0.0000
				-0.0000	-0.0008	-1.0000
				4.2595	2.3601	3.8320
			}
			{VolumeView "Box87.ply"}
		}
		{bone "Box92"
			{Matrix34
				0.8843	-0.2620	0.3864
				-0.3527	0.1675	0.9206
				-0.3059	-0.9504	0.0557
				-35.5121	11.5100	8.1430
			}
			{VolumeView "Box92.ply"}
		}
		{bone "Box95"
			{Matrix34
				0.9990	-0.0437	0.0004
				0.0004	-0.0005	-1.0000
				0.0437	0.9990	-0.0004
				-3.0836	6.8879	3.0503
			}
			{VolumeView "Box95.ply"}
		}
		{bone "Box96"
			{Matrix34
				0.1241	0.9923	0.0003
				0.9923	-0.1241	0.0001
				0.0001	0.0003	-1.0000
				5.1292	14.0438	3.8398
			}
			{VolumeView "Box96.ply"}
		}
		{bone "Box97"
			{Matrix34
				0.0850	0.9964	-0.0003
				0.9964	-0.0850	0.0000
				-0.0000	-0.0003	-1.0000
				19.5658	15.4810	3.8396
			}
			{VolumeView "Box97.ply"}
		}
		{bone "Box99"
			{Matrix34
				0.8360	0.5488	-0.0001
				0.0001	-0.0002	-1.0000
				-0.5488	0.8360	-0.0002
				45.5771	12.5372	3.0505
			}
			{VolumeView "Box99.ply"}
		}
		{bone "Box100"
			{Matrix34
				0.8840	-0.4675	0.0003
				-0.0002	0.0002	1.0000
				-0.4675	-0.8840	0.0001
				-65.5089	-18.0997	3.0518
			}
			{VolumeView "Box100.ply"}
		}
		{bone "Box104"
			{Matrix34
				1.0000	0.0061	-0.0002
				-0.0002	0.0000	-1.0000
				-0.0061	1.0000	0.0000
				-5.1182	15.0072	3.0502
			}
			{VolumeView "Box104.ply"}
		}
		{bone "Box105"
			{Matrix34
				0.8471	-0.5314	0.0001
				-0.0002	-0.0004	-1.0000
				0.5314	0.8471	-0.0004
				4.3412	9.4602	3.0529
			}
			{VolumeView "Box105.ply"}
		}
		{bone "Box107"
			{Matrix34
				0.7981	-0.6026	-0.0001
				-0.0004	-0.0003	-1.0000
				0.6026	0.7981	-0.0004
				27.9215	14.6056	3.0484
			}
			{VolumeView "Box107.ply"}
		}
		{bone "Box108"
			{Matrix34
				0.7282	0.6853	-0.0000
				-0.0093	0.0099	-0.9999
				-0.6853	0.7282	0.0136
				40.1558	15.0885	3.0455
			}
			{VolumeView "Box108.ply"}
		}
		{bone "Box112"
			{Matrix34
				0.9983	0.0587	-0.0000
				0.0000	-0.0002	-1.0000
				-0.0587	0.9983	-0.0002
				-7.3794	18.8124	3.0526
			}
			{VolumeView "Box112.ply"}
		}
		{bone "Box113"
			{Matrix34
				0.9998	-0.0203	0.0001
				-0.0166	-0.8233	-0.5674
				0.0116	0.5673	-0.8234
				1.6664	21.8413	4.7676
			}
			{VolumeView "Box113.ply"}
		}
		{bone "Box115"
			{Matrix34
				-0.0115	0.0057	0.9999
				0.6221	0.7830	0.0027
				-0.7829	0.6220	-0.0126
				24.6330	18.8629	4.8544
			}
			{VolumeView "Box115.ply"}
		}
		{bone "Box116"
			{Matrix34
				0.0049	-0.0074	-1.0000
				-0.5795	-0.8150	0.0032
				-0.8150	0.5794	-0.0083
				36.0570	25.2083	4.8492
			}
			{VolumeView "Box116.ply"}
		}
		{bone "Box117"
			{Matrix34
				0.9748	-0.2230	-0.0002
				-0.0001	0.0004	-1.0000
				0.2230	0.9748	0.0003
				41.6013	27.0063	3.0501
			}
			{VolumeView "Box117.ply"}
		}
		{bone "Box118"
			{Matrix34
				0.9998	-0.0222	-0.0002
				-0.0002	-0.0000	-1.0000
				0.0222	0.9998	-0.0000
				-52.0639	27.1937	3.0522
			}
			{VolumeView "Box118.ply"}
		}
		{bone "Box119"
			{Matrix34
				0.9460	-0.3243	0.0003
				-0.1951	-0.5697	-0.7984
				0.2590	0.7552	-0.6022
				-32.4143	24.0211	4.6186
			}
			{VolumeView "Box119.ply"}
		}
		{bone "Box123"
			{Matrix34
				0.9942	-0.1077	-0.0000
				-0.0001	-0.0006	-1.0000
				0.1077	0.9942	-0.0006
				8.8657	25.7679	3.0532
			}
			{VolumeView "Box123.ply"}
		}
		{bone "Box124"
			{Matrix34
				0.0050	0.0036	-1.0000
				-0.7808	0.6248	-0.0016
				0.6248	0.7808	0.0059
				18.1171	21.9923	4.8198
			}
			{VolumeView "Box124.ply"}
		}
		{bone "Box125"
			{Matrix34
				0.8521	0.5234	-0.0002
				0.0001	-0.0006	-1.0000
				-0.5234	0.8521	-0.0006
				27.9077	26.8066	3.0501
			}
			{VolumeView "Box125.ply"}
		}
		{bone "Box126"
			{Matrix34
				0.9629	0.2700	-0.0002
				-0.0001	-0.0005	-1.0000
				-0.2700	0.9629	-0.0005
				36.2960	31.1078	3.0527
			}
			{VolumeView "Box126.ply"}
		}
		{bone "Box127"
			{Matrix34
				0.9886	0.1506	0.0000
				0.0000	0.0001	-1.0000
				-0.1506	0.9886	0.0001
				-39.1459	32.9091	3.0521
			}
			{VolumeView "Box127.ply"}
		}
		{bone "Box128"
			{Matrix34
				0.9671	0.2543	0.0000
				0.0001	-0.0003	-1.0000
				-0.2543	0.9671	-0.0003
				-22.7173	28.0995	3.0515
			}
			{VolumeView "Box128.ply"}
		}
		{bone "Box129"
			{Matrix34
				0.9532	0.3024	-0.0001
				-0.0001	-0.0003	-1.0000
				-0.3024	0.9532	-0.0003
				-13.5583	33.1813	3.0506
			}
			{VolumeView "Box129.ply"}
		}
		{bone "Box133"
			{Matrix34
				0.7322	0.6811	0.0002
				0.0002	0.0000	-1.0000
				-0.6811	0.7322	-0.0001
				23.1860	28.4948	3.0502
			}
			{VolumeView "Box133.ply"}
		}
		{bone "Box134"
			{Matrix34
				0.8216	0.5701	0.0000
				0.0001	-0.0001	-1.0000
				-0.5701	0.8216	-0.0002
				30.7728	33.3833	3.0525
			}
			{VolumeView "Box134.ply"}
		}
		{bone "Box135"
			{Matrix34
				0.7595	0.6505	0.0006
				0.0005	0.0003	-1.0000
				-0.6505	0.7595	-0.0001
				41.3047	38.5712	3.0492
			}
			{VolumeView "Box135.ply"}
		}
		{bone "Box138"
			{Matrix34
				0.7576	0.6527	-0.0001
				0.6527	-0.7576	-0.0007
				-0.0005	0.0005	-1.0000
				-23.7082	39.6295	3.8298
			}
			{VolumeView "Box138.ply"}
		}
		{bone "Box141"
			{Matrix34
				0.5309	-0.8474	0.0002
				-0.2670	-0.1675	-0.9490
				0.8043	0.5038	-0.3152
				8.2535	40.3159	4.0213
			}
			{VolumeView "Box141.ply"}
		}
		{bone "Box142"
			{Matrix34
				0.0931	0.9957	0.0003
				0.0009	0.0002	-1.0000
				-0.9957	0.0931	-0.0009
				19.8472	40.7339	3.0495
			}
			{VolumeView "Box142.ply"}
		}
		{bone "Box143"
			{Matrix34
				0.7059	-0.7083	0.0008
				-0.0073	-0.0062	1.0000
				-0.7083	-0.7059	-0.0096
				24.8716	49.4099	3.0810
			}
			{VolumeView "Box143.ply"}
		}
		{bone "Box144"
			{Matrix34
				-0.5787	0.8156	0.0000
				0.8156	0.5787	-0.0002
				-0.0001	-0.0001	-1.0000
				28.3937	57.5954	3.8359
			}
			{VolumeView "Box144.ply"}
		}
	}
}
{Obstacle "Box31"
	{Obb2
		{Center -21.251 12.6537}
		{Extent 4.50113 1.77158}
		{Axis 0.139892 0.990167}
	}
	{Rotate}
}
{Obstacle "Box05"
	{Obb2
		{Center 1.07899 19.3876}
		{Extent 4.51134 2.75513}
		{Axis 0.809204 0.587528}
	}
	{Rotate}
}
{Obstacle "Box23"
	{Obb2
		{Center 0.626255 94.5703}
		{Extent 4.50783 1.80509}
		{Axis 0.848198 0.529679}
	}
	{Rotate}
}
{Volume "Box144"
	{Box 4.49554 2.72946 1.75847}
	{Bone "Box144"}
	{Matrix34
		2.0000	-0.0000	0.0000
		-0.0000	2.0000	0.0000
		0.0000	0.0000	2.0000
		-0.0000	-0.0000	-0.0000
	}
}
{Volume "Box143"
	{Box 4.49554 2.72946 1.75847}
	{Bone "Box143"}
	{Matrix34
		2.0000	0.0000	-0.0000
		0.0000	2.0000	-0.0000
		-0.0000	-0.0000	2.0000
		-0.0000	-0.0000	-0.0000
	}
}
{Volume "Box142"
	{Box 4.49554 2.72946 1.75847}
	{Bone "Box142"}
	{Matrix34
		2.0000	0.0000	-0.0000
		0.0000	2.0000	-0.0000
		-0.0000	-0.0000	2.0000
		0.0000	0.0000	-0.0000
	}
}
{Volume "Box141"
	{Box 4.49554 2.72946 1.75847}
	{Bone "Box141"}
	{Matrix34
		2.0000	-0.0000	0.0000
		-0.0000	2.0000	0.0000
		0.0000	0.0000	2.0000
		0.0000	-0.0000	-0.0000
	}
}
{Volume "Box138"
	{Box 4.49554 2.72946 1.75847}
	{Bone "Box138"}
	{Matrix34
		2.0000	-0.0000	0.0000
		-0.0000	2.0000	0.0000
		0.0000	0.0000	2.0000
		0.0000	-0.0000	-0.0000
	}
}
{Volume "Box135"
	{Box 4.49554 2.72946 1.75847}
	{Bone "Box135"}
	{Matrix34
		2.0000	-0.0000	0.0000
		-0.0000	2.0000	0.0000
		0.0000	-0.0000	2.0000
		-0.0000	0.0000	-0.0000
	}
}
{Volume "Box134"
	{Box 4.49554 2.72946 1.75847}
	{Bone "Box134"}
	{Matrix34
		2.0000	-0.0000	-0.0000
		-0.0000	2.0000	0.0000
		-0.0000	0.0000	2.0000
		-0.0000	-0.0000	-0.0000
	}
}
{Volume "Box133"
	{Box 4.49554 2.72946 1.75847}
	{Bone "Box133"}
	{Matrix34
		2.0000	-0.0000	-0.0000
		-0.0000	2.0000	0.0000
		-0.0000	0.0000	2.0000
		0.0000	-0.0000	-0.0000
	}
}
{Volume "Box129"
	{Box 4.49554 2.72946 1.75847}
	{Bone "Box129"}
	{Orientation
		2.0000	-0.0000	0.0000
		-0.0000	2.0000	-0.0000
		0.0000	-0.0000	2.0000
	}
}
{Volume "Box128"
	{Box 4.49554 2.72946 1.75847}
	{Bone "Box128"}
	{Matrix34
		2.0000	0.0000	-0.0000
		0.0000	2.0000	0.0000
		-0.0000	0.0000	2.0000
		0.0000	0.0000	0.0000
	}
}
{Volume "Box127"
	{Box 4.49554 2.72946 1.75847}
	{Bone "Box127"}
	{Matrix34
		2.0000	0.0000	-0.0000
		0.0000	2.0000	0.0000
		-0.0000	0.0000	2.0000
		-0.0000	0.0000	-0.0000
	}
}
{Volume "Box126"
	{Box 4.49554 2.72946 1.75847}
	{Bone "Box126"}
	{Orientation
		2.0000	0.0000	0.0000
		0.0000	2.0000	0.0000
		0.0000	0.0000	2.0000
	}
}
{Volume "Box125"
	{Box 4.49554 2.72946 1.75847}
	{Bone "Box125"}
	{Matrix34
		2.0000	0.0000	-0.0000
		0.0000	2.0000	0.0000
		-0.0000	0.0000	2.0000
		0.0000	0.0000	0.0000
	}
}
{Volume "Box124"
	{Box 4.49554 2.72946 1.75847}
	{Bone "Box124"}
	{Matrix34
		2.0000	-0.0000	-0.0000
		-0.0000	2.0000	0.0000
		-0.0000	-0.0000	2.0000
		0.0000	0.0000	0.0000
	}
}
{Volume "Box123"
	{Box 4.49554 2.72946 1.75847}
	{Bone "Box123"}
	{Matrix34
		2.0000	-0.0000	0.0000
		-0.0000	2.0000	-0.0000
		0.0000	-0.0000	2.0000
		0.0000	0.0000	0.0000
	}
}
{Volume "Box119"
	{Box 4.49554 2.72946 1.75847}
	{Bone "Box119"}
	{Matrix34
		2.0000	0.0000	0.0000
		-0.0000	2.0000	0.0000
		0.0000	0.0000	2.0000
		-0.0000	0.0000	0.0000
	}
}
{Volume "Box118"
	{Box 4.49554 2.72946 1.75847}
	{Bone "Box118"}
	{Matrix34
		2.0000	0.0000	-0.0000
		0.0000	2.0000	0.0000
		-0.0000	0.0000	2.0000
		0.0000	-0.0000	0.0000
	}
}
{Volume "Box117"
	{Box 4.49554 2.72946 1.75847}
	{Bone "Box117"}
	{Matrix34
		2.0000	-0.0000	-0.0000
		-0.0000	2.0000	0.0000
		-0.0000	0.0000	2.0000
		0.0000	0.0000	-0.0000
	}
}
{Volume "Box116"
	{Box 4.49554 2.72946 1.75847}
	{Bone "Box116"}
	{Matrix34
		2.0000	-0.0000	0.0000
		-0.0000	2.0000	0.0000
		0.0000	0.0000	2.0000
		-0.0000	0.0000	-0.0000
	}
}
{Volume "Box115"
	{Box 4.49554 2.72946 1.75847}
	{Bone "Box115"}
	{Matrix34
		2.0000	-0.0000	0.0000
		-0.0000	2.0000	-0.0000
		0.0000	-0.0000	2.0000
		-0.0000	0.0000	-0.0000
	}
}
{Volume "Box113"
	{Box 4.49554 2.72946 1.75847}
	{Bone "Box113"}
	{Matrix34
		2.0000	-0.0000	0.0000
		0.0000	2.0000	-0.0000
		0.0000	-0.0000	2.0000
		0.0000	-0.0000	-0.0000
	}
}
{Volume "Box112"
	{Box 4.49554 2.72946 1.75847}
	{Bone "Box112"}
	{Matrix34
		2.0000	-0.0000	-0.0000
		-0.0000	2.0000	-0.0000
		-0.0000	-0.0000	2.0000
		-0.0000	0.0000	-0.0000
	}
}
{Volume "Box108"
	{Box 4.49554 2.72946 1.75847}
	{Bone "Box108"}
	{Matrix34
		2.0000	-0.0000	0.0000
		-0.0000	2.0000	0.0000
		0.0000	0.0000	2.0000
		-0.0000	-0.0000	0.0000
	}
}
{Volume "Box107"
	{Box 4.49554 2.72946 1.75847}
	{Bone "Box107"}
	{Matrix34
		2.0000	0.0000	-0.0000
		0.0000	2.0000	0.0000
		-0.0000	0.0000	2.0000
		-0.0000	-0.0000	0.0000
	}
}
{Volume "Box105"
	{Box 4.49554 2.72946 1.75847}
	{Bone "Box105"}
	{Matrix34
		2.0000	-0.0000	-0.0000
		0.0000	2.0000	0.0000
		-0.0000	0.0000	2.0000
		-0.0000	0.0000	0.0000
	}
}
{Volume "Box104"
	{Box 4.49554 2.72946 1.75847}
	{Bone "Box104"}
	{Matrix34
		2.0000	0.0000	-0.0000
		0.0000	2.0000	-0.0000
		-0.0000	-0.0000	2.0000
		-0.0000	0.0000	0.0000
	}
}
{Volume "Box100"
	{Box 4.49554 2.72946 1.75847}
	{Bone "Box100"}
	{Matrix34
		2.0000	0.0000	0.0000
		0.0000	2.0000	-0.0000
		0.0000	-0.0000	2.0000
		0.0000	0.0000	0.0000
	}
}
{Volume "Box99"
	{Box 4.49554 2.72946 1.75847}
	{Bone "Box99"}
	{Matrix34
		2.0000	-0.0000	0.0000
		0.0000	2.0000	-0.0000
		-0.0000	-0.0000	2.0000
		-0.0000	0.0000	-0.0000
	}
}
{Volume "Box97"
	{Box 4.49554 2.72946 1.75847}
	{Bone "Box97"}
	{Matrix34
		2.0000	0.0000	0.0000
		0.0000	2.0000	0.0000
		0.0000	0.0000	2.0000
		0.0000	0.0000	-0.0000
	}
}
{Volume "Box96"
	{Box 4.49554 2.72946 1.75847}
	{Bone "Box96"}
	{Matrix34
		2.0000	0.0000	0.0000
		0.0000	2.0000	0.0000
		0.0000	0.0000	2.0000
		0.0000	0.0000	-0.0000
	}
}
{Volume "Box95"
	{Box 4.49554 2.72946 1.75847}
	{Bone "Box95"}
	{Matrix34
		2.0000	-0.0000	-0.0000
		-0.0000	2.0000	-0.0000
		-0.0000	0.0000	2.0000
		-0.0000	-0.0000	-0.0000
	}
}
{Volume "Box92"
	{Box 4.49554 2.72946 1.75847}
	{Bone "Box92"}
	{Matrix34
		2.0000	0.0000	-0.0000
		0.0000	2.0000	0.0000
		0.0000	0.0000	2.0000
		0.0000	0.0000	-0.0000
	}
}
{Volume "Box87"
	{Box 4.49554 2.72946 1.75847}
	{Bone "Box87"}
	{Matrix34
		2.0000	-0.0000	-0.0000
		-0.0000	2.0000	-0.0000
		-0.0000	-0.0000	2.0000
		0.0000	-0.0000	0.0000
	}
}
{Volume "Box82"
	{Box 4.49554 2.72946 1.75847}
	{Bone "Box82"}
	{Matrix34
		2.0000	0.0000	0.0000
		0.0000	2.0000	0.0000
		0.0000	0.0000	2.0000
		0.0000	-0.0000	0.0000
	}
}
{Volume "Box81"
	{Box 4.49554 2.72946 1.75847}
	{Bone "Box81"}
	{Matrix34
		2.0000	0.0000	0.0000
		0.0000	2.0000	-0.0000
		0.0000	-0.0000	2.0000
		0.0000	-0.0000	0.0000
	}
}
{Volume "Box77"
	{Box 4.49554 2.72946 1.75847}
	{Bone "Box77"}
	{Matrix34
		2.0000	-0.0000	-0.0000
		-0.0000	2.0000	-0.0000
		-0.0000	-0.0000	2.0000
		-0.0000	-0.0000	0.0000
	}
}
{Volume "Box68"
	{Box 4.49554 2.72946 1.75847}
	{Bone "Box68"}
	{Matrix34
		2.0000	-0.0000	0.0000
		0.0000	2.0000	0.0000
		0.0000	0.0000	2.0000
		-0.0000	0.0000	0.0000
	}
}
{Volume "Box62"
	{Box 4.49554 2.72946 1.75847}
	{Bone "Box62"}
	{Matrix34
		2.0000	-0.0000	0.0000
		-0.0000	2.0000	0.0000
		0.0000	0.0000	2.0000
		-0.0000	0.0000	0.0000
	}
}
{Volume "Box57"
	{Box 4.49554 2.72946 1.75847}
	{Bone "Box57"}
	{Matrix34
		2.0000	-0.0000	0.0000
		-0.0000	2.0000	-0.0000
		0.0000	-0.0000	2.0000
		-0.0000	0.0000	0.0000
	}
}
{Volume "Box50"
	{Box 4.49554 2.72946 1.75847}
	{Bone "Box50"}
	{Matrix34
		2.0000	-0.0000	0.0000
		-0.0000	2.0000	0.0000
		0.0000	0.0000	2.0000
		-0.0000	0.0000	-0.0000
	}
}
{Volume "Box49"
	{Box 4.49554 2.72946 1.75847}
	{Bone "Box49"}
	{Matrix34
		2.0000	0.0000	0.0000
		-0.0000	2.0000	-0.0000
		0.0000	0.0000	2.0000
		0.0000	-0.0000	0.0000
	}
}
{Volume "Box48"
	{Box 4.49554 2.72946 1.75847}
	{Bone "Box48"}
	{Matrix34
		2.0000	0.0000	-0.0000
		0.0000	2.0000	0.0000
		-0.0000	0.0000	2.0000
		-0.0000	-0.0000	0.0000
	}
}
{Volume "Box47"
	{Box 4.49554 2.72946 1.75847}
	{Bone "Box47"}
	{Matrix34
		2.0000	0.0000	0.0000
		0.0000	2.0000	-0.0000
		0.0000	-0.0000	2.0000
		0.0000	0.0000	0.0000
	}
}
{Volume "Box45"
	{Box 4.49554 2.72946 1.75847}
	{Bone "Box45"}
	{Matrix34
		2.0000	0.0000	0.0000
		0.0000	2.0000	-0.0000
		0.0000	-0.0000	2.0000
		-0.0000	0.0000	-0.0000
	}
}
{Volume "Box42"
	{Box 4.49554 2.72946 1.75847}
	{Bone "Box42"}
	{Matrix34
		2.0000	0.0000	-0.0000
		-0.0000	2.0000	0.0000
		-0.0000	0.0000	2.0000
		-0.0000	-0.0000	-0.0000
	}
}
{Volume "Box41"
	{Box 4.49554 2.72946 1.75847}
	{Bone "Box41"}
	{Matrix34
		2.0000	0.0000	-0.0000
		0.0000	2.0000	-0.0000
		-0.0000	-0.0000	2.0000
		0.0000	0.0000	-0.0000
	}
}
{Volume "Box39"
	{Box 4.49554 2.72946 1.75847}
	{Bone "Box39"}
	{Matrix34
		2.0000	0.0000	0.0000
		0.0000	2.0000	0.0000
		0.0000	0.0000	2.0000
		0.0000	0.0000	-0.0000
	}
}
{Volume "Box33"
	{Box 4.49554 2.72946 1.75847}
	{Bone "Box33"}
	{Matrix34
		2.0000	-0.0000	0.0000
		-0.0000	2.0000	-0.0000
		0.0000	-0.0000	2.0000
		0.0000	-0.0000	-0.0000
	}
}
{Volume "Box32"
	{Box 4.49554 2.72946 1.75847}
	{Bone "Box32"}
	{Matrix34
		2.0000	-0.0000	0.0000
		-0.0000	2.0000	0.0000
		0.0000	0.0000	2.0000
		-0.0000	0.0000	-0.0000
	}
}
{Volume "Box31"
	{Box 4.49554 2.72946 1.75847}
	{Bone "Box31"}
	{Matrix34
		2.0000	0.0000	0.0000
		0.0000	2.0000	-0.0000
		0.0000	-0.0000	2.0000
		0.0000	-0.0000	0.0000
	}
}
{Volume "Box23"
	{Box 4.49554 2.72946 1.75847}
	{Bone "Box23"}
	{Matrix34
		2.0000	-0.0000	0.0000
		-0.0000	2.0000	0.0000
		0.0000	0.0000	2.0000
		-0.0000	-0.0000	-0.0000
	}
}
{Volume "Box05"
	{Box 4.49554 2.72946 1.75847}
	{Bone "Box05"}
	{Matrix34
		2.0000	0.0000	0.0000
		0.0000	2.0000	0.0000
		0.0000	0.0000	2.0000
		0.0000	0.0000	-0.0000
	}
}
