;Exported by: dan
;Date:        Tue Jul 15 21:19:29 2003

{Skeleton
	{bone "Object03"
		{Orientation
			0.3071	0.9517	0.0000
			0.9517	-0.3071	0.0000
			0.0000	0.0000	1.0000
		}
		{VolumeView "Object03.ply"}
	}
}
{Volume "wall2_vol01"
	{Box 12.9066 62.6876 19.0633}
	{Bone "Object03"}
		{Matrix34
			-0.8929	0.4502	0.0000
			-0.4502	-0.8929	0.0000
			0.0000	0.0000	1.0000
			-5.4050	-27.7599	9.5316
		}
}
{Volume "wall1_vol01"
	{Box 12.9066 62.6876 19.0633}
	{Bone "Object03"}
		{Matrix34
			-0.9867	0.1625	0.0000
			-0.1625	-0.9867	0.0000
			0.0000	0.0000	1.0000
			12.6429	27.9680	9.5316
		}
}
