;Exported by: vic
;Date:        Wed Nov 26 17:56:01 2003
;File:        D:\-Projects-\-3DWork-\Constructions\NEW\Ruini\elements town10_xx.max
{Skeleton
	{bone "e-house1014_x"
		{Orientation
			1.0000	0.0000	0.0000
			0.0000	-1.0000	0.0000
			0.0000	0.0000	1.0000
		}
		{bone "piece1"
			{Position 13.8905	0.0000	68.1591}
			{VolumeView "piece1.ply"}
		}
		{bone "sub_piece0"
			{Position 2.0339	0.0206	53.1292}
			{VolumeView "sub_piece0.ply"}
		}
		{bone "sub_piece1"
			{Position 50.3077	0.0000	71.7405}
			{VolumeView "sub_piece1.ply"}
		}
		{bone "piece2"
			{Position 38.3323	0.0206	48.2219}
			{VolumeView "piece2.ply"}
		}
		{bone "sub_piece2"
			{Position 16.9481	0.0206	26.2760}
			{VolumeView "sub_piece2.ply"}
		}
		{bone "sub_piece3"
			{Position 42.6766	0.0206	18.4986}
			{VolumeView "sub_piece3.ply"}
		}
		{bone "piece3"
			{Position 26.9746	0.0000	6.2083}
			{VolumeView "piece3.ply"}
		}
		{bone "piece0"
			{Matrix34
				-0.1736	0.0000	-0.9848
				0.0000	1.0000	0.0000
				0.9848	0.0000	-0.1736
				-26.9078	0.0206	32.5733
			}
			{VolumeView "piece0.ply"}
		}
		{bone "sub_piece4"
			{Matrix34
				0.1736	0.0000	0.9848
				0.0000	1.0000	0.0000
				-0.9848	0.0000	0.1736
				-40.6090	0.0206	7.1354
			}
			{VolumeView "sub_piece4.ply"}
		}
	}
}
{Volume "sub_piece4"
	{Box 12.5539 7.87402 13.374}
	{Bone "sub_piece4"}
	{Matrix34
		0.9848	0.0000	0.1736
		0.0000	1.0000	0.0000
		-0.1736	0.0000	0.9848
		-0.2889	-0.0279	-0.8066
	}
}
{Volume "piece0"
	{Box 12.5539 7.87402 13.374}
	{Bone "piece0"}
	{Matrix34
		0.9848	0.0000	0.1736
		0.0000	1.0000	0.0000
		-0.1736	0.0000	0.9848
		-0.2889	-0.0279	-0.8066
	}
}
{Volume "piece3"
	{Box 50.9862 7.87402 11.0139}
	{Bone "piece3"}
	{Position 0.9226	0.0976	-0.7014}
}
{Volume "sub_piece3"
	{Box 12.1952 7.87402 11.4073}
	{Bone "sub_piece3"}
	{Position 0.6971	-0.0279	0.4489}
}
{Volume "sub_piece2"
	{Box 12.5539 7.87402 13.374}
	{Bone "sub_piece2"}
	{Matrix34
		0.9848	0.0000	0.1736
		0.0000	1.0000	0.0000
		-0.1736	0.0000	0.9848
		-0.2889	-0.0279	-0.8066
	}
}
{Volume "piece2"
	{Box 15.0646 7.87402 12.784}
	{Bone "piece2"}
	{Position 0.7216	-0.2420	-0.5667}
}
{Volume "sub_piece1"
	{Box 7.43906 7.87402 28.2506}
	{Bone "sub_piece1"}
	{Position 0.1196	-0.1828	1.3006}
}
{Volume "sub_piece0"
	{Box 7.87402 7.87402 9.84252}
	{Bone "sub_piece0"}
	{Position -1.1004	-0.0279	0.0282}
}
{Volume "piece1"
	{Box 14.0904 7.87402 18.1482}
	{Bone "piece1"}
	{Position 1.0789	-0.0073	0.0399}
}
