;Exported by: shevchenko
;Date:        Sun May 16 13:30:31 2004
;File:        D:\-Projects-\-3DWork-\sheva\SK\Crate1_5.max
{Skeleton
	{bone "crate"
		{Orientation
			1.0000	0.0000	0.0000
			0.0000	-1.0000	0.0000
			0.0000	0.0000	1.0000
		}
		{VolumeView "crate.ply"}
	}
}
{Obstacle "Body"
	{Obb2
		{Center 14.6164 1.93305}
		{Extent 15.6845 23.5579}
		{Axis 1 0}
	}
	{Rotate}
}
{Obstacle "Body3"
	{Obb2
		{Center -16.3274 11.8913}
		{Extent 9.67103 12.5252}
		{Axis 0.0879049 0.996129}
	}
	{Rotate}
}
{Obstacle "Body2"
	{Obb2
		{Center -31.2153 10.3422}
		{Extent 9.39673 12.6121}
		{Axis 0.996199 0.0871117}
	}
	{Rotate}
}
{Obstacle "Body1"
	{Obb2
		{Center -10.6085 4.42229}
		{Extent 10.0143 20.1984}
		{Axis 1 0}
	}
	{Rotate}
}
{Volume "fire2"
	{Box 35.112 65.2903 16.6749}
	{Bone "crate"}
	{Matrix34
		-0.1631	0.9866	0.0000
		-0.9866	-0.1631	0.0000
		0.0000	0.0000	1.0000
		1.7848	-7.2552	20.7837
	}
}
{Volume "fire1"
	{Box 26.5981 60.0371 13.1298}
	{Bone "crate"}
	{Matrix34
		-0.0231	0.9997	0.0000
		-0.9997	-0.0231	0.0000
		0.0000	0.0000	1.0000
		5.3687	12.3977	6.6126
	}
}
{Volume "fire0"
	{Box 27.6829 77.9327 13.1298}
	{Bone "crate"}
	{Matrix34
		0.0676	0.9977	0.0000
		-0.9977	0.0676	0.0000
		0.0000	0.0000	1.0000
		-4.3294	-14.7869	6.6126
	}
}
{Volume "Body"
	{Box 31.3691 47.1157 25.3458}
	{Bone "crate"}
	{Position 14.6164	-1.9330	12.7206}
}
{Volume "Body3"
	{Box 25.0358 19.3232 9.62388}
	{Bone "crate"}
	{Matrix34
		0.9962	0.0872	0.0000
		-0.0872	0.9962	0.0000
		0.0000	0.0000	1.0000
		-16.3274	-11.8912	14.2853
	}
}
{Volume "Body2"
	{Box 18.7923 25.2233 9.50507}
	{Bone "crate"}
	{Matrix34
		0.9962	-0.0872	0.0000
		0.0872	0.9962	0.0000
		0.0000	0.0000	1.0000
		-31.2153	-10.3422	4.8003
	}
}
{Volume "Body1"
	{Box 20.0287 40.3968 9.58123}
	{Bone "crate"}
	{Position -10.6085	-4.4223	4.8383}
}
