; Made by Albus & Dinsen (c) 2009
{Skeleton
	{bone revolute "Basis"
		{Orientation
			1.0000	0.0000	0.0000
			0.0000	-1.0000	0.0000
			0.0000	0.0000	1.0000
		}
		{bone "Body"
			{parameters "ID=body;"}
			{Matrix34
				1.0000	0.0000	0.0000
				0.0000	1.0000	0.0000
				0.0000	0.0000	1.0000
				-59.3499	0.9704	2.9016
			}
			{VolumeView "Body.ply"}
			{bone revolute "Turret_rot"
				{Position 66.0000	0.0000	18.0000}
				{bone "Turret"
					{parameters "ID=turret;"}
					{Matrix34
						1.0000	0.0000	0.0000
						0.0000	0.0000	-1.0000
						0.0000	1.0000	0.0000
						0.0000	0.0000	0.0000
					}
					{VolumeView "Turret.ply"}
					{bone revolute "gun_rot"
						{parameters "ID=gun;"}
						{limits -37.0000 2.0000}
						{speed 0.0050}
						{Matrix34
							0.9986	-0.0523	0.0000
							0.0523	0.9986	0.0000
							0.0000	0.0000	1.0000
							1.0000	-6.0000	0.0000
						}
						{VolumeView "gun_rot.ply"}
						{bone "part1"
							{parameters "ID=gun;"}
							{Matrix34
								1.0000	0.0000	0.0000
								0.0000	0.0000	1.0000
								0.0000	-1.0000	0.0000
								0.0000	-12.0000	0.0000
							}
							{VolumeView "part1.ply"}
						}
						{bone "gun"
							{parameters "ID=gun;"}
							{Matrix34
								1.0000	0.0000	0.0000
								0.0000	0.0000	1.0000
								0.0000	-1.0000	0.0000
								22.3589	-6.5605	0.4618
							}
							{VolumeView "gun.ply"}
						}
					}
				}
			}
			{bone revolute "WheelL"
				{parameters "ID=wheelleft;"}
				{Matrix34
					-1.0000	0.0000	0.0000
					0.0000	0.0000	1.0000
					0.0000	1.0000	0.0000
					70.4028	14.5479	9.0833
				}
				{VolumeView "WheelL.ply"}
			}
			{bone revolute "WheelR"
				{parameters "ID=wheelright;"}
				{Matrix34
					-1.0000	0.0000	0.0000
					0.0000	0.0000	1.0000
					0.0000	1.0000	0.0000
					70.4029	-14.0292	9.0833
				}
				{VolumeView "WheelR.ply"}
			}
			{bone "part4"
				{parameters "ID=body;"}
				{Matrix34
					0.8614	-0.4874	0.1429
					-0.0653	0.1727	0.9828
					-0.5037	-0.8560	0.1169
					25.0817	-13.1235	8.0177
				}
				{VolumeView "part4.ply"}
			}
			{bone "part2"
				{parameters "ID=body;"}
				{Matrix34
					0.9713	-0.2228	0.0827
					-0.1027	-0.0798	0.9915
					-0.2143	-0.9716	-0.1005
					25.1082	20.6756	2.9088
				}
				{VolumeView "part2.ply"}
			}
			{bone "part3"
				{parameters "ID=body;"}
				{Matrix34
					1.0000	0.0000	0.0000
					0.0000	0.0802	0.9968
					0.0000	-0.9968	0.0802
					-8.6000	29.7613	0.8158
				}
				{VolumeView "part3.ply"}
			}
		}
	}
}
{Volume "gun"
	{Cylinder 2.80525 88.43350}
	{Bone "gun"}
	{Matrix34
		0.0000	0.0000	1.0000
		0.0000	-1.0000	0.0000
		1.0000	0.0000	0.0000
		0.0000	0.0000	-0.5000
	}
}
{Volume "turret"
	{Box 13.2998 12.6915 14.5279}
	{Bone "Turret"}
	{Matrix34
		1.0000	0.0000	0.0000
		0.0000	0.0000	1.0000
		0.0000	-1.0000	0.0000
		2.6000	-8.6000	0.6000
	}
}
{Volume "wheelright"
	{Cylinder 12.78520 5.92717}
	{Bone "WheelR"}
	{Position 0.0000 0.0000 -8.3636}
}
{Volume "wheelleft"
	{Cylinder 12.78520 5.92717}
	{Bone "WheelL"}
	{Matrix34
		1.0000	0.0000	0.0000
		0.0000	1.0000	0.0000
		0.0000	0.0000	1.0000
		0.0000	0.0000	8.7868
	}
}
{Volume "body1"
	{Box 15.2998 12.6915 33.5279}
	{Bone "Body"}
	{Matrix34
		1.0000	0.0000	0.0000
		0.0000	0.0000	1.0000
		0.0000	-1.0000	0.0000
		72.1000	1.6000	12.2000
	}
}
{Volume "part1"
	{Cylinder 2.00520 25.92717}
	{Bone "part1"}
	{Matrix34
		0.0140	0.0000	0.9999
		0.0000	1.0000	0.0000
		-0.9999	0.0000	0.0140
		3.0000	0.0000	0.0000
	}
}
{Volume "part4"
	{Box 12.2998 11.6915 76.5279}
	{Bone "part4"}
	{Matrix34
		0.4815	-0.1544	0.8627
		0.0576	0.9878	0.1447
		-0.8745	-0.0200	0.4845
		-1.2265	2.9314	1.2093
	}
}
{Volume "part2"
	{Cylinder 3.50520 74.92717}
	{Bone "part2"}
	{Matrix34
		0.0139	-0.0628	0.9979
		-0.0862	0.9942	0.0637
		-0.9961	-0.0869	0.0084
		1.2808	3.5202	-0.7565
	}
}
{Volume "part3"
	{Box 13.2998 10.6915 18.5279}
	{Bone "part3"}
	{Matrix34
		0.9724	-0.0379	0.2301
		0.0182	0.9960	0.0872
		-0.2325	-0.0806	0.9692
		-1.5266	1.7683	-0.3841
	}
}
