;Exported by: shevchenko
;Date:        Fri Mar 12 21:26:18 2004
;File:        D:\-Projects-\-3DWork-\sheva\fence_anm\Parkovyi_kompleks(piece).max
{Skeleton
	{bone "fence_euro19"
		{Orientation
			1.0000	0.0000	0.0000
			0.0000	-1.0000	0.0000
			0.0000	0.0000	1.0000
		}
		{bone "fx_stone1"
			{Position -13.0469	0.7409	11.2280}
		}
		{bone "piece0"
			{Matrix34
				-1.0000	0.0000	0.0000
				-0.0000	-1.0000	0.0000
				0.0000	0.0000	1.0000
				27.1583	3.0046	39.7077
			}
			{VolumeView "piece0.ply"}
		}
		{bone "piece1"
			{Matrix34
				-1.0000	0.0000	0.0000
				-0.0000	-1.0000	0.0000
				0.0000	0.0000	1.0000
				-10.2561	2.9613	39.7077
			}
			{VolumeView "piece1.ply"}
		}
		{bone "piece2"
			{Position 13.5097	0.0000	10.8778}
			{VolumeView "piece2.ply"}
		}
		{bone "piece3"
			{Position -14.7725	0.0000	11.1330}
			{VolumeView "piece3.ply"}
		}
		{bone "piece4"
			{Position -15.3274	0.0000	7.8713}
			{VolumeView "piece4.ply"}
		}
		{bone "piece5"
			{Position -38.0913	0.0000	64.6916}
			{VolumeView "piece5.ply"}
		}
		{bone "piece6"
			{Position -38.0913	0.0000	46.7123}
			{VolumeView "piece6.ply"}
		}
		{bone "piece7"
			{Position -38.0913	0.0000	22.2788}
			{VolumeView "piece7.ply"}
		}
		{bone "piece8"
			{Position -38.0913	0.0000	6.9249}
			{VolumeView "piece8.ply"}
		}
	}
}
{Volume "piece8"
	{Box 12.9331 14.1732 10.4487}
	{Bone "piece8"}
	{Position 0.0273	0.0090	-1.7005}
}
{Volume "piece7"
	{Box 12.9331 14.1732 24.2411}
	{Bone "piece7"}
	{Position 0.0273	0.0090	0.3899}
}
{Volume "piece6"
	{Box 12.9331 14.1732 24.2411}
	{Bone "piece6"}
	{Position 0.0273	0.0090	0.4647}
}
{Volume "piece5"
	{Box 15.649 14.1732 10.254}
	{Bone "piece5"}
	{Position 0.0273	0.0090	0.4475}
}
{Volume "piece4"
	{Box 26.2089 9.92127 9.60956}
	{Bone "piece4"}
	{Position -2.8505	0.0090	-0.8566}
}
{Volume "piece3"
	{Box 26.2089 9.92127 6.22123}
	{Bone "piece3"}
	{Matrix34
		0.9928	0.0000	-0.1195
		0.0000	1.0000	0.0000
		0.1195	0.0000	0.9928
		2.4911	0.0090	1.3477
	}
}
{Volume "piece2"
	{Box 26.2089 9.92127 9.60956}
	{Bone "piece2"}
	{Position 0.7990	0.0090	0.1149}
}
{Volume "piece1"
	{Box 38.5858 0.730136 43.6704}
	{Bone "piece1"}
	{Matrix34
		-0.9873	0.1586	0.0000
		-0.1586	-0.9873	0.0000
		0.0000	0.0000	1.0000
		0.7181	-0.0170	-0.4005
	}
}
{Volume "piece0"
	{Box 41.4901 0.730136 43.6704}
	{Bone "piece0"}
	{Matrix34
		-0.9866	-0.1630	0.0000
		0.1630	-0.9866	0.0000
		0.0000	0.0000	1.0000
		-0.2358	0.1360	-0.4005
	}
}
