;Exported by: garry
;Date:        Sat May 29 19:32:50 2004
;File:        D:\-Projects-\-3DWork-\Танки\Hummel\Hummel_xx.max
{Skeleton
	{bone revolute "Basis"
		{Orientation
			1.0000	0.0000	0.0000
			0.0000	-1.0000	0.0000
			0.0000	0.0000	1.0000
		}
		{bone "WheelsL"
			{parameters "ID=trackleft;"}
			{Matrix34
				-1.0000	-0.0000	0.0000
				0.0000	-0.0000	1.0000
				-0.0000	1.0000	0.0000
				-0.0225	24.2263	12.2310
			}
			{VolumeView "WheelsL.ply"}
		}
		{bone "body"
			{parameters "ID=body;"}
			{Position -1.7322	-0.5590	30.2631}
			{VolumeView "body.ply"}
				{bone revolute "WheelL1"
					{parameters "ID=trackleft;"}
					{Matrix34
						-1.0000	0.0028	-0.0051
						-0.0051	0.0000	1.0000
						0.0028	1.0000	0.0000
						55.7864	24.5848	-14.5251
					}
					{VolumeView "WheelL1.ply"}
				}
				{bone revolute "WheelR1"
					{parameters "ID=trackright;"}
					{Matrix34
						-1.0000	0.0028	-0.0051
						-0.0051	0.0000	1.0000
						0.0028	1.0000	0.0000
						55.7864	-26.8514	-14.5251
					}
					{VolumeView "WheelR1.ply"}
				}
				{bone revolute "WheelR2"
					{parameters "ID=trackright;"}
					{Matrix34
						-1.0000	0.0028	0.0051
						-0.0051	0.0000	-1.0000
						0.0028	1.0000	-0.0000
						-53.8091	-25.8382	-16.1353
					}
					{VolumeView "WheelR2.ply"}
				}
				{bone revolute "WheelL2"
					{parameters "ID=trackleft;"}
					{Matrix34
						-1.0000	0.0028	-0.0051
						-0.0051	0.0000	1.0000
						0.0028	1.0000	0.0000
						-53.8091	25.8895	-16.1353
					}
					{VolumeView "WheelL2.ply"}
				}
				{bone revolute "turret"
					{parameters "ID=gun;"}
					{limits -7.0000 7.0000}
					{speed 0.0100}
					{Position 2.2181	1.3048	8.9138}
					{VolumeView "turret.ply"}
					{bone revolute "gun_rot"
						{parameters "ID=gun;"}
						{limits -5.0000 23.0000}
						{speed 0.0100}
						{Matrix34
							0.9397	0.0000	0.3420
							0.3420	-0.0000	-0.9397
							-0.0000	1.0000	-0.0000
							-5.7865	-0.5847	4.5727
						}
						{VolumeView "gun_rot.ply"}
						{bone "gun"
							{parameters "ID=gun;"}
							{Matrix34
								0.9999	-0.0122	0.0000
								-0.0122	-0.9999	0.0000
								-0.0000	-0.0000	-1.0000
								-9.6457	-2.6239	0.0209
							}
							{VolumeView "gun.ply"}
						}
					}
				}
			{bone "part1"
				{Matrix34
					0.9848	0.0302	-0.1710
					-0.0000	0.9848	0.1736
					0.1736	-0.1710	0.9698
					-39.7906	26.1237	6.3056
				}
				{VolumeView "part1.ply"}
			}
			{bone "part2"
				{Matrix34
					0.7660	-0.1664	0.6209
					0.0000	0.9659	0.2588
					-0.6428	-0.1983	0.7399
					13.7795	27.5718	4.4304
				}
				{VolumeView "part2.ply"}
			}
			{bone "part3"
				{Matrix34
					0.9397	0.0000	0.3420
					0.3420	-0.0000	-0.9397
					0.0000	1.0000	-0.0000
					-22.6062	0.7410	3.2829
				}
				{VolumeView "part3.ply"}
			}
			{bone "part4"
				{parameters "CommonMesh;ID=body;"}
				{animation
					{sequence "break" {file "body_b.anm"} {speed 0.5}}
				}
				{Position -38.6548	-0.2434	6.3019}
				{VolumeView "part4.ply"}
			}
			{bone "part5"
				{Matrix34
					0.9886	-0.0853	-0.1244
					-0.1392	-0.1995	-0.9699
					0.0579	0.9762	-0.2091
					6.4115	-5.1877	13.2531
				}
				{VolumeView "part5.ply"}
			}
			{bone "engine"
				{Matrix34
					0.0000	-0.0000	1.0000
					-0.0000	-1.0000	0.0000
					1.0000	-0.0000	0.0000
					42.9904	-9.4326	-9.7906
				}
			}
		}
		{bone "WheelsR"
			{parameters "ID=trackright;"}
			{Matrix34
				-1.0000	-0.0000	-0.0000
				0.0000	-0.0000	1.0000
				0.0000	-1.0000	-0.0000
				-0.0225	-23.8293	12.2310
			}
			{VolumeView "WheelsR.ply"}
		}
	}
}
{Volume "part5"
	{Cylinder 2.17284 29.4746}
	{Bone "part5"}
	{Matrix34
		0.0375	-0.0336	0.9987
		-0.0215	-0.9992	-0.0329
		0.9991	-0.0202	-0.0382
		0.0626	0.0118	-0.0624
	}
}
{Volume "part4"
	{Polyhedron "part4.vol"}
	{Bone "part4"}
	{Matrix34
		0.9996	-0.0243	0.0121
		0.0237	0.9987	0.0444
		-0.0132	-0.0441	0.9989
		-1.0628	0.1575	-12.8418
	}
}
{Volume "part3"
	{Box 28.6626 5.67713 2.76656}
	{Bone "part3"}
	{Matrix34
		0.9998	-0.0094	0.0159
		-0.0162	-0.0332	0.9993
		-0.0088	-0.9994	-0.0333
		-0.4307	0.0584	0.0850
	}
}
{Volume "part2"
	{Polyhedron "part2.vol"}
	{Bone "part2"}
	{Matrix34
		0.7732	-0.0234	-0.6337
		0.0533	0.9982	0.0282
		0.6319	-0.0556	0.7731
		-16.3906	1.2593	3.3277
	}
}
{Volume "part1"
	{Box 40.2522 3.17227 27.3077}
	{Bone "part1"}
	{Matrix34
		0.9905	-0.0151	0.1368
		-0.0044	0.9900	0.1409
		-0.1376	-0.1402	0.9805
		-1.7399	2.1135	0.4512
	}
}
{Volume "Body"
	{Polyhedron "Body.vol"}
	{Bone "body"}
	{Position -0.4918	-0.2036	-23.2111}
}
{Volume "body2"
	{Polyhedron "body2.vol"}
	{Bone "body"}
	{Position -22.8136	-0.2036	2.3935}
}
{Volume "gun"
	{Cylinder 3.95037 89.8016}
	{Bone "gun"}
	{Matrix34
		0.0000	0.0000	-1.0000
		0.0006	1.0000	0.0000
		1.0000	-0.0006	0.0000
		40.8700	-0.0624	0.6093
	}
}
