;Exported by: ubrashaev
;Date:        Fri Apr 02 13:11:29 2004
;File:        D:\-Projects-\-work-\3d\construction\e-house24\corner3_x.max
{Skeleton
	{animation
		{sequence "crush" {speed 0.4}}
	}
	{bone "e_house24_corner4"
		{Orientation
			1.0000	0.0000	0.0000
			0.0000	-1.0000	0.0000
			0.0000	0.0000	1.0000
		}
		{VolumeView "e_house24_corner4.ply"}
		{bone "piece1"
			{Matrix34
				-0.0000	1.0000	-0.0000
				0.0000	-0.0000	-1.0000
				-1.0000	-0.0000	-0.0000
				23.8848	-45.2155	65.4676
			}
			{VolumeView "piece1.ply"}
		}
		{bone "piece2"
			{Matrix34
				-0.0000	1.0000	0.0000
				0.0000	0.0000	-1.0000
				-1.0000	-0.0000	-0.0000
				19.8220	-48.7451	101.5479
			}
			{VolumeView "piece2.ply"}
		}
		{bone "piece3"
			{Matrix34
				-0.0000	1.0000	0.0000
				0.0000	0.0000	-1.0000
				-1.0000	-0.0000	-0.0000
				37.6130	-18.6818	103.4230
			}
			{VolumeView "piece3.ply"}
		}
		{bone "piece4"
			{Matrix34
				-0.0000	1.0000	0.0000
				0.0000	0.0000	-1.0000
				-1.0000	-0.0000	-0.0000
				48.2493	27.1176	73.2397
			}
			{VolumeView "piece4.ply"}
		}
		{bone "piece5"
			{Matrix34
				-0.0000	1.0000	0.0000
				0.0000	0.0000	-1.0000
				-1.0000	-0.0000	-0.0000
				48.2493	55.8997	103.5865
			}
			{VolumeView "piece5.ply"}
		}
		{bone "piece10"
			{Position 17.9983	-7.2752	59.9508}
			{VolumeView "piece10.ply"}
		}
		{bone "piece6"
			{Position 21.1806	68.9322	73.4907}
			{VolumeView "piece6.ply"}
		}
		{bone "piece7"
			{Position -9.6865	68.9322	91.2387}
			{VolumeView "piece7.ply"}
		}
		{bone "piece8"
			{Position 11.9709	68.9322	141.1017}
			{VolumeView "piece8.ply"}
		}
		{bone "piece9"
			{Position -12.8441	68.9322	148.2642}
			{VolumeView "piece9.ply"}
		}
		{bone "fx_wood1a"
			{Position 32.2539	-36.6149	21.9896}
		}
		{bone "roof"
			{parameters "CommonMesh;"}
			{Position 15.9368	3.8004	105.0144}
			{VolumeView "roof.ply"}
		}
	}
}
{Volume "piece9"
	{Box 22.5955 5.24066 59.6035}
	{Bone "piece9"}
	{Matrix34
		0.8192	0.0000	-0.5736
		0.0000	1.0000	0.0000
		0.5736	0.0000	0.8192
		-5.4763	0.0000	-0.7125
	}
}
{Volume "piece8"
	{Box 15.8473 5.24066 45.268}
	{Bone "piece8"}
	{Matrix34
		0.9063	0.0000	0.4226
		0.0000	1.0000	0.0000
		-0.4226	0.0000	0.9063
		0.4011	0.0000	-1.6543
	}
}
{Volume "piece7"
	{Box 26.911 5.24066 23.6674}
	{Bone "piece7"}
	{Matrix34
		0.7660	0.0000	-0.6428
		0.0000	1.0000	0.0000
		0.6428	0.0000	0.7660
		-1.5898	0.0000	1.9740
	}
}
{Volume "piece6"
	{Box 16.6319 5.24066 42.6153}
	{Bone "piece6"}
	{Matrix34
		0.9962	0.0000	-0.0872
		0.0000	1.0000	0.0000
		0.0872	0.0000	0.9962
		0.7127	0.0000	0.0811
	}
}
{Volume "piece10"
	{Box 35.7725 54.6842 2.77996}
	{Bone "piece10"}
	{Matrix34
		0.9063	0.4226	0.0000
		-0.4226	0.9063	0.0000
		0.0000	0.0000	1.0000
		-7.5668	6.0412	1.3900
	}
}
{Volume "piece5"
	{Box 7.58533 29.9647 28.2179}
	{Bone "piece5"}
	{Matrix34
		0.0000	-0.0000	-1.0000
		1.0000	-0.0000	0.0000
		-0.0000	-1.0000	0.0000
		0.7066	-0.4148	-0.0000
	}
}
{Volume "piece4"
	{Box 7.58533 33.4912 31.5743}
	{Bone "piece4"}
	{Matrix34
		0.0000	-0.0000	-1.0000
		1.0000	-0.0000	0.0000
		-0.0000	-1.0000	0.0000
		-0.3548	2.4003	0.0000
	}
}
{Volume "piece3"
	{Box 8.86656 35.1063 29.3139}
	{Bone "piece3"}
	{Matrix34
		-0.4226	0.0000	-0.9063
		0.9063	-0.0000	-0.4226
		-0.0000	-1.0000	-0.0000
		0.4810	-0.0303	-8.5178
	}
}
{Volume "piece2"
	{Box 6.99024 17.8847 28.3824}
	{Bone "piece2"}
	{Matrix34
		-0.7071	0.0000	-0.7071
		0.7071	-0.0000	-0.7071
		-0.0000	-1.0000	-0.0000
		-0.4289	-2.3712	2.1005
	}
}
{Volume "piece1"
	{Box 8.95702 8.98903 37.3155}
	{Bone "piece1"}
	{Matrix34
		0.6830	-0.2588	-0.6830
		0.7071	-0.0000	0.7071
		-0.1830	-0.9659	0.1830
		0.3087	2.1701	1.8319
	}
}
