;Exported by: shevchenko
;Date:        Sun Apr 18 14:38:04 2004
;File:        D:\-Projects-\-3DWork-\sheva\SK\build-05x.max
{Skeleton
	{animation
		{sequence "crush" {speed 0.4}}
	}
	{bone "build-05_corner2_x"
		{parameters "CommonMesh;"}
		{Orientation
			1.0000	0.0000	0.0000
			0.0000	-1.0000	0.0000
			0.0000	0.0000	1.0000
		}
		{VolumeView "build-05_corner2_x.ply"}
		{bone "Piece13"
			{Matrix34
				0.0000	-1.0000	0.0000
				-0.0000	-0.0000	1.0000
				-1.0000	-0.0000	-0.0000
				60.0394	-43.3173	102.2916
			}
			{VolumeView "Piece13.ply"}
		}
		{bone "Piece14"
			{Matrix34
				0.0000	-1.0000	0.0000
				-0.0000	-0.0000	1.0000
				-1.0000	-0.0000	-0.0000
				60.0394	-20.6333	75.5180
			}
			{VolumeView "Piece14.ply"}
		}
		{bone "Piece12"
			{Matrix34
				0.0000	-1.0000	0.0000
				-0.0000	-0.0000	1.0000
				-1.0000	-0.0000	-0.0000
				60.0394	-49.6707	129.0045
			}
			{VolumeView "Piece12.ply"}
		}
		{bone "Piece4"
			{Matrix34
				1.0000	0.0000	0.0000
				0.0000	-0.0000	1.0000
				0.0000	-1.0000	-0.0000
				55.1181	53.1496	84.9539
			}
			{VolumeView "Piece4.ply"}
		}
		{bone "Piece6"
			{Matrix34
				1.0000	0.0000	0.0000
				0.0000	-0.0000	1.0000
				0.0000	-1.0000	-0.0000
				-48.7060	53.1496	89.2108
			}
			{VolumeView "Piece6.ply"}
		}
		{bone "Piece9"
			{Matrix34
				0.0000	-1.0000	0.0000
				-0.0000	-0.0000	1.0000
				-1.0000	-0.0000	-0.0000
				60.0394	-0.4181	143.8248
			}
			{VolumeView "Piece9.ply"}
		}
		{bone "Piece5"
			{Matrix34
				1.0000	0.0000	0.0000
				0.0000	-0.0000	1.0000
				0.0000	-1.0000	-0.0000
				4.4213	53.1496	86.9074
			}
			{VolumeView "Piece5.ply"}
		}
		{bone "Piece1"
			{Matrix34
				1.0000	0.0000	0.0000
				0.0000	-0.0000	1.0000
				0.0000	-1.0000	-0.0000
				46.6519	53.1496	106.3691
			}
			{VolumeView "Piece1.ply"}
		}
		{bone "Piece3"
			{Matrix34
				1.0000	0.0000	0.0000
				0.0000	-0.0000	1.0000
				0.0000	-1.0000	-0.0000
				-45.5918	53.1496	108.8137
			}
			{VolumeView "Piece3.ply"}
		}
		{bone "Piece2"
			{Matrix34
				1.0000	0.0000	0.0000
				0.0000	-0.0000	1.0000
				0.0000	-1.0000	-0.0000
				4.9010	53.1496	109.2820
			}
			{VolumeView "Piece2.ply"}
		}
		{bone "Piece7"
			{Matrix34
				0.4226	0.0000	0.9063
				-0.9063	-0.0000	0.4226
				0.0000	-1.0000	-0.0000
				21.3960	53.1496	51.5635
			}
			{VolumeView "Piece7.ply"}
		}
		{bone "Piece8"
			{Matrix34
				-0.0000	-1.0000	0.0000
				-0.0000	0.0000	1.0000
				-1.0000	0.0000	-0.0000
				60.0394	-39.7633	155.6386
			}
			{VolumeView "Piece8.ply"}
		}
		{bone "Piece10"
			{Matrix34
				0.0000	-1.0000	0.0000
				-0.0000	-0.0000	1.0000
				-1.0000	-0.0000	-0.0000
				60.0394	34.9715	127.1259
			}
			{VolumeView "Piece10.ply"}
		}
		{bone "Piece11"
			{Matrix34
				0.0000	-1.0000	0.0000
				-0.0000	-0.0000	1.0000
				-1.0000	-0.0000	-0.0000
				60.0394	29.9440	83.3558
			}
			{VolumeView "Piece11.ply"}
		}
	}
}
{Volume "Piece11"
	{Box 9.84252 15.0997 31.9574}
	{Bone "Piece11"}
	{Matrix34
		0.0000	0.0000	1.0000
		1.0000	-0.0000	-0.0000
		0.0000	1.0000	-0.0000
		-2.3233	-0.3081	-0.0839
	}
}
{Volume "Piece10"
	{Box 9.84252 27.5377 14.9721}
	{Bone "Piece10"}
	{Matrix34
		0.0000	0.0000	1.0000
		-0.9063	-0.4226	0.0000
		0.4226	-0.9063	0.0000
		0.8227	-1.9491	-0.0839
	}
}
{Volume "Piece8"
	{Box 9.84252 40.8673 10.9454}
	{Bone "Piece8"}
	{Matrix34
		0.0000	0.0000	1.0000
		0.9063	-0.4226	-0.0000
		0.4226	0.9063	-0.0000
		1.7640	0.1328	-0.0839
	}
}
{Volume "Piece7"
	{Box 9.84252 22.7387 21.5925}
	{Bone "Piece7"}
	{Matrix34
		0.0000	0.0000	-1.0000
		-0.1736	0.9848	0.0000
		0.9848	0.1736	0.0000
		0.8217	1.8536	-0.3222
	}
}
{Volume "Piece2"
	{Box 9.84252 24.0478 16.3719}
	{Bone "Piece2"}
	{Matrix34
		0.0000	0.0000	1.0000
		1.0000	-0.0000	-0.0000
		0.0000	1.0000	-0.0000
		-0.2554	0.6016	-0.2885
	}
}
{Volume "Piece3"
	{Box 9.84252 35.0174 17.7221}
	{Bone "Piece3"}
	{Matrix34
		-0.0000	-0.0000	1.0000
		1.0000	-0.0000	0.0000
		0.0000	1.0000	0.0000
		-1.4538	0.1601	-0.2885
	}
}
{Volume "Piece1"
	{Box 9.84252 30.3002 21.1197}
	{Bone "Piece1"}
	{Matrix34
		-0.0000	-0.0000	1.0000
		1.0000	-0.0000	0.0000
		0.0000	1.0000	0.0000
		2.6086	1.1552	-0.2885
	}
}
{Volume "Piece5"
	{Box 9.84252 22.7387 21.5925}
	{Bone "Piece5"}
	{Matrix34
		0.0000	0.0000	-1.0000
		-0.9962	0.0872	0.0000
		0.0872	0.9962	0.0000
		-0.4356	-0.5396	-0.3222
	}
}
{Volume "Piece9"
	{Box 9.84252 30.5974 17.6143}
	{Bone "Piece9"}
	{Matrix34
		0.0000	0.0000	1.0000
		-0.9397	-0.3420	0.0000
		0.3420	-0.9397	0.0000
		-0.7034	-2.3897	-0.0839
	}
}
{Volume "Piece6"
	{Box 9.84252 19.9599 17.7221}
	{Bone "Piece6"}
	{Matrix34
		-0.0000	-0.0000	1.0000
		0.9962	0.0872	0.0000
		-0.0872	0.9962	0.0000
		0.7832	-0.2682	-0.2885
	}
}
{Volume "Piece4"
	{Box 9.84252 19.3922 21.1197}
	{Bone "Piece4"}
	{Matrix34
		-0.0000	-0.0000	1.0000
		1.0000	-0.0000	0.0000
		0.0000	1.0000	0.0000
		0.2141	0.1252	-0.2885
	}
}
{Volume "Piece12"
	{Box 9.84252 17.4603 23.1403}
	{Bone "Piece12"}
	{Matrix34
		0.0000	0.0000	1.0000
		0.9659	-0.2588	-0.0000
		0.2588	0.9659	-0.0000
		0.1557	-1.3155	-0.0839
	}
}
{Volume "Piece14"
	{Box 9.84252 29.4035 25.1633}
	{Bone "Piece14"}
	{Matrix34
		0.0000	0.0000	1.0000
		1.0000	-0.0000	-0.0000
		0.0000	1.0000	-0.0000
		1.9160	-1.2978	-0.0839
	}
}
{Volume "Piece13"
	{Box 9.84252 19.6184 24.1045}
	{Bone "Piece13"}
	{Matrix34
		0.0000	0.0000	1.0000
		0.1736	-0.9848	0.0000
		0.9848	0.1736	-0.0000
		3.0540	4.8495	-0.0839
	}
}
