{Skeleton
	{animation
		{sequence "start"}
		{sequence "stop"}
	}
	{bone "Basis"
		{parameters "WheelRadius=0.5;SteerMax=30;"}
		{Orientation
			1.0000	0.0000	0.0000
			0.0000	-1.0000	0.0000
			0.0000	0.0000	1.0000
		}
		{bone "Body"
			{parameters "ID=body;"}
			{Position 0.2965	-0.6054	9.9601}
			{VolumeView "Body.ply"}
			{bone "FXfire1"
				{Matrix34
					0.0000	1.0000	0.0000
					-1.0000	0.0000	0.0000
					0.0000	0.0000	1.0000
					32.5528	0.1307	12.7940
				}
			}
			{bone "FXsmoke1"
				{Matrix34
					-0.1218	-0.9010	-0.4162
					-0.9925	0.1104	0.0515
					-0.0004	0.4194	-0.9077
					33.4718	-16.4861	3.0735
				}
			}
			{bone "seat05"
				{Matrix34
					0.0000	0.9848	0.1736
					-1.0000	0.0000	0.0000
					0.0000	-0.1736	0.9848
					-44.4397	-8.5655	2.8969
				}
			}
			{bone "seat06"
				{Matrix34
					0.0000	0.9848	0.1736
					-1.0000	0.0000	0.0000
					0.0000	-0.1736	0.9848
					-33.3599	-8.5655	2.8969
				}
			}
			{bone "seat07"
				{Matrix34
					0.0000	0.9848	0.1736
					-1.0000	0.0000	0.0000
					0.0000	-0.1736	0.9848
					-22.3806	-8.5655	2.8969
				}
			}
			{bone "seat08"
				{Matrix34
					0.0000	0.9848	0.1736
					-1.0000	0.0000	0.0000
					0.0000	-0.1736	0.9848
					-55.9345	-8.5655	2.8969
				}
			}
			{bone "seat10"
				{Matrix34
					0.0000	0.9848	0.1736
					-1.0000	0.0000	0.0000
					0.0000	-0.1736	0.9848
					-11.4397	-8.5655	2.8969
				}
			}
			{bone "driver"
				{Matrix34
					0.9362	0.0000	0.3516
					0.0000	1.0000	0.0000
					-0.3516	0.0000	0.9362
					22.9160	-9.5786	1.0884
				}
			}
			{bone "engine"
				{parameters "ID=engine;"}
				{Position 44.5088	0.0322	12.4747}
				{VolumeView "engine.ply"}
			}
			{bone "seat04"
				{Matrix34
					-0.0012	-0.9848	0.1736
					1.0000	-0.0012	0.0000
					0.0002	0.1736	0.9848
					-42.3792	8.5047	2.8969
				}
			}
			{bone "seat03"
				{Matrix34
					-0.0012	-0.9848	0.1736
					1.0000	-0.0012	0.0000
					0.0002	0.1736	0.9848
					-32.2024	8.5047	2.8969
				}
			}
			{bone "seat02"
				{Matrix34
					-0.0012	-0.9848	0.1736
					1.0000	-0.0012	0.0000
					0.0002	0.1736	0.9848
					-20.6095	8.5047	2.8969
				}
			}
			{bone "seat01"
				{Matrix34
					-0.0012	-0.9848	0.1736
					1.0000	-0.0012	0.0000
					0.0002	0.1736	0.9848
					-9.3447	8.5047	2.8969
				}
			}
			{bone "seat09"
				{Matrix34
					-0.0012	-0.9848	0.1736
					1.0000	-0.0012	0.0000
					0.0002	0.1736	0.9848
					-53.3792	8.5047	2.8969
				}
			}
			{bone revolute "turret"
				{parameters "ID=turret;"}
				{limits -0.0000 0.0000}
				{Matrix34
					0.9999	-0.0158	0.0000
					0.0158	0.9999	0.0000
					0.0000	0.0000	1.0000
					-17.9762	0.0000	24.8582
				}
				{bone "gunner"
					{Position 33.9085	8.0510	-12.6301}
				}
				{bone "Visor1"
					{Position 44.0224	0.1089	6.0122}
				}
				{bone revolute "gun_rot"
					{limits -40.0000 40.0000}
					{speed 0.0500}
					{Matrix34
						0.9999	0.0158	0.0000
						-0.0158	0.9999	0.0000
						0.0000	0.0000	1.0000
						40.0751	9.8093	10.3937
					}
					{bone revolute "MGun"
						{parameters "ID=body;"}
						{limits -10.0000 15.0000}
						{speed 0.0500}
						{Matrix34
							0.9999	-0.0158	0.0017
							-0.0017	0.0000	1.0000
							-0.0158	-0.9999	0.0000
							0.0698	0.1260	0.9789
						}
					}
				}
			}
			{bone "Visor2"
				{Position 19.2160	7.5968	22.4105}
			}
			{bone revolute "wheelL2"
				{parameters "ID=wheelleft2;"}
				{Matrix34
					-1.0000	0.0000	0.0000
					0.0000	0.0000	1.0000
					0.0000	1.0000	0.0000
					22.7693	-0.1453	-1.9439
				}
				{VolumeView "wheelL2.ply"}
			}
			{bone revolute "wheelR2"
				{parameters "ID=wheelright2;"}
				{Matrix34
					-0.7071	0.0000	0.7071
					0.7071	0.0000	0.7071
					0.0000	-1.0000	0.0000
					-56.6668	-0.5155	-1.0317
				}
				{VolumeView "wheelR2.ply"}
			}
			{bone "Visor3"
				{Matrix34
					0.9999	-0.0158	0.0000
					0.0158	0.9999	0.0000
					0.0000	0.0000	1.0000
					-20.2025	0.0649	30.5891
				}
			}
		}
		{bone "pivot_front"
			{Position 45.2624	-0.4769	10.9543}
			{bone revolute "steer_R1"
				{Matrix34
					1.0000	0.0000	0.0000
					0.0000	-1.0000	0.0000
					0.0000	0.0000	-1.0000
					2.5370	-13.1632	-0.1690
				}
				{bone revolute "wheelR1"
					{parameters "ID=wheelright1;"}
					{Matrix34
						0.0000	0.0000	-1.0000
						1.0000	0.0000	0.0000
						0.0000	-1.0000	0.0000
						1.2000	2.3741	1.6402
					}
					{VolumeView "wheelR1.ply"}
				}
			}
			{bone revolute "steer_L1"
				{Matrix34
					1.0000	0.0000	0.0000
					0.0000	-1.0000	0.0000
					0.0000	0.0000	-1.0000
					2.5370	12.9952	-0.1690
				}
				{bone revolute "wheelL1"
					{parameters "ID=wheelleft1;"}
					{Matrix34
						0.0000	0.0000	-1.0000
						1.0000	0.0000	0.0000
						0.0000	-1.0000	0.0000
						1.2000	-3.4684	1.5902
					}
					{VolumeView "wheelL1.ply"}
				}
			}
		}
		{bone "Pivot_back"
			{Position -27.6406	0.0037	7.2853}
			{bone revolute "spring_L"
				{Matrix34
					1.0000	0.0000	0.0000
					0.0000	0.0175	0.9998
					0.0000	-0.9998	0.0175
					0.1990	11.9811	1.9186
				}
				{bone revolute "wheelL4"
					{parameters "ID=wheelleft4;"}
					{Matrix34
						-1.0000	0.0000	0.0000
						0.0000	1.0000	0.0000
						0.0000	0.0000	-1.0000
						21.3543	-3.7032	12.1897
					}
					{VolumeView "wheelL4.ply"}
				}
				{bone revolute "wheelL3"
					{parameters "ID=wheelleft3;"}
					{Matrix34
						-1.0000	0.0000	0.0000
						0.0000	1.0000	0.0000
						0.0000	0.0000	-1.0000
						37.2618	-3.8625	11.9803
					}
					{VolumeView "wheelL3.ply"}
				}
				{bone "TrackL"
					{parameters "CommonMesh;ID=trackleft;"}
					{Matrix34
						-1.0000	0.0037	0.0001
						0.0000	-0.0175	0.9998
						0.0037	0.9998	0.0175
						19.7654	-8.4522	-4.6277
					}
					{VolumeView "TrackL.ply"}
					{bone "FXtraceL1"
						{Matrix34
							1.0000	0.0000	-0.0037
							0.0000	1.0000	0.0000
							0.0037	0.0000	1.0000
							36.0534	-0.9627	2.5434
						}
					}
				}
			}
			{bone revolute "spring_R"
				{Matrix34
					1.0000	0.0000	0.0000
					0.0000	0.0175	0.9998
					0.0000	-0.9998	0.0175
					0.1990	-12.0706	2.3384
				}
				{bone revolute "wheelR4"
					{parameters "ID=wheelright4;"}
					{Matrix34
						-1.0000	0.0000	0.0000
						0.0000	1.0000	0.0000
						0.0000	0.0000	-1.0000
						-14.0423	-3.8783	-12.1498
					}
					{VolumeView "wheelR4.ply"}
				}
				{bone revolute "wheelR3"
					{parameters "ID=wheelright3;"}
					{Matrix34
						-1.0000	0.0000	0.0000
						0.0000	1.0000	0.0000
						0.0000	0.0000	-1.0000
						1.5354	-3.8351	-11.8260
					}
					{VolumeView "wheelR3.ply"}
				}
				{bone "TrackR"
					{parameters "CommonMesh;ID=trackright;"}
					{Matrix34
						-1.0000	0.0037	0.0001
						0.0000	-0.0175	0.9998
						0.0037	0.9998	0.0175
						19.8746	-8.9367	5.5195
					}
					{VolumeView "TrackR.ply"}
					{bone "FXtraceR1"
						{Matrix34
							1.0000	0.0000	-0.0037
							0.0000	1.0000	0.0000
							0.0037	0.0000	1.0000
							36.0534	-1.0859	2.5434
						}
					}
				}
			}
			{bone "FXTraceL2"
				{Matrix34
					-0.8932	0.0060	0.4497
					-0.0067	-1.0000	0.0000
					0.4497	-0.0030	0.8932
					-19.9981	16.4190	-5.6616
				}
			}
			{bone "FXTraceR2"
				{Matrix34
					-0.8932	0.0060	0.4497
					-0.0067	-1.0000	0.0000
					0.4497	-0.0030	0.8932
					-19.8090	-16.1538	-5.5664
				}
			}
		}
		{bone "emit1"
			{parameters "Group=crew;"}
			{Matrix34
				0.0000	1.0000	0.0000
				-1.0000	0.0000	0.0000
				0.0000	0.0000	1.0000
				8.0852	-42.3357	0.0000
			}
			{visibility 0}
		}
		{bone "emit2"
			{parameters "Group=crew;"}
			{Matrix34
				0.0000	-1.0000	0.0000
				1.0000	0.0000	0.0000
				0.0000	0.0000	1.0000
				8.0852	41.5818	0.0000
			}
			{visibility 0}
		}
		{bone "emit3"
			{parameters "Group=passengers;"}
			{Matrix34
				0.0000	-1.0000	0.0000
				1.0000	0.0000	0.0000
				0.0000	0.0000	1.0000
				-10.6148	41.5818	0.0000
			}
			{visibility 0}
		}
		{bone "emit4"
			{parameters "Group=passengers;"}
			{Matrix34
				0.0000	-1.0000	0.0000
				1.0000	0.0000	0.0000
				0.0000	0.0000	1.0000
				-29.3891	41.5818	0.0000
			}
			{visibility 0}
		}
		{bone "emit5"
			{parameters "Group=passengers;"}
			{Matrix34
				0.0000	-1.0000	0.0000
				1.0000	0.0000	0.0000
				0.0000	0.0000	1.0000
				-47.8225	41.5818	0.0000
			}
			{visibility 0}
		}
		{bone "emit6"
			{parameters "Group=passengers;"}
			{Position -78.7505	8.4160	0.0000}
			{visibility 0}
		}
		{bone "emit7"
			{parameters "Group=passengers;"}
			{Position -78.7505	-10.1662	0.0000}
			{visibility 0}
		}
		{bone "emit8"
			{parameters "Group=passengers;"}
			{Matrix34
				0.0000	1.0000	0.0000
				-1.0000	0.0000	0.0000
				0.0000	0.0000	1.0000
				-47.8225	-42.3328	0.0000
			}
			{visibility 0}
		}
		{bone "emit9"
			{parameters "Group=passengers;"}
			{Matrix34
				0.0000	1.0000	0.0000
				-1.0000	0.0000	0.0000
				0.0000	0.0000	1.0000
				-29.3891	-42.3328	0.0000
			}
			{visibility 0}
		}
		{bone "emit10"
			{parameters "Group=passengers;"}
			{Matrix34
				0.0000	1.0000	0.0000
				-1.0000	0.0000	0.0000
				0.0000	0.0000	1.0000
				-10.6148	-42.3328	0.0000
			}
			{visibility 0}
		}
	}
}
{Volume "trackright"
	{Box 90.8542 5.49797 15.0824}
	{Bone "spring_R"}
	{Matrix34
		1.0000	0.0029	0.0001
		0.0000	0.0175	-0.9998
		-0.0029	0.9998	0.0175
		10.6780	-2.0624	5.5138
	}
}
{Volume "trackleft"
	{Box 90.7351 5.60793 15.0824}
	{Bone "spring_L"}
	{Matrix34
		1.0000	0.0033	0.0001
		0.0000	0.0175	-0.9998
		-0.0033	0.9998	0.0175
		10.6827	-1.5083	-5.0793
	}
}
{Volume "wheelleft1"
	{Cylinder 9.51178 4.47757}
	{Bone "WheelL1"}
	{Matrix34
		0.0000	-1.0000	0.0000
		1.0000	0.0000	0.0000
		0.0000	0.0000	1.0000
		-0.0468	0.1019	0.1285
	}
}
{Volume "wheelright1"
	{Cylinder 9.51178 4.47757}
	{Bone "WheelR1"}
	{Matrix34
		0.0000	-1.0000	0.0000
		1.0000	0.0000	0.0000
		0.0000	0.0000	1.0000
		-0.0468	0.1019	0.1843
	}
}
{Volume "inventory"
	{Box 20.2444 23.2817 10.027}
	{Bone "Body"}
	{Matrix34
		0.0000	1.0000	0.0000
		-1.0000	0.0000	0.0000
		0.0000	0.0000	1.0000
		0.2306	0.0787	4.0248
	}
}
{Volume "engine"
	{Polyhedron "engine.vol"}
	{Bone "engine"}
	{Matrix34
		0.9532	0.0000	0.0000
		0.0000	0.8555	0.0000
		0.0000	0.0000	0.8054
		-3.1400	0.3422	-4.0270
	}
}
{Volume "fuel"
	{Box 20.2444 23.2817 6.04035}
	{Bone "Body"}
	{Matrix34
		0.0000	1.0000	0.0000
		-1.0000	0.0000	0.0000
		0.0000	0.0000	1.0000
		-25.6894	0.0787	2.0315
	}
}
{Volume "body1"
	{Box 75.2444 39.2817 23.04035}
	{Bone "body"}
	{Matrix34
		1.0000	0.0000	0.0000
		0.0000	1.0000	0.0000
		0.0000	0.0000	1.0000
		-25.6894	0.0787	14.0315
	}
}
{Volume "body2"
	{Box 18.2444 39.2817 30.04035}
	{Bone "body"}
	{Matrix34
		1.0000	0.0000	0.0000
		0.0000	1.0000	0.0000
		0.0000	0.0000	1.0000
		20.9106	0.0787	16.3315
	}
}
