;MDL File generated by SOEdit
;Model created by: <St.(Andrey)>
;PLY Geometry by: <insert modeler name>
;VOL Geometry by: <insert modeler name>
{Skeleton
     {bone "Basis"
        {Orientation
            1.0000 0.0000 0.0000
            0.0000 -1.0000 0.0000
            0.0000 0.0000 1.0000
        }
        {bone "Body"
            {parameters "ID=body;"}
            {Position -1.4430 -0.0347 22.0793}
            {VolumeView "Body.ply"}
            {bone "FXfire1"
                {Matrix34
                    0.0000 0.0000 1.0000
                    0.0000 -1.0000 0.0000
                    1.0000 0.0000 0.0000
                    -30.6675 0.1415 13.6521
                }
            }
            {bone "FXshot"
                {Matrix34
                    0.0000 0.0000 1.0000
                    0.0000 -1.0000 0.0000
                    1.0000 0.0000 0.0000
                    -0.7917 0.1415 3.7598
                }
            }
            {bone "FXsmoke2"
                {Matrix34
                    -0.9890 0.0000 0.1478
                    0.0000 -1.0000 0.0000
                    0.1478 0.0000 0.9890
                    -48.3745 12.6289 -5.8077
                }
            }
            {bone "FXsmoke1"
                {Matrix34
                    -0.9890 0.0000 0.1478
                    0.0000 -1.0000 0.0000
                    0.1478 0.0000 0.9890
                    -48.3745 -13.0563 -5.8077
                }
            }
            {bone revolute "WheelL1"
                {parameters "ID=trackleft;"}
                {Matrix34
                    -0.9970 0.0000 -0.0768
                    -0.0768 0.0000 0.9970
                    0.0000 1.0000 0.0000
                    50.9408 26.7657 -7.4152
                }
                {VolumeView "WheelL1.ply"}
            }
            {bone revolute "WheelR1"
                {parameters "ID=trackright;"}
                {Matrix34
                    -0.9970 0.0000 -0.0768
                    -0.0768 0.0000 0.9970
                    0.0000 -1.0000 0.0000
                    50.9408 -27.2923 -7.4152
                }
                {VolumeView "WheelR1.ply"}
            }
            {bone revolute "WheelR2"
                {parameters "ID=trackright;"}
                {Matrix34
                    -0.9970 0.0000 -0.0768
                    -0.0768 0.0000 0.9970
                    0.0000 -1.0000 0.0000
                    -45.5539 -27.2923 -7.4152
                }
                {VolumeView "WheelR2.ply"}
            }
            {bone revolute "WheelL2"
                {parameters "ID=trackleft;"}
                {Matrix34
                    -0.9970 0.0000 -0.0768
                    -0.0768 0.0000 0.9970
                    0.0000 1.0000 0.0000
                    -45.5539 26.7657 -7.4152
                }
                {VolumeView "WheelL2.ply"}
            }
            {bone "Visor2"
                {Position 33.9615 12.6997 16.2118}
            }
            {bone "engine"
                {Matrix34
                    0.0000 0.0000 1.0000
                    0.0000 -1.0000 0.0000
                    1.0000 0.0000 0.0000
                    -33.4278 -0.3452 -0.4269
                }
            }
            {bone "gunner"
                {Matrix34
                    -0.0157 -0.9998 0.0000
                    0.9998 -0.0157 0.0000
                    0.0000 0.0000 1.0000
                    -48.8229 17.1107 5.2742
                }
            }
            {bone "commander"
                {Matrix34
                    0.9982 -0.0240 0.0553
                    0.0239 0.9997 0.0035
                    -0.0553 -0.0023 0.9985
                    -24.5511 17.7949 8.8753
                }
            }
            {bone "seat04"
                {Matrix34
                    0.4226 -0.9063 0.0000
                    0.9063 0.4226 0.0000
                    0.0000 0.0000 1.0000
                    -31.2322 -23.2083 4.7541
                }
            }
            {bone "charger"
                {Matrix34
                    0.0419 0.9991 0.0000
                    -0.9991 0.0419 0.0000
                    0.0000 0.0000 1.0000
                    -45.9261 -13.1410 5.6992
                }
            }
            {bone "Cower"
                {parameters "ID=Body;"}
                {Matrix34
                    1.0000 0.0000 0.0000
                    0.0000 -0.9659 -0.2588
                    0.0000 0.2588 -0.9659
                    24.7398 19.3025 15.2474
                }
                {VolumeView "Cower.ply"}
            }
            {bone "FXfire2"
                {Matrix34
                    0.0000 0.0000 1.0000
                    0.0000 -1.0000 0.0000
                    1.0000 0.0000 0.0000
                    -5.7449 -8.6383 14.9288
                }
            }
            {bone "Visor1"
                {Position 7.3183 -10.3752 16.0201}
            }
            {bone revolute "turret"
                {limits -15.0000 15.0000}
                {speed 0.0020}
                {Matrix34
                    1.0000 0.0000 0.0000
                    0.0000 1.0000 0.0017
                    0.0000 -0.0017 1.0000
                    -14.2000 1.1436 -21.9077
                }
                {VolumeView "turret.ply"}
                {bone revolute "gun_rot"
                    {parameters "ID=gun;"}
                    {limits -5.0000 55.0000}
                    {speed 0.0020}
                    {Matrix34
                        1.0000 0.0000 0.0000
                        0.0000 0.0000 1.0000
                        0.0000 -1.0000 0.0000
                        8.3115 1.0328 51.1033
                    }
                    {VolumeView "gun_rot.ply"}
                    {bone "gun"
                        {parameters "ID=gun;"}
                        {Matrix34
                            -1.0000 0.0000 0.0000
                            0.0000 1.0000 0.0000
                            0.0000 0.0000 -1.0000
                            21.5830 0.5040 0.6567
                        }
                        {VolumeView "gun.ply"}
                        {bone "Foresight1"
                            {Matrix34
                                -1.0000 0.0000 0.0000
                                0.0000 -0.0012 1.0000
                                0.0000 1.0000 0.0012
                                -76.8062 -0.5119 0.5000
                            }
                        }
                    }
                }
            }
        }
        {bone "WheelsL"
            {parameters "ID=trackleft;"}
            {animation
				{sequence "break" {file "trackL.anm"} {speed 0.6}}
			}
            {Matrix34
                -1.0000 0.0000 0.0000
                0.0000 0.0000 1.0000
                0.0000 1.0000 0.0000
                -5.6604 20.5032 11.3966
            }
            {VolumeView "WheelsL.ply"}
            {bone "FXtraceL1"
                {Matrix34
                    1.0000 0.0000 0.0000
                    0.0000 0.0000 -1.0000
                    0.0000 1.0000 0.0000
                    -29.0004 -4.6624 2.4110
                }
            }
            {bone "FXtraceL2"
                {Matrix34
                    0.9397 0.3420 0.0000
                    0.0000 0.0000 -1.0000
                    -0.3420 0.9397 0.0000
                    43.3198 -5.1390 2.4110
                }
            }
            {bone "TrackL"
                {parameters "ID=trackleft;"}
                {Position -6.9483 2.4758 1.6266}
                {VolumeView "TrackL.ply"}
            }
        }
        {bone "WheelsR"
            {parameters "ID=trackright;"}
            {animation
				{sequence "break" {file "trackR.anm"} {speed 0.7}}
			}
            {Matrix34
                -1.0000 0.0000 0.0000
                0.0000 0.0000 1.0000
                0.0000 -1.0000 0.0000
                -5.6604 -20.1576 11.3966
            }
            {VolumeView "WheelsR.ply"}
            {bone "FXtraceR1"
                {Matrix34
                    1.0000 0.0000 0.0000
                    0.0000 0.0000 1.0000
                    0.0000 1.0000 0.0000
                    -29.0004 -4.6624 4.6784
                }
            }
            {bone "FXtraceR2"
                {Matrix34
                    0.9397 0.3420 0.0000
                    0.0000 0.0000 1.0000
                    -0.3420 0.9397 0.0000
                    43.3198 -5.1390 4.6784
                }
            }
            {bone "TrackR"
                {parameters "ID=trackright;"}
                {Position -6.9483 2.4758 2.0471}
                {VolumeView "TrackR.ply"}
            }
        }
        {bone "emit2"
            {Matrix34
                0.0000 1.0000 0.0000
                -1.0000 0.0000 0.0000
                0.0000 0.0000 1.0000
                -16.8495 -49.4155 0.0000
            }
            {visibility 0}
        }
        {bone "emit1"
            {Matrix34
                0.0000 -1.0000 0.0000
                1.0000 0.0000 0.0000
                0.0000 0.0000 1.0000
                -16.8526 50.8759 0.0000
            }
            {visibility 0}
        }
        {bone "emit4"
            {Matrix34
                0.0000 -1.0000 0.0000
                1.0000 0.0000 0.0000
                0.0000 0.0000 1.0000
                -47.9898 49.8917 -0.0139
            }
            {visibility 0}
        }
        {bone "emit3"
            {Matrix34
                0.0000 -1.0000 0.0000
                1.0000 0.0000 0.0000
                0.0000 0.0000 1.0000
                -32.3429 49.8917 -0.0139
            }
            {visibility 0}
        }
        {bone "emit5"
            {Matrix34
                0.0000 1.0000 0.0000
                -1.0000 0.0000 0.0000
                0.0000 0.0000 1.0000
                -48.1521 -48.4313 0.5036
            }
            {visibility 0}
        }
        {bone "emit6"
            {Matrix34
                0.0000 1.0000 0.0000
                -1.0000 0.0000 0.0000
                0.0000 0.0000 1.0000
                -32.9072 -48.4313 1.4086
            }
            {visibility 0}
        }
    }
}
