;Exported by: garry
;Date:        Fri Apr 30 12:17:02 2004
;File:        D:\-Projects-\-3DWork-\Model\Авто-мото\horch\Horch_xx.max
{Skeleton
	{bone "Basis"
		{Orientation
			1.0000	0.0000	0.0000
			0.0000	-1.0000	0.0000
			0.0000	0.0000	1.0000
		}
		{bone "Body"
			{parameters "ID=body;"}
			{Matrix34
				0.0000	1.0000	0.0000
				-1.0000	0.0000	0.0000
				0.0000	0.0000	1.0000
				6.1510	0.0635	18.8147
			}
			{VolumeView "Body.ply"}
			{bone "Engine"
				{parameters "ID=engine;"}
				{VolumeView "Engine.ply"}
			}
			{bone revolute "part1"
				{Matrix34
					0.9954	0.0096	0.0948
					0.0000	0.9949	-0.1005
					-0.0953	0.1000	0.9904
					-15.5634	17.7055	-3.2501
				}
				{VolumeView "part1.ply"}
			}
			{bone "part2"
				{Position 0.0463	30.6023	4.5182}
				{VolumeView "part2.ply"}
			}
		}
		{bone "pivot_back"
			{Matrix34
				-1.0000	0.0000	0.0000
				-0.0000	-1.0000	0.0000
				0.0000	0.0000	1.0000
				-23.1973	-0.2788	11.3254
			}
			{bone "spring_L2"
				{Matrix34
					1.0000	0.0000	-0.0000
					0.0000	-1.0000	0.0000
					-0.0000	-0.0000	-1.0000
					0.0090	-11.3297	-5.5229
				}
				{bone revolute "WheelL2"
					{parameters "ID=wheelleft2;"}
					{Matrix34
						0.4226	-0.0000	-0.9063
						-0.9063	-0.0000	-0.4226
						-0.0000	1.0000	-0.0000
						-0.2668	0.9663	0.7686
					}
					{VolumeView "WheelL2.ply"}
				}
			}
			{bone "spring_R2"
				{Matrix34
					1.0000	0.0000	-0.0000
					0.0000	-1.0000	0.0000
					-0.0000	-0.0000	-1.0000
					0.0421	10.5495	-5.5229
				}
				{bone revolute "WheelR2"
					{parameters "ID=wheelright2;"}
					{Matrix34
						-1.0000	0.0000	0.0000
						0.0000	0.0000	1.0000
						-0.0000	-1.0000	0.0000
						-0.2111	-1.3166	-1.0159
					}
					{VolumeView "WheelR2.ply"}
				}
			}
		}
		{bone "pivot_front"
			{Position 44.7105	0.0871	5.8025}
			{bone revolute "steer_R"
				{Matrix34
					-1.0000	0.0000	0.0000
					0.0000	1.0000	0.0000
					-0.0000	0.0000	-1.0000
					-0.0000	-10.9154	-0.0000
				}
				{bone revolute "WheelR1"
					{parameters "ID=wheelright1;"}
					{Matrix34
						0.1736	-0.5291	0.8306
						0.9848	0.0933	-0.1465
						0.0000	-0.8434	-0.5373
						3.6538	-2.2440	-1.9400
					}
					{VolumeView "WheelR1.ply"}
				}
			}
			{bone revolute "steer_L"
				{Matrix34
					-1.0000	0.0000	0.0000
					0.0000	1.0000	0.0000
					0.0000	0.0000	-1.0000
					-0.0000	10.9638	0.0000
				}
				{bone revolute "WheelL1"
					{parameters "ID=wheelleft1;"}
					{Matrix34
						0.8192	-0.0000	-0.5736
						-0.5736	-0.0000	-0.8192
						-0.0000	1.0000	-0.0000
						-0.0529	3.8082	-1.9400
					}
					{VolumeView "WheelL1.ply"}
				}
			}
		}
	}
}
{Volume "wheelleft1"
	{Cylinder 1.40046 3.20294}
	{Bone "WheelL1"}
	{Matrix34
		-0.8192	0.5736	0.0000
		-0.5736	-0.8192	-0.0000
		-0.0000	-0.0000	1.0000
		6.3110	-1.0222	-7.1439
	}
}
{Volume "wheellright1"
	{Cylinder 2.58385 1.82568}
	{Bone "WheelR1"}
	{Matrix34
		0.1736	0.9848	0.0000
		-0.9832	0.1734	0.0574
		-0.0566	0.0100	-0.9983
		-6.1180	3.1419	1.0095
	}
}
{Volume "wheelright2"
	{Cylinder 7.78034 3.20294}
	{Bone "WheelR2"}
	{Matrix34
		1.0000	-0.0000	-0.0000
		0.0000	1.0000	0.0000
		-0.0000	0.0000	-1.0000
		0.0535	0.0485	-0.1472
	}
}
{Volume "wheelleft2"
	{Cylinder 2.67021 1.85771}
	{Bone "WheelL2"}
	{Matrix34
		-0.4226	0.9063	0.0000
		-0.9063	-0.4226	0.0000
		0.0000	-0.0000	1.0000
		-0.0000	0.0000	-0.1040
	}
}
{Volume "part2"
	{Polyhedron "part2.vol"}
	{Bone "part2"}
	{Matrix34
		0.0000	-1.0000	0.0000
		1.0000	0.0000	0.0000
		0.0000	0.0000	1.0000
		-0.8678	-0.9974	-2.9738
	}
}
{Volume "Body"
	{Polyhedron "Body.vol"}
	{Bone "Body"}
	{Matrix34
		-0.0000	1.0000	0.0000
		-1.0000	-0.0000	0.0000
		0.0000	0.0000	1.0000
		-0.4875	19.5795	-14.0098
	}
}
{Volume "part1"
	{Box 23.2978 1.04551 11.8334}
	{Bone "part1"}
	{Matrix34
		-0.1213	0.9862	0.1122
		0.9877	0.1312	-0.0854
		0.0990	-0.1005	0.9900
		2.0389	-11.7902	-1.3785
	}
}
{Volume "engine"
	{Box 32.3927 19.6998 16.928}
	{Bone "Engine"}
	{Matrix34
		-0.0000	1.0000	0.0000
		-1.0000	-0.0000	0.0000
		0.0000	0.0000	1.0000
		0.4821	-23.9062	-3.4586
	}
}
