;Exported by: dinsen
;Date:        Sat Dec 11 20:00:00 2010
;File:        C:\Archivos de programa\Autodesk\3dsMax8\scenes\bunker_jap.max
{Skeleton
	{bone "body"
		{parameters "Structure;"}
		{Orientation
			1.0000	0.0000	0.0000
			0.0000	-1.0000	0.0000
			0.0000	0.0000	1.0000
		}
		{VolumeView "body.ply"}
		{bone "sandsack19"
			{Matrix34
				0.6229	0.7823	0.0000
				-0.7823	0.6229	-0.0000
				-0.0000	0.0000	1.0000
				43.5507	63.4861	4.8246
			}
			{VolumeView "sandsack19.ply"}
		}
		{bone "sandsack18"
			{Matrix34
				0.6229	0.7823	0.0000
				-0.7823	0.6229	-0.0000
				-0.0000	0.0000	1.0000
				44.9898	62.3402	7.1300
			}
			{VolumeView "sandsack18.ply"}
		}
		{bone "sandsack17"
			{Matrix34
				0.9143	0.4050	-0.0000
				-0.4050	0.9143	0.0000
				0.0000	-0.0000	1.0000
				65.7976	39.1078	2.2310
			}
			{VolumeView "sandsack17.ply"}
		}
		{bone "sandsack16"
			{Matrix34
				0.9143	0.4050	-0.0000
				-0.4050	0.9143	0.0000
				0.0000	-0.0000	1.0000
				65.7976	39.1078	5.3876
			}
			{VolumeView "sandsack16.ply"}
		}
		{bone "sandsack15"
			{Matrix34
				0.9143	0.4050	-0.0000
				-0.4050	0.9143	0.0000
				0.0000	-0.0000	1.0000
				66.5426	37.4259	7.4907
			}
			{VolumeView "sandsack15.ply"}
		}
		{bone "sandsack14"
			{Matrix34
				0.9143	0.4050	-0.0000
				-0.4050	0.9143	0.0000
				0.0000	-0.0000	1.0000
				65.7322	39.2555	10.3773
			}
			{VolumeView "sandsack14.ply"}
		}
		{bone "sandsack13"
			{Matrix34
				0.9859	-0.1672	-0.0000
				0.1672	0.9859	0.0000
				-0.0000	-0.0000	1.0000
				73.1269	-3.3462	6.9694
			}
			{VolumeView "sandsack13.ply"}
		}
		{bone "sandsack9"
			{Matrix34
				0.8480	-0.2621	0.4607
				0.0388	0.9228	0.3834
				-0.5806	-0.3394	0.7401
				71.7222	-12.4796	5.2580
			}
			{VolumeView "sandsack9.ply"}
		}
		{bone "sandsack12"
			{Matrix34
				0.9859	-0.1672	-0.0000
				0.1672	0.9859	0.0000
				-0.0000	-0.0000	1.0000
				73.0472	-3.8163	1.9393
			}
			{VolumeView "sandsack12.ply"}
		}
		{bone "sandsack11"
			{Matrix34
				0.9859	-0.1672	-0.0000
				0.1672	0.9859	0.0000
				-0.0000	-0.0000	1.0000
				73.3128	-2.2497	4.0040
			}
			{VolumeView "sandsack11.ply"}
		}
		{bone "sandsack39"
			{Matrix34
				-0.9985	0.0545	-0.0000
				0.0545	0.9985	-0.0000
				0.0000	0.0000	1.0000
				-74.6518	7.0892	7.4324
			}
			{VolumeView "sandsack39.ply"}
		}
		{bone "sandsack38"
			{Matrix34
				-0.9985	0.0545	-0.0000
				0.0545	0.9985	-0.0000
				0.0000	0.0000	1.0000
				-74.6162	7.7417	10.5104
			}
			{VolumeView "sandsack38.ply"}
		}
		{bone "sandsack37"
			{Matrix34
				-0.9985	0.0545	-0.0000
				0.0545	0.9985	-0.0000
				0.0000	0.0000	1.0000
				-74.6778	6.6130	2.4023
			}
			{VolumeView "sandsack37.ply"}
		}
		{bone "sandsack36"
			{Matrix34
				-0.9985	0.0545	-0.0000
				0.0545	0.9985	-0.0000
				0.0000	0.0000	1.0000
				-74.5912	8.1997	4.4670
			}
			{VolumeView "sandsack36.ply"}
		}
		{bone "sandsack45"
			{Matrix34
				-0.8611	-0.5084	0.0000
				-0.5084	0.8611	-0.0000
				0.0000	0.0000	1.0000
				-68.1441	-26.7584	2.2310
			}
			{VolumeView "sandsack45.ply"}
		}
		{bone "sandsack44"
			{Matrix34
				-0.8611	-0.5084	0.0000
				-0.5084	0.8611	-0.0000
				0.0000	0.0000	1.0000
				-68.0990	-26.7873	10.3773
			}
			{VolumeView "sandsack44.ply"}
		}
		{bone "sandsack43"
			{Matrix34
				-0.8611	-0.5084	0.0000
				-0.5084	0.8611	-0.0000
				0.0000	0.0000	1.0000
				-66.2978	-30.4166	6.4208
			}
			{VolumeView "sandsack43.ply"}
		}
		{bone "sandsack42"
			{Matrix34
				-0.8611	-0.5084	0.0000
				-0.5084	0.8611	-0.0000
				0.0000	0.0000	1.0000
				-67.4042	-27.9158	4.7072
			}
			{VolumeView "sandsack42.ply"}
		}
		{bone "sandsack51"
			{Matrix34
				-0.4327	-0.9016	0.0000
				-0.9016	0.4327	-0.0000
				-0.0000	0.0000	1.0000
				-30.3034	-63.1248	4.7072
			}
			{VolumeView "sandsack51.ply"}
		}
		{bone "sandsack49"
			{Matrix34
				-0.4327	-0.9016	0.0000
				-0.9016	0.4327	-0.0000
				-0.0000	0.0000	1.0000
				-31.5622	-62.5747	2.2310
			}
			{VolumeView "sandsack49.ply"}
		}
		{bone "sandsack48"
			{Matrix34
				-0.4327	-0.9016	0.0000
				-0.9016	0.4327	-0.0000
				-0.0000	0.0000	1.0000
				-27.9926	-64.5871	6.4208
			}
			{VolumeView "sandsack48.ply"}
		}
		{bone "sandsack47"
			{Matrix34
				-0.4327	-0.9016	0.0000
				-0.9016	0.4327	-0.0000
				-0.0000	0.0000	1.0000
				-31.5087	-62.5737	10.3773
			}
			{VolumeView "sandsack47.ply"}
		}
		{bone "sandsack4"
			{Matrix34
				0.3304	-0.9438	0.0000
				0.9438	0.3304	0.0000
				-0.0000	-0.0000	1.0000
				31.8500	-63.5602	10.3773
			}
			{VolumeView "sandsack4.ply"}
		}
		{bone "sandsack3"
			{Matrix34
				0.3304	-0.9438	0.0000
				0.9438	0.3304	0.0000
				-0.0000	-0.0000	1.0000
				28.1331	-65.1727	6.4208
			}
			{VolumeView "sandsack3.ply"}
		}
		{bone "sandsack2"
			{Matrix34
				0.3304	-0.9438	0.0000
				0.9438	0.3304	0.0000
				-0.0000	-0.0000	1.0000
				30.5913	-63.9747	4.7072
			}
			{VolumeView "sandsack2.ply"}
		}
		{bone "sandsack10"
			{Matrix34
				0.3304	-0.9438	0.0000
				0.9438	0.3304	0.0000
				-0.0000	-0.0000	1.0000
				31.9032	-63.5671	2.2310
			}
			{VolumeView "sandsack10.ply"}
		}
		{bone "sandsack8"
			{Matrix34
				0.7830	-0.6220	-0.0000
				0.6220	0.7830	0.0000
				-0.0000	-0.0000	1.0000
				59.8225	-39.6064	2.2310
			}
			{VolumeView "sandsack8.ply"}
		}
		{bone "sandsack6"
			{Matrix34
				0.7830	-0.6220	-0.0000
				0.6220	0.7830	0.0000
				-0.0000	-0.0000	1.0000
				57.4907	-42.9761	6.4208
			}
			{VolumeView "sandsack6.ply"}
		}
		{bone "sandsack7"
			{Matrix34
				0.7830	-0.6220	-0.0000
				0.6220	0.7830	0.0000
				-0.0000	-0.0000	1.0000
				58.9305	-40.6512	4.7072
			}
			{VolumeView "sandsack7.ply"}
		}
		{bone "sandsack5"
			{Matrix34
				0.7830	-0.6220	-0.0000
				0.6220	0.7830	0.0000
				-0.0000	-0.0000	1.0000
				59.7739	-39.6290	10.3773
			}
			{VolumeView "sandsack5.ply"}
		}
		{bone "sandsack35"
			{Matrix34
				-0.8036	0.5952	-0.0000
				0.5952	0.8036	-0.0000
				0.0000	0.0000	1.0000
				-54.7330	52.0766	5.3876
			}
			{VolumeView "sandsack35.ply"}
		}
		{bone "sandsack34"
			{Matrix34
				-0.8036	0.5952	-0.0000
				0.5952	0.8036	-0.0000
				0.0000	0.0000	1.0000
				-54.7330	52.0766	2.2310
			}
			{VolumeView "sandsack34.ply"}
		}
		{bone "sandsack33"
			{Matrix34
				-0.8036	0.5952	-0.0000
				0.5952	0.8036	-0.0000
				0.0000	0.0000	1.0000
				-55.8279	50.5984	7.4907
			}
			{VolumeView "sandsack33.ply"}
		}
		{bone "sandsack32"
			{Matrix34
				-0.8036	0.5952	-0.0000
				0.5952	0.8036	-0.0000
				0.0000	0.0000	1.0000
				-54.6369	52.2064	10.3773
			}
			{VolumeView "sandsack32.ply"}
		}
		{bone "sandsack31"
			{Matrix34
				-0.3733	0.9277	-0.0000
				0.9277	0.3733	-0.0000
				-0.0000	0.0000	1.0000
				-24.4528	72.0016	9.9298
			}
			{VolumeView "sandsack31.ply"}
		}
		{bone "sandsack29"
			{Matrix34
				-0.3733	0.9277	-0.0000
				0.9277	0.3733	-0.0000
				-0.0000	0.0000	1.0000
				-24.6026	71.9413	4.8246
			}
			{VolumeView "sandsack29.ply"}
		}
		{bone "sandsack27"
			{Matrix34
				-0.3733	0.9277	-0.0000
				0.9277	0.3733	-0.0000
				-0.0000	0.0000	1.0000
				-26.3092	71.2545	7.1300
			}
			{VolumeView "sandsack27.ply"}
		}
		{bone "sandsack28"
			{Matrix34
				-0.3733	0.9277	-0.0000
				0.9277	0.3733	-0.0000
				-0.0000	0.0000	1.0000
				-24.6313	72.4847	2.1868
			}
			{VolumeView "sandsack28.ply"}
		}
		{bone "sandsack26"
			{Matrix34
				0.1385	0.9904	0.0000
				-0.9904	0.1385	0.0000
				-0.0000	-0.0000	1.0000
				5.9298	77.4217	2.1868
			}
			{VolumeView "sandsack26.ply"}
		}
		{bone "sandsack25"
			{Matrix34
				0.1385	0.9904	0.0000
				-0.9904	0.1385	0.0000
				-0.0000	-0.0000	1.0000
				5.8731	76.9098	9.9298
			}
			{VolumeView "sandsack25.ply"}
		}
		{bone "sandsack24"
			{Matrix34
				0.1385	0.9904	0.0000
				-0.9904	0.1385	0.0000
				-0.0000	-0.0000	1.0000
				6.0330	76.8874	4.8246
			}
			{VolumeView "sandsack24.ply"}
		}
		{bone "sandsack23"
			{Matrix34
				0.1385	0.9904	0.0000
				-0.9904	0.1385	0.0000
				-0.0000	-0.0000	1.0000
				7.8549	76.6327	7.1300
			}
			{VolumeView "sandsack23.ply"}
		}
		{bone "sandsack22"
			{Matrix34
				0.6229	0.7823	0.0000
				-0.7823	0.6229	-0.0000
				-0.0000	0.0000	1.0000
				43.7335	63.9986	2.1868
			}
			{VolumeView "sandsack22.ply"}
		}
		{bone "sandsack21"
			{Matrix34
				0.6229	0.7823	0.0000
				-0.7823	0.6229	-0.0000
				-0.0000	0.0000	1.0000
				43.4244	63.5867	9.9298
			}
			{VolumeView "sandsack21.ply"}
		}
		{bone "exterior"
			{Matrix34
				-0.0000	-1.0000	0.0000
				-0.0000	0.0000	1.0000
				-1.0000	0.0000	-0.0000
				-0.4109	3.0686	73.4744
			}
			{VolumeView "exterior.ply"}
		}
	}
}
{Obstacle "Plane18"
	{Obb2
		{Center 25.009 54.0761}
		{Extent 4.62305 10.7324}
		{Axis 0.391277 0.920273}
	}
	{Rotate}
}
{Obstacle "Plane17"
	{Obb2
		{Center 41.8547 43.211}
		{Extent 4.61992 10.7311}
		{Axis 0.669446 0.742861}
	}
	{Rotate}
}
{Obstacle "Plane16"
	{Obb2
		{Center 54.1695 27.7345}
		{Extent 4.62552 10.7335}
		{Axis 0.883064 0.469253}
	}
	{Rotate}
}
{Obstacle "Plane15"
	{Obb2
		{Center 61.5221 8.99261}
		{Extent 4.67482 10.7544}
		{Axis 0.984823 0.173561}
	}
	{Rotate}
}
{Obstacle "Plane14"
	{Obb2
		{Center 61.5589 -11.0464}
		{Extent 10.7351 4.62945}
		{Axis 0.157142 0.987576}
	}
	{Rotate}
}
{Obstacle "Plane13"
	{Obb2
		{Center 55.3738 -30.2152}
		{Extent 10.7297 4.61665}
		{Axis 0.423139 0.906065}
	}
	{Rotate}
}
{Obstacle "Plane12"
	{Obb2
		{Center 44.3831 -46.2124}
		{Extent 10.7484 4.66073}
		{Axis 0.71961 0.694378}
	}
	{Rotate}
}
{Obstacle "Plane11"
	{Obb2
		{Center 28.495 -57.6191}
		{Extent 10.7292 4.61557}
		{Axis 0.898895 0.438164}
	}
	{Rotate}
}
{Obstacle "Plane10"
	{Obb2
		{Center 9.62945 -64.0158}
		{Extent 10.7252 4.60614}
		{Axis 0.984823 0.173561}
	}
	{Rotate}
}
{Obstacle "Plane09"
	{Obb2
		{Center -10.299 -64.0061}
		{Extent 4.604 10.7243}
		{Axis 0.157142 0.987576}
	}
	{Rotate}
}
{Obstacle "Plane08"
	{Obb2
		{Center -29.154 -57.708}
		{Extent 4.6198 10.731}
		{Axis 0.43888 0.898546}
	}
	{Rotate}
}
{Obstacle "Plane07"
	{Obb2
		{Center -45.242 -46.075}
		{Extent 4.67647 10.7551}
		{Axis 0.707388 0.706825}
	}
	{Rotate}
}
{Obstacle "Plane06"
	{Obb2
		{Center -56.5392 -29.9442}
		{Extent 4.62888 10.7349}
		{Axis 0.906401 0.422418}
	}
	{Rotate}
}
{Obstacle "Plane05"
	{Obb2
		{Center -62.4074 -11.0725}
		{Extent 4.67028 10.7525}
		{Axis 0.992554 0.121808}
	}
	{Rotate}
}
{Obstacle "Plane04"
	{Obb2
		{Center -61.6286 8.70906}
		{Extent 10.742 4.64565}
		{Axis 0.208587 0.978004}
	}
	{Rotate}
}
{Obstacle "Plane03"
	{Obb2
		{Center -54.781 27.5036}
		{Extent 10.748 4.65972}
		{Axis 0.530354 0.847776}
	}
	{Rotate}
}
{Obstacle "Plane02"
	{Obb2
		{Center -42.4099 42.9273}
		{Extent 10.7207 4.5956}
		{Axis 0.754948 0.655785}
	}
	{Rotate}
}
{Obstacle "Plane01"
	{Obb2
		{Center -25.778 53.5249}
		{Extent 10.7411 4.64345}
		{Axis 0.906401 0.422418}
	}
	{Rotate}
}
{Area "interior"
	{Circle2
		{Radius 57.2243}
		{Center -0.33047 -3.21544}
	}
	{Rotate}
}
{Volume "hole5"
	{Box 22.3404 11.4894 14.6808}
	{Bone "body"}
	{Matrix34
		0.6076	1.0085	0.0000
		-0.0000	0.0000	1.0000
		1.0085	-0.6076	0.0000
		54.1136	-27.3552	32.9890
	}
}
{Volume "hole4"
	{Box 22.3404 11.4894 14.6808}
	{Bone "body"}
	{Matrix34
		-0.5188	1.0569	-0.0000
		0.0000	0.0000	1.0000
		1.0569	0.5188	-0.0000
		-53.4975	-27.2150	32.9890
	}
}
{Volume "hole3"
	{Box 22.3404 11.4894 14.6808}
	{Bone "body"}
	{Matrix34
		0.5642	1.0334	-0.0000
		-0.0000	0.0000	1.0000
		1.0334	-0.5642	0.0000
		-54.5996	31.8926	32.9890
	}
}
{Volume "hole2"
	{Box 22.3404 11.4894 14.6808}
	{Bone "body"}
	{Matrix34
		1.1761	0.0552	0.0000
		0.0000	-0.0000	1.0000
		0.0552	-1.1761	-0.0000
		-2.6568	66.0075	32.9890
	}
}
{Volume "hole1"
	{Box 22.3404 11.4894 14.6808}
	{Bone "body"}
	{Matrix34
		0.5621	-1.0345	-0.0000
		-0.0000	-0.0000	1.0000
		-1.0345	-0.5621	-0.0000
		52.2911	34.6099	32.9890
	}
}
{Volume "Box27"
	{Polyhedron "Box27.vol"}
	{Bone "body"}
	{Matrix34
		0.0000	1.0000	-0.0000
		0.0000	0.0000	1.0000
		1.0000	-0.0000	-0.0000
		-53.8453	-28.5411	42.7410
	}
}
{Volume "Box26"
	{Polyhedron "Box26.vol"}
	{Bone "body"}
	{Matrix34
		0.0000	1.0000	-0.0000
		0.0000	0.0000	1.0000
		1.0000	-0.0000	-0.0000
		-53.8453	-28.5411	11.4356
	}
}
{Volume "Box25"
	{Polyhedron "Box25.vol"}
	{Bone "body"}
	{Matrix34
		0.0000	1.0000	-0.0000
		0.0000	0.0000	1.0000
		1.0000	-0.0000	-0.0000
		-60.3073	-12.9684	24.8432
	}
}
{Volume "Box24"
	{Polyhedron "Box24.vol"}
	{Bone "body"}
	{Matrix34
		0.0000	1.0000	-0.0000
		0.0000	0.0000	1.0000
		1.0000	-0.0000	-0.0000
		-41.3451	-43.5046	24.8432
	}
}
{Volume "Box23"
	{Polyhedron "Box23.vol"}
	{Bone "body"}
	{Matrix34
		0.0000	1.0000	-0.0000
		0.0000	0.0000	1.0000
		1.0000	-0.0000	-0.0000
		-24.3385	-54.1031	24.8432
	}
}
{Volume "Box22"
	{Polyhedron "Box22.vol"}
	{Bone "body"}
	{Matrix34
		0.0000	1.0000	-0.0000
		0.0000	0.0000	1.0000
		1.0000	-0.0000	-0.0000
		-0.5065	-58.3188	42.7814
	}
}
{Volume "Box21"
	{Polyhedron "Box21.vol"}
	{Bone "body"}
	{Matrix34
		0.0000	1.0000	-0.0000
		0.0000	0.0000	1.0000
		1.0000	-0.0000	-0.0000
		17.3447	-56.5555	25.0009
	}
}
{Volume "Box20"
	{Polyhedron "Box20.vol"}
	{Bone "body"}
	{Matrix34
		0.0000	1.0000	-0.0000
		0.0000	0.0000	1.0000
		1.0000	-0.0000	-0.0000
		35.3055	-47.0901	25.0009
	}
}
{Volume "Box19"
	{Polyhedron "Box19.vol"}
	{Bone "body"}
	{Matrix34
		0.0000	1.0000	-0.0000
		0.0000	0.0000	1.0000
		1.0000	-0.0000	-0.0000
		52.5793	-28.4668	42.9527
	}
}
{Volume "Box18"
	{Polyhedron "Box18.vol"}
	{Bone "body"}
	{Matrix34
		0.0000	1.0000	-0.0000
		0.0000	0.0000	1.0000
		1.0000	-0.0000	-0.0000
		52.5793	-28.4668	11.4873
	}
}
{Volume "Box17"
	{Polyhedron "Box17.vol"}
	{Bone "body"}
	{Matrix34
		0.0000	1.0000	-0.0000
		0.0000	0.0000	1.0000
		1.0000	-0.0000	-0.0000
		59.7805	-7.5300	25.0009
	}
}
{Volume "Box16"
	{Polyhedron "Box16.vol"}
	{Bone "body"}
	{Matrix34
		0.0000	1.0000	-0.0000
		0.0000	0.0000	1.0000
		1.0000	-0.0000	-0.0000
		59.7422	13.6618	25.0009
	}
}
{Volume "Box15"
	{Polyhedron "Box15.vol"}
	{Bone "body"}
	{Matrix34
		0.0000	1.0000	-0.0000
		0.0000	0.0000	1.0000
		1.0000	-0.0000	-0.0000
		52.0361	35.4085	43.0930
	}
}
{Volume "Box14"
	{Polyhedron "Box14.vol"}
	{Bone "body"}
	{Matrix34
		0.0000	1.0000	-0.0000
		0.0000	0.0000	1.0000
		1.0000	-0.0000	-0.0000
		52.0362	35.4085	12.4437
	}
}
{Volume "Box13"
	{Polyhedron "Box13.vol"}
	{Bone "body"}
	{Matrix34
		0.0000	1.0000	-0.0000
		0.0000	0.0000	1.0000
		1.0000	-0.0000	-0.0000
		39.7483	49.9778	24.7747
	}
}
{Volume "Box12"
	{Polyhedron "Box12.vol"}
	{Bone "body"}
	{Matrix34
		0.0000	1.0000	-0.0000
		0.0000	0.0000	1.0000
		1.0000	-0.0000	-0.0000
		23.7240	59.6300	24.7747
	}
}
{Volume "Box11"
	{Polyhedron "Box11.vol"}
	{Bone "body"}
	{Matrix34
		0.0000	1.0000	-0.0000
		0.0000	0.0000	1.0000
		1.0000	-0.0000	-0.0000
		-1.6619	63.5499	42.8448
	}
}
{Volume "Box10"
	{Polyhedron "Box10.vol"}
	{Bone "body"}
	{Matrix34
		0.0000	1.0000	-0.0000
		0.0000	0.0000	1.0000
		1.0000	-0.0000	-0.0000
		-1.6619	63.5499	12.3682
	}
}
{Volume "Box09"
	{Polyhedron "Box09.vol"}
	{Bone "body"}
	{Matrix34
		0.0000	1.0000	-0.0000
		0.0000	0.0000	1.0000
		1.0000	-0.0000	-0.0000
		-19.6943	61.7540	24.5203
	}
}
{Volume "Box08"
	{Polyhedron "Box08.vol"}
	{Bone "body"}
	{Matrix34
		0.0000	1.0000	-0.0000
		0.0000	0.0000	1.0000
		1.0000	-0.0000	-0.0000
		-35.1877	54.0905	24.5203
	}
}
{Volume "Box07"
	{Polyhedron "Box07.vol"}
	{Bone "body"}
	{Matrix34
		0.0000	1.0000	-0.0000
		0.0000	0.0000	1.0000
		1.0000	-0.0000	-0.0000
		-45.9944	44.9700	24.5203
	}
}
{Volume "Box06"
	{Polyhedron "Box06.vol"}
	{Bone "body"}
	{Matrix34
		0.0000	1.0000	-0.0000
		0.0000	0.0000	1.0000
		1.0000	-0.0000	-0.0000
		-50.1153	40.5021	42.8963
	}
}
{Volume "Box05"
	{Polyhedron "Box05.vol"}
	{Bone "body"}
	{Matrix34
		0.0000	1.0000	-0.0000
		0.0000	0.0000	1.0000
		1.0000	-0.0000	-0.0000
		-56.1518	30.5484	42.7956
	}
}
{Volume "Box04"
	{Polyhedron "Box04.vol"}
	{Bone "body"}
	{Matrix34
		0.0000	1.0000	-0.0000
		0.0000	0.0000	1.0000
		1.0000	-0.0000	-0.0000
		-60.1730	18.5217	24.5203
	}
}
{Volume "Box03"
	{Polyhedron "Box03.vol"}
	{Bone "body"}
	{Matrix34
		0.0000	1.0000	-0.0000
		0.0000	0.0000	1.0000
		1.0000	-0.0000	-0.0000
		-50.1153	40.5021	12.2090
	}
}
{Volume "Box02"
	{Polyhedron "Box02.vol"}
	{Bone "body"}
	{Matrix34
		0.0000	1.0000	-0.0000
		0.0000	0.0000	1.0000
		1.0000	-0.0000	-0.0000
		-56.1518	30.5485	12.2090
	}
}
{Volume "Box01"
	{Polyhedron "Box01.vol"}
	{Bone "body"}
	{Matrix34
		0.0000	1.0000	-0.0000
		0.0000	0.0000	1.0000
		1.0000	-0.0000	-0.0000
		-61.3056	2.7912	24.5203
	}
}
{Volume "exterior"
	{Polyhedron "exterior.vol"}
	{Bone "exterior"}
	{Matrix34
		-1.0000	0.0000	0.0000
		-0.0000	0.0002	1.0000
		0.0000	1.0000	-0.0013
		-0.4156	0.6362	-0.1776
	}
}
{Volume "sandsack21"
	{Box 40.9541 39.2054 10.7892}
	{Bone "sandsack21"}
	{Matrix34
		0.3115	-0.3911	0.0000
		0.3911	0.3115	-0.0000
		0.0000	-0.0000	0.5000
		0.0000	-0.0000	-0.0000
	}
}
{Volume "sandsack22"
	{Box 43.1523 41.6577 7.47107}
	{Bone "sandsack22"}
	{Matrix34
		0.3115	-0.3911	0.0000
		0.3911	0.3115	-0.0000
		0.0000	-0.0000	0.5000
		-0.0000	-0.0000	-0.0000
	}
}
{Volume "sandsack23"
	{Box 36.97 27.5381 9.4209}
	{Bone "sandsack23"}
	{Matrix34
		0.0692	-0.4952	-0.0000
		0.4952	0.0692	-0.0000
		-0.0000	0.0000	0.5000
		-0.0000	-0.0000	-0.0000
	}
}
{Volume "sandsack24"
	{Box 36.8701 27.5241 9.46837}
	{Bone "sandsack24"}
	{Matrix34
		0.0692	-0.4952	-0.0000
		0.4952	0.0692	-0.0000
		-0.0000	0.0000	0.5000
		0.0000	-0.0000	-0.0000
	}
}
{Volume "sandsack25"
	{Box 36.8701 27.5241 10.7892}
	{Bone "sandsack25"}
	{Matrix34
		0.0692	-0.4952	-0.0000
		0.4952	0.0692	-0.0000
		-0.0000	0.0000	0.5000
		-0.0000	-0.0000	-0.0000
	}
}
{Volume "sandsack26"
	{Box 38.059 30.0712 7.47107}
	{Bone "sandsack26"}
	{Matrix34
		0.0692	-0.4952	-0.0000
		0.4952	0.0692	-0.0000
		-0.0000	0.0000	0.5000
		-0.0000	-0.0000	-0.0000
	}
}
{Volume "sandsack28"
	{Box 41.8605 36.6627 7.47116}
	{Bone "sandsack28"}
	{Matrix34
		-0.1867	0.4638	-0.0000
		0.4638	0.1867	0.0000
		-0.0000	-0.0000	0.5000
		0.0000	0.0000	-0.0000
	}
}
{Volume "sandsack27"
	{Box 40.2431 34.1055 9.42099}
	{Bone "sandsack27"}
	{Matrix34
		-0.1867	0.4638	-0.0000
		0.4638	0.1867	0.0000
		-0.0000	-0.0000	0.5000
		0.0000	0.0000	0.0000
	}
}
{Volume "sandsack29"
	{Box 40.1495 34.0679 9.46845}
	{Bone "sandsack29"}
	{Matrix34
		-0.1867	0.4638	-0.0000
		0.4638	0.1867	0.0000
		-0.0000	-0.0000	0.5000
		-0.0000	-0.0000	-0.0000
	}
}
{Volume "sandsack31"
	{Box 40.1495 34.0679 10.7892}
	{Bone "sandsack31"}
	{Matrix34
		-0.1867	0.4638	-0.0000
		0.4638	0.1867	0.0000
		-0.0000	-0.0000	0.5000
		0.0000	0.0000	-0.0000
	}
}
{Volume "sandsack32"
	{Box 38.7537 41.0395 9.70001}
	{Bone "sandsack32"}
	{Matrix34
		-0.4018	0.2976	0.0000
		0.2976	0.4018	0.0000
		0.0000	-0.0000	0.5000
		0.0000	-0.0000	-0.0000
	}
}
{Volume "sandsack33"
	{Box 38.8137 41.1206 8.24781}
	{Bone "sandsack33"}
	{Matrix34
		-0.4018	0.2976	0.0000
		0.2976	0.4018	0.0000
		0.0000	-0.0000	0.5000
		-0.0000	-0.0000	-0.0000
	}
}
{Volume "sandsack34"
	{Box 38.7537 41.0395 7.34006}
	{Bone "sandsack34"}
	{Matrix34
		-0.4018	0.2976	0.0000
		0.2976	0.4018	0.0000
		0.0000	-0.0000	0.5000
		-0.0000	0.0000	-0.0000
	}
}
{Volume "sandsack35"
	{Box 38.7537 41.0395 7.55184}
	{Bone "sandsack35"}
	{Matrix34
		-0.4018	0.2976	0.0000
		0.2976	0.4018	0.0000
		0.0000	-0.0000	0.5000
		-0.0000	-0.0000	-0.0000
	}
}
{Volume "sandsack5"
	{Box 39.1906 40.9579 9.69994}
	{Bone "sandsack5"}
	{Matrix34
		0.3915	0.3110	-0.0000
		-0.3110	0.3915	-0.0000
		0.0000	-0.0000	0.5000
		0.0000	-0.0000	0.0000
	}
}
{Volume "sandsack7"
	{Box 39.1906 40.9579 9.18802}
	{Bone "sandsack7"}
	{Matrix34
		0.3915	0.3110	-0.0000
		-0.3110	0.3915	-0.0000
		0.0000	-0.0000	0.5000
		0.0000	-0.0000	-0.0000
	}
}
{Volume "sandsack6"
	{Box 39.2534 41.0368 11.5782}
	{Bone "sandsack6"}
	{Matrix34
		0.3915	0.3110	-0.0000
		-0.3110	0.3915	-0.0000
		0.0000	-0.0000	0.5000
		-0.0000	-0.0000	0.0000
	}
}
{Volume "sandsack8"
	{Box 39.1906 40.9579 7.33999}
	{Bone "sandsack8"}
	{Matrix34
		0.3915	0.3110	-0.0000
		-0.3110	0.3915	-0.0000
		0.0000	-0.0000	0.5000
		0.0000	0.0000	0.0000
	}
}
{Volume "sandsack10"
	{Box 39.7093 32.9793 7.33999}
	{Bone "sandsack10"}
	{Matrix34
		0.1652	0.4719	-0.0000
		-0.4719	0.1652	-0.0000
		-0.0000	-0.0000	0.5000
		-0.0000	-0.0000	-0.0000
	}
}
{Volume "sandsack2"
	{Box 39.7093 32.9793 9.18802}
	{Bone "sandsack2"}
	{Matrix34
		0.1652	0.4719	-0.0000
		-0.4719	0.1652	-0.0000
		-0.0000	-0.0000	0.5000
		-0.0000	0.0000	-0.0000
	}
}
{Volume "sandsack3"
	{Box 39.8045 33.0126 11.5782}
	{Bone "sandsack3"}
	{Matrix34
		0.1652	0.4719	-0.0000
		-0.4719	0.1652	-0.0000
		-0.0000	-0.0000	0.5000
		-0.0000	0.0000	0.0000
	}
}
{Volume "sandsack4"
	{Box 39.7093 32.9793 9.69994}
	{Bone "sandsack4"}
	{Matrix34
		0.1652	0.4719	-0.0000
		-0.4719	0.1652	-0.0000
		-0.0000	-0.0000	0.5000
		-0.0000	-0.0000	0.0000
	}
}
{Volume "sandsack47"
	{Box 40.6272 35.4829 9.69996}
	{Bone "sandsack47"}
	{Matrix34
		-0.2163	-0.4508	-0.0000
		-0.4508	0.2163	0.0000
		0.0000	-0.0000	0.5000
		-0.0000	0.0000	0.0000
	}
}
{Volume "sandsack48"
	{Box 40.7181 35.5265 11.5782}
	{Bone "sandsack48"}
	{Matrix34
		-0.2163	-0.4508	-0.0000
		-0.4508	0.2163	0.0000
		0.0000	-0.0000	0.5000
		0.0000	-0.0000	-0.0000
	}
}
{Volume "sandsack49"
	{Box 40.6272 35.4829 7.34001}
	{Bone "sandsack49"}
	{Matrix34
		-0.2163	-0.4508	-0.0000
		-0.4508	0.2163	0.0000
		0.0000	-0.0000	0.5000
		0.0000	-0.0000	-0.0000
	}
}
{Volume "sandsack51"
	{Box 40.6272 35.4829 9.18804}
	{Bone "sandsack51"}
	{Orientation
		-0.2163	-0.4508	-0.0000
		-0.4508	0.2163	0.0000
		0.0000	-0.0000	0.5000
	}
}
{Volume "sandsack42"
	{Box 37.1269 40.9968 9.18806}
	{Bone "sandsack42"}
	{Matrix34
		-0.4306	-0.2542	0.0000
		-0.2542	0.4306	0.0000
		0.0000	-0.0000	0.5000
		-0.0000	0.0000	0.0000
	}
}
{Volume "sandsack43"
	{Box 37.1782 41.0837 11.5783}
	{Bone "sandsack43"}
	{Matrix34
		-0.4306	-0.2542	0.0000
		-0.2542	0.4306	0.0000
		0.0000	-0.0000	0.5000
		-0.0000	-0.0000	-0.0000
	}
}
{Volume "sandsack44"
	{Box 37.1269 40.9968 9.69998}
	{Bone "sandsack44"}
	{Matrix34
		-0.4306	-0.2542	0.0000
		-0.2542	0.4306	0.0000
		0.0000	-0.0000	0.5000
		-0.0000	0.0000	0.0000
	}
}
{Volume "sandsack45"
	{Box 37.1269 40.9968 7.34003}
	{Bone "sandsack45"}
	{Matrix34
		-0.4306	-0.2542	0.0000
		-0.2542	0.4306	0.0000
		0.0000	-0.0000	0.5000
		-0.0000	0.0000	-0.0000
	}
}
{Volume "sandsack36"
	{Box 24.8574 35.2136 10.6328}
	{Bone "sandsack36"}
	{Matrix34
		-0.4993	0.0273	0.0000
		0.0273	0.4993	0.0000
		-0.0000	0.0000	0.5000
		-0.0000	0.0000	0.0000
	}
}
{Volume "sandsack37"
	{Box 24.8574 35.2136 7.34004}
	{Bone "sandsack37"}
	{Matrix34
		-0.4993	0.0273	0.0000
		0.0273	0.4993	0.0000
		-0.0000	0.0000	0.5000
		0.0000	0.0000	-0.0000
	}
}
{Volume "sandsack38"
	{Box 24.6108 30.6991 11.7086}
	{Bone "sandsack38"}
	{Matrix34
		-0.4993	0.0273	0.0000
		0.0273	0.4993	0.0000
		-0.0000	0.0000	0.5000
		0.0000	0.0000	0.0000
	}
}
{Volume "sandsack39"
	{Box 24.7703 33.6186 13.473}
	{Bone "sandsack39"}
	{Matrix34
		-0.4993	0.0273	0.0000
		0.0273	0.4993	0.0000
		-0.0000	0.0000	0.5000
		0.0000	0.0000	-0.0000
	}
}
{Volume "sandsack11"
	{Box 28.4577 37.4146 10.6328}
	{Bone "sandsack11"}
	{Matrix34
		0.4928	0.0846	0.0000
		-0.0846	0.4928	-0.0000
		0.0000	-0.0000	0.5000
		-0.0000	-0.0000	-0.0000
	}
}
{Volume "sandsack12"
	{Box 28.4577 37.4146 7.33999}
	{Bone "sandsack12"}
	{Matrix34
		0.4928	0.0846	0.0000
		-0.0846	0.4928	-0.0000
		0.0000	-0.0000	0.5000
		0.0000	0.0000	0.0000
	}
}
{Volume "sandsack9"
	{Box 27.6929 32.9586 11.7086}
	{Bone "sandsack9"}
	{Matrix34
		0.4835	0.0835	0.0000
		-0.0830	0.4863	-0.0000
		0.0000	0.0000	0.5185
		0.0000	-0.0000	0.0000
	}
}
{Volume "sandsack13"
	{Box 28.1875 35.8403 13.473}
	{Bone "sandsack13"}
	{Matrix34
		0.4157	0.0201	0.3704
		-0.1294	0.4553	0.2155
		-0.1839	-0.1539	0.3837
		1.7299	-8.5638	-4.3426
	}
}
{Volume "sandsack14"
	{Box 34.8363 40.4239 9.69994}
	{Bone "sandsack14"}
	{Matrix34
		0.4572	-0.2025	0.0000
		0.2025	0.4572	-0.0000
		-0.0000	-0.0000	0.5000
		0.0000	-0.0000	0.0000
	}
}
{Volume "sandsack15"
	{Box 34.8772 40.5161 8.24773}
	{Bone "sandsack15"}
	{Matrix34
		0.4572	-0.2025	0.0000
		0.2025	0.4572	-0.0000
		-0.0000	-0.0000	0.5000
		-0.0000	0.0000	0.0000
	}
}
{Volume "sandsack16"
	{Box 34.8363 40.4239 7.55177}
	{Bone "sandsack16"}
	{Matrix34
		0.4572	-0.2025	0.0000
		0.2025	0.4572	-0.0000
		-0.0000	-0.0000	0.5000
		-0.0000	0.0000	-0.0000
	}
}
{Volume "sandsack17"
	{Box 34.8363 40.4239 7.33999}
	{Bone "sandsack17"}
	{Matrix34
		0.4572	-0.2025	0.0000
		0.2025	0.4572	-0.0000
		-0.0000	-0.0000	0.5000
		0.0000	0.0000	-0.0000
	}
}
{Volume "sandsack18"
	{Box 41.033 39.2682 9.4209}
	{Bone "sandsack18"}
	{Matrix34
		0.3115	-0.3911	0.0000
		0.3911	0.3115	-0.0000
		0.0000	-0.0000	0.5000
		0.0000	0.0000	-0.0000
	}
}
{Volume "sandsack19"
	{Box 40.9541 39.2054 9.46837}
	{Bone "sandsack19"}
	{Matrix34
		0.3115	-0.3911	0.0000
		0.3911	0.3115	-0.0000
		0.0000	-0.0000	0.5000
		0.0000	-0.0000	-0.0000
	}
}
