{Skeleton
	{Animation
		{sequence "start"}
		{sequence "stop"}
		{sequence "open" {resume}}
	}
	{bone "basis"
		{Orientation
			1.0000	0.0000	0.0000
			0.0000	-1.0000	0.0000
			0.0000	0.0000	1.0000
		}
		{bone "Body"
			{parameters "ID=body;"}
			{Matrix34
				1.0000	0.0000	0.0000
				0.0000	0.0157	0.9999
				0.0000	-0.9999	0.0157
				-8.4000	0.6125	19.8928
			}
			{VolumeView "body.ply"}
			{bone "tapa"
				{Matrix34
					0.9072	-0.0642	0.4178
					0.4192	-0.0010	-0.9081
					0.0621	0.9980	0.0260
					7.9466	5.0811	-14.7508
				}
				{bone "Cover"
					{parameters "ID=body;"}
					{Matrix34
						-0.9063	-0.4226	0.0000
						0.4226	-0.9063	0.0000
						0.0000	0.0000	1.0000
						4.4473	3.1237	11.2701
					}
					{VolumeView "Cover2.ply"}
				}
			}
			{bone revolute "WheelL1"
				{parameters "ID=trackleft;"}
				{Matrix34
					-0.9817	-0.1908	-0.0029
					-0.1908	0.9816	0.0154
					0.0000	0.0157	-0.9999
					39.5537	-9.0112	21.3319
				}
				{VolumeView "wheelL1.ply"}
			}
			{bone revolute "WheelL2"
				{parameters "ID=trackleft;"}
				{Matrix34
					1.0000	0.0000	0.0000
					0.0000	-1.0000	0.0000
					0.0000	0.0000	-1.0000
					-31.6031	-10.7232	20.3000
				}
				{VolumeView "wheelL2.ply"}
			}
			{bone revolute "WheelR1"
				{parameters "ID=trackright;"}
				{Matrix34
					-0.1599	0.9869	0.0173
					0.9871	0.1598	0.0028
					0.0000	0.0175	-0.9998
					39.4001	-8.5290	-21.8610
				}
				{VolumeView "wheelR1.ply"}
			}
			{bone revolute "WheelR2"
				{parameters "ID=trackright;"}
				{Matrix34
					1.0000	0.0000	0.0000
					0.0000	-1.0000	0.0000
					0.0000	0.0000	-1.0000
					-31.5600	-10.0763	-19.5770
				}
				{VolumeView "wheelR2.ply"}
			}
			{bone "Driver"
				{Matrix34
					1.0000	-0.0050	0.0012
					0.0013	0.0139	-0.9999
					0.0050	0.9999	0.0138
					18.3989	-9.7179	-8.2221
				}
			}
			{bone revolute "turret"
				{limits -10.0000 10.0000}
				{Matrix34
					1.0000	0.0000	0.0000
					0.0000	0.0227	-0.9997
					0.0000	0.9997	0.0227
					29.7000	1.8670	9.7402
				}
				{bone "Visor1"
					{Matrix34
						1.0000	0.0000	0.0000
						0.0000	0.0000	1.0000
						0.0000	-1.0000	0.0000
						11.9000	0.2000	6.8000
					}
				}
				{bone "FXfire2"
					{Matrix34
						-0.0802	0.0000	0.9968
						0.0000	1.0000	0.0000
						-0.9968	0.0000	-0.0802
						0.1936	-0.2000	-4.9003
					}
				}
				{bone revolute "Mgun"
					{limits -10.0000 15.0000}
					{Matrix34
						1.0000	0.0000	0.0000
						0.0000	0.0140	0.9999
						0.0000	-0.9999	0.0140
						-6.2000	-0.0078	6.6007
					}
				}
			}
			{bone revolute "gun_turret"
				{limits -30.0000 20.0000}
				{Matrix34
					1.0000	0.0000	0.0000
					0.0000	0.0000	-1.0000
					0.0000	1.0000	0.0000
					-4.0000	16.0000	-0.1000
				}
				{VolumeView "shield.ply"}
				{bone revolute "gun_rot"
					{parameters "ID=gun;"}
					{limits -10.0000 10.0000}
					{speed 0.0050}
					{Matrix34
						1.0000	0.0000	0.0000
						0.0000	0.0000	1.0000
						0.0000	-1.0000	0.0000
						3.0000	0.0000	11.0000
					}
					{VolumeView "gun_rot.ply"}
					{bone "gun"
						{parameters "ID=gun;"}
						{Position 0.0000 0.0000 0.0000}
						{VolumeView "gun.ply"}
						{bone "Foresight1"
							{Position	99.5897 0.0000 0.0000}
						}
					}
				}
				{bone "charger"
					{Position -23.8000 -9.4000 -5.0000}
				}
				{bone "gunner"
					{Position -22.0000 8.4000 -6.0000}
				}
			}
			{bone "commander"
				{Matrix34
					1.0000	0.0000	0.0000
					0.0000	0.0160	-0.9998
					0.0000	0.9998	0.0160
					18.4000	-9.9875	11.2211
				}
			}
			{bone "FXsmoke1"
				{Matrix34
					-0.5015	-0.8650	-0.0155
					0.0121	0.0109	-0.9998
					0.8651	-0.5016	0.0049
					-40.2401	-13.8900	1.1047
				}
			}
			{bone "FXfire1"
				{Matrix34
					-0.0170	0.9667	0.2553
					-0.9998	-0.0175	-0.0005
					0.0040	-0.2553	0.9669
					-23.0946	3.7753	0.5677
				}
			}
			{bone "engine"
				{Matrix34
					0.0000	1.0000	0.0000
					1.0000	0.0000	0.0000
					0.0000	0.0000	1.0000
					-25.6922	0.5818	0.6547
				}
			}
			{bone "Visor2"
				{Matrix34
					1.0000	0.0000	0.0000
					0.0000	0.0000	-1.0000
					0.0000	1.0000	0.0000
					38.9662	6.1571	-9.2705
				}
			}
			{bone "FXshot"
			}
		}
		{bone "WheelsL"
			{parameters "ID=trackleft;"}
			{Matrix34
				0.9999	0.0001	0.0140
				-0.0140	0.0052	0.9999
				0.0001	-1.0000	0.0052
				-8.3818	-39.1052	18.7053
			}
			{VolumeView "wheelsL.ply"}
			{bone "TrackL"
				{parameters "ID=trackleft;"}
				{Position 5.2550	-1.4000	0.2000}
				{VolumeView "trackl.ply"}
			}
			{bone "FXtraceL1"
				{Matrix34
					-0.9999	0.0001	0.0105
					0.0105	0.0087	0.9999
					0.0000	1.0000	-0.0087
					23.6001	-16.4344	-19.7630
				}
			}
			{bone "FXtraceL2"
				{Matrix34
					-0.9875	0.1564	-0.0172
					-0.0175	0.0000	0.9998
					0.1564	0.9877	0.0027
					-33.3826	-15.0810	-19.6242
				}
			}
		}
		{bone "WheelsR"
			{parameters "ID=trackright;"}
			{Matrix34
				1.0000	0.0000	0.0000
				0.0000	0.0000	1.0000
				0.0000	-1.0000	0.0000
				-8.3000	40.0048	18.9828
			}
			{VolumeView "wheelsR.ply"}
			{bone "TrackR"
				{parameters "ID=trackright;"}
				{Position 5.2550	-0.4000	-0.1000}
				{VolumeView "trackr.ply"}
			}
			{bone "FXtraceR1"
				{Matrix34
					-0.9985	-0.0142	0.0523
					0.0523	-0.0052	0.9986
					-0.0139	0.9999	0.0060
					23.6372	-17.1610	20.0663
				}
			}
			{bone "FXtraceR2"
				{Matrix34
					-0.9694	0.2453	0.0043
					0.0000	-0.0175	0.9998
					0.2453	0.9693	0.0169
					-33.1389	-16.3902	19.8319
			}
		}
	}
	{bone "emit1"
		{parameters "Group=crew;"}
		{Matrix34
			0.0105	0.9999	0.0000
			-0.9999	0.0105	0.0000
			0.0000	0.0000	1.0000
			11.2675	-32.7179	1.3000
		}
	}
	{bone "emit2"
		{parameters "Group=crew;"}
		{Matrix34
			-0.0070	-0.9998	-0.0209
			1.0000	-0.0070	-0.0001
			0.0000	-0.0209	0.9998
			11.6095	35.2952	1.4557
		}
	}
	{bone "emit3"
		{parameters "Group=crew;"}
		{Matrix34
			0.0105	0.9999	0.0000
			-0.9999	0.0105	0.0000
			0.0000	0.0000	1.0000
			-24.7331	-32.7400	1.3000
		}
	}
	{bone "emit4"
		{parameters "Group=crew;"}
		{Matrix34
			-0.0070	-0.9998	-0.0209
			1.0000	-0.0070	-0.0001
			0.0000	-0.0209	0.9998
			-23.5905	35.5416	1.4557
		}
	}
}
}
{Volume "Engine"
	{Box 14.6814 12.5500 9.8747}
	{Bone "engine"}
	{Matrix34
		1.0000	0.0000	0.0000
		0.0000	1.0000	0.0000
		0.0000	0.0000	1.0000
		0.0000	0.0000	0.0000
	}
}
{Volume "Body2"
	{Box 31.4667 29.8829 11.5687}
	{Bone "Body"}
	{Matrix34
		2.2082	0.0000	0.0000
		0.0000	0.0000	-1.5176
		0.0000	1.7897	0.0000
		0.1951	8.0622	0.5981
	}
}
{Volume "Body1"
	{Polyhedron "Body1.vol"}
	{Bone "Body"}
	{Matrix34
		1.0868	0.0000	0.0000
		0.0000	0.0000	-1.1040
		0.0000	0.8600	0.0000
		3.8904	-5.3010	-0.0045
	}
}
{Volume "Body3"
	{Box 1.4667 22.8829 41.5687}
	{Bone "gun_turret"}
	{Matrix34
		0.9003	0.0000	0.4352
		0.4352	0.0000	-0.9003
		0.0000	1.0000	0.0000
		-0.6049	0.6622	12.9981
	}
}
{Volume "gun"
	{Cylinder 1.58497 100.7257}
	{Bone "gun"}
	{Matrix34
		0.0000	0.0000	1.0000
		0.0000	1.0000	0.0000
		-1.0000	0.0000	0.0000
		30.0000	0.0000	0.0000
	}
}
{Volume "Inventory"
	{Box 9.8075 16.7815 13.7627}
	{Bone "Body"}
	{Matrix34
		0.9703	0.0000	0.0000
		0.0000	0.0000	-0.7323
		0.0000	0.9631	0.0000
		7.9034	0.6870	0.4420
	}
}
{Volume "trackright"
	{Box 73.7008 4.8622 19.6850}
	{Bone "WheelsR"}
	{Matrix34
		-1.1233	0.0000	0.0000
		0.0000	0.0000	1.2923
		0.0000	-0.8727	0.0000
		4.6407	-9.8223	20.2027
	}
}
{Volume "trackleft"
	{Box 73.6916 4.8665 19.6850}
	{Bone "WheelsL"}
	{Matrix34
		-1.1230	0.0000	0.0000
		0.0000	0.0000	1.3556
		0.0000	0.8819	0.0000
		4.2577	-8.7362	-19.3731
	}
}
