;Exported by: shevchenko
;Date:        Mon Apr 19 11:28:46 2004
;File:        D:\-Projects-\-3DWork-\sheva\e-house29_1_x.max
{Skeleton
	{animation
		{sequence "crush" {speed 0.8}}
	}
	{bone "e_house29_corner3_x"
		{parameters "CommonMesh;"}
		{Orientation
			1.0000	0.0000	0.0000
			0.0000	-1.0000	0.0000
			0.0000	0.0000	1.0000
		}
		{VolumeView "e_house29_corner3_x.ply"}
		{bone "piece0"
			{Matrix34
				-1.0000	0.0000	0.0000
				0.0000	0.0000	1.0000
				0.0000	1.0000	-0.0000
				-27.2752	28.5854	150.3933
			}
			{VolumeView "piece0.ply"}
		}
		{bone "piece1"
			{Matrix34
				-1.0000	0.0000	0.0000
				0.0000	0.0000	1.0000
				0.0000	1.0000	-0.0000
				-22.1604	28.4813	90.0105
			}
			{VolumeView "piece1.ply"}
		}
		{bone "piece2"
			{Matrix34
				-1.0000	0.0000	0.0000
				0.0000	0.0000	1.0000
				0.0000	1.0000	-0.0000
				20.0422	28.4813	87.8823
			}
			{VolumeView "piece2.ply"}
		}
		{bone "piece3"
			{Matrix34
				-1.0000	0.0000	0.0000
				0.0000	0.0000	1.0000
				0.0000	1.0000	-0.0000
				-4.1053	28.4813	37.6733
			}
			{VolumeView "piece3.ply"}
		}
		{bone "piece4"
			{Matrix34
				-1.0000	0.0000	0.0000
				0.0000	0.0000	1.0000
				0.0000	1.0000	-0.0000
				31.9828	17.7647	87.1685
			}
			{VolumeView "piece4.ply"}
		}
		{bone "sub_piece0"
			{Matrix34
				-1.0000	0.0000	0.0000
				0.0000	0.0000	1.0000
				0.0000	1.0000	-0.0000
				-3.7897	28.4813	120.2097
			}
			{VolumeView "sub_piece0.ply"}
		}
		{bone "sub_piece1"
			{Matrix34
				-1.0000	0.0000	0.0000
				0.0000	0.0000	1.0000
				0.0000	1.0000	-0.0000
				23.6294	28.4813	53.6376
			}
			{VolumeView "sub_piece1.ply"}
		}
		{bone "sub_piece2"
			{Matrix34
				-1.0000	0.0000	0.0000
				0.0000	0.0000	1.0000
				0.0000	1.0000	-0.0000
				-22.0696	28.4813	12.5348
			}
			{VolumeView "sub_piece2.ply"}
		}
		{bone "sub_piece3"
			{Matrix34
				-1.0000	0.0000	0.0000
				0.0000	0.0000	1.0000
				0.0000	1.0000	-0.0000
				25.1822	28.4813	13.5087
			}
			{VolumeView "sub_piece3.ply"}
		}
		{bone "sub_piece4"
			{Matrix34
				-1.0000	0.0000	0.0000
				0.0000	0.0000	1.0000
				0.0000	1.0000	-0.0000
				31.9828	-15.5626	86.6142
			}
			{VolumeView "sub_piece4.ply"}
		}
		{bone "piece5"
			{Matrix34
				-1.0000	0.0000	-0.0000
				-0.0000	0.0000	1.0000
				0.0000	1.0000	-0.0000
				-10.3058	11.8110	35.8386
			}
			{VolumeView "piece5.ply"}
		}
		{bone "sub_piece6"
			{Matrix34
				-1.0000	0.0000	-0.0000
				-0.0000	0.0000	1.0000
				0.0000	1.0000	-0.0000
				14.5993	11.8110	48.3206
			}
			{VolumeView "sub_piece6.ply"}
		}
		{bone "sub_piece5"
			{Position 17.6969	-15.7480	53.0311}
			{VolumeView "sub_piece5.ply"}
		}
	}
}
{Volume "sub_piece5"
	{Box 19.0551 24.0816 3.93701}
	{Bone "sub_piece5"}
	{Matrix34
		-1.0000	0.0000	-0.0000
		-0.0000	-1.0000	0.0000
		-0.0000	0.0000	1.0000
		1.5278	2.1023	0.0875
	}
}
{Volume "sub_piece6"
	{Box 28.9303 25.1181 5.97861}
	{Bone "sub_piece6"}
	{Matrix34
		0.9829	-0.1843	-0.0000
		-0.0000	-0.0000	-1.0000
		0.1843	0.9829	-0.0000
		-0.1243	2.3003	-0.0186
	}
}
{Volume "piece5"
	{Box 28.9303 25.1181 6.87197}
	{Bone "piece5"}
	{Matrix34
		0.8343	-0.5514	0.0000
		-0.0000	-0.0000	-1.0000
		0.5514	0.8343	-0.0000
		0.7971	1.8451	-0.0186
	}
}
{Volume "sub_piece4"
	{Box 7.87402 10.516 30.7176}
	{Bone "sub_piece4"}
	{Matrix34
		1.0000	0.0000	-0.0000
		0.0000	-0.0000	-1.0000
		0.0000	1.0000	-0.0000
		-0.0475	-2.7643	1.5990
	}
}
{Volume "sub_piece3"
	{Box 15.6151 7.87402 15.7722}
	{Bone "sub_piece3"}
	{Matrix34
		0.9911	-0.1333	0.0000
		-0.0000	-0.0000	-1.0000
		0.1333	0.9911	-0.0000
		1.4442	0.4941	-0.0385
	}
}
{Volume "sub_piece2"
	{Box 12.2205 7.87402 13.4098}
	{Bone "sub_piece2"}
	{Matrix34
		0.8769	0.4806	-0.0000
		0.0000	-0.0000	-1.0000
		-0.4806	0.8769	-0.0000
		-0.5988	-1.4656	-0.0385
	}
}
{Volume "sub_piece1"
	{Box 13.5784 7.87402 14.0014}
	{Bone "sub_piece1"}
	{Matrix34
		0.8392	0.5438	-0.0000
		0.0000	-0.0000	-1.0000
		-0.5438	0.8392	-0.0000
		-0.2516	1.2063	-0.0385
	}
}
{Volume "sub_piece0"
	{Box 14.9362 7.87402 16.3678}
	{Bone "sub_piece0"}
	{Matrix34
		0.9947	-0.1031	0.0000
		-0.0000	-0.0000	-1.0000
		0.1031	0.9947	-0.0000
		1.5031	-0.2571	-0.0385
	}
}
{Volume "piece4"
	{Box 7.87402 12.8905 37.7462}
	{Bone "piece4"}
	{Matrix34
		1.0000	0.0000	-0.0000
		0.0000	-0.0000	-1.0000
		0.0000	1.0000	-0.0000
		-0.0475	0.2301	0.1750
	}
}
{Volume "piece3"
	{Box 23.1442 7.87402 29.8781}
	{Bone "piece3"}
	{Matrix34
		0.9331	-0.3596	-0.0000
		-0.0000	-0.0000	-1.0000
		0.3596	0.9331	-0.0000
		-2.3361	-0.2217	-0.0385
	}
}
{Volume "piece2"
	{Box 17.6519 7.87402 35.2992}
	{Bone "piece2"}
	{Matrix34
		1.0000	0.0000	-0.0000
		0.0000	-0.0000	-1.0000
		0.0000	1.0000	-0.0000
		0.7353	-1.3480	-0.0385
	}
}
{Volume "piece1"
	{Box 18.8434 7.87402 40.8919}
	{Bone "piece1"}
	{Matrix34
		0.9976	-0.0692	0.0000
		-0.0000	-0.0000	-1.0000
		0.0692	0.9976	-0.0000
		-1.6597	-1.5406	-0.0385
	}
}
{Volume "piece0"
	{Box 14.5968 7.87402 29.1859}
	{Bone "piece0"}
	{Matrix34
		1.0000	0.0000	-0.0000
		0.0000	-0.0000	-1.0000
		0.0000	1.0000	-0.0000
		-1.9357	0.0084	-0.1426
	}
}
