;Exported by: shevchenko
;Date:        Mon Mar 15 15:22:47 2004
;File:        D:\-Projects-\-3DWork-\sheva\shed_evro2_x.max
{Skeleton
	{animation
		{sequence "crush" {speed 0.8}}
	}
	{bone "shed_evro2_coner1_x"
		{parameters "CommonMesh;"}
		{Orientation
			1.0000	0.0000	0.0000
			0.0000	-1.0000	0.0000
			0.0000	0.0000	1.0000
		}
		{VolumeView "shed_evro2_coner1_x.ply"}
		{bone "piece0"
			{Matrix34
				-0.0000	-1.0000	0.0000
				0.5425	-0.0000	0.8401
				-0.8401	0.0000	0.5425
				-2.1591	4.0542	55.6887
			}
			{VolumeView "piece0.ply"}
		}
		{bone "piece2"
			{Matrix34
				-0.0000	-1.0000	0.0000
				-0.0000	0.0000	1.0000
				-1.0000	0.0000	-0.0000
				-16.4304	-2.2951	26.5331
			}
			{VolumeView "piece2.ply"}
		}
		{bone "piece3"
			{Matrix34
				-0.0000	-1.0000	0.0000
				-0.0000	0.0000	1.0000
				-1.0000	0.0000	-0.0000
				-16.4227	-25.0484	9.1083
			}
			{VolumeView "piece3.ply"}
		}
		{bone "piece4"
			{Matrix34
				-0.0000	-1.0000	0.0000
				-0.0000	0.0000	1.0000
				-1.0000	0.0000	-0.0000
				-16.4227	17.7621	9.8190
			}
			{VolumeView "piece4.ply"}
		}
		{bone "piece6"
			{Matrix34
				-0.0000	-1.0000	0.0000
				-0.0000	0.0000	1.0000
				-1.0000	0.0000	-0.0000
				6.8759	29.6800	21.2065
			}
			{VolumeView "piece6.ply"}
		}
		{bone "piece7"
			{Matrix34
				-0.0000	-1.0000	0.0000
				-0.0000	0.0000	1.0000
				-1.0000	0.0000	-0.0000
				-6.5802	4.0542	15.8532
			}
			{VolumeView "piece7.ply"}
		}
		{bone "piece8"
			{Matrix34
				-0.0000	-1.0000	0.0000
				-0.0000	0.0000	1.0000
				-1.0000	0.0000	-0.0000
				20.9789	4.0398	9.8425
			}
			{VolumeView "piece8.ply"}
		}
		{bone "piece9"
			{Matrix34
				-0.0000	-1.0000	0.0000
				-0.0000	0.0000	1.0000
				-1.0000	0.0000	-0.0000
				20.9789	4.0398	37.4016
			}
			{VolumeView "piece9.ply"}
		}
		{bone "sub_piece8"
			{Matrix34
				-0.0000	-1.0000	0.0000
				-0.0737	0.0000	0.9973
				-0.9973	0.0000	-0.0737
				13.3536	4.0542	64.2411
			}
			{VolumeView "sub_piece8.ply"}
		}
		{bone "sub_piece2"
			{Matrix34
				-0.0000	-1.0000	0.0000
				-0.0000	0.0000	1.0000
				-1.0000	0.0000	-0.0000
				-16.4227	-2.2402	42.6391
			}
			{VolumeView "sub_piece2.ply"}
		}
		{bone "sub_piece4"
			{Matrix34
				-0.0000	-1.0000	0.0000
				-0.0000	0.0000	1.0000
				-1.0000	0.0000	-0.0000
				-16.4304	-28.3785	29.5276
			}
			{VolumeView "sub_piece4.ply"}
		}
		{bone "sub_piece3"
			{Matrix34
				-0.0000	-1.0000	0.0000
				-0.0000	0.0000	1.0000
				-1.0000	0.0000	-0.0000
				-16.4227	13.8463	36.8659
			}
			{VolumeView "sub_piece3.ply"}
		}
		{bone "sub_piece5"
			{Matrix34
				-0.0000	-1.0000	0.0000
				-0.0000	0.0000	1.0000
				-1.0000	0.0000	-0.0000
				-16.4227	28.6932	23.6220
			}
			{VolumeView "sub_piece5.ply"}
		}
		{bone "sub_piece7"
			{Matrix34
				-0.0000	-1.0000	0.0000
				-0.0000	0.0000	1.0000
				-1.0000	0.0000	-0.0000
				8.4245	4.0542	49.7029
			}
			{VolumeView "sub_piece7.ply"}
		}
		{bone "exterior"
			{Position 3.1245	-5.5391	54.7835}
		}
	}
}
{Volume "sub_piece7"
	{Box 7.88688 5.90551 9.47311}
	{Bone "sub_piece7"}
	{Matrix34
		0.0000	-0.9685	-0.2488
		-1.0000	-0.0000	-0.0000
		0.0000	0.2488	-0.9685
		0.0053	-0.2933	0.1440
	}
}
{Volume "sub_piece5"
	{Box 6.40129 14.4478 5.90551}
	{Bone "sub_piece5"}
	{Matrix34
		0.9976	-0.0696	-0.0000
		0.0696	0.9976	0.0000
		-0.0000	-0.0000	1.0000
		-0.0168	-0.0636	0.0000
	}
}
{Volume "sub_piece3"
	{Box 5.36936 5.56433 5.90551}
	{Bone "sub_piece3"}
	{Matrix34
		0.8315	-0.5555	0.0000
		0.5555	0.8315	0.0000
		-0.0000	-0.0000	1.0000
		-0.4469	0.2237	0.0000
	}
}
{Volume "sub_piece4"
	{Box 9.18277 13.7572 5.90551}
	{Bone "sub_piece4"}
	{Matrix34
		0.9889	-0.1486	-0.0000
		0.1486	0.9889	0.0000
		-0.0000	-0.0000	1.0000
		-0.4894	-0.3143	-0.0077
	}
}
{Volume "sub_piece2"
	{Box 17.0065 7.5984 5.90551}
	{Bone "sub_piece2"}
	{Matrix34
		0.9931	0.1175	0.0000
		-0.1175	0.9931	0.0000
		0.0000	-0.0000	1.0000
		0.3756	-0.0739	-0.0000
	}
}
{Volume "sub_piece8"
	{Box 10.1174 5.90551 8.06595}
	{Bone "sub_piece8"}
	{Matrix34
		0.0000	0.0000	-1.0000
		-1.0000	-0.0000	-0.0000
		-0.0000	1.0000	0.0000
		0.0052	-0.6798	0.9475
	}
}
{Volume "piece9"
	{Box 8.46172 5.90551 14.7416}
	{Bone "piece9"}
	{Matrix34
		0.0000	0.0000	-1.0000
		-1.0000	-0.0000	-0.0000
		-0.0000	1.0000	0.0000
		-0.0091	-0.5145	0.7222
	}
}
{Volume "piece8"
	{Box 8.46172 5.90551 18.0235}
	{Bone "piece8"}
	{Matrix34
		0.0000	0.0000	-1.0000
		-1.0000	-0.0000	-0.0000
		-0.0000	1.0000	0.0000
		-0.0091	-0.8308	0.7222
	}
}
{Volume "piece7"
	{Box 7.29459 5.90551 26.8041}
	{Bone "piece7"}
	{Matrix34
		-0.0000	0.0334	-0.9994
		-1.0000	-0.0000	0.0000
		-0.0000	0.9994	0.0334
		0.0052	-0.5179	0.2158
	}
}
{Volume "piece6"
	{Box 12.8702 5.90551 19.5134}
	{Bone "piece6"}
	{Matrix34
		-0.0000	0.1469	-0.9892
		-1.0000	-0.0000	0.0000
		-0.0000	0.9892	0.1469
		0.0005	0.8978	0.1013
	}
}
{Volume "piece4"
	{Box 10.8496 16.981 5.90551}
	{Bone "piece4"}
	{Matrix34
		0.9853	-0.1711	0.0000
		0.1711	0.9853	0.0000
		-0.0000	-0.0000	1.0000
		0.9053	-0.3618	0.0000
	}
}
{Volume "piece3"
	{Box 14.3302 17.4031 5.90551}
	{Bone "piece3"}
	{Position 0.8651	-0.3998	0.0000}
}
{Volume "piece2"
	{Box 10.0902 19.8678 5.90551}
	{Bone "piece2"}
	{Matrix34
		0.9942	0.1077	-0.0000
		-0.1077	0.9942	0.0000
		0.0000	-0.0000	1.0000
		0.7397	-0.5222	-0.0076
	}
}
{Volume "piece0"
	{Box 8.46172 5.90551 14.4453}
	{Bone "piece0"}
	{Matrix34
		0.0000	-0.3919	-0.9200
		-1.0000	-0.0000	-0.0000
		0.0000	0.9200	-0.3919
		0.0053	-0.0625	-0.2520
	}
}
