;Modified by: Albus
;Date:        Mon May 26 19:19:48 2008
{Skeleton
	{animation
		{sequence "recoil" {speed 0.8}}
		{sequence "fire"}
	}
	{bone "Basis"
		{Orientation
			1.0000	0.0000	0.0000
			0.0000	-1.0000	0.0000
			0.0000	0.0000	1.0000
		}
		{bone "Body"
			{parameters "ID=body;"}
			{Position -6.6957	-0.6105	2.4000}
			{VolumeView "Body.ply"}
			{bone revolute "Turret"
				{parameters "ID=Turret;"}
				{speed 0.0180}
				{Position 1.2514	-0.0146	4.5189}
				{VolumeView "Turret.ply"}
					{bone revolute "Gun_rot"
						{parameters "ID=gun;"}
						{limits -50.0000 10.0000}
						{speed 0.0200}
						{Matrix34
							0.7924	0.0000	0.6101
							-0.6101	-0.0000	0.7924
							0.0000	-1.0000	0.0000
							7.2625	-9.6351	9.3802
						}
						{VolumeView "Gun_rot.ply"}
						{bone "Gun"
							{parameters "ID=gun;"}
							{Matrix34
								0.0000	0.0000	-1.0000
								0.0000	1.0000	0.0000
								1.0000	0.0000	0.0000
								-6.4957	-0.4000	0.9000
							}
							{VolumeView "Gun.ply"}
							{bone "shooter00"
								{Matrix34
									0.0000	0.0000	1.0000
									1.0000	0.0000	0.0000
									0.0000	1.0000	0.0000
									11.3903	7.0245	58.2597
								}
							}
							{bone "Foresight1"
								{Matrix34
									0.0000	0.0000	1.0000
									1.0000	0.0000	0.0000
									0.0000	1.0000	0.0000
									11.5903	7.0245	58.1894
								}
							}
						}
					}
					{bone "gunner"
						{Matrix34
							0.9337	0.0005	0.3580
							-0.0006	1.0000	0.0001
							-0.3580	-0.0003	0.9337
							-8.5446	-7.1520	-2.4644
						}
					}
					{bone "FXshell1"
						{Matrix34
							-0.7124	0.0000	0.7018
							0.0000	1.0000	0.0000
							-0.7018	0.0000	-0.7124
							-1.6632	0.1360	9.9478
						}
					}
					{bone "commander"
						{Matrix34
							0.9337	0.0005	0.3580
							-0.0006	1.0000	0.0001
							-0.3580	-0.0003	0.9337
							-6.4742	8.5982	-2.9255
						}
					}
				{bone "shield_right"
					{parameters "ID=shield_right;"}
					{animation
						{sequence "repair" {file "shield_right_r.anm"} {speed 0.8}}
					}
					{Position 11.3135	-2.4093	1.1688}
					{VolumeView "shield_right.ply"}
				}
				{bone "Visor"
					{Position 15.0207	-9.8725	16.1725}
				}
				{bone "shield_left"
					{parameters "ID=shield_left;"}
					{animation
						{sequence "repair" {file "shield_left_r.anm"} {speed 0.8}}
					}
					{Matrix34
						1.0000	0.0018	-0.0055
						-0.0020	0.9997	-0.0261
						0.0055	0.0261	0.9996
						11.7391	2.8095	1.4979
					}
					{VolumeView "shield_left.ply"}
				}
			}
		}
		{bone "emit2"
			{parameters "Group=crew;"}
			{Position -10.0547	19.1045	0.2285}
			{visibility 0}
		}
		{bone "emit1"
			{parameters "Group=crew;"}
			{Position -9.7736	-19.0189	0.2285}
			{visibility 0}
		}
	}
}
{Obstacle "Obstacle"
	{Obb2
		{Center -9.64388 -0.14577}
		{Extent 17.0775 7.97303}
		{Axis -1 0}
	}
	{Rotate}
}
{Volume "body"
	{Box 56.4554 25.3402 8.3783}
	{Bone "Body"}
	{Position 1.7935	0.0000	4.8597}
}
{Volume "shield_left"
	{Box 3.4554 11.3402 14.3783}
	{Bone "shield_left"}
	{Matrix34
		0.9971	0.0000	0.0756
		0.0000	1.0000	0.0000
		-0.0756	0.0000	0.9971
		-4.0326	5.3347	13.1081
	}
}
{Volume "shield_right"
	{Box 3.4554 11.3402 14.3783}
	{Bone "shield_right"}
	{Position -4.3732 -5.7361 13.3331}
}
{Volume "turret"
	{Box 14.4960 6.4367 10.8293}
	{Bone "Turret"}
	{Position 1.7933 0.0109 11.6123}
}
{Volume "gun"
	{Cylinder 0.47952 28.30390}
	{Bone "Gun"}
	{Matrix34
		0.8159	0.0000	0.0000
		0.0000	1.2948	0.0000
		0.0000	0.0000	1.6630
		11.4883	6.6000	29.5839
	}
}
