{Skeleton
	{bone "Basis"
		{parameters "SteerMax=30;WheelRadius=0.5;"}
		{Orientation
			1.0000	0.0000	0.0000
			0.0000	-1.0000	0.0000
			0.0000	0.0000	1.0000
		}
		{bone "Body"
			{parameters "ID=body;"}
			{Matrix34
				0.0000	-1.0000	0.0000
				1.0000	0.0000	0.0000
				0.0000	0.0000	1.0000
				-0.2000	0.0000	35.8000
			}
			{VolumeView "body.ply"}
			{bone "cabin"
				{parameters "ID=bodyback;"}
				{Position 0.6000 0.0000 -82.8000}
				{VolumeView "cabin.ply"}
				{bone "PetliaL"
					{Matrix34
						0.0487	0.9988	0.0000
						-0.9988	0.0487	0.0000
						0.0000	0.0000	1.0000
						-17.0805	45.5863	86.9999
					}
					{bone "DoorL"
						{parameters "ID=cabine;"}
						{VolumeView "DoorL.ply"}
					}
				}
				{bone "PetliaR"
					{Matrix34
						0.9857	0.1679	0.0154
						0.1678	-0.9858	0.0039
						0.0158	-0.0013	-0.9998
						15.8758	44.0081	79.4439
					}
					{bone "DoorR"
						{parameters "ID=cabine;"}
						{Matrix34
							0.0000	1.0000	0.0000
							0.0000	0.0000	1.0000
							1.0000	0.0000	0.0000
							0.0000	0.0000	0.0000
						}
						{VolumeView "DoorR.ply"}
					}
				}
			}
			{bone "bodyback"
				{parameters "ID=bodyback;"}
				{Position -1.0000 0.0000 -26.5000}
				{VolumeView "Kuzov.ply"}
				{bone "Stanok"
					{parameters "ID=body;"}
					{Matrix34
						0.0070	-0.9999	-0.0140
						1.0000	0.0070	0.0005
						-0.0004	-0.0140	0.9999
						-0.1333	-16.0216	15.9779
					}
					{VolumeView "Stanok.ply"}
						{bone revolute "Turret"
						{parameters "ID=Turret;"}
						{limits -140.0000 140.0000}
						{speed 0.0100}
						{Position 1.2514 -0.0146 2.7189}
						{VolumeView "Turret.ply"}
						{bone revolute "Gun_rot"
							{parameters "ID=gun;"}
							{limits -50.0000 10.0000}
							{speed 0.0200}
							{Matrix34
								0.7924	0.0000	0.6101
								-0.6101	0.0000	0.7924
								0.0000	-1.0000	0.0000
								7.2625	-9.6351	9.3802
							}
							{VolumeView "Gun_rot.ply"}
							{bone "Gun"
								{parameters "ID=gun;"}
								{Matrix34
									0.0000	0.0000	-1.0000
									0.0000	1.0000	0.0000
									1.0000	0.0000	0.0000
									-6.4957	-0.4000	0.9000
								}
								{VolumeView "Gun.ply"}
							}
						}
						{bone "part1"
							{parameters "ID=shield_right;"}
							{Matrix34
								1.0000	0.0000	0.0000
								0.0000	0.8607	0.5090
								0.0000	-0.5090	0.8607
								0.0000	0.0000	0.0000
							}
							{VolumeView "shield_right.ply"}
						}
						{bone "part2"
							{parameters "ID=shield_left;"}
							{Matrix34
								0.8926	0.0817	0.4435
								0.1154	0.9093	-0.3998
								-0.4359	0.4080	0.8021
								11.7391	2.8095	1.4979
							}
							{VolumeView "shield_left.ply"}
						}
					}
				}
			}
			{bone "engine"
				{parameters "ID=engine;"}
				{Position 1.5000 -0.2000 -72.8000}
				{VolumeView "engine.ply"}
			}
		}
		{bone "pivot_back"
			{parameters "ID=body;"}
			{Matrix34
				0.9965	0.0116	0.0831
				-0.0131	0.9997	0.0180
				-0.0829	-0.0190	0.9964
				-46.2417	-0.0126	10.3764
			}
			{VolumeView "pivot_back.ply"}
			{bone revolute "spring_R"
				{Matrix34
					0.9961	-0.0098	-0.0882
					0.0079	0.9997	-0.0216
					0.0884	0.0208	0.9959
					1.6263	-13.3341	0.5743
				}
				{bone revolute "wheelR2"
					{parameters "ID=wheelright2;"}
					{Matrix34
						1.0000	0.0000	0.0070
						0.0070	-0.0121	-0.9999
						0.0001	0.9999	-0.0121
						0.0000	-4.2300	0.0066
					}
					{VolumeView "wheelR2.ply"}
				}
			}
			{bone revolute "spring_L"
				{Matrix34
					0.9963	-0.0119	-0.0849
					0.0090	0.9994	-0.0336
					0.0852	0.0328	0.9958
					2.0098	18.1061	-0.0015
				}
				{bone revolute "wheelL2"
					{parameters "ID=wheelleft2;"}
					{Matrix34
						1.0000	0.0000	0.0000
						0.0000	0.0024	-1.0000
						0.0000	1.0000	0.0024
						0.0000	1.3517	0.2615
					}
					{VolumeView "wheelL2.ply"}
				}
			}
		}
		{bone "pivot_front"
			{Matrix34
				-0.9999	-0.0103	0.0107
				0.0106	-0.9996	0.0258
				0.0105	0.0259	0.9996
				36.9363	0.2075	11.9990
			}
			{VolumeView "pivot_front.ply"}
				{bone revolute "steer_L"
				{Matrix34
					0.9993	-0.0295	-0.0218
					-0.0295	-0.9995	0.0004
					-0.0218	0.0003	-0.9998
					-0.6726	-18.0689	0.8011
				}
				{bone revolute "wheelL1"
					{parameters "ID=wheelleft1;"}
					{Matrix34
						1.0000	0.0000	0.0000
						0.0000	-0.0087	-1.0000
						0.0000	1.0000	-0.0087
						0.0000	1.0096	1.0912
					}
					{VolumeView "wheelL1.ply"}
				}
			}
			{bone revolute "steer_R"
				{Matrix34
					0.9996	-0.0141	-0.0222
					-0.0140	-0.9998	0.0082
					-0.0223	-0.0079	-0.9997
					-0.3468	16.9390	-0.2356
				}
				{bone revolute "wheelR1"
					{parameters "ID=wheelright1;"}
					{Matrix34
						1.0000	0.0000	0.0000
						0.0000	-0.0035	-1.0000
						0.0000	1.0000	-0.0035
						0.0000	-0.6965	1.0024
					}
					{VolumeView "wheelR1.ply"}
				}
			}
		}
	}
}
{Volume "cabin"
	{Box 20.9995 34.4692 33.0145}
	{Bone "cabin"}
	{Matrix34
		0.0085	-0.9422	0.0002
		1.0288	0.0114	-0.0036
		0.0024	-0.0071	0.6815
		-1.7425	35.9693	77.2406
	}
}
{Volume "wheelright2"
	{Cylinder 8.25610 5.42746}
	{Bone "WheelR2"}
	{Matrix34
		-1.0000	0.0000	0.0000
		0.0000	-1.0000	0.0000
		0.0000	0.0000	1.0000
		0.0148	0.0000	0.0349
	}
}
{Volume "wheelleft2"
	{Cylinder 8.25610 5.42746}
	{Bone "WheelL2"}
	{Matrix34
		-1.0000	0.0000	0.0000
		0.0000	-1.0000	0.0000
		0.0000	0.0000	1.0000
		0.0376	0.0000	-0.0079
	}
}
{Volume "wheelleft1"
	{Cylinder 8.25610 5.42746}
	{Bone "WheelL1"}
	{Matrix34
		-1.0000	0.0000	0.0000
		0.0000	-1.0000	0.0000
		0.0000	0.0000	1.0000
		0.0000	0.0000	-0.0012
	}
}
{Volume "wheelright1"
	{Cylinder 8.25610 5.42746}
	{Bone "WheelR1"}
	{Matrix34
		-1.0000	0.0000	0.0000
		0.0000	-1.0000	0.0000
		0.0000	0.0000	1.0000
		0.0000	0.0000	0.0349
	}
}
{Volume "part1"
	{Box 3.4554 11.3402 14.3783}
	{Bone "part1"}
	{Matrix34
		0.9971	0.0000	0.0756
		0.0000	1.0000	0.0000
		-0.0756	0.0000	0.9971
		-4.0326	5.3347	13.1081
	}
}
{Volume "part2"
	{Box 3.4554 11.3402 14.3783}
	{Bone "part2"}
	{Position -4.3732	-5.7361	13.3331}
}
{Volume "turret"
	{Box 14.4960 6.4367 10.8293}
	{Bone "Turret"}
	{Position 1.7933	0.0109	11.6123}
}
{Volume "gun"
	{Cylinder 0.47952 28.30390}
	{Bone "Gun"}
	{Matrix34
		0.8159	0.0000	0.0000
		0.0000	1.2948	0.0000
		0.0000	0.0000	1.6630
		11.4883	6.6000	29.5839
	}
}
{Volume "bodyback"
	{Box 125.8630 20.4690 8.6242}
	{Bone "bodyback"}
	{Matrix34
		0.0000	-0.6943	0.0000
		1.2754	0.0000	0.0000
		0.0000	0.0000	1.3217
		0.0000	-23.3784	18.9427
	}
}
