;Exported by: sk
;Date:        Fri Dec 19 13:15:21 2003
;File:        D:\-Projects-\-3DWork-\Constructions\CitY\mill_water_x.max
{Skeleton
	{bone "mill_water_x"
		{Orientation
			1.0000	0.0000	0.0000
			0.0000	-1.0000	0.0000
			0.0000	0.0000	1.0000
		}
		{VolumeView "mill_water_x.ply"}
		{bone "Piece0"
			{Matrix34
				0.0000	0.0000	1.0000
				-0.0000	-1.0000	0.0000
				1.0000	-0.0000	-0.0000
				13.2344	-1.9512	23.4012
			}
			{VolumeView "Piece0.ply"}
			{bone "Sub_piece1"
				{Position -15.3048	-25.7450	0.8198}
				{VolumeView "Sub_piece1.ply"}
			}
		}
		{bone "Piece1"
			{Matrix34
				-0.0000	-0.0000	1.0000
				-0.0000	1.0000	0.0000
				-1.0000	-0.0000	-0.0000
				14.0542	-38.9151	24.0025
			}
			{VolumeView "Piece1.ply"}
			{bone "Sub_piece0"
				{Position 0.0000	-0.0000	-0.0000}
				{VolumeView "Sub_piece0.ply"}
			}
		}
		{bone "Piece2"
			{Matrix34
				0.0000	0.0000	1.0000
				0.0000	1.0000	0.0000
				-1.0000	0.0000	0.0000
				28.8180	-21.5164	0.0000
			}
			{VolumeView "Piece2.ply"}
		}
		{bone "Piece3"
			{Matrix34
				0.0000	0.0000	1.0000
				0.0000	1.0000	0.0000
				-1.0000	0.0000	0.0000
				14.0542	-60.6689	-17.1474
			}
			{VolumeView "Piece3.ply"}
		}
	}
}
{Volume "Piece3"
	{Box 29.7415 16.4312 38.6391}
	{Bone "Piece3"}
	{Matrix34
		-0.0000	-0.0000	-1.0000
		0.3420	0.9397	-0.0000
		0.9397	-0.3420	-0.0000
		3.0584	-9.8641	0.6536
	}
}
{Volume "Piece2"
	{Box 29.7415 28.0974 76.655}
	{Bone "Piece2"}
	{Matrix34
		0.0000	-0.0000	-1.0000
		-0.9063	0.4226	-0.0000
		0.4226	0.9063	0.0000
		-37.8252	18.0369	15.4173
	}
}
{Volume "Sub_piece0"
	{Box 8.62503 28.7547 27.0474}
	{Bone "Sub_piece0"}
	{Matrix34
		0.0000	-0.0000	-1.0000
		0.6428	0.7660	0.0000
		0.7660	-0.6428	0.0000
		-27.7204	19.0187	-8.5925
	}
}
{Volume "Piece1"
	{Box 29.7415 20.4963 62.3212}
	{Bone "Piece1"}
	{Matrix34
		-0.0000	-0.0000	-1.0000
		-0.7071	0.7071	0.0000
		0.7071	0.7071	-0.0000
		8.8369	-12.9194	0.6535
	}
}
{Volume "Sub_piece1"
	{Box 29.7415 16.4312 46.1177}
	{Bone "Sub_piece1"}
	{Matrix34
		-0.0000	0.0000	1.0000
		0.8192	-0.5736	0.0000
		0.5736	0.8192	-0.0000
		7.1004	8.1944	-0.6536
	}
}
{Volume "Piece0"
	{Box 29.7415 16.4312 46.1177}
	{Bone "Piece0"}
	{Matrix34
		0.0000	0.0000	1.0000
		0.8192	-0.5736	0.0000
		0.5736	0.8192	-0.0000
		15.4904	-5.8747	0.1662
	}
}
