{mission
	{Camera
		{Position 4872.95 1713.97}
		{Distance 1198.47}
		{ViewAngle 0.524763}
		{YawAngle 0.172967}
	}
	{Environment "morning"}
	{User 1}
	{Registry
		{ShadowMaps "none"}
	}
	{GameProgress 0 0}
	{Entity "sdkfz251_1" 0x801a
		{Position 1090.03 -5395.44 20.7243}
		{Orientation
			 -0.032111   0.994940  -0.095203
			 -0.986484  -0.016236   0.163049
			  0.160678   0.099152   0.982014
		}
		{Player 2}
		{MID 27}
		{Weaponry
			{State
				{Weapon
					{Ammo "ammo mgun" 100}
				}
			}
		}
	}
	{Entity "_infantry2_rus" 0x8016
		{Position 1092.07 -5397.55 37.5977}
		{Orientation
			 -0.047694   0.994584  -0.092617
			 -0.985878  -0.031954   0.164537
			  0.160678   0.099152   0.982014
		}
		{Extender "inventory"
			{box
				{clear}
				{item "ammo pistol" 20 {cell 0 0}}
				{item "grenade m24" {cell 2 0}}
				{item "mp40" filling "ammo pistol" 32 {cell 4 0}}
			}
		}
		{DisableObstacles}
		{Player 2}
		{MID 4}
		{Breed "ger.farseer"}
		{FsmState "board"}
	}
	{Entity "_infantry2_rus" 0x8017
		{Position 1095.75 -5382.37 29.2101}
		{Orientation
			  0.026432   0.966325   0.256147
			 -0.986484  -0.016236   0.163049
			  0.161717  -0.256995   0.952835
		}
		{Extender "inventory"
			{box
				{clear}
				{item "grenade m24" {cell 0 1}}
				{item "ammo pistol" 20 {cell 0 0}}
				{item "mp40" filling "ammo pistol" 32 {cell 2 0}}
			}
		}
		{DisableObstacles}
		{Player 2}
		{MID 5}
		{Breed "ger.farseer"}
		{FsmState "board"}
	}
	{Entity "_infantry2_rus" 0x8018
		{Position 1097.36 -5402.88 35.5075}
		{Orientation
			 -0.943557   0.000030   0.331163
			  0.033295  -0.994920   0.095007
			  0.329483   0.100662   0.938763
		}
		{Extender "inventory"
			{box
				{clear}
				{item "ammo pistol" 20 {cell 0 0}}
				{item "grenade m24" {cell 2 0}}
				{item "mp40" filling "ammo pistol" 32 {cell 4 0}}
			}
		}
		{DisableObstacles}
		{Player 2}
		{MID 22}
		{Breed "ger.infantry_smg"}
		{FsmState "board"}
	}
	{Entity "_infantry2_rus" 0x8019
		{Position 1098.46 -5435.75 38.6457}
		{Orientation
			 -0.943557   0.000030   0.331163
			  0.033295  -0.994920   0.095007
			  0.329483   0.100662   0.938763
		}
		{Extender "inventory"
			{box
				{clear}
				{item "ammo pistol" 20 {cell 0 0}}
				{item "grenade m24" {cell 2 0}}
				{item "mp40" filling "ammo pistol" 32 {cell 4 0}}
			}
		}
		{DisableObstacles}
		{Player 2}
		{MID 26}
		{Breed "ger.infantry_smg"}
		{FsmState "board"}
	}
	{Entity "_infantry2_rus" 0x801b
		{Position 1098.12 -5425.62 37.6789}
		{Orientation
			 -0.943557   0.000030   0.331163
			  0.033295  -0.994920   0.095007
			  0.329483   0.100662   0.938763
		}
		{Extender "inventory"
			{box
				{clear}
				{item "ammo mgun" 50 {cell 0 0}}
				{item "grenade m24" {cell 2 0}}
				{item "mg42" filling "ammo mgun" 50 {cell 0 1}}
			}
		}
		{DisableObstacles}
		{Player 2}
		{MID 28}
		{Breed "ger.infantry_mgun"}
		{LastItem "mg42"}
		{FsmState "board"}
	}
	{Entity "_infantry2_rus" 0x801c
		{Position 1097.74 -5414.09 36.5776}
		{Orientation
			 -0.943557   0.000030   0.331163
			  0.033295  -0.994920   0.095007
			  0.329483   0.100662   0.938763
		}
		{Extender "inventory"
			{box
				{clear}
				{item "ammo pistol" 20 {cell 0 0}}
				{item "grenade m24" {cell 2 0}}
				{item "mp40" filling "ammo pistol" 32 {cell 4 0}}
			}
		}
		{DisableObstacles}
		{Player 2}
		{MID 30}
		{Breed "ger.infantry_smg"}
		{FsmState "board"}
	}
	{Entity "_infantry2_rus" 0x8020
		{Position 584.644 -1251.33 0}
		{Turn 166.362}
		{Extender "inventory"
			{box
				{clear}
				{item "ammo pistol" 20 {cell 0 0}}
				{item "grenade m24" {cell 2 0}}
			}
		}
		{Player 2}
		{MID 33}
		{Weaponry
			{State
				{Mounted "mp40"}
				{Weapon
					{Ammo "ammo pistol" 32}
				}
			}
		}
		{Breed "ger.infantry_smg"}
		{FsmState "stand"}
	}
	{Entity "_infantry2_rus" 0x8021
		{Position 431.185 -1054.03 0}
		{Turn -134.008}
		{Extender "inventory"
			{box
				{clear}
				{item "ammo pistol" 20 {cell 0 0}}
				{item "grenade m24" {cell 2 0}}
			}
		}
		{Player 2}
		{MID 34}
		{Weaponry
			{State
				{Mounted "mp40"}
				{Weapon
					{Ammo "ammo pistol" 32}
				}
			}
		}
		{Breed "ger.infantry_smg"}
		{Cover
			{sector 431.185 -1054.03 {type "look_left"}
				{wall 0 0 426.748 -1040.01 519.795 -1129.89}
			}
		}
		{FsmState "stand"}
	}
	{Entity "bmw-r12" 0x8022
		{Position 368.209 -1131.69 0}
		{Turn 119.585}
		{Player 2}
		{MID 35}
	}
	{Entity "_infantry2_rus" 0x8023
		{Position 674.828 -882.868 0}
		{Turn -108.779}
		{Extender "inventory"
			{box
				{clear}
				{item "grenade m24" {cell 1 0}}
				{item "ammo pistol" 20 {cell 3 0}}
			}
		}
		{Player 2}
		{MID 36}
		{Weaponry
			{State
				{Mounted "mp40"}
				{Weapon
					{Ammo "ammo pistol" 32}
				}
			}
		}
		{Breed "ger.infantry_ss"}
		{FsmState "stand"}
	}
	{Entity "_infantry2_rus" 0x801d
		{Position 817.138 -1045.95 0}
		{Turn 35.9999}
		{Extender "inventory"
			{box
				{clear}
				{item "ammo pistol" 20 {cell 0 0}}
				{item "grenade m24" {cell 2 0}}
			}
		}
		{Player 2}
		{MID 29}
		{Weaponry
			{State
				{Mounted "mp40"}
				{Weapon
					{Ammo "ammo pistol" 32}
				}
			}
		}
		{Breed "ger.infantry_smg"}
		{FsmState "stand"}
	}
	{Entity "_infantry2_rus" 0x801e
		{Position 817.496 -1023.12 0}
		{Extender "inventory"
			{box
				{clear}
				{item "ammo pistol" 20 {cell 0 0}}
				{item "grenade m24" {cell 2 0}}
			}
		}
		{Player 2}
		{MID 37}
		{Weaponry
			{State
				{Mounted "mp40"}
				{Weapon
					{Ammo "ammo pistol" 32}
				}
			}
		}
		{Breed "ger.infantry_smg"}
		{FsmState "stand"}
	}
	{Entity "_infantry2_rus" 0x801f
		{Position 1185.15 -5538.99 34.6963}
		{Turn 112.771}
		{Extender "inventory"
			{box
				{clear}
				{item "grenade m24" {cell 1 0}}
				{item "ammo pistol" 20 {cell 3 0}}
			}
		}
		{Player 2}
		{MID 38}
		{Weaponry
			{State
				{Mounted "mp40"}
				{Weapon
					{Ammo "ammo pistol" 28}
				}
			}
		}
		{Breed "ger.infantry_ss"}
		{FsmState "stand"}
	}
	{Entity "_infantry2_rus" 0x8024
		{Position 1142.62 -5536.6 38.717}
		{Turn 113.408}
		{Extender "inventory"
			{box
				{clear}
				{item "grenade m24" {cell 1 0}}
				{item "ammo pistol" 20 {cell 3 0}}
			}
		}
		{Player 2}
		{MID 39}
		{Weaponry
			{State
				{Mounted "mp40"}
				{Weapon
					{Ammo "ammo pistol" 28}
				}
			}
		}
		{Breed "ger.infantry_ss"}
		{FsmState "stand"}
	}
	{Entity "_infantry2_rus" 0x8025
		{Position 591.922 -2526 0}
		{Turn 70.6312}
		{Extender "inventory"
			{box
				{clear}
				{item "ammo pistol" 20 {cell 0 0}}
				{item "mp40" {cell 0 1}}
				{item "grenade m24" {cell 4 0}}
			}
		}
		{DisableObstacles}
		{Player 2}
		{MID 40}
		{Breed "ger.infantry_smg"}
		{FsmState "board"}
	}
	{Entity "_infantry2_rus" 0x8026
		{Position 576.924 -2519.08 0}
		{Turn -93.0468}
		{Extender "inventory"
			{box
				{clear}
				{item "ammo pistol" 20 {cell 0 0}}
				{item "grenade m24" {cell 2 0}}
			}
		}
		{Player 2}
		{MID 41}
		{Weaponry
			{State
				{Mounted "mp40"}
				{Weapon
					{Ammo "ammo pistol" 32}
				}
			}
		}
		{Breed "ger.infantry_smg"}
		{FsmState "stand"}
	}
	{Entity "_infantry2_rus" 0x8027
		{Position 570.428 -2541.58 0}
		{Turn 165.85}
		{Extender "inventory"
			{box
				{clear}
				{item "ammo pistol" 20 {cell 0 0}}
				{item "grenade m24" {cell 2 0}}
			}
		}
		{Player 2}
		{MID 42}
		{Weaponry
			{State
				{Mounted "mp40"}
				{Weapon
					{Ammo "ammo pistol" 32}
				}
			}
		}
		{Breed "ger.infantry_smg"}
		{FsmState "squat"}
	}
	{Entity "mg34_stan" 0x8028
		{Position 596.86 -2512.63 0}
		{Turn 70.6312}
		{Extender "inventory"
			{box
				{clear}
				{item "ammo mgun" 1000 {cell 0 0}}
				{item "ammo mgun" 100 {cell 2 0}}
			}
		}
		{Player 2}
		{MID 43}
		{Weaponry
			{State
				{Weapon
					{Ammo "ammo mgun" 100}
				}
			}
		}
	}
	{Entity "mg34_stan" 0x8029
		{Position 4137.01 -2187.52 0}
		{Turn 101.265}
		{Player 2}
		{MID 44}
		{Weaponry
			{State
				{Weapon
					{Ammo "ammo mgun" 100}
				}
			}
		}
	}
	{Entity "_infantry2_rus" 0x802a
		{Position 4139.57 -2201.54 0}
		{Turn 101.265}
		{Extender "vitality"
			{Health
				{Max 400}
				{Current 400}
			}
		}
		{Extender "inventory"
			{box
				{clear}
				{item "ammo pistol" 20 {cell 0 0}}
				{item "mp40" {cell 0 1}}
				{item "grenade m24" {cell 4 0}}
			}
		}
		{DisableObstacles}
		{Player 2}
		{MID 45}
		{Breed "ger.infantry_smg"}
		{FsmState "board"}
	}
	{Entity "_infantry2_rus" 0x802b
		{Position 4176.43 -2179.72 0}
		{Turn 63.2266}
		{Extender "vitality"
			{Health
				{Max 400}
				{Current 400}
			}
		}
		{Extender "inventory"
			{box
				{clear}
				{item "ammo pistol" 21 {cell 0 0}}
				{item "grenade m24" {cell 2 0}}
				{item "ammo pistol" 23 {cell 0 1}}
			}
		}
		{Player 2}
		{MID 46}
		{Weaponry
			{State
				{Mounted "mp40"}
				{Weapon
					{Ammo "ammo pistol" 32}
				}
			}
		}
		{Breed "ger.infantry_smg"}
		{FsmState "squat"}
	}
	{Entity "_infantry2_rus" 0x802c
		{Position 4105.59 -2203.63 0}
		{Turn 152.799}
		{Extender "vitality"
			{Health
				{Max 400}
				{Current 400}
			}
		}
		{Extender "inventory"
			{box
				{clear}
				{item "ammo pistol" 25 {cell 0 0}}
				{item "grenade m24" {cell 2 0}}
			}
		}
		{Player 2}
		{MID 47}
		{Weaponry
			{State
				{Mounted "mp40"}
				{Weapon
					{Ammo "ammo pistol" 32}
				}
			}
		}
		{Breed "ger.infantry_smg"}
		{FsmState "squat"}
	}
	{Entity "_infantry2_rus" 0x802d
		{Position 4229.47 -1905.84 5.77979}
		{Turn -28.1447}
		{Extender "vitality"
			{Health
				{Max 400}
				{Current 400}
			}
		}
		{Extender "inventory"
			{box
				{clear}
				{item "ammo pistol" 22 {cell 0 0}}
				{item "grenade m39" {cell 4 0}}
				{item "ammo pistol" {cell 2 0}}
				{item "ammo pistol" {cell 0 1}}
			}
		}
		{Player 2}
		{MID 48}
		{Weaponry
			{State
				{Mounted "mp40"}
				{Weapon
					{Ammo "ammo pistol" 32}
				}
			}
		}
		{Breed "ger.infantry_smg"}
		{FsmState "stand"}
	}
	{Entity "_infantry2_rus" 0x802f
		{Position 3089.79 -2413.33 0}
		{Extender "inventory"
			{box
				{clear}
				{item "ammo pistol" 21 {cell 0 0}}
				{item "grenade m24" {cell 2 0}}
			}
		}
		{Player 2}
		{MID 31}
		{Weaponry
			{State
				{Mounted "mp40"}
				{Weapon
					{Ammo "ammo pistol" 32}
				}
			}
		}
		{Breed "ger.infantry_smg"}
		{FsmState "stand"}
	}
	{Entity "_infantry2_rus" 0x8032
		{Position 1265.21 4318.06 21.978}
		{Orientation
			  0.718772  -0.392805   0.573600
			  0.479517   0.877472   0.000000
			 -0.503375   0.275041   0.819200
		}
		{Extender "inventory"
			{box
				{clear}
				{item "ammo pistol" 20 {cell 0 0}}
				{item "grenade m24" {cell 2 0}}
				{item "mp40" filling "ammo pistol" 32 {cell 4 0}}
			}
		}
		{DisableObstacles}
		{Player 2}
		{MID 52}
		{Breed "ger.infantry_smg"}
		{LastItem "mp40"}
		{FsmState "board"}
	}
	{Entity "_infantry2_rus" 0x8033
		{Position 1282.21 4324.05 21.978}
		{Orientation
			  0.189081  -0.797080   0.573600
			  0.972998   0.230812   0.000000
			 -0.132394   0.558112   0.819200
		}
		{Extender "inventory"
			{box
				{clear}
				{item "ammo pistol" 20 {cell 0 0}}
				{item "grenade m24" {cell 2 0}}
				{item "mp40" filling "ammo pistol" 32 {cell 4 0}}
			}
		}
		{DisableObstacles}
		{Player 2}
		{MID 53}
		{Breed "ger.infantry_smg"}
		{LastItem "mp40"}
		{FsmState "board"}
	}
	{Entity "_infantry2_rus" 0x8034
		{Position 1275.1 4321.33 0}
		{Orientation
			  0.230812  -0.972998   0.000000
			 -0.972998  -0.230812   0.000000
			  0.000000   0.000000   1.000000
		}
		{Extender "inventory"
			{box
				{clear}
				{item "ammo pistol" 20 {cell 0 0}}
				{item "grenade m24" {cell 2 0}}
				{item "mp40" filling "ammo pistol" 32 {cell 4 0}}
			}
		}
		{Player 2}
		{MID 54}
		{Breed "ger.infantry_smg"}
		{LastItem "mp40"}
		{FsmState "board"}
	}
	{Entity "pz-1b" 0x8039
		{Position 337.217 -5471.85 21.7527}
		{Turn 58.9792}
		{TexMod "ambush1"}
		{Player 2}
		{MID 58}
		{Weaponry
			{State
				{Weapon
					{Ammo "ammo mgun" 100}
				}
			}
		}
	}
	{Entity "_infantry2_rus" 0x8038
		{Position 337.217 -5471.85 21.7527}
		{Orientation
			  0.509980   0.848053  -0.143965
			  0.857797  -0.513855   0.011691
			  0.064063   0.129455   0.989514
		}
		{Extender "inventory"
			{box
				{clear}
				{item "ammo pistol" 60 {cell 0 0}}
				{item "knife hand" {cell 2 0}}
				{item "valter" filling "ammo pistol" 8 {cell 4 0}}
			}
		}
		{Player 2}
		{MID 57}
		{Breed "ger.tank_com"}
		{FsmState "board"}
	}
	{Entity "_infantry2_rus" 0x803a
		{Position 337.217 -5471.85 21.7527}
		{Orientation
			  0.509980   0.848053  -0.143965
			  0.857797  -0.513855   0.011691
			  0.064063   0.129455   0.989514
		}
		{Extender "inventory"
			{box
				{clear}
				{item "ammo pistol" 40 {cell 0 0}}
				{item "grenade m24" {cell 2 0}}
				{item "grenade m24" {cell 4 0}}
				{item "mp40" filling "ammo pistol" 32 {cell 0 1}}
			}
		}
		{Player 2}
		{MID 59}
		{Breed "ger.tank_crew"}
		{FsmState "board"}
	}
	{Entity "_infantry2_rus" 0x803b
		{Position 337.217 -5471.85 21.7527}
		{Orientation
			  0.509980   0.848053  -0.143965
			  0.857797  -0.513855   0.011691
			  0.064063   0.129455   0.989514
		}
		{Extender "inventory"
			{box
				{clear}
				{item "ammo pistol" 60 {cell 0 1}}
				{item "mp41" filling "ammo pistol" 32 {cell 2 0}}
			}
		}
		{Player 2}
		{MID 60}
		{Breed "ger.tankman"}
		{FsmState "board"}
	}
	{Entity "_infantry2_rus" 0x803c
		{Position 337.217 -5471.85 21.7527}
		{Orientation
			  0.509980   0.848053  -0.143965
			  0.857797  -0.513855   0.011691
			  0.064063   0.129455   0.989514
		}
		{Extender "inventory"
			{box
				{clear}
				{item "ammo pistol" 60 {cell 0 1}}
				{item "mp41" filling "ammo pistol" 32 {cell 2 0}}
			}
		}
		{Player 2}
		{MID 61}
		{Breed "ger.tankman"}
		{FsmState "board"}
	}
	{Entity "_infantry2_rus" 0x803d
		{Position 311.548 -5490.4 42.7172}
		{Orientation
			 -0.828329   0.508713   0.234671
			 -0.473982  -0.859687   0.190453
			  0.298620   0.046511   0.953244
		}
		{Extender "inventory"
			{box
				{clear}
				{item "ammo pistol" 20 {cell 0 0}}
				{item "grenade m24" {cell 2 0}}
				{item "mp40" filling "ammo pistol" 32 {cell 4 0}}
			}
		}
		{DisableObstacles}
		{Player 2}
		{MID 62}
		{Breed "ger.infantry_smg"}
		{FsmState "board"}
	}
	{Entity "_infantry2_rus" 0x803e
		{Position 341.782 -5484.83 44.1054}
		{Orientation
			  0.509390  -0.833602   0.213520
			  0.857673   0.511919  -0.047716
			 -0.069499   0.207433   0.975731
		}
		{Extender "inventory"
			{box
				{clear}
				{item "ammo pistol" 20 {cell 0 0}}
				{item "grenade m24" {cell 2 0}}
				{item "mp40" filling "ammo pistol" 32 {cell 4 0}}
				{item "grenade m24x5" {cell 1 1}}
			}
		}
		{DisableObstacles}
		{Player 2}
		{MID 63}
		{Breed "ger.infantry_smg"}
		{FsmState "board"}
	}
	{Entity "_infantry2_rus" 0x803f
		{Position 321.707 -5472.47 44.078}
		{Orientation
			 -0.868974   0.428318   0.247820
			 -0.389835  -0.900981   0.190407
			  0.304828   0.068863   0.949918
		}
		{Extender "inventory"
			{box
				{clear}
				{item "ammo pistol" 20 {cell 0 0}}
				{item "grenade m24" {cell 2 0}}
				{item "mp40" filling "ammo pistol" 32 {cell 4 0}}
			}
		}
		{DisableObstacles}
		{Player 2}
		{MID 64}
		{Breed "ger.infantry_smg"}
		{FsmState "board"}
	}
	{Entity "bmw-r12" 0x8040
		{Position 6923.65 -2989.97 0}
		{Turn 144.159}
		{Extender "inventory"
			{box
				{clear}
				{item "ammo mgun" 1000 {cell 0 0}}
				{item "ammo mgun" 100 {cell 2 0}}
			}
		}
		{Player 2}
		{MID 65}
		{Weaponry
			{State
				{Weapon
					{Ammo "ammo mgun" 100}
				}
			}
		}
	}
	{Entity "_infantry2_rus" 0x8041
		{Position 6925.78 -3001.59 0.3124}
		{Turn 144.159}
		{Extender "inventory"
			{box
				{clear}
				{item "ammo pistol" 20 {cell 0 0}}
				{item "grenade m24" {cell 2 0}}
				{item "grenade m24x5" {cell 4 0}}
			}
		}
		{DisableObstacles}
		{Player 2}
		{MID 66}
		{Weaponry
			{State
				{Mounted "mp40"}
				{Weapon
					{Ammo "ammo pistol" 32}
				}
			}
		}
		{Breed "ger.infantry_smg"}
		{FsmState "board"}
	}
	{Entity "_infantry2_rus" 0x8042
		{Position 6931.74 -2987.85 -0.8506}
		{Orientation
			 -0.806268   0.582376  -0.103900
			 -0.585538  -0.810645   0.000000
			 -0.084226   0.060837   0.994600
		}
		{Extender "inventory"
			{box
				{clear}
				{item "ammo pistol" 20 {cell 0 0}}
				{item "grenade m24" {cell 2 0}}
				{item "grenade m24x5" {cell 2 1}}
			}
		}
		{DisableObstacles}
		{Player 2}
		{MID 67}
		{Weaponry
			{State
				{Mounted "mp40"}
				{Weapon
					{Ammo "ammo pistol" 32}
				}
			}
		}
		{Breed "ger.infantry_smg"}
		{FsmState "board"}
	}
	{Entity "_infantry2_rus" 0x8043
		{Position 6938.42 -2992.67 6.953}
		{Orientation
			 -0.798323   0.576638   0.173600
			 -0.585538  -0.810645   0.000000
			  0.140728  -0.101649   0.984800
		}
		{Extender "inventory"
			{box
				{clear}
				{item "ammo pistol" 20 {cell 0 0}}
				{item "grenade m24" {cell 2 0}}
			}
		}
		{DisableObstacles}
		{Player 2}
		{MID 68}
		{Weaponry
			{State
				{Mounted "mp40"}
				{Weapon
					{Ammo "ammo pistol" 32}
				}
			}
		}
		{Breed "ger.infantry_smg"}
		{FsmState "board"}
	}
	{Entity "_infantry2_rus" 0x8044
		{Position 2594.58 -592.196 62.6423}
		{Turn -6.66569}
		{Extender "inventory"
			{box
				{clear}
				{item "grenade m24" {cell 1 0}}
				{item "ammo pistol" 20 {cell 3 0}}
			}
		}
		{Player 2}
		{MID 69}
		{Weaponry
			{State
				{Mounted "mp40"}
				{Weapon
					{Ammo "ammo pistol" 32}
				}
			}
		}
		{Breed "ger.infantry_ss"}
		{FsmState "stand"}
	}
	{Entity "_infantry2_rus" 0x8045
		{Position 2300.15 -648.48 63}
		{Turn -15.7777}
		{Extender "inventory"
			{box
				{clear}
				{item "ammo pistol" 38 {cell 3 0}}
			}
		}
		{Player 2}
		{MID 70}
		{Weaponry
			{State
				{Mounted "mp40"}
				{Weapon
					{Ammo "ammo pistol" 32}
				}
			}
		}
		{Breed "ger.infantry_ss"}
		{FsmState "stand"}
	}
	{Entity "_infantry2_rus" 0x8046
		{Position 6970.03 -2843.77 0}
		{Turn 159.34}
		{Extender "inventory"
			{box
				{clear}
				{item "ammo pistol" 40 {cell 0 1}}
				{item "grenade m24" {cell 2 0}}
			}
		}
		{Player 2}
		{MID 71}
		{Weaponry
			{State
				{Mounted "mp40"}
				{Weapon
					{Ammo "ammo pistol" 32}
				}
			}
		}
		{Breed "ger.infantry_smg"}
		{FsmState "stand"}
	}
	{Entity "_infantry2_rus" 0x8047
		{Position 1370.63 4291.69 0}
		{Turn -180}
		{Extender "inventory"
			{box
				{clear}
				{item "ammo pistol" 40 {cell 0 1}}
				{item "grenade m24" {cell 2 0}}
			}
		}
		{Player 2}
		{MID 72}
		{Weaponry
			{State
				{Mounted "mp40"}
				{Weapon
					{Ammo "ammo pistol" 32}
				}
			}
		}
		{Breed "ger.infantry_smg"}
		{FsmState "stand"}
	}
	{Entity "barrel1" 0x8049
		{Position 1502.31 -2732.12 0}
		{Extender "stuff"
			{Item "barrel" filling "fuel" 50}
		}
	}
	{Entity "barrel1" 0x804a
		{Position 1522.99 -2735.27 0}
		{Extender "stuff"
			{Item "barrel" filling "fuel" 50}
		}
	}
	{Entity "_infantry2_rus" 0x804b
		{Position 5802.12 1155.16 10.5485}
		{Orientation
			 -0.936083  -0.014819   0.351600
			  0.015829  -0.999875   0.000000
			  0.351556   0.005565   0.936200
		}
		{Extender "vitality"
			{Health
				{Max 500}
				{Current 500}
			}
		}
		{Extender "inventory"
			{box
				{clear}
				{item "ammo pistol" 40 {cell 0 1}}
				{item "grenade m24" {cell 2 0}}
				{item "mp40" filling "ammo pistol" 32 {cell 4 0}}
			}
		}
		{DisableObstacles}
		{Player 2}
		{MID 14}
		{Breed "ger.infantry_smg"}
		{FsmState "board"}
	}
	{Entity "_infantry2_rus" 0x804c
		{Position 5817.98 1150.17 16.6882}
		{Turn -178.188}
		{Extender "vitality"
			{Health
				{Max 500}
				{Current 500}
			}
		}
		{Extender "inventory"
			{box
				{clear}
				{item "ammo pistol" 40 {cell 0 1}}
				{item "grenade m24" {cell 2 0}}
				{item "mp40" filling "ammo pistol" 32 {cell 4 0}}
			}
		}
		{DisableObstacles}
		{Player 2}
		{MID 56}
		{Breed "ger.infantry_smg"}
		{FsmState "board"}
	}
	{Entity "_infantry2_rus" 0x804d
		{Position 5856.2 1156.29 14.957}
		{Orientation
			  0.016788  -0.984658   0.173600
			  0.999856   0.017029   0.000000
			 -0.002948   0.173575   0.984800
		}
		{Extender "vitality"
			{Health
				{Max 500}
				{Current 500}
			}
		}
		{Extender "inventory"
			{box
				{clear}
				{item "ammo pistol" 40 {cell 0 1}}
				{item "grenade m24" {cell 2 0}}
				{item "mp40" filling "ammo pistol" 32 {cell 4 0}}
			}
		}
		{DisableObstacles}
		{Player 2}
		{MID 73}
		{Breed "ger.infantry_smg"}
		{FsmState "board"}
	}
	{Entity "_infantry2_rus" 0x804e
		{Position 5836.37 1145.56 16.7896}
		{Orientation
			 -0.015588   0.984677   0.173600
			 -0.999875  -0.015829   0.000000
			  0.002748  -0.173578   0.984800
		}
		{Extender "vitality"
			{Health
				{Max 500}
				{Current 500}
			}
		}
		{Extender "inventory"
			{box
				{clear}
				{item "ammo pistol" 40 {cell 0 1}}
				{item "grenade m24" {cell 2 0}}
				{item "mp40" filling "ammo pistol" 32 {cell 3 1}}
			}
		}
		{DisableObstacles}
		{Player 2}
		{MID 74}
		{Breed "ger.infantry_smg"}
		{FsmState "board"}
	}
	{Entity "_infantry2_rus" 0x804f
		{Position 5823.17 1155.72 14.957}
		{Orientation
			  0.016788  -0.984658   0.173600
			  0.999856   0.017029   0.000000
			 -0.002948   0.173575   0.984800
		}
		{Extender "vitality"
			{Health
				{Max 500}
				{Current 500}
			}
		}
		{Extender "inventory"
			{box
				{clear}
				{item "ammo pistol" 40 {cell 0 1}}
				{item "mp40" filling "ammo pistol" 32 {cell 4 0}}
			}
		}
		{DisableObstacles}
		{Player 2}
		{MID 75}
		{Breed "ger.infantry_smg"}
		{FsmState "board"}
	}
	{Entity "_infantry2_rus" 0x8050
		{Position 5834.44 1155.91 14.957}
		{Orientation
			  0.016788  -0.984658   0.173600
			  0.999856   0.017029   0.000000
			 -0.002948   0.173575   0.984800
		}
		{Extender "vitality"
			{Health
				{Max 500}
				{Current 500}
			}
		}
		{Extender "inventory"
			{box
				{clear}
				{item "ammo mgun" 100 {cell 0 0}}
				{item "mg42" filling "ammo mgun" 50 {cell 2 0}}
			}
		}
		{DisableObstacles}
		{Player 2}
		{MID 76}
		{Breed "ger.infantry_mgun"}
		{LastItem "mg42"}
		{FsmState "board"}
	}
	{Entity "_infantry2_rus" 0x8051
		{Position 5825.93 1145.39 16.7896}
		{Orientation
			 -0.015588   0.984677   0.173600
			 -0.999875  -0.015829   0.000000
			  0.002748  -0.173578   0.984800
		}
		{Extender "vitality"
			{Health
				{Max 500}
				{Current 500}
			}
		}
		{Extender "inventory"
			{box
				{clear}
				{item "ammo mgun" 100 {cell 0 0}}
				{item "mg42" filling "ammo mgun" 50 {cell 2 0}}
			}
		}
		{DisableObstacles}
		{Player 2}
		{MID 77}
		{Breed "ger.infantry_mgun"}
		{LastItem "mg42"}
		{FsmState "board"}
	}
	{Entity "_infantry2_rus" 0x8052
		{Position 5847.35 1145.73 16.7896}
		{Orientation
			 -0.015588   0.984677   0.173600
			 -0.999875  -0.015829   0.000000
			  0.002748  -0.173578   0.984800
		}
		{Extender "vitality"
			{Health
				{Max 500}
				{Current 500}
			}
		}
		{Extender "inventory"
			{box
				{clear}
				{item "ammo pistol" 30 {cell 0 0}}
				{item "mp41" filling "ammo pistol" 32 {cell 2 0}}
			}
		}
		{DisableObstacles}
		{Player 2}
		{MID 78}
		{Breed "ger.bazoker"}
		{LastItem "mp41"}
		{FsmState "board"}
	}
	{Entity "_infantry2_rus" 0x8053
		{Position 5858.43 1145.91 16.7896}
		{Orientation
			 -0.015588   0.984677   0.173600
			 -0.999875  -0.015829   0.000000
			  0.002748  -0.173578   0.984800
		}
		{Extender "vitality"
			{Health
				{Max 500}
				{Current 500}
			}
		}
		{Extender "inventory"
			{box
				{clear}
				{item "ammo pistol" 40 {cell 0 1}}
				{item "grenade m24" {cell 2 0}}
				{item "mp40" filling "ammo pistol" 32 {cell 4 0}}
			}
		}
		{DisableObstacles}
		{Player 2}
		{MID 79}
		{Breed "ger.infantry_smg"}
		{FsmState "board"}
	}
	{Entity "_infantry2_rus" 0x8054
		{Position 5846.03 1156.11 14.957}
		{Orientation
			  0.016788  -0.984658   0.173600
			  0.999856   0.017029   0.000000
			 -0.002948   0.173575   0.984800
		}
		{Extender "vitality"
			{Health
				{Max 500}
				{Current 500}
			}
		}
		{Extender "inventory"
			{box
				{clear}
				{item "ammo pistol" 40 {cell 0 1}}
				{item "mp40" filling "ammo pistol" 32 {cell 4 0}}
			}
		}
		{DisableObstacles}
		{Player 2}
		{MID 80}
		{Breed "ger.infantry_smg"}
		{FsmState "board"}
	}
	{Entity "_infantry2_rus" 0x8058
		{Position 2907.27 873.683 0}
		{Turn -104.266}
		{Extender "inventory"
			{box
				{clear}
				{item "ammo pistol" 40 {cell 0 1}}
				{item "ammo pistol" {cell 0 0}}
				{item "ammo pistol" {cell 0 2}}
			}
		}
		{Player 2}
		{MID 84}
		{Weaponry
			{State
				{Mounted "mp40"}
				{Weapon
					{Ammo "ammo pistol" 32}
				}
			}
		}
		{Breed "ger.infantry_smg"}
		{FsmState "stand"}
	}
	{Entity "flak38" 0x8005
		{Position 681.932 -2154.16 53.6647}
		{Extender "inventory"
			{box
				{clear}
				{item "bullet20 zenite" 10 {cell 0 0}}
			}
		}
		{Player 2}
		{MID 21}
		{Weaponry
			{State
				{Weapon
					{Ammo "bullet20 zenite" 48}
				}
			}
		}
	}
	{Entity "flak38" 0x8010
		{Position 1020.7 -541.417 39}
		{Extender "inventory"
			{box
				{clear}
				{item "bullet20 zenite" 10 {cell 0 0}}
			}
		}
		{Player 2}
		{MID 24}
		{Weaponry
			{State
				{Weapon
					{Ammo "bullet20 zenite" 8}
				}
			}
		}
	}
	{Entity "flak38" 0x8012
		{Position 2519.77 372.904 34.6543}
		{Extender "inventory"
			{box
				{clear}
				{item "bullet20 zenite" 10 {cell 0 0}}
			}
		}
		{Player 2}
		{MID 86}
		{Weaponry
			{State
				{Weapon
					{Ammo "bullet20 zenite" 32}
				}
			}
		}
	}
	{Entity "_infantry2_rus" 0x805c
		{Position 2506.59 383.349 34.5495}
		{Orientation
			  0.998100   0.000000   0.061000
			  0.000000   1.000000   0.000000
			 -0.061000   0.000000   0.998100
		}
		{Extender "inventory"
			{box
				{clear}
				{item "mp40" {cell 0 0}}
				{item "ammo pistol" 40 {cell 4 0}}
				{item "grenade m24" {cell 6 0}}
			}
		}
		{DisableObstacles}
		{Player 2}
		{MID 89}
		{Breed "ger.infantry_smg"}
		{FsmState "board"}
	}
	{Entity "_infantry2_rus" 0x805d
		{Position 2510.42 359.915 34.5495}
		{Orientation
			  0.797900   0.590400   0.121900
			 -0.594800   0.803900   0.000000
			 -0.098000  -0.072500   0.992500
		}
		{Extender "inventory"
			{box
				{clear}
				{item "mp40" {cell 0 0}}
				{item "ammo pistol" 40 {cell 4 0}}
				{item "grenade m24" {cell 6 0}}
			}
		}
		{DisableObstacles}
		{Player 2}
		{MID 90}
		{Breed "ger.infantry_smg"}
		{FsmState "board"}
	}
	{Entity "_infantry2_rus" 0x806d
		{Position 672.579 -2167.15 53.5599}
		{Orientation
			  0.797900   0.590400   0.121900
			 -0.594800   0.803900   0.000000
			 -0.098000  -0.072500   0.992500
		}
		{Extender "inventory"
			{box
				{clear}
				{item "mp40" {cell 0 0}}
				{item "ammo pistol" 40 {cell 4 0}}
				{item "grenade m24" {cell 6 0}}
			}
		}
		{DisableObstacles}
		{Player 2}
		{MID 106}
		{Breed "ger.infantry_smg"}
		{FsmState "board"}
	}
	{Entity "_infantry2_rus" 0x806e
		{Position 668.752 -2143.71 53.5599}
		{Orientation
			  0.998100   0.000000   0.061000
			  0.000000   1.000000   0.000000
			 -0.061000   0.000000   0.998100
		}
		{Extender "inventory"
			{box
				{clear}
				{item "mp40" {cell 0 0}}
				{item "ammo pistol" 40 {cell 4 0}}
				{item "grenade m24" {cell 6 0}}
			}
		}
		{DisableObstacles}
		{Player 2}
		{MID 107}
		{Breed "ger.infantry_smg"}
		{FsmState "board"}
	}
	{Entity "_infantry2_rus" 0x806f
		{Position 1007.52 -530.972 38.8952}
		{Orientation
			  0.998100   0.000000   0.061000
			  0.000000   1.000000   0.000000
			 -0.061000   0.000000   0.998100
		}
		{Extender "inventory"
			{box
				{clear}
				{item "mp40" {cell 0 0}}
				{item "ammo pistol" 40 {cell 4 0}}
				{item "grenade m24" {cell 6 0}}
			}
		}
		{DisableObstacles}
		{Player 2}
		{MID 108}
		{Breed "ger.infantry_smg"}
		{FsmState "board"}
	}
	{Entity "_infantry2_rus" 0x8070
		{Position 1011.35 -554.406 38.8952}
		{Orientation
			  0.797900   0.590400   0.121900
			 -0.594800   0.803900   0.000000
			 -0.098000  -0.072500   0.992500
		}
		{Extender "inventory"
			{box
				{clear}
				{item "mp40" {cell 0 0}}
				{item "ammo pistol" 40 {cell 4 0}}
				{item "grenade m24" {cell 6 0}}
			}
		}
		{DisableObstacles}
		{Player 2}
		{MID 109}
		{Breed "ger.infantry_smg"}
		{FsmState "board"}
	}
	{Entity "_infantry2_rus" 0x8015
		{Position 2619.84 982.333 0}
		{Turn 13.2352}
		{Extender "inventory"
			{box
				{clear}
				{item "ammo pistol" 40 {cell 4 0}}
				{item "grenade m24" {cell 6 0}}
				{item "mp40" filling "ammo pistol" 32 {cell 0 0}}
			}
		}
		{Player 2}
		{MID 3}
		{Breed "ger.infantry_smg"}
		{FsmState "stand"}
	}
	{Entity "_infantry2_rus" 0x8091
		{Position 2559.5 1028.26 0}
		{Turn -14.8697}
		{Extender "inventory"
			{box
				{clear}
				{item "ammo pistol" 40 {cell 4 0}}
				{item "grenade m24" {cell 6 0}}
				{item "mp40" filling "ammo pistol" 32 {cell 0 0}}
			}
		}
		{Player 2}
		{MID 23}
		{Breed "ger.infantry_smg"}
		{FsmState "stand"}
	}
	{Entity "_infantry2_rus" 0x8092
		{Position 2779.06 906.233 0}
		{Turn -104.211}
		{Extender "inventory"
			{box
				{clear}
				{item "ammo pistol" 40 {cell 4 0}}
				{item "grenade m24" {cell 6 0}}
			}
		}
		{Player 2}
		{MID 110}
		{Weaponry
			{State
				{Mounted "mp40"}
				{Weapon
					{Ammo "ammo pistol" 32}
				}
			}
		}
		{Breed "ger.infantry_smg"}
		{FsmState "stand"}
	}
	{Entity "_infantry2_rus" 0x8093
		{Position 2815.41 897.027 0}
		{Turn -104.211}
		{Extender "inventory"
			{box
				{clear}
				{item "ammo pistol" 61 {cell 4 0}}
				{item "grenade m24" {cell 6 0}}
			}
		}
		{Player 2}
		{MID 111}
		{Weaponry
			{State
				{Mounted "mp40"}
				{Weapon
					{Ammo "ammo pistol" 32}
				}
			}
		}
		{Breed "ger.infantry_smg"}
		{FsmState "stand"}
	}
	{Entity "_infantry2_rus" 0x8097
		{Position -12.033 -5503.15 20.6295}
		{Extender "inventory"
			{box
				{clear}
				{item "ammo pistol" 40 {cell 4 0}}
				{item "grenade m24" {cell 6 0}}
				{item "mp40" filling "ammo pistol" 32 {cell 0 0}}
			}
		}
		{Player 2}
		{MID 112}
		{Breed "ger.infantry_smg"}
		{FsmState "stand"}
	}
	{Entity "_infantry2_rus" 0x8098
		{Position -167.863 -5505.41 17.1798}
		{Extender "inventory"
			{box
				{clear}
				{item "ammo pistol" 40 {cell 4 0}}
				{item "grenade m24" {cell 6 0}}
				{item "mp40" filling "ammo pistol" 32 {cell 0 0}}
			}
		}
		{Player 2}
		{MID 113}
		{Breed "ger.infantry_smg"}
		{FsmState "stand"}
	}
	{Entity "_infantry2_rus" 0x8099
		{Position -318.457 -5503.64 20.2654}
		{Extender "inventory"
			{box
				{clear}
				{item "ammo pistol" 40 {cell 4 0}}
				{item "grenade m24" {cell 6 0}}
				{item "mp40" filling "ammo pistol" 32 {cell 0 0}}
			}
		}
		{Player 2}
		{MID 114}
		{Breed "ger.infantry_smg"}
		{FsmState "stand"}
	}
	{Entity "_infantry2_rus" 0x809a
		{Position -462.541 -5502.11 27.4646}
		{Extender "inventory"
			{box
				{clear}
				{item "ammo pistol" 40 {cell 4 0}}
				{item "grenade m24" {cell 6 0}}
				{item "mp40" filling "ammo pistol" 32 {cell 0 0}}
			}
		}
		{Player 2}
		{MID 115}
		{Breed "ger.infantry_smg"}
		{FsmState "stand"}
	}
	{Entity "bmw-r12" 0x8001
		{Position 6947.49 -2921.94 0}
		{Turn 150.3}
		{Extender "inventory"
			{box
				{clear}
				{item "ammo mgun" 1000 {cell 0 0}}
				{item "ammo mgun" 100 {cell 2 0}}
			}
		}
		{Player 2}
		{MID 6}
		{Weaponry
			{State
				{Weapon
					{Ammo "ammo mgun" 100}
				}
			}
		}
	}
	{Entity "_infantry2_rus" 0x809f
		{Position 6962.46 -2923.04 6.953}
		{Orientation
			 -0.855428   0.487927   0.173600
			 -0.495458  -0.868632   0.000000
			  0.150794  -0.086012   0.984800
		}
		{Extender "inventory"
			{box
				{clear}
				{item "ammo pistol" 40 {cell 0 1}}
				{item "grenade m24" {cell 2 0}}
			}
		}
		{DisableObstacles}
		{Player 2}
		{MID 120}
		{Weaponry
			{State
				{Mounted "mp40"}
				{Weapon
					{Ammo "ammo pistol" 32}
				}
			}
		}
		{Breed "ger.infantry_smg"}
		{FsmState "board"}
	}
	{Entity "_infantry2_rus" 0x80a0
		{Position 6950.85 -2933.26 0.3124}
		{Turn 150.3}
		{Extender "inventory"
			{box
				{clear}
				{item "ammo pistol" 40 {cell 0 1}}
				{item "grenade m24" {cell 2 0}}
			}
		}
		{DisableObstacles}
		{Player 2}
		{MID 121}
		{Weaponry
			{State
				{Mounted "mp40"}
				{Weapon
					{Ammo "ammo pistol" 32}
				}
			}
		}
		{Breed "ger.infantry_smg"}
		{FsmState "board"}
	}
	{Entity "_infantry2_rus" 0x80a1
		{Position 6955.31 -2918.97 -0.8506}
		{Orientation
			 -0.863941   0.492783  -0.103900
			 -0.495458  -0.868632   0.000000
			 -0.090251   0.051478   0.994600
		}
		{Extender "inventory"
			{box
				{clear}
				{item "ammo pistol" 40 {cell 0 1}}
				{item "grenade m24" {cell 2 0}}
			}
		}
		{DisableObstacles}
		{Player 2}
		{MID 122}
		{Weaponry
			{State
				{Mounted "mp40"}
				{Weapon
					{Ammo "ammo pistol" 32}
				}
			}
		}
		{Breed "ger.infantry_smg"}
		{FsmState "board"}
	}
	{Entity "_infantry2_rus" 0x809b
		{Position 2775.17 522.779 0}
		{Turn 80.3142}
		{Extender "inventory"
			{box
				{clear}
				{item "ammo pistol" 40 {cell 0 1}}
				{item "grenade m24" {cell 2 0}}
			}
		}
		{Player 2}
		{MID 116}
		{Weaponry
			{State
				{Mounted "mp40"}
				{Weapon
					{Ammo "ammo pistol" 32}
				}
			}
		}
		{Breed "ger.infantry_smg"}
		{FsmState "snipe"}
	}
	{Entity "_infantry2_rus" 0x809c
		{Position 2544.27 517.671 0}
		{Turn 159.385}
		{Extender "inventory"
			{box
				{clear}
				{item "ammo pistol" 40 {cell 0 1}}
				{item "grenade m24" {cell 3 0}}
			}
		}
		{Player 2}
		{MID 117}
		{Weaponry
			{State
				{Mounted "mp40"}
				{Weapon
					{Ammo "ammo pistol" 32}
				}
			}
		}
		{Breed "ger.infantry_smg"}
		{LastThrowItem "grenade m24"}
		{FsmState "stand"}
	}
	{Entity "_infantry2_rus" 0x8059
		{Position 776.486 -872.173 0}
		{Extender "inventory"
			{box
				{clear}
				{item "mp40" {cell 0 0}}
				{item "ammo pistol" 40 {cell 4 0}}
				{item "grenade m24" {cell 6 0}}
			}
		}
		{Player 2}
		{MID 85}
		{Breed "ger.infantry_smg"}
		{FsmState "stand"}
	}
	{Entity "_infantry2_rus" 0x809d
		{Position 795.667 -882.102 0}
		{Extender "inventory"
			{box
				{clear}
				{item "ammo pistol" 40 {cell 4 0}}
				{item "grenade m24" {cell 6 0}}
				{item "mp40" filling "ammo pistol" 32 {cell 0 0}}
			}
		}
		{Player 2}
		{MID 118}
		{Breed "ger.infantry_smg"}
		{FsmState "stand"}
	}
	{Entity "_infantry2_rus" 0x809e
		{Position 789.402 -857.116 0}
		{Turn 120}
		{Extender "inventory"
			{box
				{clear}
				{item "ammo pistol" 40 {cell 4 0}}
				{item "grenade m24" {cell 6 0}}
				{item "mp40" filling "ammo pistol" 32 {cell 0 0}}
			}
		}
		{Player 2}
		{MID 119}
		{Breed "ger.infantry_smg"}
		{FsmState "stand"}
	}
	{Entity "pointer" 0x8011
		{Position 3333.57 -2520.46 0}
	}
	{Entity "boxes1" 0x8072
		{Position 965.099 -576.085 35.6039}
		{Extender "inventory"
			{box
				{clear}
				{item "bullet20 zenite" 250 {cell 0 0}}
				{item "bullet20 zenite" 250 {cell 0 2}}
			}
		}
	}
	{Entity "paratrooper" 0x8073
		{Position 2321.49 818.788 0}
		{Turn -37.8949}
	}
	{Entity "paratrooper" 0x8036
		{Position 533.835 1474.4 114.025}
		{Turn -44.9284}
	}
	{Entity "paratrooper" 0x8013
		{Position 4332.71 1061.95 7.19525}
		{Turn 19.4175}
	}
	{Entity "paratrooper" 0x8037
		{Position -56.4116 -424.765 51.6473}
	}
	{Entity "paratrooper" 0x8076
		{Position 1283.67 -2854.08 0}
		{Turn 84.993}
	}
	{Entity "paratrooper" 0x8014
		{Position 2687.14 368.141 0.471436}
	}
	{Entity "paratrooper" 0x8077
		{Position 2859.31 613.891 0}
	}
	{Entity "_infantry2_rus" 0x8078
		{Position 2683.04 862.125 0}
		{Turn -104.212}
		{Extender "inventory"
			{box
				{clear}
				{item "ammo mgun" 100 {cell 5 0}}
				{item "grenade m39" {cell 0 0}}
			}
		}
		{Player 2}
		{MID 123}
		{Weaponry
			{State
				{Mounted "mg42"}
				{Weapon
					{Ammo "ammo mgun" 50}
				}
			}
		}
		{Breed "ger.infantry_mgun"}
		{FsmState "squat"}
	}
	{Entity "_infantry2_rus" 0x8079
		{Position 2721.51 852.384 0}
		{Turn -104.212}
		{Extender "inventory"
			{box
				{clear}
				{item "ammo mgun" 100 {cell 5 1}}
				{item "grenade m39" {cell 0 0}}
			}
		}
		{Player 2}
		{MID 124}
		{Weaponry
			{State
				{Mounted "mg42"}
				{Weapon
					{Ammo "ammo mgun" 50}
				}
			}
		}
		{Breed "ger.infantry_mgun"}
		{FsmState "squat"}
	}
	{Entity "paratrooper" 0x807e
		{Position 2617.65 1242.97 6.22747}
	}
	{Entity "c-47" 0x8083
		{Position 6469.27 6006.69 -18.3044}
		{Turn -122.291}
		{Extender "inventory"
			{box
				{clear}
				{item "m3a" {cell 0 0}}
				{item "ammo pistol" 300 {cell 4 0}}
				{item "ammo pistol" 250 {cell 6 1}}
				{item "ammo pistol" 250 {cell 6 2}}
				{item "m1" {cell 4 3}}
				{item "ammo rifle" 10 {cell 6 0}}
				{item "ammo rifle" 10 {cell 5 2}}
				{item "ammo rifle" 10 {cell 7 5}}
				{item "ammo rifle" 10 {cell 5 5}}
				{item "ammo rifle" 10 {cell 4 5}}
				{item "grenade m61" {cell 7 0}}
				{item "grenade m61" {cell 5 1}}
				{item "grenade m61" {cell 3 5}}
				{item "grenade m61" {cell 0 5}}
				{item "grenade n73at" {cell 0 4}}
				{item "grenade n73at" {cell 2 4}}
				{item "colt" {cell 0 2}}
				{item "colt" {cell 2 3}}
			}
		}
		{Player 4}
		{MID 126}
	}
	{Entity "paratrooper" 0x8084
		{Position 341.816 -2620.57 0}
	}
	{Entity "paratrooper" 0x808e
		{Position 447.636 -1886.37 0}
	}
	{Entity "paratrooper" 0x808f
		{Position 348.345 -2184.86 0}
	}
	{Entity "paratrooper" 0x8090
		{Position 312.129 -1774.92 0}
	}
	{Entity "paratrooper" 0x80a2
		{Position 647.94 -1696.96 1.69574}
	}
	{Entity "paratrooper" 0x80a7
		{Position 2154.38 -1787.21 -0.841003}
	}
	{Entity "paratrooper" 0x80a8
		{Position 1447.54 -1302.15 1.46051}
	}
	{Entity "paratrooper" 0x80aa
		{Position 1807.23 -1728.77 0}
	}
	{Entity "paratrooper" 0x80ac
		{Position 1511.74 -2228.26 0}
	}
	{Entity "paratrooper" 0x80ad
		{Position 2007.24 -2036.38 0}
	}
	{Entity "_infantry2_rus" 0x80b8
		{Position 2719.87 -5528.76 31.863}
		{Turn 96.9147}
		{Extender "vitality"
			{Health
				{Max 30}
				{Current 30}
			}
		}
		{Extender "inventory"
			{box
				{clear}
				{item "m1" {cell 0 0}}
				{item "ammo rifle" 10 {cell 4 0}}
				{item "grenade f1" {cell 7 0}}
			}
		}
		{Player 6}
		{MID 141}
		{Breed "usa.infantry2"}
		{FsmState "stand"}
	}
	{Entity "_infantry2_rus" 0x80ba
		{Position 2708.12 -5380.64 6.87602}
		{Extender "vitality"
			{Health
				{Max 30}
				{Current 30}
			}
		}
		{Extender "inventory"
			{box
				{clear}
				{item "m1" {cell 0 0}}
				{item "ammo rifle" 10 {cell 4 0}}
				{item "grenade f1" {cell 7 0}}
			}
		}
		{Player 6}
		{MID 143}
		{Breed "usa.infantry2"}
		{FsmState "stand"}
	}
	{Entity "_infantry2_rus" 0x80bd
		{Position 2816.14 -5447.19 22.9473}
		{Turn 65.802}
		{Extender "vitality"
			{Health
				{Max 30}
				{Current 30}
			}
		}
		{Extender "inventory"
			{box
				{clear}
				{item "m1" {cell 0 0}}
				{item "ammo rifle" 10 {cell 4 0}}
				{item "grenade f1" {cell 7 0}}
			}
		}
		{Player 6}
		{MID 146}
		{Breed "usa.infantry2"}
		{FsmState "stand"}
	}
	{Entity "_infantry2_rus" 0x80c2
		{Position 2436.9 918.923 0}
		{Turn 162.776}
		{Extender "inventory"
			{box
				{clear}
				{item "ammo pistol" 40 {cell 4 0}}
				{item "grenade m24" {cell 6 0}}
			}
		}
		{Player 2}
		{MID 151}
		{Weaponry
			{State
				{Mounted "mp40"}
				{Weapon
					{Ammo "ammo pistol" 32}
				}
			}
		}
		{Breed "ger.infantry_smg"}
		{FsmState "stand"}
	}
	{Entity "sdkfz-223" 0x80c4
		{Position 233.85 -5472.4 25.0048}
		{Turn 71.9038}
		{TexMod "ambush1"}
		{Player 2}
		{MID 153}
		{Weaponry
			{State
				{Weapon
					{Ammo "ammo mgun" 100}
				}
			}
		}
	}
	{Entity "sdkfz232" 0x80c5
		{Position 226.986 -4951.57 0}
		{Turn 91.7409}
		{Player 2}
		{MID 154}
		{Weaponry
			{Number 1}
			{State "mgun"
				{Weapon
					{Ammo "ammo mgun" 100}
				}
			}
		}
	}
	{Entity "sdkfz7" 0x80c7
		{Position 231.292 -5215.04 0}
		{Turn 92.494}
		{Player 2}
		{MID 156}
	}
	{Entity "_infantry2_rus" 0x80c6
		{Position 226.986 -4951.57 0}
		{Orientation
			 -0.030380   0.999538   0.000000
			  0.999538   0.030380   0.000000
			  0.000000   0.000000   1.000000
		}
		{Extender "inventory"
			{box
				{clear}
				{item "mp40" {cell 0 0}}
				{item "ammo pistol" 40 {cell 4 0}}
				{item "grenade m24" {cell 6 0}}
			}
		}
		{Player 2}
		{MID 155}
		{Breed "ger.infantry_smg"}
		{FsmState "board"}
	}
	{Entity "_infantry2_rus" 0x80c8
		{Position 226.986 -4951.57 0}
		{Orientation
			 -0.030380   0.999538   0.000000
			  0.999538   0.030380   0.000000
			  0.000000   0.000000   1.000000
		}
