;Exported by: Yurov
;Date:        Sat May 08 19:01:44 2004
;File:        D:\-Projects-\-3DWork-\Model\DodgeWC51\dodge.max
{Skeleton
	{animation
		{sequence "start" {speed 0.7}}
		{sequence "stop" {speed 0.7}}
	}
	{bone "Basis"
		{parameters "SteerMax=30;WheelRadius=0.5;"}
		{Orientation
			1.0000	0.0000	0.0000
			0.0000	-1.0000	0.0000
			0.0000	0.0000	1.0000
		}
		{bone "Body"
			{parameters "ID=body;"}
			{Matrix34
				-1.0000	0.0000	-0.0000
				0.0000	-0.0000	1.0000
				0.0000	1.0000	0.0000
				-0.9434	1.3239	11.5743
			}
			{VolumeView "Body.ply"}
			{bone "Glass"
				{parameters "ID=glass;"}
				{Position -8.3553	13.9667	0.0195}
				{VolumeView "Glass.ply"}
			}
			{bone "driver"
				{Matrix34
					-0.8472	0.5296	0.0418
					0.0493	-0.0000	0.9988
					0.5289	0.8483	-0.0261
					-5.7836	-0.6507	5.3307
				}
			}
			{bone "commander"
				{Matrix34
					-0.8483	0.5296	0.0000
					0.0000	-0.0000	1.0000
					0.5296	0.8483	0.0000
					-5.7836	-0.6507	-7.8713
				}
			}
			{bone "FXsmoke1"
				{Matrix34
					0.7071	-0.0000	0.7071
					-0.0000	1.0000	-0.0000
					-0.7071	0.0000	0.7071
					13.6914	2.4697	14.8366
				}
			}
			{bone "FXstop1"
				{Position 46.6459	5.6449	-17.7175}
			}
			{bone "FXstop2"
				{Position 46.9519	5.7456	17.1612}
			}
			{bone "seat01"
				{Matrix34
					0.0934	0.1790	-0.9794
					-0.9956	0.0174	-0.0917
					0.0007	0.9837	0.1799
					15.8527	1.3656	11.0822
				}
			}
			{bone "seat02"
				{Matrix34
					0.0225	0.1802	-0.9834
					-0.9997	0.0175	-0.0197
					0.0137	0.9835	0.1806
					27.7687	2.1752	11.0795
				}
			}
			{bone "seat03"
				{Matrix34
					-0.0671	0.0643	-0.9957
					-0.9973	0.0257	0.0688
					0.0300	0.9976	0.0624
					39.3156	0.9628	11.5254
				}
			}
			{bone "seat04"
				{Matrix34
					-0.3748	0.0621	0.9250
					0.9266	-0.0093	0.3760
					0.0319	0.9980	-0.0540
					40.2485	1.0008	-11.1652
				}
			}
			{bone "seat05"
				{Matrix34
					-0.0932	0.1823	0.9788
					0.9950	-0.0174	0.0980
					0.0349	0.9831	-0.1797
					27.7182	1.8728	-11.9125
				}
			}
			{bone "seat06"
				{Matrix34
					0.1237	0.1785	0.9761
					0.9923	-0.0174	-0.1225
					-0.0049	0.9838	-0.1793
					15.8209	1.4529	-11.4833
				}
			}
			{bone "Visor"
				{Matrix34
					-0.9998	0.0175	0.0000
					0.0000	-0.0000	1.0000
					0.0175	0.9998	0.0000
					-10.3401	18.4942	7.3960
				}
			}
			{bone "engine"
				{parameters "ID=engine;"}
				{Position -7.8264	1.5719	-0.0328}
				{VolumeView "engine.ply"}
					{bone "FXfire1"
						{Matrix34
							-0.0063	1.0000	-0.0063
							-0.7071	-0.0089	-0.7071
							-0.7071	0.0000	0.7071
							-13.9751	6.3924	-0.4891
						}
					}
					{bone "HeadlightL"
						{Matrix34
							-1.0000	0.0000	0.0000
							-0.0000	1.0000	0.0000
							-0.0000	-0.0000	-1.0000
							-27.5109	9.8321	10.5698
						}
					}
					{bone "HeadlightR"
						{Matrix34
							-1.0000	0.0000	0.0000
							-0.0000	1.0000	0.0000
							-0.0000	-0.0000	-1.0000
							-27.5109	9.8321	-11.3735
						}
					}
					{bone "FXlight"
						{Matrix34
							-1.0000	-0.0000	0.0000
							-0.0000	1.0000	0.0000
							-0.0000	0.0000	-1.0000
							-27.5369	9.9132	-1.0007
						}
					}
			}
		}
		{bone "Pivot_back"
			{Matrix34
				-1.0000	0.0000	0.0000
				-0.0000	-0.0000	1.0000
				0.0000	1.0000	0.0000
				-27.3391	1.0089	7.9178
			}
			{VolumeView "Pivot_back.ply"}
			{bone "spring_L"
				{Matrix34
					-0.9998	0.0175	0.0000
					0.0000	-0.0000	1.0000
					0.0175	0.9998	0.0000
					-0.0771	-1.5195	10.5640
				}
				{bone "FXtraceL2"
					{Matrix34
						-0.9998	0.0000	0.0175
						0.0175	-0.0000	0.9998
						0.0000	1.0000	0.0000
						-3.1591	5.9820	-4.9563
					}
				}
				{bone revolute "WheelL2"
					{parameters "ID=wheelleft2;"}
					{Matrix34
						-0.9998	0.0000	0.0175
						0.0175	-0.0000	0.9998
						0.0000	1.0000	0.0000
						0.0000	5.4739	1.9685
					}
					{VolumeView "WheelL2.ply"}
				}
			}
			{bone "spring_R"
				{Matrix34
					-0.9998	0.0175	0.0000
					0.0000	-0.0000	1.0000
					0.0175	0.9998	0.0000
					-0.0771	-1.5195	-13.8309
				}
				{bone "FXtraceR2"
					{Matrix34
						-0.9998	0.0000	0.0175
						0.0175	-0.0000	0.9998
						0.0000	1.0000	0.0000
						-3.0245	0.4855	-4.7067
					}
				}
				{bone revolute "WheelR2"
					{parameters "ID=wheelright2;"}
					{Matrix34
						-0.9998	0.0000	0.0175
						0.0175	-0.0000	0.9998
						0.0000	1.0000	0.0000
						0.0000	-2.9424	1.9685
					}
					{VolumeView "WheelR2.ply"}
				}
			}
		}
		{bone "Pivot_front"
			{Matrix34
				-1.0000	0.0000	0.0000
				-0.0000	-0.0000	1.0000
				0.0000	1.0000	0.0000
				23.6794	3.1640	8.2457
			}
			{VolumeView "Pivot_front.ply"}
			{bone revolute "steer_L"
				{Matrix34
					0.9998	0.0175	-0.0000
					0.0000	-0.0000	1.0000
					0.0175	-0.9998	-0.0000
					-0.2978	-2.7770	10.1423
				}
				{bone "FXtraceL1"
					{Matrix34
						0.9998	0.0000	0.0175
						0.0175	-0.0000	-0.9998
						-0.0000	1.0000	-0.0000
						5.5807	2.6803	5.4504
					}
				}
				{bone revolute "WheelL1"
					{parameters "ID=wheelleft1;"}
					{Matrix34
						0.9998	0.0000	0.0175
						0.0175	-0.0000	-0.9998
						-0.0000	1.0000	-0.0000
						0.4155	3.7404	-2.8910
					}
					{VolumeView "WheelL1.ply"}
				}
			}
			{bone revolute "steer_R"
				{Matrix34
					1.0000	0.0000	-0.0000
					0.0000	-0.0000	1.0000
					0.0000	-1.0000	-0.0000
					-0.1264	-2.7861	-14.0859
				}
				{bone "FXtraceR1"
					{Matrix34
						1.0000	-0.0087	0.0000
						0.0000	-0.0000	-1.0000
						-0.0087	-1.0000	0.0000
						6.5909	-2.0782	4.8390
					}
				}
				{bone revolute "WheelR1"
					{parameters "ID=wheelright1;"}
					{Matrix34
						1.0000	0.0000	-0.0000
						0.0000	-0.0000	-1.0000
						-0.0000	1.0000	-0.0000
						0.1936	-3.5815	-2.9069
					}
					{VolumeView "WheelR1.ply"}
				}
			}
			{bone revolute "wheel_hand"
				{Matrix34
					-0.7773	0.6291	0.0000
					0.0000	-0.0000	1.0000
					0.6291	0.7773	0.0000
					20.3541	16.3329	4.4186
				}
				{VolumeView "wheel_hand.ply"}
			}
		}
		{bone "emit1"
			{Matrix34
				-0.0000	1.0000	-0.0000
				-1.0000	-0.0000	0.0000
				0.0000	-0.0000	1.0000
				-6.4171	-29.3730	0.0000
			}
			{visibility 0}
		}
		{bone "emit3"
			{Matrix34
				0.0000	-1.0000	0.0000
				1.0000	0.0000	0.0000
				-0.0000	0.0000	1.0000
				-32.1875	44.5047	0.0000
			}
			{visibility 0}
		}
		{bone "emit4"
			{Position -61.0184	11.2576	0.0000}
			{visibility 0}
		}
		{bone "emit5"
			{Position -61.0184	-11.3557	0.0000}
			{visibility 0}
		}
		{bone "emit6"
			{Matrix34
				-0.0000	1.0000	-0.0000
				-1.0000	-0.0000	-0.0000
				-0.0000	0.0000	1.0000
				-25.2407	-42.0559	0.0000
			}
			{visibility 0}
		}
	}
}
{Volume "wheelright1"
	{Cylinder 8.70253 4.32863}
	{Bone "WheelR1"}
	{Matrix34
		0.6946	0.7194	-0.0000
		-0.7194	0.6946	0.0000
		0.0000	0.0000	1.0000
		0.0000	-0.0000	0.0000
	}
}
{Volume "wheelleft1"
	{Cylinder 8.68366 4.95941}
	{Bone "WheelL1"}
	{Matrix34
		-0.7194	-0.6946	0.0000
		-0.6946	0.7194	-0.0000
		0.0000	-0.0000	-1.0000
		-0.0000	0.0000	-0.0000
	}
}
{Volume "wheelright2"
	{Cylinder 8.68919 5.0095}
	{Bone "WheelR2"}
	{Matrix34
		-0.9998	0.0175	0.0000
		0.0175	0.9998	-0.0000
		-0.0000	-0.0000	-1.0000
		0.0126	-0.1184	0.0830
	}
}
{Volume "wheelleft2"
	{Cylinder 8.79023 5.01576}
	{Bone "WheelL2"}
	{Matrix34
		-0.9998	0.0175	0.0000
		0.0175	0.9998	-0.0000
		-0.0000	-0.0000	-1.0000
		0.0000	-0.0000	0.0186
	}
}
{Volume "inventory"
	{Box 16.679 27.0599 5.78822}
	{Bone "Body"}
	{Matrix34
		-1.0000	0.0000	0.0000
		0.0000	-0.0000	1.0000
		-0.0000	1.0000	0.0000
		19.5406	2.6379	-1.2821
	}
}
{Volume "engine"
	{Box 28.0755 20.5527 15.5772}
	{Bone "engine"}
	{Matrix34
		-1.0000	0.0035	0.0000
		0.0000	-0.0000	1.0000
		0.0035	1.0000	0.0000
		-14.6676	5.6131	-1.2912
	}
}
{Volume "fuel"
	{Box 16.679 27.0599 5.78822}
	{Bone "Body"}
	{Matrix34
		-1.0000	0.0000	0.0000
		0.0000	-0.0000	1.0000
		-0.0000	1.0000	0.0000
		37.1740	2.5793	-1.2822
	}
}
{Volume "body"
	{Box 54.6236 28.4519 11.4271}
	{Bone "Body"}
	{Matrix34
		-1.0000	0.0000	0.0000
		0.0000	0.0000	1.0000
		-0.0000	1.0000	0.0000
		18.8592	5.0608	-1.3988
	}
}
{Volume "glass"
	{Box 27.8635 11.6622 2.51703}
	{Bone "Glass"}
	{Matrix34
		0.0000	0.0000	1.0000
		0.0054	1.0000	0.0000
		-1.0000	0.0054	0.0000
		-0.0054	5.7232	0.2286
	}
}
