{Skeleton
	{Animation
		{sequence "engine_start"}
		{sequence "engine_work"}
		{sequence "engine_stop"}
	}
	{bone "basis"
		{parameters "SteerMax=45;"}
		{Orientation
			1.0000	0.0000	0.0000
			0.0000	-1.0000	0.0000
			0.0000	0.0000	1.0000
		}
		{bone "body"
			{parameters "ID=body;"}
			{Matrix34
				1.0000	0.0000	0.0000
				0.0000	0.0000	1.0000
				0.0000	-1.0000	0.0000
				-9.7981	0.9260	21.0000
			}
			{VolumeView "body.ply"}
			{bone "body_back"
				{parameters "ID=body_back;"}
				{Matrix34
					0.9999	0.0015	-0.0131
					-0.0016	1.0000	-0.0063
					0.0131	0.0063	0.9999
					0.1000	0.0000	-0.2000
				}
				{VolumeView "body_back.ply"}
				{bone "rudder"
					{parameters "ID=body_back;"}
					{Matrix34
						0.9999	-0.0092	-0.0115
						0.0091	0.9999	-0.0119
						0.0116	0.0118	0.9999
						-0.1073	-0.4712	-0.0909
					}
					{VolumeView "rudder.ply"}
				}
				{bone "elevator2"
					{parameters "ID=body_back;"}
					{Matrix34
						0.9999	-0.0116	0.0000
						0.0116	0.9999	0.0000
						0.0000	0.0000	1.0000
						0.3850	-0.5939	-0.0010
					}
					{VolumeView "elevator2.ply"}
				}
				{bone "elevator1"
					{parameters "ID=body_back;"}
					{Matrix34
						0.9999	-0.0116	0.0000
						0.0116	0.9999	0.0000
						0.0000	0.0000	1.0000
						0.3253	-0.6870	0.1017
					}
					{VolumeView "elevator1.ply"}
				}
				{bone "support3"
					{Position -50.2683	-22.7256	0.0627}
				}
			}
			{bone "cabine"
				{parameters "CommonMesh;ID=cabine;"}
				{Matrix34
					1.0000	0.0000	0.0000
					0.0000	-1.0000	0.0000
					0.0000	0.0000	1.0000
					2.0000	6.0946	0.0000
				}
			}
			{bone "engine"
				{parameters "ID=engine;"}
				{Matrix34
					1.0000	0.0028	0.0000
					-0.0028	1.0000	0.0000
					0.0000	0.0000	1.0000
					0.0000	0.0000	0.0000
				}
				{VolumeView "engine.ply"}
				{bone "propeller_work"
					{parameters "ID=propeller;"}
					{Matrix34
						-0.0007	0.0124	-0.9999
						-0.0526	0.9985	0.0124
						0.9986	0.0526	0.0000
						36.9685	-6.8516	-0.5974
					}
					{VolumeView "propeller_work.ply"}
					{visibility 0}
				}
				{bone revolute "propeller"
					{parameters "CommonMesh;ID=propeller;"}
					{Matrix34
						0.0784	-0.9969	0.0000
						0.0000	0.0000	-1.0000
						0.9969	0.0784	0.0000
						35.4037	-7.0353	-0.8595
					}
					{VolumeView "propeller.ply"}
				}
				{bone revolute "Visor"
					{limits -5.0000 5.0000}
					{Matrix34
						1.0000	0.0000	0.0000
						0.0000	0.0000	-1.0000
						0.0000	1.0000	0.0000
						41.6057	-3.2919	0.0316
					}
					{bone revolute "Foresight3"
						{limits -10.0000 10.0000}
						{Matrix34
							1.0000	0.0000	0.0000
							0.0000	0.0000	1.0000
							0.0000	-1.0000	0.0000
							32.3446	0.0000	-0.2293
						}
					}
				}
			}
			{bone "Driver"
				{Matrix34
					0.9880	0.1547	0.0000
					0.0000	0.0000	-1.0000
					-0.1547	0.9880	0.0000
					8.5884	-16.8552	-0.2295
				}
				{bone "Skin"
					{Matrix34
						0.9063	0.0000	-0.4226
						0.0000	-1.0000	0.0000
						0.4226	0.0000	0.9063
						0.0000	0.0767	26.9396
					}
				}
			}
			{bone "FXsmoke1"
				{Matrix34
					-0.9397	0.0000	-0.3420
					0.0000	1.0000	0.0000
					0.3420	0.0000	-0.9397
					46.9211	-6.6801	-12.4694
				}
			}
			{bone "FXsmoke2"
				{Matrix34
					-0.9397	0.0000	0.3420
					0.0000	1.0000	0.0000
					-0.3420	0.0000	-0.9397
					46.6781	-5.2800	11.9819
				}
			}
		}
		{bone "pivot_back"
			{Position -84.0175	-0.4164	-1.1648}
		}
		{bone "pivot_front"
			{Position 31.4362 -0.2851 -9.6785}
			{bone "wingL1"
				{parameters "ID=wingL1;"}
				{Matrix34
					1.0000	0.0000	0.0000
					0.0000	0.0000	1.0000
					0.0000	-1.0000	0.0000
					-41.0135	1.1887	30.7000
				}
				{VolumeView "wingL1.ply"}
				{bone "flap1"
					{parameters "ID=wingL1;"}
					{Matrix34
						1.0000	0.0000	0.0000
						0.0000	1.0000	0.0000
						0.0000	0.0000	1.0000
						0.0000	0.1559	0.4118
					}
					{VolumeView "flap1.ply"}
				}
				{bone revolute "retract_wheelL"
					{parameters "ID=retract_wheelL;"}
					{Matrix34
						1.0000	0.0000	0.0000
						0.0000	1.0000	0.0000
						0.0000	0.0000	1.0000
						-4.5101	1.0219	5.1545
					}
					{VolumeView "retract_wheelL.ply"}
					{bone "support2"
						{Matrix34
							1.0000	0.0000	0.0000
							0.0000	-1.0000	0.0000
							0.0000	0.0000	1.0000
							49.4972	-43.1000	-24.5505
						}
					}
				}
			}
			{bone "wingR1"
				{parameters "ID=wingR1;"}
				{Matrix34
					1.0000	0.0000	0.0000
					0.0000	0.0000	1.0000
					0.0000	-1.0000	0.0000
					-41.2183	1.2267	30.7000
				}
				{VolumeView "wingR1.ply"}
				{bone "flap2"
					{parameters "ID=wingR1;"}
					{Matrix34
						1.0000	0.0000	0.0000
						0.0000	1.0000	0.0000
						0.0000	0.0000	1.0000
						1.1158	0.2147	-0.2182
					}
					{VolumeView "flap2.ply"}
				}
				{bone revolute "retract_wheelR"
					{parameters "ID=retract_wheelR;"}
					{Matrix34
						1.0000	0.0000	0.0000
						0.0000	1.0000	0.0000
						0.0000	0.0000	1.0000
						-5.0562	0.9628	-2.9400
					}
					{VolumeView "retract_wheelR.ply"}
					{bone "support1"
						{Matrix34
							1.0000	0.0000	0.0000
							0.0000	-1.0000	0.0000
							0.0000	0.0000	1.0000
							50.2998	-43.1000	22.6781
						}
					}
				}
			}
		}
		{bone "emit1"
			{parameters "Group=crew;"}
			{Matrix34
				1.0000	0.0000	0.0000
				0.0000	1.0000	0.0000
				0.0000	0.0000	1.0000
				-24.0729	-24.0627	-10.0000
			}
			{visibility 0}
		}
		{bone "emit2"
			{parameters "Group=crew;"}
			{Matrix34
				0.0000	-1.0000	0.0000
				1.0000	0.0000	0.0000
				0.0000	0.0000	1.0000
				-24.0729	23.9095	-10.0000
			}
			{visibility 0}
		}
	}
}
{Obstacle "Rectangle1"
	{Obb2
		{Center 17.5994 -0.0647}
		{Extent 20.7469 97.4727}
		{Axis -1 0}
	}
	{Rotate}
}
{Obstacle "Rectangle3"
	{Obb2
		{Center -60.3068 -0.3423}
		{Extent 10.1660 39.0041}
		{Axis -1 0}
	}
	{Rotate}
}
{Obstacle "Rectangle04"
	{Obb2
		{Center -24.3174 -0.0647}
		{Extent 3.0342 46.2403}
		{Axis 0 1}
	}
	{Rotate}
}
{Volume "Body"
	{Polyhedron "Body.vol"}
	{Bone "Body"}
	{Matrix34
		1.0000	0.0000	0.0000
		0.0000	0.0000	-1.0000
		0.0000	1.0000	0.0000
		-25.2720	-12.8070	-0.3409
	}
}
{Volume "wingR1"
	{Box 28.9069 41.7208 3.9353}
	{Bone "WingR1"}
	{Matrix34
		1.0000	0.0269	0.0000
		0.0000	0.0000	-1.0000
		-0.0269	1.0000	0.0000
		29.6263	-13.0866	35.3543
	}
}
{Volume "wingL1"
	{Box 27.1392 41.2708 4.4606}
	{Bone "WingL1"}
	{Matrix34
		1.0000	0.0000	0.0000
		0.0000	0.0295	-1.0000
		0.0000	1.0000	0.0295
		28.8081	-12.7224	-34.8860
	}
}
{Volume "Body_back"
	{Polyhedron "Body_back.vol"}
	{Bone "body_back"}
	{Matrix34
		1.0000	0.0000	0.0000
		0.0000	0.0000	-1.0000
		0.0000	1.0000	0.0000
		-42.2363	-12.1088	0.2098
	}
}
{Volume "Engine"
	{Cylinder 14.55400 20.88320}
	{Bone "Engine"}
	{Matrix34
		-0.0157	0.0000	-1.0000
		0.0000	1.0000	0.0000
		1.0000	-0.0232	-0.0157
		48.7982	-7.2021	-0.9286
	}
}
{Volume "Cabine"
	{Box 27.5815 12.5619 11.2689}
	{Bone "cabine"}
	{Matrix34
		-1.0000	0.0000	0.0000
		0.0000	0.0000	1.0000
		0.0000	1.0000	0.0000
		4.9762	0.6415	0.3266
	}
}
{Volume "propeller"
	{Polyhedron "propeller.vol"}
	{Bone "propeller"}
	{Matrix34
		0.7010	-0.7122	-0.0367
		0.7104	0.7019	-0.0505
		0.0617	0.0000	0.9980
		-4.4050	-10.5389	33.1836
	}
}
{Volume "retract_wheelR"
	{Box 11.8108 5.9797 30.6229}
	{Bone "retract_wheelR"}
	{Matrix34
		-1.0000	0.0000	0.0000
		0.0000	0.0000	1.0000
		0.0000	1.0000	0.0000
		43.7885	-26.8980	24.0203
	}
}
{Volume "retract_wheelL"
	{Box 11.8108 5.9797 30.6229}
	{Bone "retract_wheelL"}
	{Matrix34
		-1.0000	0.0000	0.0000
		0.0000	0.0000	1.0000
		0.0000	1.0000	0.0000
		43.3885	-26.8980	-25.9797
	}
}