;Exported by: Albus
;Date:        Sat Jun 21 14:17:19 2014
;File:        C:\Documents and Settings\Albus\Escritorio\shw\ba-20m\ba20_xx.max
{Skeleton
	{bone "basis"
		{parameters "SteerMax=40;WheelRadius=0.43;"}
		{Orientation
			1.0000	0.0000	0.0000
			0.0000	-1.0000	0.0000
			0.0000	0.0000	1.0000
		}
		{bone "body"
			{parameters "ID=body;"}
			{Position 0.9823	-0.0452	15.1854}
			{VolumeView "body.ply"}
			{bone revolute "turret"
				{parameters "ID=turret;"}
				{Position -11.2207	-0.0140	18.1081}
				{VolumeView "turret.ply"}
				{bone revolute "mgun"
					{parameters "ID=turret;"}
					{limits -8.0000 15.0000}
					{Matrix34
						1.0000	0.0000	0.0000
						0.0000	0.0000	1.0000
						0.0000	-1.0000	0.0000
						11.1658	-1.0376	2.8608
					}
					{VolumeView "mgun.ply"}
				}
				{bone "FXfire2"
					{Matrix34
						0.0000	0.0000	1.0000
						0.0000	1.0000	0.0000
						-1.0000	0.0000	0.0000
						-0.6762	0.0592	-0.1670
					}
				}
			}
			{bone "door_L"
				{parameters "ID=body;"}
				{Matrix34
					1.0000	0.0000	0.0000
					0.0000	0.9864	0.1644
					0.0000	-0.1644	0.9864
					5.5285	10.8573	7.9559
				}
				{VolumeView "door_L.ply"}
			}
			{bone "part1"
				{Matrix34
					1.0000	0.0000	0.0000
					0.0000	0.9865	-0.1638
					0.0000	0.1638	0.9865
					5.5074	-10.8062	7.9477
				}
				{VolumeView "part1.ply"}
			}
			{bone "engine"
				{parameters "ID=engine;"}
				{Position 0.4532	0.0446	-1.2314}
				{VolumeView "engine.ply"}
			}
			{bone "part2"
				{Position -33.4094	-0.1079	1.4317}
				{VolumeView "part2.ply"}
			}
			{bone "part4"
				{Position 26.7528	-7.3781	4.1326}
				{VolumeView "part4.ply"}
			}
			{bone "part3"
				{Position 27.2240	7.5370	3.6114}
				{VolumeView "part3.ply"}
			}
			{bone "FXfire1"
				{Matrix34
					0.0000	0.0000	1.0000
					0.0000	1.0000	0.0000
					-1.0000	0.0000	0.0000
					25.9298	0.0452	4.9209
				}
			}
		}
		{bone "Pivot_front"
			{parameters "ID=body;"}
			{Position 34.5128	0.0547	7.3873}
			{VolumeView "Pivot_front.ply"}
			{bone revolute "steer_L"
				{Matrix34
					1.0000	0.0000	0.0000
					0.0000	-1.0000	0.0000
					0.0000	0.0000	-1.0000
					-0.1575	13.8065	-0.3024
				}
				{bone revolute "wheelL1"
					{parameters "ID=wheelleft1;"}
					{Matrix34
						-1.0000	0.0000	0.0000
						0.0000	0.0000	-1.0000
						0.0000	-1.0000	0.0000
						-0.0289	-1.3085	-1.2517
					}
					{VolumeView "wheelL1.ply"}
				}
			}
			{bone revolute "steer_R"
				{Matrix34
					1.0000	0.0000	0.0000
					0.0000	-1.0000	0.0000
					0.0000	0.0000	-1.0000
					-0.1575	-14.0192	-0.3024
				}
				{bone revolute "wheelR1"
					{parameters "ID=wheelright1;"}
					{Matrix34
						-1.0000	0.0000	0.0000
						0.0000	0.0000	-1.0000
						0.0000	-1.0000	0.0000
						-0.0435	1.1459	-1.2364
					}
					{VolumeView "wheelR1.ply"}
				}
			}
		}
		{bone "Pivot_back"
			{parameters "ID=body;"}
			{Position -25.5601	-0.0612	7.9366}
			{VolumeView "Pivot_back.ply"}
			{bone revolute "wheelL2"
				{parameters "ID=wheelleft2;"}
				{Matrix34
					-1.0000	0.0000	0.0000
					0.0000	0.0000	1.0000
					0.0000	1.0000	0.0000
					-0.0378	15.1299	0.3091
				}
				{VolumeView "wheelL2.ply"}
			}
			{bone revolute "wheelR2"
				{parameters "ID=wheelright2;"}
				{Matrix34
					-1.0000	0.0000	0.0000
					0.0000	0.0000	1.0000
					0.0000	1.0000	0.0000
					-0.0525	-15.1502	0.2938
				}
				{VolumeView "wheelR2.ply"}
			}
		}
	}
}
{Volume "wheelright2"
	{Cylinder 7.51634 3.85791}
	{Bone "wheelR2"}
	{Matrix34
		-1.0000	0.0000	0.0000
		0.0000	1.0000	0.0000
		0.0000	0.0000	-1.0000
		0.0227	0.0093	0.0226
	}
}
{Volume "wheelleft2"
	{Cylinder 7.44118 3.85791}
	{Bone "wheelL2"}
	{Matrix34
		-1.0000	0.0000	0.0000
		0.0000	1.0000	0.0000
		0.0000	0.0000	-1.0000
		0.0373	-0.0060	-0.0141
	}
}
{Volume "wheelright1"
	{Cylinder 7.14797 3.85791}
	{Bone "wheelR1"}
	{Matrix34
		-1.0000	0.0000	0.0000
		0.0000	1.0000	0.0000
		0.0000	0.0000	-1.0000
		-0.0173	-0.0067	-0.0784
	}
}
{Volume "wheelleft1"
	{Cylinder 7.00572 3.85791}
	{Bone "wheelL1"}
	{Matrix34
		-1.0000	0.0000	0.0000
		0.0000	1.0000	0.0000
		0.0000	0.0000	-1.0000
		-0.0488	0.0153	-0.1151
	}
}
{Volume "body3"
	{Polyhedron "body3.vol"}
	{Bone "body"}
	{Position -6.2944	0.0052	14.3801}
}
{Volume "body2"
	{Polyhedron "body2.vol"}
	{Bone "body"}
	{Position 6.9383	-0.1554	5.9507}
}
{Volume "body1"
	{Polyhedron "body1.vol"}
	{Bone "body"}
	{Position -1.2780	-0.5212	-3.6866}
}
{Volume "part3"
	{Box 10.3055 6.78405 1.06145}
	{Bone "part3"}
	{Matrix34
		0.9624	-0.2237	0.1541
		-0.1581	0.0000	0.9874
		-0.2209	-0.9747	-0.0354
		0.2463	-0.1024	-0.3531
	}
}
{Volume "part4"
	{Box 10.3055 6.78405 1.06145}
	{Bone "part4"}
	{Matrix34
		0.9814	0.1920	0.0000
		0.0000	-0.0000	1.0000
		0.1920	-0.9814	0.0000
		0.1614	-0.0094	-0.4878
	}
}
{Volume "part2"
	{Cylinder 8.23788 3.87861}
	{Bone "part2"}
	{Matrix34
		0.9828	0.0000	0.1844
		0.0000	1.0000	0.0000
		-0.1844	0.0000	0.9828
		-0.0319	-0.1814	0.1010
	}
}
{Volume "part1"
	{Box 10.8856 14.2066 1.06043}
	{Bone "part1"}
	{Matrix34
		1.0000	0.0000	0.0000
		0.0000	-0.0238	0.9997
		0.0000	-0.9997	-0.0238
		-5.3270	-0.0483	0.0558
	}
}
{Volume "turret"
	{Polyhedron "turret.vol"}
	{Bone "turret"}
	{Position 1.2661	0.0629	3.6147}
}
