;Exported by: garry
;Date:        Mon Sep 13 11:24:53 2004
;File:        \\sharepoint\gamedev\DESIGN\-Projects-\-3DWork-\Constructions\ÆÄ\tower_water\water_tower.max
{Skeleton
	{bone "tower"
		{Orientation
			1.0000	0.0000	0.0000
			0.0000	-1.0000	0.0000
			0.0000	0.0000	1.0000
		}
		{VolumeView "tower.ply"}
		{bone "piece1"
			{Position -0.0000	25.3695	147.8956}
			{VolumeView "piece1.ply"}
			{bone "FX_dust1a"
				{Matrix34
					-0.0000	-1.0000	-0.0000
					-0.0523	-0.0000	0.9986
					0.9986	-0.0000	0.0523
					-1.8119	-12.3603	-44.7429
				}
			}
		}
		{bone "piece2"
			{Position -4.0973	-17.8562	143.6486}
			{VolumeView "piece2.ply"}
			{bone "FX_water1"
				{Position -0.0000	0.0000	0.0000}
			}
		}
		{bone "Piece4"
			{Matrix34
				-0.0000	-1.0000	-0.0000
				-0.2079	-0.0000	0.9781
				-0.9781	0.0000	-0.2079
				-35.0820	-25.6542	66.2153
			}
			{VolumeView "Piece4.ply"}
		}
		{bone "Piece3"
			{Matrix34
				0.0000	1.0000	0.0000
				0.9781	-0.0000	0.2079
				-0.2079	-0.0000	0.9781
				1.9374	51.6440	60.3362
			}
			{VolumeView "Piece3.ply"}
			{bone "sub_piece5"
				{Matrix34
					1.0000	-0.0000	0.0000
					0.0000	-0.2588	-0.9659
					-0.0000	0.9659	-0.2588
					-26.0691	30.3822	16.1187
				}
				{VolumeView "sub_piece5.ply"}
			}
			{bone "sub_piece7"
				{Matrix34
					1.0000	-0.0000	0.0000
					0.0000	-0.1736	-0.9848
					0.0000	0.9848	-0.1736
					-23.8982	28.6903	-8.1203
				}
				{VolumeView "sub_piece7.ply"}
			}
		}
		{bone "Piece0"
			{Matrix34
				-0.0000	-0.9848	0.1736
				-0.9986	-0.0091	-0.0515
				-0.0523	0.1734	0.9835
				-0.3874	-51.2790	60.4049
			}
			{VolumeView "Piece0.ply"}
			{bone "sub_piece1"
				{Position 0.1977	-32.5525	-3.7520}
				{VolumeView "sub_piece1.ply"}
			}
			{bone "sub_piece2"
				{Position -3.4007	-0.0911	-30.0030}
				{VolumeView "sub_piece2.ply"}
			}
			{bone "sub_piece3"
				{Position 8.3338	-3.1681	48.4593}
				{VolumeView "sub_piece3.ply"}
			}
			{bone "FX_dust1"
				{Matrix34
					0.9848	0.0091	-0.1734
					0.1734	0.0008	0.9848
					0.0091	-1.0000	-0.0008
					-71.4890	3.2654	-35.0902
				}
			}
		}
		{bone "piece5"
			{Matrix34
				-0.0000	-0.9848	-0.1736
				-0.9986	0.0091	-0.0515
				-0.0523	-0.1734	0.9835
				35.5249	-25.6485	60.6979
			}
			{VolumeView "piece5.ply"}
			{bone "FX_water1a"
				{Matrix34
					0.9848	-0.0091	0.1734
					-0.1734	0.0008	0.9848
					-0.0091	-1.0000	-0.0008
					9.6349	37.2768	-44.5272
				}
			}
		}
		{bone "Piece6"
			{Matrix34
				-0.1307	-0.9914	-0.0046
				0.0870	-0.0068	-0.9962
				-0.9876	0.1306	-0.0872
				-35.4115	-26.1228	33.4423
			}
			{VolumeView "Piece6.ply"}
		}
		{bone "piece7"
			{Matrix34
				0.0000	1.0000	0.0000
				0.9781	-0.0000	0.2079
				-0.2079	-0.0000	0.9781
				-32.3275	24.8439	60.5430
			}
			{VolumeView "piece7.ply"}
			{bone "sub_piece4"
				{Position 0.0915	6.0355	21.0677}
				{VolumeView "sub_piece4.ply"}
			}
		}
	}
}
{Volume "piece7"
	{Polyhedron "piece7.vol"}
	{Bone "piece7"}
	{Matrix34
		0.0174	0.9628	-0.2698
		0.9998	-0.0169	0.0043
		-0.0004	-0.2698	-0.9629
		2.6739	12.1421	48.2895
	}
}
{Volume "sub_piece4"
	{Polyhedron "sub_piece4.vol"}
	{Bone "sub_piece4"}
	{Matrix34
		-0.0174	-0.9893	0.1452
		-0.9998	0.0172	-0.0030
		0.0004	-0.1452	-0.9894
		2.5824	6.1066	27.2218
	}
}
{Volume "Piece6"
	{Box 4.88013 49.609 49.5045}
	{Bone "Piece6"}
	{Matrix34
		-0.2825	0.0161	-0.9591
		0.9592	-0.0039	-0.2826
		-0.0083	-0.9999	-0.0143
		-21822.6875	-743.9300	-8344.6113
	}
}
{Volume "Piece5"
	{Box 55.6543 7.48928 98.8157}
	{Bone "piece5"}
	{Matrix34
		-0.9845	0.0440	-0.1698
		-0.0352	-0.9979	-0.0547
		-0.1719	-0.0479	0.9840
		0.9503	1.0132	-2.2544
	}
}
{Volume "sub_piece3"
	{Box 64.9472 2.84529 6.72277}
	{Bone "sub_piece3"}
	{Matrix34
		-0.0000	0.9986	0.0523
		-0.9848	-0.0091	0.1734
		0.1736	-0.0515	0.9835
		0.1465	0.4349	0.0846
	}
}
{Volume "sub_piece2"
	{Polyhedron "sub_piece2.vol"}
	{Bone "sub_piece2"}
	{Matrix34
		-0.0000	-0.9986	-0.0523
		0.9848	0.0091	-0.1734
		0.1736	-0.0515	0.9835
		-3.8255	0.3653	-21.7062
	}
}
{Volume "sub_piece1"
	{Box 4.14149 3.69508 99.6}
	{Bone "sub_piece1"}
	{Matrix34
		-0.0146	-0.9996	0.0245
		0.9979	-0.0161	-0.0625
		0.0629	0.0235	0.9977
		-1.9517	0.0224	0.0010
	}
}
{Volume "Piece0"
	{Box 67.0533 9.4801 98.8157}
	{Bone "Piece0"}
	{Matrix34
		-0.0000	-0.9986	-0.0523
		0.9848	0.0091	-0.1734
		0.1736	-0.0515	0.9835
		-0.2759	0.2927	-2.0787
	}
}
{Volume "sub_piece7"
	{Polyhedron "sub_piece7.vol"}
	{Bone "sub_piece7"}
	{Matrix34
		0.0174	-0.0985	-0.9950
		0.9998	0.0013	0.0174
		-0.0004	-0.9951	0.0985
		-2.8519	49.7862	-1.4984
	}
}
{Volume "sub_piece5"
	{Box 4.19736 47.2233 50}
	{Bone "sub_piece5"}
	{Matrix34
		-0.0174	-0.1398	0.9900
		-0.9998	0.0020	-0.0173
		0.0004	-0.9902	-0.1399
		-0.6703	-0.6147	1.3982
	}
}
{Volume "Piece3"
	{Box 69.1272 52.4922 98.8157}
	{Bone "Piece3"}
	{Matrix34
		0.0000	0.9781	-0.2082
		-1.0000	0.0000	0.0000
		0.0000	0.2082	0.9781
		-24.9035	-2.8632	-1.4756
	}
}
{Volume "Piece4"
	{Box 4.88013 49.609 49.5045}
	{Bone "Piece4"}
	{Matrix34
		0.0000	-0.2079	-0.9781
		-1.0000	-0.0000	-0.0000
		-0.0000	0.9781	-0.2079
		0.2377	14.6085	-8.0837
	}
}
{Volume "Piece2"
	{Box 60.9572 47.2092 60.8967}
	{Bone "piece2"}
	{Position 4.1269	-7.8817	-1.4524}
}
{Volume "Piece1"
	{Box 61.549 52.2545 60.2624}
	{Bone "piece1"}
	{Position -0.3446	-0.4576	-5.3475}
}
