;Exported by: grechishkin
;Date:        Thu Nov 06 12:27:58 2003
;File:        D:\-Projects-\-3DWork-\Model\gaz_xlam\Gaz_xlam.max
{Skeleton
	{bone "Basis"
		{Orientation
			-1.0000	-0.0000	0.0000
			-0.0000	1.0000	0.0000
			0.0000	0.0000	1.0000
		}
		{bone "Body"
			{parameters "ID=body;"}
			{Matrix34
				0.9990	0.0000	0.0436
				0.0034	0.9969	-0.0785
				-0.0435	0.0786	0.9960
				2.0936	-1.3759	-2.3888
			}
			{VolumeView "Body.ply"}
		}
	}
}
{Volume "Body2"
	{Box 32.888 16.2287 14.2967}
	{Bone "Body"}
	{Matrix34
		0.9990	0.0034	-0.0435
		0.0000	0.9969	0.0786
		0.0436	-0.0785	0.9960
		-27.0402	-0.0815	19.1137
	}
}
{Volume "Body1"
	{Polyhedron "Body1.vol"}
	{Bone "Body"}
	{Matrix34
		0.9990	0.0034	-0.0435
		-0.0000	0.9969	0.0786
		0.0436	-0.0785	0.9960
		14.9956	1.1801	2.1139
	}
}
