;Exported by: ubrashaev
;Date:        Fri Apr 02 11:34:11 2004
;File:        D:\-Projects-\-work-\3d\construction\e-house24\corner3.max
{Skeleton
	{bone "e_house24_corner4"
		{Orientation
			1.0000	0.0000	0.0000
			0.0000	-1.0000	0.0000
			0.0000	0.0000	1.0000
		}
		{VolumeView "e_house24_corner4.ply"}
		{bone "window1"
			{Matrix34
				-0.0000	1.0000	0.0000
				-1.0000	-0.0000	0.0000
				0.0000	0.0000	1.0000
				47.6595	25.3461	35.4054
			}
			{VolumeView "window1.ply"}
			{bone "fx_glass1"
				{Matrix34
					-0.0000	-1.0000	0.0000
					1.0000	-0.0000	0.0000
					0.0000	0.0000	1.0000
					-8.4640	-0.1198	-2.8650
				}
			}
		}
		{bone "window1_x"
			{Matrix34
				-0.0000	1.0000	0.0000
				-1.0000	-0.0000	0.0000
				0.0000	0.0000	1.0000
				47.0714	25.3461	35.4054
			}
			{visibility 0}
			{VolumeView "window1_x.ply"}
		}
		{bone "window2"
			{Matrix34
				-0.0000	1.0000	0.0000
				-1.0000	-0.0000	0.0000
				0.0000	0.0000	1.0000
				48.5003	6.0295	89.6707
			}
			{VolumeView "window2.ply"}
			{bone "fx_glass2"
				{Matrix34
					-0.0000	-1.0000	0.0000
					1.0000	-0.0000	0.0000
					0.0000	0.0000	1.0000
					-0.0895	0.7209	0.0000
				}
			}
		}
		{bone "window2_x"
			{Matrix34
				-0.0000	1.0000	0.0000
				-1.0000	-0.0000	0.0000
				0.0000	0.0000	1.0000
				48.1929	6.0291	89.6707
			}
			{visibility 0}
			{VolumeView "window2_x.ply"}
		}
		{bone "window4"
			{Matrix34
				-0.0000	1.0000	0.0000
				-1.0000	-0.0000	0.0000
				0.0000	0.0000	1.0000
				48.5002	45.6569	89.6707
			}
			{VolumeView "window4.ply"}
			{bone "fx_glass4"
				{Matrix34
					-0.0000	-1.0000	0.0000
					1.0000	-0.0000	0.0000
					0.0000	0.0000	1.0000
					0.0103	0.2540	0.0000
				}
			}
		}
		{bone "window4_x"
			{Matrix34
				-0.0000	1.0000	0.0000
				-1.0000	-0.0000	0.0000
				0.0000	0.0000	1.0000
				48.1929	45.6569	89.6707
			}
			{visibility 0}
			{VolumeView "window4_x.ply"}
		}
		{bone "window3"
			{Matrix34
				0.7071	0.7071	0.0000
				-0.7071	0.7071	0.0000
				0.0000	0.0000	1.0000
				30.9189	-36.9220	89.6707
			}
			{VolumeView "window3.ply"}
			{bone "fx_glass3"
				{Matrix34
					-0.0000	-1.0000	0.0000
					1.0000	-0.0000	0.0000
					0.0000	0.0000	1.0000
					-0.0895	0.7209	0.0000
				}
			}
		}
		{bone "window3_x"
			{Matrix34
				0.7071	0.7071	0.0000
				-0.7071	0.7071	0.0000
				0.0000	0.0000	1.0000
				30.7013	-36.7050	89.6707
			}
			{visibility 0}
			{VolumeView "window3_x.ply"}
		}
		{bone "attach1"
			{Position 34.8226	7.4485	-0.2021}
		}
		{bone "attach2"
			{Position 36.0717	5.9400	62.9317}
		}
		{bone "attach3"
			{Matrix34
				0.7071	-0.7071	0.0000
				0.7071	0.7071	0.0000
				0.0000	0.0000	1.0000
				21.4149	-27.5446	63.2231
			}
		}
	}
}
{Obstacle "body5"
	{Obb2
		{Center 14.1141 -67.7424}
		{Extent 30.3453 3.81018}
		{Axis 1 0}
	}
	{Rotate}
}
{Obstacle "body3"
	{Obb2
		{Center 47.9475 -26.182}
		{Extent 4.09827 46.1972}
		{Axis 1 0}
	}
	{Rotate}
}
{Obstacle "body1"
	{Obb2
		{Center 28.7986 38.5561}
		{Extent 4.73981 28.1373}
		{Axis 0.71961 0.694378}
	}
	{Rotate}
}
{Volume "body5"
	{Box 60.6906 7.62036 118}
	{Bone "e_house24_corner4"}
	{Position 14.1141	67.7424	60.2349}
}
{Volume "hole1"
	{Box 82.2047 23.9199 38.9764}
	{Bone "e_house24_corner4"}
	{Matrix34
		-0.0000	1.0000	0.0000
		-1.0000	-0.0000	0.0000
		0.0000	0.0000	1.0000
		47.6953	26.1595	35.5357
	}
}
{Volume "body4"
	{Polyhedron "body4.vol"}
	{Bone "e_house24_corner4"}
	{Matrix34
		-0.0000	1.0000	0.0000
		-1.0000	-0.0000	0.0000
		0.0000	0.0000	1.0000
		24.4874	8.9371	59.5752
	}
}
{Volume "roof2"
	{Box 8.11458 84.0789 79.5529}
	{Bone "e_house24_corner4"}
	{Matrix34
		-0.7071	0.0000	0.7071
		-0.0000	-1.0000	0.0000
		0.7071	-0.0000	0.7071
		-35.1080	28.2929	148.4564
	}
}
{Volume "roof"
	{Box 8.11458 84.0789 79.5529}
	{Bone "e_house24_corner4"}
	{Matrix34
		0.7071	0.0000	0.7071
		0.0000	1.0000	0.0000
		-0.7071	0.0000	0.7071
		19.8213	28.2930	148.4564
	}
}
{Volume "roof1"
	{Polyhedron "roof1.vol"}
	{Bone "e_house24_corner4"}
	{Matrix34
		-0.6906	-0.7232	-0.0000
		-0.6555	0.6259	-0.4226
		0.3057	-0.2919	-0.9063
		-5.9437	-3.3740	225.4525
	}
}
{Volume "hole4"
	{Box 23.622 23.8321 29.5276}
	{Bone "e_house24_corner4"}
	{Matrix34
		-0.0000	1.0000	0.0000
		-1.0000	-0.0000	0.0000
		0.0000	0.0000	1.0000
		47.6953	45.5902	89.6639
	}
}
{Volume "hole3"
	{Box 23.622 23.1647 29.5276}
	{Bone "e_house24_corner4"}
	{Matrix34
		0.7071	0.7071	0.0000
		-0.7071	0.7071	0.0000
		0.0000	0.0000	1.0000
		30.3350	-36.3677	89.6639
	}
}
{Volume "hole2"
	{Box 23.622 23.9199 29.5276}
	{Bone "e_house24_corner4"}
	{Matrix34
		-0.0000	1.0000	0.0000
		-1.0000	-0.0000	0.0000
		0.0000	0.0000	1.0000
		47.6953	6.0087	89.6639
	}
}
{Volume "body3"
	{Box 8.19654 92.3944 120.535}
	{Bone "e_house24_corner4"}
	{Position 47.9475	26.1820	60.2673}
}
{Volume "body2"
	{Polyhedron "body2.vol"}
	{Bone "e_house24_corner4"}
	{Matrix34
		-0.0000	1.0000	0.0000
		-1.0000	-0.0000	0.0000
		0.0000	0.0000	1.0000
		-7.9917	67.9700	148.1847
	}
}
{Volume "body1"
	{Polyhedron "body1.vol"}
	{Bone "e_house24_corner4"}
	{Matrix34
		0.6906	0.7232	0.0000
		-0.7232	0.6906	0.0000
		0.0000	0.0000	1.0000
		28.8781	-38.6328	0.0000
	}
}
{Volume "window3"
	{Box 23.622 3.40157 29.5276}
	{Bone "window3"}
	{Position -0.0209	0.8049	-0.0067}
}
{Volume "window4"
	{Box 23.622 4.18843 29.5276}
	{Bone "window4"}
	{Position -0.0666	0.8049	-0.0067}
}
{Volume "window2"
	{Box 23.622 3.40157 29.5276}
	{Bone "window2"}
	{Position -0.0209	0.8049	-0.0067}
}
{Volume "window1"
	{Box 81.9257 2.62992 39.3701}
	{Bone "window1"}
	{Position -0.0099	-0.0358	0.0915}
}
