;Exported by: shevchenko
;Date:        Sat Jan 17 13:23:41 2004
;File:        D:\-Projects-\-3DWork-\sheva\ch1c_x.max
{Skeleton
	{animation
		{sequence "crush" {speed 0.4}}
	}
	{bone "church_addition3"
		{parameters "CommonMesh;"}
		{Orientation
			1.0000	0.0000	0.0000
			0.0000	-1.0000	0.0000
			0.0000	0.0000	1.0000
		}
		{VolumeView "church_addition3.ply"}
		{bone "piece1"
			{Matrix34
				-1.0000	0.0000	0.0000
				0.0000	0.0000	1.0000
				0.0000	1.0000	-0.0000
				-23.6094	-30.1199	36.5529
			}
			{VolumeView "piece1.ply"}
		}
		{bone "piece2"
			{Matrix34
				-1.0000	0.0000	0.0000
				0.0000	0.0000	1.0000
				0.0000	1.0000	-0.0000
				19.4171	-30.1199	40.0000
			}
			{VolumeView "piece2.ply"}
		}
		{bone "piece3"
			{Matrix34
				-1.0000	0.0000	0.0000
				0.0000	0.0000	1.0000
				0.0000	1.0000	-0.0000
				5.0340	-30.1199	7.5000
			}
			{VolumeView "piece3.ply"}
		}
		{bone "piece4"
			{Matrix34
				-1.0000	0.0000	0.0000
				0.0000	0.0000	1.0000
				0.0000	1.0000	-0.0000
				31.0581	-15.3544	20.9663
			}
			{VolumeView "piece4.ply"}
		}
		{bone "piece5"
			{Matrix34
				-1.0000	0.0000	0.0000
				0.0000	0.0000	1.0000
				0.0000	1.0000	-0.0000
				31.0581	14.1732	18.7008
			}
			{VolumeView "piece5.ply"}
		}
		{bone "piece6"
			{Matrix34
				-1.0000	0.0000	0.0000
				0.0000	0.0000	1.0000
				0.0000	1.0000	-0.0000
				31.0581	-0.5906	48.2283
			}
			{VolumeView "piece6.ply"}
		}
		{bone "piece7"
			{Matrix34
				-1.0000	0.0000	0.0000
				0.0000	0.0000	1.0000
				0.0000	1.0000	-0.0000
				31.0581	23.8699	67.9134
			}
			{VolumeView "piece7.ply"}
		}
	}
}
{Volume "piece7"
	{Box 10.5489 7.87402 12.2835}
	{Bone "piece7"}
	{Matrix34
		0.0000	0.4204	0.9074
		1.0000	0.0000	-0.0000
		-0.0000	0.9074	-0.4204
		-0.0060	0.6527	-0.0269
	}
}
{Volume "piece6"
	{Box 22.9961 7.87402 13.2283}
	{Bone "piece6"}
	{Matrix34
		0.0000	0.9187	0.3949
		1.0000	-0.0000	-0.0000
		-0.0000	0.3949	-0.9187
		-0.0060	0.4828	0.8269
	}
}
{Volume "piece5"
	{Box 22.1598 7.87402 14.6457}
	{Bone "piece5"}
	{Matrix34
		0.0000	0.4692	0.8831
		1.0000	-0.0000	-0.0000
		-0.0000	0.8831	-0.4692
		-0.0060	-0.3823	0.6557
	}
}
{Volume "piece4"
	{Box 7.9441 7.87402 8.74016}
	{Bone "piece4"}
	{Matrix34
		0.0000	-0.2069	0.9784
		1.0000	-0.0000	-0.0000
		0.0000	0.9784	0.2069
		-0.0060	-0.0121	-0.2984
	}
}
{Volume "piece3"
	{Box 20.9055 7.87402 11.811}
	{Bone "piece3"}
	{Matrix34
		-1.0000	0.0000	-0.0000
		0.0000	0.0000	1.0000
		0.0000	1.0000	-0.0000
		-1.6277	0.3739	0.0018
	}
}
{Volume "piece2"
	{Box 12.9331 7.87402 27.2441}
	{Bone "piece2"}
	{Matrix34
		-0.9929	-0.1188	0.0000
		-0.0000	0.0000	1.0000
		-0.1188	0.9929	-0.0000
		0.7159	-1.2326	0.0018
	}
}
{Volume "piece1"
	{Box 12.2244 7.87402 17.4803}
	{Bone "piece1"}
	{Matrix34
		-0.9305	-0.3663	0.0000
		0.0000	-0.0000	1.0000
		-0.3663	0.9305	0.0000
		-0.1254	0.2954	0.0018
	}
}
