;Exported by: vic
;Date:        Wed Feb 04 13:10:47 2004
;File:        D:\-Projects-\-3DWork-\Constructions\NEW\Ruini\monastery\Monastery2_x.max
{Skeleton
	{bone "wall_x"
		{Orientation
			1.0000	0.0000	0.0000
			0.0000	-1.0000	0.0000
			0.0000	0.0000	1.0000
		}
		{bone "sub_piece3"
			{Matrix34
				-1.0000	0.0000	0.0000
				0.0000	0.0000	1.0000
				0.0000	1.0000	-0.0000
				-11.3974	-0.0605	29.0078
			}
			{VolumeView "sub_piece3.ply"}
		}
		{bone "sub_piece0"
			{Matrix34
				-0.9789	-0.2043	0.0000
				-0.0000	0.0000	1.0000
				-0.2043	0.9789	-0.0000
				11.4641	2.1814	8.2232
			}
			{VolumeView "sub_piece0.ply"}
		}
		{bone "sub_piece2"
			{Matrix34
				-0.9789	-0.2043	0.0000
				-0.0000	0.0000	1.0000
				-0.2043	0.9789	-0.0000
				10.5802	1.9969	29.8077
			}
			{VolumeView "sub_piece2.ply"}
		}
		{bone "sub_piece1"
			{Matrix34
				-1.0000	0.0000	0.0000
				0.0000	0.0000	1.0000
				0.0000	1.0000	-0.0000
				-8.4233	-0.0605	9.2473
			}
			{VolumeView "sub_piece1.ply"}
		}
		{bone "piece1"
			{Matrix34
				-1.0000	0.0000	0.0000
				0.0000	0.0000	1.0000
				0.0000	1.0000	-0.0000
				-33.7665	-0.0605	16.8839
			}
			{VolumeView "piece1.ply"}
		}
		{bone "piece0"
			{Matrix34
				0.9441	0.1970	-0.2643
				-0.2587	-0.0540	-0.9645
				-0.2043	0.9789	0.0000
				35.4489	7.1872	20.1792
			}
			{VolumeView "piece0.ply"}
		}
	}
}
{Volume "piece0"
	{Box 31.1013 9.36025 20.2296}
	{Bone "piece0"}
	{Matrix34
		-0.3918	-0.9201	-0.0000
		0.0000	-0.0000	1.0000
		-0.9201	0.3918	0.0000
		-1.6964	0.4261	-1.3472
	}
}
{Volume "piece1"
	{Box 22.023 9.37933 25.7018}
	{Bone "piece1"}
	{Matrix34
		-0.9201	0.3917	-0.0000
		0.0000	0.0000	1.0000
		0.3917	0.9201	-0.0000
		-0.3259	1.0755	-1.3473
	}
}
{Volume "sub_piece1"
	{Box 13.6843 9.37933 11.1583}
	{Bone "sub_piece1"}
	{Matrix34
		-0.7527	-0.6584	-0.0000
		0.0000	-0.0000	1.0000
		-0.6584	0.7527	0.0000
		0.2248	-0.1893	-1.3473
	}
}
{Volume "sub_piece2"
	{Box 14.0351 9.37839 11.3327}
	{Bone "sub_piece2"}
	{Matrix34
		-0.5763	0.8173	-0.0000
		0.0000	0.0000	1.0000
		0.8173	0.5763	-0.0000
		0.0240	-0.1394	-1.3473
	}
}
{Volume "sub_piece0"
	{Box 15.2172 9.37933 12.7275}
	{Bone "sub_piece0"}
	{Matrix34
		-0.9391	-0.3436	-0.0000
		-0.0000	0.0000	1.0000
		-0.3436	0.9391	-0.0000
		-1.0391	-0.5074	-1.3473
	}
}
{Volume "sub_piece3"
	{Box 17.3598 9.37933 13.7028}
	{Bone "sub_piece3"}
	{Matrix34
		-0.9666	-0.2563	0.0000
		-0.0000	0.0000	1.0000
		-0.2563	0.9666	-0.0000
		0.8330	0.2248	-1.3473
	}
}
