;Exported by: shevchenko
;Date:        Thu Jun 03 10:59:15 2004
;File:        D:\-Projects-\-3DWork-\sheva\SK\Kazarma1.max
{Skeleton
	{bone "kaserne1_side-left"
		{Orientation
			1.0000	0.0000	0.0000
			0.0000	-1.0000	0.0000
			0.0000	0.0000	1.0000
		}
		{VolumeView "kaserne1_side-left.ply"}
		{bone "window5"
			{Matrix34
				0.0000	-1.0000	0.0000
				1.0000	0.0000	0.0000
				0.0000	0.0000	1.0000
				-37.2459	65.5112	22.3768
			}
			{VolumeView "window5.ply"}
			{bone "FX_glass5"
				{Matrix34
					-0.9848	-0.0000	-0.1736
					0.0000	-1.0000	0.0000
					-0.1736	-0.0000	0.9848
					-0.0384	-1.0100	12.9051
				}
			}
		}
		{bone "window6"
			{Position -81.3050	42.1119	24.5582}
			{VolumeView "window6.ply"}
			{bone "FX_glass6"
				{Matrix34
					-0.9848	-0.0000	-0.1736
					0.0000	-1.0000	0.0000
					-0.1736	-0.0000	0.9848
					-0.0051	0.1937	10.7237
				}
			}
		}
		{bone "window7"
			{Matrix34
				0.0000	-1.0000	0.0000
				1.0000	0.0000	0.0000
				0.0000	0.0000	1.0000
				25.2534	64.6513	45.9988
			}
			{VolumeView "window7.ply"}
			{bone "FX_glass7"
				{Matrix34
					-0.9848	-0.0000	-0.1736
					0.0000	-1.0000	0.0000
					-0.1736	-0.0000	0.9848
					0.1001	0.0512	-0.3717
				}
			}
		}
		{bone "window8"
			{Matrix34
				0.0000	-1.0000	0.0000
				1.0000	0.0000	0.0000
				0.0000	0.0000	1.0000
				64.0444	64.6513	45.9988
			}
			{VolumeView "window8.ply"}
			{bone "FX_glass8"
				{Matrix34
					-0.9848	-0.0000	-0.1736
					0.0000	-1.0000	0.0000
					-0.1736	-0.0000	0.9848
					0.0960	0.4548	-0.3717
				}
			}
		}
		{bone "window12_x"
			{Position -81.2386	-5.8462	70.5442}
			{visibility 0}
			{VolumeView "window12_x.ply"}
		}
		{bone "window5_x"
			{Matrix34
				-0.0000	-1.0000	0.0000
				1.0000	-0.0000	0.0000
				0.0000	0.0000	1.0000
				-37.2459	65.5112	22.3768
			}
			{visibility 0}
			{VolumeView "window5_x.ply"}
		}
		{bone "window6_x"
			{Position -81.3050	42.1119	24.5582}
			{visibility 0}
			{VolumeView "window6_x.ply"}
		}
		{bone "window7_x"
			{Matrix34
				-0.0000	-1.0000	0.0000
				1.0000	-0.0000	0.0000
				0.0000	0.0000	1.0000
				25.2534	64.6513	45.9988
			}
			{visibility 0}
			{VolumeView "window7_x.ply"}
		}
		{bone "window8_x"
			{Matrix34
				-0.0000	-1.0000	0.0000
				1.0000	-0.0000	0.0000
				0.0000	0.0000	1.0000
				64.0444	64.6513	45.9988
			}
			{visibility 0}
			{VolumeView "window8_x.ply"}
		}
		{bone "exterior"
			{Position 0.0000	1.5601	69.8665}
			{VolumeView "exterior.ply"}
		}
		{bone "window12"
			{Position -81.2386	-5.8462	70.5442}
			{VolumeView "window12.ply"}
			{bone "FX_glass12"
				{Matrix34
					-0.9848	-0.0000	-0.1736
					0.0000	-1.0000	0.0000
					-0.1736	-0.0000	0.9848
					-0.0714	-0.2104	0.2151
				}
			}
		}
	}
}
{Area "interior"
	{Obb2
		{Center 7.37595 -4.04307}
		{Extent 86.5352 57.9665}
		{Axis -1 0}
	}
	{Rotate}
}
{Obstacle "body6"
	{Obb2
		{Center -2.85681 5.83313}
		{Extent 1.96851 1.96851}
		{Axis 1 0}
	}
	{Rotate}
}
{Obstacle "body5"
	{Obb2
		{Center 45.0237 5.83313}
		{Extent 1.96851 1.96851}
		{Axis 1 0}
	}
	{Rotate}
}
{Obstacle "body3"
	{Obb2
		{Center 93.022 -58.3629}
		{Extent 2.46063 3.7831}
		{Axis 1 0}
	}
	{Rotate}
}
{Obstacle "body2"
	{Obb2
		{Center -81.0979 -42.1895}
		{Extent 2.46063 25.424}
		{Axis 1 0}
	}
	{Rotate}
}
{Obstacle "body1"
	{Obb2
		{Center 6.14032 -64.8294}
		{Extent 89.437 2.46068}
		{Axis 1 0}
	}
	{Rotate}
}
{Obstacle "bed2"
	{Obb2
		{Center -70.4345 -43.3987}
		{Extent 9.16148 20.5961}
		{Axis 1 0}
	}
	{Rotate}
}
{Obstacle "bed1"
	{Obb2
		{Center -8.57974 -52.9358}
		{Extent 20.5961 9.16149}
		{Axis 1 0}
	}
	{Rotate}
}
{Volume "window12"
	{Box 1.1811 40.221 13.2473}
	{Bone "window12"}
	{Position -0.0914	-0.1016	0.1235}
}
{Volume "roof7"
	{Box 34.1352 125.154 1.9685}
	{Bone "kaserne1_side-left"}
	{Matrix34
		0.0000	0.9298	0.3681
		-1.0000	0.0000	0.0000
		-0.0000	-0.3681	0.9298
		-19.5083	-20.6808	81.9128
	}
}
{Volume "roof6"
	{Box 34.1352 125.154 1.9685}
	{Bone "kaserne1_side-left"}
	{Matrix34
		-0.0000	-0.9298	0.3681
		1.0000	-0.0000	0.0000
		0.0000	0.3681	0.9298
		-19.5083	9.2856	81.9128
	}
}
{Volume "roof5"
	{Box 90.5706 53.2775 18.1716}
	{Bone "kaserne1_side-left"}
	{Matrix34
		1.0000	-0.0000	0.0017
		0.0000	1.0000	-0.0000
		-0.0017	0.0000	1.0000
		-34.4634	-5.6969	67.8515
	}
}
{Volume "roof4"
	{Box 32.9581 49.6711 1.9685}
	{Bone "kaserne1_side-left"}
	{Matrix34
		-0.9298	0.0000	0.3681
		-0.0000	-1.0000	0.0000
		0.3681	-0.0000	0.9298
		62.8663	-15.7241	82.2982
	}
}
{Volume "roof3"
	{Box 58.8537 63.4531 1.9685}
	{Bone "kaserne1_side-left"}
	{Matrix34
		-0.9298	0.0000	0.3681
		-0.0000	-1.0000	0.0000
		0.3681	-0.0000	0.9298
		72.0968	40.7366	78.6373
	}
}
{Volume "roof2"
	{Box 58.8537 125.154 1.9685}
	{Bone "kaserne1_side-left"}
	{Matrix34
		0.9298	-0.0000	0.3681
		0.0000	1.0000	0.0000
		-0.3681	0.0000	0.9298
		19.7949	9.6940	78.6373
	}
}
{Volume "roof1"
	{Box 80.0731 122.359 1.9685}
	{Bone "kaserne1_side-left"}
	{Matrix34
		0.9919	-0.0000	0.1272
		0.0000	1.0000	0.0000
		-0.1272	0.0000	0.9919
		-44.8201	11.3160	64.2475
	}
}
{Volume "body6"
	{Box 3.93701 3.93701 86.4335}
	{Bone "kaserne1_side-left"}
	{Matrix34
		-1.0000	-0.0000	0.0000
		0.0000	-1.0000	0.0000
		0.0000	0.0000	1.0000
		-2.8568	-5.8331	43.2168
	}
}
{Volume "body5"
	{Box 3.93701 3.93701 86.4335}
	{Bone "kaserne1_side-left"}
	{Matrix34
		-1.0000	-0.0000	0.0000
		0.0000	-1.0000	0.0000
		0.0000	0.0000	1.0000
		45.0237	-5.8331	43.2168
	}
}
{Volume "body4"
	{Box 53.6622 4.92126 17.2105}
	{Bone "kaserne1_side-left"}
	{Matrix34
		-1.0000	-0.0000	0.0000
		0.0000	-1.0000	0.0000
		0.0000	0.0000	1.0000
		44.8686	64.8294	75.9295
	}
}
{Volume "body3"
	{Box 7.56619 4.92126 67.4006}
	{Bone "kaserne1_side-left"}
	{Matrix34
		-0.0000	1.0000	0.0000
		-1.0000	-0.0000	0.0000
		0.0000	0.0000	1.0000
		93.0220	58.3629	33.7003
	}
}
{Volume "body2"
	{Box 50.848 4.92126 58.104}
	{Bone "kaserne1_side-left"}
	{Matrix34
		-0.0000	1.0000	0.0000
		-1.0000	-0.0000	0.0000
		0.0000	0.0000	1.0000
		-81.0979	42.1895	29.0520
	}
}
{Volume "body1"
	{Box 178.874 4.92126 67.4921}
	{Bone "kaserne1_side-left"}
	{Matrix34
		-1.0000	-0.0000	0.0000
		0.0000	-1.0000	0.0000
		0.0000	0.0000	1.0000
		6.1403	64.8294	33.7461
	}
}
{Volume "bed2"
	{Box 41.1922 18.323 3.80398}
	{Bone "kaserne1_side-left"}
	{Matrix34
		-0.0000	1.0000	0.0000
		-1.0000	-0.0000	0.0000
		0.0000	0.0000	1.0000
		-70.4345	43.3987	12.0093
	}
}
{Volume "bed1"
	{Box 41.1922 18.323 3.80398}
	{Bone "kaserne1_side-left"}
	{Matrix34
		-1.0000	-0.0000	0.0000
		0.0000	-1.0000	0.0000
		0.0000	0.0000	1.0000
		-8.5797	52.9357	12.0093
	}
}
{Volume "window8"
	{Box 1.1811 23.5969 10.8651}
	{Bone "window8"}
	{Position -0.0004	0.0621	-0.0422}
}
{Volume "window7"
	{Box 1.1811 25.0636 10.9748}
	{Bone "window7"}
	{Position -0.0552	-0.6723	0.0127}
}
{Volume "window6"
	{Box 1.1811 12.0063 20.494}
	{Bone "window6"}
	{Position -0.0251	0.1755	10.2235}
}
{Volume "window5"
	{Box 1.1811 40.8335 22.3953}
	{Bone "window5"}
	{Position -0.0657	0.1873	11.1837}
}
{Volume "hole8"
	{Box 9.77738 23.5969 10.8651}
	{Bone "kaserne1_side-left"}
	{Matrix34
		-0.0000	-1.0000	0.0000
		1.0000	-0.0000	0.0000
		0.0000	0.0000	1.0000
		64.1065	64.7192	45.9566
	}
}
{Volume "hole7"
	{Box 10.8133 25.0636 10.9748}
	{Bone "kaserne1_side-left"}
	{Matrix34
		-0.0000	-1.0000	0.0000
		1.0000	-0.0000	0.0000
		0.0000	0.0000	1.0000
		24.5811	64.2445	46.0115
	}
}
{Volume "hole6"
	{Box 8.45611 12.0063 20.494}
	{Bone "kaserne1_side-left"}
	{Position -81.3860	42.2874	34.7817}
}
{Volume "hole5"
	{Box 9.77738 40.8335 22.3953}
	{Bone "kaserne1_side-left"}
	{Matrix34
		-0.0000	-1.0000	0.0000
		1.0000	-0.0000	0.0000
		0.0000	0.0000	1.0000
		-37.0586	63.8748	33.5605
	}
}
