;Exported by: dan
;Date:        Tue Jul 15 21:19:20 2003

{Skeleton
	{bone "Object01"
		{Orientation
			0.9516	-0.3075	0.0000
			-0.3075	-0.9516	0.0000
			0.0000	0.0000	1.0000
		}
		{VolumeView "Object01.ply"}
	}
}
{Volume "wall1"
	{Box 12.9066 62.6876 19.0633}
	{Bone "Object01"}
		{Matrix34
			0.1613	0.9869	0.0000
			-0.9869	0.1613	0.0000
			0.0000	0.0000	1.0000
			28.0266	-12.8874	9.5316
		}
}
{Volume "wall2"
	{Box 12.9066 62.6876 19.0633}
	{Bone "Object01"}
		{Matrix34
			0.4492	0.8935	0.0000
			-0.8935	0.4492	0.0000
			0.0000	0.0000	1.0000
			-27.7227	5.0944	9.5316
		}
}
