;Exported by: shevchenko
;Date:        Sat Apr 17 17:05:37 2004
;File:        D:\-Projects-\-3DWork-\sheva\SK\mill_water_x.max
{Skeleton
	{animation
		{sequence "crush" {speed 0.4}}
	}
	{bone "mill_water2_x"
		{parameters "CommonMesh;"}
		{Orientation
			1.0000	0.0000	0.0000
			0.0000	-1.0000	0.0000
			0.0000	0.0000	1.0000
		}
		{VolumeView "mill_water2_x.ply"}
		{bone "Piece0"
			{Position 43.2719	-23.6917	73.1439}
			{VolumeView "Piece0.ply"}
		}
		{bone "Piece1"
			{Position 3.8388	-41.1730	43.2201}
			{VolumeView "Piece1.ply"}
		}
		{bone "Piece2"
			{Position -22.7899	-41.1730	31.3967}
			{VolumeView "Piece2.ply"}
		}
		{bone "Piece3"
			{Position 1.4096	-41.1730	68.1747}
			{VolumeView "Piece3.ply"}
		}
		{bone "Piece4"
			{Position 34.4953	-41.1730	47.6077}
			{VolumeView "Piece4.ply"}
		}
		{bone "Piece5"
			{Position 34.1222	-41.1730	67.3194}
			{VolumeView "Piece5.ply"}
		}
		{bone "Piece10"
			{Position 43.2719	3.5111	68.7915}
			{VolumeView "Piece10.ply"}
		}
		{bone "Piece11"
			{Position 43.2719	37.0429	20.6280}
			{VolumeView "Piece11.ply"}
		}
		{bone "Piece12"
			{Position -34.4506	-41.1730	58.2431}
			{VolumeView "Piece12.ply"}
		}
		{bone "Piece6"
			{Position 43.2719	-34.9809	28.2298}
			{VolumeView "Piece6.ply"}
		}
		{bone "Piece7"
			{Position 43.2719	-11.1083	41.7279}
			{VolumeView "Piece7.ply"}
		}
		{bone "Piece8"
			{Position 43.2719	-33.0086	54.4420}
			{VolumeView "Piece8.ply"}
		}
		{bone "Piece9"
			{Position 43.2719	8.4350	42.8924}
			{VolumeView "Piece9.ply"}
		}
	}
}
{Volume "Piece9"
	{Box 9.79998 7.87402 20.6284}
	{Bone "Piece9"}
	{Matrix34
		-0.0000	-0.9063	-0.4226
		-1.0000	0.0000	-0.0000
		-0.0000	-0.4226	0.9063
		-0.0018	0.4342	0.0833
	}
}
{Volume "Piece8"
	{Box 17.4719 7.87402 12.8564}
	{Bone "Piece8"}
	{Matrix34
		-0.0000	-0.9848	-0.1736
		-1.0000	0.0000	-0.0000
		-0.0000	-0.1736	0.9848
		-0.0018	-2.3261	-1.6797
	}
}
{Volume "Piece7"
	{Box 19.738 7.87402 19.3989}
	{Bone "Piece7"}
	{Matrix34
		-0.0000	-0.9063	-0.4226
		-1.0000	0.0000	-0.0000
		-0.0000	-0.4226	0.9063
		-0.0018	-1.3362	0.5548
	}
}
{Volume "Piece6"
	{Box 13.8028 7.87402 20.6987}
	{Bone "Piece6"}
	{Matrix34
		-0.0000	-1.0000	0.0000
		-1.0000	0.0000	-0.0000
		-0.0000	0.0000	1.0000
		-0.0018	-2.1113	-1.5533
	}
}
{Volume "Piece12"
	{Box 19.6181 7.87402 8.85001}
	{Bone "Piece12"}
	{Matrix34
		0.0872	-0.0000	-0.9962
		0.0000	1.0000	-0.0000
		-0.9962	0.0000	-0.0872
		-0.1559	0.0775	1.0066
	}
}
{Volume "Piece11"
	{Box 9.79998 7.87402 20.6284}
	{Bone "Piece11"}
	{Matrix34
		-0.0000	-0.3420	-0.9397
		-1.0000	0.0000	0.0000
		-0.0000	-0.9397	0.3420
		-0.0018	1.9794	0.3659
	}
}
{Volume "Piece10"
	{Box 11.967 7.87402 19.0974}
	{Bone "Piece10"}
	{Matrix34
		-0.0000	-1.0000	0.0000
		-1.0000	0.0000	-0.0000
		-0.0000	0.0000	1.0000
		-0.0018	-0.8086	-0.0097
	}
}
{Volume "Piece5"
	{Box 19.6181 7.87402 16.5355}
	{Bone "Piece5"}
	{Matrix34
		-1.0000	-0.0000	0.0000
		-0.0000	1.0000	-0.0000
		0.0000	0.0000	1.0000
		2.7766	0.0775	1.3001
	}
}
{Volume "Piece4"
	{Box 19.6181 7.87402 11.6447}
	{Bone "Piece4"}
	{Matrix34
		-1.0000	-0.0000	0.0000
		-0.0000	1.0000	-0.0000
		0.0000	0.0000	1.0000
		0.8847	0.0775	0.1465
	}
}
{Volume "Piece3"
	{Box 19.6181 7.87402 18.0237}
	{Bone "Piece3"}
	{Matrix34
		-1.0000	-0.0000	0.0000
		-0.0000	1.0000	-0.0000
		0.0000	0.0000	1.0000
		2.1731	0.0775	0.1832
	}
}
{Volume "Piece2"
	{Box 16.7852 7.87402 12.4364}
	{Bone "Piece2"}
	{Matrix34
		-0.3420	-0.0000	-0.9397
		0.0000	1.0000	-0.0000
		-0.9397	0.0000	0.3420
		-0.3400	0.0775	1.3176
	}
}
{Volume "Piece1"
	{Box 18.853 7.87402 17.784}
	{Bone "Piece1"}
	{Matrix34
		-1.0000	-0.0000	0.0000
		-0.0000	1.0000	-0.0000
		0.0000	0.0000	1.0000
		0.8653	0.0775	-1.5502
	}
}
{Volume "Piece0"
	{Box 17.4719 7.87402 6.87506}
	{Bone "Piece0"}
	{Matrix34
		-0.0000	-0.9397	0.3420
		-1.0000	-0.0000	-0.0000
		-0.0000	0.3420	0.9397
		-0.0018	0.3545	1.1487
	}
}
