;Exported by: garry
;Date:        Tue Jun 01 12:37:02 2004
;File:        D:\-Projects-\-3DWork-\Model\Танки\M8-Scott\M8-Scott_xx.max
{Skeleton
	{bone "Basis"
		{Orientation
			1.0000	0.0000	0.0000
			0.0000	-1.0000	0.0000
			0.0000	0.0000	1.0000
		}
		{bone "Body"
			{parameters "ID=body;"}
			{Matrix34
				0.9987	0.0000	-0.0501
				-0.0000	1.0000	0.0000
				0.0501	0.0000	0.9987
				4.6330	-0.0740	22.6825
			}
			{VolumeView "Body.ply"}
			{bone revolute "part2"
				{Matrix34
					-1.0000	0.0000	0.0000
					0.0000	0.0000	1.0000
					0.0000	1.0000	-0.0000
					-39.2873	18.7746	-14.1894
				}
				{VolumeView "part2.ply"}
			}
			{bone revolute "WheelL1"
				{parameters "ID=trackleft;"}
				{Matrix34
					-1.0000	0.0000	0.0000
					0.0000	0.0000	1.0000
					0.0000	1.0000	-0.0000
					31.1034	20.2797	-7.6049
				}
				{VolumeView "WheelL1.ply"}
			}
			{bone revolute "WheelR1"
				{parameters "ID=trackright;"}
				{Matrix34
					-1.0000	-0.0000	0.0000
					0.0000	-0.0000	1.0000
					0.0000	-1.0000	-0.0000
					31.1034	-20.5259	-7.6049
				}
				{VolumeView "WheelR1.ply"}
			}
			{bone revolute "WheelR2"
				{parameters "ID=trackright;"}
				{Matrix34
					-1.0000	-0.0000	0.0000
					0.0000	-0.0000	1.0000
					0.0000	-1.0000	-0.0000
					-39.2873	-19.0208	-14.1894
				}
				{VolumeView "WheelR2.ply"}
			}
			{bone "part1"
				{Matrix34
					0.9987	0.0000	0.0501
					-0.0000	1.0000	0.0000
					-0.0501	-0.0000	0.9987
					-31.9783	0.7760	12.1894
				}
				{VolumeView "part1.ply"}
			}
			{bone "part3"
				{Position 25.3281	-18.1176	-3.1129}
				{VolumeView "part3.ply"}
			}
		}
		{bone "Wheels_R"
			{parameters "CommonMesh;ID=trackright;"}
			{Matrix34
				-1.0000	-0.0000	0.0000
				0.0000	-0.0000	1.0000
				0.0000	-1.0000	-0.0000
				2.0724	-18.9645	10.7698
			}
			{VolumeView "Wheels_R.ply"}
		}
		{bone "Wheels_L"
			{parameters "CommonMesh;ID=trackleft;"}
			{Matrix34
				-1.0000	0.0000	0.0000
				0.0000	0.0000	1.0000
				0.0000	1.0000	-0.0000
				2.0724	16.2284	10.7698
			}
			{VolumeView "Wheels_L.ply"}
		}
	}
}
{Volume "Body"
	{Polyhedron "Body.vol"}
	{Bone "Body"}
	{Position -6.9413	-0.0130	-15.8578}
}
{Volume "part3"
	{Polyhedron "part3.vol"}
	{Bone "part3"}
	{Matrix34
		0.9987	0.0000	0.0501
		-0.0000	1.0000	0.0000
		-0.0501	-0.0000	0.9987
		0.1543	0.2157	-4.2277
	}
}
{Volume "Part1"
	{Box 18.5647 29.3911 5}
	{Bone "part1"}
	{Position -0.6530	-0.0000	-0.4914}
}
{Volume "part2"
	{Cylinder 6.22824 1.1811}
	{Bone "part2"}
	{Matrix34
		0.9987	-0.0501	-0.0000
		0.0501	0.9987	-0.0000
		0.0000	0.0000	1.0000
		-0.1564	-0.3742	-0.7620
	}
}
