;Exported by: shevchenko
;Date:        Tue Apr 20 15:18:58 2004
;File:        D:\-Projects-\-3DWork-\sheva\tanks\M10_Wolverine_xx.max
{Skeleton
	{bone "Basis"
		{Orientation
			1.0000	0.0000	0.0000
			0.0000	-1.0000	0.0000
			0.0000	0.0000	1.0000
		}
		{bone "Body"
			{parameters "CommonMesh;ID=body;"}
			{Position -1.4105	-0.0848	21.4588}
			{VolumeView "Body.ply"}
			{bone revolute "Turret"
				{parameters "ID=turret;"}
				{Matrix34
					0.9969	0.0783	-0.0000
					-0.0783	0.9969	0.0000
					0.0000	0.0000	1.0000
					-1.4272	0.8095	15.4250
				}
				{VolumeView "Turret.ply"}
				{bone revolute "gun_rot"
					{parameters "ID=turret;"}
					{Matrix34
                                    0.9952 0.0000 -0.0976
                                    -0.0976 0.0000 -0.9952
                                    0.0000 1.0000 0.0000
                                    19.7851 0.0000 3.6373
					}
					{VolumeView "gun_rot.ply"}
					{bone "gun"
						{parameters "ID=gun;"}
						{Matrix34
                                          1.2586 0.0083 0.0050
                                          -0.0034 -0.0006 1.0744
                                          0.0086 -1.1725 -0.0082
                                          -7.8388 -0.6209 0.0414
						}
						{VolumeView "gun.ply"}
					}
				}
			}
			{bone revolute "WheelR1"
				{parameters "ID=trackright;"}
				{Matrix34
					0.8344	0.0088	-0.5511
					-0.5502	-0.0456	-0.8338
					0.0324	-0.9989	0.0332
					50.9408	-27.2923	-7.4152
				}
				{VolumeView "WheelR1.ply"}
			}
			{bone revolute "WheelL2"
				{parameters "ID=trackleft;"}
				{Matrix34
					-0.2017	0.0000	0.9795
					0.9795	-0.0000	0.2017
					0.0000	1.0000	-0.0000
					-45.5539	26.7657	-7.4152
				}
				{VolumeView "WheelL2.ply"}
			}
			{bone revolute "WheelR2"
				{parameters "ID=trackright;"}
				{Matrix34
					-0.9970	0.0000	-0.0768
					-0.0768	0.0000	0.9970
					-0.0000	-1.0000	0.0000
					-45.5539	-27.2923	-7.4152
				}
				{VolumeView "WheelR2.ply"}
			}
			{bone revolute "WheelL1"
				{parameters "ID=trackleft;"}
				{Matrix34
					0.9892	0.0013	-0.1469
					-0.1468	0.0372	-0.9885
					0.0042	0.9993	0.0369
					50.9408	26.7657	-7.4152
				}
				{VolumeView "WheelL1.ply"}
			}
			{bone "part1"
				{Matrix34
					0.9892	0.0013	-0.1469
					-0.1468	0.0372	-0.9885
					0.0042	0.9993	0.0369
					50.9234	21.4461	-7.6008
				}
				{VolumeView "part1.ply"}
			}
			{bone "part2"
				{parameters "CommonMesh;"}
				{Position 39.5106	13.6868	8.5052}
				{VolumeView "part2.ply"}
			}
			{bone "part3"
				{Matrix34
					-0.9970	0.0000	-0.0768
					-0.0768	0.0000	0.9970
					-0.0000	-1.0000	0.0000
					-45.5539	-20.7322	-7.4152
				}
				{VolumeView "part3.ply"}
			}
			{bone "part4"
				{Matrix34
					0.8344	0.0088	-0.5511
					-0.5502	-0.0456	-0.8338
					0.0324	-0.9989	0.0332
					50.9349	-27.1129	-7.4211
				}
				{VolumeView "part4.ply"}
			}
		}
		{bone "WheelsL"
			{parameters "ID=trackleft;"}
			{Matrix34
				-1.0000	0.0000	0.0000
				0.0000	0.0000	1.0000
				0.0000	1.0000	-0.0000
				-5.6604	20.5032	11.3966
			}
			{VolumeView "WheelsL.ply"}
		}
		{bone "WheelsR"
			{parameters "ID=trackright;"}
			{Matrix34
				-1.0000	-0.0000	0.0000
				0.0000	-0.0000	1.0000
				0.0000	-1.0000	-0.0000
				-5.6604	-20.1576	11.3966
			}
			{VolumeView "WheelsR.ply"}
		}
	}
}
{Volume "Body2"
	{Polyhedron "Body2.vol"}
	{Bone "Body"}
	{Position 0.8530	0.0918	-9.1700}
}
{Volume "Body1"
	{Polyhedron "Body1.vol"}
	{Bone "Body"}
	{Position 0.8530	0.0918	2.5084}
}
{Volume "part4"
	{Box 15.748 1.65354 15.9449}
	{Bone "part4"}
	{Matrix34
		-0.9963	-0.0862	-0.0048
		-0.0088	0.0456	0.9989
		-0.0859	0.9952	-0.0461
		0.0340	0.3755	0.1443
	}
}
{Volume "part3"
	{Box 15.748 9.2126 15.9449}
	{Bone "part3"}
	{Matrix34
		0.9964	0.0851	0.0000
		0.0000	-0.0000	1.0000
		0.0851	-0.9964	-0.0000
		0.1222	0.2630	1.0047
	}
}
{Volume "part2"
	{Box 9.67559 10.3937 2.71063}
	{Bone "part2"}
	{Matrix34
		0.8382	-0.0000	-0.5454
		-0.0000	1.0000	0.0000
		0.5454	0.0000	0.8382
		0.2047	-0.1390	0.0385
	}
}
{Volume "part1"
	{Box 15.748 11.811 15.9449}
	{Bone "part1"}
	{Matrix34
		0.9959	0.0901	-0.0047
		0.0013	0.0372	0.9993
		0.0902	-0.9952	0.0369
		-0.0472	0.0724	0.2551
	}
}
{Volume "Turret"
	{Polyhedron "Turret.vol"}
	{Bone "Turret"}
	{Matrix34
		-0.9998	-0.0177	0.0000
		-0.0177	0.9998	0.0000
		-0.0000	0.0000	-1.0000
		-7.0561	0.0768	12.4756
	}
}
