;Exported by: ubrashaev
;Date:        Mon Apr 19 10:25:43 2004
;File:        D:\-Projects-\-work-\3d\construction\city\mill_granary_x.max
{Skeleton
	{animation
		{sequence "crush" {speed 0.4}}
	}
	{bone "mill_granary2_x"
		{parameters "CommonMesh;"}
		{Orientation
			1.0000	0.0000	0.0000
			0.0000	-1.0000	0.0000
			0.0000	0.0000	1.0000
		}
		{VolumeView "mill_granary2_x.ply"}
		{bone "Piece0"
			{Matrix34
				-0.0000	-1.0000	-0.0000
				-0.0000	0.0000	-1.0000
				1.0000	-0.0000	-0.0000
				26.9596	-20.7341	70.8478
			}
			{VolumeView "Piece0.ply"}
		}
		{bone "Piece1"
			{Matrix34
				-0.0000	-0.8192	0.5736
				-0.0000	-0.5736	-0.8192
				1.0000	-0.0000	-0.0000
				26.9596	-9.6274	37.5590
			}
			{VolumeView "Piece1.ply"}
		}
		{bone "Piece10"
			{Matrix34
				-0.9962	0.0000	-0.0872
				0.0872	0.0000	-0.9962
				-0.0000	-1.0000	-0.0000
				25.8977	-39.4555	51.9077
			}
			{VolumeView "Piece10.ply"}
		}
		{bone "Piece11"
			{Matrix34
				-1.0000	0.0000	-0.0000
				0.0000	0.0000	-1.0000
				-0.0000	-1.0000	-0.0000
				21.2032	-39.4555	71.5824
			}
			{VolumeView "Piece11.ply"}
		}
		{bone "Piece12"
			{Matrix34
				1.0000	-0.0000	-0.0000
				0.0000	-0.0000	1.0000
				-0.0000	-1.0000	-0.0000
				-2.3918	-39.4555	74.4845
			}
			{VolumeView "Piece12.ply"}
		}
		{bone "Piece2"
			{Matrix34
				0.0000	0.4226	0.9063
				-0.0000	-0.9063	0.4226
				1.0000	-0.0000	-0.0000
				26.9596	-38.6718	68.3658
			}
			{VolumeView "Piece2.ply"}
		}
		{bone "Piece3"
			{Matrix34
				-0.0000	-0.8660	-0.5000
				-0.0000	0.5000	-0.8660
				1.0000	0.0000	-0.0000
				26.9596	10.9152	42.7030
			}
			{VolumeView "Piece3.ply"}
		}
		{bone "Piece4"
			{Matrix34
				0.0000	1.0000	-0.0000
				0.0000	0.0000	1.0000
				1.0000	-0.0000	-0.0000
				26.9596	8.7021	74.9932
			}
			{VolumeView "Piece4.ply"}
		}
		{bone "Piece5"
			{Matrix34
				-0.0000	-0.7071	-0.7071
				-0.0000	0.7071	-0.7071
				1.0000	0.0000	-0.0000
				26.9596	26.4423	68.9752
			}
			{VolumeView "Piece5.ply"}
		}
		{bone "Piece6"
			{Matrix34
				0.0000	0.9848	0.1736
				-0.0000	-0.1736	0.9848
				1.0000	-0.0000	-0.0000
				26.9596	-31.8178	51.3821
			}
			{VolumeView "Piece6.ply"}
		}
		{bone "Piece7"
			{Matrix34
				0.0000	1.0000	-0.0000
				0.0000	0.0000	1.0000
				1.0000	-0.0000	-0.0000
				26.9576	-26.2068	32.5964
			}
			{VolumeView "Piece7.ply"}
		}
		{bone "Piece8"
			{Matrix34
				-0.5736	0.0000	-0.8192
				0.8192	-0.0000	-0.5736
				-0.0000	-1.0000	-0.0000
				-6.5742	-39.4555	59.7057
			}
			{VolumeView "Piece8.ply"}
		}
		{bone "Piece9"
			{Matrix34
				-0.9397	0.0000	-0.3420
				0.3420	-0.0000	-0.9397
				-0.0000	-1.0000	-0.0000
				3.8553	-39.4555	46.2532
			}
			{VolumeView "Piece9.ply"}
		}
	}
}
{Volume "Piece9"
	{Box 7.87402 12.0816 13.5002}
	{Bone "Piece9"}
	{Matrix34
		0.0000	0.0000	-1.0000
		-1.0000	-0.0000	-0.0000
		-0.0000	1.0000	0.0000
		0.8489	0.0599	0.0080
	}
}
{Volume "Piece8"
	{Box 7.87402 11.1235 14.5802}
	{Bone "Piece8"}
	{Matrix34
		0.0000	0.0000	-1.0000
		-1.0000	-0.0000	-0.0000
		-0.0000	1.0000	0.0000
		0.5283	-1.4974	0.0081
	}
}
{Volume "Piece7"
	{Box 7.87402 14.841 10.9307}
	{Bone "Piece7"}
	{Matrix34
		0.0000	0.0000	-1.0000
		-0.9397	-0.3420	-0.0000
		-0.3420	0.9397	0.0000
		-1.4050	0.1294	-0.0111
	}
}
{Volume "Piece6"
	{Box 7.87402 20.4072 18.2279}
	{Bone "Piece6"}
	{Matrix34
		0.0000	0.0000	-1.0000
		-0.9848	0.1736	-0.0000
		0.1736	0.9848	0.0000
		-1.2522	-2.9578	0.0080
	}
}
{Volume "Piece5"
	{Box 7.87402 11.1235 14.5802}
	{Bone "Piece5"}
	{Matrix34
		0.0000	0.0000	-1.0000
		-1.0000	-0.0000	-0.0000
		-0.0000	1.0000	0.0000
		0.5283	-1.4974	0.0080
	}
}
{Volume "Piece4"
	{Box 7.87402 17.8807 11.6102}
	{Bone "Piece4"}
	{Matrix34
		0.0000	0.0000	-1.0000
		-1.0000	-0.0000	-0.0000
		-0.0000	1.0000	0.0000
		-1.3142	-0.9309	0.0080
	}
}
{Volume "Piece3"
	{Box 7.87402 12.0816 13.5002}
	{Bone "Piece3"}
	{Matrix34
		0.0000	0.0000	-1.0000
		-1.0000	-0.0000	-0.0000
		-0.0000	1.0000	0.0000
		0.8489	0.0599	0.0081
	}
}
{Volume "Piece2"
	{Box 7.87402 11.1235 11.81}
	{Bone "Piece2"}
	{Matrix34
		0.0000	0.0000	-1.0000
		-0.6428	0.7660	0.0000
		0.7660	0.6428	0.0000
		1.8512	-0.1259	0.0080
	}
}
{Volume "Piece12"
	{Box 7.87402 17.8807 11.6102}
	{Bone "Piece12"}
	{Matrix34
		0.0000	0.0000	-1.0000
		-1.0000	-0.0000	-0.0000
		-0.0000	1.0000	0.0000
		-1.3142	-0.9309	0.0080
	}
}
{Volume "Piece11"
	{Box 7.87402 12.0816 13.5002}
	{Bone "Piece11"}
	{Matrix34
		0.0000	0.0000	-1.0000
		-1.0000	-0.0000	-0.0000
		-0.0000	1.0000	0.0000
		0.8489	0.0599	0.0081
	}
}
{Volume "Piece10"
	{Box 7.87402 11.1235 14.5802}
	{Bone "Piece10"}
	{Matrix34
		0.0000	0.0000	-1.0000
		-1.0000	-0.0000	-0.0000
		-0.0000	1.0000	0.0000
		0.5283	-1.4974	0.0081
	}
}
{Volume "Piece1"
	{Box 7.87402 11.1235 14.5802}
	{Bone "Piece1"}
	{Matrix34
		0.0000	0.0000	-1.0000
		-1.0000	-0.0000	-0.0000
		-0.0000	1.0000	0.0000
		0.5283	-1.4974	0.0080
	}
}
{Volume "Piece0"
	{Box 7.87402 12.0816 13.5002}
	{Bone "Piece0"}
	{Matrix34
		0.0000	0.0000	-1.0000
		-1.0000	-0.0000	-0.0000
		-0.0000	1.0000	0.0000
		0.8489	0.0598	0.0081
	}
}
