;Model created by: Albus
;date : Jun 2010
{Skeleton
	{bone "Basis"
		{parameters "SteerMax=25;WheelRadius=0.40;"}
		{Orientation
			1.0000	0.0000	0.0000
			0.0000	-1.0000	0.0000
			0.0000	0.0000	1.0000
		}
		{bone "Body"
			{parameters "ID=body;"}
			{Matrix34
				-1.0000	0.0000	0.0000
				0.0000	0.0000	1.0000
				0.0000	1.0000	0.0000
				-0.9434	1.3239	10.5743
			}
			{VolumeView "Body.ply"}
			{bone "openR"
				{Matrix34
					0.9979	0.0592	0.0228
					0.0189	0.0663	-0.9976
					-0.0606	0.9960	0.0650
					11.69363	26.8025	-15.2749
				}
				{bone "doorR"
					{parameters "ID=body;"}
					{Matrix34
						0.0000	1.0000	0.0000
						0.0000	0.0000	1.0000
						1.0000	0.0000	0.0000
						0.0000	0.0000	0.0000
					}
					{VolumeView "doorR.ply"}
				}
			}
			{bone "openL"
				{Matrix34
					0.9945	0.0312	0.0977
					-0.0986	0.0292	0.9946
					0.0281	-0.9990	0.0322
					12.5975	-0.7964	16.7395
				}
				{bone "DoorL"
					{parameters "ID=body;"}
					{Matrix34
						0.0000	1.0000	0.0000
						0.0000	0.0000	1.0000
						1.0000	0.0000	0.0000
						0.0000	0.0000	0.0000
					}
					{VolumeView "doorL.ply"}
				}
			}
			{bone "Glass"
				{parameters "ID=glass;"}
				{Position -10.5000	13.0000	-0.2095}
				{VolumeView "glass.ply"}
			}
			{bone "engine"
				{parameters "ID=engine;"}
				{Matrix34
					-1.0000	0.0000	0.0000
					0.0000	1.0000	0.0000
					0.0000	0.0000	-1.0000
					-32.0000	5.0000	0.0000
				}
				{VolumeView "engine.ply"}
				{bone "FXfire1"
					{Matrix34
						-0.0063	1.0000	-0.0063
						-0.7071	-0.0089	-0.7071
						-0.7071	0.0000	0.7071
						-13.9751	6.3924	-0.4891
					}
				}
			}
		}
		{bone "Pivot_back"
			{Matrix34
				-1.0000	0.0000	0.0000
				0.0000	0.0000	1.0000
				0.0000	1.0000	0.0000
				-29.2391	3.0089	6.3000
			}
			{VolumeView "Pivot_back.ply"}
			{bone "spring_L"
				{Matrix34
					-0.9998	0.0175	0.0000
					0.0000	-0.0000	1.0000
					0.0175	0.9998	0.0000
					-0.0771	-1.5195	10.5640
				}
				{bone revolute "WheelL2"
					{parameters "ID=wheelleft2;"}
					{Matrix34
						-0.9998	0.0000	0.0175
						0.0175	0.0000	0.9998
						0.0000	1.0000	0.0000
						0.5017	3.0424	4.1207
					}
					{VolumeView "WheelL2.ply"}
				}
			}
			{bone "spring_R"
				{Matrix34
					-0.9998	0.0175	0.0000
					0.0000	0.0000	1.0000
					0.0175	0.9998	0.0000
					-0.0771	-1.5195	-13.8309
				}
				{bone revolute "WheelR2"
					{parameters "ID=wheelright2;"}
					{Matrix34
						-0.9998	0.0000	0.0175
						0.0175	0.0000	0.9998
						0.0000	1.0000	0.0000
						0.5017	-3.2424	4.1207
					}
					{VolumeView "WheelR2.ply"}
				}
			}
		}
		{bone "Pivot_front"
			{Matrix34
				-1.0000	0.0000	0.0000
				0.0000	0.0000	1.0000
				0.0000	1.0000	0.0000
				29.1794	3.1640	6.7457
			}
			{VolumeView "Pivot_front.ply"}
			{bone revolute "steer_L"
				{Matrix34
					0.9998	0.0175	0.0000
					0.0000	0.0000	1.0000
					0.0175	-0.9998	0.0000
					-0.2978	-2.7770	13.5423
				}
				{bone revolute "WheelL1"
					{parameters "ID=wheelleft1;"}
					{Matrix34
						0.9998	0.0000	0.0175
						0.0175	0.0000	-0.9998
						0.0000	1.0000	0.0000
						-0.3664	-1.0415	-4.9069
					}
					{VolumeView "WheelL1.ply"}
				}
			}
			{bone revolute "steer_R"
				{Matrix34
					1.0000	0.0000	0.0000
					0.0000	0.0000	1.0000
					0.0000	-1.0000	0.0000
					-0.1264	-2.7861	-15.8859
				}
				{bone revolute "WheelR1"
					{parameters "ID=wheelright1;"}
					{Matrix34
						1.0000	0.0000	0.0000
						0.0000	0.0000	-1.0000
						0.0000	1.0000	0.0000
						-0.5764	-0.5415	-4.9069
					}
					{VolumeView "WheelR1.ply"}
				}
			}
		}
	}
}
{Volume "wheelright1"
	{Cylinder 8.00253 5.32863}
	{Bone "WheelR1"}
	{Matrix34
		0.6946	0.7194	0.0000
		-0.7194	0.6946	0.0000
		0.0000	0.0000	1.0000
		0.0000	-0.0000	0.0000
	}
}
{Volume "wheelleft1"
	{Cylinder 8.00366 5.32863}
	{Bone "WheelL1"}
	{Matrix34
		-0.7194	-0.6946	0.0000
		-0.6946	0.7194	0.0000
		0.0000	0.0000	-1.0000
		0.0000	0.0000	0.0000
	}
}
{Volume "wheelright2"
	{Cylinder 8.00366 5.32863}
	{Bone "WheelR2"}
	{Matrix34
		-0.9998	0.0175	0.0000
		0.0175	0.9998	0.0000
		0.0000	0.0000	-1.0000
		0.0126	-0.1184	0.0830
	}
}
{Volume "wheelleft2"
	{Cylinder 8.00366 5.32863}
	{Bone "WheelL2"}
	{Matrix34
		-0.9998	0.0175	0.0000
		0.0175	0.9998	0.0000
		0.0000	0.0000	-1.0000
		0.0000	0.0000	0.0186
	}
}