;Exported by: shevchenko
;Date:        Wed Mar 03 16:55:13 2004
;File:        D:\-Projects-\-3DWork-\sheva\SK\store3_x.max
{Skeleton
	{animation
		{sequence "crush" {speed 0.4}}
	}
	{bone "store3"
		{parameters "CommonMesh;"}
		{Orientation
			1.0000	0.0000	0.0000
			0.0000	-1.0000	0.0000
			0.0000	0.0000	1.0000
		}
		{VolumeView "store3.ply"}
		{bone "exterior"
			{Position -10.3038	-9.9733	94.2323}
		}
		{bone "FX_dust1"
			{Matrix34
				0.0000	0.0000	1.0000
				0.0000	1.0000	0.0000
				-1.0000	0.0000	0.0000
				69.1440	-10.3075	26.0324
			}
		}
		{bone "FX_dust1a"
			{Matrix34
				0.0000	0.0000	1.0000
				0.0000	1.0000	0.0000
				-1.0000	0.0000	0.0000
				-56.6121	-51.4432	8.3296
			}
		}
		{bone "FX_dust1b"
			{Matrix34
				0.0000	0.0000	1.0000
				0.0000	1.0000	0.0000
				-1.0000	0.0000	0.0000
				7.2560	58.0856	30.8545
			}
		}
		{bone "FX_dust1c"
			{Matrix34
				0.0000	0.0000	1.0000
				0.0000	1.0000	0.0000
				-1.0000	0.0000	0.0000
				31.9149	-94.2905	2.6558
			}
		}
		{bone "FX_stone1"
			{Matrix34
				0.0000	0.0000	1.0000
				0.0000	1.0000	0.0000
				-1.0000	0.0000	0.0000
				69.1440	-38.8807	69.2546
			}
		}
		{bone "FX_stone1a"
			{Matrix34
				0.0000	0.0000	1.0000
				0.0000	1.0000	0.0000
				-1.0000	0.0000	0.0000
				69.1440	20.8765	69.9577
			}
		}
		{bone "FX_stone1b"
			{Matrix34
				0.0000	0.0000	1.0000
				0.0000	1.0000	0.0000
				-1.0000	0.0000	0.0000
				54.5197	-77.0649	70.7003
			}
		}
		{bone "FX_stone1c"
			{Matrix34
				0.0000	0.0000	1.0000
				0.0000	1.0000	0.0000
				-1.0000	0.0000	0.0000
				-23.1639	-77.0649	50.3201
			}
		}
		{bone "FX_stone1d"
			{Matrix34
				0.0000	0.0000	1.0000
				0.0000	1.0000	0.0000
				-1.0000	0.0000	0.0000
				-1.0301	-113.3098	34.4661
			}
		}
		{bone "FX_wood1"
			{Matrix34
				0.0000	0.0000	1.0000
				0.0000	1.0000	0.0000
				-1.0000	0.0000	0.0000
				30.9868	-98.5957	44.5544
			}
		}
		{bone "FX_wood1a"
			{Matrix34
				0.0000	0.0000	1.0000
				0.0000	1.0000	0.0000
				-1.0000	0.0000	0.0000
				36.1633	-10.3075	98.2439
			}
		}
		{bone "FX_wood1b"
			{Matrix34
				0.0000	0.0000	1.0000
				0.0000	1.0000	0.0000
				-1.0000	0.0000	0.0000
				-69.4150	-10.3075	98.2439
			}
		}
		{bone "FX_wood1c"
			{Matrix34
				0.0000	0.0000	1.0000
				0.0000	1.0000	0.0000
				-1.0000	0.0000	0.0000
				-31.5088	87.5299	72.6881
			}
		}
		{bone "FX_wood2"
			{Matrix34
				0.0000	0.0000	1.0000
				0.0000	1.0000	0.0000
				-1.0000	0.0000	0.0000
				-9.6352	-10.3075	86.5170
			}
		}
		{bone "piece0"
			{Matrix34
				-0.0000	-1.0000	-0.0000
				-0.0000	-0.0000	1.0000
				-1.0000	0.0000	-0.0000
				-0.8541	-96.9431	27.7966
			}
			{VolumeView "piece0.ply"}
		}
		{bone "piece1"
			{Matrix34
				0.7097	0.0000	0.7045
				-0.7045	-0.0000	0.7097
				0.0000	-1.0000	-0.0000
				-33.0915	-76.6020	31.9902
			}
		}
		{bone "piece10"
			{Matrix34
				1.0000	0.0000	0.0000
				0.0000	-0.0000	1.0000
				0.0000	-1.0000	-0.0000
				-73.7621	56.5707	66.6119
			}
			{VolumeView "piece10.ply"}
		}
		{bone "piece11"
			{Matrix34
				1.0000	0.0000	0.0000
				0.0000	-0.0000	1.0000
				0.0000	-1.0000	-0.0000
				-74.5983	56.5707	39.2988
			}
			{VolumeView "piece11.ply"}
		}
		{bone "piece12"
			{Matrix34
				-0.0000	-0.1341	-0.9910
				-0.0000	-0.9910	0.1341
				-1.0000	0.0000	-0.0000
				69.7011	44.8692	48.5648
			}
			{VolumeView "piece12.ply"}
		}
		{bone "piece2"
			{Matrix34
				0.7210	0.0000	-0.6930
				0.6930	-0.0000	0.7210
				-0.0000	-1.0000	-0.0000
				36.5442	-113.1926	25.0286
			}
			{bone "sub_piece2"
				{Position -6.1689	-15.2543	0.0000}
			}
		}
		{bone "piece3"
			{Matrix34
				1.0000	0.0000	0.0000
				0.0000	-0.0000	1.0000
				0.0000	-1.0000	-0.0000
				-9.9181	-76.6020	70.7701
			}
		}
		{bone "piece4"
			{Matrix34
				1.0000	0.0000	0.0000
				0.0000	-0.0000	1.0000
				0.0000	-1.0000	-0.0000
				-54.8211	-76.6020	72.0332
			}
		}
		{bone "piece13"
			{Matrix34
				-0.0000	-1.0000	0.0000
				-0.0000	0.0000	1.0000
				-1.0000	0.0000	-0.0000
				69.7011	-8.7053	82.3873
			}
			{VolumeView "piece13.ply"}
		}
		{bone "piece14"
			{Matrix34
				-0.0000	-0.6351	-0.7725
				-0.0000	-0.7725	0.6351
				-1.0000	0.0000	-0.0000
				69.7011	-65.5035	25.5195
			}
			{VolumeView "piece14.ply"}
			{bone "sub_piece14"
				{Position -25.0792	15.6536	-0.0000}
				{VolumeView "sub_piece14.ply"}
			}
		}
		{bone "piece5"
			{Matrix34
				1.0000	0.0000	0.0000
				0.0000	-0.0000	1.0000
				0.0000	-1.0000	-0.0000
				-74.5983	-76.6020	29.5276
			}
		}
		{bone "piece6"
			{Matrix34
				1.0000	0.0000	0.0000
				0.0000	-0.0000	1.0000
				0.0000	-1.0000	-0.0000
				44.3104	56.5707	21.5992
			}
			{VolumeView "piece6.ply"}
		}
		{bone "piece7"
			{Matrix34
				1.0000	0.0000	0.0000
				0.0000	-0.0000	1.0000
				0.0000	-1.0000	-0.0000
				58.8280	56.5707	59.6880
			}
			{VolumeView "piece7.ply"}
			{bone "sub_piece7"
				{Position -5.4681	-15.0847	0.0000}
				{VolumeView "sub_piece7.ply"}
			}
		}
		{bone "piece8"
			{Matrix34
				1.0000	0.0000	0.0000
				0.0000	-0.0000	1.0000
				0.0000	-1.0000	-0.0000
				11.7457	56.5707	28.1776
			}
			{VolumeView "piece8.ply"}
		}
		{bone "piece9"
			{Matrix34
				1.0000	0.0000	0.0000
				0.0000	-0.0000	1.0000
				0.0000	-1.0000	-0.0000
				2.4323	56.5707	71.7605
			}
			{VolumeView "piece9.ply"}
		}
	}
}
{Area "interior"
	{Obb2
		{Center -10.2198 9.95481}
		{Extent 79.6823 64.4564}
		{Axis -1 0}
	}
	{Rotate}
}
{Volume "piece9"
	{Box 21.7827 5.90552 11.0236}
	{Bone "piece9"}
	{Matrix34
		1.0000	0.0000	0.0000
		0.0000	-0.0000	-1.0000
		0.0000	1.0000	-0.0000
		-0.5331	-0.7436	-0.0207
	}
}
{Volume "piece8"
	{Box 14.3307 5.90552 22.5197}
	{Bone "piece8"}
	{Matrix34
		0.7083	0.7059	-0.0000
		0.0000	-0.0000	-1.0000
		-0.7059	0.7083	-0.0000
		0.3456	-1.5820	-0.0207
	}
}
{Volume "sub_piece7"
	{Box 14.3307 5.90552 11.8898}
	{Bone "sub_piece7"}
	{Matrix34
		0.9470	-0.3213	-0.0000
		-0.0000	-0.0000	-1.0000
		0.3213	0.9470	-0.0000
		-0.1292	-0.7787	-0.0207
	}
}
{Volume "piece7"
	{Box 18.0567 5.90552 21.9685}
	{Bone "piece7"}
	{Matrix34
		0.9439	-0.3303	-0.0000
		-0.0000	-0.0000	-1.0000
		0.3303	0.9439	-0.0000
		0.0511	0.1944	-0.0207
	}
}
{Volume "piece6"
	{Box 13.041 5.90552 12.0472}
	{Bone "piece6"}
	{Matrix34
		0.9848	0.1736	0.0000
		0.0000	-0.0000	-1.0000
		-0.1736	0.9848	-0.0000
		0.4519	0.3260	-0.0207
	}
}
{Volume "piece5"
	{Box 12.5136 5.90552 26.6858}
	{Bone "piece5"}
	{Matrix34
		0.9484	0.3172	0.0000
		0.0000	-0.0000	-1.0000
		-0.3172	0.9484	-0.0000
		-1.4686	-0.4446	-0.0008
	}
}
{Volume "sub_piece14"
	{Box 19.6159 5.90552 12.611}
	{Bone "sub_piece14"}
	{Matrix34
		-0.8283	0.5603	0.0000
		0.0000	0.0000	1.0000
		0.5603	0.8283	-0.0000
		-0.0677	-1.7516	0.0266
	}
}
{Volume "piece14"
	{Box 34.3278 5.90552 16.7772}
	{Bone "piece14"}
	{Matrix34
		-0.8458	0.5335	0.0000
		0.0000	0.0000	1.0000
		0.5335	0.8458	-0.0000
		-1.7201	-1.7705	0.0265
	}
}
{Volume "piece13"
	{Box 34.666 5.90552 21.0559}
	{Bone "piece13"}
	{Matrix34
		-1.0000	-0.0000	0.0000
		-0.0000	0.0000	1.0000
		-0.0000	1.0000	-0.0000
		0.2800	0.8638	0.0265
	}
}
{Volume "piece4"
	{Box 16.9102 5.90552 11.2598}
	{Bone "piece4"}
	{Matrix34
		1.0000	0.0000	0.0000
		0.0000	-0.0000	-1.0000
		0.0000	1.0000	-0.0000
		-0.8200	0.8829	-0.0008
	}
}
{Volume "piece3"
	{Box 21.7827 5.90552 11.0236}
	{Bone "piece3"}
	{Matrix34
		1.0000	0.0000	0.0000
		0.0000	-0.0000	-1.0000
		0.0000	1.0000	-0.0000
		-0.5084	-0.3294	-0.0008
	}
}
{Volume "sub_piece2"
	{Box 14.3307 5.90552 11.8898}
	{Bone "sub_piece2"}
	{Matrix34
		0.9470	-0.3213	-0.0000
		-0.0000	-0.0000	-1.0000
		0.3213	0.9470	-0.0000
		0.2731	-0.6527	-0.0008
	}
}
{Volume "piece2"
	{Box 18.0567 5.90552 21.9685}
	{Bone "piece2"}
	{Matrix34
		0.9439	-0.3303	-0.0000
		-0.0000	-0.0000	-1.0000
		0.3303	0.9439	-0.0000
		-0.2475	0.1508	-0.0008
	}
}
{Volume "piece12"
	{Box 28.2401 5.90552 18.4661}
	{Bone "piece12"}
	{Matrix34
		-0.9821	0.1885	0.0000
		0.0000	0.0000	1.0000
		0.1885	0.9821	-0.0000
		0.0163	1.0539	0.0266
	}
}
{Volume "piece11"
	{Box 12.5136 5.90552 26.6858}
	{Bone "piece11"}
	{Matrix34
		0.9484	0.3172	0.0000
		0.0000	-0.0000	-1.0000
		-0.3172	0.9484	-0.0000
		-1.4756	-0.0924	-0.0207
	}
}
{Volume "piece10"
	{Box 16.9102 5.90552 11.2598}
	{Bone "piece10"}
	{Matrix34
		1.0000	0.0000	0.0000
		0.0000	-0.0000	-1.0000
		0.0000	1.0000	-0.0000
		-0.5486	0.8828	-0.0207
	}
}
{Volume "piece1"
	{Box 14.3307 5.90552 22.5197}
	{Bone "piece1"}
	{Matrix34
		0.7083	0.7059	0.0000
		0.0000	-0.0000	-1.0000
		-0.7059	0.7083	-0.0000
		0.0975	-1.2437	-0.0008
	}
}
{Volume "piece0"
	{Box 13.041 5.90552 12.0472}
	{Bone "piece0"}
	{Matrix34
		0.9848	0.1736	0.0000
		0.0000	-0.0000	-1.0000
		-0.1736	0.9848	-0.0000
		0.8914	-0.0440	-0.0007
	}
}
