;MDL File generated by SOEdit 0.41r
;Model created by: <A.G.(ирјр)>
;Date:        Apr 12 2006
{Skeleton
	{animation
		{sequence "start"}
		{sequence "stop" {speed 1.5}}
		{sequence "fire" {speed 1.5}}
		{sequence "move1"}
		{sequence "hit" {speed 1.5}}
		{sequence "open" {resume}}
	}
	{bone "Basis"
		{Orientation
			1.0000	0.0000	0.0000
			0.0000	-1.0000	0.0000
			0.0000	0.0000	1.0000
		}
		{bone "FXfire1"
			{Matrix34
				-0.0023	-0.0000	1.0000
				-0.0000	1.0000	-0.0000
				-1.0000	0.0000	-0.0023
				-22.0509	0.3993	10.0400
			}
		}
		{bone "emit1"
			{parameters "Group=crew;"}
			{Matrix34
				0.0000	-1.0000	0.0000
				1.0000	0.0000	0.0000
				0.0000	0.0000	1.0000
				6.1785	45.0505	0.6363
			}
			{visibility 0}
		}
		{bone "emit2"
			{parameters "Group=crew;"}
			{Matrix34
				0.0000	1.0000	0.0000
				-1.0000	0.0000	0.0000
				0.0000	0.0000	1.0000
				6.1785	-45.0004	0.6363
			}
			{visibility 0}
		}
		{bone "ambush01"
			{parameters "ID=crown1;"}
			{Matrix34
				-0.2267	0.0393	0.6350
				0.7083	0.0925	0.2154
				-0.0442	0.4664	-0.2809
				-1.2561	-25.7827	30.8262
			}
			{VolumeView "ambush.ply"}
		}
		{bone "ambush02"
			{parameters "ID=crown2;"}
			{Matrix34
				0.1095	0.8104	-0.5754
				0.9917	-0.0500	0.1179
				0.0668	-0.5836	-0.8093
				5.9064	17.9884	33.9801
			}
			{VolumeView "ambush.ply"}
		}
		{bone "ambush03"
			{parameters "ID=crown3;"}
			{Matrix34
				0.4053	0.7668	0.4964
				-0.8979	0.2341	0.3688
				0.1662	-0.6350	0.7846
				58.7642	-21.4069	23.6696
			}
			{VolumeView "ambush.ply"}
		}
		{bone "ambush04"
			{parameters "ID=crown4;"}
			{Matrix34
				-0.2276	0.0302	0.9730
				0.1869	0.9820	0.0134
				-0.9553	0.1848	-0.2292
				-12.4605	-25.9270	38.8128
			}
			{VolumeView "ambush.ply"}
		}
		{bone "WheelsL"
			{parameters "ID=trackleft;"}
			{Matrix34
				-1.0000	0.0000	0.0000
				0.0000	0.0000	1.0000
				0.0000	1.0000	-0.0000
				7.1100	25.6094	9.8020
			}
			{bone "FXtraceL1"
				{Matrix34
					0.9848	0.1736	0.0000
					0.0000	0.0000	1.0000
					0.1736	-0.9848	0.0000
					-24.8837	-7.1735	0.5277
				}
			}
			{bone "FXtraceL2"
				{Matrix34
					0.9848	0.1736	0.0000
					0.0000	0.0000	1.0000
					0.1736	-0.9848	0.0000
					48.5018	-7.3841	0.6426
				}
			}
			{bone revolute "wheelL3"
				{parameters "ID=trackleft;"}
				{Position -32.7042	0.3260	-0.4000}
				{VolumeView "wheelL3.ply"}
			}
			{bone revolute "wheelL4"
				{parameters "ID=trackleft;"}
				{Position -14.3933	0.3260	-0.4000}
				{VolumeView "wheelL4.ply"}
			}
			{bone revolute "wheelL5"
				{parameters "ID=trackleft;"}
				{Position 5.4000	0.3260	-0.4000}
				{VolumeView "wheelL4.ply"}
			}
			{bone revolute "wheelL6"
				{parameters "ID=trackleft;"}
				{Position 23.3237	0.3260	-0.4000}
				{VolumeView "wheelL3.ply"}
			}
			{bone revolute "wheelL7"
				{parameters "ID=trackleft;"}
				{Position 40.7225	0.3260	-0.4000}
				{VolumeView "wheelL3.ply"}
			}
			{bone "TrackL"
				{parameters "ID=trackleft;"}
				{Matrix34
					1.0000	0.0000	0.0000
					0.0000	0.0000	-1.0000
					0.0000	1.0000	-0.0000
					0.4763	1.1479	-2.2322
				}
				{VolumeView "TrackL.ply"}
			}
		}
		{bone "Body"
			{parameters "ID=body;"}
			{animation
				{sequence "repair" {file "body_r.anm"} {speed 0.7}}
			}			
			{Position -2.9689	-2.0423	17.6603}
			{VolumeView "Body.ply"}
			{bone "Seat02"
				{Matrix34
					-0.3420	0.9360	0.0832
					-0.9397	-0.3414	-0.0224
					0.0074	-0.0858	0.9963
					-25.1462	19.7523	9.9690
				}
			}
			{bone "Seat01"
				{Matrix34
					0.3408	0.9254	0.1658
					-0.9401	0.3368	0.0521
					-0.0076	-0.1736	0.9848
					-10.1075	19.8198	9.4819
				}
			}
			{bone "Seat03"
				{Matrix34
					-0.5000	-0.8537	0.1459
					0.8660	-0.4913	0.0930
					-0.0077	0.1728	0.9849
					-25.6184	-20.9507	9.0329
				}
			}
			{bone "Seat04"
				{Matrix34
					0.1723	-0.9698	0.1723
					0.9850	0.1710	-0.0226
					-0.0076	0.1736	0.9848
					-9.3799	-20.3203	9.4880
				}
			}
			{bone revolute "lamp_glass1"
				{limits -0.0001 0.0001}
				{speed 0.0100}
					{Matrix34
						1.0000	0.0000	0.0000
						0.0000	1.0000	0.0000
						0.0000	0.0000	1.0000
						51.515	30.2000	9.9971
				}
				{bone revolute "lamp_light_spot1"
					{parameters "ID=body;"}
					{Matrix34
						1.0000	0.0000	0.0000
						0.0000	1.0000	0.0000
						0.0000	0.0000	1.0000
						0.0015	0.0010	0.0001
					}
				}
			}
			{bone "rac"
				{parameters "ID=body;"}
				{Matrix34
					1.0000	-0.0000	0.0000
					0.0000	1.0000	-0.0000
					-0.0000	0.0000	1.0000
					66.0641	-5.1129	13.1339
				}
				{bone "Antenna"
					{parameters "ID=body;"}
					{Matrix34
						0.9994	-0.0000	0.0349
						0.0000	1.0000	-0.0000
						-0.0349	0.0000	0.9994
						-34.3866	-16.3129	5.6958
					}
					{VolumeView "Anten.ply"}
				}
			}
			{bone "FXshot"
				{Matrix34
					1.0000	0.0000	0.0000
					0.0000	-1.0000	0.0000
					0.0000	0.0000	-1.0000
					-5.5892	1.2552	7.2958
				}
			}
			{bone "FXsmoke2"
				{Matrix34
					-1.0000	-0.0000	-0.0000
					-0.0000	1.0000	-0.0000
					0.0000	0.0022	-1.0000
					-54.0120	12.8730	5.0121
				}
			}
			{bone "FXsmoke1"
				{Matrix34
					-1.0000	-0.0000	-0.0000
					-0.0000	1.0000	-0.0000
					0.0000	0.0022	-1.0000
					-54.0120	-9.8730	5.0121
				}
			}
			{bone "Visor1"
				{Position 24.3347	-10.6158	28.2330}
			}
			{bone "FXfire2"
				{Matrix34
					-0.0000	0.0000	1.0000
					-0.0000	1.0000	-0.0000
					-1.0000	0.0000	0.0000
					-3.0815	-1.2760	7.0461
				}
			}
			{bone revolute "Gun_vert"
				{limits -8.0000 8.0000}
				{speed 0.0080}
					{Matrix34
						1.0000	0.0000	0.0000
						0.0000	1.0000	0.0000
						0.0000	0.0000	1.0000
						45.2940	-1.3706	13.6359
					}
				{bone revolute "gun_rot"
					{parameters "ID=gun;"}
					{limits -5.0000 13.0000}
					{speed 0.0050}
					{Matrix34
						1.0000	-0.0000	-0.0000
						0.0000	-0.0000	1.0000
						-0.0000	-1.0000	-0.0000
						-6.1525	0.0635	-0.1157
					}
					{VolumeView "gun_rot.ply"}
					{bone "Gun"
						{parameters "ID=gun;"}
						{Matrix34
							0.9999	0.0087	-0.0003
							-0.0087	0.9990	-0.0436
							-0.0000	0.0436	0.9990
							7.6778	-0.1971	-3.9491
						}
						{VolumeView "gun.ply"}
						{bone "Foresight1"
							{Matrix34
								1.0000	0.0000	0.0000
								0.0000	1.0000	0.0000
								0.0000	0.0000	1.0000
								84.1458	0.0001	4.7623
							}
						}
					}
				}
			}
			{bone "luk"
				{Matrix34
					0.9997	0.0172	0.0041
					-0.0167	0.9961	-0.0858
					-0.0055	0.0858	0.9962
					24.3367	-3.1109	9.2424
				}
				{bone "Cower1"
					{parameters "ID=body;"}
					{Matrix34
						1.0000	0.0000	-0.0000
						0.0000	0.9962	0.0872
						0.0000	-0.0872	0.9962
						-0.3360	-13.4848	16.5510
					}
					{VolumeView "Cower1.ply"}
				}
			}
			{bone revolute "WheelL2"
				{parameters "ID=trackleft;"}
				{Matrix34
					-1.0000	0.0000	0.0000
					0.0000	0.0000	1.0000
					0.0000	1.0000	-0.0000
					-46.0817	24.4148	-4.3421
				}
				{VolumeView "WheelL2.ply"}
			}
			{bone revolute "WheelR2"
				{parameters "ID=trackright;"}
				{Matrix34
					-1.0000	-0.0000	0.0000
					0.0000	-0.0000	1.0000
					0.0000	-1.0000	-0.0000
					-46.0817	-20.2611	-4.3421
				}
				{VolumeView "WheelR2.ply"}
			}
			{bone revolute "WheelR1"
				{parameters "ID=trackright;"}
				{Matrix34
					-1.0000	-0.0000	0.0000
					0.0000	-0.0000	1.0000
					0.0000	-1.0000	-0.0000
					57.1184	-20.2307	-4.0421
				}
				{VolumeView "WheelR1.ply"}
			}
			{bone revolute "WheelL1"
				{parameters "ID=trackleft;"}
				{Matrix34
					-1.0000	0.0000	0.0000
					0.0000	0.0000	1.0000
					0.0000	1.0000	-0.0000
					57.1184	24.5726	-4.0421
				}
				{VolumeView "WheelL1.ply"}
			}
			{bone "engine"
				{Matrix34
					1.0000	0.0000	-0.0000
					0.0000	-1.0000	-0.0000
					0.0000	-0.0000	-1.0000
					-28.6481	1.2552	7.2958
				}
			}
			{bone "Visor2"
				{Matrix34
					1.0000	-0.0000	0.0023
					-0.0000	1.0000	0.0000
					-0.0023	0.0000	1.0000
					47.3150	10.5767	12.3971
				}
			}
		}
		{bone "WheelsR"
			{parameters "ID=trackright;"}
			{Matrix34
				-1.0000	0.0000	0.0000
				0.0000	0.0000	1.0000
				-0.0000	-1.0000	0.0000
				7.1100	-25.8037	10.0020
			}
			{bone "FXtraceR1"
				{Matrix34
					0.9848	0.1736	0.0000
					0.0000	0.0000	1.0000
					0.1736	-0.9848	0.0000
					-24.8837	-7.1735	0.5723
				}
			}
			{bone "FXtraceR2"
				{Matrix34
					0.9848	0.1736	0.0000
					0.0000	0.0000	1.0000
					0.1736	-0.9848	0.0000
					48.5018	-7.3841	0.6426
				}
			}
			{bone revolute "wheelR3"
				{parameters "ID=trackright;"}
				{Position -32.7042	0.4000	0.6000}
				{VolumeView "wheelR3.ply"}
			}
			{bone revolute "wheelR4"
				{parameters "ID=trackright;"}
				{Position -14.3933	0.4000	0.6000}
				{VolumeView "wheelR3.ply"}
			}
			{bone revolute "wheelR5"
				{parameters "ID=trackright;"}
				{Position 5.4000	0.4000	0.6000}
				{VolumeView "wheelR3.ply"}
			}
			{bone revolute "wheelR6"
				{parameters "ID=trackright;"}
				{Position 23.3237	0.4000	0.6000}
				{VolumeView "wheelR4.ply"}
			}
			{bone revolute "wheelR7"
				{parameters "ID=trackright;"}
				{Position 40.7225	0.4000	0.6000}
				{VolumeView "wheelR3.ply"}
			}
			{bone "TrackR"
				{parameters "ID=trackright;"}
				{Matrix34
					1.0000	-0.0000	0.0000
					0.0000	-0.0000	-1.0000
					0.0000	-1.0000	-0.0000
					0.4763	1.1479	-2.0322
				}
				{VolumeView "TrackR.ply"}
			}
		}
		{bone "emit3"
			{parameters "Group=passengers;"}
			{Matrix34
				-0.0000	-1.0000	0.0000
				1.0000	-0.0000	0.0000
				0.0000	0.0000	1.0000
				-18.3122	51.5494	0.6363
			}
			{visibility 0}
		}
		{bone "emit5"
			{parameters "Group=passengers;"}
			{Matrix34
				0.0000	1.0000	0.0000
				-1.0000	0.0000	0.0000
				0.0000	0.0000	1.0000
				-36.8124	-51.7189	0.6363
			}
			{visibility 0}
		}
		{bone "emit4"
			{parameters "Group=passengers;"}
			{Matrix34
				0.0000	-1.0000	0.0000
				1.0000	0.0000	0.0000
				0.0000	0.0000	1.0000
				-37.9437	51.5494	0.6363
			}
			{visibility 0}
		}
		{bone "emit6"
			{parameters "Group=passengers;"}
			{Matrix34
				0.0000	1.0000	0.0000
				-1.0000	0.0000	0.0000
				0.0000	0.0000	1.0000
				-19.6774	-42.8981	0.6363
			}
			{visibility 0}
		}
	}
}
{Volume "trackright"
	{Box 105.395 11.6712 19.112}
	{Bone "WheelsR"}
	{Matrix34
		-1.0000	-0.0000	0.0000
		0.0000	0.0000	-1.0000
		-0.0000	-1.0000	0.0000
		4.3053	1.3034	0.8739
	}
}
{Volume "inventory"
	{Box 18.4857 27.2345 21.2598}
	{Bone "Body"}
	{Position -3.6008	2.4120	-0.0981}
}
{Volume "engine"
	{Box 20.4545 33.6229 15.748}
	{Bone "engine"}
	{Matrix34
		1.0000	0.0000	0.0000
		0.0000	-1.0000	0.0000
		-0.0000	-0.0000	-1.0000
		4.0192	-1.1568	4.3931
	}
}
{Volume "Body3"
	{Polyhedron "body3.vol"}
	{Bone "Body"}
	{Matrix34
		1.1246	0.0000	0.0000
		0.0000	1.0775	0.0000
		0.0000	-0.0000	2.6419
		23.0860	1.8001	-7.3924
	}
}
{Volume "Gun"
	{Cylinder 1.54196 62.0494}
	{Bone "Gun"}
	{Matrix34
		0.0000	1.0000	-0.0000
		0.0000	0.0000	1.0000
		1.0000	-0.0000	0.0000
		40.0165	0.0998	4.6986
	}
}
{Volume "Body1"
	{Polyhedron "Body1.vol"}
	{Bone "Body"}
	{Matrix34
		0.8318	0.0000	-0.0000
		-0.0000	1.0098	0.0000
		-0.0000	0.0000	1.1914
		5.3213	1.8885	-11.5239
	}
}
{Volume "Body2"
	{Polyhedron "Body2.vol"}
	{Bone "Body"}
	{Matrix34
		0.8680	0.0000	0.0000
		0.0000	0.9749	0.0000
		-0.6194	0.0000	1.2576
		3.5622	3.0815	-2.2349
	}
}
{Volume "lamp1"
	{Cylinder 2.24252 1.9685}
	{Bone "lamp_glass1"}
	{Matrix34
		-0.0000	-1.0000	-0.0000
		0.0000	0.0000	-1.0000
		1.0000	-0.0000	0.0000
		-3.0012	0.0293	0.0173
	}
}
{Volume "crew"
	{Box 15.6798 16.1258 29.7154}
	{Bone "Body"}
	{Position 15.3075	2.4120	5.1297}
}
{Volume "trackleft"
	{Box 105.002 11.6712 19.112}
	{Bone "WheelsL"}
	{Matrix34
		-1.0000	-0.0000	0.0000
		0.0000	0.0000	-1.0000
		-0.0000	-1.0000	0.0000
		4.4272	0.8291	0.7737
	}
}
