{mission
	{Camera
		{Position 4823.5 5631.51}
		{Distance 451.46}
		{ViewAngle 0.288548}
		{YawAngle 0.782337}
	}
	{Environment "day"}
	{User 2}
	{GameProgress 0 0}
	{Entity "sdkfz251_1" 0x8000
		{Position 4877.75 5809.49 0}
		{Turn -84.0816}
		{TexMod "ambush1"}
		{Extender "inventory"
			{box
				{clear}
			}
		}
		{Player 2}
		{MID 1}
		{Weaponry
			{State
				{Unmounted}
			}
		}
		{Chassis
			{FuelBag
				{Remain 1}
			}
		}
	}
	{Human "ger.hans" 0x8001
		{Position 4695.5 5750.09 0}
		{Turn -132.891}
		{Extender "inventory"
			{box
				{clear}
				{item "ammo rifle" 40 {cell 4 0}}
				{item "g43" filling "ammo rifle" 10 {cell 0 0}}
				{item "knife_ger" {cell 5 0}}
				{item "grenade m39" {cell 7 0}}
				{item "bandage" 3 {cell 4 1}}
				{item "grenade m24" {cell 6 1}}
				{item "dynamite" {cell 6 2}}
			}
			{armor "head"
				{Item "helmet1_ger"}
			}
			{armor "body"
				{Item "rifle-ammo-holder"}
			}
		}
		{Player 2}
		{MID 2}
		
		{NameId 100 50}
		{FsmState "stand"}
	}
	{Human "ger.karl" 0x8002
		{Position 4231.9 5441.7 -4}
		{Turn -132.637}
		{Extender "inventory"
			{box
				{clear}
				{item "ammo pistol" 96 {cell 3 0}}
				{item "bandage" 5 {cell 5 0}}
				{item "grenade m39" {cell 7 0}}
				{item "grenade m24x5" {cell 3 1}}
				{item "grenade m24x5" {cell 5 1}}
			}
			{armor "head"
				{Item "helmet1_ger"}
			}
			{armor "body"
				{Item "mp-ammo-holder"}
			}
		}
		{Player 2}
		{MID 3}
		
		{Weaponry
			{State
				{Mounted "mp41"}
				{Weapon
					{Ammo "ammo pistol" 32}
				}
			}
		}
		{NameId 123 101}
		{LastItem "g43"}
		{FsmState "lie"}
	}
	{Human "ger.albert" 0x8003
		{Position 4547.34 5246.66 0}
		{Turn 62.8824}
		{Extender "inventory"
			{box
				{clear}
				{item "ammo pistol" 96 {cell 3 0}}
				{item "grenade m24x5" {cell 5 0}}
				{item "grenade m39" {cell 7 0}}
				{item "grenade m39" {cell 7 1}}
				{item "grenade m39" {cell 6 1}}
				{item "grenade smoke" {cell 5 1}}
				{item "bandage" 3 {cell 3 1}}
			}
			{armor "head"
				{Item "german_cap"}
			}
			{armor "body"
				{Item "mp-ammo-holder"}
			}
		}
		{Player 2}
		{MID 4}
		
		{Weaponry
			{State
				{Mounted "mp40"}
				{Weapon
					{Ammo "ammo pistol" 32}
				}
			}
		}
		{NameId 9 53}
		{LastItem "mp40"}
		{Cover
			{sector 4547.34 5246.66 {type "look_right"}
				{wall 0 0 4597.76 5212.97 4535.02 5245.1}
			}
		}
		{FsmState "stand"}
	}
	{Human "ger.franz" 0x8004
		{Position 4728.67 5626.8 0}
		{Turn -118.029}
		{Extender "inventory"
			{box
				{clear}
				{item "ammo pistol" 96 {cell 3 0}}
				{item "grenade smoke" {cell 5 0}}
				{item "grenade m24" {cell 6 0}}
				{item "grenade m24" {cell 3 1}}
				{item "bandage" 2 {cell 5 1}}
				{item "knife_ger" {cell 6 2}}
				{item "matchbox" 3 {cell 7 1}}
				{item "mp38" filling "ammo pistol" 32 {cell 0 0}}
			}
			{armor "head"
				{Item "tank_cap2_ger"}
			}
			{armor "body"
				{Item "rifle-ammo-holder2"}
			}
		}
		{Player 2}
		{MID 5}
		{NameId 132 115}
		{LastItem "mp40"}
		{FsmState "stand"}
	}
	{Human "ger.friedrich" 0x8005
		{Position 4962.02 5621 0}
		{Turn -111.166}
		{Extender "inventory"
			{box
				{clear}
				{item "ammo mgun" 100 {cell 6 0}}
				{item "grenade m39" {cell 7 2}}
				{item "knife_ger" {cell 6 3}}
				{item "grenade smoke" {cell 6 2}}
				{item "mg34" filling "ammo mgun" 100 {cell 0 0}}
			}
			{armor "head"
				{Item "helmet1_ger"}
			}
		}
		{Player 2}
		{MID 6}
		
		{NameId 126 140}
		{FsmState "stand"}
	}
	{Human "ger.otto" 0x8006
		{Position 4942.75 5650.2 0}
		{Turn -120.835}
		{Extender "inventory"
			{box
				{clear}
				{item "ammo pistol" 96 {cell 3 0}}
				{item "grenade m24" {cell 6 1}}
				{item "grenade m39" {cell 5 0}}
				{item "grenade m24" {cell 6 0}}
				{item "mp41" filling "ammo pistol" 32 {cell 0 0}}
				{item "bandage" 2 {cell 3 1}}
				{item "grenade smoke" {cell 5 1}}
			}
			{armor "head"
				{Item "helmet1_ger"}
			}
			{armor "body"
				{Item "mp-ammo-holder"}
			}
		}
		{Player 2}
		{MID 7}
		
		{NameId 132 114}
		{FsmState "stand"}
	}
	{Human "usa.infantry2" 0x8007
		{Position 2591.47 3813.23 29.0149}
		{Orientation
			 -0.059488   0.998169   0.011009
			 -0.998229  -0.059479  -0.001118
			 -0.000420  -0.011055   0.999940
		}
		{Extender "inventory"
			{box
				{clear}
				{item "colt" filling "ammo pistol" 7 {cell 0 3}}
				{item "ammo pistol" 21 {cell 2 3}}
			}
		}
		{DisableObstacles}
		{Player 1}
		{MID 8}
		{NameId 60 62}
		{FsmState "board"}
	}
	{Human "usa.infantry_smg" 0x8008
		{Position 2559.25 3793.43 28.8429}
		{Orientation
			  0.642570   0.766076   0.009642
			 -0.766108   0.642619   0.007718
			 -0.000284  -0.012347   0.999924
		}
		{Extender "inventory"
			{box
				{clear}
				{item "thompson" filling "ammo pistol" 30 {cell 0 0}}
				{item "ammo pistol" 60 {cell 4 0}}
				{item "grenade mk1" {cell 6 0}}
			}
		}
		{DisableObstacles}
		{Player 1}
		{MID 9}
		{NameId 125 12}
		{FsmState "board"}
	}
	{Human "usa.infantry_mgun" 0x8009
		{Position 2778.03 3207.1 29}
		{Turn 58.9113}
		{Extender "inventory"
			{box
				{clear}
				{item "ammo mgun" 100 {cell 0 0}}
				{item "ammo mgun" 100 {cell 0 1}}
				{item "grenade f1" {cell 2 0}}
			}
		}
		{Player 1}
		{MID 10}
		{Weaponry
			{State
				{Mounted "weapon bar"}
				{Weapon
					{Ammo "ammo mgun" 20}
				}
			}
		}
		{NameId 67 26}
		{FsmState "lie"}
	}
	{Human "usa.infantry_mgun" 0x800a
		{Position 3471.22 2859.72 29}
		{Turn -22.5758}
		{Extender "inventory"
			{box
				{clear}
				{item "ammo mgun" 100 {cell 0 0}}
				{item "ammo mgun" 100 {cell 0 1}}
				{item "grenade f1" {cell 2 0}}
				{item "weapon bar" filling "ammo mgun" 20 {cell 3 0}}
			}
		}
		{Player 1}
		{MID 11}
		{NameId 142 49}
		{FsmState "stand"}
	}
	{Human "usa.infantry_mgun" 0x800b
		{Position 2540.29 2499.63 29}
		{Turn 67.2018}
		{Extender "inventory"
			{box
				{clear}
				{item "ammo mgun" 100 {cell 0 0}}
				{item "ammo mgun" 100 {cell 0 1}}
				{item "grenade f1" {cell 2 0}}
				{item "weapon bar" filling "ammo mgun" 20 {cell 3 0}}
			}
		}
		{Player 1}
		{MID 12}
		{NameId 55 52}
		{FsmState "stand"}
	}
	{Human "usa.infantry_mgun" 0x800c
		{Position 2675.31 3054.86 29}
		{Turn 19.8512}
		{Extender "inventory"
			{box
				{clear}
				{item "ammo mgun" 100 {cell 0 0}}
				{item "ammo mgun" 100 {cell 0 1}}
				{item "grenade f1" {cell 2 0}}
				{item "weapon bar" filling "ammo mgun" 20 {cell 3 0}}
			}
		}
		{Player 1}
		{MID 13}
		{NameId 105 13}
		{FsmState "stand"}
	}
	{Human "usa.infantry_smg" 0x800d
		{Position 1766.01 3470.68 29}
		{Turn 66.5858}
		{Extender "inventory"
			{box
				{clear}
				{item "thompson" filling "ammo pistol" 30 {cell 0 0}}
				{item "ammo pistol" 90 {cell 4 0}}
				{item "grenade mk1" {cell 6 0}}
				{item "grenade mk1" {cell 7 0}}
			}
		}
		{Player 1}
		{MID 14}
		{NameId 130 41}
		{FsmState "stand"}
	}
	{Human "usa.infantry_smg" 0x800e
		{Position 2208.21 3768.29 29}
		{Turn 63.5946}
		{Extender "inventory"
			{box
				{clear}
				{item "m1" filling "ammo rifle" 8 {cell 0 0}}
				{item "ammo rifle" 20 {cell 5 0}}
				{item "grenade m61" {cell 4 0}}
			}
		}
		{Player 1}
		{MID 15}
		{NameId 145 49}
		{LastThrowItem "grenade mk1"}
		{Cover
			{sector 2208.21 3768.29 {type "squat_lie"}
				{wall 0 0 2155.98 3802.04 2260.89 3749.95}
			}
		}
		{FsmState "squat"}
	}
	{Human "usa.infantry_smg" 0x800f
		{Position 3913.38 2856.8 28}
		{Turn 60.4525}
		{Extender "inventory"
			{box
				{clear}
				{item "thompson" filling "ammo pistol" 30 {cell 0 0}}
				{item "ammo pistol" 90 {cell 4 0}}
				{item "grenade m61" {cell 6 0}}
				{item "grenade m61" {cell 7 0}}
			}
		}
		{Player 1}
		{MID 16}
		{NameId 135 23}
		{FsmState "stand"}
	}
	{Human "usa.infantry_smg" 0x8010
		{Position 3951.87 2926.29 28}
		{Turn 58.1874}
		{Extender "inventory"
			{box
				{clear}
				{item "thompson" filling "ammo pistol" 30 {cell 0 0}}
				{item "ammo pistol" 90 {cell 4 0}}
				{item "grenade mk1" {cell 6 0}}
				{item "grenade mk1" {cell 7 0}}
			}
		}
		{Player 1}
		{MID 17}
		{NameId 144 91}
		{FsmState "stand"}
	}
	{Human "usa.infantry_smg" 0x8011
		{Position 1740 3395.53 29}
		{Turn 67.5736}
		{Extender "inventory"
			{box
				{clear}
				{item "thompson" filling "ammo pistol" 30 {cell 0 0}}
				{item "ammo pistol" 90 {cell 4 0}}
				{item "grenade mk1" {cell 6 0}}
				{item "grenade mk1" {cell 7 0}}
			}
		}
		{Player 1}
		{MID 18}
		{NameId 74 27}
		{FsmState "stand"}
	}
	{Human "usa.infantry_smg" 0x8012
		{Position 3041.56 3649.35 27}
		{Turn 63.3489}
		{Extender "inventory"
			{box
				{clear}
				{item "m1" filling "ammo rifle" 8 {cell 0 0}}
				{item "ammo rifle" 10 {cell 4 0}}
				{item "ammo rifle" 10 {cell 5 0}}
				{item "grenade mk1" {cell 6 0}}
				{item "grenade mk1" {cell 7 0}}
			}
		}
		{Player 1}
		{MID 19}
		{NameId 99 40}
		{FsmState "stand"}
	}
	{Human "usa.infantry_smg" 0x8013
		{Position 3186.46 2983.31 29}
		{Turn 150.846}
		{Extender "inventory"
			{box
				{clear}
				{item "thompson" filling "ammo pistol" 30 {cell 0 0}}
				{item "ammo pistol" 90 {cell 4 0}}
				{item "grenade mk1" {cell 6 0}}
				{item "grenade mk1" {cell 7 0}}
			}
		}
		{Player 1}
		{MID 20}
		{NameId 87 22}
		{FsmState "stand"}
	}
	{Human "usa.infantry_smg" 0x8014
		{Position 2682.44 2574.15 29}
		{Turn 64.2756}
		{Extender "inventory"
			{box
				{clear}
				{item "thompson" filling "ammo pistol" 30 {cell 0 0}}
				{item "ammo pistol" 90 {cell 4 0}}
				{item "grenade mk1" {cell 6 0}}
				{item "grenade mk1" {cell 7 0}}
			}
		}
		{Player 1}
		{MID 21}
		{NameId 102 99}
		{FsmState "stand"}
	}
	{Human "usa.medik" 0x8015
		{Position 2553.36 2402.55 29}
		{Turn -92.3991}
		{Extender "inventory"
			{box
				{clear}
				{item "webley" filling "ammo pistol" 6 {cell 0 0}}
				{item "ammo pistol" 24 {cell 2 0}}
				{item "bandage" 5 {cell 0 3}}
				{item "bandage" 5 {cell 0 2}}
				{item "bandage" 5 {cell 0 1}}
				{item "bandage" 5 {cell 2 1}}
				{item "morphine" 2 {cell 4 0}}
			}
		}
		{Player 1}
		{MID 22}
		{NameId 10 12}
		{FsmState "squat"}
	}
	{Human "usa.oficer" 0x8016
		{Position 2716.14 3072.6 29}
		{Turn -146.968}
		{Extender "inventory"
			{box
				{clear}
				{item "thompson" filling "ammo pistol" 30 {cell 0 0}}
				{item "ammo pistol" 90 {cell 4 0}}
				{item "grenade f1" {cell 6 0}}
				{item "grenade mk1" {cell 7 0}}
			}
		}
		{Player 1}
		{MID 23}
		{NameId 64 61}
		{FsmState "stand"}
	}
	{Human "usa.infantry_smg" 0x8017
		{Position 2405.52 2715.37 29}
		{Turn 37.9025}
		{Player 1}
		{MID 27}
		{NameId 69 62}
		{FsmState "stand"}
	}
	{Human "usa.tankman" 0x8018
		{Position 2893.59 2381.35 29}
		{Turn 170}
		{Extender "inventory"
			{box
				{clear}
				{item "thompson" filling "ammo pistol" 30 {cell 0 0}}
				{item "ammo pistol" 30 {cell 4 0}}
			}
			{armor "head"
				{Item "helmet1_usa"}
			}
		}
		{Player 1}
		{MID 26}
		{NameId 132 74}
		{FsmState "stand"}
	}
	{Human "usa.tankman" 0x8019
		{Position 2858.9 2365.71 29}
		{Turn 54.3553}
		{Extender "inventory"
			{box
				{clear}
				{item "webley" filling "ammo pistol" 6 {cell 0 0}}
				{item "ammo pistol" 24 {cell 4 0}}
			}
			{armor "head"
				{Item "usmc-cap1"}
			}
		}
		{Player 1}
		{MID 25}
		{NameId 93 83}
		{FsmState "stand"}
	}
	{Human "usa.tankman" 0x801a
		{Position 2274.37 2933.91 29}
		{Turn 1.34973}
		{Extender "inventory"
			{box
				{clear}
				{item "thompson" filling "ammo pistol" 30 {cell 0 0}}
				{item "ammo pistol" 30 {cell 4 0}}
			}
			{armor "head"
				{Item "helmet1_usa"}
			}
		}
		{Player 1}
		{MID 24}
		{NameId 31 53}
		{FsmState "stand"}
	}
	{Human "usa.infantry2" 0x801b
		{Position 2697.99 3092.26 29}
		{Turn -120.694}
		{Player 1}
		{MID 28}
		{NameId 144 99}
		{FsmState "stand"}
	}
	{Human "x.a.rifle" 0x801c
		{Position 3882.39 2779.94 29}
		{Turn 65.6323}
		{Extender "inventory"
			{box
				{clear}
				{item "ammo rifle" 20 {cell 0 0}}
				{item "grenade m61" {cell 1 0}}
				{item "m1" filling "ammo rifle" 8 {cell 4 0}}
			}
			{armor "head"
				{Item "helmet1_usa"}
			}
		}
		{Player 1}
		{MID 29}
		{NameId 104 41}
		{FsmState "stand"}
	}
	{Human "x.a.rifle" 0x801d
		{Position 3741.9 3064.85 28.902}
		{Turn -115.844}
		{Extender "inventory"
			{box
				{clear}
				{item "ammo rifle" 20 {cell 0 0}}
				{item "m1" filling "ammo rifle" 8 {cell 3 0}}
				{item "grenade mk1" {cell 7 0}}
			}
		}
		{Player 1}
		{MID 30}
		{NameId 17 1}
		{Cover
			{sector 3741.9 3064.85 {type "look_right"}
				{wall 0 0 3705.29 3090.36 3754.18 3066.68}
			}
		}
		{FsmState "stand"}
	}
	{Human "usa.infantry2" 0x801e
		{Position 3447.19 2680.05 29}
		{Turn 57.0977}
		{Player 1}
		{MID 31}
		{NameId 74 35}
		{FsmState "stand"}
	}
	{Human "usa.infantry_smg" 0x801f
		{Position 3007.6 3272.66 29}
		{Turn 164.476}
		{DisableObstacles}
		{Player 1}
		{MID 32}
		{NameId 69 64}
		{FsmState "board"}
	}
	{Human "usa.infantry2" 0x8020
		{Position 2673.03 3027.69 29}
		{Turn 51.2511}
		{Player 1}
		{MID 33}
		{NameId 135 28}
		{FsmState "stand"}
	}
	{Human "usa.infantry_mgun" 0x8021
		{Position 2379 3510 29}
		{Turn -25.6432}
		{Extender "inventory"
			{box
				{clear}
				{item "ammo mgun" 100 {cell 5 0}}
				{item "grenade m61" {cell 7 0}}
			}
		}
		{Player 1}
		{MID 34}
		{Weaponry
			{State
				{Mounted "johnsonlightgun"}
				{Weapon
					{Ammo "ammo mgun" 20}
				}
			}
		}
		{NameId 102 1}
		{LastItem "johnsonlightgun"}
		{Cover
			{sector 2379 3510 {type "bush_squat"}
			}
		}
		{FsmState "squat"}
	}
	{Human "x.a.rifle" 0x8022
		{Position 3869.07 2885.07 28}
		{Turn 64.6763}
		{Extender "inventory"
			{box
				{clear}
				{item "ammo rifle" 20 {cell 0 0}}
				{item "m1" filling "ammo rifle" 8 {cell 4 0}}
				{item "grenade m61" {cell 1 0}}
			}
			{armor "head"
				{Item "helmet1_usa"}
			}
		}
		{Player 1}
		{MID 35}
		{NameId 112 16}
		{FsmState "stand"}
	}
	{Human "usa.infantry_smg" 0x8023
		{Position 2618.37 2026.62 29}
		{Turn -120.283}
		{Extender "inventory"
			{box
				{clear}
				{item "thompson" filling "ammo pistol" 30 {cell 0 0}}
				{item "ammo pistol" 90 {cell 4 0}}
				{item "grenade mk1" {cell 6 0}}
				{item "grenade mk1" {cell 7 0}}
			}
		}
		{Player 1}
		{MID 36}
		{NameId 130 11}
		{FsmState "stand"}
	}
	{Human "usa.infantry_smg" 0x8024
		{Position 3569.71 3266.3 36.9343}
		{Orientation
			  0.641130   0.761071   0.097903
			 -0.761042   0.647067  -0.045404
			 -0.097915  -0.045403   0.994159
		}
		{Extender "inventory"
			{box
				{clear}
				{item "thompson" filling "ammo pistol" 30 {cell 0 0}}
				{item "ammo pistol" 60 {cell 4 0}}
				{item "grenade mk1" {cell 6 0}}
			}
		}
		{DisableObstacles}
		{Player 1}
		{MID 37}
		{NameId 125 13}
		{FsmState "board"}
	}
	{Human "usa.infantry2" 0x8025
		{Position 3601.83 3285.86 40.9089}
		{Orientation
			 -0.056926   0.997631   0.038647
			 -0.993548  -0.052805  -0.100367
			 -0.098048  -0.044110   0.994205
		}
		{Extender "inventory"
			{box
				{clear}
				{item "colt" filling "ammo pistol" 7 {cell 0 3}}
				{item "ammo pistol" 21 {cell 2 3}}
				{item "grenade m61" {cell 4 3}}
			}
		}
		{DisableObstacles}
		{Player 1}
		{MID 38}
		{NameId 57 99}
		{FsmState "board"}
	}
	{Human "usa.infantry2" 0x8026
		{Position 3234.01 3639.27 29}
		{Turn 65.5094}
		{Extender "inventory"
			{box
				{clear}
				{item "colt" filling "ammo pistol" 7 {cell 0 3}}
				{item "ammo pistol" 21 {cell 2 3}}
			}
		}
		{DisableObstacles}
		{Player 1}
		{MID 39}
		{NameId 47 22}
		{FsmState "board"}
	}
	{Human "usa.infantry2" 0x8027
		{Position 4108.06 3049.58 29}
		{Turn 63.6245}
		{Extender "inventory"
			{box
				{clear}
				{item "colt" filling "ammo pistol" 7 {cell 0 3}}
				{item "ammo pistol" 21 {cell 2 3}}
			}
		}
		{DisableObstacles}
		{Player 1}
		{MID 40}
		{NameId 44 40}
		{FsmState "board"}
	}
	{Human "usa.infantry2" 0x8028
		{Position 3734.2 2980.06 149.349}
		{Turn 61.6992}
		{Extender "inventory"
			{box
				{clear}
				{item "colt" filling "ammo pistol" 7 {cell 0 3}}
				{item "ammo pistol" 14 {cell 2 3}}
			}
		}
		{DisableObstacles}
		{Player 1}
		{MID 41}
		{NameId 49 27}
		{FsmState "board"}
	}
	{Human "usa.infantry2" 0x8029
		{Position 2006.16 3236.56 150.349}
		{Turn 154.799}
		{Extender "inventory"
			{box
				{clear}
				{item "colt" filling "ammo pistol" 7 {cell 0 3}}
				{item "ammo pistol" 21 {cell 2 3}}
				{item "grenade mk1" {cell 4 3}}
			}
		}
		{DisableObstacles}
		{Player 1}
		{MID 42}
		{NameId 79 91}
		{FsmState "board"}
	}
	{Human "usa.infantry2" 0x802a
		{Position 2662.62 2192.21 150.349}
		{Turn -118.301}
		{Extender "inventory"
			{box
				{clear}
				{item "colt" filling "ammo pistol" 7 {cell 0 3}}
				{item "ammo pistol" 14 {cell 2 3}}
			}
		}
		{DisableObstacles}
		{Player 1}
		{MID 43}
		{NameId 55 23}
		{FsmState "board"}
	}
	{Human "usa.infantry2" 0x802b
		{Position 3658.31 2885.25 29}
		{Turn -23.9625}
		{Extender "inventory"
			{box
				{clear}
				{item "m1_carbine" filling "ammo rifle" 15 {cell 0 0}}
				{item "ammo rifle" 30 {cell 4 0}}
				{item "grenade m61" {cell 7 0}}
			}
		}
		{Player 1}
		{MID 44}
		{NameId 69 61}
		{FsmState "stand"}
	}
	{Human "usa.infantry_smg" 0x802c
		{Position 3616.64 2864.74 29}
		{Turn -23.9625}
		{Extender "inventory"
			{box
				{clear}
				{item "thompson" filling "ammo pistol" 30 {cell 0 0}}
				{item "ammo pistol" 60 {cell 4 0}}
				{item "grenade m61" {cell 6 0}}
			}
		}
		{Player 1}
		{MID 45}
		{NameId 125 14}
		{FsmState "stand"}
	}
	{Human "usa.infantry2" 0x802d
		{Position 2262.56 3427.79 29}
		{Turn -18.4349}
		{Extender "inventory"
			{box
				{clear}
				{item "ammo rifle" 10 {cell 0 0}}
				{item "ammo rifle" 10 {cell 1 0}}
				{item "m1" filling "ammo rifle" 8 {cell 3 0}}
				{item "grenade m61" {cell 7 0}}
			}
		}
		{Player 1}
		{MID 46}
		{NameId 102 0}
		{FsmState "stand"}
	}
	{Human "x.a.tankman" 0x802e
		{Position 3822.3 2616.8 40.5659}
		{Orientation
			  0.287893  -0.902135   0.321400
			  0.952984   0.302882  -0.003500
			 -0.094172   0.307247   0.946900
		}
		{Extender "inventory"
			{box
				{clear}
				{item "ammo pistol" 28 {cell 2 0}}
				{item "colt" filling "ammo pistol" 7 {cell 0 0}}
			}
		}
		{DisableObstacles}
		{Player 1}
		{MID 47}
		{NameId 69 63}
		{LastItem "colt"}
		{FsmState "board"}
	}
	{Human "x.a.tankman" 0x802f
		{Position 3828.89 2623.22 29}
		{Orientation
			 -0.316229  -0.948683  -0.000000
			 -0.948683   0.316229  -0.000000
			 -0.000000  -0.000000   1.000000
		}
		{Extender "inventory"
			{box
				{clear}
				{item "ammo pistol" 28 {cell 2 0}}
				{item "colt" filling "ammo pistol" 7 {cell 0 0}}
			}
		}
		{Player 1}
		{MID 48}
		{NameId 125 15}
		{LastItem "colt"}
		{FsmState "board"}
	}
	{Human "usa.tankman" 0x8030
		{Position 3828.89 2623.22 29}
		{Orientation
			 -0.316229  -0.948683  -0.000000
			 -0.948683   0.316229  -0.000000
			 -0.000000  -0.000000   1.000000
		}
		{Extender "inventory"
			{box
				{clear}
				{item "colt" filling "ammo pistol" 7 {cell 0 0}}
				{item "ammo pistol" 21 {cell 4 0}}
			}
			{armor "head"
				{Item "usmc-cap1"}
			}
		}
		{Player 1}
		{MID 49}
		{NameId 144 92}
		{LastItem "colt"}
		{FsmState "board"}
	}
	{Human "x.a.tankman" 0x8031
		{Position 596.401 1956.58 0}
		{Orientation
			  0.872288   0.488993   0.000000
			  0.488993  -0.872288   0.000000
			  0.000000   0.000000   1.000000
		}
		{Extender "inventory"
			{box
				{clear}
				{item "ammo pistol" 28 {cell 2 0}}
				{item "colt" filling "ammo pistol" 7 {cell 0 0}}
			}
		}
		{Player 1}
		{MID 50}
		{NameId 142 52}
		{LastItem "colt"}
		{FsmState "board"}
	}
	{Human "usa.tankman" 0x8032
		{Position 596.401 1956.58 0}
		{Orientation
			  0.872288   0.488993   0.000000
			  0.488993  -0.872288   0.000000
			  0.000000   0.000000   1.000000
		}
		{Player 1}
		{MID 51}
		{NameId 130 47}
		{LastItem "m3a"}
		{FsmState "board"}
	}
	{Human "x.a.tankman" 0x8033
		{Position 596.401 1956.58 0}
		{Orientation
			  0.872288   0.488993   0.000000
			  0.488993  -0.872288   0.000000
			  0.000000   0.000000   1.000000
		}
		{Extender "inventory"
			{box
				{clear}
				{item "ammo pistol" 28 {cell 2 0}}
				{item "colt" filling "ammo pistol" 7 {cell 0 0}}
			}
		}
		{Player 1}
		{MID 52}
		{NameId 55 57}
		{LastItem "colt"}
		{FsmState "board"}
	}
	{Human "usa.tankman" 0x8034
		{Position 596.401 1956.58 0}
		{Orientation
			  0.872288   0.488993   0.000000
			  0.488993  -0.872288   0.000000
			  0.000000   0.000000   1.000000
		}
		{Player 1}
		{MID 53}
		{NameId 105 18}
		{LastItem "m3a"}
		{FsmState "board"}
	}
	{Human "usa.tankman" 0x8035
		{Position 417.614 2088.69 0}
		{Orientation
			  0.894427   0.447214   0.000000
			  0.447214  -0.894427   0.000000
			  0.000000   0.000000   1.000000
		}
		{Player 1}
		{MID 54}
		{NameId 87 25}
		{LastItem "m3a"}
		{FsmState "board"}
	}
	{Human "usa.tankman" 0x8036
		{Position 417.614 2088.69 0}
		{Orientation
			  0.894427   0.447214   0.000000
			  0.447214  -0.894427   0.000000
			  0.000000   0.000000   1.000000
		}
		{Player 1}
		{MID 55}
		{NameId 99 41}
		{LastItem "m3a"}
		{FsmState "board"}
	}
	{Human "usa.tankman" 0x8037
		{Position 417.614 2088.69 0}
		{Orientation
			  0.894427   0.447214   0.000000
			  0.447214  -0.894427   0.000000
			  0.000000   0.000000   1.000000
		}
		{Player 1}
		{MID 56}
		{NameId 74 28}
		{LastItem "m3a"}
		{FsmState "board"}
	}
	{Human "x.a.tankman" 0x8038
		{Position 417.614 2088.69 0}
		{Orientation
			  0.894427   0.447214   0.000000
			  0.447214  -0.894427   0.000000
			  0.000000   0.000000   1.000000
		}
		{Extender "inventory"
			{box
				{clear}
				{item "ammo pistol" 28 {cell 2 0}}
				{item "colt" filling "ammo pistol" 7 {cell 0 0}}
			}
		}
		{Player 1}
		{MID 57}
		{NameId 144 1}
		{LastItem "colt"}
		{FsmState "board"}
	}
	{Human "x.a.tankman" 0x8039
		{Position 138.286 6.3056 -0.443424}
		{Orientation
			  0.475340   0.879799  -0.002423
			  0.879472  -0.475235  -0.026075
			  0.024092  -0.010263   0.999657
		}
		{Extender "inventory"
			{box
				{clear}
				{item "ammo pistol" 28 {cell 2 0}}
				{item "colt" filling "ammo pistol" 7 {cell 0 0}}
			}
		}
		{Player 1}
		{MID 58}
		{NameId 54 83}
		{LastItem "colt"}
		{FsmState "board"}
	}
	{Human "usa.tankman" 0x803a
		{Position 138.286 6.3056 -0.443424}
		{Orientation
			  0.475340   0.879799  -0.002423
			  0.879472  -0.475235  -0.026075
			  0.024092  -0.010263   0.999657
		}
		{Player 1}
		{MID 59}
		{NameId 92 16}
		{LastItem "m3a"}
		{FsmState "board"}
	}
	{Human "usa.tankman" 0x803b
		{Position 138.286 6.3056 -0.443424}
		{Orientation
			  0.475340   0.879799  -0.002423
			  0.879472  -0.475235  -0.026075
			  0.024092  -0.010263   0.999657
		}
		{Player 1}
		{MID 60}
		{NameId 113 89}
		{LastItem "m3a"}
		{FsmState "board"}
	}
	{Human "x.a.tankman" 0x803c
		{Position 138.286 6.3056 -0.443424}
		{Orientation
			  0.475340   0.879799  -0.002423
			  0.879472  -0.475235  -0.026075
			  0.024092  -0.010263   0.999657
		}
		{Extender "inventory"
			{box
				{clear}
				{item "ammo pistol" 28 {cell 2 0}}
				{item "colt" filling "ammo pistol" 7 {cell 0 0}}
			}
		}
		{Player 1}
		{MID 61}
		{NameId 9 78}
		{LastItem "colt"}
		{FsmState "board"}
	}
	{Human "x.a.tankman" 0x803d
		{Position 28.9215 -227.268 -0.165412}
		{Orientation
			  0.263709   0.964586   0.005603
			  0.964541  -0.263753   0.009730
			 -0.010863  -0.002838   0.999937
		}
		{Extender "inventory"
			{box
				{clear}
				{item "ammo pistol" 28 {cell 2 0}}
				{item "colt" filling "ammo pistol" 7 {cell 0 0}}
			}
		}
		{Player 1}
		{MID 62}
		{NameId 104 43}
		{LastItem "colt"}
		{FsmState "board"}
	}
	{Human "x.a.tankman" 0x803e
		{Position 28.9215 -227.268 -0.165412}
		{Orientation
			  0.263709   0.964586   0.005603
			  0.964541  -0.263753   0.009730
			 -0.010863  -0.002838   0.999937
		}
		{Extender "inventory"
			{box
				{clear}
				{item "ammo pistol" 28 {cell 2 0}}
				{item "colt" filling "ammo pistol" 7 {cell 0 0}}
			}
		}
		{Player 1}
		{MID 63}
		{NameId 30 29}
		{LastItem "colt"}
		{FsmState "board"}
	}
	{Human "usa.tankman" 0x803f
		{Position 28.9215 -227.268 -0.165412}
		{Orientation
			  0.263709   0.964586   0.005603
			  0.964541  -0.263753   0.009730
			 -0.010863  -0.002838   0.999937
		}
		{Player 1}
		{MID 64}
		{NameId 16 98}
		{LastItem "m3a"}
		{FsmState "board"}
	}
	{Human "x.a.tankman" 0x8040
		{Position 28.9215 -227.268 -0.165412}
		{Orientation
			  0.263709   0.964586   0.005603
			  0.964541  -0.263753   0.009730
			 -0.010863  -0.002838   0.999937
		}
		{Extender "inventory"
			{box
				{clear}
				{item "ammo pistol" 28 {cell 2 0}}
				{item "colt" filling "ammo pistol" 7 {cell 0 0}}
			}
		}
		{Player 1}
		{MID 65}
		{NameId 17 3}
		{LastItem "colt"}
		{FsmState "board"}
	}
	{Human "x.a.tankman" 0x8041
		{Position 1175.31 1472.6 0.0708084}
		{Orientation
			  0.702617   0.711562  -0.003035
			  0.711568  -0.702605   0.004165
			 -0.000832   0.005086   0.999987
		}
		{Extender "inventory"
			{box
				{clear}
				{item "ammo pistol" 28 {cell 2 0}}
				{item "colt" filling "ammo pistol" 7 {cell 0 0}}
			}
		}
		{Player 1}
		{MID 66}
		{NameId 88 66}
		{LastItem "colt"}
		{FsmState "board"}
	}
	{Human "usa.tankman" 0x8042
		{Position 1175.31 1472.6 0.0708084}
		{Orientation
			  0.702617   0.711562  -0.003035
			  0.711568  -0.702605   0.004165
			 -0.000832   0.005086   0.999987
		}
		{Player 1}
		{MID 67}
		{NameId 31 55}
		{LastItem "m3a"}
		{FsmState "board"}
	}
	{Human "usa.tankman" 0x8043
		{Position 1175.31 1472.6 0.0708084}
		{Orientation
			  0.702617   0.711562  -0.003035
			  0.711568  -0.702605   0.004165
			 -0.000832   0.005086   0.999987
		}
		{Player 1}
		{MID 68}
		{NameId 135 20}
		{LastItem "m3a"}
		{FsmState "board"}
	}
	{Human "x.a.tankman" 0x8044
		{Position 1175.31 1472.6 0.0708084}
		{Orientation
			  0.702617   0.711562  -0.003035
			  0.711568  -0.702605   0.004165
			 -0.000832   0.005086   0.999987
		}
		{Extender "inventory"
			{box
				{clear}
				{item "ammo pistol" 28 {cell 2 0}}
				{item "colt" filling "ammo pistol" 7 {cell 0 0}}
			}
		}
		{Player 1}
		{MID 69}
		{NameId 67 28}
		{LastItem "colt"}
		{FsmState "board"}
	}
	{Human "usa.infantry_smg" 0x8045
		{Position 7408.38 2769.77 38.7245}
		{Orientation
			 -0.416798  -0.907435   0.053823
			  0.908947  -0.415138   0.038435
			 -0.012544   0.064944   0.997810
		}
		{Extender "inventory"
			{box
				{clear}
				{item "ammo pistol" 60 {cell 4 0}}
				{item "grenade m61" {cell 6 0}}
				{item "grenade m61" {cell 7 0}}
				{item "grenade n73at" {cell 4 1}}
				{item "thompson" filling "ammo pistol" 30 {cell 0 0}}
			}
		}
		{DisableObstacles}
		{Player 1}
		{MID 70}
		{NameId 99 43}
		{LastItem "thompson"}
		{FsmState "board"}
	}
	{Human "usa.infantry_smg" 0x8046
		{Position 7378.31 2756.49 37.5554}
		{Orientation
			  0.447560   0.873360   0.192007
			 -0.884875   0.463510  -0.046070
			 -0.129261  -0.149296   0.980325
		}
		{Extender "inventory"
			{box
				{clear}
				{item "ammo pistol" 60 {cell 4 0}}
				{item "grenade m61" {cell 6 0}}
				{item "grenade m61" {cell 7 0}}
				{item "grenade n73at" {cell 4 1}}
				{item "thompson" filling "ammo pistol" 30 {cell 0 0}}
			}
		}
		{DisableObstacles}
		{Player 1}
		{MID 71}
		{NameId 74 30}
		{LastItem "thompson"}
		{FsmState "board"}
	}
	{Human "usa.infantry_smg" 0x8047
		{Position 7364.17 2779.79 34.1605}
		{Orientation
			 -0.809812   0.345762   0.473946
			 -0.397233  -0.917689  -0.009209
			  0.431690  -0.195692   0.880555
		}
		{Extender "inventory"
			{box
				{clear}
				{item "ammo pistol" 60 {cell 4 0}}
				{item "grenade m61" {cell 6 0}}
				{item "grenade m61" {cell 7 0}}
				{item "grenade n73at" {cell 4 1}}
				{item "thompson" filling "ammo pistol" 30 {cell 0 0}}
			}
		}
		{DisableObstacles}
		{Player 1}
		{MID 72}
		{NameId 144 94}
		{LastItem "thompson"}
		{FsmState "board"}
	}
	{Human "usa.infantry_smg" 0x8048
		{Position 7359.53 2767.43 34.0809}
		{Orientation
			 -0.825536   0.307018   0.473623
			 -0.351606  -0.936129  -0.006028
			  0.441521  -0.171505   0.880758
		}
		{Extender "inventory"
			{box
				{clear}
				{item "ammo pistol" 60 {cell 4 0}}
				{item "grenade m61" {cell 6 0}}
				{item "grenade m61" {cell 7 0}}
				{item "grenade n73at" {cell 4 1}}
				{item "thompson" filling "ammo pistol" 30 {cell 0 0}}
			}
		}
		{DisableObstacles}
		{Player 1}
		{MID 73}
		{NameId 135 25}
		{LastItem "thompson"}
		{FsmState "board"}
	}
	{Human "x.a.grenadier" 0x8049
		{Position 7401.27 2748.2 38.6859}
		{Orientation
			 -0.028737   0.998627   0.043307
			 -0.998276  -0.026365  -0.052909
			 -0.051722  -0.044682   0.997630
		}
		{Extender "inventory"
			{box
				{clear}
				{item "colt" filling "ammo pistol" 7 {cell 5 0}}
				{item "ammo pistol" 14 {cell 5 1}}
				{item "ammo bazooka" {cell 0 2}}
				{item "ammo bazooka" {cell 0 3}}
				{item "ammo bazooka" {cell 2 2}}
				{item "ammo bazooka" {cell 2 3}}
				{item "grenade mk1" {cell 7 0}}
				{item "weapon bazooka" filling "ammo bazooka" {cell 0 0}}
			}
		}
		{DisableObstacles}
		{Player 1}
		{MID 74}
		{NameId 145 51}
		{LastItem "weapon bazooka"}
		{FsmState "board"}
	}
	{Human "x.a.grenadier" 0x804a
		{Position 7386.28 2777.61 37.6064}
		{Orientation
			 -0.268338  -0.946588   0.178758
			  0.963272  -0.264151   0.047575
			  0.002273   0.184992   0.982753
		}
		{Extender "inventory"
			{box
				{clear}
				{item "weapon bazooka" filling "ammo bazooka" {cell 0 0}}
				{item "ammo pistol" 14 {cell 5 1}}
				{item "ammo bazooka" {cell 0 2}}
				{item "ammo bazooka" {cell 0 3}}
				{item "ammo bazooka" {cell 2 2}}
				{item "ammo bazooka" {cell 2 3}}
				{item "grenade mk1" {cell 7 0}}
				{item "colt" filling "ammo pistol" 7 {cell 5 0}}
			}
		}
		{DisableObstacles}
		{Player 1}
		{MID 75}
		{NameId 130 43}
		{LastItem "colt"}
		{FsmState "board"}
	}
	{Human "x.a.rifle" 0x804b
		{Position 7397.36 2773.43 39.1849}
		{Orientation
			 -0.336044  -0.925409   0.175347
			  0.941792  -0.332994   0.047306
			  0.014674   0.181078   0.983398
		}
		{Extender "inventory"
			{box
				{clear}
				{item "ammo rifle" 10 {cell 4 0}}
				{item "ammo rifle" 10 {cell 5 0}}
				{item "ammo rifle" 10 {cell 6 0}}
				{item "grenade m61" {cell 7 0}}
				{item "grenade n73at" {cell 4 1}}
				{item "m1_carbine" filling "ammo rifle" 15 {cell 0 0}}
			}
		}
		{DisableObstacles}
		{Player 1}
		{MID 76}
		{NameId 105 15}
		{LastItem "m1_carbine"}
		{FsmState "board"}
	}
	{Human "x.a.rifle" 0x804c
		{Position 7389.25 2751.92 38.7412}
		{Orientation
			  0.245677   0.952137   0.181788
			 -0.964926   0.258042  -0.047574
			 -0.092183  -0.163662   0.982198
		}
		{Extender "inventory"
			{box
				{clear}
				{item "ammo rifle" 10 {cell 4 0}}
				{item "ammo rifle" 10 {cell 5 0}}
				{item "ammo rifle" 10 {cell 6 0}}
				{item "grenade m61" {cell 7 0}}
				{item "grenade n73at" {cell 4 1}}
				{item "m1_carbine" filling "ammo rifle" 15 {cell 0 0}}
			}
		}
		{DisableObstacles}
		{Player 1}
		{MID 77}
		{NameId 55 54}
		{LastItem "m1_carbine"}
		{FsmState "board"}
	}
	{Human "usa.infantry2" 0x804d
		{Position 7188.39 2847.1 24.9606}
		{Orientation
			 -0.898128   0.364000   0.246719
			 -0.367001  -0.929546   0.035430
			  0.242233  -0.058726   0.968439
		}
		{Extender "inventory"
			{box
				{clear}
				{item "ammo pistol" 32 {cell 4 0}}
				{item "grenade m61" {cell 6 0}}
				{item "grenade n73at" {cell 4 1}}
				{item "m3a" filling "ammo pistol" 32 {cell 0 0}}
			}
		}
		{DisableObstacles}
		{Player 1}
		{MID 78}
		{NameId 44 41}
		{LastItem "m3a"}
		{FsmState "board"}
	}
	{Human "usa.infantry_smg" 0x804e
		{Position 7189.55 2829.34 36.4042}
		{Orientation
			 -0.976335   0.195172  -0.092996
			 -0.200543  -0.978269   0.052340
			 -0.080775   0.069681   0.994295
		}
		{Extender "inventory"
			{box
				{clear}
				{item "ammo pistol" 60 {cell 4 0}}
				{item "grenade m61" {cell 6 0}}
				{item "grenade n73at" {cell 4 1}}
				{item "thompson" filling "ammo pistol" 30 {cell 0 0}}
			}
		}
		{DisableObstacles}
		{Player 1}
		{MID 79}
		{NameId 74 31}
		{LastItem "thompson"}
		{FsmState "board"}
	}
	{Human "x.a.mgun" 0x804f
		{Position 7215.26 2834.15 29.2734}
		{Orientation
			 -0.372071  -0.849792   0.373385
			  0.926814  -0.362135   0.099364
			  0.050777   0.383029   0.922340
		}
		{Extender "inventory"
			{box
				{clear}
				{item "ammo mgun" 100 {cell 2 0}}
				{item "ammo mgun" 100 {cell 4 0}}
				{item "grenade m61" {cell 7 0}}
				{item "bandage" 2 {cell 0 0}}
				{item "weapon bar" filling "ammo mgun" 20 {cell 0 1}}
			}
		}
		{DisableObstacles}
		{Player 1}
		{MID 80}
		{NameId 144 95}
		{LastItem "weapon bar"}
		{FsmState "board"}
	}
	{Human "x.a.smg" 0x8050
		{Position 7207.83 2820.9 28.97}
		{Orientation
			  0.299002   0.871735   0.388132
			 -0.926814   0.362135  -0.099364
			 -0.227176  -0.330016   0.916216
		}
		{Extender "inventory"
			{box
				{clear}
				{item "ammo pistol" 60 {cell 4 0}}
				{item "grenade m61" {cell 6 0}}
				{item "grenade m61" {cell 7 0}}
				{item "grenade n73at" {cell 4 1}}
				{item "thompson" filling "ammo pistol" 30 {cell 0 0}}
			}
		}
		{DisableObstacles}
		{Player 1}
		{MID 81}
		{NameId 135 26}
		{LastItem "thompson"}
		{FsmState "board"}
	}
	{Human "usa.infantry_smg" 0x8051
		{Position 7203.15 2838.88 27.9759}
		{Orientation
			 -0.372071  -0.849792   0.373385
			  0.926814  -0.362135   0.099364
			  0.050777   0.383029   0.922340
		}
		{Extender "inventory"
			{box
				{clear}
				{item "ammo pistol" 60 {cell 4 0}}
				{item "grenade m61" {cell 6 0}}
				{item "grenade m61" {cell 7 0}}
				{item "grenade n73at" {cell 4 1}}
				{item "thompson" filling "ammo pistol" 30 {cell 0 0}}
			}
		}
		{DisableObstacles}
		{Player 1}
		{MID 82}
		{NameId 145 52}
		{LastItem "thompson"}
		{FsmState "board"}
	}
	{Human "usa.infantry_smg" 0x8052
		{Position 7239.47 2824.69 31.8692}
		{Orientation
			 -0.372071  -0.849792   0.373385
			  0.926814  -0.362135   0.099364
			  0.050777   0.383029   0.922340
		}
		{Extender "inventory"
			{box
				{clear}
				{item "ammo pistol" 60 {cell 4 0}}
				{item "grenade m61" {cell 6 0}}
				{item "grenade m61" {cell 7 0}}
				{item "grenade n73at" {cell 4 1}}
				{item "thompson" filling "ammo pistol" 30 {cell 0 0}}
			}
		}
		{DisableObstacles}
		{Player 1}
		{MID 83}
		{NameId 130 44}
		{LastItem "thompson"}
		{FsmState "board"}
	}
	{Human "usa.infantry_smg" 0x8053
		{Position 7227 2829.56 30.533}
		{Orientation
			 -0.372071  -0.849792   0.373385
			  0.926814  -0.362135   0.099364
			  0.050777   0.383029   0.922340
		}
		{Extender "inventory"
			{box
				{clear}
				{item "ammo pistol" 60 {cell 4 0}}
				{item "grenade m61" {cell 6 0}}
				{item "grenade m61" {cell 7 0}}
				{item "grenade n73at" {cell 4 1}}
				{item "thompson" filling "ammo pistol" 30 {cell 0 0}}
			}
		}
		{DisableObstacles}
		{Player 1}
		{MID 84}
		{NameId 105 16}
		{LastItem "thompson"}
		{FsmState "board"}
	}
	{Human "x.a.rifle" 0x8054
		{Position 7220.94 2815.78 30.3745}
		{Orientation
			  0.299002   0.871735   0.388132
			 -0.926814   0.362135  -0.099364
			 -0.227176  -0.330016   0.916216
		}
		{Extender "inventory"
			{box
				{clear}
				{item "ammo rifle" 10 {cell 4 0}}
				{item "ammo rifle" 10 {cell 5 0}}
				{item "grenade mk1" {cell 6 0}}
				{item "grenade mk1" {cell 7 0}}
				{item "grenade n73at" {cell 4 1}}
				{item "m1" filling "ammo rifle" 8 {cell 0 0}}
			}
		}
		{DisableObstacles}
		{Player 1}
		{MID 85}
		{NameId 55 55}
		{LastItem "m1"}
		{FsmState "board"}
	}
	{Human "x.a.rifle" 0x8055
		{Position 7234.04 2810.66 31.7791}
		{Orientation
			  0.299002   0.871735   0.388132
			 -0.926814   0.362135  -0.099364
			 -0.227176  -0.330016   0.916216
		}
		{Extender "inventory"
			{box
				{clear}
				{item "ammo rifle" 10 {cell 4 0}}
				{item "ammo rifle" 10 {cell 5 0}}
				{item "ammo rifle" 10 {cell 6 0}}
				{item "grenade m61" {cell 7 0}}
				{item "grenade n73at" {cell 4 1}}
				{item "m1_carbine" filling "ammo rifle" 15 {cell 0 0}}
			}
		}
		{DisableObstacles}
		{Player 1}
		{MID 86}
		{NameId 142 51}
		{LastItem "m1_carbine"}
		{FsmState "board"}
	}
	{Human "x.a.smg" 0x8056
		{Position 2375.58 3645.08 29}
		{Turn 147.247}
		{Extender "inventory"
			{box
				{clear}
				{item "ammo pistol" 100 {cell 3 0}}
				{item "ammo pistol" 80 {cell 5 0}}
				{item "grenade m61" {cell 7 0}}
				{item "grenade m61" {cell 3 1}}
				{item "grenade m61" {cell 4 1}}
				{item "knife" {cell 5 1}}
				{item "bandage" 3 {cell 0 2}}
				{item "m3a" filling "ammo pistol" 30 {cell 0 0}}
			}
		}
		{Player 1}
		{MID 87}
		{NameId 87 26}
		{LastItem "m3a"}
		{FsmState "stand"}
	}
	{Human "x.a.automatic_rifle" 0x8057
		{Position 2420.06 3672.9 29}
		{Turn -114.539}
		{Extender "inventory"
			{box
				{clear}
				{item "ammo rifle" 75 {cell 4 0}}
				{item "grenade m61" {cell 5 0}}
				{item "grenade m61" {cell 6 0}}
				{item "grenade n73at" {cell 4 1}}
				{item "grenade smoke" {cell 7 0}}
				{item "bandage" 5 {cell 6 1}}
			}
		}
		{Player 1}
		{MID 88}
		{Weaponry
			{State
				{Mounted "m1_carbine"}
				{Weapon
					{Ammo "ammo rifle" 15}
				}
			}
		}
		{NameId 102 3}
		{Cover
			{sector 2420.06 3672.9 {type "look_left"}
				{wall 0 0 2414.78 3683 2463.12 3660.93}
			}
		}
		{FsmState "stand"}
	}
	{Human "ger.tank_crew" 0x8058
		{Position 4501.6 6482.06 36.4114}
		{Orientation
			 -0.310174  -0.932218  -0.186443
			 -0.950680   0.304150   0.060831
			  0.000001  -0.196116   0.980581
		}
		{Extender "inventory"
			{box
				{clear}
				{item "grenade m39" {cell 2 0}}
				{item "ammo pistol" 50 {cell 0 0}}
				{item "mp38" filling "ammo pistol" 32 {cell 3 0}}
			}
			{armor "head"
				{Item "tank_cap2_ger"}
			}
		}
		{Player 4}
		{MID 89}
		{NameId 11 126}
		{LastItem "mp38"}
		{FsmState "board"}
	}
	{Human "ger.tank_crew" 0x8059
		{Position 4501.6 6482.06 36.4114}
		{Orientation
			 -0.310174  -0.932218  -0.186443
			 -0.950680   0.304150   0.060831
			  0.000001  -0.196116   0.980581
		}
		{Extender "inventory"
			{box
				{clear}
				{item "ammo pistol" 24 {cell 0 0}}
				{item "luger" filling "ammo pistol" 8 {cell 2 0}}
			}
			{armor "body"
				{Removed}
			}
		}
		{Player 4}
		{MID 90}
		{NameId 21 98}
		{LastItem "luger"}
		{FsmState "board"}
	}
	{Human "ger.crewtank" 0x805a
		{Position 3044.53 6444.66 45.7157}
		{Orientation
			  0.398221  -0.886152   0.236807
			  0.895308   0.431691   0.109851
			 -0.199572   0.168270   0.965287
		}
		{Extender "inventory"
			{box
				{clear}
				{item "ammo pistol" 24 {cell 0 0}}
				{item "valter" filling "ammo pistol" 8 {cell 2 0}}
			}
		}
		{DisableObstacles}
		{Player 4}
		{MID 91}
		{NameId 132 116}
		{LastItem "valter"}
		{FsmState "board"}
	}
	{Human "usa.infantry_smg" 0x805b
		{Position 5883.86 2784.76 31}
		{Turn -155.293}
		{Player 1}
		{MID 92}
		{NameId 69 68}
		{FsmState "stand"}
	}
	{Human "ger.ofitank" 0x805c
		{Position 3039.84 6466.75 52.0594}
		{Orientation
			  0.444529  -0.881700  -0.158109
			  0.895308   0.431691   0.109851
			 -0.028601  -0.190388   0.981292
		}
		{DisableObstacles}
		{Player 4}
		{MID 93}
		{NameId 123 102}
		{LastItem "valter"}
		{FsmState "board"}
	}
	{Human "x.a.tankman" 0x805d
		{Position 5813.61 2728.31 31}
		{Orientation
			  0.661930   0.749566  -0.000000
			  0.749566  -0.661930   0.000000
			 -0.000000   0.000000   1.000000
		}
		{Extender "inventory"
			{box
				{clear}
				{item "ammo pistol" 28 {cell 2 0}}
				{item "colt" filling "ammo pistol" 7 {cell 0 0}}
			}
		}
		{Player 1}
		{MID 94}
		{NameId 69 66}
		{LastItem "colt"}
		{FsmState "board"}
	}
	{Human "ger.crewtank" 0x805e
		{Position 2143.69 6465.32 47.6381}
		{Orientation
			 -0.453311  -0.878113  -0.153060
			 -0.890382   0.438080   0.123715
			  0.041584  -0.192363   0.980442
		}
		{Player 4}
		{MID 95}
		{NameId 100 52}
		{LastItem "mp40"}
		{FsmState "board"}
	}
	{Human "x.a.automatic_rifle" 0x805f
		{Position 2339.56 3667.18 29}
		{Turn -31.4174}
		{Extender "inventory"
			{box
				{clear}
				{item "ammo rifle" 75 {cell 4 0}}
				{item "grenade m61" {cell 5 0}}
				{item "grenade m61" {cell 6 0}}
				{item "grenade n73at" {cell 4 1}}
				{item "grenade smoke" {cell 7 0}}
				{item "bandage" 5 {cell 6 1}}
