;Exported by: ubrashaev
;Date:        Mon Apr 19 11:45:41 2004
;File:        D:\-Projects-\-work-\3d\construction\city\Административное здание_x.max
{Skeleton
	{animation
		{sequence "crush" {speed 0.4}}
	}
	{bone "office_block_w1"
		{parameters "CommonMesh;"}
		{Orientation
			1.0000	0.0000	0.0000
			0.0000	-1.0000	0.0000
			0.0000	0.0000	1.0000
		}
		{VolumeView "office_block_w1.ply"}
		{bone "Piece2"
			{Matrix34
				1.0000	0.0000	0.0000
				0.0000	-0.0000	1.0000
				0.0000	-1.0000	-0.0000
				45.7825	41.2633	121.8799
			}
			{VolumeView "Piece2.ply"}
		}
		{bone "Piece3"
			{Matrix34
				1.0000	0.0000	0.0000
				0.0000	-0.0000	1.0000
				0.0000	-1.0000	-0.0000
				-4.7595	41.2633	114.5670
			}
			{VolumeView "Piece3.ply"}
		}
		{bone "Piece5"
			{Matrix34
				1.0000	0.0000	0.0000
				0.0000	-0.0000	1.0000
				0.0000	-1.0000	-0.0000
				27.9498	41.2633	102.5214
			}
			{VolumeView "Piece5.ply"}
		}
		{bone "Piece6"
			{Matrix34
				1.0000	0.0000	0.0000
				0.0000	-0.0000	1.0000
				0.0000	-1.0000	-0.0000
				24.9961	41.2633	69.7168
			}
			{VolumeView "Piece6.ply"}
		}
		{bone "Piece7"
			{Matrix34
				1.0000	0.0000	0.0000
				0.0000	-0.0000	1.0000
				0.0000	-1.0000	-0.0000
				-1.6125	41.2633	72.7684
			}
			{VolumeView "Piece7.ply"}
		}
		{bone "Piece8"
			{Matrix34
				1.0000	0.0000	0.0000
				0.0000	-0.0000	1.0000
				0.0000	-1.0000	-0.0000
				-38.7085	41.2633	74.1988
			}
			{VolumeView "Piece8.ply"}
		}
		{bone "Piece4"
			{Matrix34
				1.0000	0.0000	0.0000
				0.0000	-0.0000	1.0000
				0.0000	-1.0000	-0.0000
				-47.2911	41.2633	122.3568
			}
			{VolumeView "Piece4.ply"}
		}
		{bone "Piece0"
			{Position 17.6507	-21.6905	86.8820}
			{VolumeView "Piece0.ply"}
		}
		{bone "Piece1"
			{Position 3.8231	-21.6905	111.5808}
			{VolumeView "Piece1.ply"}
		}
	}
}
{Volume "Piece1"
	{Box 17.7938 5.90551 32.0417}
	{Bone "Piece1"}
	{Matrix34
		0.8660	0.0000	-0.5000
		0.0000	1.0000	0.0000
		0.5000	0.0000	0.8660
		-0.9652	0.0000	0.6800
	}
}
{Volume "Piece0"
	{Box 18.5041 5.90551 28.3436}
	{Bone "Piece0"}
	{Matrix34
		0.9397	0.0000	0.3420
		0.0000	1.0000	0.0000
		-0.3420	0.0000	0.9397
		2.4343	-0.0000	-0.0929
	}
}
{Volume "Piece4"
	{Box 26.9112 10.8713 10.381}
	{Bone "Piece4"}
	{Position -0.0000	-0.0000	0.1190}
}
{Volume "Piece8"
	{Box 20.8175 26.1577 13.528}
	{Bone "Piece8"}
	{Position 1.7830	-0.0000	-0.7329}
}
{Volume "Piece7"
	{Box 29.507 17.7698 13.3589}
	{Bone "Piece7"}
	{Position 0.0000	0.0000	-2.4491}
}
{Volume "Piece6"
	{Box 16.0244 33.2338 12.0061}
	{Bone "Piece6"}
	{Matrix34
		0.9659	-0.2588	0.0000
		0.2588	0.9659	0.0000
		0.0000	0.0000	1.0000
		-0.8645	0.6435	-1.1022
	}
}
{Volume "Piece5"
	{Box 17.1938 34.9431 10.3976}
	{Bone "Piece5"}
	{Position 0.1096	0.6280	0.1477}
}
{Volume "Piece3"
	{Box 23.173 27.2138 9.84252}
	{Bone "Piece3"}
	{Position -1.9491	-0.0000	0.0000}
}
{Volume "Piece2"
	{Box 27.8025 11.8249 10.3976}
	{Bone "Piece2"}
	{Position 0.5696	-0.0000	0.1477}
}
