{mission
	{Camera
		{Position 3801.32 3517.03}
		{Distance 1200}
		{ViewAngle 0.539889}
		{YawAngle -24.6938}
	}
	{Environment "winter_day_snow"}
	{User 2}
	{GameProgress 0 0}
	{Human "ger.hans" 0x8000
		{Position 3926.9 4066.36 309.674}
		{Turn -30.2312}
		{TexMod "2"}
		{Extender "inventory"
			{box
				{clear}
				{item "grenade m24x5" {cell 0 0}}
				{item "grenade m24x5" {cell 2 0}}
				{item "g41" {cell 0 2}}
				{item "grenade m24" {cell 4 0}}
				{item "grenade m24" {cell 6 0}}
				{item "grenade m18" {cell 0 1}}
				{item "grenade m18" {cell 1 1}}
				{item "grenade m18" {cell 2 1}}
				{item "grenade m18" {cell 3 1}}
				{item "grenade molotov_coctail" {cell 4 1}}
				{item "grenade molotov_coctail" {cell 6 1}}
				{item "morphine" 5 {cell 4 2}}
				{item "ammo rifle" 100 {cell 7 2}}
				{item "ammo rifle" 100 {cell 6 2}}
				{item "ammo rifle" 100 {cell 7 3}}
				{item "ammo rifle" 100 {cell 6 3}}
			}
			{armor "head"
				{Item "helmet4_ger"}
			}
		}
		{Player 2}
		{MID 1}
		{NameId 132 114}
		{FsmState "stand"}
	}
	{Human "ger.franz" 0x8001
		{Position 3949.56 3974.92 320.082}
		{Turn -38.3742}
		{TexMod "2"}
		{Extender "inventory"
			{box
				{clear}
				{item "ammo pistol" 96 {cell 6 0}}
				{item "mp40" filling "ammo pistol" 32 {cell 0 0}}
				{item "grenade m24" {cell 6 1}}
				{item "ammo pistol" 96 {cell 4 0}}
			}
			{armor "head"
				{Item "helmet4_ger"}
			}
			{armor "body"
				{Item "mp-ammo-holder"}
			}
		}
		{Player 2}
		{MID 2}
		{NameId 2 2}
		{FsmState "lie"}
	}
	{Human "ger.friedrich" 0x8002
		{Position 4024.66 3987.19 308.096}
		{Turn 115.181}
		{TexMod "2"}
		{Extender "inventory"
			{box
				{clear}
				{item "ammo mgun" 100 {cell 6 1}}
				{item "mg34" filling "ammo mgun" 100 {cell 0 0}}
				{item "ammo mgun" 100 {cell 6 0}}
			}
			{armor "head"
				{Item "helmet1_ger"}
			}
			{armor "body"
				{Item "rifle-ammo-holder2"}
			}
		}
		{Player 2}
		{MID 3}
		{NameId 3 3}
		{FsmState "squat"}
	}
	{Human "ger.hans" 0x8003
		{Position 3972.17 4090.85 302}
		{Turn -96.881}
		{TexMod "2"}
		{Extender "inventory"
			{box
				{clear}
				{item "ammo rifle" 35 {cell 7 0}}
				{item "mauzer" filling "ammo rifle" 5 {cell 0 0}}
				{item "knife_ger" {cell 5 0}}
				{item "grenade m24" {cell 6 1}}
			}
			{armor "head"
				{Item "helmet4_ger"}
			}
			{armor "body"
				{Item "rifle-ammo-holder"}
			}
		}
		{Player 2}
		{MID 4}
		{NameId 4 4}
		{FsmState "squat"}
	}
	{Human "ger.karl" 0x8004
		{Position 4025.67 4069.84 300.991}
		{Turn -105.944}
		{TexMod "2"}
		{Extender "inventory"
			{box
				{clear}
				{item "ammo pistol" 96 {cell 6 0}}
				{item "mp40" filling "ammo pistol" 32 {cell 0 0}}
				{item "ammo pistol" 96 {cell 4 0}}
				{item "grenade m24" {cell 6 1}}
			}
			{armor "head"
				{Item "helmet4_ger"}
			}
			{armor "body"
				{Item "mp-ammo-holder"}
			}
		}
		{Player 2}
		{MID 5}
		{NameId 5 5}
		{FsmState "squat"}
	}
	{Human "ger.otto" 0x8005
		{Position 4062.15 4017.15 299.07}
		{Turn -148.893}
		{TexMod "2"}
		{Extender "inventory"
			{box
				{clear}
				{item "ammo pistol" 96 {cell 6 0}}
				{item "mp40" filling "ammo pistol" 32 {cell 0 0}}
				{item "grenade m24" {cell 6 1}}
				{item "ammo pistol" 96 {cell 4 0}}
			}
			{armor "head"
				{Item "helmet4_ger"}
			}
			{armor "body"
				{Item "mp-ammo-holder"}
			}
		}
		{Player 2}
		{MID 6}
		{NameId 6 6}
		{FsmState "squat"}
	}
	{Entity "box_wood" 0x8006
		{Position 3974.8 4034.94 307.026}
		{Turn 10.5226}
		{TexMod "med"}
		{Scale 0.8}
		{Extender "inventory"
			{box
				{clear}
				{item "repair_kit" {cell 0 0}}
				{item "morphine" 20 {cell 2 0}}
				{item "plant" 10 {cell 4 0}}
				{item "grenade smoke" 10 {cell 6 0}}
				{item "grenade m18" 10 {cell 7 0}}
				{item "grenade an_m14" 10 {cell 0 2}}
				{item "grenade m24x5" 10 {cell 2 2}}
				{item "ammo bazooka" 50 {cell 4 2}}
				{item "weapon panzershreck" {cell 0 3}}
				{item "weapon panzerfaust" 5 filling "ammo panzerfaust" {cell 0 5}}
				{item "weapon mortar_50mm" filling "grenade 50mm_mine" {cell 6 2}}
				{item "ammo mgun" 1000 {cell 6 1}}
				{item "grenade 50mm_mine" 50 {cell 6 5}}
				{item "ammo rifle" 1000 {cell 5 5}}
				{item "ammo rifle" 1000 {cell 5 4}}
				{item "grenade gr31" 50 {cell 5 3}}
			}
		}
	}
	{Entity "box_wood" 0x8007
		{Position 3992.06 4017.19 307.298}
		{Turn -82.7661}
		{Scale 0.75}
		{Extender "inventory"
			{box
				{clear}
				{item "weapon rifle_m18" filling "ammo m18" {cell 0 2}}
				{item "weapon piat" filling "ammo piat" {cell 0 4}}
				{item "ammo piat" 50 {cell 5 2}}
				{item "ammo pistol" 1640 {cell 5 5}}
				{item "pzb39" {cell 0 0}}
				{item "ammo rifle" 1000 {cell 7 5}}
				{item "ammo m18" 50 {cell 5 4}}
				{item "ammo ptr" 250 {cell 5 3}}
			}
		}
	}
	{Entity "box_wood" 0x8008
		{Position 4003.2 4036.22 304.058}
		{Turn -40.7326}
		{Scale 0.75}
		{Extender "inventory"
			{box
				{clear}
				{item "dynamite" {cell 0 0}}
				{item "mine antipersonnel" {cell 2 0}}
				{item "mine antipersonnel" {cell 2 1}}
				{item "mine antipersonnel" {cell 4 0}}
				{item "mine antipersonnel" {cell 4 1}}
				{item "shotgun" filling "ammo cartuchos" 2 {cell 5 4}}
				{item "ammo cartuchos" 24 {cell 3 5}}
				{item "matchbox" 8 {cell 2 5}}
				{item "grenade smoke" {cell 2 4}}
				{item "grenade smoke" {cell 3 4}}
				{item "grenade m24x5" {cell 0 2}}
				{item "grenade m24" {cell 6 2}}
				{item "grenade m24x5" {cell 0 3}}
				{item "grenade m24" {cell 6 1}}
				{item "grenade m24" {cell 6 0}}
				{item "grenade m24" {cell 6 3}}
				{item "grenade molotov_coctail" 50 {cell 0 4}}
				{item "grenade molotov_coctail" 50 {cell 0 5}}
				{item "grenade smoke" {cell 4 4}}
				{item "mine antipersonnel" {cell 2 2}}
				{item "mine antipersonnel" {cell 4 2}}
				{item "tnt" {cell 2 3}}
				{item "tnt" {cell 4 3}}
			}
		}
	}
	{Entity "flag_rus" 0x8009
		{Position -1327.21 4180.29 209.992}
		{Turn 51.6166}
	}
	{Entity "flag_rus" 0x800a
		{Position 2862.36 -4496.59 225}
		{Turn 51.6166}
	}
	{Entity "watch-tower_armed" 0x800b
		{Position 4441.77 -3405.03 225}
		{Turn 134.839}
	}
	{Entity "degtyarev_tower" 0x800c
		{Position 4432.54 -3397.61 346.349}
		{Orientation
			 -0.705117   0.709091   0.000000
			 -0.709091  -0.705117   0.000000
			  0.000000   0.000000   1.000000
		}
		{DisableObstacles}
		{Player 1}
		{MID 7}
	}
	{Entity "watch-tower_armed" 0x800d
		{Position 2432.84 -4104.98 225}
		{Turn 109.01}
	}
	{Entity "degtyarev_tower" 0x800e
		{Position 2427.77 -4094.28 346.349}
		{Orientation
			 -0.325733   0.945462   0.000000
			 -0.945462  -0.325733   0.000000
			  0.000000   0.000000   1.000000
		}
		{DisableObstacles}
		{Player 1}
		{MID 8}
	}
	{Entity "watch-tower_armed" 0x800f
		{Position 2236.36 -4631.97 225}
		{Turn 179.567}
	}
	{Entity "degtyarev_tower" 0x8010
		{Position 2224.58 -4633.19 346.349}
		{Orientation
			 -0.999971   0.007557   0.000000
			 -0.007557  -0.999971   0.000000
			  0.000000   0.000000   1.000000
		}
		{DisableObstacles}
		{Player 1}
		{MID 9}
	}
	{Entity "coal_wagon3" 0x8011
		{Position 667.11 -619.743 -9}
		{Turn 56.0144}
		{TexMod "sand"}
		{Volume "link1"
			{Able {visible 0}{bullet 0}{overlap 1}{obstacle 0}{contact 0}{contact_ground 0}{blast 0}{select 0}{touch 1}}
		}
		{Volume "link2"
			{Able {visible 0}{bullet 0}{obstacle 0}{contact 0}{contact_ground 0}{blast 0}{select 0}{touch 1}}
		}
		{Player 0}
		{MID 10}
		{Chassis
			{Links 11}
		}
	}
	{Entity "coal_wagon2" 0x8012
		{Position 555.452 -786.776 -9}
		{Turn 56.3075}
		{Volume "link1"
			{Able {visible 0}{bullet 0}{obstacle 0}{contact 0}{contact_ground 0}{blast 0}{select 0}{touch 1}}
		}
		{Volume "link2"
			{Able {visible 0}{bullet 0}{overlap 1}{obstacle 0}{contact 0}{contact_ground 0}{blast 0}{select 0}{touch 1}}
		}
		{Player 0}
		{MID 11}
		{Chassis
			{Links 10}
		}
	}
	{Entity "coal_wagon1" 0x8013
		{Position 1125.1 -885.143 -9}
		{Turn 142.743}
		{TexMod "sand"}
		{Volume "link1"
			{Able {visible 0}{bullet 0}{overlap 1}{obstacle 0}{contact 0}{contact_ground 0}{blast 0}{select 0}{touch 1}}
		}
		{Volume "link2"
			{Able {visible 0}{bullet 0}{overlap 1}{obstacle 0}{contact 0}{contact_ground 0}{blast 0}{select 0}{touch 1}}
		}
		{Player 0}
		{MID 12}
	}
	{Entity "steam_locomotive" 0x8014
		{Position -1290.39 -3935.12 -9}
		{Turn 56.3075}
		{TexMod "1"}
		{Volume "link1"
			{Able {visible 0}{bullet 0}{obstacle 0}{contact 0}{contact_ground 0}{blast 0}{select 0}{touch 1}}
		}
		{Volume "link2"
			{Able {visible 0}{bullet 0}{obstacle 0}{contact 0}{contact_ground 0}{blast 0}{select 0}{touch 1}}
		}
		{Player 1}
		{MID 13}
		{Chassis
			{Locomotive 1}
			{MaxSpeed 3}
			{Links 14 15}
		}
	}
	{Entity "tendor" 0x8015
		{Position -1418.66 -4127.51 -9}
		{Turn 56.3075}
		{TexMod "1"}
		{Volume "link1"
			{Able {visible 0}{bullet 0}{obstacle 0}{contact 0}{contact_ground 0}{blast 0}{select 0}{touch 1}}
		}
		{Volume "link2"
			{Able {visible 0}{bullet 0}{obstacle 0}{contact 0}{contact_ground 0}{blast 0}{select 0}{touch 1}}
		}
		{Player 1}
		{MID 14}
		{Chassis
			{Links 19 13}
		}
	}
	{Entity "platform_can" 0x8016
		{Position -1170.38 -3752.16 -9}
		{Turn -123.692}
		{Volume "link1"
			{Able {visible 0}{bullet 0}{obstacle 0}{contact 0}{contact_ground 0}{blast 0}{select 0}{touch 1}}
		}
		{Volume "link2"
			{Able {visible 0}{bullet 0}{overlap 1}{obstacle 0}{contact 0}{contact_ground 0}{blast 0}{select 0}{touch 1}}
		}
		{Player 1}
		{MID 15}
		{Chassis
			{Links 13}
		}
	}
	{Entity "degtyarev_stan" 0x8017
		{Position -1130.99 -3700.28 14.646}
		{Orientation
			  0.554730   0.832044  -0.002400
			 -0.832035   0.554724   0.000000
			  0.001331   0.001997   1.000012
		}
		{DisableObstacles}
		{Player 1}
		{MID 16}
	}
	{Entity "degtyarev_stan" 0x8018
		{Position -1183.62 -3811.37 14.8778}
		{Orientation
			  0.363411  -0.931688   0.000023
			  0.931632   0.363334   0.000066
			  0.000000   0.000000   1.000006
		}
		{DisableObstacles}
		{Player 1}
		{MID 17}
	}
	{Entity "degtyarev_stan" 0x8019
		{Position -1210.06 -3782.36 15.1089}
		{Orientation
			 -0.988501   0.151126  -0.000014
			 -0.151131  -0.988504   0.000025
			  0.000000   0.000000   1.000006
		}
		{DisableObstacles}
		{Player 1}
		{MID 18}
	}
	{Entity "tradevan3" 0x801a
		{Position -1530.38 -4296.04 -9}
		{Turn -123.692}
		{Volume "link1"
			{Able {visible 0}{bullet 0}{obstacle 0}{contact 0}{contact_ground 0}{blast 0}{select 0}{touch 1}}
		}
		{Volume "link2"
			{Able {visible 0}{bullet 0}{obstacle 0}{contact 0}{contact_ground 0}{blast 0}{select 0}{touch 1}}
		}
		{Player 1}
		{MID 19}
		{Chassis
			{Links 20 14}
		}
	}
	{Entity "tradevan4" 0x801b
		{Position -1632.35 -4447.04 -9}
		{Turn 56.3075}
		{Volume "link1"
			{Able {visible 0}{bullet 0}{obstacle 0}{contact 0}{contact_ground 0}{blast 0}{select 0}{touch 1}}
		}
		{Volume "link2"
			{Able {visible 0}{bullet 0}{obstacle 0}{contact 0}{contact_ground 0}{blast 0}{select 0}{touch 1}}
		}
		{Player 1}
		{MID 20}
		{Chassis
			{Links 21 19}
		}
	}
	{Entity "platform_can" 0x801c
		{Position -1748.39 -4619.58 -9}
		{Turn -123.37}
		{Volume "link1"
			{Able {visible 0}{bullet 0}{overlap 1}{obstacle 0}{contact 0}{contact_ground 0}{blast 0}{select 0}{touch 1}}
		}
		{Volume "link2"
			{Able {visible 0}{bullet 0}{obstacle 0}{contact 0}{contact_ground 0}{blast 0}{select 0}{touch 1}}
		}
		{Player 1}
		{MID 21}
		{Chassis
			{Links 20}
		}
	}
	{Human "rus.infantry_smg" 0x801d
		{Position -1196.01 -3784.74 15.1091}
		{Turn 171.308}
		{Extender "inventory"
			{box
				{clear}
				{item "ppsh" filling "ammo pistol" 71 {cell 0 0}}
				{item "ammo pistol" 71 {cell 6 0}}
			}
		}
		{DisableObstacles}
		{Player 1}
		{MID 22}
		{NameId 38 61}
		{FsmState "board"}
	}
	{Human "rus.infantry_smg" 0x801e
		{Position -1188.59 -3798.01 14.8774}
		{Turn -68.6914}
		{Extender "inventory"
			{box
				{clear}
				{item "ppsh" filling "ammo pistol" 71 {cell 0 0}}
				{item "ammo pistol" 71 {cell 6 0}}
			}
		}
		{DisableObstacles}
		{Player 1}
		{MID 23}
		{NameId 32 12}
		{FsmState "board"}
	}
	{Human "rus.infantry_smg" 0x801f
		{Position -1139.08 -3712.01 14.6802}
		{Turn 56.3083}
		{Extender "inventory"
			{box
				{clear}
				{item "ppsh" filling "ammo pistol" 71 {cell 0 0}}
				{item "ammo pistol" 71 {cell 6 0}}
			}
		}
		{DisableObstacles}
		{Player 1}
		{MID 24}
		{NameId 40 99}
		{FsmState "board"}
	}
	{Entity "m1939-61k" 0x8020
		{Position -1749.6 -4625.8 14.5985}
		{Orientation
			 -0.550040  -0.835145   0.000000
			  0.835140  -0.550037   0.000000
			  0.000000   0.000000   1.000006
		}
		{DisableObstacles}
		{Player 1}
		{MID 25}
	}
	{Human "rus.infantry_smg" 0x8021
		{Position -1752.8 -4613.01 17.897}
		{Orientation
			 -0.247437  -0.906202   0.342202
			  0.948421  -0.298591  -0.104701
			  0.197165   0.298817   0.933705
		}
		{Extender "inventory"
			{box
				{clear}
				{item "ppsh" filling "ammo pistol" 71 {cell 0 0}}
				{item "ammo pistol" 71 {cell 6 0}}
			}
		}
		{DisableObstacles}
		{Player 1}
		{MID 26}
		{NameId 87 22}
		{FsmState "board"}
	}
	{Human "rus.infantry_smg" 0x8022
		{Position -1733.96 -4623.25 17.897}
		{Orientation
			 -0.513990  -0.779500   0.358002
			  0.834810  -0.550538  -0.000100
			  0.197165   0.298817   0.933705
		}
		{Extender "inventory"
			{box
				{clear}
				{item "ppsh" filling "ammo pistol" 71 {cell 0 0}}
				{item "ammo pistol" 71 {cell 6 0}}
			}
		}
		{DisableObstacles}
		{Player 1}
		{MID 27}
		{NameId 6 40}
		{FsmState "board"}
	}
	{Human "rus.specnaz2" 0x8023
		{Position -1502.2 -4265.7 23.9793}
		{Orientation
			  0.791234  -0.608169   0.064300
			  0.610471   0.791623  -0.025700
			 -0.035277   0.059576   0.997600
		}
		{TexMod "2"}
		{Extender "inventory"
			{box
				{clear}
				{item "ammo pistol" 71 {cell 6 0}}
				{item "ppsh" filling "ammo pistol" 71 {cell 0 0}}
			}
			{armor "head"
				{Item "rus_wintercap"}
			}
		}
		{DisableObstacles}
		{Player 1}
		{MID 28}
		{NameId 38 62}
		{LastItem "ppsh"}
		{FsmState "board"}
	}
	{Human "rus.specnaz2" 0x8024
		{Position -1514.84 -4255.37 23.9516}
		{Orientation
			 -0.793842   0.604979   0.062100
			 -0.605700  -0.795644   0.009300
			  0.054998  -0.030177   0.998000
		}
		{TexMod "2"}
		{Extender "inventory"
			{box
				{clear}
				{item "ammo pistol" 71 {cell 6 0}}
				{item "ppsh" filling "ammo pistol" 71 {cell 0 0}}
			}
			{armor "head"
				{Item "rus_wintercap"}
			}
		}
		{DisableObstacles}
		{Player 1}
		{MID 29}
		{NameId 32 13}
		{LastItem "ppsh"}
		{FsmState "board"}
	}
	{Human "rus.specnaz2" 0x8025
		{Position -1641.17 -4478.31 24.8235}
		{Orientation
			  0.866089  -0.465430   0.182300
			  0.470423   0.882231   0.017400
			 -0.168875   0.070648   0.983100
		}
		{TexMod "2"}
		{Extender "inventory"
			{box
				{clear}
				{item "ammo pistol" 71 {cell 6 0}}
				{item "ppsh" filling "ammo pistol" 71 {cell 0 0}}
			}
			{armor "head"
				{Item "rus_wintercap"}
			}
		}
		{DisableObstacles}
		{Player 1}
		{MID 30}
		{NameId 40 0}
		{LastItem "ppsh"}
		{FsmState "board"}
	}
	{Human "rus.specnaz2" 0x8026
		{Position -1647.89 -4487.71 23.9516}
		{Orientation
			  0.793833  -0.604990   0.062100
			  0.605711   0.795636   0.009300
			 -0.054997   0.030178   0.998000
		}
		{TexMod "2"}
		{Extender "inventory"
			{box
				{clear}
				{item "grenade rgd33" {cell 6 0}}
				{item "ammo pistol" 71 {cell 6 1}}
				{item "ppsh" filling "ammo pistol" 71 {cell 0 0}}
			}
			{armor "head"
				{Item "rus_wintercap"}
			}
		}
		{DisableObstacles}
		{Player 1}
		{MID 31}
		{NameId 87 23}
		{LastItem "ppsh"}
		{FsmState "board"}
	}
	{Human "rus.specnaz2" 0x8027
		{Position -1667.31 -4486.77 24.4461}
		{Orientation
			 -0.866699   0.465597   0.179000
			 -0.475998  -0.879235  -0.017400
			  0.149293  -0.100379   0.983700
		}
		{TexMod "2"}
		{Extender "inventory"
			{box
				{clear}
				{item "grenade rgd33" {cell 6 0}}
				{item "ammo pistol" 71 {cell 6 1}}
				{item "ppsh" filling "ammo pistol" 71 {cell 0 0}}
			}
			{armor "head"
				{Item "rus_wintercap"}
			}
		}
		{DisableObstacles}
		{Player 1}
		{MID 32}
		{NameId 6 41}
		{LastItem "ppsh"}
		{FsmState "board"}
	}
	{Human "rus.specnaz2" 0x8028
		{Position -1673.89 -4495.74 23.6361}
		{Orientation
			 -0.743104   0.643761   0.182800
			 -0.657102  -0.753560  -0.017400
			  0.126549  -0.133050   0.983000
		}
		{TexMod "2"}
		{Extender "inventory"
			{box
				{clear}
				{item "ammo pistol" 71 {cell 6 0}}
				{item "ppsh" filling "ammo pistol" 71 {cell 0 0}}
			}
			{armor "head"
				{Item "rus_wintercap"}
			}
		}
		{DisableObstacles}
		{Player 1}
		{MID 33}
		{NameId 43 27}
		{LastItem "ppsh"}
		{FsmState "board"}
	}
	{Human "rus.specnaz2" 0x8029
		{Position -1660.52 -4477.39 23.9793}
		{Orientation
			 -0.791226   0.608179   0.064300
			 -0.610481  -0.791614  -0.025700
			  0.035276  -0.059576   0.997600
		}
		{TexMod "2"}
		{Extender "inventory"
			{box
				{clear}
				{item "ammo pistol" 71 {cell 6 0}}
				{item "ppsh" filling "ammo pistol" 71 {cell 0 0}}
			}
			{armor "head"
				{Item "rus_wintercap"}
			}
		}
		{DisableObstacles}
		{Player 1}
		{MID 34}
		{NameId 52 49}
		{LastItem "ppsh"}
		{FsmState "board"}
	}
	{Human "rus.specnaz2" 0x802a
		{Position -1621.28 -4417.73 25.1917}
		{Orientation
			 -0.830697   0.526806   0.180200
			 -0.538178  -0.842705  -0.017500
			  0.142664  -0.111584   0.983500
		}
		{TexMod "2"}
		{Extender "inventory"
			{box
				{clear}
				{item "ammo pistol" 70 {cell 6 0}}
				{item "pps" filling "ammo pistol" 35 {cell 0 0}}
			}
			{armor "body"
				{Removed}
			}
		}
		{DisableObstacles}
		{Player 1}
		{MID 35}
		{NameId 68 41}
		{LastItem "pps"}
		{FsmState "board"}
	}
	{Human "rus.specnaz2" 0x802b
		{Position -1658.44 -4504.56 23.6577}
		{Orientation
			  0.866089  -0.465430   0.182300
			  0.470423   0.882231   0.017400
			 -0.168875   0.070648   0.983100
		}
		{TexMod "2"}
		{Extender "inventory"
			{box
				{clear}
				{item "ammo rifle" 30 {cell 7 0}}
				{item "bandage" 3 {cell 5 0}}
				{item "svtautomatic" filling "ammo rifle" 10 {cell 0 0}}
			}
			{armor "body"
				{Removed}
			}
		}
		{DisableObstacles}
		{Player 1}
		{MID 36}
		{NameId 43 13}
		{LastItem "svtautomatic"}
		{FsmState "board"}
	}
	{Human "rus.specnaz2" 0x802c
		{Position -1634.63 -4469.27 24.4037}
		{Orientation
			  0.743520  -0.644399   0.178500
			  0.652387   0.757665   0.017400
			 -0.146464   0.103541   0.983800
		}
		{TexMod "2"}
		{Extender "inventory"
			{box
				{clear}
				{item "ammo rifle" 30 {cell 7 0}}
				{item "grenade rpg40" {cell 5 0}}
				{item "svtautomatic" filling "ammo rifle" 10 {cell 0 0}}
			}
			{armor "body"
				{Removed}
			}
		}
		{DisableObstacles}
		{Player 1}
		{MID 37}
		{NameId 24 52}
		{LastItem "svtautomatic"}
		{FsmState "board"}
	}
	{Human "rus.specnaz2" 0x802d
		{Position -1652.98 -4496.27 24.8159}
		{Orientation
			  0.830475  -0.526779   0.181000
			  0.532826   0.846034   0.017500
			 -0.162413   0.081964   0.983300
		}
		{TexMod "2"}
		{Extender "inventory"
			{box
				{clear}
				{item "ammo pistol" 70 {cell 6 0}}
				{item "grenade rgd33" {cell 6 1}}
				{item "grenade molotov_coctail" {cell 6 2}}
				{item "pps" filling "ammo pistol" 35 {cell 0 0}}
			}
			{armor "body"
				{Removed}
			}
		}
		{DisableObstacles}
		{Player 1}
		{MID 38}
		{NameId 49 49}
		{LastItem "pps"}
		{FsmState "board"}
	}
	{Human "rus.specnaz2" 0x802e
		{Position -1615.76 -4409.45 24.382}
		{Orientation
			 -0.866699   0.465597   0.179000
			 -0.475998  -0.879235  -0.017400
			  0.149293  -0.100379   0.983700
		}
		{TexMod "2"}
		{Extender "inventory"
			{box
				{clear}
				{item "grenade rgd33" {cell 6 0}}
				{item "ammo rifle" 30 {cell 7 1}}
				{item "svtautomatic" filling "ammo rifle" 10 {cell 0 0}}
			}
			{armor "body"
				{Removed}
			}
		}
		{DisableObstacles}
		{Player 1}
		{MID 39}
		{NameId 67 26}
		{LastItem "svtautomatic"}
		{FsmState "board"}
	}
	{Human "rus.specnaz2" 0x802f
		{Position -1626.41 -4426.23 23.9793}
		{Orientation
			 -0.791226   0.608179   0.064300
			 -0.610481  -0.791614  -0.025700
			  0.035276  -0.059576   0.997600
		}
		{TexMod "2"}
		{Extender "inventory"
			{box
				{clear}
				{item "ammo mgun" 47 {cell 6 0}}
				{item "ammo mgun" 47 {cell 6 1}}
				{item "weapon dp" filling "ammo mgun" 47 {cell 0 0}}
			}
			{armor "head"
				{Item "helmet1_rus"}
			}
		}
		{DisableObstacles}
		{Player 1}
		{MID 40}
		{NameId 57 66}
		{LastItem "weapon dp"}
		{FsmState "board"}
	}
	{Human "rus.specnaz2" 0x8030
		{Position -1655.39 -4468.89 25.1917}
		{Orientation
			 -0.830697   0.526806   0.180200
			 -0.538178  -0.842705  -0.017500
			  0.142664  -0.111584   0.983500
		}
		{TexMod "2"}
		{Extender "inventory"
			{box
				{clear}
				{item "ammo mgun" 47 {cell 6 0}}
				{item "ammo mgun" 47 {cell 6 1}}
				{item "weapon dp" filling "ammo mgun" 47 {cell 0 0}}
			}
			{armor "head"
				{Item "helmet1_rus"}
			}
		}
		{DisableObstacles}
		{Player 1}
		{MID 41}
		{NameId 70 74}
		{LastItem "weapon dp"}
		{FsmState "board"}
	}
	{Human "rus.tankman" 0x8031
		{Position -1337.26 -4045.46 29.4949}
		{Turn 56.3075}
		{DisableObstacles}
		{Player 1}
		{MID 42}
		{NameId 38 63}
		{FsmState "board"}
	}
	{Entity "m3a1-ll" 0x8032
		{Position -2133.53 -4652.89 -9}
		{Turn 56.5877}
		{TexMod "winter"}
		{Extender "inventory"
			{box
				{clear}
				{item "ammo mgun" 300 {cell 3 0}}
			}
		}
		{Player 1}
		{MID 43}
	}
	{Entity "m3a1-ll" 0x8033
		{Position -2132.9 -4658.95 -9}
		{Turn 56.3619}
		{TexMod "winter"}
		{Extender "inventory"
			{box
				{clear}
				{item "ammo mgun" 300 {cell 3 0}}
			}
		}
		{Player 1}
		{MID 44}
	}
	{Entity "t-60" 0x8034
		{Position -2132.03 -4649.21 -9}
		{Turn 55.7099}
		{TexMod "winter"}
		{Player 1}
		{MID 45}
	}
	{Entity "zis-42" 0x8035
		{Position -2125.59 -4648.43 -9}
		{Turn 56.7208}
		{TexMod "winter"}
		{Extender "inventory"
			{box
				{clear}
				{item 0x8056 "small_box" {cell 0 0}}
			}
		}
		{Player 1}
		{MID 46}
	}
	{Human "rus.tankman" 0x8036
		{Position -2132.03 -4649.21 -9}
		{Orientation
			  0.563383   0.826196  -0.000000
			  0.826196  -0.563383  -0.000000
			  0.000000  -0.000000   1.000000
		}
		{Player 1}
		{MID 47}
		{NameId 38 64}
		{FsmState "board"}
	}
	{Human "rus.tank_com" 0x8037
		{Position -2132.03 -4649.21 -9}
		{Orientation
			  0.563383   0.826196  -0.000000
			  0.826196  -0.563383  -0.000000
			  0.000000  -0.000000   1.000000
		}
		{Player 1}
		{MID 48}
		{NameId 32 14}
		{FsmState "board"}
	}
	{Human "rus.specnaz2" 0x8038
		{Position -2118.45 -4656.77 6.5801}
		{Orientation
			  0.520542   0.782350   0.342000
			 -0.832553   0.553945   0.000000
			 -0.189449  -0.284733   0.939700
		}
		{TexMod "2"}
		{Extender "inventory"
			{box
				{clear}
				{item "ammo pistol" 70 {cell 4 0}}
				{item "grenade rgd33" {cell 6 0}}
				{item "pps" filling "ammo pistol" 35 {cell 0 0}}
			}
		}
		{DisableObstacles}
		{Player 1}
		{MID 49}
		{NameId 40 1}
		{LastItem "pps"}
		{FsmState "board"}
	}
	{Human "rus.specnaz2" 0x8039
		{Position -2136.96 -4654.83 16.637}
		{Turn 66.3593}
		{TexMod "2"}
		{Extender "inventory"
			{box
				{clear}
				{item "ammo pistol" 70 {cell 6 0}}
				{item "pps" filling "ammo pistol" 35 {cell 0 0}}
			}
			{armor "head"
				{Item "helmet1_rus"}
			}
		}
		{DisableObstacles}
		{Player 1}
		{MID 50}
		{NameId 87 24}
		{LastItem "pps"}
		{FsmState "board"}
	}
	{Human "rus.specnaz2" 0x803a
		{Position -2151.49 -4702.22 7.8348}
		{Orientation
			 -0.782350   0.520542   0.342000
			 -0.553945  -0.832553  -0.000000
			  0.284733  -0.189449   0.939700
		}
		{TexMod "2"}
		{Extender "inventory"
			{box
				{clear}
				{item "ammo rifle" 30 {cell 7 0}}
				{item "bandage" 2 {cell 5 0}}
				{item "svtautomatic" filling "ammo rifle" 10 {cell 0 0}}
			}
			{armor "head"
				{Item "helmet1_rus"}
			}
		}
		{DisableObstacles}
		{Player 1}
		{MID 51}
		{NameId 6 42}
		{LastItem "svtautomatic"}
		{FsmState "board"}
	}
	{Human "rus.specnaz2" 0x803b
		{Position -2148.36 -4670.39 7.2048}
		{Orientation
			  0.754543  -0.502041   0.422600
			  0.553945   0.832553   0.000000
			 -0.351837   0.234097   0.906300
		}
		{TexMod "2"}
		{DisableObstacles}
		{Player 1}
		{MID 52}
		{NameId 43 28}
		{LastItem "ppsh"}
		{FsmState "board"}
	}
	{Human "rus.specnaz2" 0x803c
		{Position -2164.02 -4693.92 7.2048}
		{Orientation
			  0.754543  -0.502041   0.422600
			  0.553945   0.832553   0.000000
			 -0.351837   0.234097   0.906300
		}
		{TexMod "2"}
		{Extender "inventory"
			{box
				{clear}
				{item "ammo mgun" 47 {cell 6 0}}
				{item "weapon dp" filling "ammo mgun" 47 {cell 0 0}}
			}
			{armor "body"
				{Removed}
			}
		}
		{DisableObstacles}
		{Player 1}
		{MID 53}
		{NameId 51 91}
		{LastItem "weapon dp"}
		{FsmState "board"}
	}
	{Human "rus.specnaz2" 0x803d
		{Position -2144.04 -4691.02 7.8348}
		{Orientation
			 -0.782350   0.520542   0.342000
			 -0.553945  -0.832553  -0.000000
			  0.284733  -0.189449   0.939700
		}
		{TexMod "2"}
		{Extender "inventory"
			{box
				{clear}
				{item "ammo rifle" 30 {cell 7 0}}
				{item "bandage" 2 {cell 5 0}}
				{item "svtautomatic" filling "ammo rifle" 10 {cell 0 0}}
			}
			{armor "head"
				{Item "helmet1_rus"}
			}
		}
		{DisableObstacles}
		{Player 1}
		{MID 54}
		{NameId 11 23}
		{LastItem "svtautomatic"}
		{FsmState "board"}
	}
	{Human "rus.specnaz2" 0x803e
		{Position -2129.78 -4669.6 7.8348}
		{Orientation
			 -0.782350   0.520542   0.342000
			 -0.553945  -0.832553  -0.000000
			  0.284733  -0.189449   0.939700
		}
		{TexMod "2"}
		{Extender "inventory"
			{box
				{clear}
				{item "ammo pistol" 70 {cell 4 0}}
				{item "grenade rgd33" {cell 6 0}}
				{item "pps" filling "ammo pistol" 35 {cell 0 0}}
			}
			{armor "head"
				{Item "helmet1_rus"}
			}
			{armor "body"
				{Removed}
			}
		}
		{DisableObstacles}
		{Player 1}
		{MID 55}
		{NameId 52 50}
		{LastItem "pps"}
		{FsmState "board"}
	}
	{Human "rus.specnaz2" 0x803f
		{Position -2137.02 -4680.47 7.8348}
		{Orientation
			 -0.782350   0.520542   0.342000
			 -0.553945  -0.832553  -0.000000
			  0.284733  -0.189449   0.939700
		}
		{TexMod "2"}
		{Extender "inventory"
			{box
				{clear}
				{item "ammo pistol" 70 {cell 6 0}}
				{item "pps" filling "ammo pistol" 35 {cell 0 0}}
			}
			{armor "head"
				{Item "helmet1_rus"}
			}
			{armor "body"
				{Removed}
			}
		}
		{DisableObstacles}
		{Player 1}
		{MID 56}
		{NameId 68 42}
		{LastItem "pps"}
		{FsmState "board"}
	}
	{Human "rus.specnaz2" 0x8040
		{Position -2156.19 -4682.15 7.2048}
		{Orientation
			  0.754543  -0.502041   0.422600
			  0.553945   0.832553   0.000000
			 -0.351837   0.234097   0.906300
		}
		{TexMod "2"}
		{Extender "inventory"
			{box
				{clear}
				{item "ammo pistol" 70 {cell 6 0}}
				{item "bandage" 2 {cell 4 0}}
				{item "pps" filling "ammo pistol" 35 {cell 0 0}}
			}
			{armor "body"
				{Removed}
			}
		}
		{DisableObstacles}
		{Player 1}
		{MID 57}
		{NameId 43 14}
		{LastItem "pps"}
		{FsmState "board"}
	}
	{Human "rus.specnaz2" 0x8041
		{Position -2137.61 -4648.79 16.637}
		{Turn 66.5851}
		{TexMod "2"}
		{Extender "inventory"
			{box
				{clear}
				{item "ammo pistol" 70 {cell 6 0}}
				{item "pps" filling "ammo pistol" 35 {cell 0 0}}
			}
			{armor "head"
				{Item "helmet1_rus"}
			}
		}
		{DisableObstacles}
		{Player 1}
		{MID 58}
		{NameId 24 53}
		{LastItem "pps"}
		{FsmState "board"}
	}
	{Human "rus.specnaz2" 0x8042
		{Position -2148.95 -4664.39 7.2048}
		{Orientation
			  0.756516  -0.499063   0.422600
			  0.550660   0.834730  -0.000000
			 -0.352757   0.232709   0.906300
		}
		{TexMod "2"}
		{Extender "inventory"
			{box
				{clear}
				{item "ammo pistol" 70 {cell 4 0}}
				{item "grenade rgd33" {cell 6 0}}
				{item "grenade rgd33" {cell 6 1}}
				{item "ammo pistol" {cell 4 1}}
				{item "bandage" 2 {cell 6 2}}
				{item "ppsh" filling "ammo pistol" 71 {cell 0 0}}
			}
		}
		{DisableObstacles}
		{Player 1}
		{MID 59}
		{NameId 49 50}
		{LastItem "ppsh"}
		{FsmState "board"}
	}
	{Human "rus.specnaz2" 0x8043
		{Position -2151.95 -4696.23 7.8348}
		{Orientation
			 -0.784396   0.517455   0.342000
			 -0.550660  -0.834730   0.000000
			  0.285478  -0.188326   0.939700
		}
		{TexMod "2"}
		{Extender "inventory"
			{box
				{clear}
				{item "ammo pistol" 71 {cell 6 0}}
				{item "ppsh" filling "ammo pistol" 71 {cell 0 0}}
			}
		}
		{DisableObstacles}
		{Player 1}
		{MID 60}
		{NameId 67 27}
		{LastItem "ppsh"}
		{FsmState "board"}
	}
	{Human "rus.specnaz2" 0x8044
		{Position -2137.56 -4674.43 7.8348}
		{Orientation
			 -0.784396   0.517455   0.342000
			 -0.550660  -0.834730   0.000000
			  0.285478  -0.188326   0.939700
		}
		{TexMod "2"}
		{Extender "inventory"
			{box
				{clear}
				{item "ammo pistol" 71 {cell 6 0}}
				{item "ppsh" filling "ammo pistol" 71 {cell 0 0}}
			}
		}
		{DisableObstacles}
		{Player 1}
		{MID 61}
		{NameId 57 67}
		{LastItem "ppsh"}
		{FsmState "board"}
	}
	{Human "rus.specnaz2" 0x8045
		{Position -2119.08 -4650.66 6.5801}
		{Orientation
			  0.517455   0.784396   0.342000
			 -0.834730   0.550660  -0.000000
			 -0.188326  -0.285478   0.939700
		}
		{TexMod "2"}
		{Extender "inventory"
			{box
				{clear}
				{item "ammo pistol" 70 {cell 4 0}}
				{item "pps" filling "ammo pistol" 35 {cell 0 0}}
			}
			{armor "body"
				{Removed}
			}
		}
		{DisableObstacles}
		{Player 1}
		{MID 62}
		{NameId 70 75}
		{LastItem "pps"}
		{FsmState "board"}
	}
	{Human "rus.specnaz2" 0x8046
		{Position -2144.54 -4685.01 7.8348}
		{Orientation
			 -0.784396   0.517455   0.342000
			 -0.550660  -0.834730   0.000000
			  0.285478  -0.188326   0.939700
		}
		{TexMod "2"}
		{Extender "inventory"
			{box
				{clear}
				{item "ammo rifle" 30 {cell 7 0}}
				{item "bandage" {cell 6 1}}
				{item "knife" {cell 5 0}}
				{item "svtautomatic" filling "ammo rifle" 10 {cell 0 0}}
			}
			{armor "head"
				{Item "helmet1_rus"}
			}
		}
		{DisableObstacles}
		{Player 1}
		{MID 63}
		{NameId 62 83}
		{LastItem "svtautomatic"}
		{FsmState "board"}
	}
	{Human "rus.specnaz2" 0x8047
		{Position -2130.37 -4663.53 7.8348}
		{Orientation
			 -0.784396   0.517455   0.342000
			 -0.550660  -0.834730   0.000000
			  0.285478  -0.188326   0.939700
		}
		{TexMod "2"}
		{Extender "inventory"
			{box
				{clear}
				{item "grenade rpg40" {cell 6 0}}
				{item "ammo rifle" 30 {cell 5 0}}
				{item "bandage" {cell 6 1}}
				{item "svtautomatic" filling "ammo rifle" 10 {cell 0 0}}
			}
			{armor "head"
				{Item "helmet1_rus"}
			}
		}
		{DisableObstacles}
		{Player 1}
		{MID 64}
		{NameId 62 53}
		{LastItem "svtautomatic"}
		{FsmState "board"}
	}
	{Human "rus.specnaz2" 0x8048
		{Position -2156.73 -4676.19 7.2048}
		{Orientation
			  0.756516  -0.499063   0.422600
			  0.550660   0.834730  -0.000000
			 -0.352757   0.232709   0.906300
		}
		{TexMod "2"}
		{Extender "inventory"
			{box
				{clear}
				{item "grenade molotov_coctail" {cell 6 0}}
				{item "ammo rifle" 30 {cell 5 0}}
				{item "bandage" {cell 6 1}}
				{item "svtautomatic" filling "ammo rifle" 10 {cell 0 0}}
			}
			{armor "head"
				{Item "helmet1_rus"}
			}
		}
		{DisableObstacles}
		{Player 1}
		{MID 65}
		{NameId 42 20}
		{LastItem "svtautomatic"}
		{FsmState "board"}
	}
	{Human "rus.specnaz2" 0x8049
		{Position -2164.51 -4687.99 7.2048}
		{Orientation
			  0.756516  -0.499063   0.422600
			  0.550660   0.834730  -0.000000
			 -0.352757   0.232709   0.906300
		}
		{TexMod "2"}
		{Extender "inventory"
			{box
				{clear}
				{item "ammo mgun" 100 {cell 6 0}}
				{item "weapon dp" filling "ammo mgun" 47 {cell 0 0}}
			}
			{armor "head"
				{Item "helmet1_rus"}
			}
		}
		{DisableObstacles}
		{Player 1}
		{MID 66}
		{NameId 11 41}
		{LastItem "weapon dp"}
		{FsmState "board"}
	}
	{Human "rus.specnaz2" 0x804a
		{Position -2145 -4678.41 10.9731}
		{Orientation
			  0.559512   0.763880   0.321284
			 -0.807308   0.589893   0.003622
			 -0.019900  -0.007539   0.941602
		}
		{TexMod "2"}
		{Extender "inventory"
			{box
				{clear}
				{item "ammo pistol" 70 {cell 6 0}}
				{item "pps" filling "ammo pistol" 35 {cell 0 0}}
			}
			{armor "body"
				{Removed}
			}
		}
		{DisableObstacles}
		{Player 1}
		{MID 67}
		{NameId 79 1}
		{LastItem "pps"}
		{FsmState "board"}
	}
	{Human "rus.specnaz2" 0x804b
		{Position -2125.5 -4670.64 10.2328}
		{Orientation
			 -0.522409  -0.795921   0.305695
			  0.836007  -0.548719   0.000000
			  0.167741   0.255563   0.952051
		}
		{TexMod "2"}
		{Extender "inventory"
			{box
				{clear}
				{item "ammo pistol" 70 {cell 4 0}}
				{item "pps" filling "ammo pistol" 35 {cell 0 0}}
			}
			{armor "body"
				{Removed}
			}
		}
		{DisableObstacles}
		{Player 1}
		{MID 68}
		{NameId 92 29}
		{LastItem "pps"}
		{FsmState "board"}
	}
	{Human "rus.specnaz2" 0x804c
		{Position -2151.32 -4703.6 10.2144}
		{Orientation
			 -0.745987   0.641038   0.180604
			 -0.651708  -0.758369  -0.000045
			  0.136949  -0.117746   0.983512
		}
		{TexMod "2"}
		{Extender "inventory"
			{box
				{clear}
				{item "ammo pistol" 70 {cell 4 0}}
				{item "pps" filling "ammo pistol" 35 {cell 0 0}}
			}
			{armor "body"
				{Removed}
			}
		}
		{DisableObstacles}
		{Player 1}
		{MID 69}
		{NameId 85 81}
		{LastItem "pps"}
		{FsmState "board"}
	}
	{Human "rus.specnaz2" 0x804d
		{Position -2153.04 -4690.21 10.0569}
		{Orientation
			 -0.522409  -0.795921   0.305695
			  0.836007  -0.548719   0.000000
			  0.167741   0.255563   0.952051
		}
		{TexMod "2"}
		{Extender "inventory"
			{box
				{clear}
				{item "ammo pistol" 70 {cell 4 0}}
				{item "grenade rgd33" {cell 6 0}}
				{item "pps" filling "ammo pistol" 35 {cell 0 0}}
			}
			{armor "body"
				{Removed}
			}
		}
		{DisableObstacles}
		{Player 1}
		{MID 70}
		{NameId 40 78}
		{LastItem "pps"}
		{FsmState "board"}
	}
	{Human "rus.specnaz2" 0x804e
		{Position -2135.53 -4664.06 10.2328}
		{Orientation
			 -0.522409  -0.795921   0.305695
			  0.836007  -0.548719   0.000000
			  0.167741   0.255563   0.952051
		}
		{TexMod "2"}
		{Extender "inventory"
			{box
				{clear}
				{item "ammo pistol" 70 {cell 4 0}}
				{item "grenade rgd33" {cell 6 0}}
				{item "pps" filling "ammo pistol" 35 {cell 0 0}}
			}
			{armor "body"
				{Removed}
			}
		}
		{DisableObstacles}
		{Player 1}
		{MID 71}
		{NameId 70 99}
		{LastItem "pps"}
		{FsmState "board"}
	}
	{Human "rus.specnaz2" 0x804f
		{Position -2155.41 -4671.58 10.9731}
		{Orientation
			  0.559512   0.763880   0.321284
			 -0.807308   0.589893   0.003622
			 -0.019900  -0.007539   0.941602
		}
		{TexMod "2"}
		{Extender "inventory"
			{box
				{clear}
				{item "grenade rgd33" {cell 6 0}}
				{item "ammo rifle" 30 {cell 5 0}}
				{item "bandage" 2 {cell 6 1}}
				{item "knife" {cell 6 2}}
				{item "mosin" filling "ammo rifle" 5 {cell 0 0}}
			}
			{armor "head"
				{Item "cap2_rus"}
			}
		}
		{DisableObstacles}
		{Player 1}
		{MID 72}
		{NameId 81 16}
		{LastItem "mosin"}
		{FsmState "board"}
	}
	{Human "rus.specnaz2" 0x8050
		{Position -2134.91 -4685.03 11.3426}
		{Orientation
			  0.559512   0.763880   0.321284
			 -0.807308   0.589893   0.003622
			 -0.019900  -0.007539   0.941602
		}
		{TexMod "2"}
		{Extender "inventory"
			{box
				{clear}
				{item "ammo rifle" 30 {cell 7 0}}
				{item "grenade rpg40" {cell 5 0}}
				{item "bandage" 2 {cell 6 1}}
				{item "mosin" filling "ammo rifle" 5 {cell 0 0}}
			}
			{armor "head"
				{Item "cap2_rus"}
			}
		}
		{DisableObstacles}
		{Player 1}
		{MID 73}
		{NameId 92 16}
		{LastItem "mosin"}
		{FsmState "board"}
	}
	{Human "rus.specnaz2" 0x8051
		{Position -2142.75 -4696.92 10.8472}
		{Orientation
			 -0.522409  -0.795921   0.305695
			  0.836007  -0.548719   0.000000
			  0.167741   0.255563   0.952051
		}
		{TexMod "2"}
		{Extender "inventory"
			{box
				{clear}
				{item "ammo rifle" 30 {cell 7 0}}
				{item "bandage" 2 {cell 5 0}}
				{item "knife" {cell 6 1}}
				{item "mosin" filling "ammo rifle" 5 {cell 0 0}}
			}
			{armor "head"
				{Item "cap2_rus"}
			}
		}
		{DisableObstacles}
		{Player 1}
		{MID 74}
		{NameId 51 89}
		{LastItem "mosin"}
		{FsmState "board"}
	}
	{Human "rus.specnaz2" 0x8052
		{Position -2163.13 -4683.59 11.2161}
		{Orientation
			 -0.522409  -0.795921   0.305695
			  0.836007  -0.548719   0.000000
			  0.167741   0.255563   0.952051
		}
		{TexMod "2"}
		{Extender "inventory"
			{box
				{clear}
				{item "ammo rifle" 30 {cell 5 0}}
				{item "grenade molotov_coctail" {cell 6 0}}
				{item "knife" {cell 6 1}}
				{item "grenade smoke" {cell 5 1}}
				{item "bandage" 2 {cell 6 2}}
				{item "mosin" filling "ammo rifle" 5 {cell 0 0}}
			}
			{armor "head"
				{Item "cap2_rus"}
			}
		}
		{DisableObstacles}
		{Player 1}
		{MID 75}
		{NameId 3 94}
		{LastItem "mosin"}
		{FsmState "board"}
	}
	{Human "rus.specnaz2" 0x8053
		{Position -2146.3 -4656.68 10.2503}
		{Orientation
			 -0.522409  -0.795921   0.305695
			  0.836007  -0.548719   0.000000
			  0.167741   0.255563   0.952051
		}
		{TexMod "2"}
		{Extender "inventory"
			{box
				{clear}
				{item "ammo mgun" 63 {cell 6 0}}
				{item "weapon dt" filling "ammo mgun" 63 {cell 0 0}}
			}
			{armor "head"
				{Item "helmet1_rus"}
			}
		}
		{DisableObstacles}
		{Player 1}
		{MID 76}
		{NameId 47 98}
		{LastItem "weapon dt"}
		{FsmState "board"}
	}
	{Human "rus.specnaz2" 0x8054
		{Position -2117.99 -4646.07 6.09637}
		{Turn 56.7208}
		{TexMod "2"}
		{Extender "inventory"
			{box
				{clear}
				{item "ammo pistol" 70 {cell 6 0}}
				{item "pps" filling "ammo pistol" 35 {cell 0 0}}
			}
		}
		{DisableObstacles}
		{Player 1}
		{MID 77}
		{NameId 57 7}
		{LastItem "pps"}
		{FsmState "board"}
	}
	{Human "rus.specnaz2" 0x8055
		{Position -2127.68 -4640.01 5.91792}
		{Orientation
			  0.539647   0.822184   0.180607
			 -0.836007   0.548719   0.000000
			 -0.099103  -0.150989   0.983465
		}
		{TexMod "2"}
		{Extender "inventory"
			{box
				{clear}
				{item "ammo pistol" 70 {cell 6 0}}
				{item "pps" filling "ammo pistol" 35 {cell 0 0}}
			}
		}
		{DisableObstacles}
		{Player 1}
		{MID 78}
		{NameId 48 74}
		{LastItem "pps"}
		{FsmState "board"}
	}
	{Entity "box2" 0x8056
		{Position -1993.37 -4490.35 -9}
		{Turn 150.023}
		{Extender "inventory"
			{box
				{clear}
				{item "ammo pistol" 17 {cell 0 0}}
				{item "ammo pistol" {cell 0 1}}
				{item "ammo pistol" {cell 0 2}}
				{item "ammo pistol" {cell 2 1}}
				{item "ammo pistol" {cell 2 2}}
				{item "ammo pistol" {cell 2 0}}
				{item "ammo pistol" {cell 4 0}}
				{item "ammo pistol" {cell 4 1}}
				{item "ammo pistol" {cell 4 2}}
				{item "ammo rifle" 25 {cell 6 0}}
				{item "ammo rifle" {cell 7 0}}
				{item "ammo rifle" {cell 6 1}}
				{item "ammo rifle" {cell 7 1}}
				{item "ammo rifle" {cell 6 2}}
				{item "ammo rifle" {cell 7 2}}
				{item "grenade rgd33" {cell 0 3}}
				{item "grenade rgd33" {cell 0 4}}
				{item "grenade rgd33" {cell 0 5}}
				{item "grenade rgd33" {cell 2 3}}
				{item "grenade rgd33" {cell 2 4}}
				{item "grenade rgd33" {cell 2 5}}
				{item "grenade rpg40" {cell 4 3}}
				{item "grenade rpg40" {cell 6 3}}
				{item "morphine" {cell 4 4}}
				{item "bandage" 5 {cell 6 4}}
				{item "bandage" 5 {cell 6 5}}
			}
		}
	}
	{Human "rus.infantry_rifle" 0x8057
		{Position 615.113 1325.93 -9}
		{Turn 148.009}
		{Extender "inventory"
			{box
				{clear}
				{item "mosin" filling "ammo rifle" 5 {cell 0 0}}
				{item "grenade rgd33" {cell 6 0}}
				{item "ammo rifle" 10 {cell 5 0}}
			}
		}
		{Player 1}
		{MID 79}
		{NameId 38 65}
		{FsmState "stand"}
	}
	{Human "rus.infantry_rifle" 0x8058
		{Position 753.015 1110.87 -9}
		{Extender "inventory"
			{box
				{clear}
				{item "mosin" filling "ammo rifle" 5 {cell 0 0}}
				{item "ammo rifle" 10 {cell 7 0}}
			}
		}
		{Player 1}
		{MID 80}
		{NameId 32 15}
		{FsmState "stand"}
	}
	{Human "rus.infantry_rifle" 0x8059
		{Position 472.604 1283.4 -9}
		{Turn -66.0324}
		{Extender "inventory"
			{box
				{clear}
				{item "mosin" filling "ammo rifle" 5 {cell 0 0}}
				{item "ammo rifle" 10 {cell 7 0}}
			}
		}
		{Player 1}
		{MID 81}
		{NameId 40 2}
		{FsmState "stand"}
	}
	{Human "rus.infantry_mgun" 0x805a
		{Position 549.416 1302.56 -9}
		{Turn 101.527}
		{Extender "inventory"
			{box
				{clear}
				{item "weapon dp" filling "ammo mgun" 47 {cell 0 0}}
