;MDL File generated by SOEdit
;Model created by: <St.(Andrey)>
;PLY Geometry by: <St.(Andrey),Yurov>
;VOL Geometry by: <Yurov,garry>
{Skeleton
    {bone "basis"
        {Orientation
            1.0000 0.0000 0.0000
            0.0000 -1.0000 0.0000
            0.0000 0.0000 1.0000
        }
        {bone "body"
            {Position -8.4000 1.6000 9.3000}
            {VolumeView "body.ply"}
            {bone revolute "wheelL1"
                {Matrix34
                    1.0000 -0.0004 0.0018
                    0.0018 0.0000 -1.0000
                    0.0004 0.9999 0.0000
                    31.4207 19.0861 -0.6916
                }
                {VolumeView "VL1.ply"}
            }
            {bone revolute "wheelL2"
                {Matrix34
                    1.0000 0.0014 0.0035
                    0.0035 0.0062 -0.9999
                    -0.0015 0.9999 0.0062
                    9.4793 -21.3000 -1.0099
                }
                {VolumeView "VL2.ply"}
            }
            {bone revolute "wheelL3"
                {Matrix34
                    1.0000 0.0000 0.0000
                    0.0000 0.0035 -1.0000
                    0.0000 1.0000 0.0035
                    -7.6000 19.2000 -0.7000
                }
                {VolumeView "VL3.ply"}
            }
            {bone revolute "wheelL4"
                {Matrix34
                    -1.0000 0.0001 0.0070
                    0.0070 0.0209 0.9998
                    0.0000 0.9998 -0.0209
                    -27.1944 18.7882 -0.7920
                }
                {VolumeView "VL4.ply"}
            }
            {bone "TrackL"
                {Matrix34
                    0.9675 0.0000 0.0000
                    0.0000 -1.0000 0.0000
                    0.0000 0.0000 -0.8238
                    -0.8788 0.4465 -0.6175
                }
                {VolumeView "trakiL.ply"}
            }
            {bone "TrackR"
                {Matrix34
                    0.9611 0.0000 0.0000
                    0.0000 -0.9999 -0.0137
                    0.0000 0.0157 -0.8757
                    -0.8651 -40.1405 -0.5764
                }
                {VolumeView "trakiR.ply"}
            }
            {bone revolute "wheelR1"
                {Matrix34
                    0.9998 0.0029 -0.0210
                    -0.0210 0.0049 -0.9997
                    -0.0029 0.9999 0.0049
                    30.0721 -20.8494 -0.5893
                }
                {VolumeView "VR1.ply"}
            }
            {bone revolute "wheelR2"
                {Matrix34
                    -1.0000 0.0002 0.0052
                    0.0052 -0.0034 1.0000
                    0.0003 1.0000 0.0034
                    11.2866 20.3638 -0.4932
                }
                {VolumeView "VR2.ply"}
            }
            {bone revolute "wheelR3"
                {Matrix34
                    1.0000 0.0000 0.0000
                    0.0000 0.0366 -0.9994
                    0.0000 0.9994 0.0366
                    -10.0000 -20.9189 -0.1639
                }
                {VolumeView "VR3.ply"}
            }
            {bone revolute "wheelR4"
                {Matrix34
                    1.0000 0.0000 0.0000
                    0.0000 -0.0105 -0.9999
                    0.0000 0.9999 -0.0105
                    -28.5000 -20.7003 -0.0820
                }
                {VolumeView "VR4.ply"}
            }
            {bone revolute "turret"
                {Matrix34
                    0.9999 0.0105 0.0000
                    -0.0105 0.9999 0.0000
                    0.0000 0.0000 1.0000
                    10.1792 0.7493 18.5000
                }
                {VolumeView "turret.ply"}
                {bone revolute "gun_rot"
                    {limits -13.0000 15.0000}
                    {Matrix34
                        0.9998 -0.0004 0.0209
                        -0.0209 0.0000 0.9998
                        -0.0004 -1.0000 0.0000
                        8.5937 -1.2197 5.9385
                    }
                    {VolumeView "gun_rot.ply"}
                    {bone "gun"
                        {Matrix34
                            0.0107 -0.0460 -0.9989
                            0.0212 0.9988 -0.0458
                            0.9997 -0.0207 0.0117
                            2.8009 -0.0715 -0.3867
                        }
                        {VolumeView "gun.ply"}
                        {bone "Foresight1"
                            {Matrix34
                                0.0006 -0.0026 1.0000
                                -0.0315 0.9995 0.0025
                                -0.9995 -0.0315 0.0005
                                -0.3756 -0.3499 33.0587
                            }
                        }
                    }
                    {bone "Foresight3"
                        {Position 14.2000 0.0000 4.8000}
                    }
                }
                {bone "cower"
                    {Matrix34
                        0.9907 0.1357 0.0000
                        -0.1357 0.9907 0.0000
                        0.0000 0.0000 1.0000
                        -0.3474 8.4309 6.8000
                    }
                    {VolumeView "cower.ply"}
                }
                {bone "Visor1"
                    {Position 11.9000 -6.4000 11.1000}
                }
            }
            {bone "seat01"
                {Matrix34
                    -0.0454 -0.9990 0.0000
                    0.9990 -0.0454 0.0000
                    0.0000 0.0000 1.0000
                    -21.7140 -21.3205 9.6000
                }
            }
            {bone "seat02"
                {Matrix34
                    -0.0262 0.9997 0.0000
                    -0.9997 -0.0262 0.0000
                    0.0000 0.0000 1.0000
                    -22.6681 21.1018 9.6000
                }
            }
            {bone "FXfire1"
                {Matrix34
                    -0.0732 0.0000 0.9973
                    0.0000 1.0000 0.0000
                    -0.9973 0.0000 -0.0732
                    -27.3702 0.0000 16.3393
                }
            }
            {bone "FXshot"
                {Matrix34
                    -0.9710 0.2383 -0.0188
                    -0.0191 0.0009 0.9998
                    0.2383 0.9712 0.0037
                    -10.5832 0.0000 9.9033
                }
            }
            {bone "FXsmoke1"
                {Matrix34
                    -0.3971 0.0000 0.9178
                    0.0000 1.0000 0.0000
                    -0.9178 0.0000 -0.3971
                    -42.4590 -13.4000 17.0389
                }
            }
            {bone "FXsmoke2"
                {Matrix34
                    -0.3623 0.0000 0.9321
                    0.0000 1.0000 0.0000
                    -0.9321 0.0000 -0.3623
                    -42.7999 16.5000 16.9716
                }
            }
            {bone "Visor2"
                {Position 43.2000 -1.8000 11.1000}
            }
            {bone "engine"
                {Matrix34
                    -0.0663 0.0000 0.9978
                    0.0000 1.0000 0.0000
                    -0.9978 0.0000 -0.0663
                    -26.3125 0.0000 9.8779
                }
            }
            {bone "FXtraceR1"
                {Matrix34
                    -0.9999 -0.0121 -0.0122
                    0.0122 0.0000 -0.9999
                    0.0121 -0.9999 0.0001
                    32.8244 21.5556 -6.7699
                }
            }
            {bone "FXtraceR2"
                {Matrix34
                    -0.9980 -0.0625 -0.0105
                    0.0087 0.0279 -0.9996
                    0.0628 -0.9977 -0.0273
                    -31.6000 21.9395 -4.6892
                }
            }
            {bone "FXtraceL1"
                {Matrix34
                    -0.9993 0.0115 -0.0363
                    0.0362 -0.0105 -0.9993
                    -0.0119 -0.9999 0.0101
                    33.2000 -19.8191 -6.7560
                }
            }
            {bone "FXtraceL2"
                {Matrix34
                    -0.9999 -0.0105 -0.0036
                    0.0035 0.0059 -1.0000
                    0.0105 -0.9999 -0.0059
                    -31.7086 -19.8009 -4.7138
                }
            }
        }
        {bone "emit1"
            {Matrix34
                0.0000 -1.0000 0.0000
                1.0000 0.0000 0.0000
                0.0000 0.0000 1.0000
                -1.5076 33.5144 1.2000
            }
        }
        {bone "emit2"
            {Matrix34
                0.0000 1.0000 0.0000
                -1.0000 0.0000 0.0000
                0.0000 0.0000 1.0000
                -2.7615 -29.3602 1.2000
            }
        }
        {bone "emit3"
            {Matrix34
                0.0140 -0.9999 0.0000
                0.9999 0.0140 0.0000
                0.0000 0.0000 1.0000
                -27.6609 32.8170 1.2000
            }
        }
        {bone "emit4"
            {Matrix34
                0.0000 1.0000 0.0000
                -1.0000 0.0000 0.0000
                0.0000 0.0000 1.0000
                -27.6000 -30.0000 1.2000
            }
        }
    }
}
{Volume "Body"
    {Polyhedron "Body.vol"}
    {Bone "Body"}
    {Matrix34
        0.9139 0.0000 -0.0096
        0.0000 1.0000 0.0000
        0.0084 0.0000 0.7995
        0.0033 0.0000 0.3198
    }
}
{Volume "Turret"
    {Polyhedron "Turret.vol"}
    {Bone "Turret"}
    {Position -5.6117 -0.1101 -0.0262}
}
{Volume "Gun"
    {Box 1.7491 1.6196 33.0493}
    {Bone "gun"}
    {Matrix34
        -1.0000 0.0000 0.0000
        0.0000 1.0000 0.0000
        0.0000 0.0000 -1.0000
        0.0000 -0.0840 13.0066
    }
}
{Volume "trackright"
    {Box 97.9853 8.2418 21.1154}
    {Bone "TrackR"}
    {Matrix34
        -0.7944 0.0000 0.0000
        0.0000 -0.9999 0.0033
        0.0000 0.0037 0.9936
        3.4734 -19.3406 -0.2383
    }
}
{Volume "trackleft"
    {Box 97.9853 8.2418 21.1154}
    {Bone "TrackL"}
    {Matrix34
        -0.7926 0.0000 0.0000
        0.0000 -0.9761 -0.0043
        0.0000 -0.0059 0.9902
        2.6709 -19.3256 0.0305
    }
}
{Volume "crew"
    {Box 19.3343 21.3391 30.5530}
    {Bone "Body"}
    {Matrix34
        0.7199 0.0000 0.0000
        0.0000 0.8558 0.0000
        0.0000 0.0000 0.7629
        9.5680 -0.0949 15.7146
    }
}
{Volume "inventory"
    {Box 19.3343 34.4178 16.0434}
    {Bone "engine"}
    {Matrix34
        0.0000 0.0000 -0.6260
        0.0000 0.5145 0.0000
        0.9258 0.0000 0.0000
        -1.6878 1.3566 -18.6212
    }
}
{Volume "engine"
    {Box 19.3343 34.4178 16.0434}
    {Bone "engine"}
    {Matrix34
        0.0399 0.0000 -0.9207
        0.0000 0.4877 0.0000
        0.7207 0.0000 0.0520
        -0.9759 0.0502 -0.0156
    }
}
