{Skeleton
	{animation
		{sequence "flattern" {speed 1}}
		{sequence "drift" {speed 0.5}}
		{sequence "rope4"}
		{sequence "rope1"}
		{sequence "rope2"}
		{sequence "rope3"}
	}
	{bone "Basis"
		{Orientation
			1.0000	0.0000	0.0000
			0.0000	-1.0000	0.0000
			0.0000	0.0000	1.0000
		}
		{bone "body"
			{parameters "ID=body;"}
			{Position 16.1204	-0.0236	10.3724}
			{VolumeView "body.ply"}
				{bone "cabin"
					{parameters "ID=cabin;"}
					{Position 29.0008	0.0211	21.2304}
					{VolumeView "cabin.ply"}
					{bone "doorL"
						{Matrix34
							0.9979	0.0626	0.0145
							-0.0643	0.9723	0.2248
							-0.0000	-0.2252	0.9743
							-3.3483	16.7014	3.4419
						}
						{VolumeView "doorL.ply"}
					}
					{bone "doorR"
						{Matrix34
							0.9979	-0.0643	-0.0022
							-0.0621	-0.9723	0.2253
							0.0166	0.2247	0.9743
							-3.3483	-16.7876	3.4419
						}
						{VolumeView "doorR.ply"}
					}
					{bone "gunner"
						{Position 7.4552	-0.1763	-8.7504}
					}
					{bone "gunner2"
						{Position 7.4552	-0.1763	-8.7504}
					}
					{bone "gunner3"
						{Position 7.4552	-0.1763	-8.7504}
					}
					{bone "driver"
						{Position 22.1874	-0.1763	-8.7504}
					}
					{bone "node_R3"
						{Matrix34
							-0.0000	1.0000	-0.0000
							-1.0000	-0.0000	0.0000
							-0.0000	0.0000	1.0000
							1.5797	-26.3052	0.4514
						}
					}
					{bone "node_R4"
						{Matrix34
							-0.0000	1.0000	-0.0000
							-1.0000	-0.0000	0.0000
							-0.0000	0.0000	1.0000
							-42.5150	-22.2302	0.4514
						}
					}
					{bone "node_L3"
						{Matrix34
							-0.0000	-1.0000	-0.0000
							-1.0000	0.0000	0.0000
							0.0000	-0.0000	1.0000
							1.5797	26.4705	0.4514
						}
					}
					{bone "node_L4"
						{Matrix34
							-0.0000	-1.0000	-0.0000
							-1.0000	0.0000	0.0000
							0.0000	-0.0000	1.0000
							-42.5150	22.3954	0.4514
						}
					}
					{bone revolute "projector1"
						{speed 0.0100}
						{Matrix34
							-0.9397	0.0000	-0.3420
							-0.0000	-1.0000	0.0000
							-0.3420	0.0000	0.9397
							1.0949	0.2646	66.4008
						}
						{VolumeView "projector1.ply"}
						{bone "lamp_light_spot2"
							{parameters "ID=cabine;"}
							{Position 4.1686	-0.0000	0.0000}
							{VolumeView "lamp_light_spot2.ply"}
						}
						{bone revolute "lamp_glass2"
							{limits -2.0000 2.0000}
							{Matrix34
								1.0000	0.0000	-0.0000
								0.0000	-1.0000	0.0000
								-0.0000	-0.0000	-1.0000
								3.5900	0.0177	-0.0060
							}
						}
					}
					{bone revolute "projector"
						{limits -45.0000 45.0000}
						{speed 0.0100}
						{Position 29.5193	0.2646	33.8260}
						{VolumeView "projector.ply"}
						{bone revolute "lamp_glass1"
							{limits -2.0000 2.0000}
							{Matrix34
								1.0000	0.0000	-0.0000
								0.0000	-1.0000	0.0000
								-0.0000	-0.0000	-1.0000
								3.5900	0.0177	-0.0060
							}
						}
						{bone "lamp_light_spot1"
							{parameters "ID=cabine;"}
							{Position 4.1686	-0.0000	0.0000}
							{VolumeView "lamp_light_spot1.ply"}
						}
					}
				}
				{bone revolute "attach_gun2"
               			{Position -42.9207	0.0451	25.3089}
					{VolumeView "attach_gun2.ply"}
				}
				{bone "body_rear"
					{parameters "ID=body_rear;"}
					{Position -158.4923	0.0211	2.4557}
					{VolumeView "body_rear.ply"}
					{bone "FX_bulb1"
						{Matrix34
							-0.9659	0.2588	0.0000
							-0.2588	-0.9659	0.0000
							0.0000	0.0000	1.0000
							2.3413	17.8916	-5.8688
						}
					}
					{bone "FX_bulb2"
						{Matrix34
							-0.9659	-0.2588	0.0000
							-0.2588	0.9659	-0.0000
							-0.0000	0.0000	1.0000
							2.3413	-20.2556	-5.8688
						}
					}
					{bone "FX_bulb_norm_engine1"
						{Matrix34
							-1.0000	-0.0000	0.0000
							0.0000	-1.0000	0.0000
							0.0000	0.0000	1.0000
							2.3413	0.0712	-12.8256
						}
					}
					{bone "FX_bulb_small_back1"
						{Matrix34
							0.0000	1.0000	0.0000
							-1.0000	0.0000	0.0000
							0.0000	0.0000	1.0000
							4.6808	21.6756	-12.8256
						}
					}
					{bone "FX_bulb_small_back2"
						{Matrix34
							-0.0000	-1.0000	0.0000
							1.0000	-0.0000	0.0000
							0.0000	0.0000	1.0000
							4.6808	-21.7153	-12.8256
						}
					}
					{bone revolute "turret"
						{limits -2.0000 2.0000}
						{Position 87.0018	0.0000	35.8755}
						{bone revolute "foresight1"
							{limits -10.0000 10.0000}
							{Matrix34
								1.0000	0.0000	0.0000
								0.0000	-0.0000	1.0000
								0.0000	-1.0000	-0.0000
								278.8120	0.3380	-13.6811
							}
						}
					}
					{bone "FX_bulb_small_center4"
						{Matrix34
							-0.0000	-1.0000	0.0000
							1.0000	-0.0000	0.0000
							0.0000	0.0000	1.0000
							43.8591	-37.4841	-13.1775
						}
					}
					{bone "FX_bulb_small_center2"
						{Matrix34
							-0.0000	-1.0000	0.0000
							1.0000	-0.0000	0.0000
							0.0000	0.0000	1.0000
							7.8099	-37.4841	-13.1775
						}
					}
					{bone "FX_bulb_small_center1"
						{Matrix34
							0.0000	1.0000	0.0000
							-1.0000	0.0000	0.0000
							0.0000	0.0000	1.0000
							7.8099	38.0466	-13.1775
						}
					}
					{bone "FX_bulb_small_center3"
						{Matrix34
							0.0000	1.0000	0.0000
							-1.0000	0.0000	0.0000
							0.0000	0.0000	1.0000
							43.8461	38.0466	-13.1775
						}
					}
					{bone "flag"
						{parameters "CommonMesh;ID=body_rear;"}
						{Matrix34
							-1.0000	0.0000	0.0000
							0.0000	0.0000	1.0000
							0.0000	1.0000	0.0000
							-6.9375	-0.0117	73.667
						}
						{VolumeView "flag.ply"}
					}
					{bone revolute "FX_exp2"
						{limits -2.0000 2.0000}
						{Position 11.5645	0.0000	5.4012}
					}
					{bone revolute "FX_exp1"
						{limits -2.0000 2.0000}
						{Position 79.5197	0.0000	5.4012}
					}
				}
				{bone "body_front"
					{parameters "ID=body_front;"}
					{Position 141.7149	0.0000	2.6763}
					{VolumeView "body_front.ply"}
						{bone revolute "attach_gun1"
							{Position -36.3258	0.0211	18.6270}
							{VolumeView "attach_gun1.ply"}
						}
						{bone "FX_bulb_norm_front2"
							{Matrix34
								0.5000	-0.8660	0.0000
								0.8660	0.5000	0.0000
								0.0000	0.0000	1.0000
								33.2607	-21.9403	-13.3982
							}
						}
						{bone "FX_bulb_norm_front1"
							{Matrix34
								0.4226	0.9063	0.0000
								-0.9063	0.4226	0.0000
								0.0000	0.0000	1.0000
								32.9080	23.0130	-13.3982
							}
						}
					{bone "FX_bulb_small_center10"
						{Matrix34
							0.0872	-0.9962	0.0000
							0.9962	0.0872	0.0000
							0.0000	0.0000	1.0000
							-19.9896	-35.8649	-13.3982
						}
					}
					{bone "FX_bulb_small_center9"
						{Matrix34
							0.0872	0.9962	0.0000
							-0.9962	0.0872	0.0000
							0.0000	0.0000	1.0000
							-20.1008	35.9219	-13.3982
						}
					}
					{bone "emit1"
						{Matrix34
							0.0000	1.0000	0.0000
							-1.0000	0.0000	0.0000
							0.0000	0.0000	1.0000
							-57.8336	-57.8958	-11.4945
						}
					}
					{bone "emit2"
						{Matrix34
							-0.0000	-1.0000	0.0000
							1.0000	-0.0000	0.0000
							0.0000	0.0000	1.0000
							-57.7634	58.9197	-11.4945
						}
					}
					{bone "rope2"
						{parameters "CommonMesh;"}
						{Matrix34
							-0.0000	-0.1702	0.9854
							1.0000	0.0000	0.0000
							-0.0000	0.9854	0.1702
							-59.5664	39.8138	4.6675
						}
						{visibility 0}
						{VolumeView "rope2.ply"}
					}
					{bone "rope1"
						{parameters "CommonMesh;"}
						{Matrix34
							-0.0000	0.1702	0.9854
							1.0000	0.0000	0.0000
							0.0000	-0.9854	0.1702
							-55.5775	-39.8618	4.6675
						}
						{visibility 0}
						{VolumeView "rope1.ply"}
					}
					{bone revolute "FX_exp4"
						{limits -2.0000 2.0000}
						{Position -48.8354	0.0211	5.1806}
					}
				}
				{bone "FX_bulb_small_center5"
					{Matrix34
						0.0000	1.0000	0.0000
						-1.0000	0.0000	0.0000
						0.0000	0.0000	1.0000
						-35.7148	38.0677	-10.7219
					}
				}
				{bone "FX_bulb_small_center6"
					{Matrix34
						-0.0000	-1.0000	0.0000
						1.0000	-0.0000	0.0000
						0.0000	0.0000	1.0000
						-35.6673	-37.4630	-10.7219
					}
				}
				{bone "FX_bulb_small_center7"
					{Matrix34
						0.0000	1.0000	0.0000
						-1.0000	0.0000	0.0000
						0.0000	0.0000	1.0000
						42.7235	38.0677	-10.7219
					}
				}
				{bone "FX_bulb_small_center8"
					{Matrix34
						-0.0000	-1.0000	0.0000
						1.0000	-0.0000	0.0000
						0.0000	0.0000	1.0000
						42.8029	-37.4630	-10.7219
					}
				}
				{bone "emit4"
					{Matrix34
						0.0000	1.0000	0.0000
						-1.0000	0.0000	0.0000
						0.0000	0.0000	1.0000
						-41.1239	-57.8958	-8.8182
					}
				}
				{bone "emit3"
					{Matrix34
						-0.0000	-1.0000	0.0000
						1.0000	-0.0000	0.0000
						0.0000	0.0000	1.0000
						-46.0478	58.9197	-8.8182
					}
				}
				{bone "node_R1"
					{Matrix34
						0.0000	1.0000	0.0000
						-1.0000	0.0000	0.0000
						0.0000	0.0000	1.0000
						86.0170	-39.3782	22.2649
					}
				}
				{bone "node_R5"
					{Matrix34
						0.0000	1.0000	0.0000
						-1.0000	0.0000	0.0000
						0.0000	0.0000	1.0000
						-38.8013	-37.4118	22.2649
					}
				}
				{bone "node_R2"
					{Matrix34
						0.0000	1.0000	0.0000
						-1.0000	0.0000	0.0000
						0.0000	0.0000	1.0000
						68.5434	-23.8933	22.2649
					}
				}
				{bone "node_L1"
					{Matrix34
						-0.0000	-1.0000	0.0000
						-1.0000	0.0000	0.0000
						0.0000	0.0000	1.0000
						86.0170	39.5857	22.2649
					}
				}
				{bone "node_L2"
					{Matrix34
						-0.0000	-1.0000	0.0000
						-1.0000	0.0000	0.0000
						0.0000	0.0000	1.0000
						68.5434	24.1008	22.2649
					}
				}
				{bone "node_L5"
					{Matrix34
						-0.0000	-1.0000	0.0000
						-1.0000	0.0000	0.0000
						0.0000	0.0000	1.0000
						-38.8013	37.6193	22.2649
					}
				}
			{bone "rope4"
				{parameters "CommonMesh;"}
				{Matrix34
					-0.0000	0.1702	0.9854
					1.0000	0.0000	0.0000
					0.0000	-0.9854	0.1702
					-39.0437	-39.8618	7.3438
				}
				{visibility 0}
				{VolumeView "rope4.ply"}
			}
			{bone "rope3"
				{parameters "CommonMesh;"}
				{Matrix34
					0.0000	-0.1702	0.9854
					1.0000	0.0000	0.0000
					-0.0000	0.9854	0.1702
					-48.2896	40.2666	7.3438
				}
				{visibility 0}
				{VolumeView "rope3.ply"}
			}
			{bone revolute "FX_exp3"
				{limits -2.0000 2.0000}
				{Position -1.0951	0.0211	7.8568}
			}
		}
		{bone "emitx"
			{Matrix34
				0.0000	1.0000	0.0000
				-1.0000	0.0000	0.0000
				0.0000	0.0000	1.0000
				-117.9701	-80.4564	33.3069
			}
		}
		{bone "volume_holder"
			{animation
				{sequence "drift" {speed 0.5}}
				{sequence "rope4"}
				{sequence "rope1"}
				{sequence "rope2"}
				{sequence "rope3"}
			}
		}
	}
}
{Volume "body"
	{Box 150.307 70.8661 47.4614}
	{Bone "volume_holder"}
	{Matrix34
		1.0000	0.0000	0.0000
		0.0000	-1.0000	-0.0000
		0.0000	0.0000	-1.0000
		19.7398	-0.0025	9.6269
	}
}
{Volume "body_rear"
	{Box 80.158 70.8661 47.4614}
	{Bone "volume_holder"}
	{Matrix34
		1.0000	0.0000	0.0000
		0.0000	-1.0000	-0.0000
		0.0000	0.0000	-1.0000
		-96.0348	-0.0025	9.6269
	}
}
{Volume "body_front"
	{Polyhedron "body_front.vol"}
	{Bone "volume_holder"}
	{Matrix34
		1.0000	0.0000	0.0000
		0.0000	-1.0000	-0.0000
		0.0000	0.0000	-1.0000
		148.3562	-0.0025	-14.1039
	}
}
{Volume "ballast4"
	{Box 29.5276 29.5276 73.595}
	{Bone "volume_holder"}
	{Matrix34
		0.0000	0.0000	1.0000
		0.0000	1.0000	0.0000
		-1.0000	0.0000	0.0000
		-97.2857	-18.4405	0.0000
	}
}
{Volume "ballast3"
	{Box 29.5276 29.5276 196.85}
	{Bone "volume_holder"}
	{Matrix34
		0.0000	0.0000	1.0000
		0.0000	1.0000	0.0000
		-1.0000	0.0000	0.0000
		43.6164	-18.4405	0.0000
	}
}
{Volume "ballast2"
	{Box 29.5276 29.5276 73.595}
	{Bone "volume_holder"}
	{Matrix34
		0.0000	0.0000	1.0000
		0.0000	1.0000	0.0000
		-1.0000	0.0000	0.0000
		-97.2857	18.7208	0.0000
	}
}
{Volume "ballast1"
	{Box 29.5276 29.5276 196.85}
	{Bone "volume_holder"}
	{Matrix34
		0.0000	0.0000	1.0000
		0.0000	1.0000	0.0000
		-1.0000	0.0000	0.0000
		43.6164	18.7208	0.0000
	}
}
{Volume "lamp1"
	{Box 3.71935 4.89118 5.06686}
	{Bone "projector"}
	{Position 2.1493	-0.1063	0.0001}
}
{Volume "lamp2"
	{Box 3.47933 4.89118 5.06686}
	{Bone "projector1"}
	{Position 2.0977	-0.1063	0.0001}
}
{Volume "cabin"
	{Box 86.4781 28.826 23.1318}
	{Bone "cabin"}
	{Position 0.6882	1.5624	12.8439}
}
