;Exported by: shevchenko
;Date:        Sun May 09 15:17:43 2004
;File:        D:\-Projects-\-3DWork-\sheva\bridge_town_x.max
{Skeleton
	{bone "bridge_town_x"
		{Orientation
			1.0000	0.0000	0.0000
			0.0000	-1.0000	0.0000
			0.0000	0.0000	1.0000
		}
		{VolumeView "bridge_town_x.ply"}
		{bone "piece0"
			{Matrix34
				1.0000	0.0000	0.0000
				0.0000	0.9962	-0.0872
				0.0000	0.0872	0.9962
				-45.7628	46.9431	16.5076
			}
			{VolumeView "piece0.ply"}
		}
		{bone "piece1"
			{Matrix34
				1.0000	0.0000	0.0000
				0.0000	0.9962	0.0872
				0.0000	-0.0872	0.9962
				-55.9807	-39.1213	16.5076
			}
			{VolumeView "piece1.ply"}
		}
		{bone "piece2"
			{Position -0.1159	-15.1227	17.3366}
			{VolumeView "piece2.ply"}
		}
		{bone "piece3"
			{Position 56.2223	-2.6379	16.5873}
			{VolumeView "piece3.ply"}
		}
		{bone "piece4"
			{Matrix34
				-1.0000	0.0000	0.0000
				0.0000	1.0000	-0.0000
				0.0000	0.0000	1.0000
				-96.6819	29.5275	36.3232
			}
			{VolumeView "piece4.ply"}
		}
		{bone "piece5"
			{Position -94.4211	-29.5276	36.3232}
			{VolumeView "piece5.ply"}
		}
		{bone "piece6"
			{Matrix34
				-0.0000	1.0000	0.0000
				0.0000	0.0000	1.0000
				1.0000	0.0000	-0.0000
				96.8843	29.5275	36.3232
			}
			{VolumeView "piece6.ply"}
		}
		{bone "piece7"
			{Matrix34
				-0.0000	1.0000	0.0000
				0.0000	0.0000	1.0000
				1.0000	0.0000	-0.0000
				96.8843	-34.0416	35.4976
			}
			{VolumeView "piece7.ply"}
		}
		{bone "sub_piece0"
			{Matrix34
				1.0000	0.0000	0.0000
				0.0000	0.9962	-0.0872
				0.0000	0.0872	0.9962
				58.4065	52.0161	16.4900
			}
			{VolumeView "sub_piece0.ply"}
		}
		{bone "sub_piece1"
			{Position 9.9955	32.6024	16.8185}
			{VolumeView "sub_piece1.ply"}
		}
		{bone "sub_piece2"
			{Matrix34
				1.0000	0.0000	0.0000
				0.0000	0.9962	0.0872
				0.0000	-0.0872	0.9962
				43.8679	-42.1180	16.4116
			}
			{VolumeView "sub_piece2.ply"}
		}
		{bone "sub_piece3"
			{Position -57.4803	1.5703	17.9730}
			{VolumeView "sub_piece3.ply"}
		}
		{bone "sub_piece4"
			{Matrix34
				0.9979	-0.0648	-0.0000
				0.0648	0.9979	-0.0000
				0.0000	0.0000	1.0000
				-93.1872	-88.2568	32.6089
			}
			{VolumeView "sub_piece4.ply"}
		}
		{bone "sub_piece5"
			{Position -93.8910	88.5827	32.5601}
			{VolumeView "sub_piece5.ply"}
		}
		{bone "sub_piece6"
			{Position -91.1658	-25.3900	11.4768}
			{VolumeView "sub_piece6.ply"}
		}
		{bone "sub_piece7"
			{Position -91.1658	40.0980	9.8690}
			{VolumeView "sub_piece7.ply"}
		}
		{bone "sub_piece8"
			{Position 93.1525	-25.3900	11.4768}
			{VolumeView "sub_piece8.ply"}
		}
		{bone "sub_piece9"
			{Position 93.1525	40.0980	9.8690}
			{VolumeView "sub_piece9.ply"}
		}
		{bone "sub_piece10"
			{Matrix34
				-0.0000	1.0000	0.0000
				0.0000	0.0000	1.0000
				1.0000	0.0000	-0.0000
				96.6099	76.3588	32.7573
			}
			{VolumeView "sub_piece10.ply"}
		}
		{bone "bridge_town_lend_x"
			{parameters "Land;Ground;"}
			{Position 0.0000	-0.0000	0.0000}
			{VolumeView "bridge_town_lend_x.ply" {Ground}}
		}
	}
}
{Obstacle "body9"
	{Obb2
		{Center 94.7293 166.099}
		{Extent 8.72725 8.6324}
		{Axis 1 0}
	}
	{Rotate}
}
{Obstacle "body8"
	{Obb2
		{Center -94.7453 165.507}
		{Extent 8.72725 8.6324}
		{Axis 1 0}
	}
	{Rotate}
}
{Obstacle "body7"
	{Obb2
		{Center -94.7453 -166.032}
		{Extent 8.72725 8.6324}
		{Axis 1 0}
	}
	{Rotate}
}
{Obstacle "body6"
	{Obb2
		{Center 94.7293 -165.44}
		{Extent 8.72725 8.6324}
		{Axis 1 0}
	}
	{Rotate}
}
{Obstacle "body5"
	{Obb2
		{Center 96.4786 109.396}
		{Extent 4.88331 48.2473}
		{Axis 1 0}
	}
	{Rotate}
}
{Obstacle "body4"
	{Obb2
		{Center 94.8053 -109.489}
		{Extent 5.90552 47.9175}
		{Axis 1 0}
	}
	{Rotate}
}
{Obstacle "body3"
	{Obb2
		{Center -96.5436 -110.599}
		{Extent 5.90552 46.7519}
		{Axis 1 0}
	}
	{Rotate}
}
{Obstacle "body2"
	{Obb2
		{Center -96.9073 109.951}
		{Extent 5.90552 47.1404}
		{Axis 1 0}
	}
	{Rotate}
}
{Volume "body9"
	{Box 17.4545 17.2648 26.968}
	{Bone "bridge_town_x"}
	{Position 94.7293	-166.0992	13.4840}
}
{Volume "body8"
	{Box 17.4545 17.2648 26.968}
	{Bone "bridge_town_x"}
	{Position -94.7453	-165.5075	13.4840}
}
{Volume "body7"
	{Box 17.4545 17.2648 26.968}
	{Bone "bridge_town_x"}
	{Position -94.7453	166.0316	13.4840}
}
{Volume "body6"
	{Box 17.4545 17.2648 26.968}
	{Bone "bridge_town_x"}
	{Position 94.7293	165.4399	13.4840}
}
{Volume "body5"
	{Polyhedron "body5.vol"}
	{Bone "bridge_town_x"}
	{Position 95.2219	-109.3964	-98.1877}
}
{Volume "body4"
	{Polyhedron "body4.vol"}
	{Bone "bridge_town_x"}
	{Matrix34
		-0.0000	1.0000	0.0000
		0.0000	0.0000	1.0000
		1.0000	0.0000	-0.0000
		88.8998	106.2772	-29.8127
	}
}
{Volume "body3"
	{Polyhedron "body3.vol"}
	{Bone "bridge_town_x"}
	{Matrix34
		-0.0000	1.0000	0.0000
		0.0000	0.0000	1.0000
		1.0000	0.0000	-0.0000
		-102.4491	109.6489	-17.6995
	}
}
{Volume "body2"
	{Polyhedron "body2.vol"}
	{Bone "bridge_town_x"}
	{Matrix34
		-0.0000	1.0000	0.0000
		0.0000	0.0000	1.0000
		1.0000	0.0000	-0.0000
		-102.8129	-111.5571	-25.7719
	}
}
{Volume "body1"
	{Polyhedron "body1.vol"}
	{Bone "bridge_town_x"}
	{Position -0.1069	-74.5543	-98.5016}
}
{Volume "body"
	{Polyhedron "body.vol"}
	{Bone "bridge_town_x"}
	{Position 0.0538	69.1447	-98.1544}
}
{Volume "sub_piece10"
	{Box 9.84252 28.1507 20.188}
	{Bone "sub_piece10"}
	{Matrix34
		-0.0000	0.0000	1.0000
		0.9905	-0.1378	0.0000
		0.1378	0.9905	-0.0000
		-1.7287	-0.9436	-1.1003
	}
}
{Volume "sub_piece9"
	{Box 9.84252 28.1507 20.188}
	{Bone "sub_piece9"}
	{Matrix34
		1.0000	0.0000	0.0000
		0.0000	0.9990	-0.0443
		0.0000	0.0443	0.9990
		0.0599	-1.0834	0.1516
	}
}
{Volume "sub_piece8"
	{Box 10.7717 33.7776 22.4585}
	{Bone "sub_piece8"}
	{Matrix34
		1.0000	0.0000	0.0000
		0.0000	0.9873	-0.1591
		0.0000	0.1591	0.9873
		-0.0464	0.7306	-1.1666
	}
}
{Volume "sub_piece7"
	{Box 9.84252 28.1507 20.188}
	{Bone "sub_piece7"}
	{Matrix34
		1.0000	0.0000	0.0000
		0.0000	0.9990	-0.0443
		0.0000	0.0443	0.9990
		0.6334	-1.0834	0.1516
	}
}
{Volume "sub_piece6"
	{Box 10.7717 33.7776 22.4585}
	{Bone "sub_piece6"}
	{Matrix34
		1.0000	0.0000	0.0000
		0.0000	0.9873	-0.1591
		0.0000	0.1591	0.9873
		-0.2686	0.7306	-1.1666
	}
}
{Volume "sub_piece5"
	{Box 9.84252 28.1507 20.188}
	{Bone "sub_piece5"}
	{Matrix34
		1.0000	0.0000	0.0000
		0.0000	-0.9905	0.1378
		-0.0000	-0.1378	-0.9905
		-1.5145	-16.7348	0.1512
	}
}
{Volume "sub_piece4"
	{Box 9.84252 28.1507 20.188}
	{Bone "sub_piece4"}
	{Matrix34
		1.0000	-0.0000	-0.0000
		0.0000	-0.9834	-0.1815
		0.0000	0.1815	-0.9834
		-1.4702	14.3453	-1.3063
	}
}
{Volume "sub_piece3"
	{Box 20.1895 24.6327 11.811}
	{Bone "sub_piece3"}
	{Matrix34
		0.4125	0.9109	0.0000
		-0.9109	0.4125	0.0000
		0.0000	0.0000	1.0000
		1.9761	0.1595	1.6218
	}
}
{Volume "sub_piece2"
	{Box 20.1895 25.5076 11.811}
	{Bone "sub_piece2"}
	{Matrix34
		0.2749	0.9614	-0.0080
		-0.9615	0.2749	-0.0023
		0.0000	0.0083	1.0000
		3.3703	-1.0472	2.2541
	}
}
{Volume "sub_piece1"
	{Box 21.6316 20.8104 11.811}
	{Bone "sub_piece1"}
	{Matrix34
		0.8030	0.5959	0.0000
		-0.5959	0.8030	0.0000
		0.0000	0.0000	1.0000
		1.7112	-0.7184	2.7638
	}
}
{Volume "sub_piece0"
	{Box 29.5632 27.6056 11.811}
	{Bone "sub_piece0"}
	{Matrix34
		0.7479	0.6638	0.0004
		-0.6638	0.7479	0.0005
		0.0000	-0.0007	1.0000
		-3.8855	0.7495	2.1598
	}
}
{Volume "piece7"
	{Box 9.70531 58.9611 21.2396}
	{Bone "piece7"}
	{Matrix34
		-0.0000	0.0000	1.0000
		0.9979	0.0651	0.0000
		-0.0651	0.9979	-0.0000
		3.3579	0.7880	-1.6547
	}
}
{Volume "piece6"
	{Box 9.70531 58.9611 21.2396}
	{Bone "piece6"}
	{Matrix34
		-0.0000	0.0000	1.0000
		0.9975	-0.0701	0.0000
		0.0701	0.9975	-0.0000
		0.0206	-0.0411	-1.6249
	}
}
{Volume "piece5"
	{Box 9.70531 58.9611 21.2396}
	{Bone "piece5"}
	{Matrix34
		1.0000	-0.0000	-0.0000
		0.0000	-0.9979	-0.0651
		0.0000	0.0651	-0.9979
		-1.0437	0.2275	-0.2269
	}
}
{Volume "piece4"
	{Box 9.70531 58.9611 21.2396}
	{Bone "piece4"}
	{Matrix34
		1.0000	0.0000	0.0000
		0.0000	0.9975	-0.0701
		0.0000	0.0701	0.9975
		-1.0736	0.0206	-0.0411
	}
}
{Volume "piece3"
	{Box 36.0527 42.4701 11.811}
	{Bone "piece3"}
	{Matrix34
		0.8660	0.5000	0.0000
		-0.5000	0.8660	0.0000
		0.0000	0.0000	1.0000
		4.7337	1.8024	3.0074
	}
}
{Volume "piece2"
	{Box 36.0527 47.9912 11.811}
	{Bone "piece2"}
	{Matrix34
		0.8388	0.5444	0.0000
		-0.5444	0.8388	0.0000
		0.0000	0.0000	1.0000
		-3.6261	1.6686	2.2581
	}
}
{Volume "piece1"
	{Box 36.0527 47.5665 11.811}
	{Bone "piece1"}
	{Matrix34
		0.0034	1.0000	0.0000
		-1.0000	0.0034	-0.0003
		-0.0003	0.0000	1.0000
		-3.5093	-3.4415	2.1058
	}
}
{Volume "piece0"
	{Box 36.0527 46.9134 11.811}
	{Bone "piece0"}
	{Matrix34
		-0.0000	1.0000	0.0000
		-1.0000	-0.0000	-0.0000
		0.0000	0.0000	1.0000
		4.0891	3.4241	1.3096
	}
}
