;MDL File generated by SOEdit 0.41r
;Model created by: <A.G.(ирјр)>
;Date:        Apr 17 2006
{Skeleton
	{bone "Basis"
		{Orientation
			1.0000	0.0000	0.0000
			0.0000	-1.0000	0.0000
			0.0000	0.0000	1.0000
		}
		{bone "Body"
			{parameters "ID=body;"}
			{Matrix34
				0.9991	-0.0417	0.0048
				0.0417	0.9991	-0.0022
				-0.0048	0.0024	1.0000
				-0.6640	-1.7717	20.9097
			}
			{VolumeView "Body.ply"}
			{bone revolute "Turret"
				{parameters "ID=turret;"}
				{Matrix34
					0.9984	-0.0547	0.0157
					0.0561	0.9915	-0.1176
					-0.0090	0.1182	0.9929
					20.1652	-0.1089	13.7031
				}
				{VolumeView "Turret.ply"}
				{bone revolute "Gun_rot"
					{parameters "ID=gun;"}
					{limits -5.0000 15.0000}
					{speed 0.0100}
					{Matrix34
						0.9346	0.0000	-0.1914
						0.1914	0.0000	0.9346
						0.0000	-1.0000	0.0000
						7.6532	0.4139	5.8194
					}
					{VolumeView "Gun_rot.ply"}
					{bone "gun2"
						{parameters "ID=gun;"}
						{Matrix34
							-0.0000	-0.9994	0.0349
							-0.0000	-0.0349	-0.9994
							1.0000	-0.0000	-0.0000
							7.5159	2.4136	4.9879
						}
						{VolumeView "gun2.ply"}
					}
					{bone "gun3"
						{parameters "ID=gun;"}
						{Matrix34
							0.0000	0.9994	-0.0349
							-0.0000	-0.0349	-0.9994
							1.0000	-0.0000	-0.0000
							7.5159	-3.5217	-5.3329
						}
						{VolumeView "gun3.ply"}
					}
					{bone "gun1"
						{parameters "ID=gun;"}
						{Matrix34
							-0.0000	-0.9994	0.0349
							-0.0000	-0.0349	-0.9994
							1.0000	-0.0000	-0.0000
							7.5159	-3.5217	5.1446
						}
						{VolumeView "gun1.ply"}
					}
				}
			}
			{bone revolute "WheelL1"
				{parameters "ID=trackleft;"}
				{Matrix34
					-1.0000	0.0000	-0.0000
					-0.0000	0.0000	1.0000
					0.0000	1.0000	-0.0000
					60.1185	23.4956	-7.3421
				}
				{VolumeView "WheelL1.ply"}
			}
			{bone revolute "WheelL2"
				{parameters "ID=trackleft;"}
				{Matrix34
					-1.0000	0.0000	0.0000
					0.0000	0.0000	1.0000
					0.0000	1.0000	-0.0000
					-46.0817	24.4148	-4.3421
				}
				{VolumeView "WheelL2.ply"}
			}
			{bone revolute "WheelR1"
				{parameters "ID=trackright;"}
				{Matrix34
					-1.0000	-0.0000	-0.0000
					-0.0000	-0.0000	1.0000
					0.0000	-1.0000	-0.0000
					60.1185	-19.1822	-7.3421
				}
				{VolumeView "WheelR1.ply"}
			}
			{bone revolute "WheelR2"
				{parameters "ID=trackright;"}
				{Matrix34
					-1.0000	-0.0000	0.0000
					0.0000	-0.0000	1.0000
					0.0000	-1.0000	-0.0000
					-46.0817	-20.2611	-4.3421
				}
				{VolumeView "WheelR2.ply"}
			}
			{bone "part1"
				{Matrix34
					0.0051	0.0488	0.9988
					-0.0041	-0.9991	0.0414
					0.9999	-0.0121	-0.0049
					-18.5190	2.5752	13.9136
				}
				{VolumeView "part1.ply"}
			}
			{bone "part2"
				{Matrix34
					-0.9991	-0.0417	0.0048
					0.0048	-0.0022	1.0000
					-0.0417	0.9991	0.0024
					6.6747	27.5945	-12.4095
				}
				{VolumeView "part2.ply"}
			}
			{bone "part3"
				{Matrix34
					-0.9991	-0.0417	0.0048
					0.0048	-0.0022	1.0000
					-0.0417	0.9991	0.0024
					-27.5296	-23.1697	-11.7556
				}
				{VolumeView "part3.ply"}
			}
			{bone "engine"
				{Matrix34
					1.0000	0.0000	-0.0000
					0.0000	-1.0000	-0.0000
					0.0000	-0.0000	-1.0000
					-28.6139	0.0495	7.4442
				}
			}
		}
		{bone "WheelsL"
			{parameters "ID=trackleft;"}
			{Position -2.2900	25.4094	9.4020}
			{VolumeView "WheelsL.ply"}
		}
		{bone "WheelsR"
			{parameters "ID=trackleft;"}
			{Matrix34
				1.0000	0.0000	0.0000
				0.0000	-1.0000	0.0000
				0.0000	0.0000	1.0000
				-2.2900	-22.7891	9.4020
			}
			{VolumeView "WheelsR.ply"}
		}
	}
}
{Volume "trackright"
	{Box 113.395 11.6712 19.112}
	{Bone "WheelsR"}
	{Position 1.3053	0.7636	0.5737}
}
{Volume "trackleft"
	{Box 113.395 11.6712 19.112}
	{Bone "WheelsL"}
	{Position 1.3053	-0.9709	0.5737}
}
{Volume "part3"
	{Cylinder 9.37461 4.68313}
	{Bone "part3"}
	{Matrix34
		-1.0000	0.0000	0.0000
		0.0000	1.0000	-0.0000
		0.0000	-0.0000	-1.0000
		-0.0222	-0.0703	0.1586
	}
}
{Volume "part2"
	{Cylinder 9.37461 0.702469}
	{Bone "part2"}
	{Matrix34
		-1.0000	0.0000	-0.0000
		0.0000	1.0000	-0.0000
		-0.0000	-0.0000	-1.0000
		-0.0222	-0.0703	0.1189
	}
}
{Volume "part1"
	{Box 36.9333 38.9386 3.4252}
	{Bone "part1"}
	{Matrix34
		-0.0008	0.0184	0.9997
		0.0436	-0.9986	0.0262
		0.9991	0.0510	0.0000
		0.1458	0.2987	0.0855
	}
}
{Volume "Turret"
	{Box 37.0778 32.97126 20.568}
	{Bone "Turret"}
	{Position 0.2813	0.0926	4.5905}
}
{Volume "Gun"
	{Cylinder 1.24196 35.0494}
	{Bone "Gun"}
	{Matrix34
		0.0000	-1.0000	0.0000
		1.0000	0.0000	0.0023
		-0.0023	-0.0000	1.0000
		0.1167	0.0259	15.0586
	}
}
