;Exported by: shevchenko
;Date:        Mon May 17 17:32:21 2004
;File:        D:\-Projects-\-3DWork-\sheva\SK\build-03.max
{Skeleton
	{bone "build-03_corner1"
		{Orientation
			1.0000	0.0000	0.0000
			0.0000	-1.0000	0.0000
			0.0000	0.0000	1.0000
		}
		{VolumeView "build-03_corner1.ply"}
		{bone "window1"
			{Matrix34
				-0.0000	1.0000	0.0000
				-1.0000	-0.0000	0.0000
				0.0000	0.0000	1.0000
				-17.8049	-43.5366	88.5376
			}
			{VolumeView "window1.ply"}
			{bone "FX_glass1"
				{Matrix34
					-0.9848	0.0000	-0.1736
					-0.0000	-1.0000	0.0000
					-0.1736	0.0000	0.9848
					-1.4423	0.1318	1.0365
				}
			}
		}
		{bone "window2"
			{Position -42.7377	-22.6388	88.5376}
			{VolumeView "window2.ply"}
			{bone "FX_glass2"
				{Matrix34
					-0.9848	0.0000	-0.1736
					-0.0000	-1.0000	0.0000
					-0.1736	0.0000	0.9848
					-0.9230	0.0735	1.0365
				}
			}
		}
		{bone "window1_x"
			{Matrix34
				-0.0000	1.0000	0.0000
				-1.0000	-0.0000	0.0000
				0.0000	0.0000	1.0000
				-17.8049	-42.5940	88.5376
			}
			{visibility 0}
			{VolumeView "window1_x.ply"}
		}
		{bone "window2_x"
			{Position -41.7881	-22.6388	88.5376}
			{visibility 0}
			{VolumeView "window2_x.ply"}
		}
		{bone "attach1"
			{Matrix34
				-1.0000	0.0000	0.0000
				-0.0000	-1.0000	0.0000
				0.0000	0.0000	1.0000
				-32.0765	-23.0727	59.2189
			}
			{visibility 0}
		}
		{bone "attach2"
			{Matrix34
				-0.0000	-1.0000	0.0000
				1.0000	-0.0000	0.0000
				0.0000	0.0000	1.0000
				-17.8575	-32.5769	59.2189
			}
			{visibility 0}
		}
	}
}
{Obstacle "body6"
	{Obb2
		{Center -16.2486 -3.94571}
		{Extent 28.4194 2.95276}
		{Axis 1 0}
	}
	{Rotate}
}
{Obstacle "body"
	{Obb2
		{Center -42.3494 -16.5911}
		{Extent 4.92126 35.124}
		{Axis 1 0}
	}
	{Rotate}
}
{Obstacle "body5"
	{Obb2
		{Center -39.5268 41.3803}
		{Extent 3.96814 2.91581}
		{Axis 1 0}
	}
	{Rotate}
}
{Obstacle "body3"
	{Obb2
		{Center 12.1457 41.3803}
		{Extent 3.96814 2.91581}
		{Axis 1 0}
	}
	{Rotate}
}
{Volume "body8"
	{Box 59.252 2.41958 33.3652}
	{Bone "build-03_corner1"}
	{Matrix34
		1.0000	0.0000	0.0000
		0.0000	0.0000	-1.0000
		0.0000	1.0000	0.0000
		-7.0207	-21.9509	57.7964
	}
}
{Volume "window2"
	{Box 19.6772 1.5748 31.5055}
	{Bone "window2"}
	{Matrix34
		-0.0000	-1.0000	0.0000
		1.0000	-0.0000	0.0000
		0.0000	0.0000	1.0000
		-0.0076	-0.0654	0.0260
	}
}
{Volume "window1"
	{Box 19.6772 1.5748 31.5055}
	{Bone "window1"}
	{Matrix34
		-0.0000	-1.0000	0.0000
		1.0000	-0.0000	0.0000
		0.0000	0.0000	1.0000
		0.0020	-0.0073	0.0260
	}
}
{Volume "Hole1"
	{Box 19.6772 15.748 31.5055}
	{Bone "build-03_corner1"}
	{Matrix34
		-0.0000	-1.0000	0.0000
		1.0000	-0.0000	0.0000
		0.0000	0.0000	1.0000
		-42.7716	-22.6942	88.5636
	}
}
{Volume "Hole0"
	{Box 19.6772 15.748 31.5055}
	{Bone "build-03_corner1"}
	{Position -17.7976	-43.7775	88.5636}
}
{Volume "body7"
	{Box 50.8977 4.79125 119.7}
	{Bone "build-03_corner1"}
	{Matrix34
		1.0000	0.0000	0.0000
		0.0000	0.6428	-0.7660
		0.0000	0.7660	0.6428
		-22.5386	-4.9929	159.3753
	}
}
{Volume "body6"
	{Box 5.90551 56.8388 117.827}
	{Bone "build-03_corner1"}
	{Matrix34
		-0.0000	1.0000	0.0000
		-1.0000	-0.0000	0.0000
		0.0000	0.0000	1.0000
		-16.2486	3.9457	58.9134
	}
}
{Volume "body"
	{Box 9.84252 70.2481 68.5039}
	{Bone "build-03_corner1"}
	{Position -42.3494	16.5911	34.2520}
}
{Volume "body5"
	{Box 5.83163 7.93627 54.3307}
	{Bone "build-03_corner1"}
	{Matrix34
		-0.0000	-1.0000	0.0000
		1.0000	-0.0000	0.0000
		0.0000	0.0000	1.0000
		-39.5268	-41.3803	27.1654
	}
}
{Volume "body4"
	{Box 75.0801 9.79786 70.8661}
	{Bone "build-03_corner1"}
	{Matrix34
		-0.0000	-1.0000	0.0000
		1.0000	-0.0000	0.0000
		0.0000	0.0000	1.0000
		-42.3782	-10.8073	89.1507
	}
}
{Volume "body3"
	{Box 5.83163 7.93627 54.3307}
	{Bone "build-03_corner1"}
	{Matrix34
		-0.0000	-1.0000	0.0000
		1.0000	-0.0000	0.0000
		0.0000	0.0000	1.0000
		12.1457	-41.3803	27.1654
	}
}
{Volume "body2"
	{Box 65.5906 9.79786 68.4902}
	{Bone "build-03_corner1"}
	{Position -14.6310	-43.4637	87.5880}
}
{Volume "body1"
	{Box 9.84252 34.2232 94.252}
	{Bone "build-03_corner1"}
	{Matrix34
		1.0000	0.0000	0.0000
		0.0000	0.6428	-0.7660
		0.0000	0.7660	0.6428
		-42.4659	-4.3951	138.7153
	}
}
