;MDL File generated by SOEdit
;Model created by: <St.Andrey>
;PLY Geometry by: <insert modeler name>
;VOL Geometry by: <insert modeler name>
{Skeleton
      {bone "basis"
        {parameters "WheelRadius=0.43;SteerMax=42;"}
        {Orientation
            1.0000 0.0000 0.0000
            0.0000 -1.0000 0.0000
            0.0000 0.0000 1.0000
        }
        {bone "body"
            {parameters "ID=body;"}
            {Matrix34
                1.0000 0.0000 0.0000
                0.0000 1.0000 0.0000
                0.0000 0.0000 1.0000
                -5.3605 0.0751 11.1000
            }
            {VolumeView "body.ply"}
            {bone revolute "turret"
                {parameters "ID=turret;"}
                {Matrix34
                    0.9949 -0.1011 0.0000
                    0.1011 0.9949 0.0000
                    0.0000 0.0000 1.0000
                    -18.5354 0.4645 22.2000
                }
                {VolumeView "turret.ply"}
                {bone revolute "gun_rot"
                    {limits -8.0000 8.0000}
                    {speed 0.1000}
                    {Matrix34
                        0.9952 0.0976 0.0000
                        0.0000 0.0000 1.0000
                        0.0976 -0.9952 0.0000
                        12.2413 1.2003 2.1000
                    }
                    {bone "gun"
                        {Matrix34
                            -0.0079 0.0035 -1.0000
                            -1.0000 0.0000 0.0079
                            0.0000 1.0000 0.0035
                            0.0504 -47.1110 -2.6549
                        }
                        {VolumeView "gun.ply"}
                    }
                }
                {bone "bon"
                    {Matrix34
                        0.9930 0.1184 0.0000
                        -0.1184 0.9930 0.0000
                        0.0000 0.0000 1.0000
                        7.8491 -6.1136 -2.1100
                    }
                    {bone "Cover"
                        {parameters "ID=turret;"}
                        {Position -1.2542 5.8003 13.0115}
                        {VolumeView "Cover.ply"}
                    }
                }
            }
            {bone "part1"
                {Matrix34
                    1.0000 0.0000 0.0000
                    0.0000 0.0732 -0.9973
                    0.0000 0.9973 0.0732
                    -13.4000 15.4566 7.0729
                }
                {VolumeView "wheellZ.ply"}
            }
            {bone "part2"
                {Matrix34
                    1.0000 0.0000 0.0000
                    0.0000 0.0384 0.9993
                    0.0000 -0.9993 0.0384
                    -13.2000 -14.4583 8.2993
                }
                {VolumeView "wheelrZ.ply"}
            }
        }
        {bone "pivot_front"
            {Position 32.0000 0.0000 5.9000}
            {bone revolute "steer_R1"
                {Matrix34
                    1.0000 0.0000 0.0000
                    0.0000 -1.0000 0.0000
                    0.0000 0.0000 -1.0000
                    0.0000 -13.9000 -0.1000
                }
                {bone revolute "wheelr1"
                    {parameters "ID=wheelright1;"}
                    {Matrix34
                        1.0000 0.0001 -0.0035
                        0.0035 0.0031 1.0000
                        0.0001 -1.0000 0.0031
                        -1.0445 2.1357 -2.3545
                    }
                    {VolumeView "wheelr1.ply"}
                }
            }
            {bone revolute "steer_L1"
                {Matrix34
                    1.0000 0.0000 0.0000
                    0.0000 -1.0000 0.0035
                    0.0000 -0.0035 -1.0000
                    0.0000 13.2002 0.0613
                }
                {bone revolute "wheell1"
                    {parameters "ID=wheelleft1;"}
                    {Matrix34
                        0.9999 0.0000 0.0105
                        -0.0105 -0.0035 0.9999
                        0.0000 -1.0000 -0.0035
                        -1.0000 0.3087 -2.4989
                    }
                    {VolumeView "wheell1.ply"}
                }
            }
        }
        {bone "pivot_back"
            {Position -42.3000 0.0000 5.8800}
            {bone revolute "wheelr2"
                {parameters "ID=wheelright2;"}
                {Matrix34
                    1.0000 -0.0001 0.0035
                    0.0035 0.0087 -1.0000
                    0.0000 1.0000 0.0087
                    0.0000 -15.8087 2.4927
                }
                {VolumeView "wheelr2.ply"}
            }
            {bone revolute "wheell2"
                {parameters "ID=wheelleft2;"}
                {Matrix34
                    1.0000 -0.0001 0.0035
                    0.0035 0.0033 -0.9999
                    0.0001 0.9999 0.0033
                    0.0000 16.1261 2.4314
                }
                {VolumeView "wheell2.ply"}
            }
        }
    }
}
{Volume "wheelright2"
    {Cylinder 10.25610 5.42746}
    {Bone "WheelR2"}
    {Matrix34
        -0.8377 0.0000 0.0000
        0.0000 -0.8175 0.0000
        0.0000 0.0000 1.2346
        0.0148 0.0000 0.0349
    }
}
{Volume "wheelleft2"
    {Cylinder 10.25610 5.42746}
    {Bone "WheelL2"}
    {Matrix34
        -0.8243 0.0000 0.0000
        0.0000 -0.8164 0.0000
        0.0000 0.0000 1.2499
        0.0376 0.0000 -0.0079
    }
}
{Volume "wheelleft1"
    {Cylinder 10.25610 5.42746}
    {Bone "WheelL1"}
    {Matrix34
        -0.8351 0.0000 0.0000
        0.0000 -0.8355 0.0000
        0.0000 0.0000 0.7327
        0.0000 -0.0817 2.0388
    }
}
{Volume "wheelright1"
    {Cylinder 10.25610 5.42746}
    {Bone "WheelR1"}
    {Matrix34
        -0.8383 0.0000 0.0000
        0.0000 -0.7993 0.0000
        0.0000 0.0000 0.7629
        0.0849 0.0806 1.9737
    }
}
{Volume "turret"
    {Polyhedron "turret.vol"}
    {Bone "turret"}
    {Matrix34
        0.8120 0.0000 0.0000
        0.0000 0.7579 0.0000
        0.0000 0.0000 0.7690
        -0.7791 0.3352 0.0297
    }
}
{Volume "Body1"
    {Box 86.9498 46.1986 8.9169}
    {Bone "body"}
    {Matrix34
        -0.8387 0.0000 0.0000
        0.0000 -0.4657 -0.0042
        0.0000 0.0473 1.5391
        1.2377 0.0385 8.8765
    }
}
{Volume "Body2"
    {Box 86.9498 46.1986 8.9169}
    {Bone "body"}
    {Matrix34
        -0.3499 0.0000 0.0000
        0.0000 -0.6162 -0.0055
        0.0000 0.0214 0.6977
        -17.3727 0.5309 19.0749
    }
}
{Volume "part1"
    {Cylinder 10.25610 5.42746}
    {Bone "part1"}
    {Matrix34
        -0.8351 0.0000 0.0000
        0.0000 -0.8355 0.0000
        0.0000 0.0000 0.7327
        0.0000 -0.0817 2.0388
    }
}
{Volume "part2"
    {Cylinder 10.25610 5.42746}
    {Bone "part2"}
    {Matrix34
        -0.8383 0.0000 0.0000
        0.0000 -0.7993 0.0000
        0.0000 0.0000 0.7629
        0.0849 0.0806 1.9737
    }
}
