;Exported by: shevchenko
;Date:        Mon May 31 15:12:31 2004
;File:        D:\-Projects-\-3DWork-\sheva\fw-190-g8-D\Fw-190G8_xx_new.max
{Skeleton
	{bone "basis"
		{Orientation
			1.0000	0.0000	0.0000
			0.0000	-1.0000	0.0000
			0.0000	0.0000	1.0000
		}
		{bone "Body"
			{parameters "ID=body;"}
			{Matrix34
				1.0000	0.0000	0.0000
				0.0000	-0.0000	1.0000
				0.0000	-1.0000	-0.0000
				20.9747	-0.3740	20.7967
			}
			{VolumeView "Body.ply"}
			{bone "body_back"
				{parameters "ID=body_back;"}
				{Position -73.1082	1.7018	-0.5507}
				{VolumeView "body_back.ply"}
				{bone revolute "Rudder"
					{parameters "ID=body_back;"}
					{limits -30.0000 30.0000}
					{speed 0.1000}
					{Matrix34
						1.0000	0.0000	0.0000
						0.0000	-0.0000	-1.0000
						0.0000	1.0000	-0.0000
						-17.8723	4.2236	0.2217
					}
					{VolumeView "Rudder.ply"}
				}
				{bone revolute "Elevator2"
					{parameters "ID=body_back;"}
					{limits -30.0000 30.0000}
					{speed 0.0100}
					{Matrix34
						0.9999	-0.0116	0.0000
						0.0116	0.9999	0.0000
						-0.0000	-0.0000	1.0000
						-9.5343	-3.9589	11.9590
					}
					{VolumeView "Elevator2.ply"}
				}
				{bone revolute "Elevator1"
					{parameters "ID=body_back;"}
					{limits -30.0000 30.0000}
					{speed 0.0100}
					{Matrix34
						0.9999	-0.0116	0.0000
						0.0116	0.9999	0.0000
						-0.0000	-0.0000	1.0000
						-9.5441	-4.0527	-14.3883
					}
					{VolumeView "Elevator1.ply"}
				}
			}
			{bone "cabine"
				{parameters "CommonMesh;ID=cabine;"}
				{Matrix34
					-0.0000	-0.0116	0.9999
					-0.0000	0.9999	0.0116
					-1.0000	-0.0000	-0.0000
					0.3926	8.3946	-0.2989
				}
				{visibility 0}
				{VolumeView "cabine.ply"}
			}
			{bone "Engine"
				{parameters "ID=engine;"}
				{Position 51.7037	-7.2983	-0.3308}
				{VolumeView "Engine.ply"}
				{bone "propeller_work"
					{parameters "ID=propeller;"}
					{Matrix34
						0.0000	0.3420	0.9397
						-0.0000	-0.9397	0.3420
						1.0000	-0.0000	-0.0000
						32.5635	-3.5212	0.0316
					}
					{visibility 0}
					{VolumeView "propeller_work.ply"}
				}
				{bone revolute "propeller"
					{parameters "CommonMesh;ID=propeller;"}
					{Matrix34
						0.0406	0.7650	-0.6428
						-0.0189	0.6438	0.7650
						0.9990	-0.0189	0.0406
						32.2260	-2.8647	0.2861
					}
					{VolumeView "propeller.ply"}
				}
			}
			{bone "Driver"
				{Matrix34
					0.9880	0.1547	-0.0000
					-0.0000	-0.0000	-1.0000
					-0.1547	0.9880	-0.0000
					9.5884	-16.8552	-0.2295
				}
			}
		}
		{bone "pivot_back"
			{Position -53.2448	-0.4164	-1.5072}
		}
		{bone "pivot_front"
			{Position 62.2089	-0.2851	-10.0209}
			{bone "WingL1"
				{parameters "ID=wingL1;"}
				{Matrix34
					1.0000	0.0000	0.0000
					0.0000	-0.0000	1.0000
					0.0000	-1.0000	-0.0000
					-10.8107	44.9438	13.4252
				}
				{VolumeView "WingL1.ply"}
				{bone revolute "Flap1"
					{parameters "ID=wingL1;"}
					{limits -30.0000 30.0000}
					{speed 0.0100}
					{Matrix34
						0.9942	-0.0112	0.1074
						0.0019	0.9962	0.0867
						-0.1079	-0.0860	0.9904
						-13.7636	0.4379	5.6787
					}
					{VolumeView "Flap1.ply"}
				}
				{bone revolute "retract_wheelL"
					{parameters "ID=retract_wheelL;"}
					{Matrix34
						0.1285	-0.9882	0.0828
						0.1985	-0.0562	-0.9785
						0.9716	0.1421	0.1889
						7.9809	-0.6385	-1.4141
					}
					{VolumeView "retract_wheelL.ply"}
				}
				{bone "WingL2"
					{parameters "ID=wingL2;"}
					{Position -0.3476	4.6724	-34.7272}
					{VolumeView "WingL2.ply"}
					{bone revolute "Aileron1"
						{parameters "ID=wingL2;"}
						{limits -30.0000 30.0000}
						{speed 0.1000}
						{Matrix34
							0.9963	0.0021	0.0863
							-0.0127	0.9923	0.1229
							-0.0854	-0.1236	0.9887
							-11.1520	0.3362	-4.7359
						}
						{VolumeView "Aileron1.ply"}
					}
				}
			}
			{bone "WingR1"
				{parameters "ID=wingR1;"}
				{Matrix34
					1.0000	0.0000	0.0000
					0.0000	-0.0000	1.0000
					0.0000	-1.0000	-0.0000
					-11.0437	-43.4224	13.6122
				}
				{VolumeView "WingR1.ply"}
				{bone revolute "Flap2"
					{parameters "ID=wingR1;"}
					{limits -30.0000 30.0000}
					{speed 0.0100}
					{Matrix34
						0.9966	-0.0090	-0.0820
						-0.0005	0.9932	-0.1161
						0.0825	0.1157	0.9898
						-14.1292	0.6107	-5.6323
					}
					{VolumeView "Flap2.ply"}
				}
				{bone revolute "retract_wheelR"
					{parameters "ID=retract_wheelR;"}
					{Matrix34
						0.1285	-0.9882	-0.0828
						0.1985	-0.0562	0.9785
						0.9716	0.1421	-0.1889
						8.2139	-0.8255	1.1280
					}
					{VolumeView "retract_wheelR.ply"}
				}
				{bone "WingR2"
					{parameters "ID=wingR2;"}
					{Position -0.6326	4.3695	39.1860}
					{VolumeView "WingR2.ply"}
					{bone revolute "Aileron2"
						{parameters "ID=wingR2;"}
						{limits -30.0000 30.0000}
						{speed 0.1000}
						{Matrix34
							0.9924	-0.0321	-0.1191
							-0.0178	-0.9927	0.1192
							-0.1220	-0.1162	-0.9857
							-10.9272	0.8206	0.9855
						}
						{VolumeView "Aileron2.ply"}
					}
				}
			}
		}
	}
}
