;Exported by: yurov
;Date:        Mon May 17 19:21:12 2004
;File:        D:\-Projects-\-3DWork-\Model\Животные\Cow\cow.max
{Skeleton
	{animation
		{sequence "walk" {speed 0.4}}
		{sequence "run"}
		{sequence "eat"   {speed 0.6}}
		{sequence "death" {speed 0.7}}
	}
	{bone "Basis"
		{Orientation
			1.0000	0.0000	0.0000
			0.0000	-1.0000	0.0000
			0.0000	0.0000	1.0000
		}
		{bone "Bone19"
			{Matrix34
				-0.9999	0.0090	0.0073
				0.0073	-0.0001	1.0000
				0.0090	1.0000	0.0000
				5.8913	0.4049	26.1417
			}
			{bone "Bone20"
				{Matrix34
					0.9968	0.0000	-0.0797
					0.0000	1.0000	0.0000
					0.0797	0.0000	0.9968
					13.0514	-0.0000	0.0000
				}
				{bone "Bone12"
					{Matrix34
						-0.3284	-0.9263	-0.1848
						0.9446	-0.3223	-0.0628
						0.0014	0.1952	-0.9808
						9.6022	1.2640	-1.8565
					}
					{bone "Bone11"
						{Matrix34
							0.5955	0.7880	-0.1563
							-0.7835	0.6126	0.1042
							0.1778	0.0604	0.9822
							10.7535	-0.0000	0.0000
						}
						{bone "Bone13"
							{Matrix34
								0.7554	-0.6553	-0.0000
								0.6553	0.7554	0.0000
								-0.0000	-0.0000	1.0000
								8.3126	-0.0001	-0.0000
							}
							{bone "Bone14"
								{Position 10.6517	-0.0000	-0.0000}
							}
						}
					}
				}
				{bone "Bone07"
					{Matrix34
						-0.3284	-0.9355	0.1306
						0.9445	-0.3254	0.0444
						0.0010	0.1379	0.9904
						9.6028	1.3513	4.0070
					}
					{bone "Bone08"
						{Matrix34
							0.5955	0.7880	-0.1563
							-0.7835	0.6126	0.1042
							0.1778	0.0604	0.9822
							10.7535	-0.0000	0.0000
						}
						{bone "Bone09"
							{Matrix34
								0.7554	-0.6553	-0.0000
								0.6553	0.7554	0.0000
								0.0000	-0.0000	1.0000
								8.3126	-0.0001	0.0000
							}
							{bone "Bone10"
								{Position 10.6517	-0.0000	0.0000}
							}
						}
					}
				}
				{bone "Bone21"
					{Matrix34
						0.9722	-0.0820	0.2191
						0.0804	0.9966	0.0165
						-0.2197	0.0016	0.9756
						9.3501	1.9323	-0.0000
					}
					{bone "Bone22"
						{Matrix34
							0.4474	-0.8944	0.0000
							0.8944	0.4474	0.0000
							0.0000	0.0000	1.0000
							3.8212	-0.0000	0.0000
						}
						{bone "Bone23"
							{Matrix34
								0.9074	-0.4202	-0.0000
								0.4202	0.9074	-0.0000
								0.0000	0.0000	1.0000
								6.2801	-0.0000	0.0000
							}
							{bone "Bone24"
								{Matrix34
									0.9923	0.1243	-0.0000
									-0.1243	0.9923	-0.0000
									-0.0000	-0.0000	1.0000
									6.3890	-0.0000	-0.0000
								}
								{bone "Bone25"
									{Position 7.1676	-0.0000	0.0000}
								}
							}
						}
					}
				}
			}
			{bone "Bone05"
				{Matrix34
					0.1284	-0.9901	-0.0569
					0.9917	0.1281	0.0078
					0.0004	0.0574	-0.9984
					-5.2082	0.7862	-3.8791
				}
				{bone "Bone04"
					{Matrix34
						0.9860	-0.1349	-0.0978
						0.1356	0.9908	-0.0000
						0.0969	-0.0133	0.9952
						18.4215	0.0000	-0.0000
					}
					{bone "Bone06"
						{Position 8.6455	-0.0000	0.0000}
					}
				}
			}
			{bone "Bone01"
				{Matrix34
					0.1284	-0.9901	0.0569
					0.9917	0.1281	-0.0078
					0.0004	0.0574	0.9984
					-5.2082	0.7862	3.4100
				}
				{bone "Bone02"
					{Matrix34
						0.9860	-0.1349	-0.0978
						0.1356	0.9908	-0.0000
						0.0969	-0.0133	0.9952
						18.4215	0.0000	-0.0000
					}
					{bone "Bone03"
						{Position 8.6455	-0.0000	0.0000}
					}
				}
			}
		}
		{bone "skin"
			{parameters "CommonMesh;NoSkin;"}
			{Matrix34
				-1.0000	0.0090	0.0000
				0.0000	-0.0000	1.0000
				-0.0090	-1.0000	-0.0000
				1.5845	0.4755	21.6117
			}
			{VolumeView "skin.ply"}
		}
		{bone "Bone15"
			{Matrix34
				0.9751	-0.0585	0.2141
				0.2137	-0.0128	-0.9768
				0.0599	0.9982	0.0000
				15.1314	0.3219	25.5702
			}
			{bone "Bone16"
				{Matrix34
					0.9621	0.2728	0.0000
					-0.2728	0.9621	0.0000
					-0.0000	-0.0000	1.0000
					7.1193	-0.0000	0.0000
				}
				{bone "Bone17"
					{Matrix34
						0.5559	0.8313	-0.0000
						-0.8313	0.5559	0.0000
						0.0000	0.0000	1.0000
						3.1494	-0.0000	-0.0000
					}
				}
			}
			{bone "Visor"
				{Matrix34
					0.9758	0.2139	0.0457
					-0.0446	-0.0098	0.9990
					0.2141	-0.9768	0.0000
					16.0500	5.1358	0.8613
				}
			}
		}
	}
}
{Volume "body"
	{Box 53.6104 12.6097 17.7618}
	{Bone "Bone19"}
	{Matrix34
		1.0000	-0.0073	-0.0000
		-0.0000	-0.0000	-1.0000
		0.0073	1.0000	-0.0000
		3.4930	-6.3830	-0.2119
	}
}
