;Exported by: garry
;Date:        Mon Aug 09 17:07:38 2004
;File:        D:\-Projects-\-3DWork-\Model\Танки\T-34-85\sapper_tank\T-34Sapper_xx.max
{Skeleton
	{bone "Basis"
		{Orientation
			1.0000	0.0000	0.0000
			0.0000	-1.0000	0.0000
			0.0000	0.0000	1.0000
		}
		{bone "WheelsL"
			{parameters "ID=trackleft;"}
			{Position -2.2900	25.4094	9.4020}
			{VolumeView "WheelsL.ply"}
		}
		{bone "WheelsR"
			{parameters "ID=trackright;"}
			{Matrix34
				1.0000	0.0000	0.0000
				0.0000	-1.0000	0.0000
				0.0000	0.0000	1.0000
				-2.2900	-24.0828	9.4020
			}
			{VolumeView "WheelsR.ply"}
		}
		{bone "Body"
			{parameters "ID=body;"}
			{Matrix34
				1.0000	0.0000	0.0000
				0.0000	0.9962	-0.0872
				0.0000	0.0872	0.9962
				-2.7006	-1.7654	22.9459
			}
			{VolumeView "Body.ply"}
			{bone revolute "WheelL2"
				{parameters "ID=trackleft;"}
				{Matrix34
					-1.0000	0.0000	-0.0000
					0.0000	0.0000	1.0000
					0.0000	1.0000	-0.0000
					-53.0817	24.4148	-7.3421
				}
				{VolumeView "WheelL2.ply"}
			}
			{bone revolute "WheelR2"
				{parameters "ID=trackright;"}
				{Matrix34
					-1.0000	-0.0000	0.0000
					0.0000	-0.0000	1.0000
					0.0000	-1.0000	-0.0000
					-53.0817	-20.2611	-7.3421
				}
				{VolumeView "WheelR2.ply"}
			}
			{bone revolute "WheelR1"
				{parameters "ID=trackright;"}
				{Matrix34
					-1.0000	-0.0000	0.0000
					0.0000	-0.0000	1.0000
					0.0000	-1.0000	-0.0000
					60.1184	-20.2307	-7.3421
				}
				{VolumeView "WheelR1.ply"}
			}
			{bone revolute "WheelL1"
				{parameters "ID=trackleft;"}
				{Matrix34
					-1.0000	0.0000	-0.0000
					0.0000	0.0000	1.0000
					0.0000	1.0000	-0.0000
					60.1184	24.5726	-7.3421
				}
				{VolumeView "WheelL1.ply"}
			}
			{bone "engine"
				{Matrix34
					1.0000	0.0000	-0.0000
					0.0000	-1.0000	-0.0000
					0.0000	-0.0000	-1.0000
					-28.6481	1.2552	7.2958
				}
			}
			{bone "part2"
				{Matrix34
					-0.0000	-0.8726	-0.4885
					-0.0000	-0.4885	0.8726
					-1.0000	0.0000	-0.0000
					-5.9739	28.7631	8.9756
				}
				{VolumeView "part2.ply"}
			}
			{bone "part4"
				{Matrix34
					-1.0000	0.0000	-0.0000
					-0.0000	-0.0872	0.9962
					0.0000	0.9962	0.0872
					6.0954	21.7807	-11.7123
				}
				{VolumeView "part4.ply"}
			}
			{bone "part5"
				{Matrix34
					-0.0000	0.0000	1.0000
					0.0000	-1.0000	0.0000
					1.0000	0.0000	-0.0000
					-0.9501	-21.0634	8.4264
				}
				{VolumeView "part5.ply"}
			}
			{bone "part1"
				{Matrix34
					1.0000	-0.0000	-0.0000
					0.0000	-0.0872	0.9962
					-0.0000	-0.9962	-0.0872
					62.6508	31.1731	-3.8912
				}
				{VolumeView "part1.ply"}
			}
			{bone "support"
				{Position 60.6322	1.1591	-9.9491}
				{VolumeView "support.ply"}
					{bone revolute "wheel"
						{Matrix34
							-0.7660	0.0000	-0.6428
							-0.6428	0.0000	0.7660
							0.0000	1.0000	-0.0000
							46.9791	-0.1971	-1.0283
						}
						{VolumeView "wheel.ply"}
					}
			}
			{bone revolute "Turret"
				{parameters "ID=turret;"}
				{speed 0.0100}
				{Matrix34
					1.0000	0.0000	0.0023
					-0.0000	1.0000	0.0000
					-0.0023	-0.0000	1.0000
					17.3561	7.7705	14.0925
				}
				{VolumeView "Turret.ply"}
			}
			{bone "part3"
				{Matrix34
					-0.7660	0.0000	-0.6428
					-0.6428	0.0000	0.7660
					0.0000	1.0000	-0.0000
					107.6080	-24.1402	-10.6289
				}
				{VolumeView "part3.ply"}
			}
		}
	}
}
{Volume "part3"
	{Cylinder 9.53041 8.2}
	{Bone "part3"}
	{Matrix34
		-0.7660	-0.6428	0.0000
		-0.6428	0.7660	-0.0000
		-0.0000	-0.0000	-1.0000
		-0.3187	0.3798	-0.0588
	}
}
{Volume "turret"
	{Cylinder 8.04675 5}
	{Bone "Turret"}
	{Matrix34
		1.0000	-0.0000	-0.0023
		-0.0000	1.0000	0.0000
		0.0023	0.0000	1.0000
		0.0000	0.2179	0.0095
	}
}
{Volume "Wheel_work"
	{Cylinder 11.3234 52.2868}
	{Bone "wheel"}
	{Matrix34
		-0.9984	-0.0019	-0.0560
		0.0019	0.9978	-0.0668
		0.0560	-0.0668	-0.9962
		-0.3981	0.2387	4.9599
	}
}
{Volume "part1"
	{Polyhedron "part1.vol"}
	{Bone "part1"}
	{Matrix34
		1.0000	0.0000	-0.0000
		-0.0000	-0.0000	-1.0000
		-0.0000	1.0000	-0.0000
		-3.5724	-2.1712	0.6459
	}
}
{Volume "Body1"
	{Polyhedron "Body1.vol"}
	{Bone "Body"}
	{Matrix34
		-1.0000	0.0000	-0.0000
		-0.0000	-1.0000	0.0000
		-0.0000	0.0000	1.0000
		-0.9900	-0.1134	-17.0303
	}
}
{Volume "Body2"
	{Polyhedron "Body2.vol"}
	{Bone "Body"}
	{Matrix34
		-1.0000	0.0000	-0.0000
		-0.0000	-1.0000	0.0000
		-0.0000	0.0000	1.0000
		2.5222	-0.1134	-1.4231
	}
}
{Volume "part5"
	{Polyhedron "part5.vol"}
	{Bone "part5"}
	{Matrix34
		-0.6799	-0.7333	0.0000
		0.7333	-0.6799	0.0000
		0.0000	0.0000	1.0000
		-0.0739	0.1045	-52.1854
	}
}
{Volume "part4"
	{Cylinder 9.15438 5}
	{Bone "part4"}
	{Position 0.0000	0.1343	2.5000}
}
{Volume "part2"
	{Cylinder 4.06706 19.65}
	{Bone "part2"}
	{Matrix34
		-0.9118	-0.4106	0.0000
		-0.4106	0.9118	-0.0000
		0.0000	-0.0000	-1.0000
		0.0000	-0.0000	9.6479
	}
}
