;Exported by: garry
;Date:        Tue Apr 13 11:28:27 2004
;File:        D:\-Projects-\-3DWork-\reload\D1\-3Dwork-\Soldiers\heroes\rus tankman_driver.max
{Skeleton
	{animation
		{sequence "animation1" {speed 0.6} {autostart}}
	}
	{bone revolute "Basis"
		{Orientation
			1.0000	0.0000	0.0000
			0.0000	-1.0000	0.0000
			0.0000	0.0000	1.0000
		}
		{bone "Body"
			{Matrix34
				0.0964	-0.0000	0.9953
				0.0000	-1.0000	-0.0000
				0.9953	0.0000	-0.0964
				-6.8948	-0.0859	45.6110
			}
			{visibility 0}
			{bone "foot1L"
				{Matrix34
					-0.1101	-0.0339	0.9933
					0.9931	0.0360	0.1113
					0.0395	-0.9988	-0.0297
					-0.1435	-2.1310	-0.4890
				}
				{visibility 0}
				{bone "foot2L"
					{Matrix34
						-0.1485	-0.9889	0.0012
						0.9889	-0.1485	0.0009
						-0.0007	0.0013	1.0000
						9.3784	-0.0472	0.0000
					}
					{visibility 0}
					{bone "Bone06"
						{Matrix34
							0.2214	0.9740	0.0488
							-0.9723	0.2166	0.0881
							0.0752	-0.0670	0.9949
							8.7402	0.1133	0.0057
						}
						{visibility 0}
					}
					{bone "foot3L"
						{Matrix34
							-0.0223	0.9954	0.0929
							0.0350	-0.0921	0.9951
							0.9991	0.0255	-0.0328
							9.2003	-0.3463	-0.0730
						}
						{visibility 0}
						{bone "Bone07"
							{Position 2.6002	0.0000	0.0000}
							{visibility 0}
						}
					}
				}
			}
			{bone "foot1R"
				{Matrix34
					0.2794	0.0048	0.9602
					0.9602	-0.0050	-0.2794
					0.0034	1.0000	-0.0060
					-0.1435	2.1710	-0.4888
				}
				{visibility 0}
				{bone "foot2R"
					{Matrix34
						-0.1255	-0.9921	0.0012
						0.9921	-0.1255	0.0009
						-0.0007	0.0013	1.0000
						9.3783	-0.0472	0.0000
					}
					{visibility 0}
					{bone "Bone03"
						{Matrix34
							0.2214	0.9740	0.0488
							-0.9723	0.2166	0.0881
							0.0752	-0.0670	0.9949
							8.7402	0.1133	0.0057
						}
						{visibility 0}
					}
					{bone "foot3R"
						{Matrix34
							0.3440	0.9274	0.1466
							0.0481	0.1385	-0.9892
							-0.9377	0.3473	0.0030
							9.2003	-0.3463	-0.0730
						}
						{visibility 0}
						{bone "Bone05"
							{Position 2.6001	-0.0000	0.0000}
							{visibility 0}
						}
					}
				}
			}
			{bone revolute "IK_LeftRight"
				{limits -60.0000 60.0000}
				{speed 0.1000}
				{Matrix34
					-0.0107	-0.4570	0.8894
					-0.0443	-0.8883	-0.4570
					0.9990	-0.0443	-0.0107
					1.9037	0.0345	-0.0000
				}
				{visibility 0}
				{bone revolute "IK_UpDown"
					{limits -40.0000 20.0000}
					{speed 0.1000}
					{Matrix34
						1.0000	-0.0000	0.0000
						-0.0000	0.0000	1.0000
						-0.0000	-1.0000	0.0000
						0.0000	-0.0000	1.6680
					}
					{visibility 0}
					{bone "Head"
						{Matrix34
							0.9999	-0.0000	0.0131
							0.0131	-0.0000	-0.9999
							-0.0000	1.0000	-0.0000
							-0.0000	7.2146	0.0000
						}
						{visibility 0}
						{bone "rus-tank-helm2"
							{Matrix34
								0.9949	0.0130	0.1004
								-0.1004	-0.0013	0.9949
								0.0131	-0.9999	-0.0000
								0.4677	0.0061	3.1004
							}
							{VolumeView "rus-tank-helm2.ply"}
						}
					}
					{bone "Hand1R"
						{Matrix34
							0.3938	-0.5938	0.7017
							0.5788	0.7532	0.3125
							-0.7141	0.2831	0.6403
							-0.0888	5.8989	4.1259
						}
						{visibility 0}
						{bone "Hand2R"
							{Matrix34
								0.1528	0.9883	0.0000
								-0.9883	0.1528	-0.0000
								0.0000	0.0000	1.0000
								6.2681	-0.0000	-0.0000
							}
							{visibility 0}
							{bone "Hand3R"
								{Matrix34
									0.7815	-0.1278	-0.6106
									0.0369	0.9866	-0.1592
									0.6228	0.1018	0.7757
									5.1922	-0.0000	0.0000
								}
								{visibility 0}
							}
						}
					}
					{bone "Hand1L"
						{Matrix34
							0.1991	-0.8581	-0.4732
							0.9797	0.1621	0.1183
							-0.0248	-0.4872	0.8730
							-0.0888	5.8989	-4.1339
						}
						{visibility 0}
						{bone "Hand2L"
							{Matrix34
								0.6717	0.7408	0.0000
								-0.7408	0.6717	0.0000
								-0.0000	0.0000	1.0000
								6.2681	-0.0000	-0.0000
							}
							{visibility 0}
							{bone "Hand3L"
								{Matrix34
									0.8683	-0.4852	0.1036
									0.4368	0.8467	0.3039
									-0.2352	-0.2186	0.9471
									5.1922	0.0000	0.0000
								}
								{visibility 0}
							}
						}
					}
				}
			}
		}
		{bone "Skin"
			{parameters "CommonMesh;NoSkin;"}
			{Matrix34
				0.9063	0.0000	-0.4226
				-0.0000	-1.0000	-0.0000
				0.4226	-0.0000	0.9063
				0.9924	-0.0001	56.4249
			}
			{VolumeView "Skin.ply"}
		}
	}
}
