;Exported by: vic
;Date:        Wed Jan 14 19:51:01 2004
;File:        D:\-Projects-\-3DWork-\Constructions\NEW\Ruini\bridge_village.max
{Skeleton
	{bone "bridge_village"
		{Orientation
			1.0000	0.0000	0.0000
			0.0000	-1.0000	0.0000
			0.0000	0.0000	1.0000
		}
		{VolumeView "bridge_village.ply"}
		{bone "bridge_village_lend"
			{parameters "Land;Ground;"}
			{VolumeView "bridge_village_lend.ply" {Ground}}
		}
	}
}
{Volume "railing7"
	{Box 3.94632 3.94632 37.5249}
	{Bone "bridge_village"}
	{Position -47.3294	78.6440	-14.7411}
}
{Volume "railing6"
	{Box 3.94632 3.94632 50.6586}
	{Bone "bridge_village"}
	{Position -47.3294	39.2933	-15.1026}
}
{Volume "railing5"
	{Box 3.94632 3.94632 50.6586}
	{Bone "bridge_village"}
	{Position -47.3294	-39.3715	-15.1026}
}
{Volume "railing4"
	{Box 3.94632 3.94632 37.5249}
	{Bone "bridge_village"}
	{Position -47.3294	-78.7071	-14.7412}
}
{Volume "railing3"
	{Box 3.94632 3.94632 37.5249}
	{Bone "bridge_village"}
	{Position 47.1138	78.6440	-14.7411}
}
{Volume "railing2"
	{Box 3.94632 3.94632 50.6586}
	{Bone "bridge_village"}
	{Position 47.1138	39.2933	-15.1026}
}
{Volume "railing1"
	{Box 3.94632 3.94632 50.6586}
	{Bone "bridge_village"}
	{Position 47.1138	-39.3715	-15.1026}
}
{Volume "railing"
	{Box 3.94632 3.94632 37.5249}
	{Bone "bridge_village"}
	{Position 47.1138	-78.7071	-14.7412}
}
{Volume "body3"
	{Box 98.4252 52.2731 3.93701}
	{Bone "bridge_village"}
	{Matrix34
		1.0000	0.0000	0.0000
		0.0000	0.9811	0.1934
		0.0000	-0.1934	0.9811
		-0.0530	-74.9648	8.2046
	}
}
{Volume "body2"
	{Box 98.4252 52.2731 3.93701}
	{Bone "bridge_village"}
	{Matrix34
		1.0000	0.0000	0.0000
		0.0000	0.9810	-0.1940
		0.0000	0.1940	0.9810
		-0.0530	75.0728	8.2044
	}
}
{Volume "body1"
	{Box 98.4252 49.2436 3.93701}
	{Bone "bridge_village"}
	{Matrix34
		1.0000	0.0000	0.0000
		0.0000	0.9978	-0.0659
		0.0000	0.0659	0.9978
		-0.0530	24.7257	14.8962
	}
}
{Volume "body"
	{Box 98.4252 49.2436 3.93701}
	{Bone "bridge_village"}
	{Matrix34
		1.0000	0.0000	0.0000
		0.0000	0.9979	0.0655
		0.0000	-0.0655	0.9979
		-0.0530	-24.6060	14.8963
	}
}
