{mission
	{Camera
		{Position 1469.83 6768.86}
		{Distance 1300}
		{ViewAngle 0.332779}
		{YawAngle -0.779588}
	}
	{Environment "day"}
	{User 1}
	{GameProgress 0 0}
	{Entity "6-funt" 0x8002
		{Position 1286.2 6510.31 39.8056}
		{Orientation
			  0.980644  -0.143543  -0.133166
			  0.130310   0.986077  -0.103305
			  0.146140   0.083952   0.985695
		}
		{Extender "inventory"
			{box
				{clear}
				{item "bullet57 fg" 10 {cell 0 0}}
				{item "bullet57 ap" 14 {cell 0 1}}
				{item "bullet37 az" {cell 3 0}}
				{item "bullet40 az" {cell 3 1}}
				{item "bullet45 az" {cell 0 2}}
				{item "bullet50 az" {cell 3 2}}
				{item "bullet100 fg" {cell 0 3}}
				{item "bullet105 fg" {cell 0 4}}
				{item "bullet120 fg" {cell 0 5}}
			}
		}
		{Player 1}
		{MID 3}
		{Chassis
			{FuelBag
				{Remain 197.528}
			}
		}
	}
	{Entity "sky" 0x8033
		{Position 2760 3860 -100}
		{Turn 46.6371}
		{Constrain zero}
		{OffsetZ -100}
		{Scale 15.7301}
	}
	{Human "ger.infantry_smg" 0x811e
		{Position 4148.59 2268.83 58.2571}
		{Turn 120.964}
		{Extender "inventory"
			{box
				{clear}
				{item "ammo pistol" 45 {cell 0 0}}
				{item "grenade m24" {cell 2 0}}
				{item "mp41" {cell 4 0}}
				{item "bandage" {cell 0 1}}
			}
		}
		{Player 2}
		{MID 284}
		{NameId 123 101}
		{FsmState "stand"}
	}
	{Human "ger.infantry_smg" 0x811d
		{Position 4072.25 2358.56 50.9505}
		{Turn 120.964}
		{Extender "inventory"
			{box
				{clear}
				{item "ammo pistol" 45 {cell 0 0}}
				{item "grenade m24" {cell 2 0}}
				{item "mp41" {cell 4 0}}
				{item "bandage" {cell 0 1}}
			}
		}
		{Player 2}
		{MID 283}
		{NameId 9 53}
		{FsmState "stand"}
	}
	{Human "ger.infantry_smg" 0x811c
		{Position 4136.45 2211.31 61.692}
		{Turn 176.186}
		{Extender "inventory"
			{box
				{clear}
				{item "ammo pistol" 45 {cell 0 0}}
				{item "grenade m24" {cell 2 0}}
				{item "mp41" {cell 4 0}}
				{item "bandage" {cell 0 1}}
			}
		}
		{Player 2}
		{MID 282}
		{NameId 126 137}
		{FsmState "stand"}
	}
	{Entity "sdkfz10-5" 0x811a
		{Position 4076.06 2277.73 59.7617}
		{Turn 121.444}
		{Player 2}
		{MID 280}
	}
	{Human "ger.infantry_smg" 0x8119
		{Position 3970.64 2832.83 57.7348}
		{Turn -165.069}
		{Extender "inventory"
			{box
				{clear}
				{item "ammo pistol" 45 {cell 0 0}}
				{item "grenade m24" {cell 2 0}}
				{item "mp41" {cell 4 0}}
				{item "bandage" {cell 0 1}}
				{item "grenade m24x5" {cell 2 1}}
			}
		}
		{Player 2}
		{MID 279}
		{NameId 1 133}
		{FsmState "stand"}
	}
	{Human "ger.infantry_smg" 0x8118
		{Position 3946.62 2827.94 56.2056}
		{Turn -3.57633}
		{Extender "inventory"
			{box
				{clear}
				{item "ammo pistol" 45 {cell 0 0}}
				{item "grenade m24" {cell 2 0}}
				{item "mp41" {cell 4 0}}
				{item "bandage" {cell 0 1}}
				{item "grenade m24x5" {cell 2 1}}
			}
		}
		{Player 2}
		{MID 278}
		{NameId 39 117}
		{FsmState "stand"}
	}
	{Entity "blitz-fuel" 0x8117
		{Position 3899.9 2830.48 54.3985}
		{Turn 47.4056}
		{Extender "inventory"
			{box
				{clear}
				{item "fuel" 1000 {cell 0 1}}
			}
		}
		{Player 2}
		{MID 277}
		{Chassis
			{FuelBag
				{Remain 200}
			}
		}
	}
	{Entity "kubel" 0x8116
		{Position 4482.49 1039.91 48.1667}
		{Turn 47.4896}
		{Player 2}
		{MID 276}
		{Chassis
			{FuelBag
				{Remain 0}
			}
		}
	}
	{Human "ger.infantry_smg" 0x8115
		{Position 4643.67 997.555 46.7559}
		{Turn 163.61}
		{Extender "inventory"
			{box
				{clear}
				{item "ammo pistol" 45 {cell 0 0}}
				{item "grenade m24" {cell 2 0}}
				{item "mp41" {cell 4 0}}
				{item "bandage" {cell 0 1}}
				{item "grenade m24x5" {cell 2 1}}
			}
		}
		{Player 2}
		{MID 275}
		{NameId 25 112}
		{FsmState "stand"}
	}
	{Human "ger.oficer" 0x8114
		{Position 4627.99 1236.29 33.5711}
		{Turn 93.1798}
		{Extender "inventory"
			{box
				{clear}
				{item "valter" {cell 0 0}}
				{item "ammo pistol" 32 {cell 2 0}}
				{item "knife" {cell 4 0}}
			}
		}
		{Player 2}
		{MID 274}
		{NameId 62 116}
		{FsmState "stand"}
	}
	{Human "ger.infantry_smg" 0x8113
		{Position 4613.9 1474.18 8.58154}
		{Turn 93.1798}
		{Extender "inventory"
			{box
				{clear}
				{item "ammo pistol" 45 {cell 0 0}}
				{item "grenade m24" {cell 2 0}}
				{item "mp41" {cell 4 0}}
				{item "bandage" {cell 0 1}}
				{item "grenade m24x5" {cell 2 1}}
			}
		}
		{Player 2}
		{MID 273}
		{NameId 66 129}
		{FsmState "stand"}
	}
	{Human "ger.infantry_smg" 0x8112
		{Position 4783.03 1619.71 0}
		{Turn 93.1798}
		{Extender "inventory"
			{box
				{clear}
				{item "ammo pistol" 45 {cell 0 0}}
				{item "grenade m24" {cell 2 0}}
				{item "mp41" {cell 4 0}}
				{item "bandage" {cell 0 1}}
			}
		}
		{Player 2}
		{MID 272}
		{NameId 140 20}
		{FsmState "stand"}
	}
	{Human "ger.oficer" 0x8111
		{Position 4867.3 153.79 73}
		{Turn 93.1798}
		{Extender "inventory"
			{box
				{clear}
				{item "valter" {cell 0 0}}
				{item "ammo pistol" 32 {cell 2 0}}
				{item "knife" {cell 4 0}}
			}
		}
		{Player 2}
		{MID 271}
		{NameId 60 99}
		{FsmState "stand"}
	}
	{Human "ger.infantry_smg" 0x8110
		{Position 5007.25 273.015 68.1916}
		{Turn 93.1798}
		{Extender "inventory"
			{box
				{clear}
				{item "ammo pistol" 45 {cell 0 0}}
				{item "grenade m24" {cell 2 0}}
				{item "mp41" {cell 4 0}}
				{item "bandage" {cell 0 1}}
				{item "grenade m24x5" {cell 2 1}}
			}
		}
		{Player 2}
		{MID 270}
		{NameId 122 37}
		{FsmState "stand"}
	}
	{Human "ger.infantry_smg" 0x810f
		{Position 5163.09 388.112 65.3094}
		{Turn 93.1798}
		{Extender "inventory"
			{box
				{clear}
				{item "ammo pistol" 45 {cell 0 0}}
				{item "grenade m24" {cell 2 0}}
				{item "mp41" {cell 4 0}}
				{item "bandage" {cell 0 1}}
			}
		}
		{Player 2}
		{MID 269}
		{NameId 21 98}
		{FsmState "stand"}
	}
	{Human "rus.oficer" 0x810e
		{Position 1669.3 9143.56 18.9278}
		{Orientation
			 -0.331534  -0.940733  -0.071469
			  0.942030  -0.334231   0.029488
			 -0.051627  -0.057549   0.997008
		}
		{Extender "inventory"
			{box
				{clear}
				{item "ammo pistol" 18 {cell 0 0}}
				{item "tt" {cell 2 0}}
				{item "grenade f1" {cell 4 0}}
				{item "grenade f1" {cell 5 0}}
			}
		}
		{DisableObstacles}
		{Player 1}
		{MID 268}
		{NameId 57 66}
		{FsmState "board"}
	}
	{Human "rus.infantry_smg" 0x810d
		{Position 1654.51 9145.5 17.1103}
		{Orientation
			 -0.324481  -0.929877  -0.173392
			  0.942025  -0.334236   0.029588
			 -0.085467  -0.153739   0.984421
		}
		{Extender "inventory"
			{box
				{clear}
				{item "ppsh" {cell 0 0}}
				{item "ammo pistol" 100 {cell 4 0}}
				{item "ammo pistol" 42 {cell 6 0}}
				{item "grenade f1" {cell 4 1}}
			}
		}
		{DisableObstacles}
		{Player 1}
		{MID 267}
		{NameId 70 74}
		{FsmState "board"}
	}
	{Entity "bmw-r12" 0x810c
		{Position 1658.79 9138.29 17.7763}
		{Turn -109.416}
		{Player 1}
		{MID 266}
		{Chassis
			{FuelBag
				{Remain 200}
			}
		}
	}
	{Human "ger.infantry_smg" 0x810b
		{Position -1407.37 2783.03 25.0194}
		{Orientation
			  0.013875   0.994006   0.108300
			 -0.995025   0.002959   0.099600
			  0.098689  -0.109161   0.989100
		}
		{Extender "inventory"
			{box
				{clear}
				{item "ammo pistol" 45 {cell 0 0}}
				{item "grenade m24" {cell 2 0}}
				{item "mp41" {cell 4 0}}
				{item "bandage" {cell 0 1}}
				{item "grenade m24x5" {cell 2 1}}
			}
		}
		{DisableObstacles}
		{Player 2}
		{MID 265}
		{NameId 57 120}
		{FsmState "board"}
	}
	{Human "ger.infantry_smg" 0x810a
		{Position -1419.3 2770.38 23.5579}
		{Orientation
			 -0.848200   0.500365   0.173600
			 -0.508124  -0.861253   0.000000
			  0.149537  -0.088216   0.984800
		}
		{Extender "inventory"
			{box
				{clear}
				{item "ammo pistol" 45 {cell 0 0}}
				{item "grenade m24" {cell 2 0}}
				{item "mp41" {cell 4 0}}
				{item "bandage" {cell 0 1}}
				{item "grenade m24x5" {cell 2 1}}
			}
		}
		{DisableObstacles}
		{Player 2}
		{MID 264}
		{NameId 58 42}
		{FsmState "board"}
	}
	{Human "ger.infantry_smg" 0x8109
		{Position -1404.84 2735.33 25.0194}
		{Orientation
			 -0.679017  -0.620573   0.392300
			  0.702082  -0.705173   0.099600
			  0.214837   0.342986   0.914400
		}
		{Extender "inventory"
			{box
				{clear}
				{item "ammo pistol" 45 {cell 0 0}}
				{item "grenade m24" {cell 2 0}}
				{item "mp41" {cell 4 0}}
				{item "bandage" {cell 0 1}}
				{item "grenade m24x5" {cell 2 1}}
			}
		}
		{DisableObstacles}
		{Player 2}
		{MID 263}
		{NameId 104 56}
		{FsmState "board"}
	}
	{Human "ger.infantry_smg" 0x8108
		{Position -1384.29 2734.99 25.0194}
		{Orientation
			 -0.180083  -0.968179   0.173600
			  0.983139  -0.182861   0.000000
			  0.031762   0.170745   0.984800
		}
		{Extender "inventory"
			{box
				{clear}
				{item "ammo pistol" 45 {cell 0 0}}
				{item "grenade m24" {cell 2 0}}
				{item "mp41" {cell 4 0}}
				{item "bandage" {cell 0 1}}
			}
		}
		{DisableObstacles}
		{Player 2}
		{MID 262}
		{NameId 138 0}
		{FsmState "board"}
	}
	{Human "ger.tank_com" 0x8107
		{Position -1369.35 2762.61 0}
		{Orientation
			  0.986394   0.164399   0.000000
			  0.164399  -0.986394   0.000000
			  0.000000   0.000000   1.000000
		}
		{Extender "inventory"
			{box
				{clear}
				{item "ammo pistol" 60 {cell 0 0}}
				{item "knife" {cell 2 0}}
				{item "valter" {cell 4 0}}
			}
		}
		{Player 2}
		{MID 261}
		{NameId 2 122}
		{FsmState "board"}
	}
	{Human "ger.tank_crew" 0x8106
		{Position -1369.35 2762.61 0}
		{Orientation
			  0.986394   0.164399   0.000000
			  0.164399  -0.986394   0.000000
			  0.000000   0.000000   1.000000
		}
		{Extender "inventory"
			{box
				{clear}
				{item "ammo pistol" 40 {cell 0 0}}
				{item "grenade m24" {cell 2 0}}
				{item "grenade m24" {cell 4 0}}
				{item "mp40" {cell 0 1}}
			}
		}
		{Player 2}
		{MID 260}
		{NameId 58 88}
		{FsmState "board"}
	}
	{Human "ger.tank_crew" 0x8105
		{Position -1369.35 2762.61 0}
		{Orientation
			  0.986394   0.164399   0.000000
			  0.164399  -0.986394   0.000000
			  0.000000   0.000000   1.000000
		}
		{Extender "inventory"
			{box
				{clear}
				{item "ammo pistol" 40 {cell 0 0}}
				{item "grenade m24" {cell 2 0}}
				{item "grenade m24" {cell 4 0}}
				{item "mp40" {cell 0 1}}
			}
		}
		{Player 2}
		{MID 259}
		{NameId 46 133}
		{FsmState "board"}
	}
	{Human "ger.tank_crew" 0x8104
		{Position -1369.35 2762.61 0}
		{Orientation
			  0.986394   0.164399   0.000000
			  0.164399  -0.986394   0.000000
			  0.000000   0.000000   1.000000
		}
		{Extender "inventory"
			{box
				{clear}
				{item "ammo pistol" 40 {cell 0 0}}
				{item "grenade m24" {cell 2 0}}
				{item "grenade m24" {cell 4 0}}
				{item "mp40" {cell 0 1}}
			}
		}
		{Player 2}
		{MID 258}
		{NameId 123 29}
		{FsmState "board"}
	}
	{Human "ger.infantry_smg" 0x8103
		{Position -1312.42 1471.15 25.0194}
		{Orientation
			 -0.188351  -0.966604   0.173600
			  0.981540  -0.191257   0.000000
			  0.033220   0.170467   0.984800
		}
		{Extender "inventory"
			{box
				{clear}
				{item "ammo pistol" 45 {cell 0 0}}
				{item "grenade m24" {cell 2 0}}
				{item "mp41" {cell 4 0}}
				{item "bandage" {cell 0 1}}
				{item "grenade m24x5" {cell 2 1}}
			}
		}
		{DisableObstacles}
		{Player 2}
		{MID 257}
		{NameId 13 101}
		{FsmState "board"}
	}
	{Human "ger.infantry_smg" 0x8102
		{Position -1335.09 1519.38 25.0194}
		{Orientation
			  0.022370   0.993851   0.108300
			 -0.994963   0.011463   0.099600
			  0.097752  -0.110000   0.989100
		}
		{Extender "inventory"
			{box
				{clear}
				{item "ammo pistol" 45 {cell 0 0}}
				{item "grenade m24" {cell 2 0}}
				{item "mp41" {cell 4 0}}
				{item "bandage" {cell 0 1}}
			}
		}
		{DisableObstacles}
		{Player 2}
		{MID 256}
		{NameId 48 135}
		{FsmState "board"}
	}
	{Human "ger.infantry_smg" 0x8101
		{Position -1332.97 1471.67 25.0194}
		{Orientation
			 -0.684296  -0.614747   0.392300
			  0.696030  -0.711148   0.099600
			  0.217760   0.341137   0.914400
		}
		{Extender "inventory"
			{box
				{clear}
				{item "ammo pistol" 45 {cell 0 0}}
				{item "grenade m24" {cell 2 0}}
				{item "mp41" {cell 4 0}}
				{item "bandage" {cell 0 1}}
				{item "grenade m24x5" {cell 2 1}}
			}
		}
		{DisableObstacles}
		{Player 2}
		{MID 255}
		{NameId 106 104}
		{FsmState "board"}
	}
	{Human "ger.infantry_smg" 0x8100
		{Position -1347.13 1506.83 23.5579}
		{Orientation
			 -0.843893   0.507596   0.173600
			 -0.515467  -0.856879   0.000000
			  0.148778  -0.089491   0.984800
		}
		{Extender "inventory"
			{box
				{clear}
				{item "ammo pistol" 45 {cell 0 0}}
				{item "grenade m24" {cell 2 0}}
				{item "mp41" {cell 4 0}}
				{item "bandage" {cell 0 1}}
				{item "grenade m24x5" {cell 2 1}}
			}
		}
		{DisableObstacles}
		{Player 2}
		{MID 254}
		{NameId 62 7}
		{FsmState "board"}
	}
	{Human "ger.tank_com" 0x80ff
		{Position -1297.25 1498.64 0}
		{Orientation
			  0.987763   0.155963   0.000000
			  0.155963  -0.987763   0.000000
			  0.000000   0.000000   1.000000
		}
		{Extender "inventory"
			{box
				{clear}
				{item "ammo pistol" 60 {cell 0 0}}
				{item "knife" {cell 2 0}}
				{item "valter" {cell 4 0}}
			}
		}
		{Player 2}
		{MID 253}
		{NameId 13 96}
		{FsmState "board"}
	}
	{Human "ger.tank_crew" 0x80fe
		{Position -1297.25 1498.64 0}
		{Orientation
			  0.987763   0.155963   0.000000
			  0.155963  -0.987763   0.000000
			  0.000000   0.000000   1.000000
		}
		{Extender "inventory"
			{box
				{clear}
				{item "ammo pistol" 40 {cell 0 0}}
				{item "grenade m24" {cell 2 0}}
				{item "grenade m24" {cell 4 0}}
				{item "mp40" {cell 0 1}}
			}
		}
		{Player 2}
		{MID 252}
		{NameId 45 116}
		{FsmState "board"}
	}
	{Human "ger.tank_crew" 0x80fd
		{Position -1297.25 1498.64 0}
		{Orientation
			  0.987763   0.155963   0.000000
			  0.155963  -0.987763   0.000000
			  0.000000   0.000000   1.000000
		}
		{Extender "inventory"
			{box
				{clear}
				{item "ammo pistol" 40 {cell 0 0}}
				{item "grenade m24" {cell 2 0}}
				{item "grenade m24" {cell 4 0}}
				{item "mp40" {cell 0 1}}
			}
		}
		{Player 2}
		{MID 251}
		{NameId 75 146}
		{FsmState "board"}
	}
	{Human "ger.tank_crew" 0x80fc
		{Position -1297.25 1498.64 0}
		{Orientation
			  0.987763   0.155963   0.000000
			  0.155963  -0.987763   0.000000
			  0.000000   0.000000   1.000000
		}
		{Extender "inventory"
			{box
				{clear}
				{item "ammo pistol" 40 {cell 0 0}}
				{item "grenade m24" {cell 2 0}}
				{item "grenade m24" {cell 4 0}}
				{item "mp40" {cell 0 1}}
			}
		}
		{Player 2}
		{MID 250}
		{NameId 23 66}
		{FsmState "board"}
	}
	{Human "ger.infantry_smg" 0x80fb
		{Position -1095.23 1329.41 25.0194}
		{Orientation
			 -0.080925   0.990803   0.108300
			 -0.990777  -0.091889   0.099600
			  0.108643  -0.099258   0.989100
		}
		{Extender "inventory"
			{box
				{clear}
				{item "ammo pistol" 45 {cell 0 0}}
				{item "grenade m24" {cell 2 0}}
				{item "mp41" {cell 4 0}}
				{item "bandage" {cell 0 1}}
			}
		}
		{DisableObstacles}
		{Player 2}
		{MID 249}
		{NameId 46 147}
		{FsmState "board"}
	}
	{Human "ger.infantry_smg" 0x80fa
		{Position -1105.9 1315.68 23.5579}
		{Orientation
			 -0.892028   0.417246   0.173600
			 -0.423726  -0.905761   0.000000
			  0.157264  -0.073563   0.984800
		}
		{Extender "inventory"
			{box
				{clear}
				{item "ammo pistol" 45 {cell 0 0}}
				{item "grenade m24" {cell 2 0}}
				{item "mp41" {cell 4 0}}
				{item "bandage" {cell 0 1}}
				{item "grenade m24x5" {cell 2 1}}
			}
		}
		{DisableObstacles}
		{Player 2}
		{MID 248}
		{NameId 108 147}
		{FsmState "board"}
	}
	{Human "ger.infantry_smg" 0x80f9
		{Position -1088.17 1282.17 25.0194}
		{Orientation
			 -0.616780  -0.682464   0.392300
			  0.766095  -0.635048   0.099600
			  0.181169   0.361900   0.914400
		}
		{Extender "inventory"
			{box
				{clear}
				{item "ammo pistol" 45 {cell 0 0}}
				{item "grenade m24" {cell 2 0}}
				{item "mp41" {cell 4 0}}
				{item "bandage" {cell 0 1}}
				{item "grenade m24x5" {cell 2 1}}
			}
		}
		{DisableObstacles}
		{Player 2}
		{MID 247}
		{NameId 26 67}
		{FsmState "board"}
	}
	{Human "ger.infantry_smg" 0x80f8
		{Position -1067.68 1283.79 25.0194}
		{Orientation
			 -0.086987  -0.980935   0.173600
			  0.996092  -0.088327   0.000000
			  0.015344   0.172995   0.984800
		}
		{Extender "inventory"
			{box
				{clear}
				{item "ammo pistol" 45 {cell 0 0}}
				{item "grenade m24" {cell 2 0}}
				{item "mp41" {cell 4 0}}
				{item "bandage" {cell 0 1}}
				{item "grenade m24x5" {cell 2 1}}
			}
		}
		{DisableObstacles}
		{Player 2}
		{MID 246}
		{NameId 124 43}
		{FsmState "board"}
	}
	{Human "ger.tank_com" 0x80f7
		{Position -1055.44 1312.71 0}
		{Orientation
			  0.966235   0.257662   0.000000
			  0.257662  -0.966235   0.000000
			  0.000000   0.000000   1.000000
		}
		{Extender "inventory"
			{box
				{clear}
				{item "ammo pistol" 60 {cell 0 0}}
				{item "knife" {cell 2 0}}
				{item "valter" {cell 4 0}}
			}
		}
		{Player 2}
		{MID 245}
		{NameId 143 39}
		{FsmState "board"}
	}
	{Human "ger.tank_crew" 0x80f6
		{Position -1055.44 1312.71 0}
		{Orientation
			  0.966235   0.257662   0.000000
			  0.257662  -0.966235   0.000000
			  0.000000   0.000000   1.000000
		}
		{Extender "inventory"
			{box
				{clear}
				{item "ammo pistol" 40 {cell 0 0}}
				{item "grenade m24" {cell 2 0}}
				{item "grenade m24" {cell 4 0}}
				{item "mp40" {cell 0 1}}
			}
		}
		{Player 2}
		{MID 244}
		{NameId 125 107}
		{FsmState "board"}
	}
	{Human "ger.tank_crew" 0x80f5
		{Position -1055.44 1312.71 0}
		{Orientation
			  0.966235   0.257662   0.000000
			  0.257662  -0.966235   0.000000
			  0.000000   0.000000   1.000000
		}
		{Extender "inventory"
			{box
				{clear}
				{item "ammo pistol" 40 {cell 0 0}}
				{item "grenade m24" {cell 2 0}}
				{item "grenade m24" {cell 4 0}}
				{item "mp40" {cell 0 1}}
			}
		}
		{Player 2}
		{MID 243}
		{NameId 6 8}
		{FsmState "board"}
	}
	{Human "ger.tank_crew" 0x80f4
		{Position -1055.44 1312.71 0}
		{Orientation
			  0.966235   0.257662   0.000000
			  0.257662  -0.966235   0.000000
			  0.000000   0.000000   1.000000
		}
		{Extender "inventory"
			{box
				{clear}
				{item "ammo pistol" 40 {cell 0 0}}
				{item "grenade m24" {cell 2 0}}
				{item "grenade m24" {cell 4 0}}
				{item "mp40" {cell 0 1}}
			}
		}
		{Player 2}
		{MID 242}
		{NameId 120 61}
		{FsmState "board"}
	}
	{Human "ger.infantry_smg" 0x80f3
		{Position 5925.34 8782.06 25.0194}
		{Orientation
			  0.981376   0.158560   0.108300
			 -0.169488   0.980488   0.099600
			 -0.090411  -0.116110   0.989100
		}
		{Extender "inventory"
			{box
				{clear}
				{item "ammo pistol" 45 {cell 0 0}}
				{item "grenade m24" {cell 2 0}}
				{item "mp41" {cell 4 0}}
				{item "bandage" {cell 0 1}}
				{item "grenade m24x5" {cell 2 1}}
			}
		}
		{DisableObstacles}
		{Player 2}
		{MID 241}
		{NameId 96 22}
		{FsmState "board"}
	}
	{Human "ger.infantry_smg" 0x80f2
		{Position 5910.82 8791.62 23.5579}
		{Orientation
			  0.345834   0.922067   0.173600
			 -0.936267   0.351215   0.000000
			 -0.060973  -0.162560   0.984800
		}
		{Extender "inventory"
			{box
				{clear}
				{item "ammo pistol" 45 {cell 0 0}}
				{item "grenade m24" {cell 2 0}}
				{item "mp41" {cell 4 0}}
				{item "bandage" {cell 0 1}}
			}
		}
		{DisableObstacles}
		{Player 2}
		{MID 240}
		{NameId 138 43}
		{FsmState "board"}
	}
	{Human "ger.infantry_smg" 0x80f1
		{Position 5878.8 8771.31 25.0194}
		{Orientation
			 -0.728837   0.561224   0.392300
			 -0.572862  -0.813645   0.099600
			  0.375022  -0.152160   0.914400
		}
		{Extender "inventory"
			{box
				{clear}
				{item "ammo pistol" 45 {cell 0 0}}
				{item "grenade m24" {cell 2 0}}
				{item "mp41" {cell 4 0}}
				{item "bandage" {cell 0 1}}
				{item "grenade m24x5" {cell 2 1}}
			}
		}
		{DisableObstacles}
		{Player 2}
		{MID 239}
		{NameId 73 102}
		{FsmState "board"}
	}
	{Human "ger.infantry_smg" 0x80f0
		{Position 5882.03 8751 25.0194}
		{Orientation
			 -0.984737   0.009608   0.173600
			 -0.009752  -0.999952   0.000000
			  0.173666  -0.001698   0.984800
		}
		{Extender "inventory"
			{box
				{clear}
				{item "ammo pistol" 45 {cell 0 0}}
				{item "grenade m24" {cell 2 0}}
				{item "mp41" {cell 4 0}}
				{item "bandage" {cell 0 1}}
				{item "grenade m24x5" {cell 2 1}}
			}
		}
		{DisableObstacles}
		{Player 2}
		{MID 238}
		{NameId 128 108}
		{FsmState "board"}
	}
	{Human "ger.infantry_smg" 0x80ef
		{Position 5779.74 8587.79 25.6461}
		{Orientation
			  0.983859  -0.178105   0.016370
			  0.175925   0.980404   0.088672
			 -0.031860  -0.084364   0.995913
		}
		{Extender "inventory"
			{box
				{clear}
				{item "ammo pistol" 45 {cell 0 0}}
				{item "grenade m24" {cell 2 0}}
				{item "mp41" {cell 4 0}}
				{item "bandage" {cell 0 1}}
			}
		}
		{DisableObstacles}
		{Player 2}
		{MID 237}
		{NameId 66 11}
		{FsmState "board"}
	}
	{Human "ger.infantry_smg" 0x80ee
		{Position 5769.15 8601.64 25.234}
		{Orientation
			  0.647060   0.753213   0.118022
			 -0.762108   0.643150   0.074150
			 -0.020061  -0.137947   0.990224
		}
		{Extender "inventory"
			{box
				{clear}
				{item "ammo pistol" 45 {cell 0 0}}
				{item "grenade m24" {cell 2 0}}
				{item "mp41" {cell 4 0}}
				{item "bandage" {cell 0 1}}
				{item "grenade m24x5" {cell 2 1}}
			}
		}
		{DisableObstacles}
		{Player 2}
		{MID 236}
		{NameId 83 49}
		{FsmState "board"}
	}
	{Human "ger.infantry_smg" 0x80ed
		{Position 5728.77 8572.94 30.3103}
		{Orientation
			 -0.905035   0.336347   0.260227
			 -0.341410  -0.939528   0.026957
			  0.253627  -0.064477   0.965148
		}
		{Extender "inventory"
			{box
				{clear}
				{item "ammo pistol" 45 {cell 0 0}}
				{item "grenade m24" {cell 2 0}}
				{item "mp41" {cell 4 0}}
				{item "bandage" {cell 0 1}}
				{item "grenade m24x5" {cell 2 1}}
			}
		}
		{DisableObstacles}
		{Player 2}
		{MID 235}
		{NameId 116 32}
		{FsmState "board"}
	}
	{Human "ger.infantry_smg" 0x80ec
		{Position 5732.49 8593.15 30.0675}
		{Orientation
			 -0.461304   0.770032   0.440822
			 -0.798833  -0.576719   0.171374
			  0.386112  -0.273082   0.881059
		}
		{Extender "inventory"
			{box
				{clear}
				{item "ammo pistol" 45 {cell 0 0}}
				{item "grenade m24" {cell 2 0}}
				{item "mp41" {cell 4 0}}
				{item "bandage" {cell 0 1}}
				{item "grenade m24x5" {cell 2 1}}
			}
		}
		{DisableObstacles}
		{Player 2}
		{MID 234}
		{NameId 25 66}
		{FsmState "board"}
	}
	{Human "ger.infantry_smg" 0x80eb
		{Position 5931.08 8477.78 25.0194}
		{Orientation
			  0.954286  -0.278530   0.108300
			  0.268281   0.958180   0.099600
			 -0.131531  -0.065993   0.989100
		}
		{Extender "inventory"
			{box
				{clear}
				{item "ammo pistol" 45 {cell 0 0}}
				{item "grenade m24" {cell 2 0}}
				{item "mp41" {cell 4 0}}
				{item "bandage" {cell 0 1}}
			}
		}
		{DisableObstacles}
		{Player 2}
		{MID 233}
		{NameId 38 20}
		{FsmState "board"}
	}
	{Human "ger.infantry_smg" 0x80ea
		{Position 5922.07 8492.64 23.5579}
		{Orientation
			  0.708496   0.683989   0.173600
			 -0.694500   0.719457   0.000000
			 -0.124910  -0.120586   0.984800
		}
		{Extender "inventory"
			{box
				{clear}
				{item "ammo pistol" 45 {cell 0 0}}
				{item "grenade m24" {cell 2 0}}
				{item "mp41" {cell 4 0}}
				{item "bandage" {cell 0 1}}
				{item "grenade m24x5" {cell 2 1}}
			}
		}
		{DisableObstacles}
		{Player 2}
		{MID 232}
		{NameId 141 127}
		{FsmState "board"}
	}
	{Human "ger.infantry_smg" 0x80e9
		{Position 5878.62 8468.34 25.0194}
		{Orientation
			 -0.885058   0.431825   0.173600
			 -0.438493  -0.898735   0.000000
			  0.156085  -0.076158   0.984800
		}
		{Extender "inventory"
			{box
				{clear}
				{item "ammo pistol" 45 {cell 0 0}}
				{item "grenade m24" {cell 2 0}}
				{item "mp41" {cell 4 0}}
				{item "bandage" {cell 0 1}}
				{item "grenade m24x5" {cell 2 1}}
			}
		}
		{DisableObstacles}
		{Player 2}
		{MID 231}
		{NameId 112 133}
		{FsmState "board"}
	}
	{Human "ger.infantry_smg" 0x80e8
		{Position 5884.44 8488.06 25.0194}
		{Orientation
			 -0.416954   0.819954   0.392300
			 -0.866905  -0.488532   0.099600
			  0.273248  -0.298545   0.914400
		}
		{Extender "inventory"
			{box
				{clear}
				{item "ammo pistol" 45 {cell 0 0}}
				{item "grenade m24" {cell 2 0}}
				{item "mp41" {cell 4 0}}
				{item "bandage" {cell 0 1}}
				{item "grenade m24x5" {cell 2 1}}
			}
		}
		{DisableObstacles}
		{Player 2}
		{MID 230}
		{NameId 50 8}
		{FsmState "board"}
	}
	{Human "ger.tank_com" 0x80e7
		{Position 5911.82 8741.08 0}
		{Orientation
			  0.332819  -0.942991   0.000000
			 -0.942991  -0.332819   0.000000
			  0.000000   0.000000   1.000000
		}
		{Extender "inventory"
			{box
				{clear}
				{item "ammo pistol" 60 {cell 0 0}}
				{item "knife" {cell 2 0}}
				{item "valter" {cell 4 0}}
			}
		}
		{Player 2}
		{MID 229}
		{NameId 127 65}
		{FsmState "board"}
	}
	{Human "ger.tank_crew" 0x80e6
		{Position 5911.82 8741.08 0}
		{Orientation
			  0.332819  -0.942991   0.000000
			 -0.942991  -0.332819   0.000000
			  0.000000   0.000000   1.000000
		}
		{Extender "inventory"
			{box
				{clear}
				{item "ammo pistol" 40 {cell 0 0}}
				{item "grenade m24" {cell 2 0}}
				{item "grenade m24" {cell 4 0}}
				{item "mp40" {cell 0 1}}
			}
		}
		{Player 2}
		{MID 228}
		{NameId 97 107}
		{FsmState "board"}
	}
	{Human "ger.tank_crew" 0x80e5
		{Position 5911.82 8741.08 0}
		{Orientation
			  0.332819  -0.942991   0.000000
			 -0.942991  -0.332819   0.000000
			  0.000000   0.000000   1.000000
		}
		{Extender "inventory"
			{box
				{clear}
				{item "ammo pistol" 40 {cell 0 0}}
				{item "grenade m24" {cell 2 0}}
				{item "grenade m24" {cell 4 0}}
				{item "mp40" {cell 0 1}}
			}
		}
		{Player 2}
		{MID 227}
		{NameId 28 126}
		{FsmState "board"}
	}
	{Human "ger.tank_crew" 0x80e4
		{Position 5911.82 8741.08 0}
		{Orientation
			  0.332819  -0.942991   0.000000
			 -0.942991  -0.332819   0.000000
			  0.000000   0.000000   1.000000
		}
		{Extender "inventory"
			{box
				{clear}
				{item "ammo pistol" 40 {cell 0 0}}
				{item "grenade m24" {cell 2 0}}
				{item "grenade m24" {cell 4 0}}
				{item "mp40" {cell 0 1}}
			}
		}
		{Player 2}
		{MID 226}
		{NameId 61 103}
		{FsmState "board"}
	}
	{Human "ger.tank_com" 0x80e3
		{Position 5751.12 8553.78 3.00665}
		{Orientation
			 -0.000936  -0.999987  -0.005013
			 -0.995704   0.000468   0.092595
			  0.092591  -0.005078   0.995691
		}
		{Extender "inventory"
			{box
				{clear}
				{item "ammo pistol" 60 {cell 0 0}}
				{item "knife" {cell 2 0}}
				{item "valter" {cell 4 0}}
			}
		}
		{Player 2}
		{MID 225}
		{NameId 113 69}
		{FsmState "board"}
	}
	{Human "ger.tank_crew" 0x80e2
		{Position 5751.12 8553.78 3.00665}
		{Orientation
			 -0.000936  -0.999987  -0.005013
			 -0.995704   0.000468   0.092595
			  0.092591  -0.005078   0.995691
		}
		{Extender "inventory"
			{box
				{clear}
				{item "ammo pistol" 40 {cell 0 0}}
				{item "grenade m24" {cell 2 0}}
				{item "grenade m24" {cell 4 0}}
				{item "mp40" {cell 0 1}}
			}
		}
		{Player 2}
		{MID 224}
		{NameId 140 150}
		{FsmState "board"}
	}
	{Human "ger.tank_crew" 0x80e1
		{Position 5751.12 8553.78 3.00665}
		{Orientation
			 -0.000936  -0.999987  -0.005013
			 -0.995704   0.000468   0.092595
			  0.092591  -0.005078   0.995691
		}
		{Extender "inventory"
			{box
				{clear}
				{item "ammo pistol" 40 {cell 0 0}}
				{item "grenade m24" {cell 2 0}}
				{item "grenade m24" {cell 4 0}}
				{item "mp40" {cell 0 1}}
			}
		}
		{Player 2}
		{MID 223}
		{NameId 57 112}
		{FsmState "board"}
	}
	{Human "ger.tank_crew" 0x80e0
		{Position 5751.12 8553.78 3.00665}
		{Orientation
			 -0.000936  -0.999987  -0.005013
			 -0.995704   0.000468   0.092595
			  0.092591  -0.005078   0.995691
		}
		{Extender "inventory"
			{box
				{clear}
				{item "ammo pistol" 40 {cell 0 0}}
				{item "grenade m24" {cell 2 0}}
				{item "grenade m24" {cell 4 0}}
				{item "mp40" {cell 0 1}}
			}
		}
		{Player 2}
		{MID 222}
		{NameId 92 48}
		{FsmState "board"}
	}
	{Human "ger.tank_com" 0x80df
		{Position 5901.26 8446.58 0}
		{Orientation
			 -0.104685  -0.994505   0.000000
			 -0.994505   0.104685   0.000000
			  0.000000   0.000000   1.000000
		}
		{Extender "inventory"
			{box
				{clear}
				{item "ammo pistol" 60 {cell 0 0}}
				{item "knife" {cell 2 0}}
				{item "valter" {cell 4 0}}
			}
		}
		{Player 2}
		{MID 221}
		{NameId 49 63}
		{FsmState "board"}
	}
	{Human "ger.tank_crew" 0x80de
		{Position 5901.26 8446.58 0}
		{Orientation
			 -0.104685  -0.994505   0.000000
			 -0.994505   0.104685   0.000000
			  0.000000   0.000000   1.000000
		}
		{Extender "inventory"
			{box
				{clear}
				{item "ammo pistol" 40 {cell 0 0}}
				{item "grenade m24" {cell 2 0}}
				{item "grenade m24" {cell 4 0}}
				{item "mp40" {cell 0 1}}
			}
		}
		{Player 2}
		{MID 220}
		{NameId 9 145}
		{FsmState "board"}
	}
	{Human "ger.tank_crew" 0x80dd
		{Position 5901.26 8446.58 0}
		{Orientation
			 -0.104685  -0.994505   0.000000
			 -0.994505   0.104685   0.000000
			  0.000000   0.000000   1.000000
		}
		{Extender "inventory"
			{box
				{clear}
				{item "ammo pistol" 40 {cell 0 0}}
				{item "grenade m24" {cell 2 0}}
				{item "grenade m24" {cell 4 0}}
				{item "mp40" {cell 0 1}}
			}
		}
		{Player 2}
		{MID 219}
		{NameId 24 145}
		{FsmState "board"}
	}
	{Human "ger.tank_crew" 0x80dc
		{Position 5901.26 8446.58 0}
		{Orientation
			 -0.104685  -0.994505   0.000000
			 -0.994505   0.104685   0.000000
			  0.000000   0.000000   1.000000
		}
		{Extender "inventory"
			{box
				{clear}
				{item "ammo pistol" 40 {cell 0 0}}
				{item "grenade m24" {cell 2 0}}
				{item "grenade m24" {cell 4 0}}
				{item "mp40" {cell 0 1}}
			}
		}
		{Player 2}
		{MID 218}
		{NameId 26 78}
		{FsmState "board"}
	}
	{Human "rus.tankman" 0x80db
		{Position 4356.14 8987.41 22.7633}
		{Orientation
			 -0.486854   0.821795   0.295898
			 -0.867424  -0.494502  -0.054031
			  0.101929  -0.283025   0.953652
		}
		{Extender "inventory"
			{box
				{clear}
				{item "ammo pistol" 18 {cell 0 3}}
				{item "tt" {cell 0 0}}
				{item "grenade rpg40" {cell 2 0}}
			}
		}
		{DisableObstacles}
		{Player 1}
		{MID 217}
		{NameId 76 90}
		{FsmState "board"}
	}
	{Human "rus.tankman" 0x80da
		{Position 4365.43 8993.72 24.0947}
		{Orientation
			 -0.662016   0.694629   0.281406
			 -0.737317  -0.670816  -0.078792
			  0.134013  -0.259614   0.956319
		}
		{Extender "inventory"
			{box
				{clear}
				{item "ammo pistol" 18 {cell 0 3}}
				{item "tt" {cell 0 0}}
				{item "grenade rpg40" {cell 2 0}}
			}
		}
		{DisableObstacles}
		{Player 1}
		{MID 216}
		{NameId 87 31}
		{FsmState "board"}
	}
	{Human "rus.tankman" 0x80d9
		{Position 4374.54 9000.68 24.2733}
		{Orientation
			 -0.547214   0.817939   0.177688
			 -0.836039  -0.544211  -0.069202
			  0.040083  -0.186357   0.981586
		}
		{Extender "inventory"
			{box
				{clear}
				{item "ammo pistol" 18 {cell 0 3}}
				{item "tt" {cell 0 0}}
				{item "grenade rpg40" {cell 2 0}}
			}
		}
		{DisableObstacles}
		{Player 1}
		{MID 215}
		{NameId 54 92}
		{FsmState "board"}
	}
	{Human "rus.tankman" 0x80d8
		{Position 4382.51 9006.56 25.9374}
		{Orientation
			 -0.608008   0.740332   0.286665
			 -0.784107  -0.616453  -0.071068
			  0.124152  -0.268073   0.955305
		}
		{Extender "inventory"
			{box
				{clear}
				{item "ammo pistol" 18 {cell 0 3}}
				{item "tt" {cell 0 0}}
				{item "grenade rpg40" {cell 2 0}}
			}
		}
		{DisableObstacles}
		{Player 1}
		{MID 214}
		{NameId 28 27}
		{FsmState "board"}
	}
	{Entity "pz-3g" 0x80d7
		{Position 5911.82 8741.08 0}
		{Turn -70.56}
		{Player 2}
		{MID 213}
	}
	{Entity "pz-3g" 0x80d6
		{Position 5751.12 8553.78 3.00665}
		{Turn -90.0536}
		{Player 2}
		{MID 212}
	}
	{Entity "pz-3g" 0x80d5
		{Position 5901.26 8446.58 0}
		{Turn -96.009}
		{Player 2}
		{MID 211}
	}
	{Entity "pz-3g" 0x80d4
		{Position -1055.44 1312.71 0}
		{Turn 14.9314}
		{Player 2}
		{MID 210}
	}
	{Entity "pz-3g" 0x80d3
		{Position -1297.25 1498.64 0}
		{Turn 8.97263}
		{Player 2}
		{MID 209}
	}
	{Entity "pz-3g" 0x80d2
		{Position -1369.35 2762.61 0}
		{Turn 9.46232}
		{Player 2}
		{MID 208}
	}
	{Human "ger.infantry_smg" 0x80d1
		{Position 5568.01 8958.22 20.0613}
		{Orientation
			 -0.932487   0.360556   0.021618
			 -0.359518  -0.932247   0.040766
			  0.034852   0.030241   0.998935
		}
		{Extender "inventory"
			{box
				{clear}
				{item "ammo pistol" 45 {cell 0 0}}
				{item "grenade m24" {cell 2 0}}
				{item "mp41" {cell 4 0}}
				{item "bandage" {cell 0 1}}
			}
		}
		{DisableObstacles}
		{Player 2}
		{MID 207}
		{NameId 0 14}
		{FsmState "board"}
	}
	{Human "ger.tank_crew" 0x80d0
		{Position 5544.7 8973.27 10.6552}
		{Orientation
			 -0.845146   0.343821   0.409193
			 -0.359518  -0.932247   0.040766
			  0.395485  -0.112660   0.911494
		}
		{Extender "inventory"
			{box
				{clear}
				{item "ammo pistol" 40 {cell 0 0}}
				{item "grenade m24" {cell 2 0}}
				{item "grenade m24" {cell 4 0}}
				{item "mp40" {cell 0 1}}
			}
		}
		{DisableObstacles}
		{Player 2}
		{MID 206}
		{NameId 98 68}
		{FsmState "board"}
	}
	{Entity "sdkfz-223" 0x80cf
		{Position 5558.27 8961.15 1.26834}
		{Turn 158.86}
		{Player 2}
		{MID 205}
	}
	{Human "rus.infantry_rifle" 0x80ce
		{Position 4390.46 9012.69 25.6503}
		{Orientation
			 -0.662016   0.694629   0.281406
			 -0.737317  -0.670816  -0.078792
			  0.134013  -0.259614   0.956319
		}
		{Extender "inventory"
			{box
				{clear}
				{item "mosin" {cell 0 0}}
				{item "ammo rifle" 12 {cell 4 0}}
				{item "grenade f1" {cell 5 0}}
				{item "grenade f1" {cell 6 0}}
			}
		}
		{DisableObstacles}
		{Player 1}
		{MID 204}
		{NameId 22 13}
		{FsmState "board"}
	}
	{Human "rus.infantry_rifle" 0x80cd
		{Position 4380.19 9028.33 27.8256}
		{Orientation
			  0.486049  -0.871761   0.061913
			  0.870503   0.489115   0.053273
			 -0.076733   0.028016   0.996616
		}
		{Extender "inventory"
			{box
				{clear}
				{item "mosin" {cell 0 0}}
				{item "ammo rifle" 12 {cell 4 0}}
				{item "grenade f1" {cell 5 0}}
				{item "grenade f1" {cell 6 0}}
			}
		}
		{DisableObstacles}
		{Player 1}
		{MID 203}
		{NameId 72 97}
		{FsmState "board"}
	}
	{Human "rus.infantry_rifle" 0x80cc
		{Position 4370.87 9021.92 27.7218}
		{Orientation
			  0.661911  -0.745685   0.076252
			  0.741576   0.666181   0.078143
			 -0.109057   0.004923   0.993993
		}
		{Extender "inventory"
			{box
				{clear}
				{item "mosin" {cell 0 0}}
				{item "ammo rifle" 12 {cell 4 0}}
				{item "grenade f1" {cell 5 0}}
				{item "grenade f1" {cell 6 0}}
			}
		}
		{DisableObstacles}
		{Player 1}
		{MID 202}
		{NameId 74 22}
		{FsmState "board"}
	}
	{Human "rus.medic" 0x80cb
		{Position 4361.71 9015.17 26.3315}
		{Orientation
			  0.543475  -0.837792  -0.052851
			  0.839227   0.541184   0.052215
			 -0.015156  -0.072733   0.997189
		}
		{Extender "inventory"
			{box
				{clear}
				{item "ppsh" {cell 0 0}}
				{item "ammo pistol" 100 {cell 4 0}}
				{item "ammo pistol" 42 {cell 6 0}}
				{item "grenade f1" {cell 4 1}}
				{item "medkit" {cell 5 1}}
				{item "medkit" {cell 0 2}}
			}
		}
		{DisableObstacles}
		{Player 1}
		{MID 201}
		{NameId 20 70}
		{FsmState "board"}
	}
	{Human "rus.tankman" 0x80ca
		{Position 4353.72 9009.09 26.6256}
		{Orientation
			  0.607583  -0.791115   0.070930
			  0.788046   0.611580   0.070384
			 -0.099075   0.013223   0.994985
		}
		{Extender "inventory"
			{box
				{clear}
				{item "ammo pistol" 18 {cell 0 3}}
				{item "tt" {cell 0 0}}
				{item "grenade rpg40" {cell 2 0}}
			}
		}
		{DisableObstacles}
		{Player 1}
		{MID 200}
		{NameId 86 43}
		{FsmState "board"}
	}
	{Human "rus.tankman" 0x80c8
		{Position 4345.71 9003.26 24.9685}
		{Orientation
			  0.661911  -0.745685   0.076252
			  0.741576   0.666181   0.078143
			 -0.109057   0.004923   0.993993
		}
		{Extender "inventory"
			{box
				{clear}
				{item "ammo pistol" 18 {cell 0 3}}
				{item "tt" {cell 0 0}}
				{item "grenade rpg40" {cell 2 0}}
			}
		}
		{DisableObstacles}
		{Player 1}
		{MID 199}
		{NameId 21 92}
		{FsmState "board"}
	}
	{Human "rus.tank_com" 0x80c7
		{Position 4328.45 8985.77 18.7183}
		{Orientation
			 -0.799943  -0.596031  -0.068201
			  0.599851  -0.792340  -0.111250
			  0.012270  -0.129904   0.991356
		}
		{Extender "inventory"
			{box
				{clear}
				{item "ammo pistol" 60 {cell 0 0}}
				{item "tt" {cell 2 0}}
				{item "grenade f1" {cell 4 0}}
			}
		}
		{DisableObstacles}
		{Player 1}
		{MID 198}
		{NameId 1 92}
		{FsmState "board"}
	}
	{Human "rus.oficer" 0x80c6
		{Position 4335.51 8976.88 17.2866}
		{Orientation
			 -0.784574  -0.609694   0.111983
			  0.599851  -0.792340  -0.111250
			  0.156557  -0.020111   0.987375
		}
		{Extender "inventory"
			{box
				{clear}
				{item "ammo pistol" 18 {cell 0 0}}
				{item "tt" {cell 2 0}}
				{item "grenade f1" {cell 4 0}}
				{item "grenade f1" {cell 5 0}}
			}
		}
		{DisableObstacles}
		{Player 1}
		{MID 197}
		{NameId 70 32}
		{FsmState "board"}
	}
	{Entity "zis-5" 0x80c5
		{Position 4336.22 8987.38 3.6067}
		{Turn -143.311}
		{Extender "inventory"
			{box
				{clear}
				{item "repair_kit" {cell 0 0}}
				{item "barrel" filling "fuel" 50 {cell 2 0}}
			}
		}
		{Player 1}
		{MID 195}
	}
	{Human "ger.infantry_smg" 0x80c4
		{Position 5320.17 -849.059 19.214}
		{Orientation
			  0.062928   0.997914   0.014392
			 -0.997848   0.062645   0.019376
			  0.018434  -0.015580   0.999709
		}
		{Extender "inventory"
			{box
				{clear}
				{item "ammo pistol" 45 {cell 0 0}}
				{item "grenade m24" {cell 2 0}}
				{item "mp41" {cell 4 0}}
				{item "bandage" {cell 0 1}}
			}
		}
		{DisableObstacles}
		{Player 2}
		{MID 194}
		{NameId 73 126}
		{FsmState "board"}
	}
	{Human "ger.infantry_smg" 0x80c3
		{Position 5164.47 -1178.22 16.7896}
		{Orientation
			  0.984800   0.000000   0.173600
			 -0.000000   1.000000   0.000000
			 -0.173600  -0.000000   0.984800
		}
		{Extender "inventory"
			{box
				{clear}
				{item "ammo pistol" 45 {cell 0 0}}
				{item "grenade m24" {cell 2 0}}
				{item "mp41" {cell 4 0}}
				{item "bandage" {cell 0 1}}
				{item "grenade m24x5" {cell 2 1}}
			}
		}
		{DisableObstacles}
		{Player 2}
		{MID 193}
		{NameId 30 94}
		{FsmState "board"}
	}
	{Human "ger.infantry_smg" 0x80c2
		{Position 5164.47 -1188.66 16.7896}
		{Orientation
			  0.984800   0.000000   0.173600
			 -0.000000   1.000000   0.000000
			 -0.173600  -0.000000   0.984800
		}
		{Extender "inventory"
			{box
				{clear}
				{item "ammo pistol" 45 {cell 0 0}}
				{item "grenade m24" {cell 2 0}}
				{item "mp41" {cell 4 0}}
				{item "bandage" {cell 0 1}}
			}
		}
		{DisableObstacles}
		{Player 2}
		{MID 192}
		{NameId 101 20}
		{FsmState "board"}
	}
	{Human "ger.infantry_smg" 0x80c1
		{Position 5164.47 -1199.64 16.7896}
		{Orientation
			  0.984800   0.000000   0.173600
			 -0.000000   1.000000   0.000000
			 -0.173600  -0.000000   0.984800
		}
		{Extender "inventory"
			{box
				{clear}
				{item "ammo pistol" 45 {cell 0 0}}
				{item "grenade m24" {cell 2 0}}
				{item "mp41" {cell 4 0}}
				{item "bandage" {cell 0 1}}
			}
		}
		{DisableObstacles}
		{Player 2}
		{MID 191}
		{NameId 50 25}
		{FsmState "board"}
	}
	{Human "ger.infantry_smg" 0x80c0
		{Position 5164.47 -1210.72 16.7896}
		{Orientation
			  0.984800   0.000000   0.173600
			 -0.000000   1.000000   0.000000
			 -0.173600  -0.000000   0.984800
		}
		{Extender "inventory"
			{box
				{clear}
				{item "ammo pistol" 45 {cell 0 0}}
				{item "grenade m24" {cell 2 0}}
				{item "mp41" {cell 4 0}}
				{item "bandage" {cell 0 1}}
			}
		}
		{DisableObstacles}
		{Player 2}
		{MID 190}
		{NameId 81 44}
		{FsmState "board"}
	}
	{Human "ger.infantry_smg" 0x80bf
		{Position 5174.88 -1208.66 14.957}
		{Orientation
			 -0.984800  -0.001200   0.173600
			  0.001200  -1.000000   0.000000
			  0.173600   0.000200   0.984800
		}
		{Extender "inventory"
			{box
				{clear}
				{item "ammo pistol" 45 {cell 0 0}}
				{item "grenade m24" {cell 2 0}}
				{item "mp41" {cell 4 0}}
				{item "bandage" {cell 0 1}}
			}
		}
		{DisableObstacles}
		{Player 2}
		{MID 189}
		{NameId 118 111}
		{FsmState "board"}
	}
	{Human "ger.infantry_smg" 0x80be
		{Position 5174.87 -1198.49 14.957}
		{Orientation
			 -0.984800  -0.001200   0.173600
			  0.001200  -1.000000   0.000000
			  0.173600   0.000200   0.984800
		}
		{Extender "inventory"
			{box
				{clear}
				{item "ammo pistol" 45 {cell 0 0}}
