;Exported by: garry
;Date:        Fri Sep 10 16:37:49 2004
;File:        \\sharepoint\gamedev\DESIGN\-Projects-\-3DWork-\Constructions\ÆÄ\water_tower.max
{Skeleton
	{bone "tower"
		{Orientation
			1.0000	0.0000	0.0000
			0.0000	-1.0000	0.0000
			0.0000	0.0000	1.0000
		}
		{VolumeView "tower.ply"}
		{bone "attach1"
			{Matrix34
				-1.0000	0.0000	0.0000
				-0.0000	-1.0000	0.0000
				0.0000	0.0000	1.0000
				-0.3478	0.0294	168.5873
			}
		}
		{bone "node_ladder_top"
			{Position -39.5220	-25.4385	165.8720}
		}
		{bone "node_ladder_bottom"
			{Position -39.6852	-25.2385	13.7795}
		}
		{bone "emit"
			{parameters "Group=gunner;"}
			{Position -51.4442	-25.1968	0.0176}
			{visibility 0}
		}
		{bone "attach2"
			{Matrix34
				-1.0000	0.0000	0.0000
				-0.0000	-1.0000	0.0000
				0.0000	0.0000	1.0000
				-27.3284	2.2886	168.5873
			}
		}
		{bone "attach3"
			{Matrix34
				0.0872	0.9962	0.0000
				-0.9962	0.0872	0.0000
				0.0000	0.0000	1.0000
				-0.8182	43.2815	168.5873
			}
		}
		{bone "attach4"
			{Position 26.8486	0.3260	168.5873}
		}
		{bone "attach5"
			{Matrix34
				-0.0000	-1.0000	0.0000
				1.0000	-0.0000	0.0000
				0.0000	0.0000	1.0000
				-15.9483	-44.4939	168.5873
			}
		}
		{bone "attach6"
			{Matrix34
				0.7660	0.6428	0.0000
				-0.6428	0.7660	0.0000
				0.0000	0.0000	1.0000
				21.6797	35.3202	168.5873
			}
		}
		{bone "attach7"
			{Matrix34
				0.8192	-0.5736	0.0000
				0.5736	0.8192	0.0000
				0.0000	0.0000	1.0000
				19.8388	-39.3540	168.5873
			}
		}
	}
}
{Volume "place7"
	{Box 19.685 13.78 5.905}
	{Bone "tower"}
	{Matrix34
		-0.5736	-0.8192	0.0000
		0.8192	-0.5736	0.0000
		0.0000	0.0000	1.0000
		20.6441	-39.3018	173.4463
	}
}
{Volume "place6"
	{Box 19.685 13.78 5.905}
	{Bone "tower"}
	{Matrix34
		0.6428	-0.7660	0.0000
		0.7660	0.6428	0.0000
		0.0000	0.0000	1.0000
		21.8284	35.1716	173.4463
	}
}
{Volume "place5"
	{Box 19.685 13.78 5.905}
	{Bone "tower"}
	{Matrix34
		-1.0000	0.0000	0.0000
		-0.0000	-1.0000	0.0000
		0.0000	0.0000	1.0000
		-15.9668	-45.4550	173.4463
	}
}
{Volume "place4"
	{Box 19.685 13.78 5.905}
	{Bone "tower"}
	{Matrix34
		0.0000	-1.0000	0.0000
		1.0000	0.0000	0.0000
		0.0000	0.0000	1.0000
		28.7827	0.3076	173.4463
	}
}
{Volume "place3"
	{Box 19.685 13.78 5.905}
	{Bone "tower"}
	{Position -1.5480	44.8056	173.4463}
}
{Volume "place2"
	{Box 19.685 13.78 5.905}
	{Bone "tower"}
	{Matrix34
		-0.0000	1.0000	0.0000
		-1.0000	-0.0000	0.0000
		0.0000	0.0000	1.0000
		-29.0023	2.2347	173.4463
	}
}
{Volume "place1"
	{Box 19.685 19.685 5.905}
	{Bone "tower"}
	{Position -0.3830	0.0137	173.4463}
}
{Volume "Body"
	{Box 64.7845 101.394 104.38}
	{Bone "tower"}
	{Position 0.0000	-0.0000	52.1156}
}
{Volume "Body1"
	{Box 59.1818 97.3989 63.4341}
	{Bone "tower"}
	{Position 0.0000	-0.0000	135.8655}
}
