;Exported by: shevchenko
;Date:        Sun May 16 11:19:05 2004
;File:        D:\-Projects-\-3DWork-\sheva\SK\e-house3a_x.max
{Skeleton
	{animation
		{sequence "crush" {speed 0.4}}
	}
	{bone "e-house3x_x"
		{parameters "CommonMesh;"}
		{Orientation
			1.0000	0.0000	0.0000
			0.0000	-1.0000	0.0000
			0.0000	0.0000	1.0000
		}
		{VolumeView "e-house3x_x.ply"}
		{bone "Piece0"
			{Matrix34
				-0.0000	-1.0000	0.0000
				-0.0000	0.0000	1.0000
				-1.0000	0.0000	-0.0000
				-85.0022	15.0299	51.1717
			}
			{VolumeView "Piece0.ply"}
		}
		{bone "Piece1"
			{Matrix34
				-0.0000	-1.0000	0.0000
				-0.0000	0.0000	1.0000
				-1.0000	0.0000	-0.0000
				-85.0022	2.3439	109.1105
			}
			{VolumeView "Piece1.ply"}
		}
		{bone "Piece2"
			{Matrix34
				-0.0000	-1.0000	0.0000
				-0.0000	0.0000	1.0000
				-1.0000	0.0000	-0.0000
				-85.0022	-16.2795	50.7169
			}
			{VolumeView "Piece2.ply"}
		}
		{bone "Piece3"
			{Matrix34
				-0.0000	-1.0000	0.0000
				-0.0000	0.0000	1.0000
				-1.0000	0.0000	-0.0000
				-85.0022	-48.9351	50.3691
			}
			{VolumeView "Piece3.ply"}
		}
		{bone "Piece4"
			{Matrix34
				0.0000	1.0000	0.0000
				0.0000	-0.0000	1.0000
				1.0000	-0.0000	-0.0000
				84.1451	-49.9761	48.7727
			}
			{VolumeView "Piece4.ply"}
		}
		{bone "Piece5"
			{Matrix34
				0.0000	1.0000	0.0000
				0.0000	-0.0000	1.0000
				1.0000	-0.0000	-0.0000
				84.1451	-29.4831	80.9426
			}
			{VolumeView "Piece5.ply"}
		}
		{bone "Piece6"
			{Matrix34
				-0.0000	-1.0000	0.0000
				-0.0000	0.0000	1.0000
				-1.0000	0.0000	-0.0000
				-85.0022	-24.8928	82.3393
			}
			{VolumeView "Piece6.ply"}
		}
		{bone "Piece7"
			{Matrix34
				0.0000	1.0000	0.0000
				0.0000	-0.0000	1.0000
				1.0000	-0.0000	-0.0000
				84.2584	16.8340	50.7169
			}
			{VolumeView "Piece7.ply"}
		}
		{bone "Piece8"
			{Matrix34
				1.0000	-0.0000	0.0000
				-0.0000	-0.0000	1.0000
				-0.0000	-1.0000	-0.0000
				-11.9338	-55.1001	47.0233
			}
			{VolumeView "Piece8.ply"}
		}
		{bone "Piece9"
			{Matrix34
				-1.0000	0.0000	0.0000
				0.0000	0.0000	1.0000
				0.0000	1.0000	-0.0000
				-32.5319	55.3888	40.2117
			}
			{VolumeView "Piece9.ply"}
		}
		{bone "Piece10"
			{Matrix34
				0.0000	1.0000	0.0000
				0.0000	-0.0000	1.0000
				1.0000	-0.0000	-0.0000
				84.2584	49.4896	50.3691
			}
			{VolumeView "Piece10.ply"}
		}
		{bone "Piece11"
			{Matrix34
				0.0000	1.0000	0.0000
				0.0000	-0.0000	1.0000
				1.0000	-0.0000	-0.0000
				84.2584	-1.7894	109.1105
			}
			{VolumeView "Piece11.ply"}
		}
		{bone "Piece12"
			{Matrix34
				0.0000	1.0000	0.0000
				0.0000	-0.0000	1.0000
				1.0000	-0.0000	-0.0000
				84.2584	-14.4753	51.1717
			}
			{VolumeView "Piece12.ply"}
		}
		{bone "Piece13"
			{Matrix34
				1.0000	-0.0000	0.0000
				-0.0000	-0.0000	1.0000
				-0.0000	-1.0000	-0.0000
				-63.5786	-54.9868	44.6244
			}
			{VolumeView "Piece13.ply"}
		}
		{bone "Piece14"
			{Matrix34
				-0.6428	0.0000	0.7660
				0.7660	-0.0000	0.6428
				0.0000	1.0000	0.0000
				56.1001	55.3888	46.5617
			}
			{VolumeView "Piece14.ply"}
		}
		{bone "Sub_piece0"
			{Matrix34
				-1.0000	0.0000	0.0000
				0.0000	0.0000	1.0000
				0.0000	1.0000	-0.0000
				5.6778	55.3888	46.1069
			}
			{VolumeView "Sub_piece0.ply"}
		}
		{bone "Sub_piece1"
			{Matrix34
				-1.0000	-0.0000	-0.0000
				-0.0000	0.0000	1.0000
				-0.0000	1.0000	-0.0000
				76.5628	55.2755	44.1627
			}
			{VolumeView "Sub_piece1.ply"}
		}
		{bone "Sub_piece2"
			{Matrix34
				0.0000	1.0000	0.0000
				0.0000	-0.0000	1.0000
				1.0000	-0.0000	-0.0000
				84.2584	25.4474	82.3393
			}
			{VolumeView "Sub_piece2.ply"}
		}
		{bone "Sub_piece3"
			{Matrix34
				0.0000	1.0000	0.0000
				0.0000	-0.0000	1.0000
				1.0000	-0.0000	-0.0000
				68.3859	-74.3284	51.1717
			}
			{VolumeView "Sub_piece3.ply"}
		}
		{bone "Sub_piece4"
			{Matrix34
				-0.0000	-1.0000	0.0000
				-0.0000	0.0000	1.0000
				-1.0000	0.0000	-0.0000
				8.7895	-76.1187	43.3079
			}
			{VolumeView "Sub_piece4.ply"}
		}
	}
}
{Obstacle "Body5"
	{Obb2
		{Center 6.45418 -55.277}
		{Extent 12.2365 3.93701}
		{Axis 1 0}
	}
	{Rotate}
}
{Obstacle "Body4"
	{Obb2
		{Center 6.90323 -55.277}
		{Extent 49.1032 3.93701}
		{Axis 1 0}
	}
	{Rotate}
}
{Obstacle "Body3"
	{Obb2
		{Center -74.8238 55.7087}
		{Extent 13.4459 3.93701}
		{Axis 1 0}
	}
	{Rotate}
}
{Obstacle "Body2"
	{Obb2
		{Center 68.5941 67.0172}
		{Extent 3.93701 10.5873}
		{Axis 1 0}
	}
	{Rotate}
}
{Obstacle "Body"
	{Obb2
		{Center 67.4504 55.1252}
		{Extent 20.1625 3.93701}
		{Axis 1 0}
	}
	{Rotate}
}
{Obstacle "Body1"
	{Obb2
		{Center 84.1644 47.1459}
		{Extent 3.93701 11.8959}
		{Axis 1 0}
	}
	{Rotate}
}
{Volume "Body5"
	{Box 24.473 7.87402 33.3838}
	{Bone "e-house3x_x"}
	{Position 6.4542	55.2770	16.6919}
}
{Volume "Body4"
	{Box 98.2063 7.87402 13.0406}
	{Bone "e-house3x_x"}
	{Position 6.9032	55.2770	6.5203}
}
{Volume "Body3"
	{Box 26.8918 7.87402 53.2213}
	{Bone "e-house3x_x"}
	{Position -74.8238	-55.7087	26.6107}
}
{Volume "Body2"
	{Box 21.1747 7.87402 40.9395}
	{Bone "e-house3x_x"}
	{Matrix34
		-0.0000	1.0000	0.0000
		-1.0000	-0.0000	0.0000
		0.0000	0.0000	1.0000
		68.5941	-67.0172	20.4697
	}
}
{Volume "Body"
	{Box 40.325 7.87402 52.6892}
	{Bone "e-house3x_x"}
	{Position 67.4504	-55.1252	26.3446}
}
{Volume "Body1"
	{Box 23.7918 7.87402 58.485}
	{Bone "e-house3x_x"}
	{Matrix34
		-0.0000	1.0000	0.0000
		-1.0000	-0.0000	0.0000
		0.0000	0.0000	1.0000
		84.1644	-47.1459	29.2425
	}
}
{Volume "Sub_piece4"
	{Box 14.1259 10.7938 7.87402}
	{Bone "Sub_piece4"}
	{Matrix34
		0.6428	-0.7660	0.0000
		0.7660	0.6428	0.0000
		0.0000	0.0000	1.0000
		2.2215	1.5428	-0.0000
	}
}
{Volume "Sub_piece3"
	{Box 14.6985 11.4581 7.87402}
	{Bone "Sub_piece3"}
	{Matrix34
		0.7071	-0.7071	-0.0000
		0.7071	0.7071	0.0000
		0.0000	0.0000	1.0000
		1.0476	2.4907	-0.0000
	}
}
{Volume "Sub_piece2"
	{Box 19.4925 14.5635 7.87402}
	{Bone "Sub_piece2"}
	{Matrix34
		0.7071	-0.7071	-0.0000
		0.7071	0.7071	0.0000
		0.0000	0.0000	1.0000
		0.0000	0.0000	0.0000
	}
}
{Volume "Sub_piece1"
	{Box 12.0585 15.9374 7.87402}
	{Bone "Sub_piece1"}
	{Position -0.0000	-0.0000	0.0000}
}
{Volume "Sub_piece0"
	{Box 18.313 12.4156 7.87402}
	{Bone "Sub_piece0"}
	{Position 0.0000	-0.0000	-0.0000}
}
{Volume "Piece14"
	{Box 15.0803 11.7902 7.87402}
	{Bone "Piece14"}
	{Matrix34
		0.6428	-0.7660	-0.0000
		0.7660	0.6428	0.0000
		-0.0000	0.0000	1.0000
		1.7120	1.4365	-0.0000
	}
}
{Volume "Piece13"
	{Box 11.9215 17.8757 7.87402}
	{Bone "Piece13"}
	{Position -0.0000	-0.0000	0.0000}
}
{Volume "Piece12"
	{Box 16.4165 11.292 7.87402}
	{Bone "Piece12"}
	{Matrix34
		0.6428	-0.7660	0.0000
		0.7660	0.6428	-0.0000
		0.0000	-0.0000	1.0000
		1.3231	1.5321	-0.0000
	}
}
{Volume "Piece11"
	{Box 23.9001 17.2267 7.87402}
	{Bone "Piece11"}
	{Position -0.0000	0.0000	0.0000}
}
{Volume "Piece10"
	{Box 19.115 16.4507 7.87402}
	{Bone "Piece10"}
	{Position -0.0000	-0.0000	-0.0000}
}
{Volume "Piece9"
	{Box 19.115 16.4507 7.87402}
	{Bone "Piece9"}
	{Position -0.0000	0.0000	0.0000}
}
{Volume "Piece8"
	{Box 14.5076 10.9599 7.87402}
	{Bone "Piece8"}
	{Matrix34
		0.6428	-0.7660	-0.0000
		0.7660	0.6428	-0.0000
		-0.0000	-0.0000	1.0000
		2.3819	1.8786	-0.0000
	}
}
{Volume "Piece7"
	{Box 18.313 12.4156 7.87402}
	{Bone "Piece7"}
	{Position 0.0000	-0.0000	-0.0000}
}
{Volume "Piece6"
	{Box 20.2235 16.2769 7.87402}
	{Bone "Piece6"}
	{Matrix34
		0.6428	-0.7660	0.0000
		0.7660	0.6428	0.0000
		0.0000	0.0000	1.0000
		-0.0000	0.0000	0.0000
	}
}
{Volume "Piece5"
	{Box 15.9463 21.3828 7.87402}
	{Bone "Piece5"}
	{Matrix34
		0.7071	-0.7071	0.0000
		0.7071	0.7071	0.0000
		0.0000	0.0000	1.0000
		0.0000	0.0000	-0.0000
	}
}
{Volume "Piece4"
	{Box 13.7028 21.537 7.87402}
	{Bone "Piece4"}
	{Position 0.0000	-0.0000	0.0000}
}
{Volume "Piece3"
	{Box 17.3947 11.68 7.87402}
	{Bone "Piece3"}
	{Position -0.0000	1.2268	-0.0000}
}
{Volume "Piece2"
	{Box 18.313 12.4156 7.87402}
	{Bone "Piece2"}
	{Position 0.0000	-0.0000	0.0000}
}
{Volume "Piece1"
	{Box 23.9001 17.2267 7.87402}
	{Bone "Piece1"}
	{Position 0.0000	0.0000	0.0000}
}
{Volume "Piece0"
	{Box 14.5076 9.2993 7.87402}
	{Bone "Piece0"}
	{Matrix34
		0.7071	-0.7071	-0.0000
		0.7071	0.7071	-0.0000
		-0.0000	-0.0000	1.0000
		1.8795	1.3823	-0.0000
	}
}
