;Exported by: shevchenko
;Date:        Sat Jan 17 14:58:20 2004
;File:        D:\-Projects-\-3DWork-\sheva\ch1c_x.max
{Skeleton
	{animation
		{sequence "crush" {speed 0.4}}
	}
	{bone "church_addition2"
		{parameters "CommonMesh;"}
		{Orientation
			1.0000	0.0000	0.0000
			0.0000	-1.0000	0.0000
			0.0000	0.0000	1.0000
		}
		{VolumeView "church_addition2.ply"}
		{bone "piece1"
			{Matrix34
				-1.0000	0.0000	0.0000
				0.0000	0.0000	1.0000
				0.0000	1.0000	-0.0000
				-41.2263	29.7821	46.7503
			}
			{VolumeView "piece1.ply"}
		}
		{bone "piece2"
			{Matrix34
				-1.0000	0.0000	0.0000
				0.0000	0.0000	1.0000
				0.0000	1.0000	-0.0000
				-46.1476	29.7821	8.8583
			}
			{VolumeView "piece2.ply"}
		}
		{bone "piece3"
			{Matrix34
				-1.0000	0.0000	0.0000
				0.0000	0.0000	1.0000
				0.0000	1.0000	-0.0000
				3.1470	29.7821	41.3013
			}
			{VolumeView "piece3.ply"}
		}
		{bone "piece4"
			{Matrix34
				-1.0000	0.0000	0.0000
				0.0000	0.0000	1.0000
				0.0000	1.0000	-0.0000
				12.4128	29.7821	17.8662
			}
			{VolumeView "piece4.ply"}
		}
		{bone "piece5"
			{Matrix34
				-1.0000	0.0000	0.0000
				0.0000	0.0000	1.0000
				0.0000	1.0000	-0.0000
				59.4949	29.7821	28.1895
			}
			{VolumeView "piece5.ply"}
			{bone "sub_piece5"
				{Position -0.1865	16.4668	-0.0000}
				{VolumeView "sub_piece5.ply"}
			}
		}
		{bone "piece6"
			{Matrix34
				-1.0000	0.0000	0.0000
				0.0000	0.0000	1.0000
				0.0000	1.0000	-0.0000
				68.0221	6.2325	42.7080
			}
			{VolumeView "piece6.ply"}
		}
		{bone "piece7"
			{Matrix34
				-1.0000	0.0000	0.0000
				0.0000	0.0000	1.0000
				0.0000	1.0000	-0.0000
				68.0221	-19.7557	26.2225
			}
			{VolumeView "piece7.ply"}
		}
		{bone "piece8"
			{Matrix34
				-1.0000	0.0000	0.0000
				0.0000	0.0000	1.0000
				0.0000	1.0000	-0.0000
				68.0221	-20.6047	66.0802
			}
			{VolumeView "piece8.ply"}
		}
	}
}
{Volume "piece8"
	{Box 15.7197 7.87402 12.4016}
	{Bone "piece8"}
	{Matrix34
		0.0000	0.4983	0.8670
		1.0000	0.0000	-0.0000
		-0.0000	0.8670	-0.4983
		0.0117	-0.6575	-0.4986
	}
}
{Volume "piece7"
	{Box 14.8323 7.87402 26.2913}
	{Bone "piece7"}
	{Matrix34
		0.0000	0.1728	0.9850
		1.0000	-0.0000	-0.0000
		0.0000	0.9850	-0.1728
		0.0117	-1.3111	0.9642
	}
}
{Volume "piece6"
	{Box 12.6772 7.87402 25.6713}
	{Bone "piece6"}
	{Matrix34
		0.0000	0.6165	0.7874
		1.0000	-0.0000	-0.0000
		-0.0000	0.7874	-0.6165
		0.0117	0.5081	0.1039
	}
}
{Volume "sub_piece5"
	{Box 12.126 7.87402 12.2638}
	{Bone "sub_piece5"}
	{Matrix34
		-0.9527	0.3039	-0.0000
		0.0000	0.0000	1.0000
		0.3039	0.9527	-0.0000
		-0.9303	-0.0349	-0.0183
	}
}
{Volume "piece5"
	{Box 13.5039 7.87402 21.0827}
	{Bone "piece5"}
	{Matrix34
		-0.8339	-0.5519	0.0000
		0.0000	-0.0000	1.0000
		-0.5519	0.8339	0.0000
		-0.4608	-0.1130	-0.0183
	}
}
{Volume "piece4"
	{Box 12.6772 7.87402 12.4016}
	{Bone "piece4"}
	{Matrix34
		-1.0000	0.0000	-0.0000
		0.0000	0.0000	1.0000
		0.0000	1.0000	-0.0000
		0.5112	-0.6942	-0.0183
	}
}
{Volume "piece3"
	{Box 13.2917 7.87402 24.6654}
	{Bone "piece3"}
	{Matrix34
		-0.8035	-0.5953	-0.0000
		-0.0000	0.0000	1.0000
		-0.5953	0.8035	-0.0000
		-1.1132	-0.7708	-0.0183
	}
}
{Volume "piece2"
	{Box 24.252 7.87402 12.2638}
	{Bone "piece2"}
	{Matrix34
		-0.9597	0.2810	-0.0000
		0.0000	0.0000	1.0000
		0.2810	0.9597	-0.0000
		0.1677	-0.7629	-0.0183
	}
}
{Volume "piece1"
	{Box 11.0236 7.87402 11.0236}
	{Bone "piece1"}
	{Matrix34
		-1.0000	0.0000	-0.0000
		0.0000	0.0000	1.0000
		0.0000	1.0000	-0.0000
		0.9913	-0.3012	-0.0183
	}
}
