;Made by: Albus
;Date:        Sun Jan 17 13:10:12 2010
{Skeleton
	{bone "basis"
		{Orientation
			1.0000	0.0000	0.0000
			0.0000	-1.0000	0.0000
			0.0000	0.0000	1.0000
		}
		{bone "Body"
			{parameters "ID=body;"}
			{Matrix34
				1.0000	0.0000	0.0000
				0.0000	0.0157	0.9999
				0.0000	-0.9999	0.0157
				-8.4000	0.6125	19.8928
			}
			{VolumeView "Body.ply"}
			{bone revolute "WheelL1"
				{parameters "ID=trackleft;"}
				{Matrix34
					-0.9817	-0.1908	-0.0029
					-0.1908	0.9816	0.0154
					0.0000	0.0157	-0.9999
					42.0920	-7.4730	19.6855
				}
				{VolumeView "WheelL1.ply"}
			}
			{bone revolute "WheelL2"
				{parameters "ID=trackleft;"}
				{Matrix34
					0.9965	0.0837	0.0000
					0.0837	-0.9965	0.0000
					0.0000	0.0000	-1.0000
					-38.8031	-10.9232	19.5000
				}
				{VolumeView "WheelL2.ply"}
			}
			{bone revolute "WheelR1"
				{parameters "ID=trackright;"}
				{Matrix34
					-0.1599	0.9869	0.0173
					0.9871	0.1598	0.0028
					0.0000	0.0175	-0.9998
					42.5963	-7.0198	-20.6344
				}
				{VolumeView "WheelR1.ply"}
			}
			{bone revolute "WheelR2"
				{parameters "ID=trackright;"}
				{Matrix34
					1.0000	0.0000	0.0000
					0.0000	-0.9998	-0.0175
					0.0000	0.0175	-0.9998
					-39.0700	-10.0363	-20.8870
				}
				{VolumeView "WheelR2.ply"}
			}
			{bone revolute "turret"
				{parameters "ID=turret;"}
				{limits -9.0000 5.0000}
				{speed 0.0100}
				{Matrix34
					1.0000	0.0000	0.0000
					0.0000	0.0000	-1.0000
					0.0000	1.0000	0.0000
					-5.000	-8.0000	0.0000
				}
				{bone revolute "stabilizator"
					{limits -10.0000 10.0000}
					{speed 0.0009}
					{Orientation
						0.0000	0.0000	1.0000
						0.0000	1.0000	0.0000
						-1.0000	0.0000	0.0000
					}
					{bone "nogi"
						{parameters "ID=body;"}
						{Matrix34
							0.9077	0.0000	0.4194
							0.4194	0.0000	-0.9077
							0.0000	1.0000	0.0000
							19.0245	0.0000	-0.5582
						}
						{VolumeView "nogi.ply"}
					}
					{bone "FXfire2"
						{Matrix34
							-0.0802	0.0000	0.9968
							0.0000	1.0000	0.0000
							-0.9968	0.0000	-0.0802
							0.1936	-0.2000	-4.9003
						}
					}
					{bone "gun"
						{parameters "ID=gun;"}
						{Matrix34
							0.8251	0.0000	-0.5649
							-0.5649	0.0000	-0.8251
							0.0000	1.0000	0.0000
							0.5182	0.0000	12.6295
						}
						{VolumeView "gun.ply"}
						{bone revolute "gun_rot"
 							{limits -20.0000 10.0000}
							{speed 0.004}
							{Position 38.0000	0.0000	0.0000}
						}
						{bone "Upor"
							{Matrix34
								0.8251	-0.5649	0.0000
								0.5649	0.8251	0.0000
								0.0000	0.0000	1.0000
								-0.6122	0.0000	0.0000
							}
							{VolumeView "upor.ply"}
						}
					}
				}
			}
			{bone "FXfire1"
				{Matrix34
					-0.0170	0.9667	0.2553
					-0.9998	-0.0175	-0.0005
					0.0040	-0.2553	0.9669
					-13.0946	9.7753	2.5677
				}
			}
			{bone "engine"
				{Matrix34
					-0.0021	1.0000	0.0027
					0.9998	0.0022	-0.0195
					-0.0196	0.0027	-0.9998
					-7.6922	1.5818	0.6547
				}
			}
			{bone "FXshot"
			}
		}
		{bone "WheelsL"
			{parameters "ID=trackleft;"}
			{Matrix34
				0.9999	0.0001	0.0140
				-0.0140	0.0052	0.9999
				0.0001	-1.0000	0.0052
				-8.3818	-39.1052	18.7053
			}
			{VolumeView "WheelsL.ply"}
			{bone "TrackL"
				{parameters "ID=trackleft;"}
				{Position 0.0000	-1.4000	0.2000}
				{VolumeView "trackl.ply"}
			}
		}
		{bone "WheelsR"
			{parameters "ID=trackright;"}
			{Matrix34
				1.0000	0.0000	0.0000
				0.0000	0.0000	1.0000
				0.0000	-1.0000	0.0000
				-8.3000	40.0048	18.9828
			}
			{VolumeView "WheelsR.ply"}
			{bone "TrackR"
				{parameters "ID=trackright;"}
				{Position -0.2000	-0.6000	-0.1000}
				{VolumeView "trackr.ply"}
			}
		}
	}
}