;Exported by: garry
;Date:        Sun May 16 12:52:22 2004
;File:        \\sharepoint\gamedev\DESIGN\-Projects-\-3DWork-\Model\-юбрн-лнрн\gmc_m3\m3.max
{Skeleton
	{animation
       	        {sequence "start"}
	        {sequence "stop"}
	;	{sequence "doorleft"}
	;	{sequence "doorright"}
	;	{sequence "hit" {speed 0.5}}
	}
	{bone "Basis"
		{parameters "WheelRadius=0.5;SteerMax=30;"}
		{Orientation
			1.0000	0.0000	0.0000
			0.0000	-1.0000	0.0000
			0.0000	0.0000	1.0000
		}
		{bone "Pivot_back"
			{Position -27.0679	0.7153	12.5948}
			{bone "spring_L"
				{parameters "ID=trackleft;"}
				{Position 0.1990	11.9811	1.9186}
				{bone "WheelL"
					{parameters "ID=trackleft;"}
					{Matrix34
						-1.0000	0.0000	-0.0000
						-0.0000	0.0060	1.0000
						0.0000	1.0000	-0.0060
						0.7476	5.1519	-5.3333
					}
					{VolumeView "WheelL.ply"}
					{bone "FXTraceL2"
						{Matrix34
							0.8932	0.4497	0.0033
							0.0067	-0.0060	-1.0000
							-0.4497	0.8931	-0.0083
							7.5698	-7.8146	-1.9979
						}
					}
					{bone "TrackL"
						{parameters "ID=trackleft;"}
						{Matrix34
							1.0000	0.0000	0.0000
							-0.0000	-0.0289	0.9996
							-0.0000	0.9996	0.0289
							-0.2103	2.3456	-1.2735
						}
						{VolumeView "TrackL.ply"}
					}
				}
			}
			{bone "spring_R"
				{Position 0.1990	-12.0706	2.3384}
				{bone "WheelR"
					{parameters "ID=trackright;"}
					{Matrix34
						-1.0000	-0.0000	0.0000
						0.0000	-0.0000	1.0000
						0.0000	-1.0000	-0.0000
						0.7476	-6.4260	-5.7532
					}
					{VolumeView "WheelR.ply"}
					{bone "TrackR"
						{parameters "ID=trackright;"}
						{Matrix34
							1.0000	-0.0000	-0.0000
							-0.0000	-0.0349	-0.9994
							0.0000	0.9994	-0.0349
							-0.2103	2.3531	-1.4319
						}
						{VolumeView "TrackR.ply"}
					}
				}
			}
			{bone "FXTraceR2"
				{Matrix34
					-0.8932	0.0060	0.4497
					-0.0067	-1.0000	-0.0000
					0.4497	-0.0030	0.8932
					-6.8123	-15.1538	-11.1222
				}
			}
		}
		{bone "Body"
			{parameters "ID=body;"}
			{Position 3.9974	0.2593	12.7956}
			{VolumeView "Body.ply"}
				{bone "doorL"
					{parameters "ID=body;"}
					{Matrix34
						-1.0000	0.0000	0.0000
						0.0000	0.0000	1.0000
						0.0000	1.0000	-0.0000
						12.0525	20.2393	13.4322
					}
					{VolumeView "doorL.ply"}
				}
				{bone "doorR"
					{parameters "ID=body;"}
					{Matrix34
						-1.0000	-0.0000	0.0000
						0.0000	0.0000	1.0000
						0.0000	-1.0000	0.0000
						12.0525	-20.3802	13.4322
					}
					{VolumeView "doorR.ply"}
				}
			{bone "Driver"
				{Matrix34
					0.9397	-0.0000	0.3420
					0.0000	1.0000	0.0000
					-0.3420	0.0000	0.9397
					5.8221	10.5685	2.7845
				}
			}
			{bone revolute "turret"
				{parameters "ID=turret;"}
                                {limits -15.0000 15.0000}   
                                {speed 0.0100} 
				{Matrix34
					0.9999	0.0140	0.0000
					-0.0140	0.9999	0.0000
					0.0000	0.0000	1.0000
					-12.4075 -1.6483 3.7854
				}
				{VolumeView "turret.ply"}
				{bone revolute "Gun_rot"
                                        {limits -15.0000 10.0000}
					{speed 0.0100}
					{Matrix34
						-1.0000	-0.0020	-0.0100
						-0.0100	-0.0339	0.9992
						-0.0030	 1.0000	0.0340
						 13.485	 0.1552 22.7842
					}
                                        {VolumeView "Gun_rot.ply"}
					{bone "gun"
                                                {parameters "ID=gun;"}
						{Matrix34
					               -1.000	0.0000  -0.0178
					               -0.056	-0.1758  0.9983
					                0.000	1.0000  0.0559
					               17.1601	-22.8485 -12.4659
						}
                                                {VolumeView "Gun.ply"}
                               {bone "Foresight1"
				      {Matrix34
									1.0565	0.0308   -0.0050
									0.0360	-1.000	 -0.1120
									-0.0110	-0.0870	  1.023
									49.81	11.3050	 28.4100
								}
				           }
	                              }
			         }
                                {VolumeView "turret.ply"}
				{bone "Visor1"
					{Matrix34
						0.9999	-0.0139	0.0000
						1.0000	0.9999	-0.0000
						0.0000	0.0000	1.0000
						6.5136	0.0114	30.4132
					}
				}
                                {bone "gunner"
						{Matrix34
							0.99646	0.01478	0.0826
							-0.0123 0.99946	-0.0297
							-0.0831	0.0013	0.99612
							-14.576	-7.1286	3.3611
						}
					}
			}
			{bone "seat03"
				{Matrix34
					-0.0000	-0.9397	0.3420
					1.0000	-0.0000	0.0000
					-0.0000	0.3420	0.9397
					-36.8690	8.2354	4.0392
				}
			}
			{bone "seat04"
				{Matrix34
					-0.0000	-0.9397	0.3420
					1.0000	-0.0000	0.0000
					-0.0000	0.3420	0.9397
					-50.3174	8.2354	4.0392
				}
			}
			{bone "seat05"
				{Matrix34
					0.0000	0.9063	0.4226
					-1.0000	-0.0000	-0.0000
					-0.0000	-0.4226	0.9063
					-50.3545	-6.7973	3.4092
				}
			}
			{bone "seat06"
				{Matrix34
					0.0000	0.9063	0.4226
					-1.0000	-0.0000	-0.0000
					-0.0000	-0.4226	0.9063
					-36.2193	-6.7973	3.4092
				}
			}
			{bone "FXfire1"
				{Matrix34
					-0.0000	1.0000	0.0000
					-1.0000	-0.0000	0.0000
					0.0000	0.0000	1.0000
					-48.6801	0.1307	3.9766
				}
			}
			{bone "FXsmoke1"
				{Matrix34
					0.0000	0.0109	0.9999
					1.0000	-0.0000	0.0000
					0.0000	0.9999	-0.0109
					34.7695	1.6394	8.2449
				}
			}
			{bone "engine"
				{parameters "CommonMesh;ID=engine;"}
				{animation
					{sequence "repair" {file "engine_r.anm"}}
				}
				{Position 34.4033	-0.2324	9.0736}
				{VolumeView "engine.ply"}
			}
			{bone "Visor2"
				{Position 18.6484	9.9998	23.3646}
			}
			{bone revolute "WheelR2"
				{parameters "ID=wheelright2;"}
				{Matrix34
					-1.0000	-0.0000	0.0000
					0.0000	0.0000	1.0000
					-0.0000	1.0000	0.0000
					-50.9266	-0.2603	1.9993
				}
				{VolumeView "WheelR2.ply"}
			}
			{bone revolute "WheelL2"
				{parameters "ID=wheelleft2;"}
				{Matrix34
					-1.0000	-0.0000	0.0000
					0.0000	0.0000	1.0000
					-0.0000	1.0000	-0.0000
					-8.5510	-0.2704	1.9993
				}
				{VolumeView "WheelL2.ply"}
			}
		}
		{bone "Pivot_front"
			{Position 42.5585	0.7153	12.5948}
			{bone revolute "steer_L1"
				{Matrix34
					-1.0000	0.0000	-0.0000
					0.0000	1.0000	0.0000
					0.0000	0.0000	-1.0000
					-0.5349	12.9968	-2.4145
				}
				{bone revolute "wheel_L1"
					{parameters "ID=wheelleft1;"}
					{Matrix34
						1.0000	-0.0000	0.0000
						0.0000	0.0000	-1.0000
						0.0000	1.0000	0.0000
						0.0000	2.8947	-0.0000
					}
					{VolumeView "wheel_L1.ply"}
				}
				{bone "FXtraceL1"
					{Matrix34
						1.0000	-0.0001	0.0037
						-0.0000	0.9994	0.0349
						0.0037	0.0349	-0.9994
						3.9500	1.0386	8.1772
					}
				}
			}
			{bone revolute "steer_R1"
				{Matrix34
					-1.0000	0.0000	-0.0000
					0.0000	1.0000	0.0000
					0.0000	0.0000	-1.0000
					-0.5349	-12.8071	-2.4145
				}
				{bone revolute "wheel_R1"
					{parameters "ID=wheelright1;"}
					{Matrix34
						1.0000	-0.0000	0.0000
						0.0000	0.0000	-1.0000
						0.0000	1.0000	0.0000
						0.0000	-4.3667	-0.0000
					}
					{VolumeView "wheel_R1.ply"}
				}
				{bone "FXtraceR1"
					{Matrix34
						1.0000	-0.0001	0.0037
						-0.0000	0.9994	0.0349
						0.0037	0.0349	-0.9994
						3.9501	-2.0419	8.1772
					}
				}
			}
		}
		{bone "emit2"
			{parameters "Group=crew;"}
			{Matrix34
				-0.0000	1.0000	0.0000
				-1.0000	-0.0000	0.0000
				0.0000	0.0000	1.0000
				1.7196	-33.7503	0.0000
			}
			{visibility 0}
		}
		{bone "emit1"
			{parameters "Group=crew;"}
			{Matrix34
				-0.0000	-1.0000	0.0000
				1.0000	-0.0000	-0.0000
				0.0000	-0.0000	1.0000
				1.5753	34.1672	0.6605
			}
			{visibility 0}
		}
		{bone "emit4"
			{parameters "Group=passengers;"}
			{Matrix34
				-0.0000	-1.0000	0.0000
				1.0000	-0.0000	0.0000
				0.0000	0.0000	1.0000
				-40.5989	43.4190	-0.0000
			}
			{visibility 0}
		}
		{bone "emit3"
			{parameters "Group=passengers;"}
			{Matrix34
				-0.0000	-1.0000	0.0000
				1.0000	-0.0000	0.0000
				0.0000	0.0000	1.0000
				-22.3489	43.4190	-0.0000
			}
			{visibility 0}
		}
		{bone "emit6"
			{parameters "Group=passengers;"}
			{Matrix34
				-0.0000	1.0000	0.0000
				-1.0000	-0.0000	0.0000
				0.0000	0.0000	1.0000
				-40.3089	-43.2411	-0.0000
			}
			{visibility 0}
		}
		{bone "emit5"
			{parameters "Group=passengers;"}
			{Position -76.9956	1.0950	-0.0000}
			{visibility 0}
		}
		{bone "emit7"
			{parameters "Group=passengers;"}
			{Matrix34
				-0.0000	1.0000	0.0000
				-1.0000	-0.0000	0.0000
				0.0000	0.0000	1.0000
				-22.2384	-43.2411	-0.0000
			}
			{visibility 0}
		}
	}
}
{Volume "wheelright1"
	{Cylinder 9.5 5.52087}
	{Bone "wheel_R1"}
	{Matrix34
		-1.0000	-0.0000	-0.0000
		-0.0000	1.0000	-0.0000
		0.0000	-0.0000	-1.0000
		-0.0000	-0.0000	-0.0242
	}
}
{Volume "wheelleft1"
	{Cylinder 9.5 5.52087}
	{Bone "wheel_L1"}
	{Matrix34
		-1.0000	-0.0000	-0.0000
		-0.0000	1.0000	-0.0000
		0.0000	-0.0000	-1.0000
		-0.0000	0.0000	0.0377
	}
}
{Volume "inventory"
	{Box 23.6172 23.4778 7.55711}
	{Bone "Body"}
	{Position -43.1693	-0.1229	3.3064}
}
{Volume "fuel"
	{Box 23.6172 29.3472 7.55711}
	{Bone "Body"}
	{Position 9.0453	-0.1229	3.5984}
}
{Volume "Body2"
	{Box 73.8038 39.6584 20.088}
	{Bone "Body"}
	{Position -21.6781	-0.1229	17.8007}
}
{Volume "Body1"
	{Box 118.189 26.8395 9.3}
	{Bone "Body"}
	{Position 0.6967	-0.1229	3.0890}
}
{Volume "engine"
	{Polyhedron "engine.vol"}
	{Bone "engine"}
	{Matrix34
		-0.0000	1.0000	0.0000
		-1.0000	-0.0000	0.0000
		-0.0000	-0.0000	1.0000
		-0.4431	-0.8387	-8.9303
	}
}
{Volume "turret"
	{Box 14.496 6.43672 10.8293}
	{Bone "Turret"}
	{Matrix34
				0.7000	0.0000	0.0000
				0.0000	4.5000	0.0000
				0.0000	0.0000	1.2300
			       -4.2600	0.0078	25.586
			}
}
{Volume "gun"
	{Cylinder 1.08981 28.3039}
	{Bone "Gun"}
	{Matrix34
				-1.240	0.0000	-1.3180
				-0.0850	1.0408	0.0000
				-1.6000	0.0260	-0.0230
				21.3714	11.2122	28.2231
			}
}
{Volume "trackright"
	{Box 54.7813 5.6983 20.3067}
	{Bone "WheelR"}
	{Matrix34
		1.0000	0.0000	-0.0000
		-0.0000	-0.0000	-1.0000
		-0.0000	1.0000	-0.0000
		-0.8395	1.0988	-1.2686
	}
}
{Volume "trackleft"
	{Box 54.7813 5.6983 20.3067}
	{Bone "WheelL"}
	{Matrix34
		-1.0000	-0.0000	0.0000
		-0.0000	0.0060	1.0000
		-0.0000	1.0000	-0.0060
		-0.8396	1.0924	-1.0666
	}
}
