{mission
	{Camera
		{Position 662.454 2866.91}
		{Distance 1059.78}
		{ViewAngle 0.556178}
		{YawAngle -0.118203}
	}
	{Environment "day1"}
	{User 2}
	{GameProgress 0 0}
	{Entity "_infantry2_rus" 0x8001
		{Position 603.035 3024.73 0}
		{Orientation
			  0.042645  -0.999090   0.000000
			 -0.999090  -0.042645   0.000000
			  0.000000   0.000000   1.000000
		}
		{Extender "inventory"
			{box
				{clear}
				{item "ammo pistol" 39 {cell 0 0}}
				{item "grenade m24" {cell 2 0}}
				{item "mp40" filling "ammo pistol" 32 {cell 0 1}}
				{item "grenade m39" {cell 4 0}}
			}
		}
		{Player 2}
		{MID 2}
		{Breed "ger.tank_crew"}
		{FsmState "board"}
	}
	{Entity "_infantry2_rus" 0x8003
		{Position 603.035 3024.73 0}
		{Orientation
			  0.042645  -0.999090   0.000000
			 -0.999090  -0.042645   0.000000
			  0.000000   0.000000   1.000000
		}
		{Extender "inventory"
			{box
				{clear}
				{item "ammo pistol" 40 {cell 0 0}}
				{item "grenade m24" {cell 2 0}}
				{item "mp40" filling "ammo pistol" 32 {cell 0 1}}
				{item "grenade m39" {cell 4 0}}
			}
		}
		{Player 2}
		{MID 4}
		{Breed "ger.tank_crew"}
		{FsmState "board"}
	}
	{Entity "_infantry2_rus" 0x8004
		{Position 603.035 3024.73 0}
		{Orientation
			  0.042645  -0.999090   0.000000
			 -0.999090  -0.042645   0.000000
			  0.000000   0.000000   1.000000
		}
		{Extender "inventory"
			{box
				{clear}
				{item "ammo pistol" 42 {cell 0 0}}
				{item "grenade m24" {cell 2 0}}
				{item "grenade m24" {cell 4 0}}
				{item "mp40" filling "ammo pistol" 32 {cell 0 1}}
			}
		}
		{Player 2}
		{MID 5}
		{Breed "ger.tank_crew"}
		{FsmState "board"}
	}
	{Entity "town_shambles1" 0x802d
		{Position -520.699 -2136.63 0}
		{Turn 165.266}
	}
	{Entity "town_shambles1" 0x8078
		{Position -518.703 -2205.84 0}
		{Turn 99.1622}
	}
	{Entity "destroy_pit" 0x8014
		{Position -530.06 -2224.16 0}
	}
	{Entity "pz-6e" 0x8024
		{Position 603.035 3024.73 0}
		{Turn -87.5559}
		{TexMod "205"}
		{Extender "inventory"
			{box
				{clear}
				{item "ammo mgun" 1950 {cell 0 0}}
				{item "bullet88 fg" 27 {cell 0 5}}
				{item "bullet88 ap" 49 {cell 0 4}}
				{item "repair_kit" {cell 3 0}}
				{item "can" {cell 0 1}}
			}
		}
		{Player 2}
		{MID 8}
		{Weaponry
			{State "gun"
				{Weapon
					{Ammo "bullet88 fg" 1}
				}
			}
			{State "mgun"
				{Weapon
					{Ammo "ammo mgun" 50}
				}
			}
		}
	}
	{Entity "6-funt" 0x8002
		{Position 175.851 818.462 64.7389}
		{Turn 99.4777}
		{Player 1}
		{MID 3}
		{Weaponry
			{State
				{Weapon
					{Ammo "bullet57 fg" 1}
				}
			}
		}
	}
	{Entity "6-funt" 0x8006
		{Position 1313.49 913.263 0}
		{Turn 81.7644}
		{Player 1}
		{MID 6}
		{Weaponry
			{State
				{Weapon
					{Ammo "bullet57 fg" 1}
				}
			}
		}
	}
	{Entity "6-funt" 0x8028
		{Position 273.039 -469.434 52.4116}
		{Turn 89.5109}
		{Player 1}
		{MID 9}
	}
	{Entity "6-funt" 0x802b
		{Position 878.564 -196.994 82.0114}
		{Turn 95.986}
		{Player 1}
		{MID 10}
	}
	{Entity "netting" 0x8009
		{Position 1303.6 912.362 0}
		{Turn -110.219}
	}
	{Entity "netting1" 0x802f
		{Position 1211.03 939.189 0}
		{Turn 69.5566}
	}
	{Entity "netting" 0x8032
		{Position 884.022 -204.905 83.8927}
		{Turn -86.3049}
	}
	{Entity "_infantry2_rus" 0x8038
		{Position 2246.96 -2299.33 0}
		{Orientation
			 -0.999690   0.024903   0.000000
			  0.024903   0.999690   0.000000
			  0.000000   0.000000   1.000000
		}
		{Extender "inventory"
			{box
				{clear}
				{item "ammo pistol" 30 {cell 0 0}}
				{item "webley" {cell 2 0}}
			}
		}
		{Player 1}
		{MID 12}
		{Breed "eng.tankman"}
		{FsmState "board"}
	}
	{Entity "_infantry2_rus" 0x8039
		{Position 2246.96 -2299.33 0}
		{Orientation
			 -0.999690   0.024903   0.000000
			  0.024903   0.999690   0.000000
			  0.000000   0.000000   1.000000
		}
		{Extender "inventory"
			{box
				{clear}
				{item "ammo pistol" 30 {cell 0 0}}
				{item "webley" {cell 2 0}}
			}
		}
		{Player 1}
		{MID 13}
		{Breed "eng.tankman"}
		{FsmState "board"}
	}
	{Entity "_infantry2_rus" 0x803c
		{Position 2246.96 -2299.33 0}
		{Orientation
			 -0.999690   0.024903   0.000000
			  0.024903   0.999690   0.000000
			  0.000000   0.000000   1.000000
		}
		{Extender "inventory"
			{box
				{clear}
				{item "ammo pistol" 30 {cell 0 0}}
				{item "webley" {cell 2 0}}
				{item "grenade n73at" {cell 4 0}}
			}
		}
		{Player 1}
		{MID 14}
		{Breed "eng.tankman"}
		{FsmState "board"}
	}
	{Entity "_infantry2_rus" 0x803e
		{Position 2246.96 -2299.33 0}
		{Orientation
			 -0.999690   0.024903   0.000000
			  0.024903   0.999690   0.000000
			  0.000000   0.000000   1.000000
		}
		{Extender "inventory"
			{box
				{clear}
				{item "ammo pistol" 30 {cell 0 0}}
				{item "webley" {cell 2 0}}
			}
		}
		{Player 1}
		{MID 15}
		{Breed "eng.tankman"}
		{FsmState "board"}
	}
	{Entity "cromwell" 0x8042
		{Position 2246.96 -2299.33 0}
		{Turn 178.573}
		{Player 1}
		{MID 16}
		{Weaponry
			{State "gun"
				{Weapon
					{Ammo "bullet75 fg" 1}
				}
			}
			{State "mgun"
				{Weapon
					{Ammo "ammo mgun" 30}
				}
			}
		}
	}
	{Entity "m4a2" 0x8043
		{Position 4090.75 -2431.71 0}
		{Turn 153.58}
		{Player 1}
		{MID 17}
		{Weaponry
			{State "gun"
				{Weapon
					{Ammo "bullet75 fg" 1}
				}
			}
			{State "mgun"
				{Weapon
					{Ammo "ammo mgun" 200}
				}
			}
		}
	}
	{Entity "m7priest" 0x8044
		{Position -2323.31 -2918.02 20.8747}
		{Turn 36.4103}
		{Player 1}
		{MID 18}
		{Weaponry
			{State "gun"
				{Weapon
					{Ammo "bullet76 fg" 1}
				}
			}
			{State "mgun"
				{Weapon
					{Ammo "ammo mgun" 200}
				}
			}
		}
	}
	{Entity "m3a1" 0x8045
		{Position -141.239 -2679.61 0}
		{Turn 2.75858}
		{Player 1}
		{MID 19}
		{Weaponry
			{State
				{Weapon
					{Ammo "ammo mgun" 30}
				}
			}
		}
	}
	{Entity "_infantry2_rus" 0x8047
		{Position -2321.14 -2895.25 53.7327}
		{Orientation
			  0.800842   0.590605  -0.099194
			 -0.595697   0.802631  -0.030461
			  0.061626   0.083484   0.994603
		}
		{Extender "inventory"
			{box
				{clear}
				{item "ammo pistol" 30 {cell 0 0}}
				{item "webley" {cell 2 0}}
				{item "grenade n73at" {cell 4 0}}
			}
		}
		{DisableObstacles}
		{Player 1}
		{MID 21}
		{Breed "eng.tankman"}
		{FsmState "board"}
	}
	{Entity "_infantry2_rus" 0x8048
		{Position -2314.3 -2918.48 43.0756}
		{Orientation
			  0.230595   0.968422  -0.094508
			 -0.971131   0.235112   0.039674
			  0.060645   0.082636   0.994733
		}
		{Extender "inventory"
			{box
				{clear}
				{item "ammo pistol" 30 {cell 0 0}}
				{item "webley" {cell 2 0}}
				{item "grenade n73at" {cell 4 0}}
			}
		}
		{DisableObstacles}
		{Player 1}
		{MID 22}
		{Breed "eng.tankman"}
		{FsmState "board"}
	}
	{Entity "_infantry2_rus" 0x804c
		{Position -2295.45 -2911.28 31.7132}
		{Orientation
			  0.800921   0.590712  -0.097901
			 -0.595691   0.802640  -0.030361
			  0.060645   0.082636   0.994733
		}
		{Extender "inventory"
			{box
				{clear}
				{item "ammo pistol" 30 {cell 0 0}}
				{item "webley" {cell 2 0}}
				{item "grenade n73at" {cell 4 0}}
				{item "grenade n73at" {cell 6 0}}
			}
		}
		{DisableObstacles}
		{Player 1}
		{MID 23}
		{Breed "eng.tankman"}
		{FsmState "board"}
	}
	{Entity "_infantry2_rus" 0x804e
		{Position -2337.63 -2906.81 46.6842}
		{Orientation
			  0.971131  -0.235112  -0.039674
			  0.230595   0.968422  -0.094508
			  0.060645   0.082636   0.994733
		}
		{Extender "inventory"
			{box
				{clear}
				{item "ammo pistol" 30 {cell 0 0}}
				{item "webley" {cell 2 0}}
			}
		}
		{DisableObstacles}
		{Player 1}
		{MID 24}
		{Breed "eng.tankman"}
		{FsmState "board"}
	}
	{Entity "_infantry2_rus" 0x8050
		{Position 4090.75 -2431.71 0}
		{Orientation
			 -0.895557   0.444948   0.000000
			  0.444948   0.895557   0.000000
			  0.000000   0.000000   1.000000
		}
		{Extender "inventory"
			{box
				{clear}
				{item "ammo pistol" 30 {cell 0 0}}
				{item "webley" {cell 2 0}}
			}
		}
		{Player 1}
		{MID 25}
		{Breed "eng.tankman"}
		{FsmState "board"}
	}
	{Entity "_infantry2_rus" 0x8051
		{Position 4090.75 -2431.71 0}
		{Orientation
			 -0.895557   0.444948   0.000000
			  0.444948   0.895557   0.000000
			  0.000000   0.000000   1.000000
		}
		{Extender "inventory"
			{box
				{clear}
				{item "ammo pistol" 30 {cell 0 0}}
				{item "webley" {cell 2 0}}
				{item "grenade n73at" {cell 4 0}}
			}
		}
		{Player 1}
		{MID 26}
		{Breed "eng.tankman"}
		{FsmState "board"}
	}
	{Entity "_infantry2_rus" 0x8052
		{Position 4090.75 -2431.71 0}
		{Orientation
			 -0.895557   0.444948   0.000000
			  0.444948   0.895557   0.000000
			  0.000000   0.000000   1.000000
		}
		{Extender "inventory"
			{box
				{clear}
				{item "ammo pistol" 30 {cell 0 0}}
				{item "webley" {cell 2 0}}
				{item "grenade n73at" {cell 4 0}}
			}
		}
		{Player 1}
		{MID 27}
		{Breed "eng.tankman"}
		{FsmState "board"}
	}
	{Entity "_infantry2_rus" 0x8054
		{Position 4090.75 -2431.71 0}
		{Orientation
			 -0.895557   0.444948   0.000000
			  0.444948   0.895557   0.000000
			  0.000000   0.000000   1.000000
		}
		{Extender "inventory"
			{box
				{clear}
				{item "ammo pistol" 30 {cell 0 0}}
				{item "webley" {cell 2 0}}
			}
		}
		{Player 1}
		{MID 28}
		{Breed "eng.tankman"}
		{FsmState "board"}
	}
	{Entity "_infantry2_rus" 0x8056
		{Position 4131.02 -2424.1 27.9952}
		{Orientation
			  0.258561   0.943384   0.207600
			 -0.961965   0.231950   0.144600
			  0.088210  -0.237114   0.967500
		}
		{Extender "inventory"
			{box
				{clear}
				{item "weapon bazooka" {cell 0 0}}
				{item "ammo bazooka" {cell 5 0}}
				{item "ammo bazooka" {cell 5 1}}
				{item "ammo bazooka" {cell 0 2}}
			}
		}
		{DisableObstacles}
		{Player 1}
		{MID 30}
		{Breed "eng.bazuker"}
		{FsmState "board"}
	}
	{Entity "_infantry2_rus" 0x8058
		{Position 2282.96 -2328.55 19.0052}
		{Orientation
			 -0.661388  -0.738158   0.133000
			  0.749999  -0.651879   0.111600
			  0.004323   0.173546   0.984800
		}
		{Extender "inventory"
			{box
				{clear}
				{item "ammo pistol" 24 {cell 0 0}}
				{item "sten" {cell 2 0}}
				{item "grenade n73at" {cell 6 0}}
				{item "grenade n73at" {cell 0 1}}
				{item "grenade n73at" {cell 6 1}}
				{item "grenade n73at" {cell 0 2}}
			}
		}
		{DisableObstacles}
		{Player 1}
		{MID 31}
		{Breed "eng.infantry.smg"}
		{FsmState "board"}
	}
	{Entity "_infantry2_rus" 0x8063
		{Position 4124.15 -2474.58 25.6685}
		{Turn -121.422}
		{Extender "inventory"
			{box
				{clear}
				{item "ammo pistol" 24 {cell 0 0}}
				{item "grenade n73at" {cell 2 0}}
				{item "grenade n73at" {cell 4 0}}
				{item "grenade n73at" {cell 6 0}}
				{item "grenade n73at" {cell 4 1}}
				{item "grenade n73at" {cell 6 1}}
				{item "sten" {cell 0 1}}
			}
		}
		{DisableObstacles}
		{Player 1}
		{MID 33}
		{Breed "eng.infantry.smg"}
		{FsmState "board"}
	}
	{Entity "_infantry2_rus" 0x8064
		{Position 2277.66 -2271.46 19.5755}
		{Orientation
			 -0.623814   0.770174   0.133000
			 -0.781526  -0.613728  -0.111600
			 -0.004323  -0.173546   0.984800
		}
		{Extender "inventory"
			{box
				{clear}
				{item "ammo pistol" 24 {cell 0 0}}
				{item "grenade n73at" {cell 2 0}}
				{item "grenade n73at" {cell 4 0}}
				{item "grenade n73at" {cell 6 0}}
				{item "grenade n73at" {cell 0 1}}
				{item "grenade n73at" {cell 6 1}}
				{item "sten" {cell 2 1}}
			}
		}
		{DisableObstacles}
		{Player 1}
		{MID 34}
		{Breed "eng.infantry.smg"}
		{FsmState "board"}
	}
	{Entity "_infantry2_rus" 0x8065
		{Position -161.003 -2689.07 16.8348}
		{Orientation
			 -0.045226   0.938611   0.342000
			 -0.998841  -0.048128   0.000000
			  0.016460  -0.341604   0.939700
		}
		{Extender "inventory"
			{box
				{clear}
				{item "weapon bazooka" {cell 0 0}}
				{item "ammo bazooka" {cell 5 0}}
				{item "ammo bazooka" {cell 5 1}}
				{item "ammo bazooka" {cell 0 2}}
			}
		}
		{DisableObstacles}
		{Player 1}
		{MID 35}
		{Breed "eng.bazuker"}
		{FsmState "board"}
	}
	{Entity "_infantry2_rus" 0x8066
		{Position -187.096 -2690.32 16.8348}
		{Orientation
			 -0.045226   0.938611   0.342000
			 -0.998841  -0.048128   0.000000
			  0.016460  -0.341604   0.939700
		}
		{Extender "inventory"
			{box
				{clear}
				{item "ammo pistol" 24 {cell 0 0}}
				{item "grenade n73at" {cell 2 0}}
				{item "grenade n73at" {cell 4 0}}
				{item "grenade n73at" {cell 6 0}}
				{item "sten" {cell 0 1}}
			}
		}
		{DisableObstacles}
		{Player 1}
		{MID 36}
		{Breed "eng.infantry.smg"}
		{FsmState "board"}
	}
	{Entity "_infantry2_rus" 0x8067
		{Position -187.857 -2675.31 16.2048}
		{Orientation
			  0.043618  -0.905250   0.422600
			  0.998841   0.048128   0.000000
			 -0.020339   0.422110   0.906300
		}
		{Extender "inventory"
			{box
				{clear}
				{item "ammo pistol" 24 {cell 0 0}}
				{item "sten" {cell 2 0}}
				{item "grenade n73at" {cell 6 0}}
				{item "grenade n73at" {cell 0 1}}
				{item "grenade n73at" {cell 6 1}}
			}
		}
		{DisableObstacles}
		{Player 1}
		{MID 37}
		{Breed "eng.infantry.smg"}
		{FsmState "board"}
	}
	{Entity "_infantry2_rus" 0x8068
		{Position -173.664 -2689.68 16.8348}
		{Orientation
			 -0.045226   0.938611   0.342000
			 -0.998841  -0.048128   0.000000
			  0.016460  -0.341604   0.939700
		}
		{Extender "inventory"
			{box
				{clear}
				{item "ammo pistol" 24 {cell 0 0}}
				{item "sten" {cell 2 0}}
				{item "grenade n73at" {cell 6 0}}
				{item "grenade n73at" {cell 0 1}}
			}
		}
		{DisableObstacles}
		{Player 1}
		{MID 38}
		{Breed "eng.infantry.smg"}
		{FsmState "board"}
	}
	{Entity "_infantry2_rus" 0x806b
		{Position -130.91 -2689.95 15.5801}
		{Orientation
			  0.938611   0.045226   0.342000
			 -0.048128   0.998841   0.000000
			 -0.341604  -0.016460   0.939700
		}
		{Extender "inventory"
			{box
				{clear}
				{item "ammo pistol" 24 {cell 0 0}}
				{item "sten" {cell 2 0}}
			}
		}
		{DisableObstacles}
		{Player 1}
		{MID 39}
		{Breed "eng.infantry.smg"}
		{FsmState "board"}
	}
	{Entity "_infantry2_rus" 0x806e
		{Position -173.738 -2674.63 16.2048}
		{Orientation
			  0.043618  -0.905250   0.422600
			  0.998841   0.048128   0.000000
			 -0.020339   0.422110   0.906300
		}
		{Extender "inventory"
			{box
				{clear}
				{item "ammo pistol" 24 {cell 0 0}}
				{item "sten" {cell 2 0}}
			}
		}
		{DisableObstacles}
		{Player 1}
		{MID 40}
		{Breed "eng.infantry.smg"}
		{FsmState "board"}
	}
	{Entity "_infantry2_rus" 0x806f
		{Position -147.959 -2688.44 16.8348}
		{Orientation
			 -0.045226   0.938611   0.342000
			 -0.998841  -0.048128   0.000000
			  0.016460  -0.341604   0.939700
		}
		{Extender "inventory"
			{box
				{clear}
				{item "weapon bazooka" {cell 0 0}}
				{item "ammo bazooka" {cell 5 0}}
				{item "ammo bazooka" {cell 5 1}}
				{item "ammo bazooka" {cell 0 2}}
			}
		}
		{DisableObstacles}
		{Player 1}
		{MID 41}
		{Breed "eng.bazuker"}
		{FsmState "board"}
	}
	{Entity "_infantry2_rus" 0x8070
		{Position -140.332 -2673.9 25.637}
		{Turn 12.7559}
		{Extender "inventory"
			{box
				{clear}
				{item "ammo pistol" 24 {cell 0 0}}
				{item "sten" {cell 2 0}}
				{item "grenade n73at" {cell 6 0}}
			}
		}
		{DisableObstacles}
		{Player 1}
		{MID 42}
		{Breed "eng.infantry.smg"}
		{FsmState "board"}
	}
	{Entity "_infantry2_rus" 0x8071
		{Position -159.619 -2673.95 16.2048}
		{Orientation
			  0.043618  -0.905250   0.422600
			  0.998841   0.048128   0.000000
			 -0.020339   0.422110   0.906300
		}
		{Extender "inventory"
			{box
				{clear}
				{item "ammo pistol" 24 {cell 0 0}}
				{item "sten" {cell 2 0}}
				{item "grenade n73at" {cell 6 0}}
				{item "grenade n73at" {cell 0 1}}
			}
		}
		{DisableObstacles}
		{Player 1}
		{MID 43}
		{Breed "eng.infantry.smg"}
		{FsmState "board"}
	}
	{Entity "_infantry2_rus" 0x8072
		{Position -67.704 -279.949 -16.9905}
		{Turn 90.4471}
		{Extender "inventory"
			{box
				{clear}
				{item "grenade n73at" {cell 2 0}}
				{item "grenade n73at" {cell 4 0}}
				{item "grenade n73at" {cell 6 0}}
				{item "bar" {cell 0 1}}
				{item "ammo mgun" 100 {cell 0 0}}
			}
		}
		{Player 1}
		{MID 44}
		{Breed "eng.infantry.smg"}
		{FsmState "stand"}
	}
	{Entity "_infantry2_rus" 0x8073
		{Position 204.637 -262.167 -18.7835}
		{Turn 89.6381}
		{Extender "inventory"
			{box
				{clear}
				{item "ammo pistol" 46 {cell 0 0}}
				{item "grenade n73at" {cell 4 0}}
				{item "grenade n73at" {cell 6 0}}
				{item "sten" {cell 0 1}}
			}
			{hand_right
				{Item 0x803f "grenade n73at"}
			}
		}
		{Player 1}
		{MID 45}
		{Breed "eng.infantry.smg"}
		{LastThrowItem "grenade n73at"}
		{FsmState "stand"}
	}
	{Entity "_infantry2_rus" 0x8074
		{Position -56.3596 1182.66 -9}
		{Turn 103.19}
		{Extender "inventory"
			{box
				{clear}
				{item "ammo pistol" 50 {cell 0 0}}
				{item "grenade m61" {cell 2 0}}
				{item "grenade m61" {cell 3 0}}
				{item "bandage" 4 {cell 4 0}}
				{item "m3a" {cell 0 1}}
			}
		}
		{Player 1}
		{MID 46}
		{Breed "eng.smg_commando"}
		{FsmState "stand"}
	}
	{Entity "_infantry2_rus" 0x8077
		{Position 952.595 1166.16 -15.2598}
		{Turn 78.9242}
		{Extender "inventory"
			{box
				{clear}
				{item "ammo pistol" 28 {cell 0 0}}
				{item "grenade n73at" {cell 2 0}}
				{item "grenade n73at" {cell 4 0}}
				{item "sten" {cell 0 1}}
				{item "webley" {cell 6 0}}
			}
		}
		{Player 1}
		{MID 48}
		{Breed "eng.infantry.smg"}
		{FsmState "stand"}
	}
	{Entity "_infantry2_rus" 0x807c
		{Position 1087.97 454.844 32}
		{Turn 173.524}
		{Extender "inventory"
			{box
				{clear}
				{item "ammo pistol" 24 {cell 0 0}}
				{item "thompson" {cell 0 1}}
			}
		}
		{Player 1}
		{MID 50}
		{Breed "eng.infantry.smg"}
		{FsmState "stand"}
	}
	{Entity "_infantry2_rus" 0x807e
		{Position 1084.82 514.149 30}
		{Turn 164.328}
		{Extender "inventory"
			{box
				{clear}
				{item "bar" {cell 0 0}}
				{item "ammo mgun" 100 {cell 5 0}}
				{item "bandage" 5 {cell 5 1}}
			}
		}
		{Player 1}
		{MID 51}
		{Breed "eng.infantry.smg"}
		{FsmState "stand"}
	}
	{Entity "_infantry2_rus" 0x807f
		{Position 886.741 -209.587 81.9298}
		{Turn 115.985}
		{Extender "inventory"
			{box
				{clear}
				{item "ammo pistol" 30 {cell 0 0}}
				{item "sten" {cell 2 0}}
				{item "webley" {cell 6 0}}
			}
		}
		{DisableObstacles}
		{Player 1}
		{MID 52}
		{Breed "eng.infantry.smg"}
		{FsmState "board"}
	}
	{Entity "_infantry2_rus" 0x8081
		{Position 847.071 -279.36 82.7073}
		{Turn 90.7834}
		{Extender "inventory"
			{box
				{clear}
				{item "bar" {cell 0 0}}
				{item "ammo mgun" 100 {cell 5 0}}
			}
		}
		{Player 1}
		{MID 53}
		{Breed "eng.infantry.smg"}
		{FsmState "stand"}
	}
	{Entity "_infantry2_rus" 0x8089
		{Position 167.716 795.868 64.6116}
		{Turn 64.4782}
		{Extender "inventory"
			{box
				{clear}
				{item "ammo pistol" 45 {cell 0 0}}
				{item "sten" {cell 2 0}}
			}
		}
		{DisableObstacles}
		{Player 1}
		{MID 54}
		{Breed "eng.infantry.smg"}
		{FsmState "board"}
	}
	{Entity "_infantry2_rus" 0x808a
		{Position 184.78 806.391 64.6573}
		{Turn 119.476}
		{Extender "inventory"
			{box
				{clear}
				{item "ammo pistol" 28 {cell 0 0}}
				{item "sten" {cell 2 0}}
			}
		}
		{DisableObstacles}
		{Player 1}
		{MID 55}
		{Breed "eng.infantry.smg"}
		{FsmState "board"}
	}
	{Entity "_infantry2_rus" 0x802c
		{Position 469.628 1227.49 -14.2877}
		{Turn 91.3782}
		{Extender "inventory"
			{box
				{clear}
				{item "ammo pistol" 30 {cell 0 0}}
				{item "grenade n73at" {cell 2 0}}
				{item "grenade n73at" {cell 4 0}}
				{item "grenade n73at" {cell 6 0}}
				{item "grenade n73at" {cell 4 1}}
				{item "grenade n73at" {cell 6 1}}
				{item "sten" {cell 0 1}}
			}
		}
		{Player 1}
		{MID 7}
		{Breed "eng.infantry.smg"}
		{FsmState "stand"}
	}
	{Entity "_infantry2_rus" 0x8036
		{Position -616.957 1034.26 0}
		{Turn 93.1892}
		{Extender "inventory"
			{box
				{clear}
				{item "ammo pistol" 50 {cell 0 0}}
				{item "grenade m61" {cell 2 0}}
				{item "grenade m61" {cell 3 0}}
				{item "bandage" 4 {cell 4 0}}
				{item "m3a" {cell 0 1}}
			}
		}
		{Player 1}
		{MID 11}
		{Breed "eng.smg_commando"}
		{Cover
			{sector -616.957 1034.26 {type "look_left"}
				{wall 0 0 -603.013 1028.03 -631.371 1026.45}
			}
		}
		{FsmState "stand"}
	}
	{Entity "m4a2" 0x8046
		{Position 4296.05 -2591.32 0}
		{Turn 150.941}
		{Extender "inventory"
			{box
				{clear}
				{item "ammo mgun" 2000 {cell 0 0}}
				{item "bullet75 ap" 50 {cell 0 2}}
				{item "bullet75 fg" 27 {cell 0 4}}
			}
		}
		{Player 1}
		{MID 20}
	}
	{Entity "m4a2" 0x8055
		{Position -2009.27 -2808.87 0}
		{Turn 37.4753}
		{Extender "inventory"
			{box
				{clear}
				{item "ammo mgun" 2000 {cell 0 0}}
				{item "bullet75 ap" 50 {cell 0 2}}
				{item "bullet75 fg" 27 {cell 0 4}}
			}
		}
		{Player 1}
		{MID 29}
		{Weaponry
			{State "gun"
				{Weapon
					{Ammo "bullet75 fg" 1}
				}
			}
		}
	}
	{Entity "_infantry2_rus" 0x8060
		{Position 4296.05 -2591.32 0}
		{Orientation
			 -0.874120   0.485710   0.000000
			  0.485710   0.874120   0.000000
			  0.000000   0.000000   1.000000
		}
		{Extender "inventory"
			{box
				{clear}
				{item "ammo pistol" 30 {cell 0 0}}
				{item "webley" {cell 2 0}}
			}
		}
		{Player 1}
		{MID 32}
		{Breed "eng.tankman"}
		{FsmState "board"}
	}
	{Entity "_infantry2_rus" 0x8076
		{Position 4296.05 -2591.32 0}
		{Orientation
			 -0.874120   0.485710   0.000000
			  0.485710   0.874120   0.000000
			  0.000000   0.000000   1.000000
		}
		{Extender "inventory"
			{box
				{clear}
				{item "ammo pistol" 30 {cell 0 0}}
				{item "webley" {cell 2 0}}
				{item "grenade n73at" {cell 4 0}}
			}
		}
		{Player 1}
		{MID 47}
		{Breed "eng.tankman"}
		{FsmState "board"}
	}
	{Entity "_infantry2_rus" 0x8079
		{Position 4296.05 -2591.32 0}
		{Orientation
			 -0.874120   0.485710   0.000000
			  0.485710   0.874120   0.000000
			  0.000000   0.000000   1.000000
		}
		{Extender "inventory"
			{box
				{clear}
				{item "ammo pistol" 30 {cell 0 0}}
				{item "webley" {cell 2 0}}
			}
		}
		{Player 1}
		{MID 49}
		{Breed "eng.tankman"}
		{FsmState "board"}
	}
	{Entity "_infantry2_rus" 0x808e
		{Position 4296.05 -2591.32 0}
		{Orientation
			 -0.874120   0.485710   0.000000
			  0.485710   0.874120   0.000000
			  0.000000   0.000000   1.000000
		}
		{Extender "inventory"
			{box
				{clear}
				{item "ammo pistol" 30 {cell 0 0}}
				{item "webley" {cell 2 0}}
				{item "grenade n73at" {cell 4 0}}
			}
		}
		{Player 1}
		{MID 56}
		{Breed "eng.tankman"}
		{FsmState "board"}
	}
	{Entity "_infantry2_rus" 0x8092
		{Position -2009.27 -2808.87 0}
		{Orientation
			  0.793616   0.608419   0.000000
			  0.608419  -0.793616   0.000000
			  0.000000   0.000000   1.000000
		}
		{Extender "inventory"
			{box
				{clear}
				{item "ammo pistol" 30 {cell 0 0}}
				{item "webley" {cell 2 0}}
			}
		}
		{Player 1}
		{MID 57}
		{Breed "eng.tankman"}
		{FsmState "board"}
	}
	{Entity "_infantry2_rus" 0x8095
		{Position -2009.27 -2808.87 0}
		{Orientation
			  0.793616   0.608419   0.000000
			  0.608419  -0.793616   0.000000
			  0.000000   0.000000   1.000000
		}
		{Extender "inventory"
			{box
				{clear}
				{item "ammo pistol" 30 {cell 0 0}}
				{item "webley" {cell 2 0}}
			}
		}
		{Player 1}
		{MID 58}
		{Breed "eng.tankman"}
		{FsmState "board"}
	}
	{Entity "_infantry2_rus" 0x8097
		{Position -2009.27 -2808.87 0}
		{Orientation
			  0.793616   0.608419   0.000000
			  0.608419  -0.793616   0.000000
			  0.000000   0.000000   1.000000
		}
		{Extender "inventory"
			{box
				{clear}
				{item "ammo pistol" 30 {cell 0 0}}
				{item "webley" {cell 2 0}}
				{item "grenade n73at" {cell 4 0}}
				{item "grenade n73at" {cell 6 0}}
			}
		}
		{Player 1}
		{MID 59}
		{Breed "eng.tankman"}
		{FsmState "board"}
	}
	{Entity "_infantry2_rus" 0x8098
		{Position -2009.27 -2808.87 0}
		{Orientation
			  0.793616   0.608419   0.000000
			  0.608419  -0.793616   0.000000
			  0.000000   0.000000   1.000000
		}
		{Extender "inventory"
			{box
				{clear}
				{item "ammo pistol" 30 {cell 0 0}}
				{item "grenade n73at" {cell 2 0}}
				{item "sten" {cell 4 0}}
			}
		}
		{Player 1}
		{MID 60}
		{Breed "eng.tankman"}
		{FsmState "board"}
	}
	{Entity "_infantry2_rus" 0x809a
		{Position -125.26 -2053.2 65.0115}
		{Turn 95.7019}
		{Extender "inventory"
			{box
				{clear}
				{item "ammo bazooka" {cell 0 0}}
				{item "ammo bazooka" {cell 2 0}}
				{item "ammo bazooka" {cell 4 0}}
				{item "weapon bazooka" filling "ammo bazooka" {cell 0 1}}
			}
		}
		{DisableObstacles}
		{Player 1}
		{MID 61}
		{Breed "eng.bazuker"}
		{Cover
			{sector -125.26 -2053.2 {type "squat_lie"}
				{wall 0 0 -135.906 -2047.23 -116.005 -2045.24}
			}
		}
		{FsmState "squat"}
	}
	{Entity "_infantry2_rus" 0x809d
		{Position 652.754 -2006.28 53.2925}
		{Turn 91.4437}
		{Extender "inventory"
			{box
				{clear}
				{item "ammo bazooka" {cell 0 0}}
				{item "ammo bazooka" {cell 2 0}}
				{item "ammo bazooka" {cell 4 0}}
				{item "weapon bazooka" filling "ammo bazooka" {cell 0 1}}
			}
		}
		{DisableObstacles}
		{Player 1}
		{MID 62}
		{Breed "eng.bazuker"}
		{Cover
			{sector 652.754 -2006.28 {type "squat_lie"}
				{wall 0 0 642.581 -1999.53 662.575 -1999.03}
			}
		}
		{FsmState "squat"}
	}
	{Entity "_infantry2_rus" 0x809e
		{Position 1013.32 -1510.72 75.0907}
		{Turn 93.7249}
		{Extender "inventory"
			{box
				{clear}
				{item "ammo bazooka" {cell 0 0}}
				{item "ammo bazooka" {cell 2 0}}
				{item "ammo bazooka" {cell 4 0}}
				{item "weapon bazooka" filling "ammo bazooka" {cell 0 1}}
			}
		}
		{DisableObstacles}
		{Player 1}
		{MID 63}
		{Breed "eng.bazuker"}
		{Cover
			{sector 1013.32 -1510.72 {type "snipe_cover"}
				{wall 0 0 1002.89 -1504.38 1022.84 -1503.08}
			}
		}
		{FsmState "snipe"}
	}
	{Entity "_infantry2_rus" 0x80a0
		{Position 976.202 -2836.95 0}
		{Turn 168.308}
		{Extender "inventory"
			{box
				{clear}
				{item "ammo pistol" 45 {cell 0 0}}
				{item "grenade n73at" {cell 2 0}}
				{item "grenade n73at" {cell 4 0}}
				{item "grenade n73at" {cell 6 0}}
				{item "sten" {cell 2 1}}
				{item "grenade n73at" {cell 6 1}}
			}
		}
		{Player 1}
		{MID 64}
		{Breed "eng.infantry.smg"}
		{FsmState "stand"}
	}
	{Entity "_infantry2_rus" 0x80a1
		{Position 255.208 -2917.91 0}
		{Turn 175.944}
		{Extender "inventory"
			{box
				{clear}
				{item "ammo pistol" 24 {cell 0 0}}
				{item "sten" {cell 2 0}}
				{item "grenade n73at" {cell 6 0}}
				{item "grenade n73at" {cell 0 1}}
				{item "grenade n73at" {cell 6 1}}
			}
		}
		{Player 1}
		{MID 65}
		{Breed "eng.infantry.smg"}
		{FsmState "stand"}
	}
	{Entity "_infantry2_rus" 0x8005
		{Position 278.753 -2905.55 0}
		{Turn -178.842}
		{Extender "inventory"
			{box
				{clear}
				{item "ammo pistol" 24 {cell 0 0}}
				{item "grenade n73at" {cell 2 0}}
				{item "grenade n73at" {cell 4 0}}
				{item "sten" {cell 0 1}}
			}
		}
		{Player 1}
		{MID 66}
		{Breed "eng.infantry.smg"}
		{FsmState "stand"}
	}
	{Entity "_infantry2_rus" 0x8011
		{Position 996.8 -2825.61 0}
		{Turn 176.876}
		{Extender "inventory"
			{box
				{clear}
				{item "ammo pistol" 43 {cell 0 0}}
				{item "grenade n73at" {cell 2 0}}
				{item "grenade n73at" {cell 4 0}}
				{item "grenade n73at" {cell 6 0}}
				{item "sten" {cell 0 1}}
			}
		}
		{Player 1}
		{MID 67}
		{Breed "eng.infantry.smg"}
		{FsmState "stand"}
	}
	{Entity "_infantry2_rus" 0x801d
		{Position 963.638 -2819.69 0}
		{Turn 167.845}
		{Extender "inventory"
			{box
				{clear}
				{item "weapon bazooka" {cell 0 0}}
				{item "ammo bazooka" {cell 5 0}}
				{item "ammo bazooka" {cell 5 1}}
				{item "ammo bazooka" {cell 0 2}}
			}
		}
		{Player 1}
		{MID 68}
		{Breed "eng.bazuker"}
		{FsmState "stand"}
	}
	{Entity "_infantry2_rus" 0x801f
		{Position 249.059 -2896.41 0}
		{Turn 170.399}
		{Extender "inventory"
			{box
				{clear}
				{item "weapon bazooka" {cell 0 0}}
				{item "ammo bazooka" {cell 5 0}}
				{item "ammo bazooka" {cell 5 1}}
				{item "ammo bazooka" {cell 0 2}}
			}
		}
		{Player 1}
		{MID 69}
		{Breed "eng.bazuker"}
		{FsmState "stand"}
	}
	{Entity "matilda" 0x8027
		{Position 4026.45 -266.374 0}
		{Turn -173.024}
		{Extender "inventory"
			{box
				{clear}
				{item "ammo mgun" 2000 {cell 0 0}}
				{item "repair_kit" {cell 2 0}}
				{item "bullet57 ap" 50 {cell 0 2}}
				{item "bullet57 fg" 27 {cell 0 3}}
			}
		}
		{Player 1}
		{MID 71}
		{Weaponry
			{State "gun"
				{Weapon
					{Ammo "bullet57 fg" 1}
				}
			}
			{State "mgun"
				{Weapon
					{Ammo "ammo mgun" 30}
				}
			}
		}
	}
	{Entity "m4a3" 0x8025
		{Position -2152.4 -2926.35 3.85227}
		{Turn 35.6345}
		{Extender "inventory"
			{box
				{clear}
				{item "ammo mgun" 2000 {cell 0 0}}
				{item "bullet76 ap" 50 {cell 0 2}}
				{item "bullet76 fg" 27 {cell 0 4}}
			}
		}
		{Player 1}
		{MID 70}
		{Weaponry
			{State "gun"
				{Weapon
					{Ammo "bullet76 fg" 1}
				}
			}
			{State "mgun"
				{Weapon
					{Ammo "ammo mgun" 200}
				}
			}
		}
	}
	{Entity "m4a3" 0x802e
		{Position 2347.55 -2839.76 0}
		{Turn 78.4971}
		{Player 1}
		{MID 72}
		{Weaponry
			{State "gun"
				{Weapon
					{Ammo "bullet76 ap" 1}
				}
			}
			{State "mgun"
				{Weapon
					{Ammo "ammo mgun" 200}
				}
			}
		}
	}
	{Entity "_infantry2_rus" 0x8034
		{Position 2347.55 -2839.76 0}
		{Orientation
			  0.199417   0.979915   0.000000
			  0.979915  -0.199417   0.000000
			  0.000000   0.000000   1.000000
		}
		{Extender "inventory"
			{box
				{clear}
				{item "ammo pistol" 30 {cell 0 0}}
				{item "webley" {cell 2 0}}
			}
		}
		{Player 1}
		{MID 73}
		{Breed "eng.tankman"}
		{FsmState "board"}
	}
	{Entity "_infantry2_rus" 0x8035
		{Position 2347.55 -2839.76 0}
		{Orientation
			  0.199417   0.979915   0.000000
			  0.979915  -0.199417   0.000000
			  0.000000   0.000000   1.000000
		}
		{Extender "inventory"
			{box
				{clear}
				{item "ammo pistol" 30 {cell 0 0}}
				{item "webley" {cell 2 0}}
			}
		}
		{Player 1}
		{MID 74}
		{Breed "eng.tankman"}
		{FsmState "board"}
	}
	{Entity "_infantry2_rus" 0x8037
		{Position 2347.55 -2839.76 0}
		{Orientation
			  0.199417   0.979915   0.000000
			  0.979915  -0.199417   0.000000
			  0.000000   0.000000   1.000000
		}
		{Extender "inventory"
			{box
				{clear}
				{item "ammo pistol" 30 {cell 0 0}}
				{item "webley" {cell 2 0}}
				{item "grenade n73at" {cell 4 0}}
			}
		}
		{Player 1}
		{MID 75}
		{Breed "eng.tankman"}
		{FsmState "board"}
	}
	{Entity "_infantry2_rus" 0x803b
		{Position 2347.55 -2839.76 0}
		{Orientation
			  0.199417   0.979915   0.000000
			  0.979915  -0.199417   0.000000
			  0.000000   0.000000   1.000000
		}
		{Extender "inventory"
			{box
				{clear}
				{item "ammo pistol" 30 {cell 0 0}}
				{item "webley" {cell 2 0}}
			}
		}
		{Player 1}
		{MID 76}
		{Breed "eng.tankman"}
		{FsmState "board"}
	}
	{Entity "_infantry2_rus" 0x803d
		{Position -2152.4 -2926.35 3.85227}
		{Orientation
			  0.808885   0.579843  -0.097404
			  0.578641  -0.814444  -0.043068
			  0.104303   0.021525   0.994313
		}
		{Extender "inventory"
			{box
				{clear}
				{item "ammo pistol" 30 {cell 0 0}}
				{item "webley" {cell 2 0}}
				{item "grenade n73at" {cell 4 0}}
			}
		}
		{Player 1}
		{MID 77}
		{Breed "eng.tankman"}
		{FsmState "board"}
	}
	{Entity "_infantry2_rus" 0x804b
		{Position -2152.4 -2926.35 3.85227}
		{Orientation
			  0.808885   0.579843  -0.097404
			  0.578641  -0.814444  -0.043068
			  0.104303   0.021525   0.994313
		}
		{Extender "inventory"
			{box
				{clear}
				{item "ammo pistol" 30 {cell 0 0}}
				{item "webley" {cell 2 0}}
				{item "grenade n73at" {cell 4 0}}
			}
		}
		{Player 1}
		{MID 78}
		{Breed "eng.tankman"}
		{FsmState "board"}
	}
	{Entity "_infantry2_rus" 0x804d
		{Position -2152.4 -2926.35 3.85227}
		{Orientation
			  0.808885   0.579843  -0.097404
			  0.578641  -0.814444  -0.043068
			  0.104303   0.021525   0.994313
		}
		{Extender "inventory"
			{box
				{clear}
				{item "ammo pistol" 30 {cell 0 0}}
				{item "webley" {cell 2 0}}
			}
		}
		{Player 1}
		{MID 79}
		{Breed "eng.tankman"}
		{FsmState "board"}
	}
	{Entity "_infantry2_rus" 0x804f
		{Position -2152.4 -2926.35 3.85227}
		{Orientation
			  0.808885   0.579843  -0.097404
			  0.578641  -0.814444  -0.043068
			  0.104303   0.021525   0.994313
		}
		{Extender "inventory"
			{box
				{clear}
				{item "ammo pistol" 30 {cell 0 0}}
				{item "webley" {cell 2 0}}
				{item "grenade n73at" {cell 4 0}}
			}
		}
		{Player 1}
		{MID 80}
		{Breed "eng.tankman"}
		{FsmState "board"}
	}
	{Entity "_infantry2_rus" 0x8053
		{Position 2361.99 -2893.38 26.7135}
		{Turn -11.5029}
		{Extender "inventory"
			{box
				{clear}
				{item "ammo bazooka" {cell 0 0}}
				{item "ammo bazooka" {cell 2 0}}
				{item "ammo bazooka" {cell 4 0}}
				{item "weapon bazooka" filling "ammo bazooka" {cell 0 1}}
			}
		}
		{DisableObstacles}
		{Player 1}
		{MID 81}
		{Breed "eng.bazuker"}
		{FsmState "board"}
	}
	{Entity "_infantry2_rus" 0x8057
		{Position -2161.6 -2964.84 33.8058}
		{Orientation
			  0.729323  -0.668190   0.146747
			  0.667939   0.741909   0.059300
			 -0.148489   0.054825   0.987423
		}
		{Extender "inventory"
			{box
				{clear}
				{item "ammo pistol" 24 {cell 0 0}}
				{item "grenade n73at" {cell 2 0}}
				{item "grenade n73at" {cell 4 0}}
				{item "grenade n73at" {cell 6 0}}
				{item "grenade n73at" {cell 4 1}}
				{item "grenade n73at" {cell 6 1}}
				{item "sten" {cell 0 1}}
			}
		}
		{DisableObstacles}
		{Player 1}
		{MID 82}
		{Breed "eng.infantry.smg"}
		{FsmState "board"}
	}
	{Entity "_infantry2_rus" 0x8059
		{Position 2365.27 -2876.71 27.9952}
		{Orientation
			  0.978150  -0.007001   0.207600
			 -0.023497   0.989255   0.144600
			 -0.206416  -0.146275   0.967500
		}
		{Extender "inventory"
			{box
				{clear}
				{item "ammo bazooka" {cell 0 0}}
				{item "ammo bazooka" {cell 2 0}}
				{item "ammo bazooka" {cell 4 0}}
				{item "weapon bazooka" filling "ammo bazooka" {cell 0 1}}
			}
		}
		{DisableObstacles}
		{Player 1}
		{MID 83}
		{Breed "eng.bazuker"}
		{FsmState "board"}
	}
	{Entity "_infantry2_rus" 0x805a
		{Position -2175.41 -2974.81 34.1816}
		{Orientation
			  0.578641  -0.814444  -0.043068
			  0.808885   0.579843  -0.097404
			  0.104303   0.021525   0.994313
		}
		{Extender "inventory"
			{box
				{clear}
				{item "ammo pistol" 50 {cell 0 0}}
				{item "sten" {cell 2 0}}
				{item "grenade n73at" {cell 6 0}}
				{item "grenade n73at" {cell 0 1}}
				{item "grenade n73at" {cell 6 1}}
				{item "grenade n73at" {cell 0 2}}
			}
		}
		{DisableObstacles}
		{Player 1}
		{MID 84}
		{Breed "eng.infantry.smg"}
		{FsmState "board"}
	}
	{Entity "_infantry2_rus" 0x805b
		{Position 756.431 -2905.91 0}
		{Extender "inventory"
			{box
				{clear}
				{item "grenade n73at" {cell 2 0}}
				{item "grenade n73at" {cell 4 0}}
				{item "grenade n73at" {cell 6 0}}
				{item "grenade n73at" {cell 6 1}}
				{item "sten" {cell 0 1}}
				{item "ammo pistol" 29 {cell 0 0}}
			}
			{hand_right
				{Item 0x9004 "grenade n73at"}
			}
		}
		{Player 1}
		{MID 85}
		{Breed "eng.infantry.smg"}
		{LastThrowItem "grenade n73at"}
		{FsmState "stand"}
	}
	{Entity "_infantry2_rus" 0x805c
		{Position 749.254 -2917.16 0}
		{Turn -24}
		{Extender "inventory"
			{box
				{clear}
				{item "ammo pistol" 48 {cell 0 0}}
				{item "grenade n73at" {cell 2 0}}
				{item "grenade n73at" {cell 4 0}}
				{item "grenade n73at" {cell 6 0}}
				{item "sten" {cell 0 1}}
			}
			{hand_right
				{Item 0x9003 "grenade n73at"}
			}
		}
		{Player 1}
		{MID 86}
		{Breed "eng.infantry.smg"}
		{LastThrowItem "grenade n73at"}
		{FsmState "stand"}
	}
	{Entity "_infantry2_rus" 0x805f
		{Position 730.607 -2915.78 0}
		{Extender "inventory"
			{box
				{clear}
				{item "ammo pistol" 28 {cell 0 0}}
				{item "grenade n73at" {cell 2 0}}
				{item "grenade n73at" {cell 4 0}}
				{item "grenade n73at" {cell 6 0}}
				{item "sten" {cell 0 1}}
			}
			{hand_right
				{Item 0x806a "grenade n73at"}
			}
		}
		{Player 1}
		{MID 87}
		{Breed "eng.infantry.smg"}
		{LastThrowItem "grenade n73at"}
		{FsmState "stand"}
	}
	{Entity "grenade_rpg40" 0x806a
		{Position 732.384 -2909.7 16.8685}
		{Orientation
			  0.231892   0.065475  -0.970536
			  0.961262   0.137403   0.238945
			  0.149000  -0.988349  -0.031076
		}
		{DisableObstacles}
	}
	{Entity "_infantry2_rus" 0x806d
		{Position 4026.45 -266.374 0}
		{Orientation
			 -0.992597  -0.121453   0.000000
			 -0.121453   0.992597   0.000000
			  0.000000   0.000000   1.000000
		}
		{Extender "inventory"
			{box
				{clear}
				{item "ammo pistol" 30 {cell 0 0}}
				{item "bandage" {cell 6 0}}
				{item "webley" {cell 2 0}}
			}
		}
		{Player 1}
		{MID 88}
		{Breed "eng.tankman"}
		{FsmState "board"}
	}
	{Entity "_infantry2_rus" 0x807a
		{Position 4026.45 -266.374 0}
		{Orientation
			 -0.992597  -0.121453   0.000000
			 -0.121453   0.992597   0.000000
			  0.000000   0.000000   1.000000
		}
		{Extender "inventory"
			{box
				{clear}
				{item "ammo pistol" 30 {cell 0 0}}
				{item "webley" {cell 2 0}}
			}
		}
		{Player 1}
		{MID 89}
		{Breed "eng.tankman"}
		{FsmState "board"}
	}
	{Entity "_infantry2_rus" 0x807b
		{Position 4026.45 -266.374 0}
		{Orientation
			 -0.992597  -0.121453   0.000000
			 -0.121453   0.992597   0.000000
			  0.000000   0.000000   1.000000
		}
		{Extender "inventory"
			{box
				{clear}
				{item "ammo pistol" 30 {cell 0 0}}
				{item "grenade n73at" {cell 2 0}}
				{item "webley" {cell 4 0}}
			}
		}
		{Player 1}
		{MID 90}
		{Breed "eng.tankman"}
		{FsmState "board"}
	}
	{Entity "_infantry2_rus" 0x8083
		{Position 4026.45 -266.374 0}
		{Orientation
			 -0.992597  -0.121453   0.000000
			 -0.121453   0.992597   0.000000
			  0.000000   0.000000   1.000000
		}
		{Extender "inventory"
			{box
				{clear}
				{item "ammo pistol" 30 {cell 0 0}}
				{item "grenade n73at" {cell 2 0}}
				{item "webley" {cell 4 0}}
			}
		}
		{Player 1}
		{MID 91}
		{Breed "eng.tankman"}
		{FsmState "board"}
	}
	{Entity "_infantry2_rus" 0x8085
		{Position 4073.81 -284.896 21.7678}
		{Orientation
			  0.605043  -0.791777   0.083900
			  0.796138   0.603159  -0.049000
			 -0.011805   0.096480   0.995300
		}
		{Extender "inventory"
			{box
				{clear}
				{item "ammo mgun" 100 {cell 4 0}}
				{item "bren" filling "ammo mgun" 30 {cell 0 0}}
				{item "grenade n73at" {cell 6 0}}
			}
		}
		{DisableObstacles}
		{Player 1}
		{MID 92}
		{Breed "eng.infantry.smg"}
		{LastItem "bren"}
		{FsmState "board"}
	}
	{Entity "_infantry2_rus" 0x808d
		{Position 4067.69 -237.013 22.5207}
		{Orientation
			  0.504267   0.849433   0.155200
			 -0.856214   0.515224  -0.038300
			 -0.112436  -0.113597   0.987100
		}
		{Extender "inventory"
			{box
				{clear}
				{item "ammo pistol" 24 {cell 0 0}}
				{item "webley" {cell 2 0}}
			}
		}
		{DisableObstacles}
		{Player 1}
		{MID 94}
		{Breed "eng.infantry.smg"}
		{FsmState "board"}
	}
	{Entity "chicken" 0x808f
		{Position -723.537 97.7584 0}
		{Turn -176.625}
		{Player 0}
		{MID 95}
	}
	{Entity "chicken" 0x8099
		{Position -638.574 238.773 0}
		{Turn -172.848}
		{Player 0}
		{MID 96}
	}
	{Entity "chicken" 0x809b
		{Position -437.143 283.763 0}
		{Turn -18.1941}
		{Player 0}
		{MID 97}
	}
	{Entity "chicken" 0x80a2
		{Position -416.896 363.373 0}
		{Turn -107.876}
		{Player 0}
		{MID 98}
	}
	{Entity "chicken" 0x80a3
		{Position 175.186 -986.389 0}
		{Turn -71.9372}
		{Player 0}
		{MID 99}
	}
	{Entity "chicken" 0x80a4
		{Position 158.747 -1360.43 0}
		{Turn -97.9518}
		{Player 0}
		{MID 100}
	}
	{Entity "chicken" 0x80a5
		{Position 64.4151 -1018.2 0}
		{Turn -37.5168}
		{Player 0}
		{MID 101}
	}
	{Entity "chicken" 0x80a6
		{Position 92.387 -1090.66 0}
		{Turn 114.387}
		{Player 0}
		{MID 102}
	}
	{Entity "chicken" 0x80a7
		{Position -625.273 -1078.77 1}
		{Turn 164.93}
		{Player 0}
		{MID 103}
	}
	{Entity "chicken" 0x80a9
		{Position -547.246 -755.2 1}
		{Turn -170.788}
		{Player 0}
		{MID 104}
	}
	{Entity "chicken" 0x80aa
		{Position -738.992 -1081.59 1}
		{Turn -146.337}
		{Player 0}
		{MID 105}
	}
	{Entity "cow" 0x80ab
		{Position -689.755 -910.06 1}
		{Turn 7.18321}
		{Player 0}
		{MID 106}
	}
	{Entity "_infantry2_rus" 0x80ad
		{Position 603.035 3024.73 0}
		{Orientation
			  0.042645  -0.999090   0.000000
			 -0.999090  -0.042645   0.000000
			  0.000000   0.000000   1.000000
		}
		{Extender "inventory"
			{box
				{clear}
				{item "ammo pistol" 50 {cell 0 0}}
				{item "valter" {cell 2 0}}
