;Exported by: garry
;Date:        Thu Apr 08 17:23:01 2004
;File:        D:\-Projects-\-3DWork-\reload\D1\-3Dwork-\Soldiers\heroes\allied trooper01.max
{Skeleton
	{animation
		{sequence "animation1" {speed 0.5} {autostart}}
	}
	{bone revolute "Basis"
		{Orientation
			1.0000	0.0000	0.0000
			0.0000	-1.0000	0.0000
			0.0000	0.0000	1.0000
		}
		{bone "Body"
			{Matrix34
				0.0000	-0.0000	1.0000
				0.0000	-1.0000	-0.0000
				1.0000	0.0000	0.0000
				1.4286	0.5074	8.4421
			}
			{visibility 0}
			{bone "foot1L"
				{Matrix34
					-0.7938	-0.3460	0.5002
					0.4787	0.1519	0.8648
					0.3752	-0.9259	-0.0450
					-0.1435	-2.1310	-0.4890
				}
				{visibility 0}
				{bone "foot2L"
					{Matrix34
						-0.7759	-0.6309	0.0005
						0.6309	-0.7759	0.0014
						-0.0005	0.0014	1.0000
						9.3784	-0.0472	0.0000
					}
					{visibility 0}
					{bone "Bone06"
						{Matrix34
							0.2214	0.9740	0.0488
							-0.9723	0.2166	0.0881
							0.0752	-0.0670	0.9949
							8.7402	0.1133	0.0057
						}
						{visibility 0}
					}
					{bone "foot3L"
						{Matrix34
							0.1899	0.9717	0.1403
							-0.2793	-0.0835	0.9566
							0.9412	-0.2209	0.2556
							9.2003	-0.3463	-0.0730
						}
						{visibility 0}
						{bone "Bone07"
							{Position 2.6001	0.0000	0.0000}
							{visibility 0}
						}
					}
				}
			}
			{bone "foot1R"
				{Matrix34
					-0.8020	0.3155	0.5072
					0.4476	-0.2448	0.8601
					0.3955	0.9168	0.0552
					-0.1435	2.1710	-0.4888
				}
				{visibility 0}
				{bone "foot2R"
					{Matrix34
						-0.7628	-0.6466	0.0006
						0.6466	-0.7628	0.0014
						-0.0005	0.0014	1.0000
						9.3783	-0.0472	0.0000
					}
					{visibility 0}
					{bone "Bone03"
						{Matrix34
							0.2214	0.9740	0.0488
							-0.9723	0.2166	0.0881
							0.0752	-0.0670	0.9949
							8.7402	0.1133	0.0057
						}
						{visibility 0}
					}
					{bone "foot3R"
						{Matrix34
							0.2255	0.9741	0.0144
							0.1800	-0.0271	-0.9833
							-0.9575	0.2243	-0.1815
							9.2003	-0.3463	-0.0730
						}
						{visibility 0}
						{bone "Bone05"
							{Position 2.6001	-0.0000	0.0000}
							{visibility 0}
						}
					}
				}
			}
			{bone revolute "IK_LeftRight"
				{limits -60.0000 60.0000}
				{speed 0.1000}
				{Matrix34
					-0.0000	-0.0000	1.0000
					-0.0000	-1.0000	-0.0000
					1.0000	-0.0000	0.0000
					1.9037	0.0345	-0.0000
				}
				{visibility 0}
				{bone revolute "IK_UpDown"
					{limits -40.0000 20.0000}
					{speed 0.1000}
					{Matrix34
						0.9113	0.1325	-0.3899
						0.3891	0.0329	0.9206
						0.1348	-0.9906	-0.0216
						0.0000	-0.0000	1.6680
					}
					{visibility 0}
					{bone "Head"
						{Matrix34
							0.9520	-0.1076	-0.2866
							-0.2882	-0.0000	-0.9576
							0.1031	0.9942	-0.0310
							0.0000	7.2146	0.0000
						}
						{visibility 0}
					}
					{bone "Hand1R"
						{Matrix34
							0.3147	-0.8582	0.4056
							0.9451	0.2433	-0.2183
							0.0887	0.4521	0.8876
							-0.0888	5.8989	4.1259
						}
						{visibility 0}
						{bone "Hand2R"
							{Matrix34
								0.7093	0.7049	0.0000
								-0.7049	0.7093	-0.0000
								0.0000	-0.0000	1.0000
								6.2681	-0.0000	0.0000
							}
							{visibility 0}
							{bone "Hand3R"
								{Matrix34
									0.9826	-0.1857	0.0000
									0.1857	0.9826	0.0000
									-0.0000	-0.0000	1.0000
									5.1922	-0.0000	0.0000
								}
								{visibility 0}
								{bone "bren"
									{Matrix34
										-0.2899	-0.0047	-0.9570
										-0.3375	0.9362	0.0977
										0.8956	0.3514	-0.2730
										5.9202	3.8268	-1.0079
									}
									{VolumeView "bren.ply"}
								}
							}
						}
					}
					{bone "Hand1L"
						{Matrix34
							0.6306	-0.7206	-0.2882
							0.6952	0.3593	0.6225
							-0.3451	-0.5929	0.7276
							-0.0888	5.8989	-4.1339
						}
						{visibility 0}
						{bone "Hand2L"
							{Matrix34
								0.2600	0.9656	0.0000
								-0.9656	0.2600	0.0000
								-0.0000	0.0000	1.0000
								6.2681	-0.0000	-0.0000
							}
							{visibility 0}
							{bone "Hand3L"
								{Matrix34
									0.9826	-0.1857	0.0000
									0.1857	0.9826	0.0000
									-0.0000	-0.0000	1.0000
									5.1922	0.0000	0.0000
								}
								{visibility 0}
							}
						}
					}
				}
			}
		}
		{bone "Skin"
			{parameters "CommonMesh;NoSkin;"}
			{Matrix34
				0.9063	0.0000	-0.4226
				-0.0000	-1.0000	-0.0000
				0.4226	-0.0000	0.9063
				-0.1154	-0.0001	26.9396
			}
			{VolumeView "Skin.ply"}
		}
	}
}
