;Exported by: SK
;Date:        Tue Jun 10 00:54:04 2003

{Skeleton
	{bone "cook-house1"
		{Orientation
			-0.0000	1.0000	0.0000
			1.0000	0.0000	0.0000
			0.0000	0.0000	1.0000
		}
		{VolumeView "cook-house1.ply"}
	}
}
{Volume "fire5"
	{Box 3.26667 23.7036 20.4211}
	{Bone "cook-house1"}
		{Matrix34
			-0.0000	1.0000	0.0000
			-1.0000	-0.0000	0.0000
			0.0000	0.0000	1.0000
			35.8043	-36.4262	29.5353
		}
}
{Volume "fire4"
	{Box 1.47 126.558 48.395}
	{Bone "cook-house1"}
		{Matrix34
			-0.0000	0.7660	-0.6428
			-1.0000	-0.0000	0.0000
			-0.0000	0.6428	0.7660
			-5.0873	-21.5711	65.5815
		}
}
{Volume "fire6"
	{Box 3.26667 23.7036 21.5556}
	{Bone "cook-house1"}
		{Matrix34
			-0.0000	1.0000	0.0000
			-1.0000	-0.0000	0.0000
			0.0000	0.0000	1.0000
			-17.9679	-36.4262	29.4901
		}
}
{Volume "fire3"
	{Box 1.47 126.558 48.3719}
	{Bone "cook-house1"}
		{Matrix34
			-0.0000	0.7660	0.6428
			-1.0000	-0.0000	0.0000
			0.0000	-0.6428	0.7660
			-5.0873	20.7301	65.5726
		}
}
{Volume "fire2"
	{Box 1.47 44.5628 29.8753}
	{Bone "cook-house1"}
		{Matrix34
			-0.0000	0.2588	0.9659
			-1.0000	-0.0000	0.0000
			0.0000	-0.9659	0.2588
			39.6245	50.6322	45.3525
		}
}
{Volume "fire1"
	{Box 3.26667 23.7036 21.7447}
	{Bone "cook-house1"}
		{Matrix34
			-0.0000	1.0000	0.0000
			-1.0000	-0.0000	0.0000
			0.0000	0.0000	1.0000
			-33.7972	35.2240	29.9521
		}
}
{Volume "fire0"
	{Box 3.26667 23.7036 37.8169}
	{Bone "cook-house1"}
		{Matrix34
			-0.0000	1.0000	0.0000
			-1.0000	-0.0000	0.0000
			0.0000	0.0000	1.0000
			40.1364	35.2240	18.9084
		}
}
{Volume "Body"
	{Polyhedron "Body.vol"}
	{Bone "cook-house1"}
		{Matrix34
			-0.0000	1.0000	0.0000
			-1.0000	-0.0000	0.0000
			0.0000	0.0000	1.0000
			-0.5020	-0.3083	0.0000
		}
}
