;Exported by: dinsen
;Date:        Sat May 28 20:09:06 2011
;File:        C:\Archivos de programa\Autodesk\3dsMax8\scenes\pendientes\hecho\m21_xx.max
{Skeleton
	{bone "basis"
		{Orientation
			1.0000	0.0000	0.0000
			0.0000	-1.0000	0.0000
			0.0000	0.0000	1.0000
		}
		{bone "body"
			{parameters "ID=body;"}
			{Matrix34
				1.0000	0.0000	0.0000
				0.0000	1.0000	0.0007
				0.0000	-0.0007	1.0000
				-5.0895	0.7706	21.4801
			}
			{VolumeView "body.ply"}
			{bone "door_left"
				{Matrix34
					1.0000	0.0000	0.0000
					0.0000	1.0000	0.0000
					0.0000	0.0000	1.0000
					15.1859	15.9649	4.8858
				}
				{VolumeView "door_left.ply"}
			}
			{bone "part4"
				{Matrix34
					1.0000	0.0000	-0.0001
					0.0000	1.0000	0.0000
					0.0001	0.0000	1.0000
					7.0849	-17.9419	7.6873
				}
				{VolumeView "part4.ply"}
			}
			{bone revolute "wheelL2"
				{Matrix34
					-1.0000	0.0000	0.0000
					0.0000	0.0000	1.0000
					0.0000	1.0000	0.0000
					-51.5306	15.6628	-7.8222
				}
				{VolumeView "wheelL2.ply"}
			}
			{bone revolute "wheelR2"
				{Matrix34
					-1.0000	0.0000	0.0000
					0.0000	0.0000	1.0000
					0.0000	1.0000	0.0000
					-51.3111	-16.2731	-7.8222
				}
				{VolumeView "wheelR2.ply"}
			}
			{bone "engine"
				{parameters "ID=engine;"}
				{Position -0.1024	0.0000	0.0000}
				{VolumeView "engine.ply"}
			}
			{bone "part3"
				{Matrix34
					1.0000	0.0000	0.0000
					0.0000	1.0000	-0.0008
					0.0000	0.0008	1.0000
					-30.8962	-0.8177	-2.0969
				}
				{VolumeView "part3.ply"}
			}
			{bone revolute "turret"
				{limits -10.0000 10.0000}
				{Matrix34
					1.0000	0.0000	0.0000
					0.0000	1.0000	-0.0008
					0.0000	0.0008	1.0000
					-14.1854	-0.7267	-3.5840
				}
				{bone revolute "stabilizator"
					{limits -10.0000 20.0000}
					{Orientation
						1.0000	0.0000	0.0000
						0.0000	0.0000	1.0000
						0.0000	-1.0000	0.0000
					}
					{bone "patas"
						{Matrix34
							1.0000	0.0000	0.0000
							0.0000	0.0000	-1.0000
							0.0000	1.0000	0.0000
							3.6746	7.3711	-2.0723
						}
						{VolumeView "patas.ply"}
					}
					{bone "part2"
						{Matrix34
							1.0000	0.0000	0.0000
							0.0000	0.0000	-1.0000
							0.0000	1.0000	0.0000
							-6.7740	13.8636	0.2176
						}
						{VolumeView "part2.ply"}
					}
				}
			}
		}
		{bone "pivot_back"
			{Matrix34
				0.9998	-0.0037	-0.0175
				0.0037	1.0000	0.0050
				0.0175	-0.0050	0.9998
				-38.9536	0.5875	10.8726
			}
			{VolumeView "pivot_back.ply"}
			{bone "spring_R"
				{parameters "ID=trackright;"}
				{Matrix34
					1.0000	0.0000	0.0000
					0.0000	0.0000	1.0000
					0.0000	-1.0000	0.0000
					-0.0006	-17.4384	-0.0002
				}
				{bone "part1"
					{Matrix34
						-0.9999	-0.0124	0.0037
						-0.0124	0.9999	-0.0050
						-0.0037	-0.0050	-1.0000
						24.9948	2.3488	-1.3707
					}
					{VolumeView "part1.ply"}
				}
				{bone revolute "wheelR4"
					{parameters "ID=trackright;"}
					{Matrix34
						-0.9999	-0.0124	0.0037
						-0.0124	0.9999	-0.0050
						-0.0037	-0.0050	-1.0000
						16.1144	-6.4424	-0.0773
					}
					{VolumeView "wheelR4.ply"}
				}
				{bone revolute "wheelR5"
					{parameters "ID=trackright;"}
					{Matrix34
						-0.9999	-0.0124	0.0037
						-0.0124	0.9999	-0.0050
						-0.0037	-0.0050	-1.0000
						8.2023	-6.4424	-0.0230
					}
					{VolumeView "wheelR5.ply"}
				}
				{bone revolute "wheelR6"
					{parameters "ID=trackright;"}
					{Matrix34
						-0.9999	-0.0124	0.0037
						-0.0124	0.9999	-0.0050
						-0.0037	-0.0050	-1.0000
						-1.2958	-6.4424	0.1306
					}
					{VolumeView "wheelR6.ply"}
				}
				{bone revolute "wheelR7"
					{parameters "ID=trackright;"}
					{Matrix34
						-0.9999	-0.0124	0.0037
						-0.0124	0.9999	-0.0050
						-0.0037	-0.0050	-1.0000
						-9.2084	-6.4424	0.1122
					}
					{VolumeView "wheelR7.ply"}
				}
			}
			{bone "spring_L"
				{parameters "ID=trackleft;"}
				{Matrix34
					1.0000	0.0000	0.0000
					0.0000	0.0000	1.0000
					0.0000	-1.0000	0.0000
					-0.0006	18.2425	-0.0002
				}
				{bone revolute "wheelL3"
					{parameters "ID=trackleft;"}
					{Matrix34
						-0.9999	-0.0124	0.0037
						-0.0124	0.9999	-0.0050
						-0.0037	-0.0050	-1.0000
						24.7716	2.3488	1.8327
					}
					{VolumeView "wheelL3.ply"}
				}
				{bone revolute "wheelL4"
					{parameters "ID=trackleft;"}
					{Matrix34
						-0.9999	-0.0124	0.0037
						-0.0124	0.9999	-0.0050
						-0.0037	-0.0050	-1.0000
						15.8742	-6.4424	0.6616
					}
					{VolumeView "wheelL4.ply"}
				}
				{bone revolute "wheelL5"
					{parameters "ID=trackleft;"}
					{Matrix34
						-0.9999	-0.0124	0.0037
						-0.0124	0.9999	-0.0050
						-0.0037	-0.0050	-1.0000
						7.9622	-6.4424	0.7160
					}
					{VolumeView "wheelL5.ply"}
				}
				{bone revolute "wheelL6"
					{parameters "ID=trackleft;"}
					{Matrix34
						-0.9999	-0.0124	0.0037
						-0.0124	0.9999	-0.0050
						-0.0037	-0.0050	-1.0000
						-1.5366	-6.4424	0.7812
					}
					{VolumeView "wheelL6.ply"}
				}
				{bone revolute "wheelL7"
					{parameters "ID=trackleft;"}
					{Matrix34
						-0.9999	-0.0124	0.0037
						-0.0124	0.9999	-0.0050
						-0.0037	-0.0050	-1.0000
						-9.4487	-6.4424	0.8356
					}
					{VolumeView "wheelL7.ply"}
				}
			}
		}
		{bone "pivot_front"
			{Position 37.8474	1.1185	10.3263}
			{VolumeView "pivot_front.ply"}
			{bone revolute "steer_R1"
				{Matrix34
					1.0000	0.0000	0.0000
					0.0000	-1.0000	0.0000
					0.0000	0.0000	-1.0000
					-0.1033	-17.9694	0.2680
				}
				{bone revolute "wheelR1"
					{parameters "ID=wheelright1;"}
					{Matrix34
						-1.0000	0.0000	0.0000
						0.0000	0.0000	-1.0000
						0.0000	-1.0000	0.0000
						0.0001	0.0003	0.0006
					}
					{VolumeView "wheelR1.ply"}
				}
			}
			{bone revolute "steer_L1"
				{Matrix34
					1.0000	0.0000	0.0000
					0.0000	-1.0000	0.0000
					0.0000	0.0000	-1.0000
					-0.1033	17.7115	0.2680
				}
				{bone revolute "wheelL1"
					{parameters "ID=wheelleft1;"}
					{Matrix34
						-1.0000	0.0000	0.0000
						0.0000	0.0000	-1.0000
						0.0000	-1.0000	0.0000
						-0.0005	-0.0003	0.0006
					}
					{VolumeView "wheelL1.ply"}
				}
			}
		}
	}
}
{Volume "part1"
	{Box 11.056 7.52239 11.0704}
	{Bone "part1"}
	{Matrix34
		-1.0000	0.0051	0.0000
		0.0000	0.0000	0.6375
		0.0051	1.0000	-0.0000
		0.2279	-0.0012	-1.5630
	}
}
{Volume "body"
	{Polyhedron "body.vol"}
	{Bone "body"}
	{Position -13.2574	0.0000	3.6312}
}
{Volume "part2"
	{Box 20.3909 16.708 30.4612}
	{Bone "part2"}
	{Matrix34
		0.1019	0.0000	-0.0700
		0.0000	0.1668	0.0000
		0.5661	0.0000	0.8243
		0.6283	0.2232	0.9893
	}
}
{Volume "turret"
	{Polyhedron "turret.vol"}
	{Bone "patas"}
	{Matrix34
		0.8948	0.0000	0.4465
		0.0000	1.0000	0.0000
		-0.4465	0.0000	0.8948
		0.2049	-1.4047	1.3537
	}
}
{Volume "part3"
	{Box 15.7458 17.0436 10.4829}
	{Bone "part3"}
	{Matrix34
		0.9639	0.0000	-0.2664
		0.0000	1.0000	0.0000
		0.0996	0.0000	0.3603
		-0.5380	0.0000	-0.6798
	}
}
{Volume "part4"
	{Box 16.524 4.54184 19.4384}
	{Bone "part4"}
	{Matrix34
		0.9681	0.2504	-0.0001
		-0.0529	0.2046	-0.0002
		-0.0001	0.0007	1.0000
		0.0000	0.0000	0.0000
	}
}
