;Exported by: shevchenko
;Date:        Mon Apr 19 11:52:08 2004
;File:        D:\-Projects-\-3DWork-\sheva\kuznja_1_x.max
{Skeleton
	{animation
		{sequence "crush" {speed 0.8}}
	}
	{bone "kuznja_wall2_x"
		{parameters "CommonMesh;"}
		{Orientation
			1.0000	0.0000	0.0000
			0.0000	-1.0000	0.0000
			0.0000	0.0000	1.0000
		}
		{VolumeView "kuznja_wall2_x.ply"}
		{bone "piece1"
			{Matrix34
				-0.0000	1.0000	0.0000
				0.0000	0.0000	1.0000
				1.0000	0.0000	-0.0000
				-46.1954	-14.9606	78.7402
			}
			{VolumeView "piece1.ply"}
		}
		{bone "piece2"
			{Matrix34
				-0.0000	1.0000	0.0000
				0.0000	0.0000	1.0000
				1.0000	0.0000	-0.0000
				-46.1954	32.9833	64.5142
			}
			{VolumeView "piece2.ply"}
		}
		{bone "piece3"
			{Matrix34
				-0.0000	1.0000	0.0000
				0.0000	0.0000	1.0000
				1.0000	0.0000	-0.0000
				-46.1954	12.4463	31.3741
			}
			{VolumeView "piece3.ply"}
		}
		{bone "piece4"
			{Matrix34
				-0.0000	1.0000	0.0000
				0.0000	0.0000	1.0000
				1.0000	0.0000	-0.0000
				-46.1954	-53.2753	50.1968
			}
			{VolumeView "piece4.ply"}
		}
	}
}
{Volume "piece4"
	{Box 5.90551 10.3644 22.159}
	{Bone "piece4"}
	{Matrix34
		-0.0000	0.0000	1.0000
		1.0000	-0.0000	0.0000
		0.0000	1.0000	-0.0000
		0.4456	-0.7231	-0.0021
	}
}
{Volume "piece3"
	{Box 5.90551 33.1086 18.4658}
	{Bone "piece3"}
	{Matrix34
		-0.0000	0.0000	1.0000
		0.9305	-0.3662	0.0000
		0.3662	0.9305	-0.0000
		-1.2903	0.3210	-0.0021
	}
}
{Volume "piece2"
	{Box 5.90551 15.8345 27.0062}
	{Bone "piece2"}
	{Matrix34
		-0.0000	0.0000	1.0000
		0.9973	0.0733	0.0000
		-0.0733	0.9973	-0.0000
		0.7002	-1.0456	-0.0021
	}
}
{Volume "piece1"
	{Box 5.90551 49.8068 20.3124}
	{Bone "piece1"}
	{Matrix34
		-0.0000	0.0000	1.0000
		0.9994	-0.0346	0.0000
		0.0346	0.9994	-0.0000
		-1.5794	1.0553	-0.0021
	}
}
