;Exported by: Albus
;Date:        Fri Mar 02 20:06:48 2012
;File:        C:\DOCUME~1\Albus\MISDOC~1\DOWNLO~1\SKYPE\37mm.max
{Skeleton
	{animation
		{sequence "recoil"}
	}
	{bone "basis"
		{Orientation
			1.0000	0.0000	0.0000
			0.0000	-1.0000	0.0000
			0.0000	0.0000	1.0000
		}
		{bone "body"
			{parameters "ID=body;"}
			{Position 6.2830	-1.2515	8.0013}
			{VolumeView "body.ply"}
			{bone revolute "turret"
				{parameters "ID=turret;"}
				{speed 0.0180}
				{Position -6.2830	1.2515	-2.9125}
				{VolumeView "turret.ply"}
				{bone revolute "gun_rot"
					{parameters "ID=gun;"}
					{limits -30.0000 30.0000}
					{Matrix34
						0.8910	-0.0000	0.4540
						-0.4540	-0.0000	0.8910
						0.0000	-1.0000	-0.0000
						-4.0297	-0.0000	16.2109
					}
					{VolumeView "gun_rot.ply"}
					{bone "gun"
						{parameters "ID=gun;"}
						{Matrix34
							1.0000	-0.0000	0.0000
							-0.0000	-0.0000	-1.0000
							-0.0000	1.0000	-0.0000
							29.9823	-0.1341	0.0533
						}
						{VolumeView "gun.ply"}
						{bone "shooter00"
							{Position 18.6185	0.1337	0.0758}
						}
						{bone "Foresight1"
							{Position 21.5106	0.1337	0.0758}
						}
					}
					{bone "FXshell1"
						{Matrix34
							-0.9706	0.2406	-0.0000
							0.2406	0.9706	-0.0000
							-0.0000	-0.0000	-1.0000
							-6.9606	-0.3922	-0.0000
						}
					}
				}
				{bone "gunner"
					{Matrix34
						0.9076	-0.0000	0.4199
						-0.0000	1.0000	-0.0000
						-0.4199	-0.0000	0.9076
						1.0159	12.2881	-1.0305
					}
				}
				{bone "commander"
					{Matrix34
						0.9076	-0.0000	0.4199
						-0.0000	1.0000	-0.0000
						-0.4199	-0.0000	0.9076
						1.0159	-12.2325	-1.0305
					}
				}
				{bone "Visor"
					{Matrix34
						0.8948	-0.0000	0.4465
						-0.4465	-0.0000	0.8948
						0.0000	-1.0000	-0.0000
						12.1821	-0.0000	31.2463
					}
				}
				{bone "emit1"
					{Matrix34
						-0.0000	-1.0000	0.0000
						1.0000	-0.0000	0.0000
						0.0000	-0.0000	1.0000
						-7.0265	25.1491	-5.0888
					}
				}
				{bone "emit2"
					{Matrix34
						0.0000	1.0000	-0.0000
						-1.0000	0.0000	-0.0000
						0.0000	-0.0000	1.0000
						-7.0265	-25.1195	-5.0888
					}
				}
			}
		}
	}
}
{Obstacle "body"
	{Obb2
		{Center 1.17805 -0.145576}
		{Extent 33.8862 15.1403}
		{Axis 1 0}
	}
	{Rotate}
}
{Volume "body4"
	{Cylinder 7.49299 4.22943}
	{Bone "body"}
	{Matrix34
		1.0000	0.0000	0.0000
		0.0000	-0.0000	1.0000
		-0.0000	-1.0000	0.0000
		20.0791	-14.5920	0.6494
	}
}
{Volume "body3"
	{Cylinder 7.49299 4.22943}
	{Bone "body"}
	{Matrix34
		1.0000	0.0000	0.0000
		0.0000	-0.0000	1.0000
		-0.0000	-1.0000	0.0000
		19.5750	17.2692	0.6494
	}
}
{Volume "body2"
	{Cylinder 7.49299 4.22943}
	{Bone "body"}
	{Matrix34
		1.0000	0.0000	0.0000
		0.0000	-0.0000	1.0000
		-0.0000	-1.0000	0.0000
		-33.9494	17.2692	0.6494
	}
}
{Volume "body1"
	{Cylinder 7.49299 4.22943}
	{Bone "body"}
	{Matrix34
		1.0000	0.0000	0.0000
		0.0000	-0.0000	1.0000
		-0.0000	-1.0000	0.0000
		-34.2474	-14.5431	0.6494
	}
}
{Volume "body"
	{Polyhedron "body.vol"}
	{Bone "body"}
	{Position -0.0000	1.3970	-7.6006}
}
{Volume "turret"
	{Box 13.0069 11.7762 17.4655}
	{Bone "turret"}
	{Position 1.5356	1.0869	8.6846}
}
{Volume "gun_rot"
	{Box 20.4838 5.26778 6.88582}
	{Bone "gun_rot"}
	{Matrix34
		1.0000	-0.0041	-0.0000
		-0.0000	-0.0000	-1.0000
		0.0041	1.0000	-0.0000
		2.7489	-0.3955	-0.0971
	}
}
{Volume "gun"
	{Cylinder 0.851335 34.8933}
	{Bone "gun"}
	{Matrix34
		-0.0000	-1.0000	-0.0000
		-0.0000	-0.0000	1.0000
		-1.0000	0.0000	0.0000
		-0.0489	0.1418	0.1267
	}
}
