;Created by Slash and Rancid
;Date:      March 2005
;Contact:	http://showw2.rancid.ca
;(c) Slash and Rancid
{Skeleton
	{bone "Basis"
		{Orientation
			1.0000	0.0000	0.0000
			0.0000	-1.0000	0.0000
			0.0000	0.0000	1.0000
		}
		{bone "Body"
			{parameters "ID=body;"}
			{Position -3.2370	-1.7970	14.5860}
			{VolumeView "Body.ply"}
			{bone "Cover"
				{parameters "ID=body;"}
				{Matrix34
					0.9063	0.4226	-0.0000
					-0.4226	0.9063	0.0000
					0.0000	0.0000	1.0000
					22.0000	-2.0000	7.6000
				}
				{VolumeView "Cover.ply"}
			}
			{bone "shield_right"
				{parameters "ID=shield_right;"};SnRWtrMrk
				{Matrix34
					0.9862	-0.0347	0.1617
					0.0341	0.99940	0.0063
					-0.1618	-0.0007	0.9868
					-47.9554	-25.6550	-15.5069
				}
				{VolumeView "shieldR.ply"}
			}
			{bone "shield_left"
				{parameters "ID=shield_left;"}
				{Matrix34
					0.994839	0.0177847	-0.0998915
					-0.0279216	0.994493	-0.101017
					0.0975448	0.103285	0.989857
					-46.9498	30.5255	-3.74609
				}
				{VolumeView "shieldL.ply"}
			}
			{bone revolute "mgun_rot"
				{limits -15.0000 15.0000}
				{Matrix34
					1.0000	-0.0000	0.0000
					0.0000	0.0000	1.0000
					-0.0000	1.0000	0.0000
					35.0000	-15.0000	13.0000
				}	
				{bone revolute "mgun"
					{limits -15.0000 15.0000};SnRWtrMrk
					{Matrix34
						1.0000	-0.0000	0.0000
						0.0000	0.0000	1.0000
						-0.0000	1.0000	0.0000
						12.0000	0.0000	1.0000
					}	
					{VolumeView "mgun.ply"}
				}
			
			}
			{bone revolute "gun_vert"
				{limits -10.0000 10.0000}
				{parameters "ID=turret;"}
				{speed 0.0200}
				{Position 35.0000	-2.0000	13.0000}
				{bone revolute "Gun_rot"
					{parameters "ID=gun;"}
					{limits -15.0000 10.0000}
					{speed 0.0100}
					{Matrix34
						1.0000	-0.0000	0.0000
						0.0000	0.0000	1.0000
						-0.0000	-1.0000	0.0000
						0.0000	0.0000	0.8772
					}
					{bone "gun_mount"
						{parameters "ID=gun;"};SnRWtrMrk
						{Matrix34
							1.0000	-0.0000	0.0000
							0.0000	1.0000	0.0000
							-0.0000	0.0000	1.0000
							7.5000	0.0000	2.0000
						}						
						{VolumeView "Gun_rot.ply"}
						{bone "Gun"
							{parameters "ID=gun;"}
							{Matrix34
								1.0000	0.0000	-0.0000
								-0.0000	0.0000	-1.0000
								-0.0000	1.0000	0.0000
								-6.0000	0.0000	-1.5000
							}
							{VolumeView "Gun.ply"}
						}
					}
				}
			}
			{bone revolute "WheelL1"
				{parameters "ID=body;"}
				{Matrix34
					-1.0000	-0.0000	-0.0051
					-0.0051	-0.0000	1.0000
					-0.0000	1.0000	0.0000
					47.0512	23.9098	-0.2693
				}
				{VolumeView "WheelL1.ply"}
			}
			{bone revolute "WheelR1"
				{parameters "ID=body;"};SnRWtrMrk
				{Matrix34
					-1.0000	-0.0000	-0.0051
					-0.0051	-0.0000	1.0000
					-0.0000	1.0000	0.0000
					47.0512	-20.7996	-0.2693
				}
				{VolumeView "WheelR1.ply"}
			}
			{bone revolute "WheelL2"
				{parameters "ID=body;"}
				{Matrix34
					-1.0000	-0.0000	-0.0051
					-0.0051	-0.0000	1.0000
					-0.0000	1.0000	0.0000
					-45.1760	25.0912	-3.8144
				}
				{VolumeView "WheelL2.ply"}
			}
			{bone revolute "WheelR2"
				{parameters "ID=body;"}
				{Matrix34
					-1.0000	-0.0000	-0.0051
					-0.0051	-0.0000	1.0000
					-0.0000	1.0000	0.0000
					-45.1760	-19.3645	-3.8144
				}
				{VolumeView "WheelR2.ply"}
			}
			{bone "engine"
				{parameters "ID=engine;"}
				{Matrix34
					0.0025	0.1736	0.9848
					-0.0004	0.9848	-0.1736
					-1.0000	-0.0000	0.0025
					-33.4304	2.4557	5.8051
				}
			}
		}
		{bone "WheelsL"
			{parameters "ID=trackleft;"};SnRWtrMrk
			{Matrix34
				-1.0000	-0.0000	0.0000
				0.0000	-0.0000	1.0000
				-0.0000	1.0000	0.0000
				-1.8230	22.5787	10.9635
			}
			{VolumeView "WheelsL.ply"}
			{bone "TrackL"
				{parameters "CommonMesh;ID=trackleft;"}
				{Position 2.7499	0.5981	1.3679}
				{VolumeView "TrackL.ply"}
			}
		}
		{bone "WheelsR"
			{parameters "ID=trackright;"}
			{Matrix34
				-1.0000	-0.0000	0.0000
				0.0000	-0.0000	1.0000
				-0.0000	1.0000	0.0000
				-1.8230	-21.6223	10.9635
			}
			{VolumeView "WheelsR.ply"}
			{bone "TrackR"
				{parameters "CommonMesh;ID=trackright;"}
				{Matrix34
					1.0000	0.0000	-0.0000
					-0.0000	1.0000	-0.0000
					-0.0000	0.0000	1.0000
					2.7499	0.5981	-0.5408
				}
				{VolumeView "TrackR.ply"}
			}
		}
	}
}
;(c) Slash and Rancid