;Created by Slash and Rancid
;Date:      March 2005
;Contact:	http://showw2.rancid.ca
;(c) Slash and Rancid
{Skeleton
	{animation
		{sequence "start"}
		{sequence "stop"}
		{sequence "hit"}
                {sequence "fire"{speed 2.0}}
	}
	{bone "Basis"
		{Orientation
			1.0000	0.0000	0.0000
			0.0000	-1.0000	0.0000
			0.0000	0.0000	1.0000
		}
		{bone "Body"
			{parameters "ID=body;"}
			{Position -3.2370	-1.7970	14.5860}
			{VolumeView "Body.ply"}
			{bone "Cover"
				{parameters "ID=body;"}
				{Matrix34
					0.9063	0.4226	-0.0000
					-0.4226	0.9063	0.0000
					0.0000	0.0000	1.0000
					22.0000	-2.0000	7.6000
				}
				{VolumeView "Cover.ply"}
			}
			{bone "shield_right"
				{parameters "ID=shield_right;"};SnRWtrMrk
				{Matrix34
					1.0000	-0.0000	0.0000
					0.0000	1.0000	0.0000
					0.0000	-0.0000	1.0000
					-47.0000	-26.0000	-5.0000
				}
				{VolumeView "shieldR.ply"}
			}
			{bone "shield_left"
				{parameters "ID=shield_left;"}
				{Matrix34
					1.0000	-0.0000	0.0000
					0.0000	1.0000	0.0000
					0.0000	-0.0000	1.0000
					-47.0000	31.0000	-5.0000
				}
				{VolumeView "shieldL.ply"}
			}
			{bone revolute "mgun_rot"
				{limits -15.0000 15.0000}
				{speed 0.1000}
				{Matrix34
					1.0000	-0.0000	0.0000
					0.0000	0.0000	1.0000
					-0.0000	1.0000	0.0000
					35.0000	-15.0000	13.0000
				}	
				{bone revolute "mgun"
					{limits -15.0000 15.0000}
					{speed 0.1000}
					{Matrix34
						1.0000	-0.0000	0.0000
						0.0000	0.0000	1.0000
						-0.0000	1.0000	0.0000
						12.0000	0.0000	1.0000
					}	
					{VolumeView "mgun.ply"}
					{bone "Foresight3"
						{Position 7.0000	0.0000	-1.0000}
					}				
				}
			
			}
			{bone revolute "gun_vert"
				{limits -15.0000 15.0000}
				{parameters "ID=turret;"};SnRWtrMrk
				{speed 0.0100}
				{Position 35.0000	-2.0000	13.0000}
				{bone "Visor1"
					{Position 4.0000	13.0000	-2.0000}
				}
				{bone revolute "Gun_rot"
					{parameters "ID=gun;"}
					{limits -5.0000 15.0000}
					{speed 0.0050}
					{Matrix34
						1.0000	-0.0000	0.0000
						0.0000	0.0000	1.0000
						-0.0000	-1.0000	0.0000
						0.0000	0.0000	0.8772
					}
					{bone "gun_mount"
						{parameters "ID=gun;"};SnRWtrMrk
						{Matrix34
							1.0000	-0.0000	0.0000
							0.0000	1.0000	0.0000
							-0.0000	0.0000	1.0000
							7.5000	0.0000	2.0000
						}						
						{VolumeView "Gun_rot.ply"}
						{bone "Gun"
							{parameters "ID=gun;"}
							{Matrix34
								1.0000	0.0000	-0.0000
								-0.0000	0.0000	-1.0000
								-0.0000	1.0000	0.0000
								-6.0000	0.0000	-1.5000
							}
							{VolumeView "Gun.ply"}
							{bone prizmatic "Foresight1"
								{Matrix34
									1.0000	0.0000	-0.0000
									0.0000	-0.0000	1.0000
									0.0000	-1.0000	0.0000
									73.6119	 0.1672	0.6184
								}
							}
						}
					}
				}
				{bone "FXfire2"
					{Matrix34
						0.0000	-0.0000	1.0000
						0.0000	1.0000	0.0000
						-1.0000	0.0000	0.0000
						-10.9394	0.3800	3.2637
					}
				}
			}
			{bone "FXfire1"
				{Matrix34
					-0.1710	0.1736	0.9698
					0.0302	0.9848	-0.1710
					-0.9848	-0.0000	-0.1736
					-28.7934	0.9556	16.2871
				}
			}
			{bone "FXshot"
				{Matrix34
					0.0000	0.0000	1.0000
					-0.0000	1.0000	-0.0000
					-1.0000	-0.0000	0.0000
					-5.4365	0.9556	10.8590
				}
			}
			{bone "FXsmoke1"
				{Matrix34
					-0.2143	0.0539	0.9753
					-0.0200	-0.9985	0.0508
					0.9766	-0.0086	0.2151
					-49.8552	8.2606	13.0287
				}
			}
			{bone "FXsmoke2"
				{Matrix34
					-0.2143	0.0539	0.9753
					-0.0200	-0.9985	0.0508
					0.9766	-0.0086	0.2151
					-49.9465	-3.3337	13.4445
				}
			}
			{bone revolute "WheelL1"
				{parameters "ID=body;"}
				{Matrix34
					-1.0000	-0.0000	-0.0051
					-0.0051	-0.0000	1.0000
					-0.0000	1.0000	0.0000
					47.0512	23.9098	-0.2693
				}
				{VolumeView "WheelL1.ply"}
			}
			{bone revolute "WheelR1"
				{parameters "ID=body;"}
				{Matrix34
					-1.0000	-0.0000	-0.0051
					-0.0051	-0.0000	1.0000
					-0.0000	1.0000	0.0000
					47.0512	-20.7996	-0.2693
				}
				{VolumeView "WheelR1.ply"}
			}
			{bone revolute "WheelL2"
				{parameters "ID=body;"}
				{Matrix34
					-1.0000	-0.0000	-0.0051
					-0.0051	-0.0000	1.0000
					-0.0000	1.0000	0.0000
					-45.1760	25.0912	-3.8144
				}
				{VolumeView "WheelL2.ply"}
			}
			{bone revolute "WheelR2"
				{parameters "ID=body;"};SnRWtrMrk
				{Matrix34
					-1.0000	-0.0000	-0.0051
					-0.0051	-0.0000	1.0000
					-0.0000	1.0000	0.0000
					-45.1760	-19.3645	-3.8144
				}
				{VolumeView "WheelR2.ply"}
			}
			{bone "Visor2"
				{Position 38.2119	10.6406	12.9810}
			}
			{bone "engine"
				{parameters "ID=engine;"}
				{Matrix34
					0.0025	0.1736	0.9848
					-0.0004	0.9848	-0.1736
					-1.0000	-0.0000	0.0025
					-33.4304	2.4557	5.8051
				}
			}
		}
		{bone "WheelsL"
			{parameters "ID=trackleft;"}
			{Matrix34
				-1.0000	-0.0000	0.0000
				0.0000	-0.0000	1.0000
				-0.0000	1.0000	0.0000
				-1.8230	22.5787	10.9635
			}
			{VolumeView "WheelsL.ply"}
			{bone "FXtraceL2"
				{Matrix34
					0.9659	0.2588	0.0000
					0.0000	0.0000	-1.0000
					-0.2588	0.9659	-0.0000
					35.9395	-10.0901	-2.0866
				}
			}
			{bone "FXtraceL1"
				{Matrix34
					1.0000	-0.0000	0.0000
					0.0000	0.0000	-1.0000
					-0.0000	1.0000	-0.0000
					-36.5751	-3.5130	1.0416
				}
			}
			{bone "TrackL"
				{parameters "CommonMesh;ID=trackleft;"}
				{Position 2.7499	0.5981	1.3679}
				{VolumeView "TrackL.ply"}
			}
		}
		{bone "WheelsR"
			{parameters "ID=trackright;"}
			{Matrix34
				-1.0000	-0.0000	0.0000
				0.0000	-0.0000	1.0000
				-0.0000	1.0000	0.0000
				-1.8230	-21.6223	10.9635
			}
			{VolumeView "WheelsR.ply"}
			{bone "FXtraceR1"
				{Matrix34
					1.0000	-0.0000	0.0000
					0.0000	0.0000	-1.0000
					-0.0000	1.0000	0.0000
					-36.5751	-3.5130	-1.7913
				}
			}
			{bone "FXtraceR2"
				{Matrix34
					0.9659	0.2588	0.0000
					0.0000	0.0000	-1.0000
					-0.2588	0.9659	0.0000
					35.9395	-10.0901	2.3666
				}
			}
			{bone "TrackR"
				{parameters "CommonMesh;ID=trackright;"}
				{Matrix34
					1.0000	0.0000	-0.0000
					-0.0000	1.0000	-0.0000
					-0.0000	0.0000	1.0000
					2.7499	0.5981	-0.5408
				}
				{VolumeView "TrackR.ply"}
			}
		}
		{bone "emit1"
			{Matrix34
				-0.0000	-1.0000	0.0000
				1.0000	-0.0000	0.0000
				0.0000	0.0000	1.0000
				23.6290	41.1214	-0.0000
			}
			{visibility 0}
		}
		{bone "emit2"
			{Matrix34
				0.0000	1.0000	0.0000
				-1.0000	0.0000	0.0000
				0.0000	0.0000	1.0000
				26.5971	-39.7857	0.0000
			}
			{visibility 0}
		}
	}
}
{Volume "Trackright"
	{Box 109.755 8.65687 21.6335}
	{Bone "WheelsR"}
	{Matrix34
		-1.0000	0.0000	-0.0000
		-0.0000	-0.0000	1.0000
		0.0000	1.0000	-0.0000
		-0.2197	-0.0075	-1.1673
	}
}
{Volume "Trackleft"
	{Box 109.755 8.65687 21.6335}
	{Bone "WheelsL"}
	{Matrix34
		-1.0000	0.0000	-0.0000
		-0.0000	-0.0000	1.0000
		0.0000	1.0000	-0.0000
		-0.2197	-0.0075	0.7374
	}
}
{Volume "engine"
	{Box 14.3889 30.4884 20.2055}
	{Bone "engine"}
	{Matrix34
		0.0025	-0.0004	-1.0000
		0.1737	0.9848	-0.0000
		0.9848	-0.1737	0.0025
		0.0000	-0.0000	0.0000
	}
}
{Volume "crew"
	{Box 20.0000 15.0000 15.0000}
	{Bone "Body"}
	{Position 20.3975	1.7550	11.0549}
}
{Volume "Inventory"
	{Box 16.8121 28.3106 22.5218}
	{Bone "Body"}
	{Position -14.7402	2.5592	5.7476}
}
{Volume "Body2"
	{Box 80.5091 46.1986 8.91692}
	{Bone "Body"}
	{Position -3.1475	1.9592	13.9866}
}
{Volume "Body1"
	{Box 99.394 39.3494 16.6578}
	{Bone "Body"}
	{Position 4.3642	1.1078	1.5031}
}
{Volume "gun"
	{Cylinder 1.79077 50.3389}
	{Bone "Gun"}
	{Matrix34
		0.0000	0.9208	0.0000
		0.0000	0.0000	1.0080
		1.4491	0.0000	0.0000
		33.3579	0.1400	0.5552
	}
}
{Volume "shield_left"
	{Box 99.1272 18.782 1.11801}
	{Bone "shield_left"}
	{Matrix34
		1.0000	0.0000	0.0000
		0.0000	0.0000 	1.0000
		0.0000	1.0000	0.0000
		49.5000	-0.5000	7.5000
	}
}
{Volume "shield_right"
	{Box 99.1272 18.782 1.11801}
	{Bone "shield_right"}
	{Matrix34
		1.0000	0.0000	0.0000
		0.0000	0.0000 	1.0000
		0.0000	1.0000	0.0000
		49.5000	0.5000	7.5000
	}
}
;(c) Slash and Rancid