;Exported by: ubrashaev
;Date:        Mon Apr 19 12:01:24 2004
;File:        D:\-Projects-\-work-\3d\construction\city\rw_station2_x.max
{Skeleton
	{animation
		{sequence "crush" {speed 0.4}}
	}
	{bone "rw_station2_c2_x"
		{parameters "CommonMesh;"}
		{Orientation
			1.0000	0.0000	0.0000
			0.0000	-1.0000	0.0000
			0.0000	0.0000	1.0000
		}
		{VolumeView "rw_station2_c2_x.ply"}
		{bone "Piece0"
			{Matrix34
				1.0000	0.0000	0.0000
				-0.0000	0.0000	-1.0000
				-0.0000	1.0000	0.0000
				-33.1326	39.9357	81.2367
			}
			{VolumeView "Piece0.ply"}
		}
		{bone "Piece1"
			{Matrix34
				-1.0000	-0.0000	-0.0000
				0.0000	-1.0000	0.0000
				-0.0000	-0.0000	1.0000
				37.7244	-26.9310	182.4089
			}
			{VolumeView "Piece1.ply"}
		}
		{bone "Piece2"
			{Matrix34
				-1.0000	-0.0000	-0.0000
				0.0000	-1.0000	0.0000
				-0.0000	-0.0000	1.0000
				37.7244	34.8584	82.3029
			}
			{VolumeView "Piece2.ply"}
		}
		{bone "Piece3"
			{Matrix34
				-1.0000	-0.0000	-0.0000
				0.0000	-1.0000	0.0000
				-0.0000	-0.0000	1.0000
				-28.4996	11.6124	70.7850
			}
			{VolumeView "Piece3.ply"}
		}
		{bone "Piece4"
			{Matrix34
				-1.0000	-0.0000	-0.0000
				0.0000	-1.0000	0.0000
				-0.0000	-0.0000	1.0000
				37.7244	30.9530	138.0925
			}
			{VolumeView "Piece4.ply"}
		}
		{bone "Piece5"
			{Matrix34
				-1.0000	-0.0000	-0.0000
				-0.0000	0.0000	1.0000
				-0.0000	1.0000	-0.0000
				29.8019	39.7605	123.4984
			}
			{VolumeView "Piece5.ply"}
		}
		{bone "Piece6"
			{Matrix34
				1.0000	0.0000	0.0000
				-0.0000	0.0000	-1.0000
				-0.0000	1.0000	0.0000
				-14.3157	39.9357	86.0177
			}
			{VolumeView "Piece6.ply"}
		}
		{bone "Piece7"
			{Matrix34
				-1.0000	-0.0000	-0.0000
				0.0000	-1.0000	0.0000
				-0.0000	-0.0000	1.0000
				37.7244	-30.6646	135.2664
			}
			{VolumeView "Piece7.ply"}
		}
		{bone "Piece8"
			{Matrix34
				-1.0000	-0.0000	-0.0000
				-0.0000	0.0000	1.0000
				-0.0000	1.0000	-0.0000
				17.2382	39.7605	81.6375
			}
			{VolumeView "Piece8.ply"}
		}
		{bone "Piece9"
			{Matrix34
				-0.9962	0.0872	-0.0000
				0.0000	0.0000	1.0000
				0.0872	0.9962	-0.0000
				-37.1038	33.9146	29.9866
			}
			{VolumeView "Piece9.ply"}
		}
		{bone "Piece10"
			{Matrix34
				1.0000	0.0000	0.0000
				-0.0000	0.0000	-1.0000
				-0.0000	1.0000	0.0000
				-13.1186	39.9357	126.8482
			}
			{VolumeView "Piece10.ply"}
		}
		{bone "Piece11"
			{Matrix34
				-1.0000	-0.0000	-0.0000
				0.0000	-1.0000	0.0000
				-0.0000	-0.0000	1.0000
				37.7244	-38.8652	88.8645
			}
			{VolumeView "Piece11.ply"}
		}
		{bone "Piece12"
			{Matrix34
				-1.0000	-0.0000	-0.0000
				-0.0000	0.0000	1.0000
				-0.0000	1.0000	-0.0000
				34.2872	39.7605	88.7252
			}
			{VolumeView "Piece12.ply"}
		}
		{bone "Piece13"
			{Matrix34
				-1.0000	-0.0000	-0.0000
				0.0000	-1.0000	0.0000
				-0.0000	-0.0000	1.0000
				15.1488	11.9289	68.7948
			}
			{VolumeView "Piece13.ply"}
		}
		{bone "Piece14"
			{Matrix34
				-1.0000	-0.0000	-0.0000
				0.0000	-1.0000	0.0000
				-0.0000	-0.0000	1.0000
				37.7244	-0.9288	160.8579
			}
			{VolumeView "Piece14.ply"}
		}
		{bone "Sub_piece0"
			{Matrix34
				1.0000	0.0000	0.0000
				-0.0000	0.0000	-1.0000
				-0.0000	1.0000	0.0000
				-29.4619	39.9357	128.0109
			}
			{VolumeView "Sub_piece0.ply"}
		}
		{bone "Sub_piece1"
			{Matrix34
				1.0000	0.0000	0.0000
				-0.0000	0.0000	-1.0000
				-0.0000	1.0000	0.0000
				31.6880	33.9376	54.1032
			}
			{VolumeView "Sub_piece1.ply"}
		}
	}
}
{Volume "Sub_piece1"
	{Box 17.3762 18.8854 7.87402}
	{Bone "Sub_piece1"}
	{Position 0.8493	1.3514	-0.0000}
}
{Volume "Sub_piece0"
	{Box 14.1408 15.0918 7.87402}
	{Bone "Sub_piece0"}
	{Position 0.3980	2.1942	0.0000}
}
{Volume "Piece14"
	{Box 7.87402 15.8466 24.9115}
	{Bone "Piece14"}
	{Matrix34
		1.0000	-0.0000	-0.0000
		0.0000	0.5736	-0.8192
		-0.0000	0.8192	0.5736
		-0.0000	-0.7852	2.2860
	}
}
{Volume "Piece13"
	{Box 36.8377 13.8503 3.91454}
	{Bone "Piece13"}
	{Position 0.1596	-2.2508	1.9797}
}
{Volume "Piece12"
	{Box 11.7863 17.0306 7.87402}
	{Bone "Piece12"}
	{Position -1.4423	-0.1412	-0.0000}
}
{Volume "Piece11"
	{Box 7.87402 17.4139 30.0234}
	{Bone "Piece11"}
	{Matrix34
		1.0000	0.0000	-0.0000
		0.0000	0.9397	-0.3420
		-0.0000	0.3420	0.9397
		-0.0000	-0.1506	2.6699
	}
}
{Volume "Piece10"
	{Box 24.8911 17.1488 7.87402}
	{Bone "Piece10"}
	{Position 0.8739	2.1958	-0.0000}
}
{Volume "Piece9"
	{Box 14.9349 17.7166 7.87401}
	{Bone "Piece9"}
	{Matrix34
		0.9397	0.3420	-0.0000
		-0.3420	0.9397	0.0000
		-0.0000	-0.0000	1.0000
		-1.2432	-1.0812	0.0000
	}
}
{Volume "Piece8"
	{Box 18.2703 14.0256 7.87402}
	{Bone "Piece8"}
	{Position -0.1080	-1.3587	0.0000}
}
{Volume "Piece7"
	{Box 7.87402 14.29 26.6477}
	{Bone "Piece7"}
	{Matrix34
		1.0000	-0.0000	0.0000
		-0.0000	0.8192	-0.5736
		0.0000	0.5736	0.8192
		-0.0000	1.5880	-1.6340
	}
}
{Volume "Piece6"
	{Box 17.1592 22.6067 7.87402}
	{Bone "Piece6"}
	{Position 1.3641	-2.2236	-0.0000}
}
{Volume "Piece5"
	{Box 19.3213 20.7009 7.87402}
	{Bone "Piece5"}
	{Position -1.2028	3.3048	-0.0000}
}
{Volume "Piece4"
	{Box 7.87402 19.9255 24.1116}
	{Bone "Piece4"}
	{Position -0.0000	-2.2417	-2.8354}
}
{Volume "Piece3"
	{Box 16.595 33.5141 3.89059}
	{Bone "Piece3"}
	{Position -5.7202	-7.6496	-0.0000}
}
{Volume "Piece2"
	{Box 7.87402 16.017 22.8084}
	{Bone "Piece2"}
	{Position 0.0000	-0.0000	0.9718}
}
{Volume "Piece1"
	{Box 7.87403 17.1347 22.5432}
	{Bone "Piece1"}
	{Matrix34
		1.0000	-0.0000	-0.0000
		0.0000	0.6428	-0.7660
		-0.0000	0.7660	0.6428
		0.0000	1.0566	0.7657
	}
}
{Volume "Piece0"
	{Box 16.9783 13.7609 7.87402}
	{Bone "Piece0"}
	{Matrix34
		0.5000	-0.8660	0.0000
		0.8660	0.5000	0.0000
		0.0000	-0.0000	1.0000
		0.0000	0.0000	-0.0000
	}
}
