;Exported by: dinsen
;Date:        Sun Dec 12 18:28:10 2010
;File:        C:\Archivos de programa\Autodesk\3dsMax8\scenes\bunker_jap_xx.max
{Skeleton
	{bone "body"
		{parameters "Structure;"}
		{Orientation
			1.0000	0.0000	0.0000
			0.0000	-1.0000	0.0000
			0.0000	0.0000	1.0000
		}
		{VolumeView "body.ply"}
		{bone "sandsack19"
			{Matrix34
				0.6229	0.7823	0.0000
				-0.7823	0.6229	-0.0000
				-0.0000	0.0000	1.0000
				43.5507	63.4861	4.8246
			}
			{VolumeView "sandsack19.ply"}
		}
		{bone "sandsack18"
			{Matrix34
				0.6229	0.7823	0.0000
				-0.7823	0.6229	-0.0000
				-0.0000	0.0000	1.0000
				44.9898	62.3402	7.1300
			}
			{VolumeView "sandsack18.ply"}
		}
		{bone "sandsack17"
			{Matrix34
				0.9143	0.4050	-0.0000
				-0.4050	0.9143	0.0000
				0.0000	-0.0000	1.0000
				65.7976	39.1078	2.2310
			}
			{VolumeView "sandsack17.ply"}
		}
		{bone "sandsack16"
			{Matrix34
				0.9143	0.4050	-0.0000
				-0.4050	0.9143	0.0000
				0.0000	-0.0000	1.0000
				78.5487	37.7858	1.9248
			}
			{VolumeView "sandsack16.ply"}
		}
		{bone "sandsack15"
			{Matrix34
				0.9143	0.4050	-0.0000
				-0.4050	0.9143	0.0000
				0.0000	-0.0000	1.0000
				66.5426	37.4259	7.4907
			}
			{VolumeView "sandsack15.ply"}
		}
		{bone "sandsack14"
			{Matrix34
				0.9143	0.4050	-0.0000
				-0.4050	0.9143	0.0000
				0.0000	-0.0000	1.0000
				65.7322	44.5137	0.5866
			}
			{VolumeView "sandsack14.ply"}
		}
		{bone "sandsack13"
			{Matrix34
				0.9859	-0.1672	-0.0000
				0.1672	0.9859	0.0000
				-0.0000	-0.0000	1.0000
				73.1269	-3.3462	6.9694
			}
			{VolumeView "sandsack13.ply"}
		}
		{bone "sandsack9"
			{Matrix34
				0.8480	-0.2621	0.4607
				0.0388	0.9228	0.3834
				-0.5806	-0.3394	0.7401
				71.7222	-12.4796	5.2580
			}
			{VolumeView "sandsack9.ply"}
		}
		{bone "sandsack12"
			{Matrix34
				0.9859	-0.1672	-0.0000
				0.1672	0.9859	0.0000
				-0.0000	-0.0000	1.0000
				73.0472	-3.8163	1.9393
			}
			{VolumeView "sandsack12.ply"}
		}
		{bone "sandsack11"
			{Matrix34
				0.9859	-0.1672	-0.0000
				0.1672	0.9859	0.0000
				-0.0000	-0.0000	1.0000
				73.3128	-2.2497	4.0040
			}
			{VolumeView "sandsack11.ply"}
		}
		{bone "sandsack39"
			{Matrix34
				-0.9985	0.0545	-0.0000
				0.0545	0.9985	-0.0000
				0.0000	0.0000	1.0000
				-74.6518	7.0892	7.4324
			}
			{VolumeView "sandsack39.ply"}
		}
		{bone "sandsack38"
			{Matrix34
				-0.9985	0.0545	-0.0000
				0.0545	0.9985	-0.0000
				0.0000	0.0000	1.0000
				-74.6162	7.7417	10.5104
			}
			{VolumeView "sandsack38.ply"}
		}
		{bone "sandsack37"
			{Matrix34
				-0.9985	0.0545	-0.0000
				0.0545	0.9985	-0.0000
				0.0000	0.0000	1.0000
				-74.6778	6.6130	2.4023
			}
			{VolumeView "sandsack37.ply"}
		}
		{bone "sandsack36"
			{Matrix34
				-0.9985	0.0545	-0.0000
				0.0545	0.9985	-0.0000
				0.0000	0.0000	1.0000
				-74.5912	8.1997	4.4670
			}
			{VolumeView "sandsack36.ply"}
		}
		{bone "sandsack45"
			{Matrix34
				-0.8611	-0.5084	0.0000
				-0.5084	0.8611	-0.0000
				0.0000	0.0000	1.0000
				-68.1441	-26.7584	2.2310
			}
			{VolumeView "sandsack45.ply"}
		}
		{bone "sandsack44"
			{Matrix34
				-0.8611	-0.5084	0.0000
				-0.5084	0.8611	-0.0000
				0.0000	0.0000	1.0000
				-68.0990	-26.7873	10.3773
			}
			{VolumeView "sandsack44.ply"}
		}
		{bone "sandsack43"
			{Matrix34
				-0.8611	-0.5084	0.0000
				-0.5084	0.8611	-0.0000
				0.0000	0.0000	1.0000
				-66.2978	-30.4166	6.4208
			}
			{VolumeView "sandsack43.ply"}
		}
		{bone "sandsack42"
			{Matrix34
				-0.8611	-0.5084	0.0000
				-0.5084	0.8611	-0.0000
				0.0000	0.0000	1.0000
				-67.4042	-27.9158	4.7072
			}
			{VolumeView "sandsack42.ply"}
		}
		{bone "sandsack51"
			{Matrix34
				-0.4327	-0.9016	0.0000
				-0.9016	0.4327	-0.0000
				-0.0000	0.0000	1.0000
				-30.3034	-63.1248	4.7072
			}
			{VolumeView "sandsack51.ply"}
		}
		{bone "sandsack49"
			{Matrix34
				-0.4327	-0.9016	0.0000
				-0.9016	0.4327	-0.0000
				-0.0000	0.0000	1.0000
				-31.5622	-62.5747	2.2310
			}
			{VolumeView "sandsack49.ply"}
		}
		{bone "sandsack48"
			{Matrix34
				-0.4327	-0.9016	0.0000
				-0.9016	0.4327	-0.0000
				-0.0000	0.0000	1.0000
				-27.9926	-64.5871	6.4208
			}
			{VolumeView "sandsack48.ply"}
		}
		{bone "sandsack47"
			{Matrix34
				-0.4327	-0.9016	0.0000
				-0.9016	0.4327	-0.0000
				-0.0000	0.0000	1.0000
				-31.5087	-75.8297	2.5469
			}
			{VolumeView "sandsack47.ply"}
		}
		{bone "sandsack4"
			{Matrix34
				0.3304	-0.9438	0.0000
				0.9438	0.3304	0.0000
				-0.0000	-0.0000	1.0000
				33.5121	-79.0689	2.2460
			}
			{VolumeView "sandsack4.ply"}
		}
		{bone "sandsack3"
			{Matrix34
				0.3304	-0.9438	0.0000
				0.9438	0.3304	0.0000
				-0.0000	-0.0000	1.0000
				28.1331	-71.7993	1.7660
			}
			{VolumeView "sandsack3.ply"}
		}
		{bone "sandsack2"
			{Matrix34
				0.3304	-0.9438	0.0000
				0.9438	0.3304	0.0000
				-0.0000	-0.0000	1.0000
				30.5913	-63.9747	4.7072
			}
			{VolumeView "sandsack2.ply"}
		}
		{bone "sandsack10"
			{Matrix34
				0.3304	-0.9438	0.0000
				0.9438	0.3304	0.0000
				-0.0000	-0.0000	1.0000
				47.9056	-63.6364	1.7859
			}
			{VolumeView "sandsack10.ply"}
		}
		{bone "sandsack8"
			{Matrix34
				0.7830	-0.6220	-0.0000
				0.6220	0.7830	0.0000
				-0.0000	-0.0000	1.0000
				59.8225	-39.6064	2.2310
			}
			{VolumeView "sandsack8.ply"}
		}
		{bone "sandsack35"
			{Matrix34
				-0.8036	0.5952	-0.0000
				0.5952	0.8036	-0.0000
				0.0000	0.0000	1.0000
				-54.7330	52.0766	5.3876
			}
			{VolumeView "sandsack35.ply"}
		}
		{bone "sandsack34"
			{Matrix34
				-0.8036	0.5952	-0.0000
				0.5952	0.8036	-0.0000
				0.0000	0.0000	1.0000
				-54.7330	52.0766	2.2310
			}
			{VolumeView "sandsack34.ply"}
		}
		{bone "sandsack33"
			{Matrix34
				-0.8036	0.5952	-0.0000
				0.5952	0.8036	-0.0000
				0.0000	0.0000	1.0000
				-55.8279	50.5984	7.4907
			}
			{VolumeView "sandsack33.ply"}
		}
		{bone "sandsack29"
			{Matrix34
				-0.3733	0.9277	-0.0000
				0.9277	0.3733	-0.0000
				-0.0000	0.0000	1.0000
				-24.6026	71.9413	4.8246
			}
			{VolumeView "sandsack29.ply"}
		}
		{bone "sandsack27"
			{Matrix34
				-0.3733	0.9277	-0.0000
				0.9277	0.3733	-0.0000
				-0.0000	0.0000	1.0000
				-26.3092	71.2545	7.1300
			}
			{VolumeView "sandsack27.ply"}
		}
		{bone "sandsack28"
			{Matrix34
				-0.3733	0.9277	-0.0000
				0.9277	0.3733	-0.0000
				-0.0000	0.0000	1.0000
				-24.6313	72.4847	2.1868
			}
			{VolumeView "sandsack28.ply"}
		}
		{bone "sandsack26"
			{Matrix34
				0.1385	0.9904	0.0000
				-0.9904	0.1385	0.0000
				-0.0000	-0.0000	1.0000
				5.9298	77.4217	2.1868
			}
			{VolumeView "sandsack26.ply"}
		}
		{bone "sandsack24"
			{Matrix34
				0.1385	0.9904	0.0000
				-0.9904	0.1385	0.0000
				-0.0000	-0.0000	1.0000
				6.0330	76.8874	4.8246
			}
			{VolumeView "sandsack24.ply"}
		}
		{bone "sandsack23"
			{Matrix34
				0.1385	0.9904	0.0000
				-0.9904	0.1385	0.0000
				-0.0000	-0.0000	1.0000
				7.8549	76.6327	7.1300
			}
			{VolumeView "sandsack23.ply"}
		}
		{bone "sandsack22"
			{Matrix34
				0.6229	0.7823	0.0000
				-0.7823	0.6229	-0.0000
				-0.0000	0.0000	1.0000
				43.7335	63.9986	2.1868
			}
			{VolumeView "sandsack22.ply"}
		}
		{bone "piece1"
			{Position 20.8875	41.1099	70.6902}
			{VolumeView "piece1.ply"}
		}
		{bone "piece2"
			{Position 53.0997	-4.3139	73.3880}
			{VolumeView "piece2.ply"}
		}
		{bone "piece3"
			{Position 19.3097	18.6876	80.7217}
			{VolumeView "piece3.ply"}
		}
		{bone "piece4"
			{Position 55.6475	-1.8557	58.2107}
			{VolumeView "piece4.ply"}
		}
		{bone "piece5"
			{Position -40.5314	-12.9314	73.0049}
			{VolumeView "piece5.ply"}
		}
		{bone "piece6"
			{Position -35.6817	-29.5822	72.2428}
			{VolumeView "piece6.ply"}
		}
		{bone "piece7"
			{Position 10.2664	-44.1820	70.7132}
			{VolumeView "piece7.ply"}
		}
		{bone "piece8"
			{Position -0.0987	-46.0710	67.8184}
			{VolumeView "piece8.ply"}
		}
		{bone "piece9"
			{Position 17.5374	-7.9170	77.8581}
			{VolumeView "piece9.ply"}
		}
		{bone "piece10"
			{Position -36.9048	32.4224	73.0741}
			{VolumeView "piece10.ply"}
		}
		{bone "piece11"
			{Position -58.0181	21.5187	13.5425}
			{VolumeView "piece11.ply"}
		}
		{bone "piece12"
			{Position -58.0181	17.4003	32.6765}
			{VolumeView "piece12.ply"}
		}
		{bone "piece13"
			{Position -60.1898	-13.1557	19.5518}
			{VolumeView "piece13.ply"}
		}
		{bone "piece14"
			{Position -59.7885	14.2338	21.3465}
			{VolumeView "piece14.ply"}
		}
		{bone "piece15"
			{Position -60.6215	-6.7089	43.8876}
			{VolumeView "piece15.ply"}
		}
	}
}
{Obstacle "Plane18"
	{Obb2
		{Center 25.009 54.0761}
		{Extent 4.62305 10.7324}
		{Axis 0.391277 0.920273}
	}
	{Rotate}
}
{Obstacle "Plane17"
	{Obb2
		{Center 41.8547 43.211}
		{Extent 4.61992 10.7311}
		{Axis 0.669446 0.742861}
	}
	{Rotate}
}
{Obstacle "Plane16"
	{Obb2
		{Center 54.1695 27.7345}
		{Extent 4.62552 10.7335}
		{Axis 0.883064 0.469253}
	}
	{Rotate}
}
{Obstacle "Plane15"
	{Obb2
		{Center 61.5221 8.99261}
		{Extent 4.67482 10.7544}
		{Axis 0.984823 0.173561}
	}
	{Rotate}
}
{Obstacle "Plane14"
	{Obb2
		{Center 61.5589 -11.0464}
		{Extent 10.7351 4.62945}
		{Axis 0.157142 0.987576}
	}
	{Rotate}
}
{Obstacle "Plane13"
	{Obb2
		{Center 55.3738 -30.2152}
		{Extent 10.7297 4.61665}
		{Axis 0.423139 0.906065}
	}
	{Rotate}
}
{Obstacle "Plane12"
	{Obb2
		{Center 44.3831 -46.2124}
		{Extent 10.7484 4.66073}
		{Axis 0.71961 0.694378}
	}
	{Rotate}
}
{Obstacle "Plane11"
	{Obb2
		{Center 28.495 -57.6191}
		{Extent 10.7292 4.61557}
		{Axis 0.898895 0.438164}
	}
	{Rotate}
}
{Obstacle "Plane10"
	{Obb2
		{Center 9.62945 -64.0158}
		{Extent 10.7252 4.60614}
		{Axis 0.984823 0.173561}
	}
	{Rotate}
}
{Obstacle "Plane09"
	{Obb2
		{Center -10.299 -64.0061}
		{Extent 4.604 10.7243}
		{Axis 0.157142 0.987576}
	}
	{Rotate}
}
{Obstacle "Plane08"
	{Obb2
		{Center -29.154 -57.708}
		{Extent 4.6198 10.731}
		{Axis 0.43888 0.898546}
	}
	{Rotate}
}
{Obstacle "Plane07"
	{Obb2
		{Center -45.242 -46.075}
		{Extent 4.67647 10.7551}
		{Axis 0.707388 0.706825}
	}
	{Rotate}
}
{Obstacle "Plane06"
	{Obb2
		{Center -56.5392 -29.9442}
		{Extent 4.62888 10.7349}
		{Axis 0.906401 0.422418}
	}
	{Rotate}
}
{Obstacle "Plane05"
	{Obb2
		{Center -62.4074 -11.0725}
		{Extent 4.67028 10.7525}
		{Axis 0.992554 0.121808}
	}
	{Rotate}
}
{Obstacle "Plane04"
	{Obb2
		{Center -61.6286 8.70906}
		{Extent 10.742 4.64565}
		{Axis 0.208587 0.978004}
	}
	{Rotate}
}
{Obstacle "Plane03"
	{Obb2
		{Center -54.781 27.5036}
		{Extent 10.748 4.65972}
		{Axis 0.530354 0.847776}
	}
	{Rotate}
}
{Obstacle "Plane02"
	{Obb2
		{Center -42.4099 42.9273}
		{Extent 10.7207 4.5956}
		{Axis 0.754948 0.655785}
	}
	{Rotate}
}
{Obstacle "Plane01"
	{Obb2
		{Center -25.778 53.5249}
		{Extent 10.7411 4.64345}
		{Axis 0.906401 0.422418}
	}
	{Rotate}
}
{Area "interior"
	{Circle2
		{Radius 57.2243}
		{Center -0.33047 -3.21544}
	}
	{Rotate}
}
{Volume "piece15"
	{Polyhedron "piece15.vol"}
	{Bone "piece15"}
	{Position 0.0000	0.0000	-9.3968}
}
{Volume "piece14"
	{Polyhedron "piece14.vol"}
	{Bone "piece14"}
	{Position 0.0000	0.0000	-20.6121}
}
{Volume "piece13"
	{Polyhedron "piece13.vol"}
	{Bone "piece13"}
	{Position 0.0000	0.0000	-18.8174}
}
{Volume "piece12"
	{Polyhedron "piece12.vol"}
	{Bone "piece12"}
	{Position 0.0000	0.0000	-20.6080}
}
{Volume "piece11"
	{Polyhedron "piece11.vol"}
	{Bone "piece11"}
	{Position 0.0000	0.0000	-12.8081}
}
{Volume "piece10"
	{Polyhedron "piece10.vol"}
	{Bone "piece10"}
	{Position 0.0000	0.0000	-20.9132}
}
{Volume "piece9"
	{Polyhedron "piece9.vol"}
	{Bone "piece9"}
	{Position 0.0000	0.0000	-16.9298}
}
{Volume "piece8"
	{Polyhedron "piece8.vol"}
	{Bone "piece8"}
	{Position 0.0000	0.0000	-15.6575}
}
{Volume "piece7"
	{Polyhedron "piece7.vol"}
	{Bone "piece7"}
	{Position 0.0000	0.0000	-18.5523}
}
{Volume "piece6"
	{Polyhedron "piece6.vol"}
	{Bone "piece6"}
	{Position 0.0000	0.0000	-20.0820}
}
{Volume "piece5"
	{Polyhedron "piece5.vol"}
	{Bone "piece5"}
	{Position 0.0000	0.0000	-20.8441}
}
{Volume "piece4"
	{Polyhedron "piece4.vol"}
	{Bone "piece4"}
	{Position 0.0000	0.0000	-6.0498}
}
{Volume "piece3"
	{Polyhedron "piece3.vol"}
	{Bone "piece3"}
	{Position -0.0000	0.0000	-13.6466}
}
{Volume "piece2"
	{Polyhedron "piece2.vol"}
	{Bone "piece2"}
	{Position -0.0000	-0.0000	-10.1141}
}
{Volume "piece1"
	{Polyhedron "piece1.vol"}
	{Bone "piece1"}
	{Position -0.0000	-0.0000	-18.5294}
}
{Volume "Box27"
	{Polyhedron "Box27.vol"}
	{Bone "body"}
	{Matrix34
		0.0000	1.0000	-0.0000
		0.0000	0.0000	1.0000
		1.0000	-0.0000	-0.0000
		-53.8453	-28.5411	42.7410
	}
}
{Volume "Box26"
	{Polyhedron "Box26.vol"}
	{Bone "body"}
	{Matrix34
		0.0000	1.0000	-0.0000
		0.0000	0.0000	1.0000
		1.0000	-0.0000	-0.0000
		-53.8453	-28.5411	11.4356
	}
}
{Volume "Box24"
	{Polyhedron "Box24.vol"}
	{Bone "body"}
	{Matrix34
		0.0000	1.0000	-0.0000
		0.0000	0.0000	1.0000
		1.0000	-0.0000	-0.0000
		-41.3451	-43.5046	24.8432
	}
}
{Volume "Box23"
	{Polyhedron "Box23.vol"}
	{Bone "body"}
	{Matrix34
		0.0000	1.0000	-0.0000
		0.0000	0.0000	1.0000
		1.0000	-0.0000	-0.0000
		-24.3385	-54.1031	24.8432
	}
}
{Volume "Box22"
	{Polyhedron "Box22.vol"}
	{Bone "body"}
	{Matrix34
		0.0000	1.0000	-0.0000
		0.0000	0.0000	1.0000
		1.0000	-0.0000	-0.0000
		-0.5065	-58.3188	42.7814
	}
}
{Volume "Box21"
	{Polyhedron "Box21.vol"}
	{Bone "body"}
	{Matrix34
		0.0000	1.0000	-0.0000
		0.0000	0.0000	1.0000
		1.0000	-0.0000	-0.0000
		17.3447	-56.5555	25.0009
	}
}
{Volume "Box20"
	{Polyhedron "Box20.vol"}
	{Bone "body"}
	{Matrix34
		0.0000	1.0000	-0.0000
		0.0000	0.0000	1.0000
		1.0000	-0.0000	-0.0000
		35.3055	-47.0901	25.0009
	}
}
{Volume "Box19"
	{Polyhedron "Box19.vol"}
	{Bone "body"}
	{Matrix34
		0.0000	1.0000	-0.0000
		0.0000	0.0000	1.0000
		1.0000	-0.0000	-0.0000
		52.5793	-28.4668	42.9527
	}
}
{Volume "Box18"
	{Polyhedron "Box18.vol"}
	{Bone "body"}
	{Matrix34
		0.0000	1.0000	-0.0000
		0.0000	0.0000	1.0000
		1.0000	-0.0000	-0.0000
		52.5793	-28.4668	11.4873
	}
}
{Volume "Box17"
	{Polyhedron "Box17.vol"}
	{Bone "body"}
	{Matrix34
		0.0000	1.0000	-0.0000
		0.0000	0.0000	1.0000
		1.0000	-0.0000	-0.0000
		59.7805	-7.5300	25.0009
	}
}
{Volume "Box16"
	{Polyhedron "Box16.vol"}
	{Bone "body"}
	{Matrix34
		0.0000	1.0000	-0.0000
		0.0000	0.0000	1.0000
		1.0000	-0.0000	-0.0000
		59.7422	13.6618	25.0009
	}
}
{Volume "Box15"
	{Polyhedron "Box15.vol"}
	{Bone "body"}
	{Matrix34
		0.0000	1.0000	-0.0000
		0.0000	0.0000	1.0000
		1.0000	-0.0000	-0.0000
		52.0361	35.4085	43.0930
	}
}
{Volume "Box14"
	{Polyhedron "Box14.vol"}
	{Bone "body"}
	{Matrix34
		0.0000	1.0000	-0.0000
		0.0000	0.0000	1.0000
		1.0000	-0.0000	-0.0000
		52.0362	35.4085	12.4437
	}
}
{Volume "Box13"
	{Polyhedron "Box13.vol"}
	{Bone "body"}
	{Matrix34
		0.0000	1.0000	-0.0000
		0.0000	0.0000	1.0000
		1.0000	-0.0000	-0.0000
		39.7483	49.9778	24.7747
	}
}
{Volume "Box12"
	{Polyhedron "Box12.vol"}
	{Bone "body"}
	{Matrix34
		0.0000	1.0000	-0.0000
		0.0000	0.0000	1.0000
		1.0000	-0.0000	-0.0000
		23.7240	59.6300	24.7747
	}
}
{Volume "Box11"
	{Polyhedron "Box11.vol"}
	{Bone "body"}
	{Matrix34
		0.0000	1.0000	-0.0000
		0.0000	0.0000	1.0000
		1.0000	-0.0000	-0.0000
		-1.6619	63.5499	42.8448
	}
}
{Volume "Box10"
	{Polyhedron "Box10.vol"}
	{Bone "body"}
	{Matrix34
		0.0000	1.0000	-0.0000
		0.0000	0.0000	1.0000
		1.0000	-0.0000	-0.0000
		-1.6619	63.5499	12.3682
	}
}
{Volume "Box09"
	{Polyhedron "Box09.vol"}
	{Bone "body"}
	{Matrix34
		0.0000	1.0000	-0.0000
		0.0000	0.0000	1.0000
		1.0000	-0.0000	-0.0000
		-19.6943	61.7540	24.5203
	}
}
{Volume "Box08"
	{Polyhedron "Box08.vol"}
	{Bone "body"}
	{Matrix34
		0.0000	1.0000	-0.0000
		0.0000	0.0000	1.0000
		1.0000	-0.0000	-0.0000
		-35.1877	54.0905	24.5203
	}
}
{Volume "Box07"
	{Polyhedron "Box07.vol"}
	{Bone "body"}
	{Matrix34
		0.0000	1.0000	-0.0000
		0.0000	0.0000	1.0000
		1.0000	-0.0000	-0.0000
		-45.9944	44.9700	24.5203
	}
}
{Volume "Box06"
	{Polyhedron "Box06.vol"}
	{Bone "body"}
	{Matrix34
		0.0000	1.0000	-0.0000
		0.0000	0.0000	1.0000
		1.0000	-0.0000	-0.0000
		-50.1153	40.5021	42.8963
	}
}
{Volume "Box03"
	{Polyhedron "Box03.vol"}
	{Bone "body"}
	{Matrix34
		0.0000	1.0000	-0.0000
		0.0000	0.0000	1.0000
		1.0000	-0.0000	-0.0000
		-50.1153	40.5021	12.2090
	}
}
