;Exported by: Albus
;Date:        Fri Jul 29 23:25:01 2011
;File:        C:\ARCHIV~1\3dsMax8\scenes\CANNON~3.MAX
{Skeleton
	{bone "basis"
		{Orientation
			1.0000	0.0000	0.0000
			0.0000	-1.0000	0.0000
			0.0000	0.0000	1.0000
		}
		{bone revolute "turret"
			{parameters "ID=turret;"}
			{limits -90.0000 90.0000}
			{speed 0.0050}
			{Matrix34
				1.0000	0.0000	0.0052
				0.0000	1.0000	0.0000
				-0.0052	0.0000	1.0000
				0.0000	0.0000	0.0000
			}
			{VolumeView "turret.ply"}
			{bone revolute "gun_rot"
				{parameters "ID=gun;"}
				{limits -20.0000 20.0000}
				{Matrix34
					0.9973	0.0000	-0.0731
					0.0731	0.0000	0.9973
					0.0000	-1.0000	0.0000
					-3.6189	-0.3708	43.8060
				}
				{VolumeView "gun_rot.ply"}
				{bone "gun1"
					{parameters "ID=gun;"}
					{Matrix34
						0.9235	0.3837	0.0000
						0.0000	0.0000	-1.0000
						-0.3837	0.9235	0.0000
						36.2667	12.7414	6.4328
					}
					{VolumeView "gun1.ply"}
				}
				{bone "part1"
					{Matrix34
						0.9235	0.3837	0.0000
						0.0000	0.0000	-1.0000
						-0.3837	0.9235	0.0000
						36.5124	13.2513	-10.5569
					}
					{VolumeView "part1.ply"}
				}
				{bone "part2"
					{Matrix34
						0.9977	0.0679	0.0000
						0.0000	0.0000	-1.0000
						-0.0679	0.9977	0.0000
						-17.8639	8.4578	-0.5353
					}
					{VolumeView "part2.ply"}
				}
			}
			{bone "part3"
				{Matrix34
					1.0000	0.0000	-0.0052
					0.0000	1.0000	0.0000
					0.0052	0.0000	1.0000
					-25.8289	0.3082	73.0402
				}
				{VolumeView "part3.ply"}
			}
		}
	}
}
{Volume "part3"
	{Polyhedron "part3.vol"}
	{Bone "part3"}
	{Position 8.5014	-0.8655	-0.5590}
}
{Volume "turret3"
	{Polyhedron "turret3.vol"}
	{Bone "turret"}
	{Matrix34
		1.0000	0.0000	-0.0052
		0.0052	0.0000	1.0000
		0.0000	-1.0000	0.0000
		25.7705	32.7437	28.8783
	}
}
{Volume "turret1"
	{Polyhedron "turret1.vol"}
	{Bone "turret"}
	{Matrix34
		-0.0012	-0.9708	-0.2398
		0.0050	-0.2398	0.9708
		-1.0000	0.0000	0.0052
		10.4319	40.1172	37.3539
	}
}
{Volume "turret"
	{Polyhedron "turret.vol"}
	{Bone "turret"}
	{Matrix34
		0.0000	-1.0000	0.0000
		0.0052	0.0000	1.0000
		-1.0000	0.0000	0.0052
		10.4319	-47.2453	37.3539
	}
}
{Volume "part2"
	{Cylinder 9.3165 32.4481}
	{Bone "part2"}
	{Matrix34
		1.0000	0.0000	0.0000
		0.0000	0.0000	1.0000
		0.0000	-1.0000	0.0000
		0.0172	-0.0975	-0.1413
	}
}
{Volume "part1"
	{Box 53.5472 2.5 2.5}
	{Bone "part1"}
	{Matrix34
		2.9999	0.0000	0.0193
		0.0000	3.0000	0.0000
		-0.0193	0.0000	2.9999
		-0.4358	-2.0356	1.6824
	}
}
{Volume "gun1"
	{Box 34.4066 2.5 2.5}
	{Bone "gun1"}
	{Matrix34
		2.9999	0.0000	0.0193
		0.0000	3.0000	0.0000
		-0.0193	0.0000	2.9999
		-28.8612	-1.5874	1.7909
	}
}
