;Original Model made for MoW DCG by Zeke Wolff and textured by Ngvede 
; SHWW2 adaptation by Albus
{Skeleton
	{Animation
		{sequence "start"}
		{sequence "stop"}
		{sequence "doorleft"}
		{sequence "doorright"}
	}
	{bone "Basis"
		{parameters "WheelRadius=0.47;SteerMax=45;"}
		{Orientation
			1.0000	0.0000	0.0000
			0.0000	-1.0000	0.0000
			0.0000	0.0000	1.0000
		}
		{bone "pivot_back"
			{Position -20.4767 -0.4269 6.6687}
			{bone "pivot1"
				{Position 0.2100 0.0000 2.5500}
				{VolumeView "pivot_back.ply"}
			}
			{bone "FXtraceL2"
				{Matrix34
					-1.0000	0.0000	0.0000
					0.0000	-1.0000	0.0000
					0.0000	0.0000	1.0000
					-8.7174	17.7587	-5.6244
				}
			}
			{bone "FXtraceR2"
				{Matrix34
					-1.0000	0.0000	0.0000
					0.0000	-1.0000	0.0000
					0.0000	0.0000	1.0000
					-8.5174	-16.4992	-5.4244
				}
			}
			{bone revolute "WheelL2"
				{parameters "ID=wheelleft2;"}
				{Matrix34
					-1.0000	0.0000	0.0000
					0.0000	-0.0035	1.0000
					0.0000	1.0000	0.0035
					-0.0055	16.8874	2.1445
				}
				{VolumeView "WheelL2.ply"}
			}
			{bone revolute "WheelR2"
				{parameters "ID=wheelright2;"}
				{Matrix34
					-1.0000	0.0000	0.0000
					0.0000	-0.0245	0.9998
					0.0000	0.9998	0.0245
					-0.0055	-16.1722	2.1445
				}
				{VolumeView "WheelR2.ply"}
			}
		}
		{bone "pivot_front"
			{Position 27.2714 -0.4269 6.6687}
			{bone "pivot2"
				{Position 0.6000 0.0000 2.5500}
				{VolumeView "pivot_front.ply"}
			}
			{bone revolute "steer_R1"
				{Matrix34
					-1.0000	0.0000	0.0000
					0.0000	1.0000	0.0000
					0.0000	0.0000	-1.0000
					0.5307	-11.0557	2.1445
				}
				{bone "FXtraceR1"
					{Matrix34
						1.0000	0.0000	0.0000
						0.0000	-1.0000	0.0000
						0.0000	0.0000	-1.0000
						8.4338	-4.6435	7.7689
					}
				}
				{bone revolute "WheelR1"
					{parameters "ID=wheelright1;"}
					{Matrix34
						1.0000	0.0000	0.0000
						0.0000	-0.0035	-1.0000
						0.0000	1.0000	-0.0035
						0.0000	-5.1165	0.0000
					}
					{VolumeView "WheelR1.ply"}
				}
			}
			{bone revolute "steer_L1"
				{Matrix34
					-1.0000	0.0000	0.0000
					0.0000	1.0000	0.0000
					0.0000	0.0000	-1.0000
					0.5307	12.3674	2.1445
				}
				{bone "FXtraceL1"
					{Matrix34
						1.0000	0.0000	0.0000
						0.0000	-1.0000	0.0000
						0.0000	0.0000	-1.0000
						8.2338	4.7913	7.7689
					}
				}
				{bone revolute "WheelL1"
					{parameters "ID=wheelleft1;"}
					{Matrix34
						0.9998	-0.0102	0.0142
						0.0141	-0.0002	-0.9999
						0.0102	1.0000	-0.0001
						0.0000	4.5200	0.0000
					}
					{VolumeView "WheelL1.ply"}
				}
			}
		}
		{bone "Body"
			{parameters "ID=body;"}
			{Animation
				{sequence "repair" {speed 0.2} {file "body_r.anm"}}
			}
			{Position -2.7203 -0.0510 0.0000}
			{VolumeView "body.ply"}
			{bone "FXstop1"
				{Matrix34
					-1.0000	0.0000	0.0000
					0.0000	0.0000	1.0000
					0.0000	1.0000	0.0000
					-37.8000	14.0000	16.9000
				}
			}
			{bone "FXstop2"
				{Matrix34
					-1.0000	0.0000	0.0000
					0.0000	0.0000	1.0000
					0.0000	-1.0000	0.0000
					-37.8000	-14.0000	16.9000
				}
			}
			{bone "engine"
				{parameters "ID=engine;"}
				{VolumeView "engine.ply"}
				{bone "HeadlightR"
					{Matrix34
						1.0000	0.0000	0.0000
						0.0000	0.0000	1.0000
						0.0000	-1.0000	0.0000
						39.2553	-15.0353	23.5045
					}
				}
				{bone "HeadlightL"
					{Matrix34
						1.0000	0.0000	0.0000
						0.0000	0.0000	1.0000
						0.0000	-1.0000	0.0000
						39.2153	13.9528	23.5045
					}
				}
				{bone "FXlight"
					{Matrix34
						1.0000	0.0000	0.0000
						0.0000	0.0000	1.0000
						0.0000	-1.0000	0.0000
						39.2587	-0.3544	23.4246
					}
				}
			}
			{bone "openL"
				{parameters "ID=body;"}
				{Position 3.2000 4.8000 12.4400}
				{bone "doorL"
					{Matrix34
						1.0000	0.0000	0.0049
						0.0000	1.0000	0.0000
						-0.0049	0.0000	1.0000
						13.0613	15.9200	12.0340
					}
					{VolumeView "doorL.ply"}
				}
			}
			{bone "OpenR"
				{Matrix34
					-0.0059	-1.0000	0.0012
					-0.9999	0.0058	-0.0158
					0.0158	-0.0013	-0.9998
					15.3007	-20.5723	16.8301
				}
				{bone "DoorR"
					{parameters "ID=cabine;"}
					{Matrix34
						0.0000	1.0000	0.0000
						0.0000	0.0000	1.0000
						1.0000	0.0000	0.0000
						0.0000	0.0000	0.0000
					}
					{VolumeView "DoorR.ply"}
				}
			}
			{bone "FXsmoke1"
				{Matrix34
					-0.3040	0.9421	-0.1418
					-0.8538	-0.3355	-0.3981
					-0.4226	0.0000	0.9063
					-8.6320	23.9111	7.0394
				}
			}
			{bone "FXsmoke2"
				{Matrix34
					-0.2861	0.9489	-0.1334
					-0.8600	-0.3156	-0.4010
					-0.4226	0.0000	0.9063
					-8.6199	23.9813	7.0455
				}
			}
			{bone "FXfire1"
				{Matrix34
					-0.1374	0.0000	0.9905
					0.0000	-1.0000	0.0000
					0.9905	0.0000	0.1374
					33.2652	1.4879	27.4563
				}
			}
			{bone "detail1"
				{Matrix34
					-0.0039	-1.0000	0.0016
					0.8729	-0.0027	0.4879
					-0.4879	0.0034	0.8729
					-27.4403	-11.9737	34.2370
				}
				{VolumeView "detail1.ply"}
			}
			{bone "detail2"
				{Position -0.7300 -0.0700 0.1100}
				{VolumeView "detail2.ply"}
			}
			{bone "detail3"
				{Position 0.0000 0.0000 -0.6000}
				{VolumeView "detail3.ply"}
			}
			{bone "detail4"
				{Matrix34
					0.0031	1.0000	-0.0031
					-0.0086	-0.0030	-0.9999
					-1.0000	0.0031	0.0086
					51.9187	-8.5129	-0.2525
				}
				{VolumeView "detail4.ply"}
			}
			{bone "detail5"
				{Position -0.0700 0.0000 -0.2800}
				{VolumeView "detail5.ply"}
			}
			{bone "seat01"
				{Matrix34
					0.9999	0.0157	0.0000
					-0.0157	0.9999	0.0000
					0.0000	0.0000	1.0000
					-3.9455	13.6998	12.2400
				}
			}
			{bone "seat02"
				{Matrix34
					0.9980	0.0628	-0.0003
					-0.0628	0.9980	-0.0042
					0.0000	0.0042	1.0000
					-3.8228	-5.3529	12.2422
				}
			}
			{bone "driver"
				{Matrix34
					0.9825	0.0000	0.1863
					0.0000	1.0000	0.0000
					-0.1863	0.0000	0.9825
					12.1000	-12.3088	13.2438
				}
			}
			{bone "commander"
				{Matrix34
					0.9811	0.0000	0.1931
					0.0000	1.0000	0.0000
					-0.1931	0.0000	0.9811
					12.1000	10.9767	13.2438
				}
			}
			{bone "Visor"
				{Position 25.2245 -12.7221 29.4478}
			}
		}
		{bone "emit1"
			{Matrix34
				0.0000	-1.0000	0.0000
				1.0000	0.0000	0.0000
				0.0000	0.0000	1.0000
				1.4661	30.5832	0.0026
			}
			{visibility 0}
		}
		{bone "emit2"
			{Matrix34
				0.0000	1.0000	0.0000
				-1.0000	0.0000	0.0000
				0.0000	0.0000	1.0000
				1.8411	-34.2552	0.4026
			}
			{visibility 0}
		}
	}
}
{Volume "engine"
	{Box 16.9824 20.0954 14.5535}
	{Bone "engine"}
	{Matrix34
		0.9425	0.0000	0.0000
		0.0000	1.2988	0.0000
		0.0000	0.0000	1.0050
		32.3295	0.0000	23.2000
	}
}
{Volume "fuel"
	{Box 16.6790 27.0599 5.7882}
	{Bone "body"}
	{Matrix34
		0.0000	-0.9344	0.0000
		0.7398	0.0000	0.0000
		0.0000	0.0000	1.0000
		6.1598	-0.0122	12.1286
	}
}
{Volume "inventory"
	{Box 7.5014 15.9814 12.7662}
	{Bone "Body"}
	{Position -16.3236 -0.0249 24.7565}
}
{Volume "Body2"
	{Polyhedron "Body2.vol"}
	{Bone "Body"}
	{Matrix34
		-1.1023	0.0000	0.0000
		0.0000	-1.4523	0.0000
		0.0000	0.0000	2.4789
		-3.8308	0.0000	25.8000
	}
}
{Volume "Body1"
	{Polyhedron "Body1.vol"}
	{Bone "Body"}
	{Matrix34
		-0.7144	0.0000	0.0000
		0.0000	-1.4602	0.0000
		0.0000	0.0000	0.9950
		-6.7466	0.0000	9.0010
	}
}
{Volume "wheelleft1"
	{Cylinder 8.72733 4.23851}
	{Bone "WheelL1"}
	{Matrix34
		-0.0087	0.9999	0.0099
		-0.9999	-0.0086	-0.0138
		-0.0137	-0.0100	0.9998
		0.0000	0.0000	0.0000
	}
}
{Volume "wheelright1"
	{Cylinder 8.72733 4.23851}
	{Bone "WheelR1"}
	{Matrix34
		-1.0000	0.0000	0.0000
		0.0000	0.9998	0.0174
		0.0000	0.0174	-0.9998
		0.0356	0.0086	-0.0372
	}
}
{Volume "wheelright2"
	{Cylinder 8.72733 4.23851}
	{Bone "WheelR2"}
	{Matrix34
		-1.0000	0.0000	0.0000
		0.0000	0.9999	0.0105
		0.0000	0.0105	-0.9999
		-0.1316	0.0128	-0.0371
	}
}
{Volume "wheelleft2"
	{Cylinder 8.72733 4.23851}
	{Bone "WheelL2"}
	{Matrix34
		-1.0000	0.0000	0.0000
		0.0000	1.0000	0.0105
		0.0000	0.0105	-1.0000
		-0.1916	-0.1567	0.1138
	}
}