;Exported by: sk
;Date:        Mon Jan 19 18:10:49 2004
;File:        D:\-Projects-\-3DWork-\Constructions\Hangar_big\Exterior_x.max
{Skeleton
	{bone "Exterior_x"
		{Orientation
			1.0000	0.0000	0.0000
			0.0000	-1.0000	0.0000
			0.0000	0.0000	1.0000
		}
		{bone "Piece7"
			{Position -10.2924	178.0813	125.8779}
			{VolumeView "Piece7.ply"}
		}
		{bone "Piece3"
			{Position 57.9647	-178.0818	125.8778}
			{VolumeView "Piece3.ply"}
		}
		{bone "Piece11"
			{Position 4.5295	-178.0818	125.8778}
			{VolumeView "Piece11.ply"}
		}
		{bone "Sub_piece0"
			{Position -55.8415	-178.0818	125.8778}
			{VolumeView "Sub_piece0.ply"}
		}
		{bone "Piece0"
			{Position -56.1459	-106.4348	138.5792}
			{VolumeView "Piece0.ply"}
		}
		{bone "Piece8"
			{Position 55.3141	-106.4348	138.5792}
			{VolumeView "Piece8.ply"}
		}
		{bone "Piece4"
			{Position 52.6571	-35.5070	146.4228}
			{VolumeView "Piece4.ply"}
		}
		{bone "Piece12"
			{Position 50.0002	35.5059	146.4228}
			{VolumeView "Piece12.ply"}
		}
		{bone "Sub_piece1"
			{Position 1.5212	-106.4348	138.5792}
			{VolumeView "Sub_piece1.ply"}
		}
		{bone "Piece1"
			{Position -56.4435	-35.5070	146.4228}
			{VolumeView "Piece1.ply"}
		}
		{bone "Piece9"
			{Position -1.4277	-35.5070	146.4228}
			{VolumeView "Piece9.ply"}
		}
		{bone "Piece5"
			{Position -56.7418	35.5059	146.4228}
			{VolumeView "Piece5.ply"}
		}
		{bone "Piece13"
			{Position -4.3829	35.5059	146.4228}
			{VolumeView "Piece13.ply"}
		}
		{bone "Sub_piece2"
			{Position -57.0400	106.4337	138.5792}
			{VolumeView "Sub_piece2.ply"}
		}
		{bone "Piece2"
			{Position -7.3375	106.4337	138.5792}
			{VolumeView "Piece2.ply"}
		}
		{bone "Piece10"
			{Position -57.3376	178.0813	125.8779}
			{VolumeView "Piece10.ply"}
		}
		{bone "Piece6"
			{Position 47.3496	106.4337	138.5792}
			{VolumeView "Piece6.ply"}
		}
		{bone "Piece14"
			{Position 44.6388	178.0813	125.8778}
			{VolumeView "Piece14.ply"}
		}
	}
}
{Volume "Piece14"
	{Box 76.0417 72.4524 2.48361}
	{Bone "Piece14"}
	{Matrix34
		1.0000	0.0000	0.0000
		0.0000	0.9785	-0.2062
		0.0000	0.2062	0.9785
		0.0000	-0.2246	-0.0275
	}
}
{Volume "Piece6"
	{Box 70.6201 70.8428 2.87769}
	{Bone "Piece6"}
	{Matrix34
		1.0000	0.0000	0.0000
		0.0000	0.9897	-0.1430
		0.0000	0.1430	0.9897
		-0.0000	0.0944	-0.1957
	}
}
{Volume "Piece10"
	{Box 50.644 72.4524 2.48361}
	{Bone "Piece10"}
	{Matrix34
		1.0000	0.0000	0.0000
		0.0000	0.9785	-0.2062
		0.0000	0.2062	0.9785
		0.0000	-0.2246	-0.0275
	}
}
{Volume "Piece2"
	{Box 49.3563 70.8428 2.98837}
	{Bone "Piece2"}
	{Matrix34
		1.0000	0.0000	0.0000
		0.0000	0.9897	-0.1430
		0.0000	0.1430	0.9897
		0.0000	0.1023	-0.1410
	}
}
{Volume "Sub_piece2"
	{Box 51.2391 70.8428 2.65632}
	{Bone "Sub_piece2"}
	{Matrix34
		1.0000	0.0000	0.0000
		0.0000	0.9897	-0.1430
		0.0000	0.1430	0.9897
		0.0000	0.0786	-0.3053
	}
}
{Volume "Piece13"
	{Box 54.0751 71.0129 2.32283}
	{Bone "Piece13"}
	{Matrix34
		1.0000	0.0000	0.0000
		0.0000	0.9962	-0.0872
		0.0000	0.0872	0.9962
		0.0000	0.0209	0.2392
	}
}
{Volume "Piece5"
	{Box 51.8357 71.0128 2.43898}
	{Bone "Piece5"}
	{Matrix34
		1.0000	0.0000	0.0000
		0.0000	0.9962	-0.0872
		0.0000	0.0872	0.9962
		0.0000	0.0260	0.2970
	}
}
{Volume "Piece9"
	{Box 58.7924 71.0129 2.20669}
	{Bone "Piece9"}
	{Matrix34
		1.0000	0.0000	0.0000
		0.0000	0.9973	0.0741
		0.0000	-0.0741	0.9973
		0.0000	-0.0330	0.1075
	}
}
{Volume "Piece1"
	{Box 52.4323 71.0129 2.26477}
	{Bone "Piece1"}
	{Matrix34
		1.0000	0.0000	0.0000
		0.0000	0.9973	0.0741
		0.0000	-0.0741	0.9973
		0.0000	-0.0352	0.1364
	}
}
{Volume "Sub_piece1"
	{Box 63.497 70.8428 2.43496}
	{Bone "Sub_piece1"}
	{Matrix34
		1.0000	0.0000	0.0000
		0.0000	0.9888	0.1490
		0.0000	-0.1490	0.9888
		-0.0000	-0.1291	0.1104
	}
}
{Volume "Piece12"
	{Box 65.3189 71.0128 2.20669}
	{Bone "Piece12"}
	{Matrix34
		1.0000	0.0000	0.0000
		0.0000	0.9962	-0.0872
		0.0000	0.0872	0.9962
		0.0000	0.0159	0.1813
	}
}
{Volume "Piece4"
	{Box 60.005 71.0129 2.14863}
	{Bone "Piece4"}
	{Matrix34
		1.0000	0.0000	0.0000
		0.0000	0.9973	0.0741
		0.0000	-0.0741	0.9973
		0.0000	-0.0309	0.0785
	}
}
{Volume "Piece8"
	{Box 54.6911 70.8428 2.32429}
	{Bone "Piece8"}
	{Matrix34
		1.0000	0.0000	0.0000
		0.0000	0.9888	0.1490
		0.0000	-0.1490	0.9888
		-0.0000	-0.1208	0.0557
	}
}
{Volume "Piece0"
	{Box 53.0274 70.8428 2.2136}
	{Bone "Piece0"}
	{Matrix34
		1.0000	0.0000	0.0000
		0.0000	0.9888	0.1490
		0.0000	-0.1490	0.9888
		-0.0000	-0.1126	0.0010
	}
}
{Volume "Sub_piece0"
	{Box 53.6361 72.4513 2.32839}
	{Bone "Sub_piece0"}
	{Matrix34
		1.0000	0.0000	0.0000
		0.0000	0.9848	0.1736
		0.0000	-0.1736	0.9848
		0.0000	-0.0765	0.4337
	}
}
{Volume "Piece11"
	{Box 68.3234 72.4513 3.41497}
	{Bone "Piece11"}
	{Matrix34
		1.0000	0.0000	0.0000
		0.0000	0.9848	0.1736
		0.0000	-0.1736	0.9848
		-0.0000	-0.0659	0.3734
	}
}
{Volume "Piece3"
	{Box 49.39 72.4513 2.63884}
	{Bone "Piece3"}
	{Matrix34
		1.0000	0.0000	0.0000
		0.0000	0.9848	0.1736
		0.0000	-0.1736	0.9848
		-0.0000	-0.0640	0.3633
	}
}
{Volume "Piece7"
	{Box 44.6638 72.4524 2.63884}
	{Bone "Piece7"}
	{Matrix34
		1.0000	0.0000	0.0000
		0.0000	0.9785	-0.2062
		0.0000	0.2062	0.9785
		0.0000	-0.2086	0.0485
	}
}
