{mission
	{Camera
		{Position 1664.24 -1696.32}
		{Distance 1101}
		{ViewAngle 0.465451}
		{YawAngle -14.788}
	}
	{Environment "moon_night"}
	{User 2}
	{GameProgress 0 0}
	{Human "rus.sailor1" 0x8000
		{Position 1574.19 -1647.87 0}
		{Turn -115.847}
		{Extender "inventory"
			{box
				{clear}
				{item "ammo pistol" 71 {cell 4 0}}
				{item "grenade rpg43" {cell 6 0}}
				{item "grenade f1" {cell 7 1}}
				{item "ammo pistol" 71 {cell 4 1}}
				{item "grenade smoke" {cell 6 1}}
			}
		}
		{Player 2}
		{MID 1}
		{Weaponry
			{State
				{Mounted "pps"}
				{Weapon
					{Ammo "ammo pistol" 35}
				}
			}
		}
		{NameId 5 61}
		{Cover
			{sector 1574.19 -1647.87 {type "look_left"}
				{wall 0 0 1569.14 -1637.65 1616.97 -1660.82}
			}
		}
		{FsmState "stand"}
	}
	{Human "rus.sailor3" 0x8001
		{Position 1537.83 -1791.95 0}
		{Turn 154.579}
		{Extender "inventory"
			{box
				{clear}
				{item "dynamite" {cell 6 2}}
				{item "oz" {cell 6 1}}
				{item "ammo rifle" 40 {cell 6 0}}
				{item "grenade smoke" {cell 7 0}}
				{item "bandage" 2 {cell 4 0}}
				{item "knife" {cell 4 1}}
			}
		}
		{Player 2}
		{MID 2}
		
		{Weaponry
			{State
				{Mounted "svtautomatic"}
				{Weapon
					{Ammo "ammo rifle" 10}
				}
			}
		}
		{NameId 32 12}
		{Cover
			{sector 1537.83 -1791.95 {type "look_left"}
				{wall 0 0 1547.2 -1788.55 1540.37 -1802.92}
			}
		}
		{FsmState "stand"}
	}
	{Human "rus.sailor3" 0x8002
		{Position 1587.25 -1699.37 0}
		{Turn 154.208}
		{Extender "inventory"
			{box
				{clear}
				{item "grenade rgd33" {cell 5 1}}
				{item "bayonet" {cell 7 0}}
				{item "ammo rifle" 30 {cell 4 0}}
				{item "bandage" 4 {cell 5 0}}
				{item "mosin" filling "ammo rifle" 5 {cell 0 0}}
			}
		}
		{Player 2}
		{MID 3}
		
		{NameId 40 99}
		{Cover
			{sector 1587.25 -1699.37 {type "hide_stand"}
				{wall 0 0 1614.47 -1659.13 1580.59 -1729.24}
			}
		}
		{FsmState "stand"}
	}
	{Human "rus.sailor1" 0x8003
		{Position 1522.82 -1823.52 0}
		{Turn 154.562}
		{Extender "inventory"
			{box
				{clear}
				{item "ammo pistol" 70 {cell 4 0}}
				{item "grenade f1" {cell 6 0}}
				{item "grenade f1" {cell 7 0}}
				{item "grenade rpg40" {cell 6 1}}
				{item "grenade smoke" {cell 5 1}}
				{item "bandage" 3 {cell 6 2}}
			}
			{armor "body"
				{Item "shoulder_equip"}
			}
		}
		{Player 2}
		{MID 4}
		{Weaponry
			{State
				{Mounted "pps"}
				{Weapon
					{Ammo "ammo pistol" 35}
				}
			}
		}
		{NameId 87 22}
		{Cover
			{sector 1522.82 -1823.52 {type "hide_stand"}
				{wall 0 0 1540.7 -1802.22 1478.57 -1932.84}
			}
		}
		{FsmState "stand"}
	}
	{Human "rus.sailor1" 0x8004
		{Position 1508.57 -1616.43 0}
		{Turn -115.853}
		{Extender "inventory"
			{box
				{clear}
				{item "grenade f1" {cell 7 0}}
				{item "ammo pistol" 70 {cell 4 0}}
				{item "grenade f1" {cell 6 0}}
				{item "bandage" 5 {cell 6 1}}
				{item "grenade molotov_coctail" {cell 6 2}}
				{item "knife" {cell 6 3}}
			}
		}
		{Player 2}
		{MID 5}
		{Weaponry
			{State
				{Mounted "pps"}
				{Weapon
					{Ammo "ammo pistol" 35}
				}
			}
		}
		{NameId 6 40}
		{Cover
			{sector 1508.57 -1616.43 {type "look_right"}
				{wall 0 0 1474.82 -1592.3 1520.84 -1614.6}
			}
		}
		{FsmState "stand"}
	}
	{Human "rus.sailor5" 0x8005
		{Position 1554.76 -1709.41 0}
		{Turn -169.38}
		{Extender "inventory"
			{box
				{clear}
				{item "weapon dp" filling "ammo mgun" 47 {cell 3 0}}
				{item "grenade rgd33" {cell 6 3}}
				{item "ammo mgun" 46 {cell 4 2}}
				{item "ammo mgun" {cell 6 2}}
			}
		}
		{Player 2}
		{MID 6}
		
		{NameId 9 27}
		{FsmState "squat"}
	}
	{Entity "box_metal" 0x8006
		{Position 1501.19 -1713.12 0}
		{Extender "inventory"
			{box
				{clear}
				{item "ammo pistol" 35 {cell 0 0}}
				{item "ammo mgun" 47 {cell 6 0}}
				{item "ammo mgun" 47 {cell 6 1}}
				{item "ammo mgun" 47 {cell 6 2}}
				{item "ammo rifle" 25 {cell 4 0}}
				{item "ammo rifle" 25 {cell 5 0}}
				{item "ammo rifle" 25 {cell 4 1}}
				{item "ammo rifle" 25 {cell 5 1}}
				{item "ammo pistol" 35 {cell 0 1}}
				{item "ammo pistol" 35 {cell 0 2}}
				{item "ammo pistol" 35 {cell 0 3}}
				{item "ammo pistol" 35 {cell 0 4}}
				{item "ammo pistol" 35 {cell 0 5}}
				{item "ammo pistol" 35 {cell 2 0}}
				{item "ammo pistol" 35 {cell 2 1}}
				{item "ammo pistol" 35 {cell 2 2}}
				{item "ammo pistol" 35 {cell 2 3}}
				{item "ammo pistol" 35 {cell 2 4}}
				{item "ammo pistol" 35 {cell 2 5}}
				{item "ammo rifle" 25 {cell 4 2}}
				{item "ammo rifle" 25 {cell 5 2}}
				{item "ammo rifle" 25 {cell 4 3}}
				{item "ammo rifle" 25 {cell 5 3}}
				{item "grenade rgd33" {cell 4 4}}
				{item "grenade rgd33" {cell 4 5}}
				{item "grenade rgd33" {cell 6 4}}
				{item "grenade rgd33" {cell 6 5}}
				{item "grenade molotov_coctail" {cell 6 3}}
			}
		}
	}
	{Entity "boxes3" 0x8007
		{Position 1483.84 -1751.4 0}
		{Turn -35.9372}
		{Extender "inventory"
			{box
				{clear}
				{item "grenade f1" {cell 0 0}}
				{item "grenade f1" {cell 0 1}}
				{item "grenade f1" {cell 0 2}}
				{item "grenade f1" {cell 0 3}}
				{item "grenade f1" {cell 2 0}}
				{item "grenade f1" {cell 1 0}}
				{item "grenade f1" {cell 1 1}}
				{item "grenade f1" {cell 2 1}}
				{item "grenade f1" {cell 1 2}}
				{item "grenade f1" {cell 2 2}}
				{item "grenade rpg40" {cell 3 0}}
				{item "grenade rpg40" {cell 3 1}}
				{item "ammo pistol" 35 {cell 0 4}}
				{item "ammo pistol" 35 {cell 0 5}}
				{item "ammo pistol" 35 {cell 2 4}}
				{item "ammo pistol" 35 {cell 2 5}}
				{item "ammo pistol" 35 {cell 4 4}}
				{item "ammo pistol" 35 {cell 4 5}}
				{item "ammo pistol" 35 {cell 6 4}}
				{item "ammo pistol" 35 {cell 6 5}}
				{item "oz" {cell 3 3}}
				{item "oz" {cell 5 3}}
				{item "grenade rpg40" {cell 3 2}}
				{item "dynamite" {cell 6 0}}
				{item "grenade smoke" {cell 5 0}}
				{item "grenade smoke" {cell 5 1}}
				{item "mine antipersonnel" 4 {cell 5 2}}
				{item "grenade f1" {cell 7 3}}
				{item "grenade f1" {cell 7 2}}
				{item "mine antipersonnel" 4 {cell 1 3}}
			}
		}
	}
	{Human "rus.oficer" 0x8008
		{Position 502.076 553.844 64.4641}
		{Turn 106.465}
		{Extender "inventory"
			{box
				{clear}
				{item "bino" {cell 6 0}}
				{item "ammo pistol" 6 {cell 4 0}}
				{item "morphine" {cell 6 2}}
			}
		}
		{Player 2}
		{MID 7}
		{Able {crew 0}{select 0}{repair 0}}
		{Weaponry
			{State
				{Mounted "nagan"}
				{Weapon
					{Ammo "ammo pistol" 6}
				}
			}
		}
		{NameId 51 91}
		{Cover
			{sector 502.076 553.844 {type "look_right"}
				{wall 0 0 515.246 550.437 477.39 539.249}
			}
		}
		{FsmState "stand"}
	}
	{Entity "pointer_small" 0x8009
		{Position 487.668 405.091 64.5091}
	}
	{Entity "gaz-67b" 0x800a
		{Position 805.515 412.386 49.4012}
		{Orientation
			  0.598162   0.752132   0.276587
			 -0.769040   0.635805  -0.065797
			 -0.225344  -0.173349   0.958734
		}
		{TexMod "open"}
		{Extender "burning"
			{State 0.006 0 924792 0x0}
		}
		{Player 2}
		{MID 8}
		{Chassis
			{Broken}
			{FuelBag
				{Remain 16}
			}
		}
		{Component "body"
			{Able {work 0}}
		}
		{Component "wheelright2"
			{Able {work 0}{repair 0}}
		}
		{Component "wheelleft2"
			{Able {work 0}{repair 0}}
		}
	}
	{Entity "ba-20m" 0x800b
		{Position 2162.95 -1806.12 0}
		{SkeletonSrc "ba-20m_xx"}
		{Turn 35.9952}
		{Volume "wheelright2"
			{Able {touch 0}}
		}
		{Volume "wheelright1"
			{Able {touch 0}}
		}
		{Volume "wheelleft1"
			{Able {touch 0}}
		}
		{Volume "body1"
			{Able {touch 0}}
		}
		{Volume "body2"
			{Able {touch 0}}
		}
		{Extender "inventory"
			{box
				{clear}
			}
		}
		{Extender "slicer"
			{"part1" 0x800c}
			{"part4" 0x800d}
			{"turret" 0x800e "turret"}
		}
		{Player 2}
		{MID 9}
		
		{Chassis
			{Broken}
			{FuelBag
				{Remain 0}
			}
		}
		{Component "body"
			{Able {work 0}{repair 0}}
		}
		{Component "engine"
			{Able {work 0}{repair 0}}
		}
		{Component "turret"
			{Able {work 0}{repair 0}}
		}
		{Component "wheelright1"
			{Able {work 0}{repair 0}}
		}
		{Component "wheelleft1"
			{Able {work 0}{repair 0}}
		}
		{Component "wheelright2"
			{Able {work 0}{repair 0}}
		}
		{Component "wheelleft2"
			{Able {work 0}{repair 0}}
		}
	}
	{Entity "piece_medium_steel" 0x800c
		{Position 2178.79 -1823.15 7.69026}
		{Orientation
			  0.208421   0.978032   0.003796
			 -0.968821   0.205924   0.137772
			  0.133963  -0.032392   0.990457
		}
	}
	{Entity "piece_medium_steel" 0x800d
		{Position 2223.68 -1778.66 0.347869}
		{Orientation
			 -0.771844   0.630231   0.084062
			  0.062618   0.206918  -0.976353
			 -0.632721  -0.748328  -0.199172
		}
	}
	{Entity "piece_large_steel" 0x800e
		{Position 2209.34 -1862.45 6.97393}
		{Orientation
			  0.017185  -0.999781   0.011909
			 -0.996460  -0.016145   0.082510
			 -0.082299  -0.013284  -0.996519
		}
	}
	{Entity "zis-5" 0x800f
		{Position 1833.85 -2185.21 0}
		{SkeletonSrc "zis-5_xx"}
		{Turn -28.5698}
		{Volume "wheelright1"
			{Able {touch 0}}
		}
		{Volume "wheelleft1"
			{Able {touch 0}}
		}
		{Volume "wheelleft2"
			{Able {touch 0}}
		}
		{Volume "body"
			{Able {touch 0}}
		}
		{Volume "cabin"
			{Able {touch 0}}
		}
		{Volume "bodyback"
			{Able {touch 0}}
		}
		{Placer
			{State "driver" {Broken}}
			{State "commander" {Broken}}
			{State "seat1" {Broken}}
			{State "seat2" {Broken}}
			{State "seat3" {Broken}}
			{State "seat4" {Broken}}
			{State "seat5" {Broken}}
			{State "seat6" {Broken}}
			{State "seat7" {Broken}}
			{State "seat8" {Broken}}
			{State "seat9" {Broken}}
			{State "seat10" {Broken}}
		}
		{Extender "slicer"
			{"wheelr2" 0x8010 "wheel"}
			{"part1" 0x8011}
			{"part2" 0x8012}
			{"part3" 0x8013}
		}
		{Extender "burning"
			{State 0.0193333 0 923689 0x0}
		}
		{Player 2}
		{MID 10}
		
		{Chassis
			{Broken}
			{FuelBag
				{Remain 0}
			}
		}
		{Component "body"
			{Able {work 0}{repair 0}}
		}
		{Component "bodyback"
			{Able {work 0}{repair 0}}
		}
		{Component "cabin"
			{Able {work 0}{repair 0}}
		}
		{Component "engine"
			{Able {work 0}{repair 0}}
		}
		{Component "fuel"
			{Able {work 0}}
		}
		{Component "wheelleft1"
			{Able {work 0}{repair 0}}
		}
		{Component "wheelleft2"
			{Able {work 0}{repair 0}}
		}
		{Component "wheelright1"
			{Able {work 0}{repair 0}}
		}
		{Component "wheelright2"
			{Able {work 0}{repair 0}}
		}
	}
	{Entity "piece_medium_steel" 0x8010
		{Position 1793.62 -2231.25 4.22505}
		{Orientation
			  0.796696   0.064213  -0.600960
			  0.599310   0.044593   0.799274
			  0.078123  -0.996939  -0.002956
		}
		{Extender "burning"
			{State 6.00001e-036 0 1612993 0x0}
		}
	}
	{Entity "piece_medium_steel" 0x8011
		{Position 1862.6 -2175.81 4.87408}
		{Orientation
			  0.874741  -0.484590  -0.000882
			 -0.000848   0.000289  -1.000000
			  0.484590   0.874741  -0.000158
		}
	}
	{Entity "piece_medium_steel" 0x8012
		{Position 1921.58 -2237.42 -4.69131}
		{Orientation
			  0.998712   0.050575  -0.004194
			 -0.015493   0.225158  -0.974199
			 -0.048326   0.973009   0.225651
		}
	}
	{Entity "piece_medium_steel" 0x8013
		{Position 1831.69 -2261.22 5.44236}
		{Orientation
			  0.880077   0.435803  -0.188523
			 -0.424995   0.900029   0.096577
			  0.211765  -0.004874   0.977309
		}
		{Extender "burning"
			{State 5.68001e-036 0 1612993 0x0}
		}
	}
	{Entity "t-34-76-41" 0x8014
		{Position 2527.54 -728.785 -13.0372}
		{Orientation
			  0.955773   0.188438  -0.225807
			 -0.247874   0.929347  -0.273630
			  0.158291   0.317500   0.934953
		}
		{BoneSave
			{BoneSave "basis body"
				{Orientation
					  0.999119  -0.041676   0.004847
					  0.041687   0.999128  -0.002205
					 -0.004751   0.002405   0.999986
				}
				{Position -0.664035 -1.77165 20.9097}
			}
			{BoneSave "basis body turret"
				{State 0xec}
				{Value -0.887664}
			}
			{BoneSave "basis body turret gun_rot"
				{Value -0.0859032}
			}
			{BoneSave "basis body turret cover"
				{Orientation
					 -0.087563  -0.000001  -0.996159
					  0.000000   1.000000  -0.000001
					  0.996159  -0.000000  -0.087564
				}
			}
			{BoneSave "basis wheelsr trackr"
				{Position 1.52372 0.369923 3.34061}
			}
			{WorkingViews "smoke4"}
		}
		{Interaction {Flags "burning" "broken" "smoke4"}
			{Calls
				{2762 1000.08
				}
			}
		}
		{TexMod "ambush2"}
		{Extender "inventory"
			{box
				{clear}
				{item "ammo mgun" 98 {cell 0 0}}
				{item "bullet76 ap" 21 {cell 0 1}}
			}
		}
		{Player 2}
		{MID 11}
		
		{Chassis
			{Broken}
			{FuelBag
				{Remain 0}
			}
		}
		{Component "trackright"
			{Able {work 0}}
		}
		{Component "body"
			{Able {work 0}{repair 0}}
		}
		{Component "gun"
			{Able {work 0}}
		}
	}
	{Entity "t-60" 0x8015
		{Position 432.852 -1626.47 -0.0556113}
		{SkeletonSrc "t-60_xx"}
		{Turn 118.234}
		{Volume "body1"
			{Able {touch 0}}
		}
		{Volume "trackleft"
			{Able {touch 0}}
		}
		{Placer
			{State "seat1" {Broken}}
			{State "seat2" {Broken}}
		}
		{Extender "inventory"
			{box
				{clear}
			}
		}
		{Extender "slicer"
			{"part2" 0x801b}
			{"turret" 0x801c "turret"}
		}
		{Extender "burning"
			{State 0.717571 0 0 0x0}
		}
		{Player 2}
		{MID 12}
		
		{Chassis
			{Broken}
			{FuelBag
				{Remain 0}
			}
		}
		{Component "trackleft"
			{Able {work 0}{repair 0}}
		}
		{Component "trackright"
			{Able {work 0}{repair 0}}
		}
		{Component "body"
			{Able {work 0}{repair 0}}
		}
		{Component "engine"
			{Able {work 0}{repair 0}}
		}
		{Component "turret"
			{Able {work 0}{repair 0}}
		}
		{Component "gun"
			{Able {work 0}{repair 0}}
		}
	}
	{Entity "pz-3g" 0x8016
		{Position 3238.93 -373.071 0}
		{Turn -159.545}
		{TexMod "ambush1"}
		{Extender "inventory"
			{box
				{clear}
				{item "bullet50 fg" 2 {cell 0 1}}
				{item "bullet50 ap" 8 {cell 0 2}}
				{item "ammo mgun" 217 {cell 0 0}}
			}
		}
		{BoneSave
			{BoneSave "basis body"
				{Orientation
					  0.999996  -0.000008   0.002663
					  0.000071   0.999724  -0.023493
					 -0.002662   0.023494   0.999720
				}
				{Position -0.652271 -1.01894 19.9213}
			}
			{BoneSave "basis body turret"
				{State 0xec}
				{Value -0.320951}
			}
			{BoneSave "basis body turret cover2"
				{Orientation
					  1.000000  -0.000000   0.000000
					  0.000000  -0.808383   0.588657
					 -0.000000  -0.588657  -0.808383
				}
			}
			{BoneSave "basis body turret cover1"
				{Orientation
					  1.000000  -0.000000   0.000000
					 -0.000000  -0.833106  -0.553113
					 -0.000000   0.553113  -0.833106
				}
			}
			{BoneSave "basis body turret gun_rot"
				{Value -0.0328112}
			}
			{WorkingViews "smoke3 smoke4"}
		}
		{Interaction {Flags "burning" "broken" "smoke3" "smoke4"}
			{Calls
				{2887 500.08
				}
				{2762 1000.08
				}
			}
		}
		{Player 1}
		{MID 13}
		
		{Chassis
			{Broken}
			{FuelBag
				{Remain 0}
			}
		}
		{Component "trackright"
			{Able {work 0}}
		}
		{Component "body"
			{Able {work 0}{repair 0}}
		}
		{Component "turret"
			{Able {work 0}{repair 0}}
		}
	}
	{Entity "pz-3g" 0x8017
		{Position 2646.38 -211.921 0}
		{Turn -130.77}
		{TexMod "ambush1"}
		{Extender "inventory"
			{box
				{clear}
				{item "bullet50 fg" 5 {cell 0 1}}
				{item "bullet50 ap" 18 {cell 0 2}}
				{item "ammo mgun" 344 {cell 0 0}}
			}
		}
		{BoneSave
			{BoneSave "basis body"
				{Orientation
					  0.999996  -0.000008   0.002663
					  0.000071   0.999724  -0.023493
					 -0.002662   0.023494   0.999720
				}
				{Position -0.652271 -1.01894 19.9213}
			}
			{BoneSave "basis body turret"
				{State 0xec}
				{Value 0.690447}
			}
			{BoneSave "basis body turret cover2"
				{Orientation
					  1.000000  -0.000000   0.000000
					  0.000000  -0.808383   0.588657
					 -0.000000  -0.588657  -0.808383
				}
			}
			{BoneSave "basis body turret cover1"
				{Orientation
					  1.000000  -0.000000   0.000000
					 -0.000000  -0.833106  -0.553113
					 -0.000000   0.553113  -0.833106
				}
			}
			{BoneSave "basis body turret gun_rot"
				{Value -0.0469704}
			}
			{WorkingViews "smoke4"}
		}
		{Interaction {Flags "burning" "broken" "smoke4"}
			{Calls
				{2762 800.08
				}
			}
		}
		{Player 1}
		{MID 14}
		
		{Chassis
			{Broken}
			{FuelBag
				{Remain 0}
			}
		}
		{Component "trackleft"
			{Able {work 0}}
		}
		{Component "trackright"
			{Able {work 0}}
		}
		{Component "body"
			{Able {work 0}{repair 0}}
		}
	}
	{Entity "sdkfz-223" 0x8018
		{Position 3671.16 -1726.09 -1.66784}
		{Orientation
			 -0.941048  -0.335793  -0.040883
			  0.335785  -0.941911   0.007273
			 -0.040951  -0.006884   0.999138
		}
		{Extender "inventory"
			{box
				{clear}
				{item "ammo mgun" 268 {cell 0 0}}
			}
		}
		{Extender "burning"
			{State 0.390531 0 920445 0x0}
		}
		{Extender "slicer"
			{"wheelr1" 0x8019 "wheel"}
		}
		{Player 1}
		{MID 15}
		
		{Chassis
			{Broken}
			{FuelBag
				{Remain 0}
			}
		}
		{Component "body"
			{Able {work 0}}
		}
		{Component "engine"
			{Able {work 0}}
		}
		{Component "wheelright1"
			{Able {work 0}{repair 0}}
		}
		{Component "wheelleft1"
			{Able {work 0}{repair 0}}
		}
	}
	{Entity "piece_medium_steel" 0x8019
		{Position 3649.7 -1806.74 2.25605}
		{Turn -104.331}
		{Extender "burning"
			{State 0.390531 0 1610320 0x0}
		}
	}
	{Entity "camp_fire" 0x801a
		{Position 3699.4 -1716.24 8}
		{OffsetZ 8}
		{Extender "burning"
			{State 1 357008 7280 0x0}
		}
	}
	{Entity "piece_medium_steel" 0x801b
		{Position 601.653 -1410.5 0.562714}
		{Turn -12.3066}
	}
	{Entity "piece_large_steel" 0x801c
		{Position 390.339 -1733.99 9.60962}
		{Orientation
			 -0.976396   0.064451   0.206146
			  0.214970   0.197465   0.956450
			  0.020937   0.978189  -0.206659
		}
	}
	{Entity "crater_big_tank" 0x801d
		{Position 431.502 -1626.45 0}
		{Orientation
			 -0.026662   0.999642   0.000000
			 -0.999642  -0.026662   0.000000
			  0.000000   0.000000   1.000000
		}
		{AreaDisable "cut"}
	}
	{Entity "shellhole_dead_tank" 0x801e
		{Position 431.502 -1626.45 -11}
	}
	{Entity "camp_fire" 0x801f
		{Position 437.133 -1650.61 6.07947}
		{OffsetZ 8}
		{Extender "burning"
			{State 1 356780 1611495 0x0}
		}
	}
	{Entity "sdkfz10-pak" 0x8020
		{Position 268.794 -1210.3 -0.113088}
		{SkeletonSrc "sdkfz10-pak_xx"}
		{Turn -29.9669}
		{Volume "body"
			{Able {touch 0}}
		}
		{Volume "engine"
			{Able {touch 0}}
		}
		{Volume "wheelright1"
			{Able {touch 0}}
		}
		{Volume "trackright"
			{Able {touch 0}}
		}
		{Volume "trackleft"
			{Able {touch 0}}
		}
		{Placer
			{State "driver" {Broken}}
			{State "commander" {Broken}}
			{State "gunner" {Broken}}
		}
		{Extender "inventory"
			{box
				{clear}
			}
		}
		{Extender "burning"
			{State 0.00325 0 934687 0x0}
			{Heater 1 0 "can.tankman"}
		}
		{Extender "slicer"
			{"wheell1" 0x8021 "wheel"}
			{"part1" 0x8022}
			{"part2" 0x8023}
			{"part3" 0x8024}
			{"turret" 0x8025 "turret"}
		}
		{Player 1}
		{MID 16}
		
		{Chassis
			{Broken}
			{FuelBag
				{Remain 0}
			}
		}
		{Component "body"
			{Able {work 0}{repair 0}}
		}
		{Component "engine"
			{Able {work 0}{repair 0}}
		}
		{Component "gun"
			{Able {work 0}{repair 0}}
		}
		{Component "wheelleft1"
			{Able {work 0}{repair 0}}
		}
		{Component "wheelright1"
			{Able {work 0}{repair 0}}
		}
		{Component "trackleft"
			{Able {work 0}{repair 0}}
		}
		{Component "trackright"
			{Able {work 0}{repair 0}}
		}
		{Component "turret"
			{Able {work 0}{repair 0}}
		}
		{Component "shield_right"
			{Able {work 0}{repair 0}}
		}
		{Component "shield_left"
			{Able {work 0}{repair 0}}
		}
	}
	{Entity "piece_medium_steel" 0x8021
		{Position 403.96 -1176.8 4.77072}
		{Orientation
			 -0.433327  -0.563384   0.703439
			 -0.439938  -0.548981  -0.710686
			  0.786564  -0.617429  -0.009966
		}
	}
	{Entity "piece_medium_steel" 0x8022
		{Position -45.1817 -756.736 6.43533}
		{Orientation
			 -0.440630  -0.897462  -0.020161
			  0.896691  -0.438970  -0.057014
			  0.042318  -0.043200   0.998170
		}
	}
	{Entity "piece_medium_steel" 0x8023
		{Position 211.322 -975.003 20.9639}
		{Orientation
			 -0.796620  -0.604388  -0.010579
			 -0.604478   0.796447   0.016684
			 -0.001658   0.019685  -0.999805
		}
	}
	{Entity "piece_medium_steel" 0x8024
		{Position -139.605 -1021.45 41.1178}
		{Orientation
			 -0.085010   0.027751  -0.995993
			 -0.524375   0.848735   0.068405
			  0.847233   0.528090  -0.057599
		}
	}
	{Entity "piece_large_steel" 0x8025
		{Position 156.54 -1207.06 7.17414}
		{Orientation
			  0.001832  -0.000848   0.999998
			  0.957990   0.286799  -0.001512
			 -0.286798   0.957990   0.001338
		}
	}
	{Entity "crater_big_tank" 0x8026
		{Position 246.377 -1224.27 0}
		{Orientation
			  0.569049  -0.822304   0.000000
			  0.822304   0.569049   0.000000
			  0.000000   0.000000   1.000000
		}
		{AreaDisable "cut"}
	}
	{Entity "shellhole_dead_tank" 0x8027
		{Position 246.377 -1224.27 -11}
	}
	{Entity "sdkfz-223" 0x8028
		{Position -1143.77 -3958.07 0}
		{Turn 69.3686}
		{Player 1}
		{MID 17}
		
	}
	{Entity "pz-3g" 0x8029
		{Position -1169.61 -4025.06 0}
		{Turn 69.9906}
		{TexMod "ambush1"}
		{Player 1}
		{MID 18}
		
	}
	{Entity "pz-3g" 0x802a
		{Position -1167.23 -4013.46 0}
		{Turn 67.0381}
		{TexMod "ambush1"}
		{Player 1}
		{MID 19}
		
	}
	{Human "ger.infantry_smg" 0x802b
		{Position -1132.05 -3944.07 9.2704}
		{Orientation
			  0.324483   0.861840   0.389700
			 -0.935867   0.352355   0.000000
			 -0.137313  -0.364707   0.920900
		}
		{Extender "inventory"
			{box
				{clear}
				{item "ammo pistol" 64 {cell 6 0}}
				{item "grenade m24x5" {cell 4 0}}
				{item "mp40" filling "ammo pistol" 32 {cell 0 0}}
			}
		}
		{DisableObstacles}
		{Player 1}
		{MID 20}
		{NameId 100 50}
		{LastItem "mp40"}
		{FsmState "board"}
	}
	{Human "ger.infantry_smg" 0x802c
		{Position -1147.2 -3967.18 11.4236}
		{Turn 69.3686}
		{Extender "inventory"
			{box
				{clear}
				{item "ammo pistol" 64 {cell 6 0}}
				{item "mp40" filling "ammo pistol" 32 {cell 0 0}}
			}
		}
		{DisableObstacles}
		{Player 1}
		{MID 21}
		{NameId 132 114}
		{LastItem "mp40"}
		{FsmState "board"}
	}
	{Human "ger.ofitank" 0x802d
		{Position -1169.61 -4025.06 0}
		{Orientation
			  0.342174   0.939637   0.000000
			  0.939637  -0.342174   0.000000
			  0.000000   0.000000   1.000000
		}
		{Player 1}
		{MID 22}
		{NameId 123 101}
		{LastItem "valter"}
		{FsmState "board"}
	}
	{Human "ger.ofitank" 0x802e
		{Position -1167.23 -4013.46 0}
		{Orientation
			  0.390119   0.920765   0.000000
			  0.920765  -0.390119   0.000000
			  0.000000   0.000000   1.000000
		}
		{Player 1}
		{MID 23}
		{NameId 9 53}
		{LastItem "valter"}
		{FsmState "board"}
	}
	{Human "ger.crewtank" 0x802f
		{Position -1169.61 -4025.06 0}
		{Orientation
			  0.342174   0.939637   0.000000
			  0.939637  -0.342174   0.000000
			  0.000000   0.000000   1.000000
		}
		{Player 1}
		{MID 24}
		{NameId 126 137}
		{LastItem "mp40"}
		{FsmState "board"}
	}
	{Human "ger.crewtank" 0x8030
		{Position -1167.23 -4013.46 0}
		{Orientation
			  0.390119   0.920765   0.000000
			  0.920765  -0.390119   0.000000
			  0.000000   0.000000   1.000000
		}
		{Player 1}
		{MID 25}
		{NameId 1 133}
		{LastItem "mp40"}
		{FsmState "board"}
	}
	{Human "ger.tankman" 0x8031
		{Position -1167.23 -4013.46 0}
		{Orientation
			  0.390119   0.920765   0.000000
			  0.920765  -0.390119   0.000000
			  0.000000   0.000000   1.000000
		}
		{Player 1}
		{MID 26}
		{NameId 39 117}
		{LastItem "valter"}
		{FsmState "board"}
	}
	{Human "ger.tankman" 0x8032
		{Position -1167.23 -4013.46 0}
		{Orientation
			  0.390119   0.920765   0.000000
			  0.920765  -0.390119   0.000000
			  0.000000   0.000000   1.000000
		}
		{Player 1}
		{MID 27}
		{NameId 25 112}
		{LastItem "valter"}
		{FsmState "board"}
	}
	{Human "ger.tankman" 0x8033
		{Position -1169.61 -4025.06 0}
		{Orientation
			  0.342174   0.939637   0.000000
			  0.939637  -0.342174   0.000000
			  0.000000   0.000000   1.000000
		}
		{Player 1}
		{MID 28}
		{NameId 62 116}
		{LastItem "valter"}
		{FsmState "board"}
	}
	{Human "ger.tankman" 0x8034
		{Position -1169.61 -4025.06 0}
		{Orientation
			  0.342174   0.939637   0.000000
			  0.939637  -0.342174   0.000000
			  0.000000   0.000000   1.000000
		}
		{Player 1}
		{MID 29}
		{NameId 66 129}
		{LastItem "valter"}
		{FsmState "board"}
	}
	{Human "ger.rifleman" 0x8035
		{Position -1206.09 -4048.11 25.0194}
		{Orientation
			 -0.858553   0.501124   0.108300
			 -0.492122  -0.864811   0.099600
			  0.143590   0.032212   0.989100
		}
		{DisableObstacles}
		{Player 1}
		{MID 30}
		{NameId 140 20}
		{LastItem "mauzer"}
		{FsmState "board"}
	}
	{Human "ger.rifleman" 0x8036
		{Position -1200.94 -4064.72 23.5579}
		{Orientation
			 -0.852926  -0.492266   0.173600
			  0.499812  -0.866104   0.000000
			  0.150373   0.086785   0.984800
		}
		{DisableObstacles}
		{Player 1}
		{MID 31}
		{NameId 60 99}
		{LastItem "mauzer"}
		{FsmState "board"}
	}
	{Human "ger.rifleman" 0x8037
		{Position -1200.57 -4051.45 23.5579}
		{Orientation
			 -0.877150  -0.447680   0.173600
			  0.454537  -0.890698   0.000000
			  0.154643   0.078924   0.984800
		}
		{DisableObstacles}
		{Player 1}
		{MID 32}
		{NameId 122 37}
		{LastItem "mauzer"}
		{FsmState "board"}
	}
	{Human "ger.rifleman" 0x8038
		{Position -1151.92 -4040.88 25.0194}
		{Orientation
			  0.720684  -0.671129   0.173600
			  0.681496   0.731822   0.000000
			 -0.127096   0.118361   0.984800
		}
		{DisableObstacles}
		{Player 1}
		{MID 33}
		{NameId 21 98}
		{LastItem "mauzer"}
		{FsmState "board"}
	}
	{Human "ger.infantry_smg" 0x8039
		{Position -1152.91 -4051.65 25.0194}
		{Orientation
			  0.754295  -0.633118   0.173600
			  0.642897   0.765953   0.000000
			 -0.133024   0.111657   0.984800
		}
		{DisableObstacles}
		{Player 1}
		{MID 34}
		{NameId 11 126}
		{LastItem "mp40"}
		{FsmState "board"}
	}
	{Human "ger.infantry_smg" 0x803a
		{Position -1163.32 -4069.38 25.0194}
		{Orientation
			  0.206198  -0.896470   0.392300
			  0.959343   0.264291   0.099600
			 -0.192905   0.355783   0.914400
		}
		{Extender "inventory"
			{box
				{clear}
				{item "ammo pistol" 64 {cell 6 2}}
				{item "mp40" filling "ammo pistol" 32 {cell 0 0}}
			}
		}
		{DisableObstacles}
		{Player 1}
		{MID 35}
		{NameId 43 11}
		{LastItem "mp40"}
		{FsmState "board"}
	}
	{Human "ger.infantry_smg" 0x803b
		{Position -1163.23 -4058.04 25.0194}
		{Orientation
			  0.159749  -0.905900   0.392300
			  0.971682   0.214526   0.099600
			 -0.174323   0.365247   0.914400
		}
		{Extender "inventory"
			{box
				{clear}
				{item "ammo pistol" 64 {cell 6 0}}
				{item "grenade m39" {cell 5 0}}
				{item "grenade m39" {cell 4 0}}
				{item "mp40" filling "ammo pistol" 32 {cell 0 0}}
			}
		}
		{DisableObstacles}
		{Player 1}
		{MID 36}
		{NameId 57 120}
		{LastItem "mp40"}
		{FsmState "board"}
	}
	{Human "ger.infantry_smg" 0x803c
		{Position -1204.85 -4034.6 25.0194}
		{Orientation
			 -0.831602   0.544682   0.108300
			 -0.536014  -0.838315   0.099600
			  0.145058   0.024773   0.989100
		}
		{Extender "inventory"
			{box
				{clear}
				{item "ammo pistol" 64 {cell 6 0}}
				{item "mp40" filling "ammo pistol" 32 {cell 0 0}}
			}
		}
		{DisableObstacles}
		{Player 1}
		{MID 37}
		{NameId 58 42}
		{LastItem "mp40"}
		{FsmState "board"}
	}
	{Human "ger.infantry_rifle" 0x803d
		{Position 92.557 -3270.71 0}
		{Turn 53.2434}
		{Extender "inventory"
			{box
				{clear}
				{item "ammo rifle" 25 {cell 4 0}}
				{item "grenade m24" {cell 5 0}}
			}
		}
		{Player 1}
		{MID 38}
		{Weaponry
			{State
				{Mounted "mauzer"}
				{Weapon
					{Ammo "ammo rifle" 5}
				}
			}
		}
		{NameId 104 56}
		{FsmState "lie"}
	}
	{Human "ger.infantry_rifle" 0x803e
		{Position 43.0746 -3101.85 0}
		{Turn 41.3785}
		{Extender "inventory"
			{box
				{clear}
				{item "ammo rifle" 25 {cell 4 0}}
				{item "grenade m24" {cell 5 0}}
			}
		}
		{Player 1}
		{MID 39}
		{Weaponry
			{State
				{Mounted "mauzer"}
				{Weapon
					{Ammo "ammo rifle" 5}
				}
			}
		}
		{NameId 138 0}
		{FsmState "lie"}
	}
	{Human "ger.infantry_smg" 0x803f
		{Position 72.0004 -3138 0}
		{Turn 34.0736}
		{Extender "inventory"
			{box
				{clear}
				{item "ammo pistol" 64 {cell 0 0}}
				{item "grenade m24" {cell 2 0}}
			}
		}
		{Player 1}
		{MID 40}
		{Weaponry
			{State
				{Mounted "mp40"}
				{Weapon
					{Ammo "ammo pistol" 32}
				}
			}
		}
		{NameId 2 122}
		{FsmState "lie"}
	}
	{Human "ger.infantry_mgun" 0x8040
		{Position -46.9996 -3082 0}
		{Turn 47.6464}
		{Extender "inventory"
			{box
				{clear}
				{item "ammo mgun" 100 {cell 6 0}}
				{item "grenade m24" {cell 6 1}}
			}
		}
		{Player 1}
		{MID 41}
		{Weaponry
			{State
				{Mounted "mg34"}
				{Weapon
					{Ammo "ammo mgun" 100}
				}
			}
		}
		{NameId 58 88}
		{Cover
			{sector -46.9996 -3082 {type "bush_lie"}
			}
		}
		{FsmState "lie"}
	}
	{Human "ger.farseer" 0x8041
		{Position 3670 -3033 0}
		{Turn 145.372}
		{Extender "inventory"
			{box
				{clear}
				{item "ammo rifle" 25 {cell 0 0}}
			}
		}
		{Player 1}
		{MID 42}
		{Weaponry
			{State
				{Mounted "mauzer"}
				{Weapon
					{Ammo "ammo rifle" 5}
				}
			}
		}
		{NameId 46 133}
		{FsmState "lie"}
	}
	{Human "ger.farseer" 0x8042
		{Position 3614 -3705 0}
		{Turn 125.082}
		{Extender "inventory"
			{box
				{clear}
				{item "ammo rifle" 25 {cell 0 0}}
			}
		}
		{Player 1}
		{MID 43}
		{Weaponry
			{State
				{Mounted "mauzer"}
				{Weapon
					{Ammo "ammo rifle" 5}
				}
			}
		}
		{NameId 123 29}
		{FsmState "squat"}
	}
	{Human "ger.farseer" 0x8043
		{Position 2221 -3208 0}
		{Turn 116.09}
		{Extender "inventory"
			{box
				{clear}
				{item "ammo rifle" 25 {cell 0 0}}
			}
		}
		{Player 1}
		{MID 44}
		{Weaponry
			{State
				{Mounted "mauzer"}
				{Weapon
					{Ammo "ammo rifle" 5}
				}
			}
		}
		{NameId 13 101}
		{FsmState "lie"}
	}
	{Human "ger.infantry_smg" 0x8044
		{Position 2340 -3194 0}
		{Turn 111.785}
		{Extender "inventory"
			{box
				{clear}
				{item "ammo pistol" 64 {cell 0 0}}
				{item "grenade m24" {cell 2 0}}
			}
		}
		{Player 1}
		{MID 45}
		{Weaponry
			{State
				{Mounted "mp40"}
				{Weapon
					{Ammo "ammo pistol" 32}
				}
			}
		}
		{NameId 48 135}
		{FsmState "lie"}
	}
	{Human "ger.infantry_smg" 0x8045
		{Position 2585 -3173 0}
		{Turn 110.597}
		{Extender "inventory"
			{box
				{clear}
				{item "ammo pistol" 64 {cell 0 0}}
				{item "grenade m24" {cell 2 0}}
			}
		}
		{Player 1}
		{MID 46}
		{Weaponry
			{State
				{Mounted "mp40"}
				{Weapon
					{Ammo "ammo pistol" 32}
				}
			}
		}
		{NameId 106 104}
		{FsmState "lie"}
	}
	{Human "ger.infantry_smg" 0x8046
		{Position 3677 -3180 0}
		{Turn 144.504}
		{Extender "inventory"
			{box
				{clear}
				{item "ammo pistol" 64 {cell 0 0}}
				{item "grenade m24" {cell 2 0}}
			}
		}
		{Player 1}
		{MID 47}
		{Weaponry
			{State
				{Mounted "mp40"}
				{Weapon
					{Ammo "ammo pistol" 32}
				}
			}
		}
		{NameId 62 7}
		{FsmState "lie"}
	}
	{Entity "pointer_small" 0x8047
		{Position -1154.75 2616.96 0}
	}
	{Human "ger.farseer" 0x8048
		{Position 2538.32 -4075.98 0}
		{Turn 95.9814}
		{Extender "inventory"
			{box
				{clear}
				{item "ammo rifle" 25 {cell 0 0}}
			}
		}
		{Player 1}
		{MID 48}
		{Weaponry
			{State
				{Mounted "mauzer"}
				{Weapon
					{Ammo "ammo rifle" 5}
				}
			}
		}
		{NameId 100 51}
		{FsmState "stand"}
	}
	{Human "ger.rifleman" 0x8049
		{Position 2557.05 -4111.57 0}
		{Turn 95.9814}
		{Extender "inventory"
			{box
				{clear}
				{item "ammo rifle" 15 {cell 4 0}}
			}
		}
		{Player 1}
		{MID 49}
		{Weaponry
			{State
				{Mounted "mauzer"}
				{Weapon
					{Ammo "ammo rifle" 5}
				}
			}
		}
		{NameId 132 115}
		{FsmState "stand"}
	}
	{Human "ger.rifleman" 0x804a
		{Position 2581.15 -4092.24 0}
		{Turn 95.9814}
		{Extender "inventory"
			{box
				{clear}
				{item "ammo rifle" 15 {cell 4 0}}
			}
		}
		{Player 1}
		{MID 50}
		{Weaponry
			{State
				{Mounted "mauzer"}
				{Weapon
					{Ammo "ammo rifle" 5}
				}
			}
		}
		{NameId 123 102}
		{FsmState "stand"}
	}
	{Human "ger.rifleman" 0x804b
		{Position 2500.11 -4097.24 0}
		{Turn 95.9814}
		{Extender "inventory"
			{box
				{clear}
				{item "ammo rifle" 15 {cell 4 0}}
			}
		}
		{Player 1}
		{MID 51}
		{Weaponry
			{State
				{Mounted "mauzer"}
				{Weapon
					{Ammo "ammo rifle" 5}
				}
			}
		}
		{NameId 9 54}
		{FsmState "stand"}
	}
	{Human "ger.infantry_smg" 0x804c
		{Position 2576.55 -4059.94 0}
		{Turn 95.9814}
		{Extender "inventory"
			{box
				{clear}
				{item "ammo pistol" 64 {cell 0 0}}
				{item "grenade m24" {cell 2 0}}
			}
			{armor "head"
				{Item "german_cap"}
			}
		}
		{Player 1}
		{MID 52}
		{Weaponry
			{State
				{Mounted "mp40"}
				{Weapon
					{Ammo "ammo pistol" 32}
				}
			}
		}
		{NameId 126 138}
		{FsmState "stand"}
	}
	{Human "ger.infantry_rifle" 0x804d
		{Position 2489.85 -4060.82 0}
		{Turn 95.9814}
		{Extender "inventory"
			{box
				{clear}
				{item "ammo rifle" 25 {cell 4 0}}
				{item "grenade m24" {cell 5 0}}
			}
		}
		{Player 1}
		{MID 53}
		{Weaponry
			{State
				{Mounted "mauzer"}
				{Weapon
					{Ammo "ammo rifle" 5}
				}
			}
		}
		{NameId 1 134}
		{FsmState "stand"}
	}
	{Human "ger.farseer" 0x804e
		{Position 1686.09 -4054.19 0}
		{Turn 94.0499}
		{Extender "inventory"
			{box
				{clear}
				{item "ammo rifle" 25 {cell 0 0}}
			}
		}
		{Player 1}
		{MID 54}
		{Weaponry
			{State
				{Mounted "mauzer"}
				{Weapon
					{Ammo "ammo rifle" 5}
				}
			}
		}
		{NameId 39 118}
		{FsmState "stand"}
	}
	{Human "ger.infantry_rifle" 0x804f
		{Position 1677.23 -4098.93 0}
		{Turn 94.0499}
		{Extender "inventory"
			{box
				{clear}
				{item "ammo rifle" 25 {cell 4 0}}
				{item "grenade m24" {cell 5 0}}
			}
		}
		{Player 1}
		{MID 55}
		{Weaponry
			{State
				{Mounted "mauzer"}
				{Weapon
					{Ammo "ammo rifle" 5}
				}
			}
		}
		{NameId 25 113}
		{FsmState "stand"}
	}
	{Human "ger.infantry_smg" 0x8050
		{Position 1723.31 -4043.23 0}
		{Turn 94.0499}
		{Extender "inventory"
			{box
				{clear}
				{item "ammo pistol" 64 {cell 0 0}}
				{item "grenade m24" {cell 2 0}}
			}
			{armor "head"
				{Item "german_cap"}
			}
		}
		{Player 1}
		{MID 56}
		{Weaponry
			{State
				{Mounted "mp40"}
				{Weapon
					{Ammo "ammo pistol" 32}
				}
			}
		}
		{NameId 62 117}
		{FsmState "stand"}
	}
	{Human "ger.rifleman" 0x8051
		{Position 1770.65 -4062.32 0}
		{Turn 94.0499}
		{Extender "inventory"
			{box
				{clear}
				{item "ammo rifle" 15 {cell 4 0}}
			}
		}
		{Player 1}
		{MID 57}
		{Weaponry
			{State
				{Mounted "mauzer"}
				{Weapon
					{Ammo "ammo rifle" 5}
				}
			}
		}
		{NameId 66 130}
		{FsmState "stand"}
	}
	{Human "ger.rifleman" 0x8052
		{Position 1748.11 -4099.54 0}
		{Turn 94.0499}
		{Extender "inventory"
			{box
				{clear}
				{item "ammo rifle" 15 {cell 4 0}}
			}
		}
		{Player 1}
		{MID 58}
		{Weaponry
			{State
				{Mounted "mauzer"}
				{Weapon
					{Ammo "ammo rifle" 5}
				}
			}
		}
		{NameId 140 21}
		{FsmState "stand"}
	}
	{Human "ger.rifleman" 0x8053
		{Position 1718.41 -4110.81 0}
		{Turn 94.0499}
		{Extender "inventory"
			{box
				{clear}
				{item "ammo rifle" 15 {cell 4 0}}
			}
		}
		{Player 1}
		{MID 59}
		{Weaponry
			{State
				{Mounted "mauzer"}
				{Weapon
					{Ammo "ammo rifle" 5}
				}
			}
		}
		{NameId 60 100}
		{FsmState "stand"}
	}
	{Human "ger.rifleman" 0x8054
		{Position 1061.65 -4105.88 0}
		{Turn 90.9981}
		{Extender "inventory"
			{box
				{clear}
				{item "ammo rifle" 15 {cell 4 0}}
			}
		}
		{Player 1}
		{MID 60}
		{Weaponry
			{State
				{Mounted "mauzer"}
				{Weapon
					{Ammo "ammo rifle" 5}
				}
			}
		}
		{NameId 122 38}
		{FsmState "stand"}
	}
	{Human "ger.rifleman" 0x8055
		{Position 1018.31 -4108.06 0}
		{Turn 95.3945}
		{Extender "inventory"
			{box
				{clear}
				{item "ammo rifle" 15 {cell 4 0}}
			}
		}
		{Player 1}
		{MID 61}
		{Weaponry
			{State
				{Mounted "mauzer"}
				{Weapon
					{Ammo "ammo rifle" 5}
				}
			}
		}
		{NameId 21 99}
		{FsmState "stand"}
	}
	{Human "ger.rifleman" 0x8056
		{Position 964.749 -4113.95 0}
		{Turn 99.9405}
		{Extender "inventory"
			{box
				{clear}
				{item "ammo rifle" 15 {cell 4 0}}
			}
		}
		{Player 1}
		{MID 62}
		{Weaponry
			{State
				{Mounted "mauzer"}
				{Weapon
					{Ammo "ammo rifle" 5}
				}
			}
		}
		{NameId 11 127}
		{FsmState "stand"}
	}
	{Human "ger.infantry_rifle" 0x8057
		{Position 988.005 -4061.77 0}
		{Turn 95.7477}
		{Extender "inventory"
			{box
				{clear}
				{item "ammo rifle" 25 {cell 4 0}}
				{item "grenade m24" {cell 5 0}}
			}
		}
		{Player 1}
		{MID 63}
		{Weaponry
			{State
				{Mounted "mauzer"}
				{Weapon
					{Ammo "ammo rifle" 5}
				}
			}
		}
		{NameId 43 12}
		{FsmState "stand"}
	}
	{Human "ger.infantry_smg" 0x8058
		{Position 1028.31 -4060.31 0}
		{Turn 100.055}
		{Extender "inventory"
			{box
				{clear}
				{item "ammo pistol" 64 {cell 0 0}}
				{item "grenade m24" {cell 2 0}}
			}
			{armor "head"
				{Item "german_cap"}
			}
		}
		{Player 1}
		{MID 64}
		{Weaponry
			{State
				{Mounted "mp40"}
				{Weapon
					{Ammo "ammo pistol" 32}
				}
			}
		}
		{NameId 57 121}
		{FsmState "stand"}
	}
	{Human "ger.farseer" 0x8059
		{Position 1069.44 -4054.09 0}
		{Turn 81.3211}
		{Extender "inventory"
			{box
				{clear}
				{item "ammo rifle" 25 {cell 0 0}}
			}
		}
		{Player 1}
		{MID 65}
		{Weaponry
			{State
				{Mounted "mauzer"}
				{Weapon
					{Ammo "ammo rifle" 5}
				}
			}
		}
		{NameId 58 43}
		{FsmState "stand"}
	}
	{Human "ger.farseer" 0x805a
		{Position 4032.78 77.8739 0}
		{Turn -164.225}
		{Extender "inventory"
			{box
				{clear}
				{item "ammo rifle" 25 {cell 0 0}}
			}
		}
		{Player 1}
		{MID 66}
		{Weaponry
			{State
				{Mounted "mauzer"}
				{Weapon
					{Ammo "ammo rifle" 5}
				}
			}
		}
		{NameId 104 57}
		{FsmState "stand"}
	}
	{Human "ger.infantry_rifle" 0x805b
		{Position 4052.2 17.205 0}
		{Turn -154.9}
		{Extender "inventory"
			{box
				{clear}
				{item "ammo rifle" 25 {cell 4 0}}
				{item "grenade m24" {cell 5 0}}
			}
		}
		{Player 1}
		{MID 67}
		{Weaponry
			{State
				{Mounted "mauzer"}
				{Weapon
					{Ammo "ammo rifle" 5}
				}
			}
		}
		{NameId 138 1}
		{FsmState "stand"}
	}
	{Human "ger.infantry_smg" 0x805c
		{Position 4031.48 139.137 0}
		{Turn -148.721}
		{Extender "inventory"
			{box
				{clear}
				{item "ammo pistol" 64 {cell 0 0}}
			}
			{armor "head"
				{Item "german_cap"}
			}
		}
		{Player 1}
		{MID 68}
		{Weaponry
			{State
				{Mounted "mp40"}
				{Weapon
					{Ammo "ammo pistol" 32}
				}
			}
		}
		{NameId 2 123}
		{FsmState "stand"}
	}
	{Human "ger.infantry_mgun" 0x805d
		{Position 4098.94 48.0017 0}
		{Turn -164.758}
		{Extender "inventory"
			{box
				{clear}
				{item "ammo mgun" 100 {cell 6 0}}
				{item "grenade m24" {cell 6 1}}
			}
		}
		{Player 1}
		{MID 69}
		{Weaponry
			{State
				{Mounted "mg34"}
				{Weapon
					{Ammo "ammo mgun" 100}
				}
			}
		}
		{NameId 58 89}
		{FsmState "stand"}
	}
	{Human "ger.rifleman" 0x805e
		{Position 4100.47 124.345 0}
		{Turn -166.399}
		{Extender "inventory"
			{box
				{clear}
				{item "ammo rifle" 15 {cell 4 0}}
			}
		}
		{Player 1}
		{MID 70}
		{Weaponry
			{State
				{Mounted "mauzer"}
				{Weapon
					{Ammo "ammo rifle" 5}
				}
			}
		}
		{NameId 46 134}
		{FsmState "stand"}
	}
	{Human "ger.rifleman" 0x805f
		{Position 4102.3 90.2562 0}
		{Turn -152.288}
		{Extender "inventory"
			{box
				{clear}
				{item "ammo rifle" 15 {cell 4 0}}
			}
		}
		{Player 1}
		{MID 71}
		{Weaponry
			{State
				{Mounted "mauzer"}
				{Weapon
					{Ammo "ammo rifle" 5}
				}
			}
		}
		{NameId 123 30}
		{FsmState "stand"}
	}
	{Human "ger.rifleman" 0x8060
		{Position 4111.01 -1062.82 0}
		{Turn -176.025}
		{Extender "inventory"
			{box
				{clear}
				{item "ammo rifle" 15 {cell 4 0}}
			}
		}
		{Player 1}
		{MID 72}
		{Weaponry
			{State
				{Mounted "mauzer"}
				{Weapon
					{Ammo "ammo rifle" 5}
				}
			}
		}
		{NameId 13 102}
		{FsmState "stand"}
	}
	{Human "ger.rifleman" 0x8061
		{Position 4109.4 -1011.49 0}
		{Turn -176.025}
		{Extender "inventory"
			{box
				{clear}
				{item "ammo rifle" 15 {cell 4 0}}
			}
		}
		{Player 1}
		{MID 73}
		{Weaponry
			{State
				{Mounted "mauzer"}
				{Weapon
					{Ammo "ammo rifle" 5}
				}
			}
		}
		{NameId 48 136}
		{FsmState "stand"}
	}
	{Human "ger.rifleman" 0x8062
		{Position 4106.81 -963.35 0}
		{Turn -176.025}
		{Extender "inventory"
			{box
				{clear}
				{item "ammo rifle" 15 {cell 4 0}}
			}
		}
		{Player 1}
		{MID 74}
