;Exported by: vic
;Date:        Tue Sep 07 09:25:37 2004
;File:        C:\-Projects-\-3DWork-\Constructions\bridge_metal\bridge_vic2.max
{Skeleton
	{bone "RW_bridge_pier3"
		{Orientation
			1.0000	0.0000	0.0000
			0.0000	-1.0000	0.0000
			0.0000	0.0000	1.0000
		}
		{VolumeView "RW_bridge_pier3.ply"}
	}
}
{Obstacle "body7"
	{Obb2
		{Center -27.5247 127.65}
		{Extent 23.1916 5.22685}
		{Axis 1 0}
	}
	{Rotate}
}
{Obstacle "body6"
	{Obb2
		{Center -27.5247 -127.164}
		{Extent 23.1916 5.22685}
		{Axis 1 0}
	}
	{Rotate}
}
{Obstacle "body5"
	{Obb2
		{Center 28.8105 127.65}
		{Extent 23.1901 5.22685}
		{Axis 1 0}
	}
	{Rotate}
}
{Obstacle "body4"
	{Obb2
		{Center 28.8105 -127.164}
		{Extent 23.1901 5.22685}
		{Axis 1 0}
	}
	{Rotate}
}
{Obstacle "body3"
	{Obb2
		{Center 0.391357 127.65}
		{Extent 5.71082 5.22685}
		{Axis 1 0}
	}
	{Rotate}
}
{Obstacle "body2"
	{Obb2
		{Center 0.391357 -127.164}
		{Extent 5.71082 5.22685}
		{Axis 1 0}
	}
	{Rotate}
}
{Volume "body11"
	{Box 11.4216 10.4537 99.5816}
	{Bone "RW_bridge_pier3"}
	{Matrix34
		0.0000	0.0000	1.0000
		0.0000	1.0000	0.0000
		-1.0000	0.0000	0.0000
		-47.8880	-1.0385	135.8045
	}
}
{Volume "body10"
	{Box 11.4216 10.4537 93.6067}
	{Bone "RW_bridge_pier3"}
	{Matrix34
		0.0000	0.0000	1.0000
		0.0000	1.0000	0.0000
		-1.0000	0.0000	0.0000
		49.8324	-1.0385	135.8045
	}
}
{Volume "body9"
	{Box 11.4216 10.4537 83.7405}
	{Bone "RW_bridge_pier3"}
	{Matrix34
		0.0000	0.0000	1.0000
		0.0000	1.0000	0.0000
		-1.0000	0.0000	0.0000
		49.5904	-127.6503	135.8045
	}
}
{Volume "body8"
	{Box 11.4216 10.4537 99.6911}
	{Bone "RW_bridge_pier3"}
	{Matrix34
		0.0000	0.0000	1.0000
		0.0000	1.0000	0.0000
		-1.0000	0.0000	0.0000
		-40.6539	127.5980	135.8045
	}
}
{Volume "body7"
	{Box 6.51033 10.4537 138.46}
	{Bone "RW_bridge_pier3"}
	{Matrix34
		0.9570	0.0000	-0.2900
		0.0000	1.0000	0.0000
		0.2900	0.0000	0.9570
		-27.5247	-127.6503	64.4007
	}
}
{Volume "body6"
	{Box 6.51033 10.4537 138.46}
	{Bone "RW_bridge_pier3"}
	{Matrix34
		0.9570	0.0000	-0.2900
		0.0000	1.0000	0.0000
		0.2900	0.0000	0.9570
		-27.5247	127.1636	64.4007
	}
}
{Volume "body5"
	{Box 6.51033 10.4537 138.46}
	{Bone "RW_bridge_pier3"}
	{Matrix34
		0.9570	0.0000	0.2900
		0.0000	1.0000	0.0000
		-0.2900	0.0000	0.9570
		28.8105	-127.6503	64.4011
	}
}
{Volume "body4"
	{Box 6.51033 10.4537 138.46}
	{Bone "RW_bridge_pier3"}
	{Matrix34
		0.9570	0.0000	0.2900
		0.0000	1.0000	0.0000
		-0.2900	0.0000	0.9570
		28.8105	127.1636	64.4011
	}
}
{Volume "body3"
	{Box 11.4216 10.4537 152.154}
	{Bone "RW_bridge_pier3"}
	{Position 0.3914	-127.6503	74.2225}
}
{Volume "body2"
	{Box 11.4216 10.4537 152.154}
	{Bone "RW_bridge_pier3"}
	{Position 0.3914	127.1636	74.2225}
}
{Volume "body1"
	{Box 8.21323 263.918 23.9379}
	{Bone "RW_bridge_pier3"}
	{Position 0.2556	0.2242	138.2443}
}
