;Exported by: vic
;Date:        Mon Mar 01 13:02:34 2004
;File:        D:\-Projects-\-3DWork-\Constructions\trench\trench15_1.max
{Skeleton
	{bone "trench_ground_mgun"
		{parameters "CommonMesh;Ground;"}
		{Orientation
			1.0000	0.0000	0.0000
			0.0000	-1.0000	0.0000
			0.0000	0.0000	1.0000
		}
		{VolumeView "trench_ground_mgun.ply" {Ground}}
		{bone "trench_wood_mgun"
			{parameters "Ground;"}
			{Matrix34
				-1.0000	-0.0000	0.0000
				0.0000	-1.0000	0.0000
				0.0000	0.0000	1.0000
				-0.0000	-0.0000	0.0000
			}
			{VolumeView "trench_wood_mgun.ply" {Ground}}
		}
	}
}
{Obstacle "body8"
	{Obb2
		{Center -7.63798 50.9601}
		{Extent 9.00796 1.69979}
		{Axis 0.951106 0.308866}
	}
	{Rotate}
}
{Obstacle "body7"
	{Obb2
		{Center 7.8493 50.9601}
		{Extent 1.72065 9.01185}
		{Axis 0.309623 0.950859}
	}
	{Rotate}
}
{Obstacle "body6"
	{Obb2
		{Center -18.713 40.9487}
		{Extent 8.32922 1.75151}
		{Axis 0.391277 0.920273}
	}
	{Rotate}
}
{Obstacle "body5"
	{Obb2
		{Center 18.7246 40.9487}
		{Extent 1.7566 8.33021}
		{Axis 0.920584 0.390544}
	}
	{Rotate}
}
{Obstacle "body4"
	{Obb2
		{Center -21.9535 27.8194}
		{Extent 1.69414 6.21749}
		{Axis 1 0}
	}
	{Rotate}
}
{Obstacle "body3"
	{Obb2
		{Center 21.9658 27.8194}
		{Extent 1.69414 6.21749}
		{Axis 1 0}
	}
	{Rotate}
}
{Obstacle "body2"
	{Obb2
		{Center -32.6561 21.5279}
		{Extent 12.9964 1.69414}
		{Axis 1 0}
	}
	{Rotate}
}
{Obstacle "body1"
	{Obb2
		{Center 32.5257 21.5302}
		{Extent 12.9964 1.69414}
		{Axis 1 0}
	}
	{Rotate}
}
{Obstacle "body"
	{Obb2
		{Center -0.021347 -21.4918}
		{Extent 45.5586 1.69415}
		{Axis 1 0}
	}
	{Rotate}
}
{Area "cut"
	{Polygon2
		{Radius 0}
		{Vertex -23.586 56.8036}
		{Vertex -50.9749 23.586}
		{Vertex -50.9749 -23.586}
		{Vertex 51.1361 -23.586}
		{Vertex 51.1361 23.586}
		{Vertex 23.586 56.8036}
	}
	{Rotate}
}
{Volume "body8"
	{Box 18.0138 3.38828 23.622}
	{Bone "trench_wood_mgun"}
	{Matrix34
		0.9509	-0.3095	0.0000
		0.3095	0.9509	0.0000
		0.0000	0.0000	1.0000
		7.6380	50.9601	-1.9764
	}
}
{Volume "body7"
	{Box 18.0138 3.38828 23.622}
	{Bone "trench_wood_mgun"}
	{Matrix34
		0.9499	0.3124	0.0000
		-0.3124	0.9499	0.0000
		0.0000	0.0000	1.0000
		-7.8493	50.9601	-1.9764
	}
}
{Volume "body6"
	{Box 16.6354 3.38828 23.622}
	{Bone "trench_wood_mgun"}
	{Matrix34
		0.3849	-0.9230	0.0000
		0.9230	0.3849	0.0000
		0.0000	0.0000	1.0000
		18.7130	40.9487	-1.9764
	}
}
{Volume "body5"
	{Box 16.6354 3.38828 23.622}
	{Bone "trench_wood_mgun"}
	{Matrix34
		-0.3836	-0.9235	0.0000
		0.9235	-0.3836	0.0000
		0.0000	0.0000	1.0000
		-18.7246	40.9487	-1.9764
	}
}
{Volume "body4"
	{Box 12.435 3.38828 23.622}
	{Bone "trench_wood_mgun"}
	{Matrix34
		-0.0000	-1.0000	0.0000
		1.0000	-0.0000	0.0000
		0.0000	0.0000	1.0000
		21.9535	27.8194	-1.9764
	}
}
{Volume "body3"
	{Box 12.435 3.38828 23.622}
	{Bone "trench_wood_mgun"}
	{Matrix34
		-0.0000	-1.0000	0.0000
		1.0000	-0.0000	0.0000
		0.0000	0.0000	1.0000
		-21.9658	27.8194	-1.9764
	}
}
{Volume "body2"
	{Box 25.9929 3.38828 23.622}
	{Bone "trench_wood_mgun"}
	{Position 32.6561	21.5279	-1.9764}
}
{Volume "body1"
	{Box 25.9929 3.38828 23.622}
	{Bone "trench_wood_mgun"}
	{Position -32.5257	21.5302	-1.9764}
}
{Volume "body"
	{Box 91.1172 3.38828 23.622}
	{Bone "trench_wood_mgun"}
	{Position 0.0213	-21.4918	-1.9764}
}
