{mission
	{Camera
		{Position -4031.12 -4120.31}
		{Distance 1521}
		{ViewAngle 0.456119}
		{YawAngle 47.8731}
	}
	{Environment "day6"}
	{User 2}
	{GameProgress 0 0}
	{Entity "ya5k" 0x8000
		{Position -1187.62 -1534.74 110}
		{Turn -90.6225}
		{Player 1}
		{MID 1}
		
	}
	{Entity "type1_stan" 0x8001
		{Position -1189.48 -1664.35 148.7}
		{Orientation
			 -0.011416  -0.999808  -0.015942
			  0.999876  -0.011241  -0.011049
			  0.010867  -0.016066   0.999812
		}
		{DisableObstacles}
		{Player 1}
		{MID 2}
	}
	{Entity "type1_stan" 0x8002
		{Position -1185.01 -1324.15 139.297}
		{Orientation
			  0.011416   0.999808   0.015942
			 -0.999876   0.011241   0.011049
			  0.010867  -0.016066   0.999812
		}
		{DisableObstacles}
		{Player 1}
		{MID 3}
	}
	{Entity "t-class" 0x8003
		{Position -1636.67 -1529.03 110}
		{Turn 89.0601}
		{Player 1}
		{MID 4}
		
	}
	{Entity "type2_ship" 0x8004
		{Position -1635.27 -1380.75 139.319}
		{Orientation
			  0.017229   0.999565  -0.023935
			 -0.999478   0.016563  -0.027733
			 -0.027324   0.024400   0.999329
		}
		{DisableObstacles}
		{Player 1}
		{MID 5}
	}
	{Entity "type1_stan" 0x8005
		{Position -1639.52 -1628.33 144.629}
		{Orientation
			 -0.017229  -0.999565   0.023935
			  0.999478  -0.016563   0.027733
			 -0.027324   0.024400   0.999329
		}
		{DisableObstacles}
		{Player 1}
		{MID 6}
	}
	{Entity "type10" 0x8006
		{Position 2223.6 -2224.32 137}
		{Turn -89.9468}
		{Player 1}
		{MID 7}
		
	}
	{Entity "type10" 0x8007
		{Position 1929.58 -2216.79 137}
		{Turn -88.7468}
		{Player 1}
		{MID 8}
		
	}
	{Entity "type10" 0x8008
		{Position 1640.8 -2218.71 135.08}
		{Turn -88.9441}
		{Player 1}
		{MID 9}
		
	}
	{Entity "type10" 0x8009
		{Position -1990.2 -2219.91 137}
		{Turn -90.2736}
		{Player 1}
		{MID 10}
		
	}
	{Entity "type10" 0x800a
		{Position -2479.24 -2218.46 137}
		{Turn -89.5677}
		{Player 1}
		{MID 11}
		
	}
	{Entity "type10" 0x800b
		{Position -2962.73 -2221.36 137}
		{Turn -90.2552}
		{Player 1}
		{MID 12}
		
	}
	{Entity "type96_2" 0x800c
		{Position -768.894 -2336.42 224.598}
		{Turn -88.8939}
		{OffsetZ 167}
		{Player 1}
		{MID 13}
		
	}
	{Entity "type96_2" 0x800d
		{Position 60.8014 -2335.91 224.823}
		{Turn -89.5459}
		{OffsetZ 166}
		{Player 1}
		{MID 14}
		
	}
	{Entity "type96_2" 0x800e
		{Position 887.673 -2344.66 224.823}
		{Turn -91.0703}
		{OffsetZ 187}
		{Player 1}
		{MID 15}
		
	}
	{Human "jap.sailor3" 0x800f
		{Position -2979.09 -2221.66 144.238}
		{Turn -90.2552}
		{DisableObstacles}
		{Player 1}
		{MID 16}
		{NameId 18 25}
		{FsmState "board"}
	}
	{Human "jap.sailor2" 0x8010
		{Position -2946.13 -2221.97 144.236}
		{Turn -90.2552}
		{DisableObstacles}
		{Player 1}
		{MID 17}
		{NameId 2 10}
		{FsmState "board"}
	}
	{Human "jap.sailor2" 0x8011
		{Position -2495.6 -2218.96 144.238}
		{Turn -89.5677}
		{DisableObstacles}
		{Player 1}
		{MID 18}
		{NameId 73 78}
		{FsmState "board"}
	}
	{Human "jap.sailor3" 0x8012
		{Position -2462.64 -2218.87 144.236}
		{Turn -89.5677}
		{DisableObstacles}
		{Player 1}
		{MID 19}
		{NameId 68 32}
		{FsmState "board"}
	}
	{Human "jap.sailor2" 0x8013
		{Position -1973.6 -2220.53 144.236}
		{Turn -90.2736}
		{DisableObstacles}
		{Player 1}
		{MID 20}
		{NameId 31 51}
		{FsmState "board"}
	}
	{Human "jap.sailor3" 0x8014
		{Position -2006.56 -2220.2 144.238}
		{Turn -90.2736}
		{DisableObstacles}
		{Player 1}
		{MID 21}
		{NameId 1 45}
		{FsmState "board"}
	}
	{Human "jap.sailor2" 0x8015
		{Position 1657.41 -2218.94 142.316}
		{Turn -88.9441}
		{DisableObstacles}
		{Player 1}
		{MID 22}
		{NameId 13 87}
		{FsmState "board"}
	}
	{Human "jap.sailor3" 0x8016
		{Position 1624.45 -2219.38 142.318}
		{Turn -88.9441}
		{DisableObstacles}
		{Player 1}
		{MID 23}
		{NameId 0 87}
		{FsmState "board"}
	}
	{Human "jap.sailor2" 0x8017
		{Position 1946.19 -2216.97 144.236}
		{Turn -88.7468}
		{DisableObstacles}
		{Player 1}
		{MID 24}
		{NameId 88 57}
		{FsmState "board"}
	}
	{Human "jap.sailor3" 0x8018
		{Position 1913.23 -2217.52 144.238}
		{Turn -88.7468}
		{DisableObstacles}
		{Player 1}
		{MID 25}
		{NameId 66 99}
		{FsmState "board"}
	}
	{Human "jap.sailor2" 0x8019
		{Position 2207.24 -2224.71 144.238}
		{Turn -89.9468}
		{DisableObstacles}
		{Player 1}
		{MID 26}
		{NameId 52 50}
		{FsmState "board"}
	}
	{Human "jap.sailor3" 0x801a
		{Position 2240.2 -2224.84 144.236}
		{Turn -89.9468}
		{DisableObstacles}
		{Player 1}
		{MID 27}
		{NameId 52 45}
		{FsmState "board"}
	}
	{Human "jap.sailor2" 0x801b
		{Position 910.681 -2341.91 226.539}
		{Turn -91.0703}
		{Extender "inventory"
			{box
				{clear}
				{item "bayonet" {cell 7 0}}
				{item "grenade type23" {cell 6 0}}
				{item "ammo pistol" 25 {cell 4 0}}
				{item "type26" filling "ammo pistol" 6 {cell 0 0}}
			}
			{armor "head"
				{Item "helmet3_jap"}
			}
		}
		{DisableObstacles}
		{Player 1}
		{MID 28}
		{NameId 81 90}
		{LastItem "type26"}
		{FsmState "board"}
	}
	{Human "jap.sailor2" 0x801c
		{Position 865.69 -2340.97 226.039}
		{Turn -91.0703}
		{Extender "inventory"
			{box
				{clear}
				{item "bayonet" {cell 7 0}}
				{item "grenade type23" {cell 6 0}}
				{item "ammo pistol" 25 {cell 4 0}}
				{item "type26" filling "ammo pistol" 6 {cell 0 0}}
			}
			{armor "head"
				{Item "helmet3_jap"}
			}
		}
		{DisableObstacles}
		{Player 1}
		{MID 29}
		{NameId 37 34}
		{LastItem "type26"}
		{FsmState "board"}
	}
	{Human "jap.sailor2" 0x8800
		{Position 83.7277 -2332.55 226.539}
		{Turn -89.5459}
		{Extender "inventory"
			{box
				{clear}
				{item "bayonet" {cell 7 0}}
				{item "grenade type23" {cell 6 0}}
				{item "ammo pistol" 25 {cell 4 0}}
				{item "type26" filling "ammo pistol" 6 {cell 0 0}}
			}
			{armor "head"
				{Item "helmet3_jap"}
			}
		}
		{DisableObstacles}
		{Player 1}
		{MID 30}
		{NameId 3 52}
		{LastItem "type26"}
		{FsmState "board"}
	}
	{Human "jap.sailor2" 0x8801
		{Position 38.7283 -2332.8 226.039}
		{Turn -89.5459}
		{Extender "inventory"
			{box
				{clear}
				{item "bayonet" {cell 7 0}}
				{item "grenade type23" {cell 6 0}}
				{item "ammo pistol" 25 {cell 4 0}}
				{item "type26" filling "ammo pistol" 6 {cell 0 0}}
			}
			{armor "head"
				{Item "helmet3_jap"}
			}
		}
		{DisableObstacles}
		{Player 1}
		{MID 31}
		{NameId 29 71}
		{LastItem "type26"}
		{FsmState "board"}
	}
	{Human "jap.sailor2" 0x801d
		{Position -791.001 -2333.56 225.815}
		{Turn -88.8939}
		{Extender "inventory"
			{box
				{clear}
				{item "bayonet" {cell 7 0}}
				{item "grenade type23" {cell 6 0}}
				{item "ammo pistol" 25 {cell 4 0}}
				{item "type26" filling "ammo pistol" 6 {cell 0 0}}
			}
			{armor "head"
				{Item "helmet3_jap"}
			}
		}
		{DisableObstacles}
		{Player 1}
		{MID 32}
		{NameId 90 7}
		{LastItem "type26"}
		{FsmState "board"}
	}
	{Human "jap.sailor2" 0x801e
		{Position -746.008 -2332.8 226.315}
		{Turn -88.8939}
		{Extender "inventory"
			{box
				{clear}
				{item "bayonet" {cell 7 0}}
				{item "grenade type23" {cell 6 0}}
				{item "ammo pistol" 25 {cell 4 0}}
				{item "type26" filling "ammo pistol" 6 {cell 0 0}}
			}
			{armor "head"
				{Item "helmet3_jap"}
			}
		}
		{DisableObstacles}
		{Player 1}
		{MID 33}
		{NameId 34 0}
		{LastItem "type26"}
		{FsmState "board"}
	}
	{Entity "zero" 0x801f
		{Position 3653.92 3868.37 155.886}
		{Turn 41.5904}
		{TexMod "marine"}
		{Player 1}
		{MID 34}
		
	}
	{Entity "zero" 0x8020
		{Position 3316.34 4191.63 155.886}
		{Turn 45.8588}
		{TexMod "marine"}
		{Player 1}
		{MID 35}
		
	}
	{Entity "zero" 0x8021
		{Position 3696.02 4576.07 155.886}
		{Turn -134.76}
		{TexMod "marine"}
		{Player 1}
		{MID 36}
		
	}
	{Entity "zero" 0x8022
		{Position 4029.92 4244.98 155.886}
		{Turn -134.926}
		{TexMod "marine"}
		{Player 1}
		{MID 37}
		
	}
	{Entity "crane" 0x8023
		{Position 1491.11 -1171.4 137}
		{Extender "bone_rotator"
			{speed 5}
		}
		{Player 0}
		{MID 38}
	}
	{Entity "crane2" 0x8024
		{Position -160.92 -1175.57 137}
		{Turn -0.479555}
		{Player 0}
		{MID 39}
		
	}
	{Entity "crane2" 0x8025
		{Position 663.773 -1164.86 137}
		{Player 0}
		{MID 40}
		
	}
	{Entity "horch" 0x8026
		{Position -711.883 3400.77 137}
		{Turn 126.8}
		{Player 1}
		{MID 41}
		{Chassis
			{FuelBag
				{Remain 48}
			}
		}
	}
	{Entity "ford" 0x8027
		{Position 449.398 93.8526 137}
		{Turn 94.243}
		{Player 1}
		{MID 42}
		{Chassis
			{FuelBag
				{Remain 26}
			}
		}
	}
	{Entity "ho-ha" 0x8028
		{Position 2051.51 4475.78 141.873}
		{Turn -97.8891}
		{Extender "inventory"
			{box
				{clear}
				{item "ammo mgun" 400 {cell 0 0}}
			}
		}
		{Player 1}
		{MID 43}
		{Chassis
			{FuelBag
				{Remain 1.5}
			}
		}
	}
	{Entity "bulldozer" 0x8029
		{Position 620.366 101.929 137}
		{Turn -86.8319}
		{Player 1}
		{MID 44}
	}
	{Entity "bulldozer" 0x802a
		{Position 1799.14 4886.04 138.131}
		{Turn -178.147}
		{Player 1}
		{MID 45}
		{Chassis
			{FuelBag
				{Remain 11.2}
			}
		}
	}
	{Entity "bike" 0x802b
		{Position -361.843 153.725 137}
		{Turn -166.76}
		{Player 1}
		{MID 46}
		{Chassis
			{FuelBag
				{Remain 16.6}
			}
		}
	}
	{Entity "isuzu" 0x802c
		{Position -910.733 -1548.51 137}
		{Turn -9.38208}
		{Extender "inventory"
			{box
				{clear}
				{item "ammo torp" {cell 0 0}}
				{item "ammo torp" {cell 0 2}}
				{item "ammo torp" {cell 1 3}}
				{item "ammo torp" {cell 2 1}}
			}
		}
		{Player 1}
		{MID 47}
		
		{Chassis
			{FuelBag
				{Remain 90}
			}
		}
	}
	{Entity "isuzu" 0x802d
		{Position 2076.44 5187.93 137.352}
		{Turn 84.4922}
		{Extender "inventory"
			{box
				{clear}
				{item "food_box" {cell 0 0}}
				{item "food_box" {cell 1 2}}
				{item "small_box" {cell 4 0}}
			}
		}
		{Player 1}
		{MID 48}
		
		{Chassis
			{FuelBag
				{Remain 87.3}
			}
		}
	}
	{Entity "isuzu" 0x802e
		{Position -436.064 3401.2 137.694}
		{Turn -107.793}
		{Player 1}
		{MID 49}
		{Chassis
			{FuelBag
				{Remain 114.7}
			}
		}
	}
	{Entity "isuzu-fuel" 0x802f
		{Position 1115.88 -1232.33 137}
		{Turn 123.006}
		{Player 1}
		{MID 50}
		
	}
	{Entity "isuzu-fuel" 0x8030
		{Position 2410.45 3298.81 138.63}
		{Turn -59.9362}
		{Player 1}
		{MID 51}
		
	}
	{Entity "isuzu-ammo" 0x8031
		{Position 2233.94 3166.36 137}
		{Turn 178.84}
		{Extender "inventory"
			{box
				{clear}
				{item "dynamite" {cell 0 0}}
				{item "bullet37 ap" 2 {cell 5 0}}
				{item "bullet37 ap" 2 {cell 5 1}}
				{item "bullet37 ap" 2 {cell 5 2}}
				{item "bullet37 ap" 2 {cell 5 3}}
				{item "bullet37 ap" 2 {cell 2 0}}
				{item "bullet37 ap" 2 {cell 2 1}}
				{item "bullet37 ap" 2 {cell 2 2}}
				{item "bullet37 ap" 2 {cell 2 3}}
				{item "ammo mgun" 30 {cell 0 2}}
				{item "ammo mgun" 30 {cell 0 3}}
			}
		}
		{Player 1}
		{MID 52}
		{Chassis
			{FuelBag
				{Remain 22.8}
			}
		}
	}
	{Entity "isuzu-ammo" 0x8032
		{Position 2095.6 -614.716 137}
		{Turn 133.434}
		{Extender "inventory"
			{box
				{clear}
				{item 0x8150 "med_box" {cell 0 0}}
				{item 0x8151 "box" {cell 4 0}}
			}
		}
		{Player 1}
		{MID 53}
		
		{Chassis
			{FuelBag
				{Remain 9.8}
			}
		}
	}
	{Entity "isuzu-ammo2" 0x8033
		{Position 537.329 74.7526 137}
		{Turn -88.1866}
		{Player 1}
		{MID 54}
		{Chassis
			{FuelBag
				{Remain 104}
			}
		}
	}
	{Entity "isuzu94-cargo1" 0x8034
		{Position -74.9392 -2012.86 137}
		{Turn 47.7863}
		{Player 1}
		{MID 55}
		
	}
	{Entity "isuzu94" 0x8035
		{Position 3665.68 4963.35 139.32}
		{Turn 160.067}
		{Player 1}
		{MID 56}
		{Chassis
			{FuelBag
				{Remain 149}
			}
		}
	}
	{Entity "isuzu94" 0x8036
		{Position 2222.27 5131.47 137}
		{Turn 63.0746}
		{Player 1}
		{MID 57}
		
		{Chassis
			{FuelBag
				{Remain 34.6}
			}
		}
	}
	{Entity "isuzu94" 0x8037
		{Position 1549.28 -894.6 137}
		{Turn 93.1644}
		{Player 1}
		{MID 58}
		{Chassis
			{FuelBag
				{Remain 14.7}
			}
		}
	}
	{Entity "isuzu94-cargo3" 0x8038
		{Position -1616.55 -377.965 137}
		{Turn -142.777}
		{Player 1}
		{MID 59}
		{Chassis
			{FuelBag
				{Remain 64.2}
			}
		}
	}
	{Entity "isuzu94-cargo2" 0x8039
		{Position -1520.63 -645.958 137}
		{Turn 89.8472}
		{Player 1}
		{MID 60}
		
		{Chassis
			{FuelBag
				{Remain 36.5}
			}
		}
	}
	{Entity "watch-tower-big" 0x803a
		{Position 605.199 3070.91 137}
		{Turn 165.302}
	}
	{Entity "searchlight" 0x803b
		{Position 569.443 3103.01 267.494}
		{Orientation
			 -0.967277   0.253724   0.000000
			 -0.253724  -0.967277   0.000000
			  0.000000   0.000000   1.000000
		}
		{DisableObstacles}
		{Player 1}
		{MID 61}
	}
	{Entity "type1_tower" 0x803c
		{Position 558.94 3062.74 267.494}
		{Orientation
			 -0.967277   0.253724   0.000000
			 -0.253724  -0.967277   0.000000
			  0.000000   0.000000   1.000000
		}
		{DisableObstacles}
		{Player 1}
		{MID 62}
	}
	{Entity "watch-tower-big" 0x803d
		{Position 1204.64 2376.28 138}
		{Turn -94.1185}
	}
	{Entity "searchlight" 0x803e
		{Position 1179.65 2335.24 268.494}
		{Orientation
			 -0.071820  -0.997418   0.000000
			  0.997418  -0.071820   0.000000
			  0.000000   0.000000   1.000000
		}
		{DisableObstacles}
		{Player 1}
		{MID 63}
	}
	{Entity "type1_tower" 0x803f
		{Position 1221.16 2332.31 268.494}
		{Orientation
			 -0.071820  -0.997418   0.000000
			  0.997418  -0.071820   0.000000
			  0.000000   0.000000   1.000000
		}
		{DisableObstacles}
		{Player 1}
		{MID 64}
	}
	{Entity "watch-tower-big" 0x8040
		{Position 3164.65 5361.38 137}
		{Turn 120.306}
	}
	{Entity "searchlight" 0x8041
		{Position 3162.06 5409.36 267.494}
		{Orientation
			 -0.504618   0.863343   0.000000
			 -0.863343  -0.504618   0.000000
			  0.000000   0.000000   1.000000
		}
		{DisableObstacles}
		{Player 1}
		{MID 65}
	}
	{Entity "type1_tower" 0x8042
		{Position 3126.16 5388.31 267.494}
		{Orientation
			 -0.504618   0.863343   0.000000
			 -0.863343  -0.504618   0.000000
			  0.000000   0.000000   1.000000
		}
		{DisableObstacles}
		{Player 1}
		{MID 66}
	}
	{Entity "watch-tower-big" 0x8043
		{Position 3763.97 3107.11 139.109}
		{Turn -70.201}
	}
	{Entity "searchlight" 0x8044
		{Position 3757.77 3059.46 269.603}
		{Orientation
			  0.338721  -0.940887   0.000000
			  0.940887   0.338721   0.000000
			  0.000000   0.000000   1.000000
		}
		{DisableObstacles}
		{Player 1}
		{MID 67}
	}
	{Entity "type1_tower" 0x8045
		{Position 3796.9 3073.61 269.603}
		{Orientation
			  0.338721  -0.940887   0.000000
			  0.940887   0.338721   0.000000
			  0.000000   0.000000   1.000000
		}
		{DisableObstacles}
		{Player 1}
		{MID 68}
	}
	{Entity "watch-tower-big" 0x8046
		{Position 1634.78 4888.91 137}
		{Turn 167.664}
	}
	{Entity "searchlight" 0x8047
		{Position 1597.73 4919.5 267.494}
		{Orientation
			 -0.976912   0.213644   0.000000
			 -0.213644  -0.976912   0.000000
			  0.000000   0.000000   1.000000
		}
		{DisableObstacles}
		{Player 1}
		{MID 69}
	}
	{Entity "type1_tower" 0x8048
		{Position 1588.9 4878.84 267.494}
		{Orientation
			 -0.976912   0.213644   0.000000
			 -0.213644  -0.976912   0.000000
			  0.000000   0.000000   1.000000
		}
		{DisableObstacles}
		{Player 1}
		{MID 70}
	}
	{Human "jap.sailor2" 0x8049
		{Position -1185.4 -1338.39 139.073}
		{Orientation
			  0.011402   0.999829   0.014642
			 -0.999877   0.011242   0.010949
			  0.010782  -0.014765   0.999834
		}
		{Extender "inventory"
			{box
				{clear}
				{item "bayonet" {cell 7 0}}
				{item "ammo pistol" 25 {cell 5 0}}
				{item "type26" filling "ammo pistol" 6 {cell 0 0}}
			}
		}
		{DisableObstacles}
		{Player 1}
		{MID 71}
		{NameId 18 26}
		{LastItem "type26"}
		{FsmState "board"}
	}
	{Human "jap.sailor3" 0x804a
		{Position -1189.1 -1650.11 148.925}
		{Orientation
			 -0.011430  -0.999787  -0.017242
			  0.999875  -0.011239  -0.011149
			  0.010952  -0.017367   0.999790
		}
		{Extender "inventory"
			{box
				{clear}
				{item "bayonet" {cell 7 0}}
				{item "ammo pistol" 25 {cell 5 0}}
				{item "type26" filling "ammo pistol" 6 {cell 0 0}}
			}
		}
		{DisableObstacles}
		{Player 1}
		{MID 72}
		{NameId 2 11}
		{LastItem "type26"}
		{FsmState "board"}
	}
	{Human "jap.sailor3" 0x804b
		{Position -1639.04 -1614.09 144.295}
		{Orientation
			 -0.017193  -0.999597   0.022635
			  0.999481  -0.016566   0.027633
			 -0.027247   0.023099   0.999363
		}
		{Extender "inventory"
			{box
				{clear}
				{item "bayonet" {cell 7 0}}
				{item "ammo pistol" 25 {cell 5 0}}
				{item "type26" filling "ammo pistol" 6 {cell 0 0}}
			}
		}
		{DisableObstacles}
		{Player 1}
		{MID 73}
		{NameId 61 19}
		{LastItem "type26"}
		{FsmState "board"}
	}
	{Human "jap.sailor3" 0x804c
		{Position -1636.01 -1391.62 139.284}
		{Orientation
			  0.006804   0.942021   0.335426
			 -0.999465   0.017161  -0.027847
			 -0.031980  -0.335057   0.941634
		}
		{Extender "inventory"
			{box
				{clear}
				{item "bayonet" {cell 7 0}}
				{item "ammo pistol" 25 {cell 5 0}}
				{item "type26" filling "ammo pistol" 6 {cell 0 0}}
			}
		}
		{DisableObstacles}
		{Player 1}
		{MID 74}
		{NameId 73 79}
		{LastItem "type26"}
		{FsmState "board"}
	}
	{Human "jap.sailor2" 0x804d
		{Position -3226.01 -868.535 258.349}
		{Turn -90.7386}
		{DisableObstacles}
		{Player 1}
		{MID 75}
		{NameId 68 33}
		{Cover
			{sector -3226.01 -868.535 {type "snipe_cover"}
				{wall 0 0 -3216.1 -875.663 -3236.1 -875.405}
			}
		}
		{FsmState "snipe"}
	}
	{Human "jap.sailor2" 0x804e
		{Position -3224.25 236.625 257.349}
		{Turn 124.251}
		{DisableObstacles}
		{Player 1}
		{MID 76}
		{NameId 31 52}
		{Cover
			{sector -3224.25 236.625 {type "snipe_cover"}
				{wall 0 0 -3236.46 236.783 -3219.93 248.039}
			}
		}
		{FsmState "snipe"}
	}
	{Human "jap.sailor2" 0x804f
		{Position 2462.04 -500.459 258.349}
		{Turn -89.4149}
		{DisableObstacles}
		{Player 1}
		{MID 77}
		{NameId 1 46}
		{Cover
			{sector 2462.04 -500.459 {type "snipe_cover"}
				{wall 0 0 2472.11 -507.357 2452.11 -507.561}
			}
		}
		{FsmState "snipe"}
	}
	{Human "jap.sailor2" 0x8050
		{Position 2465.66 237.679 258.349}
		{Turn 54.5627}
		{DisableObstacles}
		{Player 1}
		{MID 78}
		{NameId 13 88}
		{Cover
			{sector 2465.66 237.679 {type "snipe_cover"}
				{wall 0 0 2461.57 249.18 2477.86 237.584}
			}
		}
		{FsmState "snipe"}
	}
	{Entity "type4" 0x8051
		{Position -3692.83 59.3909 138.283}
		{Turn -126.697}
		{Extender "inventory"
			{box
				{clear}
				{item "bullet75 fg" 9 {cell 0 0}}
				{item "bullet75 ap" 2 {cell 0 1}}
			}
		}
		{Player 1}
		{MID 79}
		
		{Weaponry
			{State
				{Weapon
					{Ammo "bullet75 fg" 1}
				}
			}
		}
	}
	{Entity "type4" 0x8052
		{Position 3371.8 470.671 140}
		{Turn -38.9525}
		{Extender "inventory"
			{box
				{clear}
				{item "bullet75 fg" 9 {cell 0 0}}
				{item "bullet75 ap" 2 {cell 0 1}}
			}
		}
		{Player 1}
		{MID 80}
		
		{Weaponry
			{State
				{Weapon
					{Ammo "bullet75 fg" 1}
				}
			}
		}
	}
	{Entity "type97mg_dot" 0x8053
		{Position 59.243 381.26 137}
		{Turn 88.4562}
		{Player 1}
		{MID 81}
	}
	{Entity "type97mg_dot" 0x8054
		{Position 126.23 381.352 137}
		{Turn 89.608}
		{Player 1}
		{MID 82}
	}
	{Entity "type97mg_dot" 0x8055
		{Position -801.202 371.538 137}
		{Turn 120.551}
		{Player 1}
		{MID 83}
	}
	{Entity "type97mg_dot" 0x8056
		{Position -709.265 370.695 137}
		{Turn 57.6254}
		{Player 1}
		{MID 84}
	}
	{Human "jap.sailor2" 0x8057
		{Position 125.95 373.381 145.012}
		{Turn 89.608}
		{Extender "inventory"
			{box
				{clear}
				{item "arisaka" filling "ammo rifle" 5 {cell 0 0}}
				{item "bayonet" {cell 7 0}}
				{item "ammo rifle" 25 {cell 6 0}}
			}
		}
		{DisableObstacles}
		{Player 1}
		{MID 85}
		{NameId 18 27}
		{FsmState "board"}
	}
	{Human "jap.sailor3" 0x8058
		{Position 332.38 236.173 137.709}
		{Player 1}
		{MID 86}
		{NameId 2 12}
		{FsmState "stand"}
	}
	{Human "jap.sailor2" 0x8059
		{Position 58.8032 373.296 145.012}
		{Turn 88.4562}
		{Extender "inventory"
			{box
				{clear}
				{item "arisaka" filling "ammo rifle" 5 {cell 0 0}}
				{item "bayonet" {cell 7 0}}
				{item "ammo rifle" 25 {cell 6 0}}
			}
		}
		{DisableObstacles}
		{Player 1}
		{MID 87}
		{NameId 61 20}
		{FsmState "board"}
	}
	{Human "jap.sailor2" 0x805a
		{Position 2478.38 -154.647 142.838}
		{Turn -95.9514}
		{Player 1}
		{MID 88}
		{NameId 73 80}
		{FsmState "stand"}
	}
	{Human "jap.sailor2" 0x805b
		{Position -1066.14 240.826 142.917}
		{Turn -174.286}
		{Player 1}
		{MID 89}
		{NameId 68 34}
		{FsmState "stand"}
	}
	{Human "jap.sailor2" 0x805c
		{Position 3387.74 473.06 151.972}
		{Turn -176.996}
		{Extender "inventory"
			{box
				{clear}
				{item "arisaka" filling "ammo rifle" 5 {cell 0 0}}
				{item "bayonet" {cell 7 0}}
				{item "ammo rifle" 25 {cell 6 0}}
			}
		}
		{DisableObstacles}
		{Player 1}
		{MID 90}
		{NameId 31 53}
		{FsmState "board"}
	}
	{Human "jap.sailor2" 0x805d
		{Position -3679 50.8897 150.254}
		{Turn 143.303}
		{Extender "inventory"
			{box
				{clear}
				{item "arisaka" filling "ammo rifle" 5 {cell 0 0}}
				{item "bayonet" {cell 7 0}}
				{item "ammo rifle" 25 {cell 6 0}}
			}
		}
		{DisableObstacles}
		{Player 1}
		{MID 91}
		{NameId 1 47}
		{FsmState "board"}
	}
	{Human "jap.sailor3" 0x805e
		{Position 3358.73 471.631 151.98}
		{Turn -86.9964}
		{DisableObstacles}
		{Player 1}
		{MID 92}
		{NameId 13 89}
		{FsmState "board"}
	}
	{Human "jap.sailor3" 0x805f
		{Position -3702.23 68.3212 150.262}
		{Turn -126.697}
		{DisableObstacles}
		{Player 1}
		{MID 93}
		{NameId 0 88}
		{FsmState "board"}
	}
	{Human "jap.sailor3" 0x8060
		{Position -3228.94 -317.954 139}
		{Turn 91.5186}
		{Player 1}
		{MID 94}
		{NameId 88 58}
		{FsmState "stand"}
	}
	{Human "jap.sailor2" 0x8061
		{Position -713.724 364.082 145.012}
		{Turn 57.6254}
		{Extender "inventory"
			{box
				{clear}
				{item "arisaka" filling "ammo rifle" 5 {cell 0 0}}
				{item "bayonet" {cell 7 0}}
				{item "ammo rifle" 25 {cell 6 0}}
			}
		}
		{DisableObstacles}
		{Player 1}
		{MID 95}
		{NameId 66 100}
		{FsmState "board"}
	}
	{Human "jap.sailor2" 0x8062
		{Position -797.343 364.558 145.012}
		{Turn 120.551}
		{Extender "inventory"
			{box
				{clear}
				{item "arisaka" filling "ammo rifle" 5 {cell 0 0}}
				{item "bayonet" {cell 7 0}}
				{item "ammo rifle" 25 {cell 6 0}}
			}
		}
		{DisableObstacles}
		{Player 1}
		{MID 96}
		{NameId 52 51}
		{FsmState "board"}
	}
	{Human "jap.sailor3" 0x8063
		{Position -756.903 335.006 137}
		{Turn -85.2871}
		{Player 1}
		{MID 97}
		{NameId 52 46}
		{FsmState "stand"}
	}
	{Entity "palm1sp" 0x8064
		{Position -3545.33 4198.47 222.451}
		{Turn -69.6978}
		{Volume "crown"
			{Able {visible 0}}
		}
	}
	{Entity "palm1sp" 0x8065
		{Position -1683.56 2293.4 139.304}
		{Turn -109.642}
		{TexMod "v2"}
		{Volume "crown"
			{Able {visible 0}}
		}
	}
	{Entity "palm1sp" 0x8066
		{Position -2485.18 3338.05 211.417}
		{Turn -146.24}
		{TexMod "v1"}
		{Volume "crown"
			{Able {visible 0}}
		}
	}
	{Entity "palm1sp" 0x8067
		{Position 304.039 2168.37 173.257}
		{Turn -86.4596}
		{Volume "crown"
			{Able {visible 0}}
		}
	}
	{Human "jap.elite3" 0x8068
		{Position 305.123 2168.11 289.607}
		{Turn -86.4601}
		{Extender "inventory"
			{box
				{clear}
				{item "grenade type23" {cell 7 0}}
				{item "ammo rifle" 35 {cell 6 0}}
			}
		}
		{DisableObstacles}
		{Player 1}
		{MID 98}
		{Weaponry
			{State
				{Mounted "type5"}
				{Weapon
					{Ammo "ammo rifle" 10}
				}
			}
		}
		{NameId 2 13}
		{LastItem "type5"}
		{Cover
			{sector 305.123 2168.11 {type "squat_lie"}
				{wall 0 0 315.536 2161.75 295.574 2160.51}
			}
		}
		{FsmState "squat"}
	}
	{Human "jap.elite3" 0x8069
		{Position -3544.22 4198.54 338.801}
		{Turn -69.6976}
		{Extender "inventory"
			{box
				{clear}
				{item "grenade type23" {cell 7 0}}
				{item "ammo rifle" 35 {cell 6 0}}
			}
			{armor "body"
				{Item "camoarmor"}
			}
		}
		{DisableObstacles}
		{Player 1}
		{MID 99}
		{Weaponry
			{State
				{Mounted "arisaka"}
				{Weapon
					{Ammo "ammo rifle" 5}
				}
			}
		}
		{NameId 61 21}
		{LastItem "arisaka"}
		{Cover
			{sector -3544.22 4198.54 {type "squat_lie"}
				{wall 0 0 -3532.41 4195.44 -3551.17 4188.5}
			}
		}
		{FsmState "squat"}
	}
	{Human "jap.elite2" 0x9000
		{Position -2484.85 3336.98 327.766}
		{Turn -146.24}
		{Extender "inventory"
			{box
				{clear}
				{item "ammo mgun" 20 {cell 0 2}}
				{item "ammo mgun" 100 {cell 2 2}}
			}
			{armor "body"
				{Item "camoarmor"}
			}
		}
		{DisableObstacles}
		{Player 1}
		{MID 100}
		{Weaponry
			{State
				{Mounted "type97"}
				{Weapon
					{Ammo "ammo mgun" 20}
				}
			}
		}
		{NameId 73 81}
		{LastItem "type97"}
		{Cover
			{sector -2484.85 3336.98 {type "squat_lie"}
				{wall 0 0 -2485.12 3324.78 -2496.23 3341.41}
			}
		}
		{FsmState "squat"}
	}
	{Human "jap.elite4" 0x806a
		{Position -1682.66 2292.74 255.653}
		{Turn -109.642}
		{Extender "inventory"
			{box
				{clear}
				{item "ammo rifle" 30 {cell 7 0}}
				{item "bandage" 3 {cell 5 0}}
			}
		}
		{DisableObstacles}
		{Player 1}
		{MID 101}
		{Weaponry
			{State
				{Mounted "arisaka"}
				{Weapon
					{Ammo "ammo rifle" 5}
				}
			}
		}
		{NameId 68 35}
		{LastItem "arisaka"}
		{Cover
			{sector -1682.66 2292.74 {type "squat_lie"}
				{wall 0 0 -1675.6 2282.78 -1694.44 2289.51}
			}
		}
		{FsmState "squat"}
	}
	{Entity "air-bag2" 0x806b
		{Position -4343.81 -4542.53 111}
		{Turn 87.2407}
		{TexMod "ambush1"}
		{Player 2}
		{MID 102}
	}
	{Human "eng.soldier_smg" 0x806c
		{Position -4335.43 -4548.56 110.245}
		{Orientation
			  0.074010   0.908391   0.411609
			 -0.996408   0.050211   0.068196
			  0.041278  -0.415118   0.908763
		}
		{TexMod "2"}
		{Extender "inventory"
			{box
				{clear}
				{item "thompson" filling "ammo pistol" 30 {cell 0 0}}
				{item "ammo pistol" 90 {cell 4 0}}
				{item "grenade mk1" {cell 6 0}}
				{item "grenade mk1" {cell 7 0}}
				{item "grenade n73at" {cell 6 1}}
				{item "bandage" 4 {cell 4 1}}
			}
		}
		{DisableObstacles}
		{Player 2}
		{MID 103}
		
		{NameId 64 61}
		{FsmState "board"}
	}
	{Human "eng.soldier_elite2" 0x806d
		{Position -4349.8 -4575.56 110.699}
		{Orientation
			  0.569630   0.751674   0.332542
			 -0.790237   0.612152  -0.030033
			 -0.226170  -0.245713   0.942611
		}
		{Extender "inventory"
			{box
				{clear}
				{item "thompson" filling "ammo pistol" 30 {cell 0 0}}
				{item "ammo pistol" 90 {cell 4 0}}
				{item "ammo pistol" 90 {cell 6 0}}
				{item "bandage" 3 {cell 6 1}}
				{item "grenade mk1" {cell 5 1}}
				{item "grenade mk1" {cell 4 1}}
				{item "knife" {cell 6 2}}
			}
		}
		{DisableObstacles}
		{Player 2}
		{MID 104}
		
		{NameId 10 12}
		{FsmState "board"}
	}
	{Human "eng.soldier_mg" 0x806e
		{Position -4349.29 -4519.67 108.332}
		{Orientation
			  0.568005   0.754083   0.424396
			 -0.791777   0.614434   0.057023
			 -0.225409  -0.246840   0.899632
		}
		{Extender "inventory"
			{box
				{clear}
				{item "lewis" filling "ammo mgun" 47 {cell 0 0}}
				{item "ammo mgun" 47 {cell 6 0}}
				{item "grenade mk1" {cell 7 1}}
				{item "bandage" 4 {cell 6 2}}
				{item "pala" {cell 6 3}}
				{item "grenade smoke" {cell 6 1}}
			}
		}
		{DisableObstacles}
		{Player 2}
		{MID 105}
		
		{NameId 57 99}
		{FsmState "board"}
	}
	{Human "eng.medic3" 0x806f
		{Position -4338.68 -4574.2 110.86}
		{Orientation
			  0.074010   0.908391   0.411609
			 -0.996408   0.050211   0.068196
			  0.041278  -0.415118   0.908763
		}
		{Extender "inventory"
			{box
				{clear}
				{item "webley" filling "ammo pistol" 6 {cell 0 0}}
				{item "ammo pistol" 24 {cell 2 0}}
				{item "bandage" 5 {cell 4 0}}
				{item "bandage" 5 {cell 6 0}}
				{item "knife" {cell 0 1}}
				{item "morphine" 4 {cell 6 2}}
				{item "morphine" 4 {cell 4 2}}
			}
		}
		{DisableObstacles}
		{Player 2}
		{MID 106}
		
		{NameId 64 62}
		{FsmState "board"}
	}
	{Human "eng.tankman" 0x8070
		{Position -4336.21 -4520.3 108.58}
		{Orientation
			 -0.169048   0.933984   0.314691
			 -0.984642  -0.173949  -0.012862
			  0.042672  -0.312110   0.949109
		}
		{Extender "inventory"
			{box
				{clear}
				{item "sten" filling "ammo pistol" 32 {cell 0 0}}
				{item "ammo pistol" 64 {cell 3 0}}
				{item "repair_kit" {cell 6 2}}
			}
		}
		{DisableObstacles}
		{Player 2}
		{MID 107}
		{NameId 49 27}
		{FsmState "board"}
	}
	{Human "eng.soldier" 0x8071
		{Position -4352.26 -4546.5 108.983}
		{Orientation
			  0.074010   0.908391   0.411609
			 -0.996408   0.050211   0.068196
			  0.041278  -0.415118   0.908763
		}
		{Extender "inventory"
			{box
				{clear}
				{item "enfield_kn" filling "ammo rifle" 10 {cell 0 0}}
				{item "ammo rifle" 30 {cell 4 0}}
				{item "bandage" 4 {cell 5 0}}
				{item "grenade mk1" {cell 7 0}}
			}
		}
		{DisableObstacles}
		{Player 2}
		{MID 108}
		
		{NameId 79 91}
		{FsmState "board"}
	}
	{Human "jap.sailor3" 0x8072
		{Position -1186.91 -1554.39 141.061}
		{Orientation
			 -0.011416  -0.999808  -0.015942
			  0.999876  -0.011241  -0.011049
			  0.010867  -0.016066   0.999812
		}
		{DisableObstacles}
		{Player 1}
		{MID 109}
		{NameId 2 14}
		{FsmState "board"}
	}
	{Human "jap.sailor3" 0x8073
		{Position -2069.5 -1481.09 137}
		{Turn -172.7}
		{Player 1}
		{MID 110}
		{NameId 18 28}
		{FsmState "stand"}
	}
	{Human "jap.sailor3" 0x8074
		{Position -2108.46 -1481.67 137}
		{Turn -0.96836}
		{Player 1}
		{MID 111}
		{NameId 18 29}
		{FsmState "stand"}
	}
	{Entity "ha-go" 0x8075
		{Position 4337.62 878.893 137}
		{Turn 178.765}
		{TexMod "ambush"}
		{Player 1}
		{MID 112}
		
	}
	{Entity "ha-go" 0x8076
		{Position 4375.9 876.446 137}
		{Turn 178.184}
		{TexMod "ambush"}
		{Player 1}
		{MID 113}
		
	}
	{Entity "chi-he" 0x8077
		{Position 4352.34 881.051 137}
		{Turn 177.932}
		{TexMod "ambush"}
		{Player 1}
		{MID 114}
		
	}
	{Human "jap.crewman" 0x8078
		{Position 4337.62 878.893 137}
		{Orientation
			 -0.999768   0.021553  -0.000000
			  0.021553   0.999768   0.000000
			 -0.000000  -0.000000   1.000000
		}
		{Player 1}
		{MID 115}
		{NameId 18 30}
		{LastItem "type26"}
		{FsmState "board"}
	}
	{Human "jap.crewman" 0x8079
		{Position 4337.62 878.893 137}
		{Orientation
			 -0.999768   0.021553  -0.000000
			  0.021553   0.999768   0.000000
			 -0.000000  -0.000000   1.000000
		}
		{Player 1}
		{MID 116}
		{NameId 2 15}
		{LastItem "type26"}
		{FsmState "board"}
	}
	{Human "jap.crewman" 0x807a
		{Position 4375.9 876.446 137}
		{Orientation
			 -0.999498   0.031689   0.000000
			  0.031689   0.999498   0.000000
			  0.000000   0.000000   1.000000
		}
		{Player 1}
		{MID 117}
		{NameId 61 22}
		{LastItem "type26"}
		{FsmState "board"}
	}
	{Human "jap.crewman" 0x807b
		{Position 4375.9 876.446 137}
		{Orientation
			 -0.999498   0.031689   0.000000
			  0.031689   0.999498   0.000000
			  0.000000   0.000000   1.000000
		}
		{Player 1}
		{MID 118}
		{NameId 73 82}
		{LastItem "type26"}
		{FsmState "board"}
	}
	{Human "jap.tankman" 0x807c
		{Position 4375.9 876.446 137}
		{Orientation
			 -0.999498   0.031689   0.000000
			  0.031689   0.999498   0.000000
			  0.000000   0.000000   1.000000
		}
		{Player 1}
		{MID 119}
		{NameId 68 36}
		{LastItem "type100"}
		{FsmState "board"}
	}
	{Human "jap.tankman" 0x807d
		{Position 4337.62 878.893 137}
		{Orientation
			 -0.999768   0.021553  -0.000000
			  0.021553   0.999768   0.000000
			 -0.000000  -0.000000   1.000000
		}
		{Player 1}
		{MID 120}
		{NameId 31 54}
		{LastItem "type100"}
		{FsmState "board"}
	}
	{Human "jap.tankman" 0x807e
		{Position 4352.34 881.051 137}
		{Orientation
			 -0.999349   0.036085   0.000000
			  0.036085   0.999349   0.000000
			  0.000000   0.000000   1.000000
		}
		{Player 1}
		{MID 121}
		{NameId 1 48}
		{LastItem "type100"}
		{FsmState "board"}
	}
	{Human "jap.ofitank" 0x807f
		{Position 4352.34 881.051 137}
		{Orientation
			 -0.999349   0.036085   0.000000
			  0.036085   0.999349   0.000000
			  0.000000   0.000000   1.000000
		}
		{Player 1}
		{MID 122}
		{NameId 13 90}
		{LastItem "nambu"}
		{FsmState "board"}
	}
	{Human "jap.crewman" 0x8080
		{Position 4352.34 881.051 137}
		{Orientation
			 -0.999349   0.036085   0.000000
			  0.036085   0.999349   0.000000
			  0.000000   0.000000   1.000000
		}
		{Player 1}
		{MID 123}
		{NameId 0 89}
		{LastItem "type26"}
		{FsmState "board"}
	}
	{Human "jap.crewman" 0x8081
		{Position 4352.34 881.051 137}
		{Orientation
			 -0.999349   0.036085   0.000000
			  0.036085   0.999349   0.000000
			  0.000000   0.000000   1.000000
		}
		{Player 1}
		{MID 124}
		{NameId 88 59}
		{LastItem "type26"}
		{FsmState "board"}
	}
	{Human "jap.elite4" 0x8082
		{Position 4412.91 869.16 162.16}
		{Turn -2.06797}
		{Extender "inventory"
			{box
				{clear}
				{item "bayonet" {cell 7 0}}
				{item "ammo rifle" 30 {cell 6 0}}
				{item "arisaka" filling "ammo rifle" 5 {cell 0 0}}
			}
		}
		{DisableObstacles}
		{Player 1}
		{MID 125}
		{NameId 66 101}
		{LastItem "arisaka"}
		{FsmState "board"}
	}
	{Human "jap.elite4" 0x8083
		{Position 4413.46 884.461 162.16}
		{Turn -2.06797}
		{Extender "inventory"
			{box
				{clear}
				{item "ammo pistol" 50 {cell 4 0}}
				{item "grenade type3at" {cell 6 0}}
				{item "type100" filling "ammo pistol" 30 {cell 0 0}}
			}
		}
		{DisableObstacles}
		{Player 1}
		{MID 126}
		{NameId 52 52}
		{LastItem "type100"}
		{FsmState "board"}
	}
	{Human "jap.elite3" 0x8084
		{Position 4371.34 899.097 154}
		{Turn 88.765}
		{DisableObstacles}
		{Player 1}
		{MID 127}
		{NameId 52 47}
		{LastItem "arisaka_kn"}
		{FsmState "board"}
	}
	{Human "jap.elite2" 0x8085
		{Position 4387.03 853.739 162.96}
		{Turn -92.068}
		{Extender "inventory"
			{box
				{clear}
				{item "ammo mgun" 30 {cell 0 3}}
				{item "ammo mgun" 30 {cell 2 3}}
				{item "ammo mgun" {cell 4 3}}
				{item "type99" filling "ammo mgun" 30 {cell 0 0}}
			}
		}
		{DisableObstacles}
		{Player 1}
		{MID 128}
		{NameId 81 91}
		{LastItem "type99"}
		{FsmState "board"}
	}
	{Human "jap.elite1" 0x8086
		{Position 4360.34 899.334 154}
		{Turn 88.765}
		{DisableObstacles}
		{Player 1}
		{MID 129}
		{NameId 37 35}
		{LastItem "type100"}
		{FsmState "board"}
	}
	{Human "jap.elite1" 0x8087
		{Position 4398.83 896.656 154}
		{Turn 88.184}
		{DisableObstacles}
		{Player 1}
		{MID 130}
		{NameId 3 53}
		{LastItem "type100"}
		{FsmState "board"}
	}
	{Human "jap.elite1" 0x8088
		{Position 4409.82 896.307 154}
		{Turn 88.184}
		{Extender "inventory"
			{box
				{clear}
				{item "ammo pistol" 90 {cell 4 0}}
				{item "knife" {cell 6 0}}
				{item "type100" filling "ammo pistol" 30 {cell 0 0}}
			}
			{armor "body"
				{Item "jap_equip3"}
			}
		}
		{DisableObstacles}
		{Player 1}
		{MID 131}
		{NameId 29 72}
		{LastItem "type100"}
		{FsmState "board"}
	}
	{Human "civilian8" 0x8089
		{Position -1600.93 -413.423 137}
		{Turn -26.3317}
		{Extender "inventory"
			{box
				{clear}
				{item "grenade type23" {cell 7 0}}
				{item "type26" filling "ammo pistol" 6 {cell 0 0}}
			}
			{armor "head"
				{Item "cap2_jap"}
			}
		}
		{Player 1}
		{MID 132}
		{NameId 18 31}
		{FsmState "stand"}
	}
	{Human "civilian9" 0x808a
		{Position -1478.65 -605.736 137}
		{Turn -63.1171}
		{TexMod "2"}
		{Extender "inventory"
			{box
				{clear}
				{item "type26" filling "ammo pistol" 6 {cell 0 0}}
			}
			{armor "head"
				{Item "rw_cap"}
			}
		}
		{Player 1}
		{MID 133}
		{NameId 2 16}
		{FsmState "stand"}
	}
	{Human "civilian9" 0x808b
		{Position -1471.87 -405.626 137}
		{Extender "inventory"
			{box
				{clear}
				{item "knife" {cell 6 0}}
			}
			{armor "head"
				{Item "sugegasa"}
			}
		}
		{Player 1}
		{MID 134}
		{NameId 61 23}
		{FsmState "stand"}
	}
	{Human "civilian11" 0x808c
		{Position -1520.22 -394.986 137}
		{TexMod "2"}
		{Extender "inventory"
			{box
				{clear}
				{item "knife" {cell 6 0}}
			}
			{armor "head"
				{Item "sugegasa"}
			}
		}
		{Player 1}
		{MID 135}
		{NameId 73 83}
		{FsmState "stand"}
	}
	{Human "jap.sailor2" 0x808d
		{Position -2761.79 -530.078 137}
		{Extender "inventory"
			{box
				{clear}
				{item "arisaka" filling "ammo rifle" 5 {cell 0 0}}
				{item "bayonet" {cell 7 0}}
				{item "ammo rifle" 25 {cell 6 0}}
			}
		}
		{Player 1}
		{MID 136}
		{NameId 2 17}
		{FsmState "stand"}
	}
	{Human "jap.sailor3" 0x808e
		{Position -2729.16 -335.429 137}
		{Turn -94.9347}
		{Player 1}
		{MID 137}
		{NameId 61 24}
		{FsmState "stand"}
	}
	{Human "jap.sailor2" 0x808f
		{Position 1808.76 92.4947 137}
		{Turn -90}
		{Extender "inventory"
			{box
				{clear}
				{item "ammo rifle" 25 {cell 4 0}}
				{item "grenade type23" {cell 5 0}}
				{item "bayonet" {cell 6 0}}
			}
		}
		{Player 1}
		{MID 138}
		{Weaponry
			{State
				{Mounted "arisaka"}
				{Weapon
					{Ammo "ammo rifle" 5}
				}
			}
		}
		{NameId 73 84}
		{Cover
			{sector 1808.76 92.4947 {type "snipe_cover"}
				{wall 0 0 1839.79 85.4947 1756.4 85.4947}
			}
		}
		{FsmState "snipe"}
	}
	{Human "jap.sailor2" 0x8090
		{Position 1770.11 101.152 137}
		{Turn -126.1}
		{Extender "inventory"
			{box
				{clear}
				{item "bayonet" {cell 7 0}}
				{item "ammo rifle" 25 {cell 6 0}}
			}
		}
		{Player 1}
		{MID 139}
		{Weaponry
			{State
				{Mounted "arisaka"}
				{Weapon
					{Ammo "ammo rifle" 5}
				}
			}
		}
		{NameId 68 37}
		{FsmState "stand"}
	}
	{Human "jap.sailor2" 0x8091
		{Position 1771.63 130.828 137}
		{Turn -136.458}
		{Extender "inventory"
			{box
				{clear}
				{item "ammo rifle" 25 {cell 4 0}}
				{item "grenade type23" {cell 5 0}}
				{item "bayonet" {cell 6 0}}
			}
		}
		{Player 1}
		{MID 140}
		{Weaponry
			{State
				{Mounted "arisaka"}
				{Weapon
					{Ammo "ammo rifle" 5}
				}
			}
		}
		{NameId 31 55}
		{FsmState "stand"}
	}
	{Human "jap.sailor2" 0x8092
		{Position 1718.88 128.767 137}
		{Turn -84.711}
		{Extender "inventory"
			{box
				{clear}
				{item "bayonet" {cell 7 0}}
				{item "ammo rifle" 25 {cell 6 0}}
			}
		}
		{Player 1}
		{MID 141}
		{Weaponry
			{State
				{Mounted "arisaka"}
				{Weapon
					{Ammo "ammo rifle" 5}
				}
			}
		}
		{NameId 1 49}
		{FsmState "stand"}
	}
	{Human "jap.sailor2" 0x8093
		{Position 1810.41 128.555 137}
		{Turn -30.0198}
		{Extender "inventory"
			{box
				{clear}
				{item "ammo rifle" 25 {cell 4 0}}
				{item "grenade type23" {cell 5 0}}
				{item "bayonet" {cell 6 0}}
			}
		}
		{Player 1}
		{MID 142}
		{Weaponry
			{State
				{Mounted "arisaka"}
				{Weapon
					{Ammo "ammo rifle" 5}
				}
			}
		}
		{NameId 13 91}
		{FsmState "stand"}
	}
	{Human "jap.sailor2" 0x8094
		{Position 1457.72 128.293 137}
		{Turn -95.9719}
		{Extender "inventory"
			{box
				{clear}
				{item "bayonet" {cell 7 0}}
				{item "ammo rifle" 25 {cell 6 0}}
				{item "bandage" {cell 4 0}}
			}
		}
		{Player 1}
		{MID 143}
		{Weaponry
			{State
				{Mounted "arisaka"}
				{Weapon
					{Ammo "ammo rifle" 5}
				}
			}
		}
		{NameId 0 90}
		{FsmState "stand"}
	}
	{Human "jap.sailor2" 0x8095
		{Position 1494.75 130.649 137}
		{Turn -94.3493}
		{Extender "inventory"
			{box
				{clear}
				{item "ammo rifle" 25 {cell 4 0}}
				{item "grenade type23" {cell 5 0}}
				{item "bayonet" {cell 6 0}}
			}
		}
		{Player 1}
		{MID 144}
		{Weaponry
			{State
				{Mounted "arisaka"}
				{Weapon
					{Ammo "ammo rifle" 5}
				}
			}
		}
		{NameId 88 60}
		{FsmState "stand"}
	}
	{Human "jap.sailor2" 0x8096
		{Position 1428.09 134.537 137}
		{Turn -68.6274}
		{Extender "inventory"
			{box
				{clear}
				{item "bayonet" {cell 7 0}}
				{item "ammo rifle" 25 {cell 6 0}}
				{item "bandage" {cell 4 0}}
			}
		}
		{Player 1}
		{MID 145}
		{Weaponry
			{State
				{Mounted "arisaka"}
				{Weapon
					{Ammo "ammo rifle" 5}
				}
			}
		}
		{NameId 66 0}
		{FsmState "stand"}
	}
	{Human "jap.sailor2" 0x8097
		{Position 1434.39 93.8571 137}
		{Turn -90}
		{Extender "inventory"
			{box
				{clear}
				{item "ammo rifle" 25 {cell 4 0}}
				{item "grenade type23" {cell 5 0}}
				{item "bayonet" {cell 6 0}}
			}
		}
		{Player 1}
		{MID 146}
		{Weaponry
			{State
				{Mounted "arisaka"}
				{Weapon
					{Ammo "ammo rifle" 5}
				}
			}
		}
		{NameId 52 53}
		{Cover
			{sector 1434.39 93.8571 {type "snipe_cover"}
				{wall 0 0 1451.47 86.8571 1404.65 86.8571}
			}
		}
		{FsmState "snipe"}
	}
	{Human "jap.sailor2" 0x8098
		{Position 1525.84 131.227 137}
		{Turn -62.346}
		{Extender "inventory"
			{box
				{clear}
				{item "bayonet" {cell 7 0}}
				{item "ammo rifle" 25 {cell 6 0}}
				{item "bandage" {cell 4 0}}
			}
		}
		{Player 1}
		{MID 147}
		{Weaponry
			{State
				{Mounted "arisaka"}
				{Weapon
					{Ammo "ammo rifle" 5}
				}
			}
		}
		{NameId 52 48}
		{FsmState "stand"}
	}
