;MDL File generated by SOEdit
;Model created by: Eger
{Skeleton
	{animation
		{sequence "start"}
		{sequence "stop"}
		{sequence "fire"}
		{sequence "hit" {speed 0.5}}
		{sequence "repair" {speed 0.8}}
	}
	{bone "Basis"
		{Orientation
			1.0000	0.0000	0.0000
			0.0000	-1.0000	0.0000
			0.0000	0.0000	1.0000
		}
		{bone "emit3"
			{Matrix34
				0.0000	-1.0000	-0.0000
				1.0000	0.0000	-0.0000
				0.0000	-0.0000	1.0000
				-27.0438	53.5640	0.2856
			}
		}
		{bone "emit4"
			{Matrix34
				-0.0000	-1.0000	-0.0000
				1.0000	-0.0000	-0.0000
				0.0000	-0.0000	1.0000
				-51.0815	53.5640	0.2856
			}
		}
		{bone "emit6"
			{Matrix34
				0.0000	1.0000	-0.0000
				-1.0000	0.0000	-0.0000
				-0.0000	0.0000	1.0000
				-25.1804	-53.5919	0.2856
			}
		}
		{bone "emit5"
			{Matrix34
				0.0000	1.0000	-0.0000
				-1.0000	0.0000	-0.0000
				-0.0000	0.0000	1.0000
				-48.4596	-53.5919	0.2856
			}
		}
		{bone "emit2"
			{Matrix34
				0.0000	1.0000	-0.0000
				-1.0000	0.0000	-0.0000
				-0.0000	0.0000	1.0000
				53.6587	-42.1122	0.2856
			}
		}
		{bone "emit1"
			{Matrix34
				0.0000	-1.0000	-0.0000
				1.0000	0.0000	-0.0000
				0.0000	-0.0000	1.0000
				52.6201	42.2052	0.2856
			}
		}
		{bone "Body"
			{parameters "ID=body;"}
			{animation
				{sequence "repair" {file "body_r.anm"} {speed 0.6}}
			}
			{Matrix34
				-1.0000	0.0000	0.0000
				-0.0000	-1.0000	0.0000
				0.0000	0.0000	1.0000
				-4.5329	0.3068	7.7553
			}
			{VolumeView "Body.ply"}
			{bone revolute "WheelsL1"
				{parameters "ID=trackleft;"}
				{Matrix34
					-1.0000	-0.0000	0.0000
					-0.0000	0.0000	-1.0000
					0.0000	-1.0000	-0.0000
					-57.1898	-21.7857	8.0229
				}
				{VolumeView "WheelsL1.ply"}
			}
			{bone revolute "WheelsL2"
				{parameters "ID=trackleft;"}
				{Matrix34
					-1.0000	-0.0000	0.0000
					-0.0000	0.0000	-1.0000
					0.0000	-1.0000	-0.0000
					61.3091	-23.7136	7.8524
				}
				{VolumeView "WheelsL2.ply"}
			}
			{bone revolute "WheelsR1"
				{parameters "ID=trackright;"}
				{Matrix34
					-1.0000	-0.0000	0.0000
					0.0000	-0.0000	-1.0000
					-0.0000	1.0000	-0.0000
					-56.8921	23.1755	8.2498
				}
				{VolumeView "WheelsR1.ply"}
			}
			{bone revolute "WheelsR2"
				{parameters "ID=trackright;"}
				{Matrix34
					-1.0000	-0.0000	0.0000
					0.0000	-0.0000	-1.0000
					-0.0000	1.0000	-0.0000
					61.0571	22.3372	8.1108
				}
				{VolumeView "WheelsR2.ply"}
			}
			{bone "cover"
				{parameters "ID=turret;"}
				{Matrix34
					-1.0000	0.0003	-0.0090
					-0.0004	-1.0000	0.0018
					-0.0089	0.0018	1.0000
					-31.4230	14.5260	42.2179
				}
				{VolumeView "cover.ply"}
			}
			{bone "FXfire1"
				{Matrix34
					0.0000	0.0000	1.0000
					0.0000	-1.0000	0.0000
					1.0000	0.0000	-0.0000
					33.2583	0.2634	24.4043
				}
			}
			{bone "FXshot"
				{Matrix34
					0.0000	0.0000	1.0000
					0.0000	-1.0000	0.0000
					1.0000	0.0000	-0.0000
					19.9823	0.2634	6.4268
				}
			}
			{bone "FXsmoke1"
				{Matrix34
					0.6336	-0.6691	0.3883
					-0.5705	-0.7431	-0.3496
					0.5225	-0.0000	-0.8526
					50.8514	-16.4102	25.5925
				}
			}
			{bone "FXsmoke2"
				{Matrix34
					0.7069	0.5592	0.4332
					0.4768	-0.8290	0.2922
					0.5225	-0.0000	-0.8526
					50.8514	17.4496	25.5925
				}
			}
			{bone "seat01"
				{Matrix34
					-0.4473	-0.8627	0.2359
					0.8760	-0.4758	-0.0792
					0.1805	0.1713	0.9685
					23.0807	-28.5291	20.1039
				}
			}
			{bone "seat03"
				{Matrix34
					0.2112	0.9259	0.3131
					-0.9702	0.2374	-0.0477
					-0.1185	-0.2937	0.9485
					44.0253	28.9847	20.7239
				}
			}
			{bone "seat02"
				{Matrix34
					0.8679	-0.4663	0.1710
					0.4924	0.8529	-0.1736
					-0.0649	0.2349	0.9698
					46.3898	-28.5555	19.7919
				}
			}
			{bone "seat04"
				{Matrix34
					-0.4435	0.8615	0.2470
					-0.8925	-0.3995	-0.2093
					-0.0816	-0.3133	0.9461
					19.9147	29.4671	20.1480
				}
			}
			{bone "Visor1"
				{Matrix34
					-1.0000	-0.0000	-0.0000
					0.0000	-1.0000	0.0000
					-0.0000	0.0000	1.0000
					-27.0480	-10.5467	45.3999
				}
			}
			{bone revolute "gun_rot1"
				{parameters "ID=gun_rot;"}
				{limits -11.0000 11.0000}
                                {speed 0.0070}
				{Matrix34
					-1.0000	-0.0000	0.0000
					0.0000	-1.0000	0.0000
					0.0000	0.0000	1.0000
					-56.9837	5.6427	29.0920
				}
                              
				{bone revolute "gun_rot2"
					{parameters "ID=gun_rot;"}
					{animation
						{sequence "repair" {speed 0.7}}
					}
					{limits -8.0000 15.0000}
					{Matrix34
						-1.0000	0.0000	-0.0000
						0.0000	0.0000	-1.0000
						-0.0000	-1.0000	-0.0000
						1.0067	-0.0000	0.6242
					}
					{VolumeView "gun_rot2.ply"}
					{bone "gun"
						{parameters "ID=gun;"}
						{Matrix34
                                          -1.3414 -0.0094 0.0000
                                          -0.0000 0.0006 -1.1104
                                          0.0084 -1.1979 -0.0006
                                          3.2840 -0.7245 -0.4427
						}
						{VolumeView "gun.ply"}
						{bone "foresight1"
							{Matrix34
                                                0.9994 0.0000 -0.0349
                                                0.0000 -1.0000 0.0000
                                                -0.0349 0.0000 -0.9994
                                                63.5784 -0.1994 0.1438
							}
						}
					}
				}
			}
                       {bone revolute "mgun_rot"
					{speed 0.0200}
					{Matrix34
							-1.0000	0.0000	-0.038373
							0.0270	-1.0000	0.0010
							-0.0383	 0.0000	 1.0000
							-24.5833  13.9723  43.6508
						}
					{VolumeView "mgun_rot.ply"}
					{bone revolute "MGun"
						{limits -30.0000 40.0000}
						{speed 0.0200}
						{Matrix34
							0.9659	0.0000	0.2588
							-0.2588	-0.0000	0.9659
							0.0000	-1.0000	-0.0000
							7.7769	0.0920	5.0862
						}
					}
					{bone "gunner"
						{Matrix34
							1.0000	0.0000	-0.0013
							0.0000	1.0000	0.0001
							0.0013	-0.0001	1.0000
							-0.5833	-0.8723	-13.5508
						}
					}
	                                {bone "Visor1"
					{Position 2.7919	6.9081	3.2100}
				        }   
			}
                    
			{bone "engine"
				{Matrix34
					0.0000	0.0000	1.0000
					0.0000	-1.0000	0.0000
					1.0000	0.0000	-0.0000
					33.2583	0.2634	11.4913
				}
			}
		}
		{bone "WheelsL"
			{parameters "ID=trackleft;"}
			{Position 11.3597	19.0439	14.3927}
			{VolumeView "WheelsL.ply"}
			{bone "FXtraceL3"
				{Matrix34
					-0.9286	0.2588	0.2661
					0.2755	-0.0000	0.9613
					0.2488	0.9659	-0.0713
					-76.0467	2.5518	-9.7947
				}
			}
			{bone "FXtraceL2"
				{Matrix34
					-1.0000	0.0000	-0.0000
					-0.0000	-0.0000	1.0000
					0.0000	1.0000	0.0000
					-35.4815	4.6636	-8.7817
				}
			}
			{bone "FXtraceL1"
				{Matrix34
					-1.0000	0.0000	-0.0000
					-0.0000	-0.0000	1.0000
					0.0000	1.0000	0.0000
					19.3719	5.5299	-8.1919
				}
			}
			{bone "TrackL"
				{parameters "ID=trackleft;"}
				{Matrix34
					-1.0000	0.0000	0.0000
					-0.0000	-1.0000	-0.0000
					-0.0000	-0.0000	1.0000
					-18.1264	4.4687	-1.8800
				}
				{VolumeView "TrackL.ply"}
			}
		}
		{bone "WheelsR"
			{parameters "ID=trackright;"}
			{Position -5.1452	-28.5904	14.3873}
			{VolumeView "WheelsR.ply"}
			{bone "FXtraceR1"
				{Matrix34
					-1.0000	0.0000	-0.0000
					-0.0000	-0.0000	1.0000
					0.0000	1.0000	0.0000
					36.5040	4.6210	-8.1865
				}
			}
			{bone "FXtraceR2"
				{Matrix34
					-1.0000	0.0000	-0.0000
					-0.0000	0.0000	1.0000
					0.0000	1.0000	0.0000
					-18.9766	5.8691	-7.3751
				}
			}
			{bone "FXtraceR3"
				{Matrix34
					-0.9286	0.2588	0.2661
					0.2755	0.0000	0.9613
					0.2488	0.9659	-0.0713
					-59.6200	5.5352	-9.7681
				}
			}
			{bone "TrackR"
				{parameters "ID=trackright;"}
				{Matrix34
					-1.0000	0.0000	0.0000
					0.0000	1.0000	-0.0000
					0.0000	0.0000	1.0000
					-1.6215	5.8104	-1.8746
				}
				{VolumeView "TrackR.ply"}
			}
		}
	}
}
{Volume "TrackRight"
	{Box 130.903 12.6049 24.2722}
	{Bone "WheelsR"}
	{Position -1.5689	6.1464	-2.1822}
}
{Volume "TrackLeft"
	{Box 130.903 12.6049 24.2722}
	{Bone "WheelsL"}
	{Position -18.0738	3.8830	-2.1876}
}
{Volume "Engine"
	{Box 37.0323 31.8715 17.4862}
	{Bone "engine"}
	{Matrix34
		-0.0000	0.0000	-1.0000
		-0.0000	1.0000	0.0000
		1.0000	0.0000	-0.0000
		-0.0000	0.0000	-0.0000
	}
}
{Volume "body2"
	{Polyhedron "body2.vol"}
	{Bone "Body"}
	{Position 0.0000	-0.0000	-0.7715}
}
{Volume "gun"
	{Box 55.0434 5.145 3.96946}
	{Bone "gun"}
	{Matrix34
            -1.0000 0.0000 0.0000
            0.0000 -1.0000 0.0000
            0.0000 0.0000 1.0000
            32.1213 -0.3533 -0.0527
	}
}
{Volume "Crew"
	{Box 27.3519 23.725 31.2389}
	{Bone "Body"}
	{Matrix34
		-1.0000	-0.0000	0.0000
		0.0000	-1.0000	-0.0000
		0.0000	-0.0000	1.0000
		-23.2880	0.3008	20.9423
	}
}
{Volume "Inventory"
	{Box 20.7891 31.8715 17.4862}
	{Bone "Body"}
	{Matrix34
		-1.0000	-0.0000	0.0000
		0.0000	-1.0000	-0.0000
		0.0000	-0.0000	1.0000
		3.4351	0.3008	13.7885
	}
}
{Volume "Body"
	{Polyhedron "Body.vol"}
	{Bone "Body"}
	{Matrix34
		-1.0000	-0.0000	0.0000
		0.0000	-1.0000	-0.0000
		0.0000	-0.0000	1.0000
		2.5193	0.3008	11.6247
	}
}
{Volume "Body1"
	{Polyhedron "Body1.vol"}
	{Bone "Body"}
	{Matrix34
		-1.0000	-0.0000	0.0000
		0.0000	-1.0000	-0.0000
		0.0000	-0.0000	1.0000
		0.1058	0.3008	-0.2863
	}
}
