;Exported by: shevchenko
;Date:        Wed Mar 03 15:52:31 2004
;File:        D:\-Projects-\-3DWork-\sheva\SK\store_1_2_4_x.max
{Skeleton
	{animation
		{sequence "crush" {speed 0.4}}
	}
	{bone "store2"
		{parameters "CommonMesh;"}
		{Orientation
			1.0000	0.0000	0.0000
			0.0000	-1.0000	0.0000
			0.0000	0.0000	1.0000
		}
		{VolumeView "store2.ply"}
		{bone "FX_dust1"
			{Matrix34
				0.0000	0.0000	1.0000
				0.0000	1.0000	0.0000
				-1.0000	0.0000	0.0000
				91.1892	-69.1915	26.0324
			}
		}
		{bone "FX_dust1a"
			{Matrix34
				0.0000	0.0000	1.0000
				0.0000	1.0000	0.0000
				-1.0000	0.0000	0.0000
				-40.5215	-27.4789	8.3296
			}
		}
		{bone "FX_dust1b"
			{Matrix34
				0.0000	0.0000	1.0000
				0.0000	1.0000	0.0000
				-1.0000	0.0000	0.0000
				69.5443	40.9142	26.0324
			}
		}
		{bone "FX_stone1"
			{Matrix34
				0.0000	0.0000	1.0000
				0.0000	1.0000	0.0000
				-1.0000	0.0000	0.0000
				-48.5314	-76.7089	73.4513
			}
		}
		{bone "FX_stone1a"
			{Matrix34
				0.0000	0.0000	1.0000
				0.0000	1.0000	0.0000
				-1.0000	0.0000	0.0000
				-47.6339	18.5528	69.7300
			}
		}
		{bone "FX_stone1b"
			{Matrix34
				0.0000	0.0000	1.0000
				0.0000	1.0000	0.0000
				-1.0000	0.0000	0.0000
				-47.7349	-86.3230	24.0454
			}
		}
		{bone "FX_wood1"
			{Matrix34
				0.0000	0.0000	1.0000
				0.0000	1.0000	0.0000
				-1.0000	0.0000	0.0000
				88.3483	-41.2416	95.6962
			}
		}
		{bone "FX_wood1a"
			{Matrix34
				0.0000	0.0000	1.0000
				0.0000	1.0000	0.0000
				-1.0000	0.0000	0.0000
				-15.4911	-43.7121	98.2439
			}
		}
		{bone "FX_wood1b"
			{Matrix34
				0.0000	0.0000	1.0000
				0.0000	1.0000	0.0000
				-1.0000	0.0000	0.0000
				-14.9033	-11.2456	98.2439
			}
		}
		{bone "FX_wood2"
			{Matrix34
				0.0000	0.0000	1.0000
				0.0000	1.0000	0.0000
				-1.0000	0.0000	0.0000
				40.4492	-27.4789	86.5170
			}
		}
		{bone "piece0"
			{Matrix34
				1.0000	0.0000	0.0000
				0.0000	-0.0000	1.0000
				0.0000	-1.0000	-0.0000
				-36.9631	-93.4870	58.8631
			}
			{VolumeView "piece0.ply"}
		}
		{bone "piece1"
			{Matrix34
				1.0000	0.0000	0.0000
				0.0000	-0.0000	1.0000
				0.0000	-1.0000	-0.0000
				89.5205	-93.4870	18.4161
			}
		}
		{bone "piece2"
			{Matrix34
				1.0000	0.0000	0.0000
				0.0000	-0.0000	1.0000
				0.0000	-1.0000	-0.0000
				89.6744	-93.4870	61.1757
			}
			{bone "sub_piece2"
				{Position -6.1689	-15.2543	-0.0000}
			}
		}
		{bone "piece3"
			{Matrix34
				1.0000	0.0000	0.0000
				0.0000	-0.0000	1.0000
				0.0000	-1.0000	-0.0000
				45.5258	-93.4870	71.0382
			}
		}
		{bone "piece4"
			{Matrix34
				1.0000	0.0000	0.0000
				0.0000	-0.0000	1.0000
				0.0000	-1.0000	-0.0000
				-3.8866	-93.4870	70.7723
			}
		}
		{bone "piece5"
			{Matrix34
				1.0000	0.0000	0.0000
				0.0000	-0.0000	1.0000
				0.0000	-1.0000	-0.0000
				-26.9224	-93.4870	25.6682
			}
		}
		{bone "piece6"
			{Matrix34
				1.0000	0.0000	0.0000
				0.0000	-0.0000	1.0000
				0.0000	-1.0000	-0.0000
				81.7483	39.6857	21.5992
			}
			{VolumeView "piece6.ply"}
		}
		{bone "piece7"
			{Matrix34
				1.0000	0.0000	0.0000
				0.0000	-0.0000	1.0000
				0.0000	-1.0000	-0.0000
				96.2659	39.6857	59.6880
			}
			{VolumeView "piece7.ply"}
			{bone "sub_piece7"
				{Position -5.4681	-15.0847	0.0000}
				{VolumeView "sub_piece7.ply"}
			}
		}
		{bone "piece8"
			{Matrix34
				1.0000	0.0000	0.0000
				0.0000	-0.0000	1.0000
				0.0000	-1.0000	-0.0000
				49.1835	39.6857	28.1776
			}
			{VolumeView "piece8.ply"}
		}
		{bone "piece9"
			{Matrix34
				1.0000	0.0000	0.0000
				0.0000	-0.0000	1.0000
				0.0000	-1.0000	-0.0000
				14.8431	39.6857	71.7605
			}
			{VolumeView "piece9.ply"}
		}
		{bone "piece10"
			{Matrix34
				1.0000	0.0000	0.0000
				0.0000	-0.0000	1.0000
				0.0000	-1.0000	-0.0000
				-36.3243	39.6857	66.6119
			}
			{VolumeView "piece10.ply"}
		}
		{bone "piece11"
			{Matrix34
				1.0000	0.0000	0.0000
				0.0000	-0.0000	1.0000
				0.0000	-1.0000	-0.0000
				-37.1604	39.6857	39.2988
			}
			{VolumeView "piece11.ply"}
		}
		{bone "piece12"
			{Matrix34
				-0.0000	-1.0000	0.0000
				-0.0000	0.0000	1.0000
				-1.0000	0.0000	-0.0000
				-47.1594	13.7887	20.9425
			}
			{VolumeView "piece12.ply"}
		}
		{bone "piece13"
			{Matrix34
				-0.0000	-1.0000	0.0000
				-0.0000	0.0000	1.0000
				-1.0000	0.0000	-0.0000
				-47.1594	-25.5903	75.7874
			}
			{VolumeView "piece13.ply"}
		}
		{bone "piece14"
			{Matrix34
				0.0000	0.9456	-0.3254
				0.0000	0.3254	0.9456
				1.0000	-0.0000	-0.0000
				-47.1860	-52.4310	24.0575
			}
			{VolumeView "piece14.ply"}
			{bone "sub_piece14"
				{Position -25.3599	15.4329	-0.0000}
				{VolumeView "sub_piece14.ply"}
			}
		}
		{bone "exterior"
			{Position 51.7089	-27.1061	94.2323}
		}
	}
}
{Area "interior"
	{Obb2
		{Center 32.7019 27.0876}
		{Extent 79.6823 64.4564}
		{Axis -1 0}
	}
	{Rotate}
}
{Volume "sub_piece14"
	{Box 19.6159 5.90552 12.611}
	{Bone "sub_piece14"}
	{Matrix34
		-0.8283	0.5603	-0.0000
		0.0000	0.0000	1.0000
		0.5603	0.8283	-0.0000
		-0.3414	-0.6042	0.0265
	}
}
{Volume "piece14"
	{Box 34.3278 5.90552 16.7772}
	{Bone "piece14"}
	{Matrix34
		-0.8458	0.5335	0.0000
		-0.0000	-0.0000	1.0000
		0.5335	0.8458	0.0000
		-1.4550	-1.5713	0.0266
	}
}
{Volume "piece13"
	{Box 34.666 5.90552 21.0559}
	{Bone "piece13"}
	{Matrix34
		-1.0000	-0.0000	0.0000
		-0.0000	0.0000	1.0000
		-0.0000	1.0000	-0.0000
		0.2800	0.8638	0.0265
	}
}
{Volume "piece12"
	{Box 28.2401 5.90552 18.4661}
	{Bone "piece12"}
	{Matrix34
		-0.9821	0.1885	-0.0000
		0.0000	0.0000	1.0000
		0.1885	0.9821	-0.0000
		0.0163	1.0539	0.0266
	}
}
{Volume "piece11"
	{Box 12.5136 5.90552 26.6858}
	{Bone "piece11"}
	{Matrix34
		0.9484	0.3172	0.0000
		0.0000	-0.0000	-1.0000
		-0.3172	0.9484	-0.0000
		-1.4756	-0.0924	-0.0207
	}
}
{Volume "piece10"
	{Box 16.9102 5.90552 11.2598}
	{Bone "piece10"}
	{Matrix34
		1.0000	0.0000	0.0000
		0.0000	-0.0000	-1.0000
		0.0000	1.0000	-0.0000
		-0.5486	0.8828	-0.0207
	}
}
{Volume "piece9"
	{Box 21.7827 5.90552 11.0236}
	{Bone "piece9"}
	{Matrix34
		1.0000	0.0000	0.0000
		0.0000	-0.0000	-1.0000
		0.0000	1.0000	-0.0000
		-0.5331	-0.7436	-0.0207
	}
}
{Volume "piece8"
	{Box 14.3307 5.90552 22.5197}
	{Bone "piece8"}
	{Matrix34
		0.7083	0.7059	-0.0000
		0.0000	-0.0000	-1.0000
		-0.7059	0.7083	-0.0000
		0.3455	-1.5820	-0.0207
	}
}
{Volume "sub_piece7"
	{Box 14.3307 5.90552 11.8898}
	{Bone "sub_piece7"}
	{Matrix34
		0.9470	-0.3213	-0.0000
		-0.0000	-0.0000	-1.0000
		0.3213	0.9470	-0.0000
		-0.1292	-0.7787	-0.0207
	}
}
{Volume "piece7"
	{Box 18.0567 5.90552 21.9685}
	{Bone "piece7"}
	{Matrix34
		0.9439	-0.3303	-0.0000
		-0.0000	-0.0000	-1.0000
		0.3303	0.9439	-0.0000
		0.0510	0.1944	-0.0207
	}
}
{Volume "piece6"
	{Box 13.041 5.90552 12.0472}
	{Bone "piece6"}
	{Matrix34
		0.9848	0.1736	0.0000
		0.0000	-0.0000	-1.0000
		-0.1736	0.9848	-0.0000
		0.4519	0.3260	-0.0207
	}
}
{Volume "piece5"
	{Box 12.5136 5.90552 26.6858}
	{Bone "piece5"}
	{Matrix34
		0.9484	0.3172	0.0000
		0.0000	-0.0000	-1.0000
		-0.3172	0.9484	-0.0000
		-1.4686	-0.4446	-0.0008
	}
}
{Volume "piece4"
	{Box 16.9102 5.90552 11.2598}
	{Bone "piece4"}
	{Matrix34
		1.0000	0.0000	0.0000
		0.0000	-0.0000	-1.0000
		0.0000	1.0000	-0.0000
		-0.8200	0.8829	-0.0008
	}
}
{Volume "piece3"
	{Box 21.7827 5.90552 11.0236}
	{Bone "piece3"}
	{Matrix34
		1.0000	0.0000	0.0000
		0.0000	-0.0000	-1.0000
		0.0000	1.0000	-0.0000
		-0.5084	-0.3294	-0.0008
	}
}
{Volume "sub_piece2"
	{Box 14.3307 5.90552 11.8898}
	{Bone "sub_piece2"}
	{Matrix34
		0.9470	-0.3213	-0.0000
		-0.0000	-0.0000	-1.0000
		0.3213	0.9470	-0.0000
		0.2731	-0.6527	-0.0008
	}
}
{Volume "piece2"
	{Box 18.0567 5.90552 21.9685}
	{Bone "piece2"}
	{Matrix34
		0.9439	-0.3303	-0.0000
		-0.0000	-0.0000	-1.0000
		0.3303	0.9439	-0.0000
		-0.2475	0.1508	-0.0008
	}
}
{Volume "piece1"
	{Box 14.3307 5.90552 22.5197}
	{Bone "piece1"}
	{Matrix34
		0.7083	0.7059	-0.0000
		0.0000	-0.0000	-1.0000
		-0.7059	0.7083	-0.0000
		0.0974	-1.2437	-0.0008
	}
}
{Volume "piece0"
	{Box 13.041 5.90552 12.0472}
	{Bone "piece0"}
	{Matrix34
		0.9848	0.1736	0.0000
		0.0000	-0.0000	-1.0000
		-0.1736	0.9848	-0.0000
		0.8914	-0.0440	-0.0008
	}
}
