;Exported by: garry
;Date:        Wed Jan 28 12:34:48 2004
;File:        D:\-Projects-\-3DWork-\Model\tanks\Pz-6\Tiger_H1_xx.max
{Skeleton
	{animation
		{sequence "default" {resume}}
	}
	{bone "Basis"
		{Orientation
			1.0000	0.0000	0.0000
			0.0000	-1.0000	0.0000
			0.0000	0.0000	1.0000
		}
		{bone "Body"
			{parameters "ID=body;"}
			{Matrix34
				-1.0000	0.0000	0.0000
				-0.0000	-1.0000	0.0011
				0.0000	0.0011	1.0000
				-2.8741	0.3608	22.3624
			}
			{VolumeView "Body.ply"}
			{bone "track_deform_L"
				{parameters "ID=trackleft;"}
				{Matrix34
					-1.0000	-0.0000	0.0000
					0.0000	-1.0000	-0.0000
					0.0000	0.0000	1.0000
					-2.1373	-27.8863	-12.5533
				}
				{bone revolute "WheelL1"
					{parameters "ID=trackright;"}
					{Matrix34
						1.0000	-0.0000	-0.0000
						0.0000	-0.0000	1.0000
						-0.0000	-1.0000	-0.0000
						50.4857	-6.2521	2.2147
					}
					{VolumeView "WheelL1.ply"}
				}
			}
			{bone "track_deform_R"
				{parameters "ID=trackright;"}
				{Matrix34
					-1.0000	-0.0000	0.0000
					0.0000	-1.0000	-0.0000
					0.0000	0.0000	1.0000
					-2.1373	28.1991	-12.5533
				}
				{bone revolute "WheelR2"
					{parameters "ID=trackright;"}
					{Matrix34
						1.0000	-0.0000	0.0000
						0.0000	0.0000	1.0000
						0.0000	1.0000	-0.0000
						-48.8228	7.8486	0.0420
					}
					{VolumeView "WheelR2.ply"}
				}
				{bone revolute "WheelR1"
					{parameters "ID=trackright;"}
					{Matrix34
						1.0000	-0.0000	0.0000
						0.0000	0.0000	1.0000
						0.0000	1.0000	-0.0000
						50.4833	7.3577	2.2267
					}
					{VolumeView "WheelR1.ply"}
				}
			}
			{bone revolute "Turret"
				{parameters "ID=turret;"}
				{Position -0.8886	-0.2015	11.6102}
				{VolumeView "Turret.ply"}
				{bone revolute "gun_rot"
					{parameters "ID=gun;"}
					{Matrix34
						1.0000	0.0000	-0.0000
						-0.0000	-0.0872	-0.9962
						0.0000	0.9962	-0.0872
						-24.0279	0.5160	7.5516
					}
					{VolumeView "gun_rot.ply"}
					{bone "gun"
						{parameters "ID=gun;"}
						{Matrix34
							1.0000	-0.0000	0.0000
							0.0000	-0.0872	0.9962
							0.0000	-0.9962	-0.0872
							-21.4462	-0.1183	0.7180
						}
						{VolumeView "gun.ply"}
					}
				}
			}
			{bone "part1"
				{Matrix34
					0.9641	-0.0003	-0.2655
					0.0003	1.0000	-0.0000
					0.2655	-0.0000	0.9641
					57.2435	-7.2603	-3.5716
				}
				{VolumeView "part1.ply"}
			}
			{bone "part2"
				{Matrix34
					1.0000	0.0000	-0.0000
					-0.0000	0.8999	-0.4361
					0.0000	0.4361	0.8999
					47.0255	-20.8535	4.2506
				}
				{VolumeView "part2.ply"}
			}
			{bone "part4"
				{Matrix34
					0.9837	-0.1703	0.0581
					0.1712	0.9852	-0.0122
					-0.0551	0.0220	0.9982
					-41.0434	-0.0076	5.5679
				}
				{VolumeView "part4.ply"}
			}
			{bone revolute "part5"
				{Matrix34
					-1.0000	-0.0000	-0.0000
					0.0000	0.0000	1.0000
					-0.0000	1.0000	-0.0000
					46.6828	-20.8974	-12.5246
				}
				{VolumeView "part5.ply"}
			}
			{bone "part3"
				{Position -0.0000	-0.0000	-0.0000}
				{VolumeView "part3.ply"}
			}
			{bone "engine"
				{parameters "ID=engine;"}
				{Matrix34
					0.0000	0.0012	1.0000
					0.0012	-1.0000	0.0012
					1.0000	0.0012	-0.0000
					42.3596	-1.7596	5.7967
				}
				{VolumeView "engine.ply"}
			}
		}
		{bone "WheelsL"
			{parameters "ID=trackleft;"}
			{Matrix34
				1.0000	0.0000	0.0000
				-0.0000	0.0000	1.0000
				-0.0000	1.0000	-0.0000
				4.3969	28.6380	8.1231
			}
			{VolumeView "WheelsL.ply"}
		}
		{bone "WheelsR"
			{parameters "ID=trackright;"}
			{Matrix34
				1.0000	0.0000	-0.0000
				0.0000	-0.0000	1.0000
				0.0000	-1.0000	-0.0000
				4.3969	-27.8306	8.1231
			}
			{VolumeView "WheelsR.ply"}
		}
	}
}
{Volume "Body1"
	{Polyhedron "Body1.vol"}
	{Bone "Body"}
	{Matrix34
		-1.0000	-0.0000	0.0000
		0.0000	-1.0000	-0.0000
		-0.0000	0.0000	1.0000
		-5.5609	0.1278	-16.0398
	}
}
{Volume "part3"
	{Box 32.3666 63.9814 3.71892}
	{Bone "part3"}
	{Matrix34
		-1.0000	-0.0003	0.0026
		0.0003	-1.0000	0.0010
		0.0026	0.0010	1.0000
		39.4242	0.2722	12.5206
	}
}
{Volume "part5"
	{Cylinder 7.97533 5.33976}
	{Bone "part5"}
	{Matrix34
		1.0000	0.0000	-0.0002
		-0.0000	1.0000	0.0010
		0.0002	-0.0010	1.0000
		0.0004	-0.0019	0.5035
	}
}
{Volume "part4"
	{Box 69.0999 62.6389 7.71204}
	{Bone "part4"}
	{Matrix34
		-0.9998	0.0123	0.0128
		-0.0123	-0.9999	-0.0012
		0.0128	-0.0014	0.9999
		34.5694	0.5211	2.2974
	}
}
{Volume "part2"
	{Box 11.1396 35.7039 6.85515}
	{Bone "part2"}
	{Matrix34
		-0.6883	-0.6840	-0.2414
		0.7161	-0.5876	-0.3769
		0.1160	-0.4323	0.8942
		0.8418	0.5123	5.8848
	}
}
{Volume "part1"
	{Cylinder 4.07232 22.4504}
	{Bone "part1"}
	{Matrix34
		-0.9934	-0.0001	0.1149
		0.0002	-1.0000	0.0010
		0.1149	0.0011	0.9934
		-0.0282	0.1055	0.1801
	}
}
{Volume "Turret"
	{Polyhedron "Turret.vol"}
	{Bone "Turret"}
	{Matrix34
		-1.0000	0.0001	-0.0017
		-0.0001	-1.0000	0.0017
		-0.0017	0.0017	1.0000
		14.9098	0.3457	-1.6938
	}
}
{Volume "gun"
	{Cylinder 3.0953 51.3118}
	{Bone "gun_rot"}
	{Matrix34
		0.0000	0.0860	-0.9963
		-0.0775	-0.9933	-0.0858
		-0.9970	0.0772	0.0067
		-28.3553	1.7283	2.1680
	}
}
