{Skeleton
	{bone "Basis"
		{Orientation
			1.0000	0.0000	0.0000
			0.0000	-1.0000	0.0000
			0.0000	0.0000	1.0000
		}
		{bone "Body"
			{parameters "ID=body;"}
			{Matrix34
				1.0000	0.0000	0.0000
				0.0000	1.0000	0.0000
				0.0000	0.0000	1.0000
				0.3000	0.0000	13.2000
			}
			{VolumeView "Body.ply"}
			{bone revolute "Turret"
				{parameters "ID=turret;"}
				{speed 0.0200}
				{Matrix34
					-0.9991	-0.0278	0.0314
					0.0279	-0.9996	0.0000
					0.0314	0.0008	0.9995
					15.2990	3.8285	21.8000
				}
				{VolumeView "Turret.ply"}
				{bone revolute "Gun_rot"
					{parameters "ID=gun;"}
					{limits -5.0000 15.0000}
					{speed 0.0100}
					{Matrix34
						-0.9976	0.0477	0.0496
						0.0509	0.0259	0.9983
						0.0463	0.9985	-0.0283
						-12.6939	2.0715	5.9106
					}
					{VolumeView "Gun_rot.ply"}
					{bone "Gun"
						{parameters "ID=gun;"}
						{Matrix34
							-0.0055	0.0163	-0.9998
							0.0813	0.9965	0.0158
							0.9967	-0.0811	-0.0068
							6.3363	-1.0795	3.3589
						}
						{VolumeView "Gun.ply"}
					}
				}
			}
			{bone "engine"
				{Matrix34
					0.0000	0.0000	1.0000
					0.0000	1.0000	0.0000
					-1.0000	0.0000	0.0000
					-30.4113	-0.7579	5.6095
				}
			}
		}
		{bone "WheelsL"
			{parameters "ID=trackleft;"}
			{Matrix34
				-1.0000	0.0000	0.0000
				0.0000	0.0000	1.0000
				0.0000	1.0000	0.0000
				-3.4234	-6.7468	11.5842
			}
			{bone "TrackL"
				{parameters "ID=trackleft;"}
				{Matrix34
					1.0000	0.0000	0.0000
					0.0000	1.0000	0.0000
					0.0000	0.0000	1.0000
					3.6436	-0.3528	26.7058
				}
			}
		}
		{bone "WheelsR"
			{parameters "ID=trackright;"}
			{Matrix34
				-1.0000	0.0000	0.0000
				0.0000	0.0000	1.0000
				0.0000	1.0000	0.0000
				-3.4234	-43.7468	11.5842
			}
			{bone "TrackR"
				{parameters "ID=trackright;"}
				{Matrix34
					1.0000	0.0000	0.0000
					0.0000	1.0000	0.0000
					0.0000	0.0000	1.0000
					2.7418	-0.7562	29.5344
				}
			}
		}
	}
}
