;Exported by: garry
;Date:        Wed Nov 19 15:34:27 2003
;File:        D:\-Projects-\-3DWork-\Model\tanks\StuGIII\StuG3B_x.max
{Skeleton
	{bone "Basis"
		{Orientation
			1.0000	0.0000	0.0000
			0.0000	-1.0000	0.0000
			0.0000	0.0000	1.0000
		}
		{bone "Body"
			{parameters "CommonMesh;ID=body;"}
			{Position 1.3827	-1.0005	19.8671}
			{VolumeView "Body.ply"}
			{bone revolute "Gun_rot"
				{Matrix34
					1.0000	0.0000	-0.0000
					0.0000	0.0000	1.0000
					0.0000	-1.0000	0.0000
					15.6939	-1.3492	11.4744
				}
				{VolumeView "Gun_rot.ply"}
				{bone "Gun"
					{Matrix34
						1.0000	0.0000	-0.0000
						-0.0000	0.0000	-1.0000
						-0.0000	1.0000	0.0000
						30.6482	0.3845	0.2783
					}
					{VolumeView "Gun.ply"}
				}
			}
			{bone "Cower1"
				{parameters "ID=body;"}
				{Matrix34
					1.0000	-0.0000	-0.0000
					0.0000	0.9892	0.1463
					0.0000	-0.1463	0.9892
					-0.0008	-12.3227	17.3149
				}
				{VolumeView "Cover1.ply"}
			}
			{bone revolute "WheelL1"
				{parameters "ID=trackleft;"}
				{Matrix34
                    0.0000 0.0000 1.0000
                    1.0000 0.0000 0.0000
                    0.0000 1.0000 0.0000
                    41.8574 22.7906 -4.9479
				}
				{VolumeView "WheelL1.ply"}
			}
			{bone revolute "WheelL2"
				{parameters "ID=trackleft;"}
				{Matrix34
                    0.0000 0.0000 1.0000
                    1.0000 0.0000 0.0000
                    0.0000 1.0000 0.0000
                    -43.7190 24.4906 -4.2977
				}
				{VolumeView "WheelL2.ply"}
			}

			{bone revolute "WheelR1"
				{parameters "ID=trackright;"}
				{Matrix34
                    0.0000 0.0000 1.0000
                    1.0000 0.0000 0.0000
                    0.0000 -1.0000 0.0000
                    41.8574 -22.3770 -4.3479
				}
				{VolumeView "WheelR1.ply"}
			}
			{bone revolute "WheelR2"
				{parameters "ID=trackright;"}
				{Matrix34
                    0.0000 0.0000 1.0000
                    1.0000 0.0000 0.0000
                    0.0000 -1.0000 0.0000
                    -43.5190 -21.3770 -5.6977
				}
				{VolumeView "WheelR2.ply"}
			}
		}
		{bone "WheelsR"
			{parameters "ID=trackright;"}
			{Matrix34
                -1.0000 0.0000 0.0000
                0.0000 0.0000 1.0000
                0.0000 -1.0000 0.0000
                3.6125 -24.9775 10.4531
			}
			{VolumeView "WheelsR.ply"}

            {bone revolute "wheelr3"
                {Matrix34
                    0.0175 -0.9998 -0.0105
                    0.9998 0.0175 0.0000
                    0.0002 -0.0105 0.9999
                    -24.7901 -1.1319 -5.9316

                }
                {VolumeView "wheelr3.ply"}
            }
            {bone revolute "wheelr4"
                {Matrix34
                    0.0175 -0.9998 -0.0105
                    0.9998 0.0175 0.0000
                    0.0002 -0.0105 0.9999
                    -6.7458 -1.5626 -5.3359
                }
                {VolumeView "wheelr4.ply"}
            }
            {bone revolute "wheelr5"
                {Matrix34
                    0.0175 -0.9998 -0.0105
                    0.9998 0.0175 0.0000
                    0.0002 -0.0105 0.9999
                    11.8482 -1.8256 -5.3380

                }
                {VolumeView "wheelr5.ply"}
            }
            {bone revolute "wheelr6"
                {Matrix34
                    0.0175 -0.9998 -0.0105
                    0.9998 0.0175 0.0000
                    0.0002 -0.0105 0.9999
                    29.0286 -0.6692 -5.5254

                }
                {VolumeView "wheelr6.ply"}
            }

			{bone "TrackR"
				{parameters "CommonMesh;ID=trackright;"}
				{Matrix34
					1.0000	0.0055	0.0000
					-0.0055	1.0000	-0.0000
					-0.0000	0.0000	1.0000
					3.8306	3.1622	-6.4084
				}
				{VolumeView "TrackR.ply"}
			}
		}
		{bone "WheelsL"
			{parameters "ID=trackleft;"}
			{Matrix34
                -1.0000 0.0000 0.0000
                0.0000 0.0000 1.0000
                0.0000 1.0000 0.0000
                3.6125 20.4901 10.0531
			}
			{VolumeView "Wheelsl.ply"}

            {bone revolute "wheelL3"
                {Matrix34
                    0.0175 -0.9998 -0.0105
                    0.9998 0.0175 0.0000
                    0.0002 -0.0105 0.9999
                    -24.7963 -0.7697 -2.5478

                }
                {VolumeView "wheelL3.ply"}
            }
            {bone revolute "wheelL4"
                {Matrix34
                    0.0175 -0.9998 -0.0105
                    0.9998 0.0175 0.0000
                    0.0002 -0.0105 0.9999
                    -6.7381 -1.9961 -2.1504

                }
                {VolumeView "wheelL4.ply"}
            }
            {bone revolute "wheelL5"
                {Matrix34
                    0.0175 -0.9998 -0.0105
                    0.9998 0.0175 0.0000
                    0.0002 -0.0105 0.9999
                    12.0525 -2.0619 -2.5405

                }
                {VolumeView "wheelL5.ply"}
            }
            {bone revolute "wheelL6"
                {Matrix34
                    0.0175 -0.9998 -0.0105
                    0.9998 0.0175 0.0000
                    0.0002 -0.0105 0.9999
                    29.0291 -0.7007 -2.5357

                }
                {VolumeView "wheelL6.ply"}
            }


			{bone "TrackL"
				{parameters "CommonMesh;ID=trackleft;"}
				{Matrix34
					1.0000	0.0000	0.0000
					0.0000	1.0000	-0.0000
					-0.0000	0.0000	1.0000
					3.8306	3.1622	-3.9916
				}
				{VolumeView "TrackL.ply"}
			}
		}
	}
}
