{Skeleton
	{bone "Basis"
		{Orientation
			1.0000	0.0000	0.0000
			0.0000	-1.0000	0.0000
			0.0000	0.0000	1.0000
		}
		{bone "Body"
			{parameters "ID=body;"}
			{Matrix34
				-1.0000	0.0000	0.0000
				0.0000	0.0000	1.0000
				0.0000	1.0000	0.0000
				0.7046	0.9145	4.2288
			}
			{VolumeView "Body.ply"}
			{bone revolute "turret"
				{parameters "CommonMesh;ID=Turret;"}
				{Matrix34
					-1.0000	0.0000	0.0000
					0.0000	0.0000	1.0000
					0.0000	1.0000	0.0000
					0.0000	5.5463	0.0000
				}
				{VolumeView "turret.ply"}
				{bone revolute "gun_rot"
					{parameters "ID=gun;"}
					{Matrix34
						0.9438	-0.0180	-0.3300
						0.3044	-0.3415	0.8892
						-0.1287	-0.9397	-0.3169
						6.5505	-8.4504	38.5911
					}
					{VolumeView "gun_rot.ply"}
					{bone "part3"
						{Matrix34
							-0.3396	0.3507	0.8727
							0.9355	0.0304	0.3519
							0.0968	0.9360	-0.3384
							75.7855	-3.2908	54.2897
						}
						{VolumeView "part3.ply"}
					}
					{bone "part4"
						{parameters "ID=gun;"}
						{Matrix34
							-0.9902	-0.1090	0.0000
							-0.1105	0.9938	0.0000
							0.0000	0.0000	-0.9961
							0.0000	0.0000	0.0000
						}
						{VolumeView "part4.ply"}
					}
				}
				{bone "part1"
					{Position 9.0080	-0.9817	-1.0000}
					{VolumeView "part1.ply"}
				}
				{bone "part2"
					{Position 4.3361	-56.4782	0.2175}
					{VolumeView "part2.ply"}
				}
			}
		}
		{bone "rail"
			{parameters "CommonMesh;"}
			{Matrix34
				-1.0000	0.0000	0.0000
				0.0000	0.0000	1.0000
				0.0000	1.0000	0.0000
				0.7046	0.9145	4.2288
			}
			{VolumeView "rail.ply"}
		}
	}
}
{Volume "body"
	{Cylinder 30.3602 7.364}
	{Bone "Body"}
	{Matrix34
		-1.0000	0.0000	0.0000
		0.0000	0.0000	1.0000
		0.0000	1.0000	0.0000
		0.0000	-0.0128	0.0000
	}
}
{Volume "turret"
	{Box 210.0040 50.6555 26.9601}
	{Bone "turret"}
	{Position -54.0820	0.0117	16.3273}
}
{Volume "part2"
	{Box 5.42619 5.44744 10.8053}
	{Bone "part2"}
	{Matrix34
		0.5650	0.0000	0.8251
		0.0000	1.0000	0.0000
		-0.8251	0.0000	0.5650
		0.4595	0.0961	0.1468
	}
}
{Volume "part1"
	{Cylinder 15.10514 9.2491}
	{Bone "part1"}
	{Matrix34
		-0.9986	0.0475	-0.0235
		-0.0383	-0.9535	-0.2987
		-0.0366	-0.2974	0.9540
		42.6630	114.7510	1.0672
	}
}
{Volume "part3"
	{Box 13.0040 29.6555 1.6601}
	{Bone "part3"}
	{Matrix34
		0.9448	0.3273	-0.0052
		-0.2916	0.8605	0.4174
		0.1492	-0.3904	0.9086
		0.5641	0.5473	-0.1693
	}
}
{Volume "part4"
	{Cylinder 5.86025 180.475}
	{Bone "part4"}
	{Matrix34
		0.0000	0.0000	1.0000
		0.0000	1.0000	0.0000
		-1.0000	0.0000	0.0000
		-17.9691	-18.2672	-2.8000
	}
}