;Exported by: shevchenko
;Date:        Mon Apr 19 11:41:37 2004
;File:        D:\-Projects-\-3DWork-\sheva\wall3a_x1_next_x.max
{Skeleton
	{animation
		{sequence "crush" {speed 0.8}}
	}
	{bone "house_euro1_corner4_x"
		{parameters "CommonMesh;"}
		{Orientation
			1.0000	0.0000	0.0000
			0.0000	-1.0000	0.0000
			0.0000	0.0000	1.0000
		}
		{VolumeView "house_euro1_corner4_x.ply"}
		{bone "piece8"
			{Matrix34
				1.0000	0.0000	0.0000
				0.0000	-0.0000	1.0000
				0.0000	-1.0000	-0.0000
				15.6519	48.3443	10.8755
			}
			{VolumeView "piece8.ply"}
		}
		{bone "piece4"
			{Matrix34
				-0.0000	-1.0000	0.0000
				-0.0000	0.0000	1.0000
				-1.0000	0.0000	-0.0000
				45.7834	27.6965	14.8767
			}
			{VolumeView "piece4.ply"}
		}
		{bone "piece5"
			{Matrix34
				1.0000	0.0000	0.0000
				0.0000	-0.0000	1.0000
				0.0000	-1.0000	-0.0000
				-12.2183	48.3443	112.6539
			}
			{VolumeView "piece5.ply"}
		}
		{bone "sub_piece5"
			{Matrix34
				1.0000	0.0000	0.0000
				0.0000	-0.0000	1.0000
				0.0000	-1.0000	-0.0000
				16.3543	48.3443	112.3343
			}
			{VolumeView "sub_piece5.ply"}
		}
		{bone "sub_piece6"
			{Matrix34
				1.0000	0.0000	0.0000
				0.0000	-0.0000	1.0000
				0.0000	-1.0000	-0.0000
				-3.2017	48.3443	90.0862
			}
			{VolumeView "sub_piece6.ply"}
		}
		{bone "piece6"
			{Matrix34
				1.0000	0.0000	0.0000
				0.0000	-0.0000	1.0000
				0.0000	-1.0000	-0.0000
				23.1608	48.3443	72.7107
			}
			{VolumeView "piece6.ply"}
		}
		{bone "sub_piece7"
			{Matrix34
				1.0000	0.0000	0.0000
				0.0000	-0.0000	1.0000
				0.0000	-1.0000	-0.0000
				-22.0346	48.3443	66.8313
			}
			{VolumeView "sub_piece7.ply"}
		}
		{bone "piece7"
			{Matrix34
				1.0000	0.0000	0.0000
				0.0000	-0.0000	1.0000
				0.0000	-1.0000	-0.0000
				-33.3846	48.3443	36.4103
			}
			{VolumeView "piece7.ply"}
		}
		{bone "sub_piece8"
			{Matrix34
				1.0000	0.0000	0.0000
				0.0000	-0.0000	1.0000
				0.0000	-1.0000	-0.0000
				-2.0702	48.3443	48.1442
			}
			{VolumeView "sub_piece8.ply"}
		}
		{bone "sub_piece9"
			{Matrix34
				1.0000	0.0000	0.0000
				0.0000	-0.0000	1.0000
				0.0000	-1.0000	-0.0000
				25.6165	48.3443	33.5745
			}
			{VolumeView "sub_piece9.ply"}
		}
		{bone "sub_piece2"
			{Matrix34
				-0.0000	-1.0000	0.0000
				-0.0000	0.0000	1.0000
				-1.0000	0.0000	-0.0000
				17.8501	-7.1165	23.5074
			}
			{VolumeView "sub_piece2.ply"}
		}
		{bone "sub_piece0"
			{Matrix34
				-0.0000	-1.0000	0.0000
				-0.0000	0.0000	1.0000
				-1.0000	0.0000	-0.0000
				45.7834	6.1124	90.3505
			}
			{VolumeView "sub_piece0.ply"}
		}
		{bone "piece1"
			{Matrix34
				-0.0000	-1.0000	0.0000
				-0.0000	0.0000	1.0000
				-1.0000	0.0000	-0.0000
				45.7834	38.0887	84.0871
			}
			{VolumeView "piece1.ply"}
		}
		{bone "piece2"
			{Matrix34
				-0.0000	-1.0000	0.0000
				-0.0000	0.0000	1.0000
				-1.0000	0.0000	-0.0000
				45.7834	0.2098	51.9119
			}
			{VolumeView "piece2.ply"}
		}
		{bone "sub_piece1"
			{Matrix34
				-0.0000	-1.0000	0.0000
				-0.0000	0.0000	1.0000
				-1.0000	0.0000	-0.0000
				45.7834	32.3687	47.4647
			}
			{VolumeView "sub_piece1.ply"}
		}
		{bone "sub_piece4"
			{Matrix34
				-0.0000	-1.0000	0.0000
				-0.0000	0.0000	1.0000
				-1.0000	0.0000	-0.0000
				45.7834	-7.1165	9.6002
			}
			{VolumeView "sub_piece4.ply"}
		}
		{bone "piece3"
			{Position 26.2930	11.9085	50.8897}
			{VolumeView "piece3.ply"}
		}
		{bone "sub_piece3"
			{Matrix34
				-0.0000	-1.0000	0.0000
				-0.0000	0.0000	1.0000
				-1.0000	0.0000	-0.0000
				30.9203	-27.0709	10.8472
			}
			{VolumeView "sub_piece3.ply"}
		}
		{bone "piece0"
			{Matrix34
				-0.0000	-1.0000	0.0000
				-0.0000	0.0000	1.0000
				-1.0000	0.0000	-0.0000
				45.7834	-0.7380	118.8624
			}
			{VolumeView "piece0.ply"}
		}
	}
}
{Volume "piece0"
	{Box 9.84252 21.9063 24.644}
	{Bone "piece0"}
	{Matrix34
		0.0000	0.0000	-1.0000
		-0.8983	-0.4394	-0.0000
		-0.4394	0.8983	0.0000
		0.6528	4.1304	-0.1283
	}
}
{Volume "sub_piece3"
	{Box 9.84252 8.76253 11.925}
	{Bone "sub_piece3"}
	{Matrix34
		0.0000	0.0000	-1.0000
		-0.7468	0.6650	-0.0000
		0.6650	0.7468	0.0000
		0.9106	-0.0625	-0.0487
	}
}
{Volume "piece3"
	{Box 28.7402 32.3337 7.23673}
	{Bone "piece3"}
	{Matrix34
		1.0000	0.0000	0.0000
		0.0000	0.8268	0.5625
		0.0000	-0.5625	0.8268
		-0.2736	-2.3870	-1.2300
	}
}
{Volume "sub_piece4"
	{Box 9.84252 11.1523 9.19261}
	{Bone "sub_piece4"}
	{Matrix34
		0.0000	0.0000	-1.0000
		-0.9913	0.1319	-0.0000
		0.1319	0.9913	0.0000
		-0.3888	0.2056	-0.1283
	}
}
{Volume "sub_piece1"
	{Box 9.84252 9.16083 12.8501}
	{Bone "sub_piece1"}
	{Matrix34
		0.0000	0.0000	-1.0000
		-0.7295	0.6839	-0.0000
		0.6839	0.7295	0.0000
		0.8569	0.1854	-0.1283
	}
}
{Volume "piece2"
	{Box 9.84252 24.8179 26.371}
	{Bone "piece2"}
	{Matrix34
		0.0000	0.0000	-1.0000
		-0.8666	0.4990	-0.0000
		0.4990	0.8666	0.0000
		-1.2848	1.4848	-0.1283
	}
}
{Volume "piece1"
	{Box 9.84252 16.7285 26.4043}
	{Bone "piece1"}
	{Matrix34
		0.0000	0.0000	-1.0000
		-0.9124	0.4093	-0.0000
		0.4093	0.9124	0.0000
		0.4726	1.7598	-0.1283
	}
}
{Volume "sub_piece0"
	{Box 9.84252 9.95742 9.77937}
	{Bone "sub_piece0"}
	{Matrix34
		0.0000	0.0000	-1.0000
		-0.8322	0.5545	-0.0000
		0.5545	0.8322	0.0000
		-0.9943	-0.7627	-0.1283
	}
}
{Volume "sub_piece2"
	{Box 9.84252 11.0886 9.58378}
	{Bone "sub_piece2"}
	{Matrix34
		0.0000	0.0000	-1.0000
		-0.9930	0.1181	-0.0000
		0.1181	0.9930	0.0000
		0.4509	0.3817	0.1032
	}
}
{Volume "sub_piece9"
	{Box 15.5455 9.84252 15.3222}
	{Bone "sub_piece9"}
	{Matrix34
		0.9701	0.2427	0.0000
		0.0000	-0.0000	-1.0000
		-0.2427	0.9701	-0.0000
		-0.5109	0.1278	0.0939
	}
}
{Volume "sub_piece8"
	{Box 12.3388 9.84252 11.1852}
	{Bone "sub_piece8"}
	{Matrix34
		0.8283	0.5603	-0.0000
		0.0000	-0.0000	-1.0000
		-0.5603	0.8283	-0.0000
		-0.0883	-0.5218	0.0939
	}
}
{Volume "piece7"
	{Box 23.4706 9.84252 27.4268}
	{Bone "piece7"}
	{Matrix34
		0.9936	-0.1127	0.0000
		-0.0000	-0.0000	-1.0000
		0.1127	0.9936	-0.0000
		2.0787	-0.3920	0.0939
	}
}
{Volume "sub_piece7"
	{Box 11.8877 9.84252 13.0239}
	{Bone "sub_piece7"}
	{Matrix34
		1.0000	0.0000	0.0000
		0.0000	-0.0000	-1.0000
		0.0000	1.0000	-0.0000
		-0.9676	-0.2093	0.0939
	}
}
{Volume "piece6"
	{Box 25.2995 9.84252 31.1041}
	{Bone "piece6"}
	{Matrix34
		1.0000	0.0000	0.0000
		0.0000	-0.0000	-1.0000
		0.0000	1.0000	-0.0000
		3.1582	0.0422	0.0939
	}
}
{Volume "sub_piece6"
	{Box 7.92514 9.84252 13.4836}
	{Bone "sub_piece6"}
	{Matrix34
		1.0000	0.0000	0.0000
		0.0000	-0.0000	-1.0000
		0.0000	1.0000	-0.0000
		-0.7015	-2.5668	0.0939
	}
}
{Volume "sub_piece5"
	{Box 13.107 9.84252 11.3997}
	{Bone "sub_piece5"}
	{Matrix34
		0.8415	0.5403	0.0000
		0.0000	-0.0000	-1.0000
		-0.5403	0.8415	-0.0000
		0.1750	-0.0045	0.0939
	}
}
{Volume "piece5"
	{Box 16.4599 9.84252 29.8783}
	{Bone "piece5"}
	{Matrix34
		0.8973	-0.4415	-0.0000
		-0.0000	-0.0000	-1.0000
		0.4415	0.8973	-0.0000
		-0.3229	0.1770	0.0939
	}
}
{Volume "piece4"
	{Box 9.84252 26.2876 19.5587}
	{Bone "piece4"}
	{Matrix34
		0.0000	0.0000	-1.0000
		-1.0000	-0.0000	-0.0000
		-0.0000	1.0000	0.0000
		-1.7113	-0.9190	-0.1283
	}
}
{Volume "piece8"
	{Box 36.8549 9.84252 18.6931}
	{Bone "piece8"}
	{Matrix34
		1.0000	0.0000	0.0000
		0.0000	-0.0000	-1.0000
		0.0000	1.0000	-0.0000
		1.3380	0.6706	0.0939
	}
}
