;Exported by: sk
;Date:        Sat Mar 13 12:13:08 2004
;File:        D:\-Projects-\-3DWork-\Constructions\newhouses1.max
{Skeleton
	{bone "Basis"
		{Orientation
			1.0000	0.0000	0.0000
			0.0000	-1.0000	0.0000
			0.0000	0.0000	1.0000
		}
		{bone "awning-wood1"
			{Position 1.5853	-1.4060	0.0000}
			{VolumeView "awning-wood1.ply"}
		}
	}
}
{Obstacle "Rectangle1"
	{Obb2
		{Center -27.0614 3.04642}
		{Extent 2.23425 49.494}
		{Axis -1 0}
	}
	{Rotate}
}
{Obstacle "Rectangle2"
	{Obb2
		{Center 28.2288 -17.5024}
		{Extent 2.23425 27.1282}
		{Axis -1 0}
	}
	{Rotate}
}
{Obstacle "Rectangle3"
	{Obb2
		{Center 0.586925 -38.1253}
		{Extent 2.23425 34.2993}
		{Axis 1.60066e-007 -1}
	}
	{Rotate}
}
{Obstacle "Rectangle4"
	{Obb2
		{Center 0.586925 43.0961}
		{Extent 2.23425 34.2993}
		{Axis 1.60066e-007 -1}
	}
	{Rotate}
}
{Volume "body8"
	{Box 1.81876 66.7556 2.16643}
	{Bone "Basis"}
	{Matrix34
		-0.0000	1.0000	0.0000
		-0.9988	-0.0000	-0.0500
		-0.0500	-0.0000	0.9988
		1.0171	-44.6962	15.8036
	}
}
{Volume "body7"
	{Box 1.81876 66.7556 2.16643}
	{Bone "Basis"}
	{Matrix34
		-0.0000	1.0000	0.0000
		-0.9992	-0.0000	0.0390
		0.0390	0.0000	0.9992
		1.1135	39.4983	15.8041
	}
}
{Volume "body6"
	{Box 3.05374 3.09254 47.3475}
	{Bone "Basis"}
	{Position -25.1805	36.4405	21.6216}
}
{Volume "body5"
	{Box 3.05374 3.09254 47.3475}
	{Bone "Basis"}
	{Matrix34
		1.0000	0.0000	0.0000
		0.0000	0.9962	0.0872
		0.0000	-0.0872	0.9962
		-25.1805	-42.7466	21.5315
	}
}
{Volume "fire8"
	{Box 5.66726 5.79682 93.5911}
	{Bone "Basis"}
	{Matrix34
		-1.0000	0.0000	0.0000
		0.0000	0.0000	1.0000
		0.0000	1.0000	-0.0000
		-26.7971	-2.4697	14.6073
	}
}
{Volume "fire7"
	{Box 5.66726 5.79682 69.3267}
	{Bone "Basis"}
	{Matrix34
		-0.0000	-1.0000	0.0000
		-0.0000	0.0000	1.0000
		-1.0000	0.0000	-0.0000
		0.2819	-43.0871	14.6073
	}
}
{Volume "fire6"
	{Box 5.66726 5.79682 69.3267}
	{Bone "Basis"}
	{Matrix34
		-0.0000	-1.0000	0.0000
		-0.0000	0.0000	1.0000
		-1.0000	0.0000	-0.0000
		0.2819	36.7239	14.6073
	}
}
{Volume "fire5"
	{Box 5.66726 5.79682 46.2178}
	{Bone "Basis"}
	{Matrix34
		1.0000	0.0000	0.0000
		0.0000	-0.0000	1.0000
		0.0000	-1.0000	-0.0000
		26.7046	13.6150	14.6073
	}
}
{Volume "fire4"
	{Box 5.66726 5.79682 46.2178}
	{Bone "Basis"}
	{Position 26.7046	36.7239	23.1089}
}
{Volume "fire3"
	{Box 5.66726 5.79682 46.2178}
	{Bone "Basis"}
	{Position -24.8505	36.7239	23.1089}
}
{Volume "fire2"
	{Box 5.66726 5.79682 46.2178}
	{Bone "Basis"}
	{Position -26.1384	-41.6839	23.1089}
}
{Volume "fire1"
	{Box 4.6453 5.36743 46.2178}
	{Bone "Basis"}
	{Position 27.3037	-41.8869	23.1089}
}
{Volume "fire0"
	{Box 59.5551 87.1335 2.64886}
	{Bone "Basis"}
	{Position 1.0589	-2.2128	49.0756}
}
{Volume "body4"
	{Box 2.95276 3.06162 48.2992}
	{Bone "Basis"}
	{Position 26.9927	36.6325	22.0974}
}
{Volume "body3"
	{Box 2.52455 93.187 2.66585}
	{Bone "Basis"}
	{Matrix34
		1.0000	0.0000	0.0000
		0.0000	0.9994	0.0358
		0.0000	-0.0358	0.9994
		-26.9822	-1.1505	15.1671
	}
}
{Volume "body2"
	{Box 2.71457 53.4258 3.49425}
	{Bone "Basis"}
	{Position 28.4040	17.0382	15.2521}
}
{Volume "body1"
	{Box 3.05374 3.09254 47.3475}
	{Bone "Basis"}
	{Position 26.7480	-40.6833	21.6216}
}
{Volume "body"
	{Box 59.5551 87.1335 1.72004}
	{Bone "Basis"}
	{Position 1.0589	-2.2128	46.1981}
}
