;Exported by: garry
;Date:        Wed Nov 19 16:08:09 2003
;File:        D:\-Projects-\-3DWork-\Model\tanks\StuGIII\StuG3B_xx.max
{Skeleton
	{bone "Basis"
		{Orientation
			1.0000	0.0000	0.0000
			0.0000	-1.0000	0.0000
			0.0000	0.0000	1.0000
		}
		{bone "Body"
			{parameters "CommonMesh;ID=body;"}
			{Position 1.3827	-1.0005	16.7959}
			{VolumeView "Body.ply"}
			{bone revolute "Gun_rot"
				{parameters "ID=gun;"}
				{Matrix34
                0.9183 0.0000 0.0000
                0.0000 1.0000 0.0000
                0.0000 0.0000 1.0000
                2.2040 0.0000 21.6000
				}
				{VolumeView "Gun_rot.ply"}
				{bone "Gun"
					{parameters "ID=gun;"}
					{Matrix34
						1.0000	0.0000	-0.0000
						-0.0000	0.0000	-1.0000
						-0.0000	1.0000	0.0000
						30.6482	0.3845	0.2783
					}
					{VolumeView "Gun.ply"}
				}
			}
			{bone "part1"
				{Matrix34
					-1.0000	0.0000	-0.0000
					-0.0000	0.0000	1.0000
					0.0000	1.0000	-0.0000
					-2.0273	-0.0125	0.0583
				}
				{VolumeView "part1.ply"}
			}
			{bone revolute "part2"
				{Matrix34
					0.0000	-0.0000	1.0000
					1.0000	0.0000	0.0000
					-0.0000	1.0000	0.0000
					-43.3190	27.4906	-3.8977
				}
				{VolumeView "part2.ply"}
			}
		}
		{bone "WheelsL"
			{parameters "ID=trackleft;"}
			{Matrix34
                -1.0000 0.0000 0.0000
                0.0000 0.0000 1.0000
                0.0000 1.0000 0.0000
                3.6125 20.4901 10.0531
			}
			{VolumeView "Wheelsl.ply"}

            {bone revolute "wheelL3"
                {Matrix34
                    0.0175 -0.9998 -0.0105
                    0.9998 0.0175 0.0000
                    0.0002 -0.0105 0.9999
                    -24.7963 -0.7697 -2.5478

                }
                {VolumeView "wheelL3.ply"}
            }
            {bone revolute "wheelL5"
                {Matrix34
                    0.0175 -0.9998 -0.0105
                    0.9998 0.0175 0.0000
                    0.0002 -0.0105 0.9999
                    12.0525 -2.0619 -2.5405

                }
                {VolumeView "wheelL5.ply"}
            }
            {bone revolute "wheelL6"
                {Matrix34
                    0.0175 -0.9998 -0.0105
                    0.9998 0.0175 0.0000
                    0.0002 -0.0105 0.9999
                    29.0291 -0.7007 -2.5357

                }
                {VolumeView "wheelL6.ply"}
            }
			{bone "TrackL"
				{parameters "CommonMesh;ID=trackleft;"}
				{Matrix34
					1.0000	0.0000	0.0000
					0.0000	1.0000	-0.0000
					-0.0000	0.0000	1.0000
					3.8306	3.1622	-3.9916
				}
				{VolumeView "TrackL.ply"}
			}

			{VolumeView "WheelsL.ply"}
			{bone revolute "WheelL1"
				{parameters "ID=trackleft;"}
				{Matrix34
					0.0000	1.0000	-0.0000
					-1.0000	0.0000	0.0000
					0.0000	0.0000	1.0000
					-42.1746	2.5703	0.0000
				}
				{VolumeView "WheelL1.ply"}
			}
		}
		{bone "WheelsR"
			{parameters "ID=trackright;"}
			{Matrix34
                -1.0000 0.0000 0.0000
                0.0000 0.0000 1.0000
                0.0000 -1.0000 0.0000
                3.6125 -24.9775 10.4531
			}
			{VolumeView "WheelsR.ply"}

            {bone revolute "wheelr3"
                {Matrix34
                    0.0175 -0.9998 -0.0105
                    0.9998 0.0175 0.0000
                    0.0002 -0.0105 0.9999
                    -24.7901 -1.1319 -5.9316

                }
                {VolumeView "wheelr3.ply"}
            }
            {bone revolute "wheelr4"
                {Matrix34
                    0.0175 -0.9998 -0.0105
                    0.9998 0.0175 0.0000
                    0.0002 -0.0105 0.9999
                    -6.7458 -1.5626 -5.3359
                }
                {VolumeView "wheelr4.ply"}
            }
            {bone revolute "wheelr6"
                {Matrix34
                    0.0175 -0.9998 -0.0105
                    0.9998 0.0175 0.0000
                    0.0002 -0.0105 0.9999
                    29.0286 -0.6692 -5.5254

                }
                {VolumeView "wheelr6.ply"}
            }

			{bone "TrackR"
				{parameters "CommonMesh;ID=trackright;"}
				{Matrix34
					1.0000	0.0055	0.0000
					-0.0055	1.0000	-0.0000
					-0.0000	0.0000	1.0000
					3.8306	3.1622	-6.4084
				}
				{VolumeView "TrackR.ply"}
			}
			{VolumeView "WheelsR.ply"}
			{bone revolute "part3"
				{Matrix34
					-0.0000	1.0000	-0.0000
					-1.0000	-0.0000	-0.0000
					-0.0000	0.0000	1.0000
					-42.1746	2.5703	-0.0000
				}
				{VolumeView "part3.ply"}
			}
		}
	}
}
{Volume "part3"
	{Cylinder 8.87652 3.93701}
	{Bone "part3"}
	{Matrix34
		0.0424	-0.9888	0.1428
		0.9867	0.0190	-0.1614
		-0.1569	-0.1478	-0.9765
		-0.3581	0.2390	-1.7772
	}
}
{Volume "Body2"
	{Polyhedron "Body2.vol"}
	{Component "body"}
	{Bone "Body"}
	{Position 3.2821	0.0203	6.2404}
}
{Volume "Body1"
	{Polyhedron "Body1.vol"}
	{Component "body"}
	{Bone "Body"}
	{Position -0.3311	0.0203	-13.0275}
}
{Volume "part2"
	{Cylinder 8.87652 3.93701}
	{Bone "part2"}
	{Matrix34
		-0.0000	-1.0000	0.0000
		1.0000	0.0000	0.0000
		-0.0000	0.0000	1.0000
		-0.1359	-0.2781	-1.2710
	}
}
{Volume "part1"
	{Box 22.3696 5.28141 4.0043}
	{Bone "part1"}
	{Matrix34
		-0.9367	0.3501	-0.0000
		0.0000	0.0000	1.0000
		0.3501	0.9367	-0.0000
		23.4170	4.7382	21.8810
	}
}
