;Exported by: shevchenko
;Date:        Sun May 16 13:30:31 2004
;File:        D:\-Projects-\-3DWork-\sheva\SK\Crate1_5.max
{Skeleton
	{bone "crate3"
		{Orientation
			1.0000	0.0000	0.0000
			0.0000	-1.0000	0.0000
			0.0000	0.0000	1.0000
		}
		{VolumeView "crate3.ply"}
	}
}
{Obstacle "Body"
	{Obb2
		{Center -1.98773 -19.2461}
		{Extent 14.2551 5.60736}
		{Axis 1 0}
	}
	{Rotate}
}
{Obstacle "Body5"
	{Obb2
		{Center 0.970153 17.5338}
		{Extent 4.31219 7.20284}
		{Axis 0.996199 0.0871117}
	}
	{Rotate}
}
{Obstacle "Body4"
	{Obb2
		{Center -4.24527 4.64621}
		{Extent 9.51511 5.38947}
		{Axis 1 0}
	}
	{Rotate}
}
{Obstacle "Body3"
	{Obb2
		{Center 4.41666 -13.1355}
		{Extent 10.9313 6.39965}
		{Axis 0.25946 0.965754}
	}
	{Rotate}
}
{Obstacle "Body2"
	{Obb2
		{Center 5.0928 -7.60883}
		{Extent 5.61808 14.2593}
		{Axis 0.0879049 0.996129}
	}
	{Rotate}
}
{Obstacle "Body1"
	{Obb2
		{Center -4.71283 5.68378}
		{Extent 14.2021 5.50074}
		{Axis 0.984823 0.173561}
	}
	{Rotate}
}
{Volume "fire1"
	{Box 35.6178 15.2886 6.09936}
	{Bone "crate3"}
	{Matrix34
		0.0563	0.9984	0.0000
		-0.9984	0.0563	0.0000
		0.0000	0.0000	1.0000
		9.5678	8.0411	3.1097
	}
}
{Volume "fire0"
	{Box 46.8655 15.2886 6.09936}
	{Bone "crate3"}
	{Matrix34
		-0.2113	0.9774	0.0000
		-0.9774	-0.2113	0.0000
		0.0000	0.0000	1.0000
		-7.3934	1.2300	3.1097
	}
}
{Volume "Body"
	{Box 28.5102 11.2147 4.70358}
	{Bone "crate3"}
	{Matrix34
		-1.0000	0.0000	0.0000
		-0.0000	-1.0000	0.0000
		0.0000	0.0000	1.0000
		-1.9877	19.2461	2.4118
	}
}
{Volume "Body5"
	{Box 8.40894 13.4737 4.97397}
	{Bone "crate3"}
	{Matrix34
		-0.9962	0.0819	0.0298
		-0.0872	-0.9361	-0.3407
		-0.0000	-0.3420	0.9397
		0.9702	-17.5338	4.6726
	}
}
{Volume "Body4"
	{Box 19.0302 10.7789 8.5758}
	{Bone "crate3"}
	{Matrix34
		-1.0000	0.0000	0.0000
		-0.0000	-1.0000	0.0000
		0.0000	0.0000	1.0000
		-4.2453	-4.6462	9.1010
	}
}
{Volume "Body3"
	{Box 21.8541 12.7848 12.2763}
	{Bone "crate3"}
	{Matrix34
		-0.2588	0.9659	0.0000
		-0.9659	-0.2588	0.0000
		0.0000	0.0000	1.0000
		4.4167	13.1355	10.8734
	}
}
{Volume "Body2"
	{Box 28.5102 11.2147 4.70358}
	{Bone "crate3"}
	{Matrix34
		-0.9962	-0.0872	0.0000
		0.0872	-0.9962	0.0000
		0.0000	0.0000	1.0000
		5.0928	7.6088	2.4118
	}
}
{Volume "Body1"
	{Box 28.4033 10.999 4.58599}
	{Bone "crate3"}
	{Matrix34
		-0.9848	0.1736	0.0000
		-0.1736	-0.9848	0.0000
		0.0000	0.0000	1.0000
		-4.7128	-5.6838	2.3530
	}
}
