;MDL File generated by SOEdit 0.41r
;Model created by: <A.G.(ирјр)>
;Date:        Apr 18 2006
{Skeleton
	{bone "Basis"
		{Orientation
			1.0000	0.0000	0.0000
			0.0000	-1.0000	0.0000
			0.0000	0.0000	1.0000
		}
		{bone "WheelsL"
			{parameters "ID=trackleft;"}
			{Matrix34
				-1.0000	0.0000	0.0000
				0.0000	0.0000	1.0000
				0.0000	1.0000	-0.0000
				7.1100	25.6094	9.8020
			}
			{bone revolute "wheelL3"
				{parameters "ID=trackleft;"}
				{Position -32.7042	0.3260	-0.4000}
				{VolumeView "wheelL3.ply"}
			}
			{bone revolute "wheelL4"
				{parameters "ID=trackleft;"}
				{Position -14.3933	0.3260	-0.4000}
				{VolumeView "wheelL4.ply"}
			}
			{bone revolute "wheelL5"
				{parameters "ID=trackleft;"}
				{Position 5.4000	0.3260	-0.4000}
				{VolumeView "wheelL3.ply"}
			}
			{bone revolute "wheelL6"
				{parameters "ID=trackleft;"}
				{Position 23.3237	0.3260	-0.4000}
				{VolumeView "wheelL4.ply"}
			}
			{bone revolute "wheelL7"
				{parameters "ID=trackleft;"}
				{Position 40.7225	0.3260	-0.4000}
				{VolumeView "wheelL3.ply"}
			}
			{bone "TrackL"
				{parameters "ID=trackleft;"}
				{Matrix34
					1.0000	0.0000	0.0000
					0.0000	0.0000	-1.0000
					0.0000	1.0000	-0.0000
					0.4763	1.1479	-2.2322
				}
				{VolumeView "TrackL.ply"}
			}
		}
		{bone "Body"
			{parameters "ID=body;"}
			{animation
				{sequence "break" {file "body.anm"}}
			}			
			{Position -2.9689	-2.0423	17.6603}
			{VolumeView "Body.ply"}
			{bone "rac"
				{parameters "ID=body;"}
				{Matrix34
					1.0000	-0.0000	0.0000
					0.0000	1.0000	-0.0000
					-0.0000	0.0000	1.0000
					66.0641	-5.1129	13.1339
				}
				{bone "Antenna"
					{parameters "ID=body;"}
					{Matrix34
						0.9994	-0.0000	0.0349
						0.0000	1.0000	-0.0000
						-0.0349	0.0000	0.9994
						-34.3866	-16.3129	5.6958
					}
					{VolumeView "Anten.ply"}
				}
			}
			{bone revolute "gun_vert"
				{limits -2.0000 2.0000}
				{speed 0.0150}
				{Matrix34
					0.9938	0.0000	-0.1109
					-0.0000	1.0000	0.0000
					0.1109	-0.0000	0.9938
					32.0964	-2.7247	8.7294
				}
				{bone revolute "Gun_rot"
					{parameters "ID=gun;"}
					{limits -5.0000 15.0000}
					{speed 0.0150}
					{Matrix34
						0.9999	0.0026	0.0026
						-0.0026	-0.0261	0.9996
						0.0027	-0.9996	-0.0261
						12.2601	0.0085	4.4764
					}
					{VolumeView "Gun_rot.ply"}
					{bone "Gun"
						{parameters "ID=gun;"}
						{Matrix34
							0.9999	0.0087	-0.0003
							-0.0087	0.9990	-0.0436
							-0.0000	0.0436	0.9990
							7.6778	-0.1971	-3.9491
						}
						{VolumeView "Gun.ply"}
					}
				}
			}
			{bone "luk"
				{Matrix34
					0.7591	0.0059	-0.6506
					-0.0820	0.9927	-0.0867
					0.6453	0.1193	0.7541
					38.8493	25.9216	-5.8955
				}
				{bone "Cower2"
					{parameters "ID=body;"}
					{Matrix34
						1.0000	0.0000	-0.0000
						0.0000	0.9962	0.0872
						0.0000	-0.0872	0.9962
						-12.3947	-13.4848	16.5510
					}
					{VolumeView "Cower2.ply"}
				}
			}
			{bone revolute "WheelL2"
				{parameters "ID=trackleft;"}
				{Matrix34
					-1.0000	0.0000	0.0000
					0.0000	0.0000	1.0000
					0.0000	1.0000	-0.0000
					-46.0817	24.4148	-4.3421
				}
				{VolumeView "WheelL2.ply"}
			}
			{bone revolute "WheelR2"
				{parameters "ID=trackright;"}
				{Matrix34
					-1.0000	-0.0000	0.0000
					0.0000	-0.0000	1.0000
					0.0000	-1.0000	-0.0000
					-46.0817	-20.2611	-4.3421
				}
				{VolumeView "WheelR2.ply"}
			}
			{bone revolute "WheelR1"
				{parameters "ID=trackright;"}
				{Matrix34
					-1.0000	-0.0000	0.0000
					0.0000	-0.0000	1.0000
					0.0000	-1.0000	-0.0000
					57.1184	-20.2307	-4.0421
				}
				{VolumeView "WheelR1.ply"}
			}
			{bone revolute "WheelL1"
				{parameters "ID=trackleft;"}
				{Matrix34
					-1.0000	0.0000	0.0000
					0.0000	0.0000	1.0000
					0.0000	1.0000	-0.0000
					57.1184	24.5726	-4.0421
				}
				{VolumeView "WheelL1.ply"}
			}
			{bone "engine"
				{Matrix34
					1.0000	0.0000	-0.0000
					0.0000	-1.0000	-0.0000
					0.0000	-0.0000	-1.0000
					-28.6481	1.2552	7.2958
				}
			}
		}
		{bone "WheelsR"
			{parameters "ID=trackright;"}
			{Matrix34
				-1.0000	0.0000	0.0000
				0.0000	0.0000	1.0000
				-0.0000	-1.0000	0.0000
				7.1100	-25.8037	10.0020
			}
			{bone revolute "wheelR3"
				{Position -32.7042	0.4000	0.6000}
				{VolumeView "wheelR3.ply"}
			}
			{bone revolute "wheelR4"
				{Position -14.3933	0.4000	0.6000}
				{VolumeView "wheelR4.ply"}
			}
			{bone revolute "wheelR5"
				{Position 5.4000	0.4000	0.6000}
				{VolumeView "wheelR3.ply"}
			}
			{bone revolute "wheelR6"
				{Position 23.3237	0.4000	0.6000}
				{VolumeView "wheelR4.ply"}
			}
			{bone revolute "wheelR7"
				{Position 40.7225	0.4000	0.6000}
				{VolumeView "wheelR3.ply"}
			}
			{bone "TrackR"
				{parameters "ID=trackright;"}
				{Matrix34
					1.0000	-0.0000	0.0000
					0.0000	-0.0000	-1.0000
					0.0000	-1.0000	-0.0000
					0.4763	1.1479	-2.0322
				}
				{VolumeView "TrackR.ply"}
			}
		}
	}
}
