;Exported by: garry
;Date:        Fri Aug 20 11:07:49 2004
;File:        D:\-Projects-\-3DWork-\Model\Авто-мото\Gaz\gaz67\Gaz_67b.max
{Skeleton
	{animation
		{sequence "start" {speed 0.7}}
		{sequence "stop" {speed 0.7}}
	}
	{bone "Basis"
		{parameters "SteerMax=30;WheelRadius=0.5;"}
		{Orientation
			1.0000	0.0000	0.0000
			0.0000	-1.0000	0.0000
			0.0000	0.0000	1.0000
		}
		{bone "pivot_back"
			{Matrix34
				1.0000	-0.0000	0.0000
				-0.0000	-0.0195	0.9998
				0.0000	0.9998	0.0195
				-20.6301	-0.1131	7.7372
			}
			{VolumeView "pivot_back.ply"}
			{bone revolute "springL"
				{Matrix34
					1.0000	-0.0000	0.0000
					-0.0000	-0.0195	0.9998
					0.0000	0.9998	0.0195
					-0.3578	0.8274	9.8994
				}
				{bone revolute "wheelL2"
					{parameters "ID=wheelleft2;"}
					{Matrix34
						1.0000	0.0000	0.0000
						0.0000	-0.0000	-1.0000
						0.0000	-1.0000	0.0000
						0.1181	4.8493	-0.6818
					}
					{VolumeView "wheelL2.ply"}
				}
				{bone "FXtraceL2"
					{Matrix34
						-0.9999	0.0113	-0.0000
						-0.0113	-0.9999	0.0000
						0.0000	0.0000	1.0000
						0.1114	5.2215	-8.7572
					}
				}
			}
			{bone revolute "springR"
				{Matrix34
					1.0000	-0.0000	0.0000
					-0.0000	-0.0195	0.9998
					0.0000	0.9998	0.0195
					-0.3578	1.2337	-10.9588
				}
				{bone revolute "wheelR2"
					{parameters "ID=wheelright2;"}
					{Matrix34
						1.0000	0.0000	0.0000
						0.0000	0.0000	-1.0000
						0.0000	-1.0000	-0.0000
						0.1181	-3.5416	-0.7542
					}
					{VolumeView "wheelR2.ply"}
				}
				{bone "FXtraceR2"
					{Matrix34
						-0.9999	0.0113	-0.0000
						-0.0113	-0.9999	0.0000
						0.0000	0.0000	1.0000
						0.1094	-3.3951	-8.7572
					}
				}
			}
		}
		{bone "pivot_front"
			{Matrix34
				1.0000	-0.0000	0.0000
				-0.0000	-0.0195	0.9998
				0.0000	0.9998	0.0195
				24.0418	-0.0910	7.8720
			}
			{VolumeView "pivot_front.ply"}
			{bone revolute "steerL"
				{Matrix34
					1.0000	-0.0000	0.0000
					0.0000	0.0195	-0.9998
					-0.0000	-0.9998	-0.0195
					-0.1866	-0.0991	9.8592
				}
				{bone revolute "wheelL1"
					{parameters "ID=wheelleft1;"}
					{Matrix34
						1.0000	0.0000	-0.0000
						-0.0000	-0.0000	1.0000
						-0.0000	-1.0000	-0.0000
						0.4360	-5.8897	0.4146
					}
					{VolumeView "wheelL1.ply"}
				}
				{bone "FXtraceL1"
					{Matrix34
						-0.9999	0.0113	0.0000
						0.0113	0.9999	-0.0000
						-0.0000	-0.0000	-1.0000
						0.2569	-4.7145	7.6854
					}
				}
			}
			{bone revolute "steerR"
				{Matrix34
					1.0000	-0.0000	0.0000
					0.0000	0.0020	-1.0000
					-0.0000	-1.0000	-0.0020
					-0.1866	0.3072	-10.9990
				}
				{bone revolute "wheelR1"
					{parameters "ID=wheelright1;"}
					{Matrix34
						1.0000	0.0000	-0.0000
						-0.0000	0.0175	0.9998
						-0.0000	-0.9998	0.0175
						0.4360	1.2644	0.3926
					}
					{VolumeView "wheelR1.ply"}
				}
				{bone "FXtraceR1"
					{Matrix34
						-0.9999	0.0113	-0.0000
						0.0113	0.9998	-0.0175
						-0.0002	-0.0175	-0.9998
						-0.0755	4.0356	7.6161
					}
				}
			}
		}
		{bone "Body"
			{parameters "ID=body;"}
			{animation
				{sequence "repair" {file "body_r.anm"} {speed 0.8}}
			}
			{Matrix34
				1.0000	-0.0000	0.0000
				-0.0000	-0.9998	-0.0195
				-0.0000	-0.0195	0.9998
				-1.8869	-0.0060	9.8023
			}
			{VolumeView "Body.ply"}
			{bone "bodyback"
				{parameters "ID=bodyback;"}
				{Matrix34
					1.0000	-0.0000	0.0000
					0.0000	1.0000	0.0000
					-0.0000	-0.0000	1.0000
					-13.4764	-0.2451	12.9483
				}
				{VolumeView "bodyback.ply"}
			}
			{bone "engine"
				{parameters "CommonMesh;ID=engine;"}
				{animation
					{sequence "repair" {file "engine_r.anm"}}
				}
				{Matrix34
					0.0000	-0.9998	-0.0195
					0.0195	-0.0195	0.9996
					-0.9998	-0.0004	0.0195
					17.4889	0.0124	-0.2701
				}
				{VolumeView "engine.ply"}
			}
			{bone "glass"
				{parameters "ID=glass;"}
				{Matrix34
					1.0000	0.0000	0.0000
					-0.0000	1.0000	-0.0000
					-0.0000	0.0000	1.0000
					4.9770	-0.0842	15.8271
				}
				{VolumeView "glass.ply"}
			}
			{bone "FXsmoke1"
				{Matrix34
					-0.7995	0.6005	0.0117
					0.6006	0.7994	0.0156
					0.0000	-0.0195	0.9998
					0.8403	13.3246	-1.0548
				}
			}
			{bone "FXstop1"
				{Matrix34
					-0.9999	-0.0113	-0.0002
					-0.0113	0.9997	0.0195
					-0.0000	-0.0195	0.9998
					-33.0487	-12.0534	3.2915
				}
			}
			{bone "FXstop2"
				{Matrix34
					-0.9999	-0.0113	-0.0002
					-0.0113	0.9997	0.0195
					-0.0000	-0.0195	0.9998
					-33.0741	12.2221	3.8890
				}
			}
			{bone "seat01"
				{Matrix34
					0.7808	-0.5525	0.2918
					-0.5736	-0.8190	-0.0160
					-0.2478	0.1549	0.9564
					-16.7800	-4.1903	2.2590
				}
			}
			{bone "seat02"
				{Matrix34
					0.7302	-0.6185	0.2905
					-0.6428	-0.7659	-0.0149
					-0.2317	0.1758	0.9568
					-16.7800	5.4113	2.4461
				}
			}
			{bone "HeadlightR"
				{Matrix34
					1.0000	-0.0000	-0.0000
					0.0000	-0.0000	1.0000
					-0.0000	-1.0000	-0.0000
					30.7787	-8.9387	9.8255
				}
			}
			{bone "HeadlightL"
				{Matrix34
					1.0000	-0.0000	-0.0000
					0.0000	-0.0000	1.0000
					-0.0000	-1.0000	-0.0000
					30.9327	9.1911	10.0607
				}
			}
			{bone "FXlight"
				{Matrix34
					1.0000	0.0000	-0.0000
					-0.0000	-0.0000	1.0000
					-0.0000	-1.0000	-0.0000
					30.8678	0.1458	10.0686
				}
			}
			{bone "visor"
				{Position 3.7699	-6.1541	20.2571}
			}
			{bone "commander"
				{Matrix34
					0.7470	-0.6457	0.1581
					-0.6209	-0.7627	-0.1813
					-0.2376	-0.0372	0.9706
					-4.5325	6.5692	-0.4008
				}
			}
			{bone "driver"
				{Matrix34
					0.0074	0.9999	-0.0081
					0.9659	-0.0050	0.2588
					-0.2587	0.0097	0.9659
					-2.3060	-6.6552	-0.2943
				}
			}
		}
		{bone "Emit1"
			{Matrix34
				0.0000	-1.0000	0.0000
				1.0000	0.0000	0.0000
				0.0000	0.0000	1.0000
				2.0896	26.8070	0.0000
			}
			{visibility 0}
		}
		{bone "emit2"
			{Matrix34
				-0.0048	1.0000	0.0000
				-1.0000	-0.0048	0.0000
				0.0000	0.0000	1.0000
				-4.6105	-23.9211	0.0638
			}
			{visibility 0}
		}
		{bone "Emit3"
			{Matrix34
				-0.0000	-1.0000	-0.0000
				1.0000	-0.0000	-0.0000
				0.0000	-0.0000	1.0000
				-22.1371	30.1647	-0.0000
			}
			{visibility 0}
		}
		{bone "Emit4"
			{Matrix34
				0.0000	1.0000	-0.0000
				-1.0000	0.0000	-0.0000
				-0.0000	-0.0000	1.0000
				-22.1371	-27.7269	0.0000
			}
			{visibility 0}
		}
	}
}
{Volume "fuel"
	{Box 16.021 19.8286 7.53111}
	{Bone "Body"}
	{Matrix34
		1.0000	0.0000	0.0000
		-0.0000	0.9998	0.0195
		-0.0000	-0.0195	0.9998
		-21.9510	-0.0800	4.4712
	}
}
{Volume "inventory"
	{Box 16.021 19.8286 7.53111}
	{Bone "Body"}
	{Matrix34
		1.0000	0.0000	0.0000
		-0.0000	0.9998	0.0195
		-0.0000	-0.0195	0.9998
		-4.1135	-0.0800	4.4712
	}
}
{Volume "body"
	{Box 38.0365 30.1713 13.4095}
	{Bone "Body"}
	{Matrix34
		1.0000	0.0000	0.0000
		-0.0000	0.9998	0.0195
		-0.0000	-0.0195	0.9998
		-13.9262	-0.1144	6.2356
	}
}
{Volume "glass"
	{Box 1.47073 28.456 9.4892}
	{Bone "glass"}
	{Matrix34
		0.9962	-0.0017	0.0871
		0.0000	0.9998	0.0195
		-0.0872	-0.0194	0.9960
		-1.0253	-0.2799	3.2232
	}
}
{Volume "engine"
	{Polyhedron "engine.vol"}
	{Bone "engine"}
	{Matrix34
		0.0000	0.0195	-0.9998
		-1.0000	0.0007	0.0000
		0.0007	0.9998	0.0195
		0.0001	1.0991	-0.1169
	}
}
{Volume "bodyback"
	{Box 34.9936 30.1713 13.4095}
	{Bone "bodyback"}
	{Matrix34
		1.0000	0.0000	0.0000
		-0.0000	0.9998	0.0195
		-0.0000	-0.0195	0.9998
		-1.6749	-0.1282	6.5776
	}
}
{Volume "wheelright1"
	{Cylinder 7.66621 3.62827}
	{Bone "wheelR1"}
	{Matrix34
		1.0000	0.0000	-0.0000
		0.0000	-1.0000	0.0000
		-0.0000	-0.0000	-1.0000
		0.0000	-0.0000	-1.6166
	}
}
{Volume "wheelleft1"
	{Cylinder 7.66621 3.62827}
	{Bone "wheelL1"}
	{Matrix34
		1.0000	0.0000	-0.0000
		0.0000	-1.0000	0.0000
		-0.0000	-0.0000	-1.0000
		-0.0000	-0.0000	-1.6482
	}
}
{Volume "wheelright2"
	{Cylinder 7.66621 3.62827}
	{Bone "wheelR2"}
	{Matrix34
		-1.0000	0.0000	0.0000
		-0.0000	-1.0000	0.0000
		0.0000	0.0000	1.0000
		0.0000	-0.0000	-0.0000
	}
}
{Volume "wheelleft2"
	{Cylinder 7.66621 3.62827}
	{Bone "wheelL2"}
	{Matrix34
		-1.0000	0.0000	0.0000
		-0.0000	-1.0000	-0.0000
		-0.0000	-0.0000	1.0000
		-0.0000	-0.0000	-0.0938
	}
}
