;Exported by: shevchenko
;Date:        Mon Mar 15 15:26:42 2004
;File:        D:\-Projects-\-3DWork-\sheva\shed_evro2_x.max
{Skeleton
	{animation
		{sequence "crush" {speed 0.8}}
	}
	{bone "shed_evro2_coner3_x"
		{parameters "CommonMesh;"}
		{Orientation
			1.0000	0.0000	0.0000
			0.0000	-1.0000	0.0000
			0.0000	0.0000	1.0000
		}
		{VolumeView "shed_evro2_coner3_x.ply"}
		{bone "piece0"
			{Matrix34
				1.0000	0.0000	0.0000
				0.0000	-0.0000	1.0000
				0.0000	-1.0000	-0.0000
				19.4412	14.6340	18.3041
			}
			{VolumeView "piece0.ply"}
		}
		{bone "piece1"
			{Matrix34
				1.0000	0.0000	0.0000
				0.0000	-0.0000	1.0000
				0.0000	-1.0000	-0.0000
				19.4412	-17.5687	12.0219
			}
			{VolumeView "piece1.ply"}
		}
		{bone "piece2"
			{Matrix34
				1.0000	0.0000	0.0000
				0.0000	-0.0000	1.0000
				0.0000	-1.0000	-0.0000
				-5.5679	-30.0283	16.9853
			}
			{VolumeView "piece2.ply"}
		}
		{bone "piece3"
			{Matrix34
				1.0000	0.0000	0.0000
				0.0000	-0.0000	1.0000
				0.0000	-1.0000	-0.0000
				-15.0102	-30.0283	60.0394
			}
			{VolumeView "piece3.ply"}
		}
		{bone "sub_piece0"
			{Matrix34
				1.0000	0.0000	0.0000
				0.0000	-0.0000	1.0000
				0.0000	-1.0000	-0.0000
				19.4412	8.9059	38.9674
			}
			{VolumeView "sub_piece0.ply"}
		}
		{bone "sub_piece1"
			{Matrix34
				1.0000	0.0000	0.0000
				0.0000	-0.0000	1.0000
				0.0000	-1.0000	-0.0000
				19.4412	-2.3633	25.7413
			}
			{VolumeView "sub_piece1.ply"}
		}
		{bone "sub_piece2"
			{Matrix34
				1.0000	0.0000	0.0000
				0.0000	-0.0000	1.0000
				0.0000	-1.0000	-0.0000
				19.4412	-17.4272	35.7609
			}
			{VolumeView "sub_piece2.ply"}
		}
		{bone "sub_piece5"
			{Matrix34
				1.0000	0.0000	0.0000
				0.0000	-0.0000	1.0000
				0.0000	-1.0000	-0.0000
				5.6591	-30.0283	36.5908
			}
			{VolumeView "sub_piece5.ply"}
		}
		{bone "sub_piece3"
			{Matrix34
				1.0000	0.0000	0.0000
				0.0000	-0.0000	1.0000
				0.0000	-1.0000	-0.0000
				1.3097	-30.0283	54.1339
			}
			{VolumeView "sub_piece3.ply"}
		}
		{bone "sub_piece4"
			{Matrix34
				1.0000	0.0000	0.0000
				0.0000	-0.0000	1.0000
				0.0000	-1.0000	-0.0000
				-15.0102	-30.0283	39.3701
			}
			{VolumeView "sub_piece4.ply"}
		}
		{bone "exterior"
			{Position 0.0095	0.0095	60.9843}
		}
	}
}
{Volume "sub_piece4"
	{Box 6.29921 5.90551 6.27343}
	{Bone "sub_piece4"}
	{Matrix34
		0.9490	0.3154	-0.0000
		0.0000	-0.0000	-1.0000
		-0.3154	0.9490	-0.0000
		0.0145	-0.0736	0.0005
	}
}
{Volume "sub_piece3"
	{Box 8.9014 5.90551 8.06584}
	{Bone "sub_piece3"}
	{Matrix34
		1.0000	0.0000	0.0000
		0.0000	-0.0000	-1.0000
		0.0000	1.0000	-0.0000
		-0.5763	-0.8717	0.0005
	}
}
{Volume "sub_piece5"
	{Box 7.08661 5.90551 16.7867}
	{Bone "sub_piece5"}
	{Matrix34
		0.0320	0.9995	0.0000
		0.0000	-0.0000	-1.0000
		-0.9995	0.0320	-0.0000
		0.2691	1.6354	0.0005
	}
}
{Volume "sub_piece2"
	{Box 5.90551 9.85039 9.1861}
	{Bone "sub_piece2"}
	{Matrix34
		1.0000	0.0000	0.0000
		0.0000	0.4858	-0.8741
		0.0000	0.8741	0.4858
		0.0037	0.1420	0.2791
	}
}
{Volume "sub_piece1"
	{Box 5.90551 8.37284 16.5798}
	{Bone "sub_piece1"}
	{Matrix34
		1.0000	0.0000	0.0000
		0.0000	0.5015	-0.8652
		0.0000	0.8652	0.5015
		0.0037	0.2169	0.1208
	}
}
{Volume "sub_piece0"
	{Box 5.90551 8.47191 6.27343}
	{Bone "sub_piece0"}
	{Matrix34
		1.0000	0.0000	0.0000
		0.0000	0.2646	-0.9644
		0.0000	0.9644	0.2646
		0.0037	0.5700	-0.5116
	}
}
{Volume "piece3"
	{Box 8.56299 5.90551 19.7165}
	{Bone "piece3"}
	{Matrix34
		1.0000	0.0000	0.0000
		0.0000	-0.0000	-1.0000
		0.0000	1.0000	-0.0000
		0.0403	0.0115	0.0005
	}
}
{Volume "piece2"
	{Box 14.1732 5.90551 20.8368}
	{Bone "piece2"}
	{Matrix34
		0.7898	0.6134	0.0000
		0.0000	-0.0000	-1.0000
		-0.6134	0.7898	-0.0000
		0.3925	-0.4720	0.0005
	}
}
{Volume "piece1"
	{Box 5.90551 10.1459 21.307}
	{Bone "piece1"}
	{Matrix34
		1.0000	0.0000	0.0000
		0.0000	0.9809	-0.1946
		0.0000	0.1946	0.9809
		0.0036	-1.2785	-1.1812
	}
}
{Volume "piese0"
	{Box 5.90551 9.85039 22.4051}
	{Bone "piece0"}
	{Matrix34
		1.0000	0.0000	0.0000
		0.0000	-0.0000	-1.0000
		0.0000	1.0000	-0.0000
		0.0037	-1.0321	-0.2378
	}
}
