;Exported by: vic
;Date:        Thu Nov 27 11:50:23 2003
;File:        D:\-Projects-\-3DWork-\Constructions\watch-tower1.max
{Skeleton
	{bone "watch-tower"
		{Orientation
			1.0000	0.0000	0.0000
			0.0000	-1.0000	0.0000
			0.0000	0.0000	1.0000
		}
		{VolumeView "watch-tower.ply"}
		{bone "emit"
			{parameters "Group=gunner;"}
			{Position -50.1852	-11.6429	0.0176}
			{visibility 0}
		}
		{bone "Attach"
			{Position 0.3219	-1.0663	121.3493}
		}
		{bone "node_ladder_top"
			{Position -23.7242	-11.8845	119.3444}
		}
		{bone "node_ladder_bottom"
			{Position -37.2435	-11.6846	13.7795}
		}
	}
}
{Volume "Body7"
	{Box 26.249 2.94991 21.5362}
	{Bone "watch-tower"}
	{Matrix34
		0.0076	1.0000	-0.0003
		-1.0000	0.0076	-0.0010
		-0.0010	0.0003	1.0000
		-20.9404	7.8958	126.3862
	}
}
{Volume "Body6"
	{Box 42.7324 2.94991 21.5362}
	{Bone "watch-tower"}
	{Matrix34
		0.0076	1.0000	-0.0003
		-1.0000	0.0076	-0.0010
		-0.0010	0.0003	1.0000
		21.2158	-0.6680	126.3862
	}
}
{Volume "Body5"
	{Box 41.065 2.94991 21.5362}
	{Bone "watch-tower"}
	{Matrix34
		-1.0000	0.0076	-0.0003
		-0.0076	-1.0000	-0.0010
		-0.0003	-0.0010	1.0000
		-0.2644	-20.9494	126.3862
	}
}
{Volume "Body4"
	{Box 40.6584 2.94991 21.5362}
	{Bone "watch-tower"}
	{Matrix34
		-1.0000	0.0076	-0.0003
		-0.0076	-1.0000	-0.0010
		-0.0003	-0.0010	1.0000
		0.3545	19.5452	126.3862
	}
}
{Volume "Body2"
	{Box 5.3804 5.32815 125.545}
	{Bone "watch-tower"}
	{Matrix34
		0.9962	-0.0000	0.0872
		0.0076	-0.9962	-0.0868
		-0.0868	-0.0872	0.9924
		25.6257	25.3766	54.2833
	}
}
{Volume "Body"
	{Box 5.3804 5.32815 125.545}
	{Bone "watch-tower"}
	{Matrix34
		-0.9962	0.0000	0.0872
		-0.0076	0.9962	-0.0868
		0.0868	0.0872	0.9924
		-25.6422	-25.5266	54.2833
	}
}
{Volume "Body1"
	{Box 5.3804 5.32815 125.545}
	{Bone "watch-tower"}
	{Matrix34
		0.9962	0.0000	0.0872
		0.0076	0.9962	-0.0868
		-0.0868	0.0872	0.9924
		25.6257	-25.5266	54.2833
	}
}
{Volume "Body3"
	{Box 5.3804 5.32815 125.545}
	{Bone "watch-tower"}
	{Matrix34
		-0.9962	-0.0000	0.0872
		-0.0076	-0.9962	-0.0868
		0.0868	-0.0872	0.9924
		-25.6422	25.3766	54.2833
	}
}
