;MDL File generated by SOEdit
;Model created by: <St.Andrey>
;PLY Geometry by: <St.Andrey>
;VOL Geometry by: <insert modeler name>
{Skeleton
    {Animation
        {sequence "start"}
        {sequence "stop"}
        {sequence "doorright"}
        {sequence "doorleft"}
    }
    {bone "Basis"
        {parameters "SteerMax=30;WheelRadius=0.5;"}
        {Orientation
            1.0000 0.0000 0.0000
            0.0000 -1.0000 0.0000
            0.0000 0.0000 1.0000
        }
        {bone "Body"
            {parameters "ID=body;"}
            {Matrix34
                0.0000 -1.0000 0.0000
                1.0000 0.0000 0.0000
                0.0000 0.0000 1.0000
                -0.2000 0.0000 35.8000
            }
            {VolumeView "body.ply"}
            {bone "cabin"
                {parameters "ID=cabin;"}
                {Animation
                    {sequence "repair" {file "cabin_r.anm"}}
                }
                {Position 0.6000 0.0000 -82.8000}
                {VolumeView "cabin.ply"}
                {bone "HeadlightL"
                    {Matrix34
                        0.0003 1.0000 0.0000
                        -0.0087 0.0000 1.0000
                        1.0000 -0.0003 0.0087
                        -12.4246 60.1406 73.9944
                    }
                }
                {bone "FXlight"
                    {Matrix34
                        0.0113 0.9999 -0.0003
                        -0.0070 0.0004 1.0000
                        0.9999 -0.0113 0.0070
                        0.2010 60.2000 78.8251
                    }
                }
                {bone "Visor"
                    {Matrix34
                        0.0089 0.9999 0.0121
                        -0.9999 0.0089 0.0052
                        0.0051 -0.0121 0.9999
                        -0.6698 48.4288 96.6057
                    }
                }
                {bone "driver"
                    {Matrix34
                        -0.0007 1.0000 0.0000
                        -1.0000 -0.0007 -0.0052
                        -0.0052 0.0000 1.0000
                        7.9395 33.6000 68.7426
                    }
                }
                {bone "commander"
                    {Matrix34
                        0.0021 1.0000 0.0000
                        -1.0000 0.0021 0.0070
                        0.0070 0.0000 1.0000
                        -9.3215 33.6000 68.6669
                    }
                }
                {bone "glass"
                    {Position 0.6300 0.1000 -20.0700}
                    {VolumeView "glass.ply"}
                }
                {bone "PetliaL"
                    {Matrix34
                        0.0487 0.9988 0.0000
                        -0.9988 0.0487 0.0000
                        0.0000 0.0000 1.0000
                        -17.0805 45.5863 86.9999
                    }
                    {bone "DoorL"
                        {parameters "ID=cabine;"}
                        {VolumeView "DoorL.ply"}
                    }
                }
                {bone "PetliaR"
                    {Matrix34
                        0.9857 0.1679 0.0154
                        0.1678 -0.9858 0.0039
                        0.0158 -0.0013 -0.9998
                        15.8758 44.0081 79.4439
                    }
                    {bone "DoorR"
                        {parameters "ID=cabine;"}
                        {Matrix34
                            0.0000 1.0000 0.0000
                            0.0000 0.0000 1.0000
                            1.0000 0.0000 0.0000
                            0.0000 0.0000 0.0000
                        }
                        {VolumeView "DoorR.ply"}
                    }
                }
            }
            {bone "bodyback"
                {parameters "ID=bodyback;"}
                {Position -1.0000 0.0000 -26.5000}
                {VolumeView "Kuzov.ply"}
                {bone "seat01"
                    {Matrix34
                        -0.9999 -0.0105 0.0000
                        0.0105 -0.9999 0.0000
                        0.0000 0.0000 1.0000
                        16.7013 6.7989 18.5200
                    }
                }
                {bone "seat02"
                    {Matrix34
                        0.9999 0.0157 0.0000
                        -0.0157 0.9999 0.0000
                        0.0000 0.0000 1.0000
                        -18.5230 7.6701 18.4800
                    }
                }
                {bone "seat03"
                    {Matrix34
                        -0.9994 0.0332 -0.0002
                        -0.0332 -0.9994 0.0070
                        0.0000 0.0070 1.0000
                        16.3485 -7.7181 18.4540
                    }
                }
                {bone "seat04"
                    {Matrix34
                        0.9980 0.0628 -0.0003
                        -0.0628 0.9980 -0.0042
                        0.0000 0.0042 1.0000
                        -16.9880 -8.3635 17.5154
                    }
                }
                {bone "seat05"
                    {Matrix34
                        -0.9996 0.0279 -0.0003
                        -0.0279 -0.9995 0.0112
                        0.0000 0.0112 0.9999
                        17.2016 -24.3161 18.4726
                    }
                }
                {bone "seat06"
                    {Matrix34
                        0.9999 0.0140 -0.0001
                        -0.0140 0.9999 -0.0098
                        0.0000 0.0098 1.0000
                        -17.7048 -24.1281 18.3564
                    }
                }
                {bone "seat07"
                    {Matrix34
                        -0.9994 0.0349 -0.0004
                        -0.0349 -0.9994 -0.0056
                        -0.0006 -0.0056 1.0000
                        17.0843 -38.4177 18.8659
                    }
                }
                {bone "seat08"
                    {Matrix34
                        0.9991 0.0419 -0.0001
                        -0.0419 0.9991 -0.0014
                        0.0000 0.0014 1.0000
                        -17.8188 -38.3082 18.4137
                    }
                }
                {bone "seat09"
                    {Matrix34
                        -0.9995 0.0262 -0.0174
                        -0.0262 -0.9997 -0.0005
                        -0.0175 0.0000 0.9998
                        16.0767 -52.6060 18.6432
                    }
                }
                {bone "seat10"
                    {Matrix34
                        0.9956 0.0941 -0.0003
                        -0.0941 0.9956 -0.0028
                        0.0000 0.0028 1.0000
                        -19.5963 -52.5359 18.1471
                    }
                }
            }
            {bone "FXsmoke1"
                {Matrix34
                    -0.7473 -0.6635 0.0349
                    -0.0052 -0.0466 -0.9989
                    0.6644 -0.7467 0.0314
                    -25.4736 5.4084 -20.5468
                }
            }
            {bone "FXstop2"
                {Matrix34
                    0.2347 -0.9721 -0.0039
                    -0.0001 0.0040 -1.0000
                    0.9721 0.2347 0.0009
                    16.3801 -71.9300 -12.0647
                }
            }
            {bone "FXstop1"
                {Matrix34
                    0.0051 -0.9999 -0.0124
                    0.0031 -0.0124 0.9999
                    -1.0000 -0.0052 0.0031
                    -18.5229 -72.4052 -11.6975
                }
            }
            {bone "engine"
                {parameters "ID=engine;"}
                {Position 1.5000 -0.2000 -72.8000}
                {VolumeView "engine.ply"}
                {bone "FXfire1"
                    {Matrix34
                        -0.0099 0.0016 0.9999
                        0.0000 1.0000 -0.0016
                        -1.0000 0.0000 -0.0099
                        -1.5930 48.4041 57.5945
                    }
                }
                {bone "FXsteam"
                    {Matrix34
                        -0.0066 0.0032 1.0000
                        0.0140 0.9999 -0.0031
                        -0.9999 0.0139 -0.0066
                        0.2141 54.4800 61.5304
                    }
                }
            }
        }
        {bone "pivot_back"
            {parameters "ID=body;"}
            {Matrix34
                0.9965 0.0116 0.0831
                -0.0131 0.9997 0.0180
                -0.0829 -0.0190 0.9964
                -46.2417 -0.0126 10.3764
            }
            {VolumeView "pivot_back.ply"}
            {bone "FXdust"
                {Matrix34
                    -0.9982 0.0085 0.0588
                    0.0590 0.0242 0.9979
                    0.0070 0.9996 -0.0246
                    -6.7030 -0.0705 -0.2833
                }
            }
            {bone revolute "spring_R"
                {Matrix34
                    0.9961 -0.0098 -0.0882
                    0.0079 0.9997 -0.0216
                    0.0884 0.0208 0.9959
                    1.6263 -13.3341 0.5743
                }
                {bone revolute "wheelR2"
                    {parameters "ID=wheelright2;"}
                    {Matrix34
                        1.0000 0.0000 0.0070
                        0.0070 -0.0121 -0.9999
                        0.0001 0.9999 -0.0121
                        0.0000 -4.2300 0.0066
                    }
                    {VolumeView "wheelR2.ply"}
                }
                {bone "FXtraceR2"
                    {Matrix34
                        -0.9941 -0.0040 0.1083
                        -0.1083 0.0102 -0.9941
                        0.0029 -0.9999 -0.0105
                        -11.7341 -4.2848 -6.6000
                    }
                }
            }
            {bone revolute "spring_L"
                {Matrix34
                    0.9963 -0.0119 -0.0849
                    0.0090 0.9994 -0.0336
                    0.0852 0.0328 0.9958
                    2.0098 18.1061 -0.0015
                }
                {bone revolute "wheelL2"
                    {parameters "ID=wheelleft2;"}
                    {Matrix34
                        1.0000 0.0000 0.0000
                        0.0000 0.0024 -1.0000
                        0.0000 1.0000 0.0024
                        0.0000 1.3517 0.2615
                    }
                    {VolumeView "wheelL2.ply"}
                }
                {bone "FXtraceL2"
                    {Matrix34
                        -0.9958 -0.0908 0.0107
                        -0.0122 0.0157 -0.9998
                        0.0906 -0.9957 -0.0167
                        -12.1899 1.1820 -6.3742
                    }
                }
            }
        }
        {bone "pivot_front"
            {Matrix34
                -0.9999 -0.0103 0.0107
                0.0106 -0.9996 0.0258
                0.0105 0.0259 0.9996
                36.9363 0.2075 11.9990
            }
            {VolumeView "pivot_front.ply"}
            {bone revolute "steer_L"
                {Matrix34
                    0.9993 -0.0295 -0.0218
                    -0.0295 -0.9995 0.0004
                    -0.0218 0.0003 -0.9998
                    -0.6726 -18.0689 0.8011
                }
                {bone revolute "wheelL1"
                    {parameters "ID=wheelleft1;"}
                    {Matrix34
                        1.0000 0.0000 0.0000
                        0.0000 -0.0087 -1.0000
                        0.0000 1.0000 -0.0087
                        0.0000 1.0096 1.0912
                    }
                    {VolumeView "wheelL1.ply"}
                }
                {bone "FXtraceL1"
                    {Matrix34
                        1.0000 0.0000 0.0000
                        0.0000 0.0000 -1.0000
                        0.0000 1.0000 0.0000
                        9.0000 1.4300 8.9100
                    }
                }
            }
            {bone revolute "steer_R"
                {Matrix34
                    0.9996 -0.0141 -0.0222
                    -0.0140 -0.9998 0.0082
                    -0.0223 -0.0079 -0.9997
                    -0.3468 16.9390 -0.2356
                }
                {bone revolute "wheelR1"
                    {parameters "ID=wheelright1;"}
                    {Matrix34
                        1.0000 0.0000 0.0000
                        0.0000 -0.0035 -1.0000
                        0.0000 1.0000 -0.0035
                        0.0000 -0.6965 1.0024
                    }
                    {VolumeView "wheelR1.ply"}
                }
                {bone "FXtraceR1"
                    {Matrix34
                        1.0000 0.0000 0.0000
                        0.0000 -0.0047 -1.0000
                        0.0000 1.0000 -0.0047
                        8.8000 -1.4576 9.0070
                    }
                }
            }
        }
        {bone "emit1"
            {Matrix34
                0.0000 1.0000 0.0000
                -1.0000 0.0000 0.0000
                0.0000 0.0000 1.0000
                26.4411 -33.2552 0.4026
            }
            {visibility 0}
        }
        {bone "emit2"
            {Matrix34
                0.0000 -1.0000 0.0000
                1.0000 0.0000 0.0000
                0.0000 0.0000 1.0000
                26.2661 31.7831 0.0026
            }
            {visibility 0}
        }
        {bone "emit3"
            {parameters "Group=passengers;"}
            {Matrix34
                1.0000 -0.0052 0.0000
                0.0052 1.0000 0.0000
                0.0000 0.0000 1.0000
                -90.4281 13.9737 0.0000
            }
        }
        {bone "emit4"
            {parameters "Group=passengers;"}
            {Position -90.5000 -12.6000 0.2000}
        }
    }
}
{Volume "engine"
    {Box 28.0755 20.5527 17.3543}
    {Bone "cabin"}
    {Matrix34
        0.7319 -0.0021 0.0016
        0.0088 0.3275 -0.0179
        -0.0203 -0.0135 1.1920
        -1.4251 50.2010 74.3768
    }
}
{Volume "fuel"
    {Box 16.6790 27.0599 5.7882}
    {Bone "body"}
    {Matrix34
        0.0000 -0.9344 0.0000
        0.7398 0.0000 0.0000
        0.0000 0.0000 1.0000
        0.3154 6.0427 -15.3314
    }
}
{Volume "bodyback"
    {Box 125.8630 20.4690 8.6242}
    {Bone "bodyback"}
    {Matrix34
        0.0000 -0.6943 0.0000
        1.2754 0.0000 0.0000
        0.0000 0.0000 1.3217
        0.0000 -23.3784 18.9427
    }
}
{Volume "body"
    {Box 125.8630 20.4690 8.6242}
    {Bone "body"}
    {Matrix34
        0.0000 -0.8035 0.0000
        1.0458 0.0000 0.0000
        0.0000 0.0000 1.0859
        0.0000 -16.7824 -18.3718
    }
}
{Volume "Inventory"
    {Box 67.7672 40.9477 17.0017}
    {Bone "body"}
    {Matrix34
        -0.0047 0.8886 0.0000
        -0.3672 -0.0019 0.0000
        0.0000 0.0000 0.5458
        0.0670 -12.7953 -6.2831
    }
}

{Volume "cabin"
    {Box 20.9995 34.4692 33.0145}
    {Bone "cabin"}
    {Matrix34
        0.0085 -0.9422 0.0002
        1.0288 0.0114 -0.0036
        0.0035 -0.0105 1.0108
        -1.7233 35.7285 82.2841
    }
}
{Volume "glass"
    {Box 29.8792 6.7199 1.4019}
    {Bone "glass"}
    {Matrix34
        -1.0543 -0.0050 -0.0047
        -0.0039 -0.1750 0.9770
        -0.0033 0.7245 0.2374
        -1.0406 44.5570 112.9619
    }
}
{Volume "wheelright2"
    {Cylinder 10.25610 5.42746}
    {Bone "WheelR2"}
    {Matrix34
        -1.0000 0.0000 0.0000
        0.0000 -1.0000 0.0000
        0.0000 0.0000 1.0000
        0.0148 0.0000 0.0349
    }
}
{Volume "wheelleft2"
    {Cylinder 10.25610 5.42746}
    {Bone "WheelL2"}
    {Matrix34
        -1.0000 0.0000 0.0000
        0.0000 -1.0000 0.0000
        0.0000 0.0000 1.0000
        0.0376 0.0000 -0.0079
    }
}
{Volume "wheelleft1"
    {Cylinder 10.25610 5.42746}
    {Bone "WheelL1"}
    {Matrix34
        -1.0000 0.0000 0.0000
        0.0000 -1.0000 0.0000
        0.0000 0.0000 1.0000
        0.0000 0.0000 -0.0012
    }
}
{Volume "wheelright1"
    {Cylinder 10.25610 5.42746}
    {Bone "WheelR1"}
    {Matrix34
        -1.0000 0.0000 0.0000
        0.0000 -1.0000 0.0000
        0.0000 0.0000 1.0000
        0.0000 0.0000 0.0349
    }
}