;Exported by: dinsen
;Date:        Tue Feb 08 11:59:21 2011
;File:        C:\Archivos de programa\Autodesk\3dsMax8\scenes\m4a3e2_x.max
{Skeleton
	{bone "basis"
		{Orientation
			1.0000	0.0000	0.0000
			0.0000	-1.0000	0.0000
			0.0000	0.0000	1.0000
		}
		{bone "wheelsL"
			{parameters "ID=trackleft;"}
			{Matrix34
				0.9997	0.0041	-0.0230
				-0.0041	1.0000	0.0000
				0.0230	0.0001	0.9997
				1.7929	21.2826	7.2979
			}
			{VolumeView "wheelsL.ply"}
			{bone revolute "wheelL3"
				{parameters "ID=trackleft;"}
				{Matrix34
					-0.9997	0.0041	-0.0230
					-0.0230	0.0002	0.9997
					0.0041	1.0000	-0.0001
					36.3801	0.1420	0.4506
				}
				{VolumeView "wheelL3.ply"}
			}
			{bone revolute "wheelL4"
				{parameters "ID=trackleft;"}
				{Matrix34
					-0.9997	0.0041	-0.0230
					-0.0230	0.0002	0.9997
					0.0041	1.0000	-0.0001
					20.0511	0.2027	0.0824
				}
				{VolumeView "wheelL4.ply"}
			}
			{bone revolute "wheelL5"
				{parameters "ID=trackleft;"}
				{Matrix34
					-0.9997	0.0041	-0.0230
					-0.0230	0.0002	0.9997
					0.0041	1.0000	-0.0001
					8.6650	0.2450	-0.1742
				}
				{VolumeView "wheelL5.ply"}
			}
			{bone revolute "wheelL6"
				{parameters "ID=trackleft;"}
				{Matrix34
					-0.9997	0.0041	-0.0230
					-0.0230	0.0002	0.9997
					0.0041	1.0000	-0.0001
					-7.6335	0.3055	-0.5418
				}
				{VolumeView "wheelL6.ply"}
			}
			{bone revolute "wheelL7"
				{parameters "ID=trackleft;"}
				{Matrix34
					-0.9997	0.0041	-0.0230
					-0.0230	0.0002	0.9997
					0.0041	1.0000	-0.0001
					-19.6449	0.3502	-0.8126
				}
				{VolumeView "wheelL7.ply"}
			}
			{bone revolute "wheelL8"
				{parameters "ID=trackleft;"}
				{Matrix34
					-0.9997	0.0041	-0.0230
					-0.0230	0.0002	0.9997
					0.0041	1.0000	-0.0001
					-35.9369	0.4108	-1.1799
				}
				{VolumeView "wheelL8.ply"}
			}
		}
		{bone "wheelsR"
			{parameters "ID=trackright;"}
			{Matrix34
				0.9997	0.0041	-0.0230
				-0.0041	1.0000	0.0000
				0.0230	0.0001	0.9997
				1.7165	-20.6118	7.3323
			}
			{VolumeView "wheelsR.ply"}
			{bone revolute "wheelR3"
				{parameters "ID=trackright;"}
				{Matrix34
					-0.9997	0.0041	-0.0230
					-0.0230	0.0000	0.9997
					0.0041	1.0000	0.0001
					36.4928	-0.3076	0.4352
				}
				{VolumeView "wheelR3.ply"}
			}
			{bone "part2"
				{Matrix34
					-0.9997	0.0041	-0.0230
					-0.0230	0.0000	0.9997
					0.0041	1.0000	0.0001
					20.1500	-0.2469	0.0675
				}
				{VolumeView "part2.ply"}
			}
			{bone "part3"
				{Matrix34
					-0.9997	0.0041	-0.0230
					-0.0230	0.0000	0.9997
					0.0041	1.0000	0.0001
					8.7951	-0.2047	-0.1892
				}
				{VolumeView "part3.ply"}
			}
			{bone "part4"
				{Matrix34
					-0.9997	0.0041	-0.0230
					-0.0230	0.0000	0.9997
					0.0041	1.0000	0.0001
					-7.5454	-0.1440	-0.5569
				}
				{VolumeView "part4.ply"}
			}
			{bone revolute "wheelR7"
				{parameters "ID=trackright;"}
				{Matrix34
					-0.9997	0.0041	-0.0230
					-0.0230	0.0000	0.9997
					0.0041	1.0000	0.0001
					-19.5333	-0.0995	-0.8279
				}
				{VolumeView "wheelR7.ply"}
			}
			{bone revolute "wheelR8"
				{parameters "ID=trackright;"}
				{Matrix34
					-0.9997	0.0041	-0.0230
					-0.0230	0.0000	0.9997
					0.0041	1.0000	0.0001
					-35.8806	-0.0387	-1.1969
				}
				{VolumeView "wheelR8.ply"}
			}
		}
		{bone "body"
			{parameters "ID=body;"}
			{Matrix34
				0.9997	0.0041	-0.0230
				-0.0041	1.0000	0.0000
				0.0230	0.0001	0.9997
				-3.8606	0.2889	20.1306
			}
			{VolumeView "body.ply"}
			{bone revolute "mgun_rot2"
				{limits -10.0000 10.0000}
				{Position 43.9767	-10.9644	11.3470}
				{VolumeView "mgun_rot2.ply"}
				{bone revolute "mgun2"
					{parameters "ID=mgun2;"}
					{limits -10.0000 10.0000}
					{Matrix34
						0.9997	-0.0041	0.0230
						-0.0230	0.0000	0.9997
						-0.0041	-1.0000	-0.0001
						0.3549	0.0009	-0.0020
					}
					{VolumeView "mgun2.ply"}
				}
			}
			{bone "part1"
				{Matrix34
					-0.9997	0.0041	-0.0230
					-0.0230	0.0000	0.9997
					0.0041	1.0000	0.0001
					52.9721	20.3651	-4.2289
				}
				{VolumeView "part1.ply"}
			}
			{bone revolute "turret"
				{parameters "ID=turret;"}
				{speed 0.0100}
				{Position 3.4972	0.0282	18.3911}
				{VolumeView "turret.ply"}
				{bone revolute "gun_rot"
					{parameters "ID=gun;"}
					{limits -10.0000 10.0000}
					{Matrix34
						0.9997	-0.0041	0.0230
						-0.0230	0.0000	0.9997
						-0.0041	-1.0000	-0.0001
						21.1644	-0.5271	10.2035
					}
					{VolumeView "gun_rot.ply"}
					{bone "gun"
						{parameters "ID=gun;"}
						{Matrix34
							0.9997	-0.0230	-0.0041
							-0.0041	0.0000	-1.0000
							0.0230	0.9997	-0.0001
							3.4888	-0.5380	0.2355
						}
						{VolumeView "gun.ply"}
					}
				}
				{bone "number1"
					{Position -9.7381	-20.5616	9.0686}
					{VolumeView "number1.ply"}
				}
				{bone "number2"
					{Position -3.3090	21.5350	9.2061}
					{VolumeView "number2.ply"}
				}
				{bone "cover1"
					{Matrix34
						-0.5599	-0.0003	-0.8285
						-0.0004	1.0000	0.0000
						0.8285	0.0003	-0.5599
						-13.8239	-8.8248	18.5881
					}
					{VolumeView "cover1.ply"}
				}
			}
			{bone "engine"
				{parameters "ID=engine;"}
				{Position -44.5367	0.2766	12.7224}
							}
			{bone revolute "wheelR2"
				{Matrix34
					-0.9997	0.0041	-0.0230
					-0.0230	0.0000	0.9997
					0.0041	1.0000	0.0001
					-45.9531	-19.9539	-8.6969
				}
				{VolumeView "wheelR2.ply"}
			}
			{bone revolute "wheelL2"
				{Matrix34
					-0.9997	0.0041	-0.0230
					-0.0230	0.0002	0.9997
					0.0041	1.0000	-0.0001
					-45.7431	21.0790	-8.6724
				}
				{VolumeView "wheelL2.ply"}
			}
			{bone revolute "wheelR1"
				{Matrix34
					-0.9997	0.0041	-0.0230
					-0.0230	0.0000	0.9997
					0.0041	1.0000	0.0001
					52.9036	-20.5586	-4.1925
				}
				{VolumeView "wheelR1.ply"}
			}
		}
	}
}
{Volume "body1"
	{Polyhedron "body1.vol"}
	{Bone "body"}
	{Matrix34
		0.9997	-0.0041	0.0230
		0.0041	1.0000	0.0001
		-0.0230	0.0000	0.9997
		1.3552	0.0000	-58.9516
	}
}
{Volume "body"
	{Polyhedron "body.vol"}
	{Bone "body"}
	{Matrix34
		0.9997	-0.0041	0.0230
		0.0041	1.0000	0.0001
		-0.0230	0.0000	0.9997
		1.3552	0.0000	-58.9516
	}
}
{Volume "turret"
	{Polyhedron "turret.vol"}
	{Bone "turret"}
	{Matrix34
		0.9997	-0.0041	0.0230
		0.0041	1.0000	0.0001
		-0.0230	0.0000	0.9997
		-4.1166	0.0186	-17.6234
	}
}
{Volume "part1"
	{Cylinder 7.38475 7.7000}
	{Bone "part1"}
	{Position 0.0000	0.0000	0.6500}
}
{Volume "part2"
	{Cylinder 5.08475 4.000}
	{Bone "part2"}
	{Position 0.0000	0.0000	0.0000}
}
{Volume "part3"
	{Cylinder 5.08475 4.000}
	{Bone "part3"}
	{Position 0.0000	0.0000	0.0000}
}
{Volume "part4"
	{Cylinder 5.08475 4.000}
	{Bone "part4"}
	{Position 0.0000	0.0000	0.0000}
}
