{mission
	{Camera
		{Position 3879.39 4453.29}
		{Distance 951}
		{ViewAngle 0.299038}
		{YawAngle 82.1561}
	}
	{Environment "day_norainy2"}
	{User 2}
	{GameProgress 0 0}
	{Human "usa.marine.mgun" 0x8000
		{Position 3796.49 4729.16 0}
		{Turn 3.05828}
		{Extender "inventory"
			{box
				{clear}
				{item "weapon bar" filling "ammo mgun" 20 {cell 0 0}}
				{item "ammo mgun" 80 {cell 6 0}}
				{item "ammo mgun" 80 {cell 6 1}}
				{item "bandage" 4 {cell 6 3}}
				{item "knife" {cell 6 2}}
			}
		}
		{Player 2}
		{MID 1}
		{NameId 69 61}
		{Cover
			{sector 3796.49 4729.16 {type "hide_stand"}
				{wall 0 0 3791.71 4687.32 3788.08 4755.26}
			}
		}
		{FsmState "stand"}
	}
	{Human "usa.marine.smg" 0x8001
		{Position 4013.29 4739.39 0}
		{Turn 3.35034}
		{Extender "inventory"
			{box
				{clear}
				{item "thompson" filling "ammo pistol" 30 {cell 0 0}}
				{item "ammo pistol" 90 {cell 4 0}}
				{item "grenade n73at" {cell 6 1}}
				{item "grenade m61" {cell 7 0}}
				{item "grenade smoke" {cell 6 0}}
				{item "grenade tntpack" {cell 6 2}}
				{item "ammo pistol" 90 {cell 4 1}}
				{item "dynamite" {cell 4 2}}
			}
		}
		{Player 2}
		{MID 2}
		{NameId 125 12}
		{Cover
			{sector 4013.29 4739.39 {type "squat_lie"}
				{wall 0 0 4019.57 4751.9 4021.92 4711.76}
			}
		}
		{FsmState "squat"}
	}
	{Human "usa.marine.smg" 0x8002
		{Position 3935.88 4670.61 0}
		{Turn -129.48}
		{Extender "inventory"
			{box
				{clear}
				{item "grenade m61" {cell 7 0}}
				{item "ammo pistol" 90 {cell 5 0}}
				{item "m3a" filling "ammo pistol" 30 {cell 0 0}}
			}
		}
		{Player 2}
		{MID 3}
		
		{NameId 102 99}
		{FsmState "squat"}
	}
	{Human "usa.marine2.smg" 0x8003
		{Position 4007.2 4603.03 0}
		{Turn 96.3824}
		{Extender "inventory"
			{box
				{clear}
				{item "ammo pistol" 90 {cell 6 0}}
				{item "ammo pistol" 90 {cell 6 1}}
				{item "grenade an_m14" {cell 4 0}}
				{item "grenade m61" {cell 5 1}}
				{item "grenade m61" {cell 4 1}}
				{item "bandage" 3 {cell 6 2}}
			}
		}
		{Player 2}
		{MID 4}
		{Weaponry
			{State
				{Mounted "m3a"}
				{Weapon
					{Ammo "ammo pistol" 30}
				}
			}
		}
		{NameId 87 22}
		{Cover
			{sector 4007.2 4603.03 {type "look_left"}
				{wall 0 0 4020.1 4597.43 3994.62 4594.58}
			}
		}
		{FsmState "stand"}
	}
	{Human "usa.marine.rifle" 0x8004
		{Position 3931.51 4619.76 0}
		{Turn 118.721}
		{Extender "inventory"
			{box
				{clear}
				{item "m1_kn" filling "ammo rifle" 8 {cell 0 0}}
				{item "ammo rifle" 40 {cell 7 0}}
				{item "bandage" 4 {cell 5 0}}
				{item "grenade an_m14" {cell 6 1}}
				{item "grenade m61" {cell 4 0}}
			}
		}
		{Player 2}
		{MID 5}
		{NameId 99 40}
		{LastThrowItem "bayonet"}
		{FsmState "squat"}
	}
	{Human "usa.marine.rifle" 0x8005
		{Position 3801.63 4635.86 0}
		{Turn -176.765}
		{Extender "inventory"
			{box
				{clear}
				{item "bayonet" {cell 7 0}}
				{item "grenade m61" {cell 6 0}}
				{item "ammo rifle" 40 {cell 5 0}}
				{item "grenade m61" {cell 6 1}}
				{item "grenade m61" {cell 5 1}}
				{item "bandage" 4 {cell 6 3}}
			}
		}
		{Player 2}
		{MID 6}
		{Weaponry
			{State
				{Mounted "m1"}
				{Weapon
					{Ammo "ammo rifle" 8}
				}
			}
		}
		{NameId 74 27}
		{Cover
			{sector 3801.63 4635.86 {type "squat_lie"}
				{wall 0 0 3798.13 4573.78 3791.52 4690.72}
			}
		}
		{FsmState "squat"}
	}
	{Human "usa.marine_medic" 0x8006
		{Position 3894.01 4622.12 0}
		{Turn 11.4932}
		{Extender "inventory"
			{box
				{clear}
				{item "bandage" 5 {cell 6 0}}
				{item "bandage" 5 {cell 6 1}}
				{item "morphine" 10 {cell 6 2}}
				{item "colt" filling "ammo pistol" 7 {cell 4 0}}
				{item "ammo pistol" 21 {cell 4 3}}
				{item "knife" {cell 4 2}}
				{item "ammo rifle" 30 {cell 4 1}}
				{item "grenade smoke" {cell 5 1}}
				{item "m2_carbine" filling "ammo rifle" 15 {cell 0 0}}
			}
		}
		{Player 2}
		{MID 7}
		{NameId 125 13}
		{FsmState "squat"}
	}
	{Human "usa.marine.all" 0x8007
		{Position 3911.59 4673.29 0}
		{Turn -59.7818}
		{Extender "inventory"
			{box
				{clear}
				{item "ammo pistol" 30 {cell 6 0}}
				{item "m3a" filling "ammo pistol" 30 {cell 0 0}}
			}
			{armor "body"
				{Item "usa_equip3"}
			}
		}
		{Player 2}
		{MID 8}
		
		{NameId 69 63}
		{LastItem "thompson"}
		{FsmState "squat"}
	}
	{Entity "watch-tower" 0x800e
		{Position 2010.41 1600.04 0}
		{Turn 142.704}
	}
	{Entity "type1_tower" 0x8008
		{Position 2009.51 1599.39 121.349}
		{Orientation
			 -0.795516   0.605933   0.000000
			 -0.605933  -0.795516   0.000000
			  0.000000   0.000000   1.000000
		}
		{DisableObstacles}
		{Player 1}
		{MID 9}
		
	}
	{Entity "watch-tower" 0x800f
		{Position 2013.36 978.547 0}
		{Turn -141.209}
	}
	{Entity "type1_tower" 0x8009
		{Position 2013.78 977.514 121.349}
		{Orientation
			 -0.779437  -0.626481   0.000000
			  0.626481  -0.779437   0.000000
			  0.000000   0.000000   1.000000
		}
		{DisableObstacles}
		{Player 1}
		{MID 10}
		
	}
	{Entity "watch-tower" 0x8010
		{Position 3269.12 962.085 0}
		{Turn -47.4393}
	}
	{Entity "type1_tower" 0x800a
		{Position 3270.12 962.569 121.349}
		{Orientation
			  0.676371  -0.736561   0.000000
			  0.736561   0.676371   0.000000
			  0.000000   0.000000   1.000000
		}
		{DisableObstacles}
		{Player 1}
		{MID 11}
		
	}
	{Entity "watch-tower" 0x8011
		{Position 3577.48 2336.63 0}
		{Turn 39.6346}
	}
	{Entity "type1_tower" 0x800b
		{Position 3577.05 2337.66 121.349}
		{Orientation
			  0.770128   0.637889   0.000000
			 -0.637889   0.770128   0.000000
			  0.000000   0.000000   1.000000
		}
		{DisableObstacles}
		{Player 1}
		{MID 12}
		
	}
	{Entity "watch-tower" 0x8012
		{Position 3655.73 1358.69 0}
		{Turn -34.5099}
	}
	{Entity "type1_tower" 0x800c
		{Position 3656.6 1359.39 121.349}
		{Orientation
			  0.824028  -0.566549   0.000000
			  0.566549   0.824028   0.000000
			  0.000000   0.000000   1.000000
		}
		{DisableObstacles}
		{Player 1}
		{MID 13}
		
	}
	{Entity "watch-tower" 0x8013
		{Position 2027.18 2381.87 0}
		{Turn 119.486}
	}
	{Entity "type1_tower" 0x800d
		{Position 2026.09 2381.63 121.349}
		{Orientation
			 -0.492211   0.870476   0.000000
			 -0.870476  -0.492211   0.000000
			  0.000000   0.000000   1.000000
		}
		{DisableObstacles}
		{Player 1}
		{MID 14}
	}
	{Human "jap.oficer" 0x8014
		{Position 2053.25 744.098 0}
		{Turn 129.899}
		{Player 1}
		{MID 15}
		{NameId 18 25}
		{FsmState "stand"}
	}
	{Human "jap.soldier" 0x8015
		{Position 2076.55 722.153 0}
		{Turn 146.942}
		{Player 1}
		{MID 16}
		{NameId 2 10}
		{FsmState "stand"}
	}
	{Human "jap.soldier" 0x8016
		{Position 2100.97 703.598 0}
		{Turn 147.442}
		{Extender "inventory"
			{box
				{clear}
				{item "arisaka_kn" filling "ammo rifle" 5 {cell 0 0}}
				{item "ammo rifle" 20 {cell 4 0}}
				{item "grenade type23" {cell 6 0}}
			}
		}
		{Player 1}
		{MID 17}
		{NameId 61 19}
		{FsmState "stand"}
	}
	{Human "jap.soldier" 0x8017
		{Position 2124.11 687.609 0}
		{Turn 153.093}
		{Player 1}
		{MID 18}
		{NameId 73 78}
		{FsmState "stand"}
	}
	{Entity "ha-go" 0x8018
		{Position 201.619 254.122 0}
		{TexMod "ambush"}
		{Player 1}
		{MID 19}
	}
	{Entity "ha-go" 0x8019
		{Position 124.418 253.01 0}
		{Turn 1.70217}
		{TexMod "ambush"}
		{Player 1}
		{MID 20}
		
	}
	{Entity "ho-ha" 0x801a
		{Position 5822.94 1478.08 0}
		{Turn -153.616}
		{Extender "inventory"
			{box
				{clear}
				{item "ammo mgun" 900 {cell 0 0}}
				{item "pala" {cell 0 2}}
				{item "grenade type3at" {cell 0 3}}
				{item "grenade type23" {cell 3 5}}
				{item "grenade type23" {cell 4 5}}
				{item "wires" {cell 0 4}}
				{item "can" {cell 3 1}}
			}
		}
		{Player 1}
		{MID 21}
		
	}
	{Entity "isuzu-ammo" 0x801b
		{Position 5849.26 1492.52 0}
		{Turn -148.753}
		{Extender "inventory"
			{box
				{clear}
				{item 0x8052 "small_box" {cell 0 0}}
				{item 0x8051 "small_box" {cell 0 2}}
				{item 0x8061 "box" {cell 4 0}}
			}
		}
		{Player 1}
		{MID 22}
		
	}
	{Entity "isuzu" 0x801c
		{Position 112.732 3767.31 0}
		{Turn 42.9169}
		{Player 1}
		{MID 23}
		
	}
	{Entity "type93" 0x801d
		{Position 134.001 3786.44 0}
		{Turn 42.2148}
		{Player 1}
		{MID 24}
		
	}
	{Entity "bmw-r12j" 0x801e
		{Position 186.772 3833.98 0}
		{Turn 44.2293}
		{Player 1}
		{MID 25}
		
	}
	{Entity "bike" 0x801f
		{Position 1673.68 5007.43 0}
		{Turn -37.6898}
		{Player 1}
		{MID 26}
	}
	{Entity "isuzu" 0x8020
		{Position 1600.62 5048.29 0}
		{Turn -35.8624}
		{Extender "inventory"
			{box
				{clear}
				{item "barrel" filling "fuel" 75 {cell 0 0}}
				{item 0x803c "box" {cell 2 0}}
			}
		}
		{Player 1}
		{MID 27}
	}
	{Entity "oscar" 0x8021
		{Position 3050.87 1824.98 -10.5055}
		{Turn -103.916}
		{Player 1}
		{MID 28}
		
	}
	{Entity "oscar" 0x8022
		{Position 2653.71 1835.54 -10.5055}
		{Turn -103.863}
		{Player 1}
		{MID 29}
		
	}
	{Human "jap.tankman" 0x8023
		{Position 201.619 254.122 0}
		{Orientation
			  1.000000   0.000000   0.000000
			  0.000000  -1.000000   0.000000
			  0.000000   0.000000   1.000000
		}
		{Player 1}
		{MID 30}
		{NameId 18 26}
		{LastItem "type100"}
		{FsmState "board"}
	}
	{Human "jap.tankman" 0x8024
		{Position 201.619 254.122 0}
		{Orientation
			  1.000000   0.000000   0.000000
			  0.000000  -1.000000   0.000000
			  0.000000   0.000000   1.000000
		}
		{Player 1}
		{MID 31}
		{NameId 2 11}
		{LastItem "type100"}
		{FsmState "board"}
	}
	{Human "jap.tankman" 0x8025
		{Position 201.619 254.122 0}
		{Orientation
			  1.000000   0.000000   0.000000
			  0.000000  -1.000000   0.000000
			  0.000000   0.000000   1.000000
		}
		{Player 1}
		{MID 32}
		{NameId 61 20}
		{LastItem "type100"}
		{FsmState "board"}
	}
	{Human "jap.tankman" 0x8026
		{Position 124.418 253.01 0}
		{Orientation
			  0.999559   0.029704   0.000000
			  0.029704  -0.999559   0.000000
			  0.000000   0.000000   1.000000
		}
		{Player 1}
		{MID 33}
		{NameId 73 79}
		{LastItem "type100"}
		{FsmState "board"}
	}
	{Human "jap.tankman" 0x8027
		{Position 124.418 253.01 0}
		{Orientation
			  0.999559   0.029704   0.000000
			  0.029704  -0.999559   0.000000
			  0.000000   0.000000   1.000000
		}
		{Player 1}
		{MID 34}
		{NameId 68 32}
		{LastItem "type100"}
		{FsmState "board"}
	}
	{Human "jap.tankman" 0x8028
		{Position 124.418 253.01 0}
		{Orientation
			  0.999559   0.029704   0.000000
			  0.029704  -0.999559   0.000000
			  0.000000   0.000000   1.000000
		}
		{Player 1}
		{MID 35}
		{NameId 31 51}
		{LastItem "type100"}
		{FsmState "board"}
	}
	{Human "jap.infantry_smg" 0x8029
		{Position 168.344 233.196 17}
		{Turn -90}
		{DisableObstacles}
		{Player 1}
		{MID 36}
		{NameId 1 45}
		{LastItem "type100"}
		{FsmState "board"}
	}
	{Human "jap.infantry_rifle" 0x802a
		{Position 179.344 233.196 17}
		{Turn -90}
		{DisableObstacles}
		{Player 1}
		{MID 37}
		{NameId 13 87}
		{LastItem "arisaka"}
		{FsmState "board"}
	}
	{Human "jap.infantry_rifle" 0x802b
		{Position 1017.32 -148.7 33.8699}
		{Turn -19.6121}
		{Player 1}
		{MID 38}
		{NameId 0 87}
		{Cover
			{sector 1017.32 -148.7 {type "snipe_cover"}
				{wall 0 0 1034.87 -120.292 1020.47 -160.705}
			}
		}
		{FsmState "snipe"}
	}
	{Human "jap.infantry_rifle" 0x802c
		{Position 91.7789 231.105 17}
		{Turn -88.2978}
		{DisableObstacles}
		{Player 1}
		{MID 39}
		{NameId 88 57}
		{LastItem "arisaka"}
		{FsmState "board"}
	}
	{Human "jap.infantry_rifle" 0x802d
		{Position 102.774 231.432 17}
		{Turn -88.2978}
		{DisableObstacles}
		{Player 1}
		{MID 40}
		{NameId 66 99}
		{LastItem "arisaka"}
		{FsmState "board"}
	}
	{Human "jap.infantry_smg" 0x802e
		{Position 998.82 -112.395 29.2394}
		{Turn -15.5811}
		{Player 1}
		{MID 41}
		{NameId 52 50}
		{Cover
			{sector 998.82 -112.395 {type "look_left"}
				{wall 0 0 989.324 -120.388 1001.12 -78.0856}
			}
		}
		{FsmState "stand"}
	}
	{Human "jap.tankman" 0x802f
		{Position 1665.52 5005.57 -0.8506}
		{Orientation
			  0.787059  -0.608085  -0.103900
			  0.611386   0.791332   0.000000
			  0.082219  -0.063523   0.994600
		}
		{DisableObstacles}
		{Player 1}
		{MID 42}
		{NameId 52 45}
		{FsmState "board"}
	}
	{Human "jap.soldier" 0x8030
		{Position 1609.13 5050 14.9179}
		{Orientation
			  0.797026  -0.576154   0.180607
			  0.585841   0.810426   0.000000
			 -0.146369   0.105807   0.983465
		}
		{Extender "inventory"
			{box
				{clear}
				{item "ammo rifle" 20 {cell 7 0}}
				{item "arisaka" filling "ammo rifle" 5 {cell 0 0}}
			}
		}
		{DisableObstacles}
		{Player 1}
		{MID 43}
		{NameId 81 90}
		{LastItem "arisaka"}
		{FsmState "board"}
	}
	{Human "jap.infantry_smg" 0x8031
		{Position 1659.01 5010.6 6.953}
		{Orientation
			  0.779304  -0.602093   0.173600
			  0.611386   0.791332   0.000000
			 -0.137375   0.106137   0.984800
		}
		{DisableObstacles}
		{Player 1}
		{MID 44}
		{NameId 37 34}
		{LastItem "type100"}
		{FsmState "board"}
	}
	{Human "jap.infantry_mgun" 0x8032
		{Position 1545.86 5077.07 19.2319}
		{Orientation
			  0.674008   0.716337   0.180604
			 -0.728226   0.685225  -0.000045
			 -0.123798  -0.131503   0.983512
		}
		{Extender "inventory"
			{box
				{clear}
				{item "ammo mgun" 80 {cell 6 0}}
				{item "type97" filling "ammo mgun" 20 {cell 0 0}}
			}
		}
		{DisableObstacles}
		{Player 1}
		{MID 45}
		{NameId 3 52}
		{LastItem "type97"}
		{FsmState "board"}
	}
	{Human "jap.infantry_rifle" 0x8033
		{Position 1554.71 5070.05 19.8472}
		{Orientation
			  0.500632   0.846603   0.180599
			 -0.860667   0.509009   0.000026
			 -0.092009  -0.155471   0.983516
		}
		{Extender "inventory"
			{box
				{clear}
				{item "bayonet" {cell 7 0}}
				{item "ammo rifle" 25 {cell 6 0}}
				{item "arisaka" filling "ammo rifle" 5 {cell 0 0}}
			}
		}
		{DisableObstacles}
		{Player 1}
		{MID 46}
		{NameId 29 71}
		{LastItem "arisaka"}
		{FsmState "board"}
	}
	{Human "jap.infantry_rifle" 0x8034
		{Position 1572.09 5057.49 20.2166}
		{Orientation
			  0.560440   0.808304   0.180558
			 -0.821810   0.569762  -0.000002
			 -0.102955  -0.148422   0.983543
		}
		{Extender "inventory"
			{box
				{clear}
				{item "bayonet" {cell 7 0}}
				{item "ammo rifle" 25 {cell 6 0}}
				{item "arisaka" filling "ammo rifle" 5 {cell 0 0}}
			}
		}
		{DisableObstacles}
		{Player 1}
		{MID 47}
		{NameId 90 7}
		{LastItem "arisaka"}
		{FsmState "board"}
	}
	{Human "jap.infantry_rifle" 0x8035
		{Position 1580.19 5051.63 19.2328}
		{Orientation
			  0.500632   0.846603   0.180599
			 -0.860667   0.509009   0.000026
			 -0.092009  -0.155471   0.983516
		}
		{DisableObstacles}
		{Player 1}
		{MID 48}
		{NameId 34 0}
		{LastItem "arisaka"}
		{FsmState "board"}
	}
	{Human "jap.infantry_rifle" 0x8036
		{Position 1563.99 5063.34 19.2324}
		{Orientation
			  0.638602   0.766980   0.063113
			 -0.768135   0.640163  -0.008242
			 -0.046716  -0.043226   0.997926
		}
		{DisableObstacles}
		{Player 1}
		{MID 49}
		{NameId 26 85}
		{LastItem "arisaka"}
		{FsmState "board"}
	}
	{Human "jap.soldier" 0x9000
		{Position 1600.14 5042.39 15.1503}
		{Turn -35.8624}
		{Extender "inventory"
			{box
				{clear}
				{item "ammo pistol" 60 {cell 6 0}}
				{item "type100" filling "ammo pistol" 30 {cell 0 0}}
			}
		}
		{DisableObstacles}
		{Player 1}
		{MID 50}
		{NameId 42 71}
		{LastItem "type100"}
		{FsmState "board"}
	}
	{Human "jap.infantry_smg" 0x8037
		{Position 1574.15 5079.95 19.2323}
		{Orientation
			 -0.633722  -0.771002   0.063190
			  0.772102  -0.635380  -0.008167
			  0.046394   0.043583   0.997895
		}
		{Extender "inventory"
			{box
				{clear}
				{item "ammo pistol" 90 {cell 4 0}}
				{item "grenade type23" {cell 6 0}}
				{item "grenade type23" {cell 7 0}}
				{item "type100" filling "ammo pistol" 30 {cell 0 0}}
			}
		}
		{DisableObstacles}
		{Player 1}
		{MID 51}
		{NameId 8 47}
		{LastItem "type100"}
		{FsmState "board"}
	}
	{Human "jap.infantry_smg" 0x8038
		{Position 1557.88 5091.56 19.2319}
		{Orientation
			 -0.495319  -0.849704   0.180633
			  0.863872  -0.503552  -0.000016
			  0.090940   0.155996   0.983514
		}
		{Extender "inventory"
			{box
				{clear}
				{item "ammo pistol" 90 {cell 4 0}}
				{item "grenade type3at" {cell 6 0}}
				{item "type100" filling "ammo pistol" 30 {cell 0 0}}
			}
		}
		{DisableObstacles}
		{Player 1}
		{MID 52}
		{NameId 54 87}
		{LastItem "type100"}
		{FsmState "board"}
	}
	{Human "jap.infantry_smg" 0x8039
		{Position 1583.47 5073.3 19.8476}
		{Orientation
			 -0.495319  -0.849704   0.180633
			  0.863872  -0.503552  -0.000016
			  0.090940   0.155996   0.983514
		}
		{Extender "inventory"
			{box
				{clear}
				{item "ammo pistol" 90 {cell 6 0}}
				{item "type100" filling "ammo pistol" 30 {cell 0 0}}
			}
		}
		{DisableObstacles}
		{Player 1}
		{MID 53}
		{NameId 29 16}
		{LastItem "type100"}
		{FsmState "board"}
	}
	{Human "jap.infantry_rifle" 0x803a
		{Position 1566.02 5085.75 20.2161}
		{Orientation
			 -0.555282  -0.811787   0.180572
			  0.825339  -0.564539   0.000005
			  0.102004   0.149109   0.983487
		}
		{DisableObstacles}
		{Player 1}
		{MID 54}
		{NameId 83 53}
		{LastItem "arisaka"}
		{FsmState "board"}
	}
	{Human "jap.infantry_rifle" 0x803b
		{Position 1592.37 5066.34 19.2328}
		{Orientation
			 -0.669537  -0.720433   0.180629
			  0.732506  -0.680669   0.000031
			  0.122964   0.132353   0.983517
		}
		{Extender "inventory"
			{box
				{clear}
				{item "bayonet" {cell 7 0}}
				{item "ammo rifle" 25 {cell 6 0}}
				{item "arisaka" filling "ammo rifle" 5 {cell 0 0}}
			}
		}
		{DisableObstacles}
		{Player 1}
		{MID 55}
		{NameId 88 6}
		{LastItem "arisaka"}
		{FsmState "board"}
	}
	{Entity "box1" 0x803c
		{Position 1575.97 5040.78 0}
		{Turn 19.3325}
		{Extender "inventory"
			{box
				{clear}
				{item "ammo pistol" 30 {cell 0 0}}
				{item "ammo pistol" 30 {cell 2 0}}
				{item "ammo pistol" 30 {cell 0 1}}
				{item "ammo pistol" 30 {cell 0 2}}
				{item "ammo pistol" 30 {cell 2 1}}
				{item "ammo pistol" 30 {cell 2 2}}
				{item "ammo pistol" 30 {cell 0 3}}
				{item "ammo pistol" 30 {cell 2 3}}
				{item "ammo pistol" 30 {cell 4 0}}
				{item "ammo pistol" 30 {cell 4 1}}
				{item "ammo pistol" 30 {cell 6 0}}
				{item "ammo pistol" 30 {cell 6 1}}
				{item "ammo pistol" 30 {cell 4 2}}
				{item "ammo pistol" 30 {cell 6 2}}
				{item "ammo pistol" 30 {cell 4 3}}
				{item "ammo pistol" 30 {cell 6 3}}
				{item "ammo mgun" 20 {cell 0 5}}
				{item "ammo mgun" 20 {cell 2 5}}
				{item "ammo mgun" 20 {cell 0 4}}
				{item "ammo mgun" 20 {cell 2 4}}
				{item "ammo mgun" 20 {cell 4 4}}
				{item "ammo mgun" 20 {cell 4 5}}
				{item "ammo rifle" 30 {cell 6 4}}
				{item "ammo rifle" 30 {cell 7 4}}
				{item "ammo rifle" 30 {cell 6 5}}
				{item "ammo rifle" 30 {cell 7 5}}
			}
		}
	}
	{Human "jap.infantry_smg" 0x803d
		{Position 174.964 3833.89 0.3124}
		{Turn 44.2293}
		{DisableObstacles}
		{Player 1}
		{MID 56}
		{NameId 70 76}
		{LastItem "type100"}
		{FsmState "board"}
	}
	{Human "jap.infantry_smg" 0x803e
		{Position 187.466 3825.64 -0.8506}
		{Orientation
			  0.712685   0.693765  -0.103900
			 -0.697532   0.716554   0.000000
			  0.074450   0.072474   0.994600
		}
		{DisableObstacles}
		{Player 1}
		{MID 57}
		{NameId 40 15}
		{FsmState "board"}
	}
	{Human "jap.infantry_rifle" 0x803f
		{Position 181.569 3819.9 6.953}
		{Orientation
			  0.705662   0.686929   0.173600
			 -0.697532   0.716554   0.000000
			 -0.124394  -0.121092   0.984800
		}
		{Extender "inventory"
			{box
				{clear}
				{item "bayonet" {cell 7 0}}
				{item "ammo rifle" 25 {cell 6 0}}
				{item "arisaka" filling "ammo rifle" 5 {cell 0 0}}
			}
		}
		{DisableObstacles}
		{Player 1}
		{MID 58}
		{NameId 15 98}
		{LastItem "arisaka"}
		{FsmState "board"}
	}
	{Human "jap.tankman" 0x8040
		{Position 134.001 3786.44 0}
		{Orientation
			  0.740631   0.671912   0.000000
			  0.671912  -0.740631   0.000000
			  0.000000   0.000000   1.000000
		}
		{Player 1}
		{MID 59}
		{NameId 7 8}
		{LastItem "type100"}
		{FsmState "board"}
	}
	{Human "jap.tankman" 0x8041
		{Position 134.001 3786.44 0}
		{Orientation
			  0.740631   0.671912   0.000000
			  0.671912  -0.740631   0.000000
			  0.000000   0.000000   1.000000
		}
		{Player 1}
		{MID 60}
		{NameId 75 57}
		{LastItem "type100"}
		{FsmState "board"}
	}
	{Human "jap.tankman" 0x8042
		{Position 134.001 3786.44 0}
		{Orientation
			  0.740631   0.671912   0.000000
			  0.671912  -0.740631   0.000000
			  0.000000   0.000000   1.000000
		}
		{Player 1}
		{MID 61}
		{NameId 79 30}
		{LastItem "type100"}
		{FsmState "board"}
	}
	{Human "jap.tankman" 0x8043
		{Position 134.001 3786.44 0}
		{Orientation
			  0.740631   0.671912   0.000000
			  0.671912  -0.740631   0.000000
			  0.000000   0.000000   1.000000
		}
		{Player 1}
		{MID 62}
		{NameId 38 5}
		{LastItem "type100"}
		{FsmState "board"}
	}
	{Human "jap.soldier" 0x8044
		{Position 118.425 3765.69 15.1503}
		{Turn 42.9169}
		{Extender "inventory"
			{box
				{clear}
				{item "ammo pistol" 24 {cell 6 0}}
				{item "nambu" filling "ammo pistol" 8 {cell 0 0}}
			}
			{armor "body"
				{Removed}
			}
		}
		{DisableObstacles}
		{Player 1}
		{MID 63}
		{NameId 86 93}
		{LastItem "nambu"}
		{FsmState "board"}
	}
	{Human "jap.soldier" 0x8045
		{Position 112.712 3775.99 14.9179}
		{Orientation
			  0.720233   0.669678   0.180607
			 -0.680937   0.732342   0.000000
			 -0.132266  -0.122982   0.983465
		}
		{Extender "inventory"
			{box
				{clear}
				{item "ammo pistol" 24 {cell 6 0}}
				{item "nambu" filling "ammo pistol" 8 {cell 0 0}}
			}
			{armor "body"
				{Removed}
			}
		}
		{DisableObstacles}
		{Player 1}
		{MID 64}
		{NameId 88 96}
		{LastItem "nambu"}
		{FsmState "board"}
	}
	{Human "jap.soldier" 0x8046
		{Position 73.851 3719.2 19.2319}
		{Orientation
			 -0.571490   0.800516   0.180604
			 -0.813832  -0.580969  -0.000045
			  0.104900  -0.147021   0.983512
		}
		{DisableObstacles}
		{Player 1}
		{MID 65}
		{NameId 30 69}
		{LastItem "arisaka_kn"}
		{FsmState "board"}
	}
	{Human "jap.soldier" 0x8047
		{Position 61.9771 3733.81 19.2319}
		{Orientation
			  0.737078  -0.651193   0.180633
			  0.662026   0.749374  -0.000016
			 -0.135319   0.119557   0.983514
		}
		{DisableObstacles}
		{Player 1}
		{MID 66}
		{NameId 23 78}
		{LastItem "arisaka_kn"}
		{FsmState "board"}
	}
	{Human "jap.soldier" 0x8048
		{Position 105.478 3747.92 19.2328}
		{Orientation
			 -0.733003   0.655802   0.180599
			 -0.666755  -0.745168   0.000026
			  0.134595  -0.120503   0.983516
		}
		{DisableObstacles}
		{Player 1}
		{MID 67}
		{NameId 31 85}
		{LastItem "arisaka_kn"}
		{FsmState "board"}
	}
	{Human "jap.soldier" 0x8049
		{Position 90.8392 3734.31 19.2324}
		{Orientation
			 -0.628055   0.775641   0.063113
			 -0.777397  -0.628884  -0.008242
			  0.033310  -0.054234   0.997926
		}
		{DisableObstacles}
		{Player 1}
		{MID 68}
		{NameId 22 35}
		{LastItem "arisaka_kn"}
		{FsmState "board"}
	}
	{Human "jap.soldier" 0x804a
		{Position 69.2538 3740.66 20.2161}
		{Orientation
			  0.688218  -0.702632   0.180572
			  0.714349   0.699710   0.000005
			 -0.126410   0.129069   0.983487
		}
		{DisableObstacles}
		{Player 1}
		{MID 69}
		{NameId 82 88}
		{LastItem "arisaka_kn"}
		{FsmState "board"}
	}
	{Human "jap.soldier" 0x804b
		{Position 98.1585 3741.11 20.2166}
		{Orientation
			 -0.683798   0.707014   0.180558
			 -0.718786  -0.695232  -0.000002
			  0.125551  -0.129868   0.983543
		}
		{DisableObstacles}
		{Player 1}
		{MID 70}
		{NameId 22 50}
		{LastItem "arisaka_kn"}
		{FsmState "board"}
	}
	{Human "jap.oficer" 0x804c
		{Position 82.4559 3726.51 19.8472}
		{Orientation
			 -0.733003   0.655802   0.180599
			 -0.666755  -0.745168   0.000026
			  0.134595  -0.120503   0.983516
		}
		{DisableObstacles}
		{Player 1}
		{MID 71}
		{NameId 64 64}
		{LastItem "nambu"}
		{FsmState "board"}
	}
	{Human "jap.soldier" 0x804d
		{Position 93.4239 3762.73 19.2328}
		{Orientation
			  0.576378  -0.796927   0.180629
			  0.810195   0.586054   0.000031
			 -0.105896   0.146368   0.983517
		}
		{Extender "inventory"
			{box
				{clear}
				{item "ammo pistol" 60 {cell 5 0}}
				{item "grenade type23" {cell 7 0}}
				{item "type100" filling "ammo pistol" 30 {cell 0 0}}
			}
		}
		{DisableObstacles}
		{Player 1}
		{MID 72}
		{NameId 33 6}
		{LastItem "type100"}
		{FsmState "board"}
	}
	{Human "jap.soldier" 0x804e
		{Position 84.8649 3755.36 19.8476}
		{Orientation
			  0.737078  -0.651193   0.180633
			  0.662026   0.749374  -0.000016
			 -0.135319   0.119557   0.983514
		}
		{Extender "inventory"
			{box
				{clear}
				{item "ammo pistol" 60 {cell 6 0}}
				{item "type100" filling "ammo pistol" 30 {cell 0 0}}
			}
		}
		{DisableObstacles}
		{Player 1}
		{MID 73}
		{NameId 60 92}
		{LastItem "type100"}
		{FsmState "board"}
	}
	{Human "jap.soldier" 0x804f
		{Position 76.5306 3747.51 19.2323}
		{Orientation
			  0.632949  -0.771636   0.063190
			  0.773477   0.633705  -0.008167
			 -0.033722   0.053988   0.997895
		}
		{Extender "inventory"
			{box
				{clear}
				{item "ammo pistol" 60 {cell 0 0}}
				{item "type100" filling "ammo pistol" 30 {cell 2 0}}
			}
		}
		{DisableObstacles}
		{Player 1}
		{MID 74}
		{NameId 12 75}
		{LastItem "type100"}
		{FsmState "board"}
	}
	{Entity "box_metal" 0x8050
		{Position 3913.86 4639.34 0}
		{Turn 9.83298}
		{Extender "inventory"
			{box
				{clear}
				{item "grenade m61" {cell 0 0}}
				{item "grenade m61" {cell 0 1}}
				{item "grenade m61" {cell 1 0}}
				{item "grenade m61" {cell 1 1}}
				{item "bandage" 5 {cell 6 1}}
				{item "knife" {cell 0 3}}
				{item "knife" {cell 0 4}}
				{item "knife" {cell 0 5}}
				{item "pala" {cell 2 5}}
				{item "pala" {cell 4 5}}
				{item "grenade smoke" {cell 2 4}}
				{item "grenade smoke" {cell 3 4}}
				{item "grenade smoke" {cell 4 4}}
				{item "grenade smoke" {cell 5 4}}
				{item "tnt" {cell 6 4}}
				{item "tnt" {cell 6 5}}
				{item "dynamite" {cell 6 2}}
				{item "bino" {cell 2 2}}
				{item "mine antipersonnel" {cell 4 2}}
				{item "mine antipersonnel" {cell 4 3}}
				{item "medkit" {cell 3 0}}
				{item "bandage" 5 {cell 6 0}}
				{item "grenade mk1" {cell 2 0}}
				{item "grenade mk1" {cell 2 1}}
				{item "grenade n73at" {cell 0 2}}
			}
		}
	}
	{Entity "box2" 0x8051
		{Position 5837.29 1459.76 0}
		{Turn 72.2077}
		{Extender "inventory"
			{box
				{clear}
				{item "ammo rifle" 25 {cell 0 5}}
				{item "ammo rifle" 25 {cell 1 5}}
				{item "ammo rifle" 25 {cell 2 5}}
				{item "ammo rifle" 25 {cell 3 5}}
				{item "ammo rifle" 25 {cell 0 4}}
				{item "ammo rifle" 25 {cell 1 4}}
				{item "ammo rifle" 25 {cell 0 3}}
				{item "ammo rifle" 25 {cell 1 3}}
				{item "ammo rifle" 25 {cell 2 4}}
				{item "ammo rifle" 25 {cell 2 3}}
				{item "ammo rifle" 25 {cell 3 4}}
				{item "ammo rifle" 25 {cell 3 3}}
				{item "ammo rifle" 25 {cell 4 5}}
				{item "ammo rifle" 25 {cell 4 4}}
				{item "ammo rifle" 25 {cell 4 3}}
				{item "ammo rifle" 25 {cell 5 5}}
				{item "ammo rifle" 25 {cell 5 4}}
				{item "ammo rifle" 25 {cell 5 3}}
				{item "ammo rifle" 25 {cell 6 3}}
				{item "ammo rifle" 25 {cell 7 3}}
				{item "ammo rifle" 25 {cell 6 4}}
				{item "ammo rifle" 25 {cell 7 4}}
				{item "ammo rifle" 25 {cell 6 5}}
				{item "ammo rifle" 25 {cell 7 5}}
				{item "ammo rifle" 25 {cell 0 2}}
				{item "ammo rifle" 25 {cell 1 2}}
				{item "ammo rifle" 25 {cell 2 0}}
				{item "ammo rifle" 25 {cell 2 2}}
				{item "ammo rifle" 25 {cell 3 2}}
				{item "ammo rifle" 25 {cell 0 1}}
				{item "ammo rifle" 25 {cell 1 1}}
				{item "ammo rifle" 25 {cell 2 1}}
				{item "ammo rifle" 25 {cell 3 0}}
				{item "ammo rifle" 25 {cell 3 1}}
				{item "ammo rifle" 25 {cell 5 0}}
				{item "ammo rifle" 25 {cell 4 0}}
				{item "ammo rifle" 25 {cell 4 1}}
				{item "ammo rifle" 25 {cell 4 2}}
				{item "ammo rifle" 25 {cell 6 0}}
				{item "ammo rifle" 25 {cell 7 0}}
				{item "ammo rifle" 25 {cell 7 1}}
				{item "ammo rifle" 25 {cell 5 1}}
				{item "ammo rifle" 25 {cell 6 1}}
				{item "ammo rifle" 25 {cell 7 2}}
				{item "ammo rifle" 25 {cell 6 2}}
				{item "ammo rifle" 25 {cell 1 0}}
				{item "ammo rifle" 25 {cell 5 2}}
				{item "ammo rifle" 25 {cell 0 0}}
			}
		}
	}
	{Entity "box2" 0x8052
		{Position 5825.73 1451.33 0}
		{Turn 62.6986}
		{Extender "inventory"
			{box
				{clear}
				{item "ammo pistol" 30 {cell 0 1}}
				{item "ammo pistol" 30 {cell 0 2}}
				{item "ammo pistol" 30 {cell 0 3}}
				{item "ammo pistol" 30 {cell 0 4}}
				{item "ammo pistol" 30 {cell 2 0}}
				{item "ammo pistol" 30 {cell 2 1}}
				{item "ammo pistol" 30 {cell 2 2}}
				{item "ammo pistol" 30 {cell 4 0}}
				{item "ammo pistol" 30 {cell 6 0}}
				{item "ammo pistol" 30 {cell 4 2}}
				{item "ammo pistol" 30 {cell 4 1}}
				{item "ammo pistol" 30 {cell 6 1}}
				{item "ammo pistol" 30 {cell 6 2}}
				{item "ammo pistol" 30 {cell 2 3}}
				{item "ammo pistol" 30 {cell 2 4}}
				{item "ammo pistol" 30 {cell 4 3}}
				{item "ammo pistol" 30 {cell 0 5}}
				{item "ammo pistol" 30 {cell 2 5}}
				{item "ammo pistol" 30 {cell 4 4}}
				{item "ammo pistol" 30 {cell 4 5}}
				{item "ammo pistol" 30 {cell 6 4}}
				{item "ammo pistol" 30 {cell 6 5}}
				{item "ammo pistol" 30 {cell 6 3}}
				{item "ammo pistol" 30 {cell 0 0}}
			}
		}
	}
	{Human "jap.infantry_rifle" 0x8053
		{Position 5857.13 1503.86 12.857}
		{Orientation
			  0.438705  -0.881686   0.173600
			  0.895303   0.445460   0.000000
			 -0.077324   0.155428   0.984800
		}
		{DisableObstacles}
		{Player 1}
		{MID 75}
		{NameId 18 27}
		{LastItem "arisaka"}
		{FsmState "board"}
	}
	{Human "jap.infantry_rifle" 0x8054
		{Position 5856.63 1484.56 12.857}
		{Orientation
			 -0.437630   0.882219   0.173600
			 -0.895836  -0.444385   0.000000
			  0.077145  -0.155517   0.984800
		}
		{DisableObstacles}
		{Player 1}
		{MID 76}
		{NameId 2 12}
		{LastItem "arisaka"}
		{FsmState "board"}
	}
	{Human "jap.infantry_rifle" 0x8055
		{Position 5866.56 1489.48 12.857}
		{Orientation
			 -0.437630   0.882219   0.173600
			 -0.895836  -0.444385   0.000000
			  0.077145  -0.155517   0.984800
		}
		{Extender "inventory"
			{box
				{clear}
				{item "bayonet" {cell 7 0}}
				{item "ammo rifle" 25 {cell 6 0}}
				{item "arisaka" filling "ammo rifle" 5 {cell 0 0}}
			}
		}
		{DisableObstacles}
		{Player 1}
		{MID 77}
		{NameId 61 21}
		{LastItem "arisaka"}
		{FsmState "board"}
	}
	{Human "jap.infantry_rifle" 0x8056
		{Position 5876.86 1494.59 12.857}
		{Orientation
			 -0.437630   0.882219   0.173600
			 -0.895836  -0.444385   0.000000
			  0.077145  -0.155517   0.984800
		}
		{Extender "inventory"
			{box
				{clear}
				{item "bayonet" {cell 7 0}}
				{item "ammo rifle" 25 {cell 6 0}}
				{item "arisaka" filling "ammo rifle" 5 {cell 0 0}}
			}
		}
		{DisableObstacles}
		{Player 1}
		{MID 78}
		{NameId 73 80}
		{LastItem "arisaka"}
		{FsmState "board"}
	}
	{Human "jap.infantry_rifle" 0x8057
		{Position 5848.01 1499.33 12.857}
		{Orientation
			  0.438705  -0.881686   0.173600
			  0.895303   0.445460   0.000000
			 -0.077324   0.155428   0.984800
		}
		{Extender "inventory"
			{box
				{clear}
				{item "bayonet" {cell 7 0}}
				{item "ammo rifle" 25 {cell 6 0}}
				{item "bandage" 2 {cell 5 1}}
				{item "arisaka" filling "ammo rifle" 5 {cell 0 0}}
			}
		}
		{DisableObstacles}
		{Player 1}
		{MID 79}
		{NameId 68 33}
		{LastItem "arisaka"}
		{FsmState "board"}
	}
	{Human "jap.infantry_smg" 0x8058
		{Position 5837.63 1494.18 12.857}
		{Orientation
			  0.438705  -0.881686   0.173600
			  0.895303   0.445460   0.000000
			 -0.077324   0.155428   0.984800
		}
		{DisableObstacles}
		{Player 1}
		{MID 80}
		{NameId 31 52}
		{LastItem "type100"}
		{FsmState "board"}
	}
	{Human "jap.infantry_smg" 0x8059
		{Position 5846.8 1479.68 12.857}
		{Orientation
			 -0.437630   0.882219   0.173600
			 -0.895836  -0.444385   0.000000
			  0.077145  -0.155517   0.984800
		}
		{Extender "inventory"
			{box
				{clear}
				{item "ammo pistol" 90 {cell 4 0}}
				{item "knife" {cell 6 1}}
				{item "grenade type3at" {cell 6 0}}
				{item "type100" filling "ammo pistol" 30 {cell 0 0}}
			}
		}
		{DisableObstacles}
		{Player 1}
		{MID 81}
		{NameId 1 46}
		{LastItem "type100"}
		{FsmState "board"}
	}
	{Human "jap.infantry_smg" 0x805a
		{Position 5827.54 1489.18 12.857}
		{Orientation
			  0.438705  -0.881686   0.173600
			  0.895303   0.445460   0.000000
			 -0.077324   0.155428   0.984800
		}
		{Extender "inventory"
			{box
				{clear}
				{item "ammo pistol" 90 {cell 6 0}}
				{item "type100" filling "ammo pistol" 30 {cell 0 0}}
			}
		}
		{DisableObstacles}
		{Player 1}
		{MID 82}
		{NameId 13 88}
		{LastItem "type100"}
		{FsmState "board"}
	}
	{Human "jap.infantry_smg" 0x805b
		{Position 5866.98 1508.75 12.857}
		{Orientation
			  0.438705  -0.881686   0.173600
			  0.895303   0.445460   0.000000
			 -0.077324   0.155428   0.984800
		}
		{Extender "inventory"
			{box
				{clear}
				{item "ammo pistol" 90 {cell 6 0}}
				{item "type100" filling "ammo pistol" 30 {cell 0 0}}
			}
		}
		{DisableObstacles}
		{Player 1}
		{MID 83}
		{NameId 0 88}
		{LastItem "type100"}
		{FsmState "board"}
	}
	{Human "jap.infantry_smg" 0x805c
		{Position 5806.67 1458.64 11.0485}
		{Orientation
			 -0.838682  -0.416033   0.351600
			  0.444385  -0.895836   0.000000
			  0.314976   0.156246   0.936200
		}
		{Extender "inventory"
			{box
				{clear}
				{item "type100" filling "ammo pistol" 30 {cell 0 0}}
				{item "ammo pistol" 90 {cell 6 0}}
			}
		}
		{DisableObstacles}
		{Player 1}
		{MID 84}
		{NameId 88 58}
		{FsmState "board"}
	}
	{Human "jap.infantry_mgun" 0x805d
		{Position 5805.22 1477 22.1882}
		{Turn -152.711}
		{Extender "inventory"
			{box
				{clear}
				{item "type97" filling "ammo mgun" 20 {cell 0 0}}
				{item "ammo mgun" 80 {cell 6 0}}
			}
		}
		{DisableObstacles}
		{Player 1}
		{MID 85}
		{NameId 66 100}
		{FsmState "board"}
	}
	{Human "jap.oficer" 0x805e
		{Position 5837 1474.82 12.857}
		{Orientation
			 -0.437630   0.882219   0.173600
			 -0.895836  -0.444385   0.000000
			  0.077145  -0.155517   0.984800
		}
		{Extender "inventory"
			{box
				{clear}
				{item "bino" {cell 6 0}}
				{item "ammo pistol" 24 {cell 4 1}}
				{item "morphine" {cell 6 2}}
				{item "nambu" filling "ammo pistol" 8 {cell 0 0}}
			}
		}
		{DisableObstacles}
		{Player 1}
		{MID 86}
		{NameId 52 51}
		{LastItem "nambu"}
		{FsmState "board"}
	}
	{Human "jap.soldier" 0x805f
		{Position 5847.52 1484.02 14.9179}
		{Orientation
			 -0.840803  -0.510151   0.180607
			  0.518728  -0.854939   0.000000
			  0.154408   0.093686   0.983465
		}
		{Extender "inventory"
			{box
				{clear}
				{item "ammo pistol" 60 {cell 6 0}}
				{item "bandage" 3 {cell 4 0}}
				{item "type100" filling "ammo pistol" 30 {cell 0 0}}
			}
		}
		{DisableObstacles}
		{Player 1}
		{MID 87}
		{NameId 52 46}
		{LastItem "type100"}
		{FsmState "board"}
	}
	{Human "jap.soldier" 0x8060
		{Position 5841.38 1493.66 15.0964}
		{Turn -148.753}
		{Extender "inventory"
			{box
				{clear}
				{item "ammo pistol" 24 {cell 6 0}}
				{item "grenade type23" {cell 5 0}}
				{item "nambu" filling "ammo pistol" 8 {cell 0 0}}
			}
		}
		{DisableObstacles}
		{Player 1}
		{MID 88}
		{NameId 81 91}
		{LastItem "nambu"}
		{FsmState "board"}
	}
	{Entity "box1" 0x8061
		{Position 5839.9 1461.24 0}
		{Turn 75.6398}
		{Extender "inventory"
			{box
				{clear}
				{item "ammo mgun" 20 {cell 0 0}}
				{item "ammo mgun" 20 {cell 2 0}}
				{item "ammo mgun" 20 {cell 0 1}}
				{item "ammo mgun" 20 {cell 2 1}}
				{item "ammo mgun" 20 {cell 4 0}}
				{item "ammo mgun" 20 {cell 4 1}}
				{item "ammo mgun" 20 {cell 0 2}}
				{item "ammo mgun" 20 {cell 2 2}}
				{item "ammo mgun" 20 {cell 4 2}}
				{item "grenade type23" {cell 6 0}}
				{item "grenade type23" {cell 6 1}}
				{item "grenade type23" {cell 6 2}}
				{item "grenade type23" {cell 7 0}}
				{item "grenade type23" {cell 7 1}}
				{item "grenade type23" {cell 7 2}}
				{item "grenade type3at" {cell 6 5}}
				{item "dynamite" {cell 0 4}}
				{item "dynamite" {cell 2 4}}
				{item "grenade 50mm_mine" 2 {cell 2 3}}
				{item "grenade 50mm_mine" 2 {cell 0 3}}
				{item "grenade 50mm_mine" 2 {cell 4 3}}
				{item "grenade 50mm_mine" 2 {cell 6 3}}
				{item "grenade type3at" {cell 4 5}}
				{item "pala" {cell 4 4}}
				{item "pala" {cell 6 4}}
			}
		}
	}
	{Entity "chi-ha47" 0x8062
		{Position 4319.98 -1207.74 0}
		{Turn 116.614}
		{Player 1}
		{MID 89}
	}
	{Entity "ke-nu" 0x8063
		{Position 3256.61 2203.25 0}
		{Turn -89.5735}
		{TexMod "ambush"}
		{Player 1}
		{MID 90}
		
	}
	{Entity "ke-nu" 0x8064
		{Position 3392.26 2202.16 0}
		{Turn -89.5132}
		{TexMod "ambush"}
		{Player 1}
		{MID 91}
		
	}
	{Entity "te-ke" 0x8065
		{Position 2798.78 1062.56 0}
		{Turn -88.6154}
		{Player 1}
		{MID 92}
	}
	{Entity "type96_2" 0x8066
		{Position 3414.74 1212 -1}
		{Turn -38.5848}
		{Player 1}
		{MID 93}
		
	}
	{Entity "type96_2" 0x8067
		{Position 1901.64 834.121 0}
		{Turn -110.271}
		{Player 1}
		{MID 94}
		
	}
	{Entity "type96_2" 0x8068
		{Position 1892.56 1707.79 0}
		{Turn 134.539}
		{Player 1}
		{MID 95}
		
	}
	{Entity "type96_2" 0x8069
		{Position 2879.71 2536.17 0}
		{Turn 91.9617}
		{Player 1}
		{MID 96}
		
	}
	{Human "jap.soldier" 0x806a
		{Position 3644.99 1367.64 121.918}
		{Turn -34.5099}
		{DisableObstacles}
		{Player 1}
		{MID 97}
		{NameId 18 28}
		{FsmState "board"}
	}
	{Human "jap.soldier" 0x806b
		{Position 3260.65 973.216 121.918}
		{Turn -47.4393}
		{DisableObstacles}
		{Player 1}
		{MID 98}
		{NameId 2 13}
		{FsmState "board"}
	}
	{Human "jap.soldier" 0x806c
		{Position 2025.02 986.264 121.918}
		{Turn -141.209}
		{DisableObstacles}
		{Player 1}
		{MID 99}
		{NameId 61 22}
		{FsmState "board"}
	}
	{Human "jap.soldier" 0x806d
		{Position 2020.71 1590.57 121.918}
		{Turn 142.704}
		{DisableObstacles}
		{Player 1}
		{MID 100}
		{NameId 73 81}
		{FsmState "board"}
	}
	{Human "jap.soldier" 0x806e
		{Position 2032.91 2369.11 121.918}
		{Turn 119.486}
		{DisableObstacles}
		{Player 1}
		{MID 101}
		{NameId 68 34}
		{FsmState "board"}
	}
	{Human "jap.soldier" 0x806f
		{Position 3565.93 2328.74 121.918}
		{Turn 39.6346}
		{DisableObstacles}
		{Player 1}
		{MID 102}
		{NameId 31 53}
		{FsmState "board"}
	}
	{Human "jap.infantry_smg" 0x8070
		{Position 2901.86 2533.64 1.2167}
		{Turn 91.9617}
		{DisableObstacles}
		{Player 1}
		{MID 103}
		{NameId 1 47}
		{FsmState "board"}
	}
	{Human "jap.infantry_smg" 0x8071
		{Position 2856.88 2532.2 1.7167}
		{Turn 91.9617}
		{DisableObstacles}
		{Player 1}
		{MID 104}
		{NameId 13 89}
		{FsmState "board"}
	}
	{Human "jap.infantry_smg" 0x8072
		{Position 3426.57 1231.93 0.7167}
		{Turn -38.5848}
		{DisableObstacles}
		{Player 1}
		{MID 105}
		{NameId 0 89}
		{FsmState "board"}
	}
	{Human "jap.infantry_smg" 0x8073
		{Position 3398.42 1196.81 0.2167}
		{Turn -38.5848}
		{DisableObstacles}
		{Player 1}
		{MID 106}
		{NameId 88 59}
		{FsmState "board"}
	}
	{Human "jap.infantry_smg" 0x8074
		{Position 1882.09 844.839 1.2167}
		{Turn -110.271}
		{DisableObstacles}
		{Player 1}
		{MID 107}
		{NameId 66 101}
		{FsmState "board"}
	}
	{Human "jap.infantry_smg" 0x8075
		{Position 1924.27 829.154 1.7167}
		{Turn -110.271}
		{DisableObstacles}
		{Player 1}
		{MID 108}
		{NameId 52 52}
		{FsmState "board"}
	}
	{Human "jap.infantry_smg" 0x8076
		{Position 1910.58 1720.91 1.2167}
		{Turn 134.539}
		{DisableObstacles}
		{Player 1}
		{MID 109}
		{NameId 52 47}
		{FsmState "board"}
	}
	{Human "jap.infantry_smg" 0x8077
		{Position 1878.43 1689.42 1.7167}
		{Turn 134.539}
		{DisableObstacles}
		{Player 1}
		{MID 110}
		{NameId 81 92}
		{FsmState "board"}
	}
	{Human "jap.tankman" 0x8078
		{Position 2798.78 1062.56 0}
		{Orientation
			  0.024163  -0.999708   0.000000
			 -0.999708  -0.024163   0.000000
			  0.000000   0.000000   1.000000
		}
		{Player 1}
		{MID 111}
		{NameId 18 29}
		{LastItem "type100"}
		{FsmState "board"}
	}
	{Human "jap.tankman" 0x8079
		{Position 2798.78 1062.56 0}
		{Orientation
			  0.024163  -0.999708   0.000000
			 -0.999708  -0.024163   0.000000
			  0.000000   0.000000   1.000000
		}
		{Extender "inventory"
			{box
				{clear}
				{item "ammo pistol" 24 {cell 6 0}}
				{item "nambu" filling "ammo pistol" 8 {cell 0 0}}
			}
		}
		{Player 1}
		{MID 112}
		{NameId 2 14}
		{LastItem "nambu"}
		{FsmState "board"}
	}
	{Entity "crate3" 0x807a
		{Position 3646.31 1593 0}
		{Turn -53.8021}
		{TexMod "5"}
