{Skeleton
	{bone "Basis"
		{Orientation
			1.0000	0.0000	0.0000
			0.0000	-1.0000	0.0000
			0.0000	0.0000	1.0000
		}
		{bone "body"
			{parameters "ID=body;"}
			{Position -2.0433	-2.2804	31.5113}
			{VolumeView "body.ply"}
			{bone revolute "turret"
				{parameters "CommonMesh;ID=turret;"}
				{speed 0.0020}
				{Matrix34
					-1.0000	0.0000	0.0000
					0.0000	-1.0000	0.0000
					0.0000	0.0000	1.0000
					-5.8543	-0.6329	-3.2501
				}
				{VolumeView "turret.ply"}
				{bone "gun_rot"
					{parameters "CommonMesh;ID=engine;"}
					{Matrix34
						1.0000	0.0000	0.0000
						0.0000	0.0000	1.0000
						0.0000	-1.0000	0.0000
						11.8916	0.8636	27.8103
					}
					{VolumeView "gun_rot.ply"}
					{bone "Gun"
						{parameters "ID=gun;"}
						{Matrix34
							0.0000	-1.0000	0.0000
							0.0000	0.0000	-1.0000
							1.0000	0.0000	0.0000
							164.5849	119.3999	1.4138
						}
						{VolumeView "Gun.ply"}
						{bone "foresight3"
							{Matrix34
								0.6046	0.0000	0.7965
								0.0000	1.0000	0.0000
								-0.7965	0.0000	0.6046
								105.4981	1.0599	-55.0770
							}
						}
					}
					{bone revolute "box"
						{parameters "CommonMesh;"}
						{speed 0.0008}
						{Matrix34
							1.0000	0.0000	0.0000
							0.0000	-0.0610	-0.9981
							0.0000	0.9981	-0.0610
							163.7900	94.5823	-0.8051
						}
						{VolumeView "box.ply"}
					}
					{bone "part2"
						{parameters "ID=engine;"}
						{Matrix34
							-0.7707	0.6372	0.0000
							0.0000	0.0000	1.0000
							0.6372	0.7707	-0.0000
							67.6807	59.1254	0.5965
						}
					}
				}
				{bone "FXsmoke1"
					{Matrix34
						-0.0000	0.0000	1.0000
						0.0000	1.0000	0.0000
						-1.0000	0.0000	-0.0000
						-77.2815	13.8698	98.9983
					}
				}
				{bone "visor"
					{Matrix34
						-1.0000	0.0000	0.0000
						-0.0000	-1.0000	0.0000
						0.0000	0.0000	1.0000
						-14.4483	-2.5424	97.2404
					}
				}
				{bone "gunner"
					{parameters "Group=crew;"}
					{Position -28.8458	5.4912	30.2153}
				}
				{bone "emit"
					{Matrix34
						0.0000	1.0000	0.0000
						-1.0000	0.0000	0.0000
						0.0000	0.0000	1.0000
						-26.1955	-32.0093	-28.2612
					}
				}
				{bone "part1"
					{Matrix34
						0.0000	1.0000	0.0000
						-1.0000	0.0000	0.0000
						0.0000	0.0000	1.0000
						-102.7003	0.7426	28.9982
					}
					{VolumeView "part1.ply"}
				}
				{bone "part_small2"
					{parameters "ID=turret;"}
					{Matrix34
						-0.8926	0.4508	0.0000
						-0.4508	-0.8926	0.0000
						0.0000	0.0000	1.0000
						-73.8414	-26.6620	28.7467
					}
				}
				{bone "part_small3"
					{parameters "ID=turret;"}
					{Matrix34
						-0.9532	-0.3025	0.0000
						0.3025	-0.9532	0.0000
						0.0000	0.0000	1.0000
						-72.3175	27.3538	28.7467
					}
				}
			}
		}
	}
}
{Obstacle "Rectangle01"
	{Obb2
		{Center -5.82635 2.66725}
		{Extent 114.103 21.4286}
		{Axis -1 0}
	}
	{Rotate}
}
{Volume "body2"
	{Box 18.5703 40.2477 46.6323}
	{Bone "turret"}
	{Position -103.5497	1.1844	24.9340}
}
{Volume "turret"
	{Box 82.704 48.363 81.1902}
	{Bone "turret"}
	{Position -52.2986	1.7770	43.2178}
}
{Volume "engine"
	{Box 194.286 18.9753 31.3862}
	{Bone "gun_rot"}
	{Matrix34
		-0.6660	-0.7460	0.0000
		0.0000	0.0000	1.0000
		-0.7460	0.6660	0.0000
		53.7207	53.9826	0.8390
	}
}
{Volume "body"
	{Box 122.924 44.6412 26.0441}
	{Bone "body"}
	{Position -2.0164	0.5726	-17.8607}
}
