{mission
	{Camera
		{Position -2220.68 -1562.8}
		{Distance 2201}
		{ViewAngle 0.428177}
		{YawAngle 82.8195}
	}
	{Environment "day3"}
	{User 2}
	{GameProgress 0 0}
	{Entity "type91" 0x9000
		{Position 3619.61 4529.53 232.131}
		{Turn -112.593}
		{Player 1}
		{MID 1}
	}
	{Entity "type91" 0x8000
		{Position 1966.22 4166.91 230.564}
		{Turn -107.741}
		{Player 1}
		{MID 2}
	}
	{Entity "type96_150" 0x8001
		{Position 2746.31 4302.53 229.401}
		{Turn -83.5274}
		{Player 1}
		{MID 3}
	}
	{Entity "type97_81" 0x8002
		{Position 2143.61 4476.81 234}
		{Turn -76.9886}
		{Player 1}
		{MID 4}
	}
	{Entity "type97_81" 0x8003
		{Position 2877.01 4601.92 234}
		{Turn -87.5218}
		{Player 1}
		{MID 5}
	}
	{Entity "type97_81" 0x8004
		{Position 3241.85 4685.33 234}
		{Turn -102.799}
		{Player 1}
		{MID 6}
	}
	{Entity "type1_dot" 0x8800
		{Position 1137.27 4231.08 133.51}
		{Turn -97.0575}
		{Player 1}
		{MID 7}
	}
	{Human "jap.elite4" 0x8801
		{Position 1138.47 4238.96 141.522}
		{Turn -97.0575}
		{DisableObstacles}
		{Player 1}
		{MID 8}
		{NameId 2 10}
		{FsmState "board"}
	}
	{Entity "cow" 0x8005
		{Position 1746.31 2092.81 0}
		{Player 0}
		{MID 9}
	}
	{Entity "chi-nu" 0x8006
		{Position 49.0231 5120.11 0}
		{Turn -85.5141}
		{Player 1}
		{MID 10}
		
	}
	{Entity "chi-nu" 0x8007
		{Position 49.1657 5121.22 0}
		{Turn -85.4267}
		{Player 1}
		{MID 11}
		
	}
	{Entity "chi-to" 0x8008
		{Position 48.8965 5104.75 0}
		{Turn -85.1389}
		{TexMod "ambush"}
		{Player 1}
		{MID 12}
		
	}
	{Entity "chi-ha57" 0x8009
		{Position 52.268 5104.04 0}
		{Turn -83.7098}
		{TexMod "ijn"}
		{Player 1}
		{MID 13}
		
	}
	{Entity "chi-ha57" 0x800a
		{Position 54.133 5108.77 0}
		{Turn -86.0419}
		{TexMod "ijn"}
		{Player 1}
		{MID 14}
		
	}
	{Entity "chi-to" 0x800b
		{Position 50.6812 5106.32 0}
		{Turn -85.4352}
		{TexMod "ambush"}
		{Player 1}
		{MID 15}
		
	}
	{Entity "chi-to" 0x800c
		{Position 51.1754 5110.17 0}
		{Turn -85.7035}
		{TexMod "ambush"}
		{Player 1}
		{MID 16}
		
	}
	{Entity "chi-to" 0x800d
		{Position 50.8909 5108.75 0}
		{Turn -85.6366}
		{TexMod "ambush"}
		{Player 1}
		{MID 17}
		
	}
	{Human "jap.crewman" 0x800e
		{Position 54.133 5108.77 0}
		{Orientation
			  0.069027  -0.997615   0.000000
			 -0.997615  -0.069027   0.000000
			  0.000000   0.000000   1.000000
		}
		{Player 1}
		{MID 18}
		{NameId 18 25}
		{FsmState "board"}
	}
	{Human "jap.crewman" 0x800f
		{Position 54.133 5108.77 0}
		{Orientation
			  0.069027  -0.997615   0.000000
			 -0.997615  -0.069027   0.000000
			  0.000000   0.000000   1.000000
		}
		{Player 1}
		{MID 19}
		{NameId 2 11}
		{FsmState "board"}
	}
	{Human "jap.crewman" 0x8010
		{Position 54.133 5108.77 0}
		{Orientation
			  0.069027  -0.997615   0.000000
			 -0.997615  -0.069027   0.000000
			  0.000000   0.000000   1.000000
		}
		{Player 1}
		{MID 20}
		{NameId 61 19}
		{FsmState "board"}
	}
	{Human "jap.crewman" 0x8011
		{Position 52.268 5104.04 0}
		{Orientation
			  0.109564  -0.993980   0.000000
			 -0.993980  -0.109564   0.000000
			  0.000000   0.000000   1.000000
		}
		{Player 1}
		{MID 21}
		{NameId 73 78}
		{FsmState "board"}
	}
	{Human "jap.crewman" 0x8012
		{Position 52.268 5104.04 0}
		{Orientation
			  0.109564  -0.993980   0.000000
			 -0.993980  -0.109564   0.000000
			  0.000000   0.000000   1.000000
		}
		{Player 1}
		{MID 22}
		{NameId 68 32}
		{FsmState "board"}
	}
	{Human "jap.crewman" 0x8013
		{Position 52.268 5104.04 0}
		{Orientation
			  0.109564  -0.993980   0.000000
			 -0.993980  -0.109564   0.000000
			  0.000000   0.000000   1.000000
		}
		{Player 1}
		{MID 23}
		{NameId 31 51}
		{FsmState "board"}
	}
	{Human "jap.crewman" 0x8014
		{Position 49.1657 5121.22 0}
		{Orientation
			  0.079734  -0.996816   0.000000
			 -0.996816  -0.079734   0.000000
			  0.000000   0.000000   1.000000
		}
		{Player 1}
		{MID 24}
		{NameId 1 45}
		{FsmState "board"}
	}
	{Human "jap.crewman" 0x8015
		{Position 49.1657 5121.22 0}
		{Orientation
			  0.079734  -0.996816   0.000000
			 -0.996816  -0.079734   0.000000
			  0.000000   0.000000   1.000000
		}
		{Player 1}
		{MID 25}
		{NameId 13 87}
		{FsmState "board"}
	}
	{Human "jap.crewman" 0x8016
		{Position 49.1657 5121.22 0}
		{Orientation
			  0.079734  -0.996816   0.000000
			 -0.996816  -0.079734   0.000000
			  0.000000   0.000000   1.000000
		}
		{Player 1}
		{MID 26}
		{NameId 0 87}
		{FsmState "board"}
	}
	{Human "jap.crewman" 0x8017
		{Position 49.0231 5120.11 0}
		{Orientation
			  0.078214  -0.996937   0.000000
			 -0.996937  -0.078214   0.000000
			  0.000000   0.000000   1.000000
		}
		{Player 1}
		{MID 27}
		{NameId 88 57}
		{FsmState "board"}
	}
	{Human "jap.crewman" 0x8018
		{Position 49.0231 5120.11 0}
		{Orientation
			  0.078214  -0.996937   0.000000
			 -0.996937  -0.078214   0.000000
			  0.000000   0.000000   1.000000
		}
		{Player 1}
		{MID 28}
		{NameId 66 99}
		{FsmState "board"}
	}
	{Human "jap.crewman" 0x8019
		{Position 49.0231 5120.11 0}
		{Orientation
			  0.078214  -0.996937   0.000000
			 -0.996937  -0.078214   0.000000
			  0.000000   0.000000   1.000000
		}
		{Player 1}
		{MID 29}
		{NameId 52 50}
		{FsmState "board"}
	}
	{Human "jap.crewman" 0x801a
		{Position 48.8965 5104.75 0}
		{Orientation
			  0.084740  -0.996403   0.000000
			 -0.996403  -0.084740   0.000000
			  0.000000   0.000000   1.000000
		}
		{Player 1}
		{MID 30}
		{NameId 52 45}
		{FsmState "board"}
	}
	{Human "jap.crewman" 0x801b
		{Position 48.8965 5104.75 0}
		{Orientation
			  0.084740  -0.996403   0.000000
			 -0.996403  -0.084740   0.000000
			  0.000000   0.000000   1.000000
		}
		{Player 1}
		{MID 31}
		{NameId 81 90}
		{FsmState "board"}
	}
	{Human "jap.crewman" 0x801c
		{Position 48.8965 5104.75 0}
		{Orientation
			  0.084740  -0.996403   0.000000
			 -0.996403  -0.084740   0.000000
			  0.000000   0.000000   1.000000
		}
		{Player 1}
		{MID 32}
		{NameId 37 34}
		{FsmState "board"}
	}
	{Human "jap.crewman" 0x801d
		{Position 50.6812 5106.32 0}
		{Orientation
			  0.079586  -0.996828   0.000000
			 -0.996828  -0.079586   0.000000
			  0.000000   0.000000   1.000000
		}
		{Player 1}
		{MID 33}
		{NameId 3 52}
		{FsmState "board"}
	}
	{Human "jap.crewman" 0x801e
		{Position 50.6812 5106.32 0}
		{Orientation
			  0.079586  -0.996828   0.000000
			 -0.996828  -0.079586   0.000000
			  0.000000   0.000000   1.000000
		}
		{Player 1}
		{MID 34}
		{NameId 29 71}
		{FsmState "board"}
	}
	{Human "jap.crewman" 0x801f
		{Position 50.6812 5106.32 0}
		{Orientation
			  0.079586  -0.996828   0.000000
			 -0.996828  -0.079586   0.000000
			  0.000000   0.000000   1.000000
		}
		{Player 1}
		{MID 35}
		{NameId 90 7}
		{FsmState "board"}
	}
	{Human "jap.crewman" 0x8020
		{Position 50.8909 5108.75 0}
		{Orientation
			  0.076082  -0.997102   0.000000
			 -0.997102  -0.076082   0.000000
			  0.000000   0.000000   1.000000
		}
		{Player 1}
		{MID 36}
		{NameId 34 0}
		{FsmState "board"}
	}
	{Human "jap.crewman" 0x8021
		{Position 50.8909 5108.75 0}
		{Orientation
			  0.076082  -0.997102   0.000000
			 -0.997102  -0.076082   0.000000
			  0.000000   0.000000   1.000000
		}
		{Player 1}
		{MID 37}
		{NameId 26 85}
		{FsmState "board"}
	}
	{Human "jap.crewman" 0x8022
		{Position 50.8909 5108.75 0}
		{Orientation
			  0.076082  -0.997102   0.000000
			 -0.997102  -0.076082   0.000000
			  0.000000   0.000000   1.000000
		}
		{Player 1}
		{MID 38}
		{NameId 42 71}
		{FsmState "board"}
	}
	{Human "jap.crewman" 0x8023
		{Position 51.1754 5110.17 0}
		{Orientation
			  0.074918  -0.997190   0.000000
			 -0.997190  -0.074918   0.000000
			  0.000000   0.000000   1.000000
		}
		{Player 1}
		{MID 39}
		{NameId 8 47}
		{FsmState "board"}
	}
	{Human "jap.crewman" 0x8024
		{Position 51.1754 5110.17 0}
		{Orientation
			  0.074918  -0.997190   0.000000
			 -0.997190  -0.074918   0.000000
			  0.000000   0.000000   1.000000
		}
		{Player 1}
		{MID 40}
		{NameId 54 87}
		{FsmState "board"}
	}
	{Human "jap.crewman" 0x8025
		{Position 51.1754 5110.17 0}
		{Orientation
			  0.074918  -0.997190   0.000000
			 -0.997190  -0.074918   0.000000
			  0.000000   0.000000   1.000000
		}
		{Player 1}
		{MID 41}
		{NameId 29 16}
		{FsmState "board"}
	}
	{Human "jap.ofitank" 0x8026
		{Position 54.133 5108.77 0}
		{Orientation
			  0.069027  -0.997615   0.000000
			 -0.997615  -0.069027   0.000000
			  0.000000   0.000000   1.000000
		}
		{Player 1}
		{MID 42}
		{NameId 83 53}
		{FsmState "board"}
	}
	{Human "jap.ofitank" 0x8027
		{Position 52.268 5104.04 0}
		{Orientation
			  0.109564  -0.993980   0.000000
			 -0.993980  -0.109564   0.000000
			  0.000000   0.000000   1.000000
		}
		{Player 1}
		{MID 43}
		{NameId 88 6}
		{FsmState "board"}
	}
	{Human "jap.ofitank" 0x8028
		{Position 49.1657 5121.22 0}
		{Orientation
			  0.079734  -0.996816   0.000000
			 -0.996816  -0.079734   0.000000
			  0.000000   0.000000   1.000000
		}
		{Player 1}
		{MID 44}
		{NameId 70 76}
		{FsmState "board"}
	}
	{Human "jap.ofitank" 0x8029
		{Position 49.0231 5120.11 0}
		{Orientation
			  0.078214  -0.996937   0.000000
			 -0.996937  -0.078214   0.000000
			  0.000000   0.000000   1.000000
		}
		{Player 1}
		{MID 45}
		{NameId 40 15}
		{FsmState "board"}
	}
	{Human "jap.ofitank" 0x802a
		{Position 48.8965 5104.75 0}
		{Orientation
			  0.084740  -0.996403   0.000000
			 -0.996403  -0.084740   0.000000
			  0.000000   0.000000   1.000000
		}
		{Player 1}
		{MID 46}
		{NameId 15 98}
		{FsmState "board"}
	}
	{Human "jap.ofitank" 0x802b
		{Position 50.6812 5106.32 0}
		{Orientation
			  0.079586  -0.996828   0.000000
			 -0.996828  -0.079586   0.000000
			  0.000000   0.000000   1.000000
		}
		{Player 1}
		{MID 47}
		{NameId 7 8}
		{FsmState "board"}
	}
	{Human "jap.ofitank" 0x802c
		{Position 50.8909 5108.75 0}
		{Orientation
			  0.076082  -0.997102   0.000000
			 -0.997102  -0.076082   0.000000
			  0.000000   0.000000   1.000000
		}
		{Player 1}
		{MID 48}
		{NameId 75 57}
		{FsmState "board"}
	}
	{Human "jap.ofitank" 0x802d
		{Position 51.1754 5110.17 0}
		{Orientation
			  0.074918  -0.997190   0.000000
			 -0.997190  -0.074918   0.000000
			  0.000000   0.000000   1.000000
		}
		{Player 1}
		{MID 49}
		{NameId 79 30}
		{FsmState "board"}
	}
	{Human "jap.soldier" 0x802e
		{Position 45.085 5158.22 16.6603}
		{Turn 93.9581}
		{DisableObstacles}
		{Player 1}
		{MID 50}
		{NameId 38 5}
		{FsmState "board"}
	}
	{Human "jap.soldier" 0x802f
		{Position 60.3589 5159.28 16.6603}
		{Turn 93.9581}
		{DisableObstacles}
		{Player 1}
		{MID 51}
		{NameId 86 93}
		{FsmState "board"}
	}
	{Human "jap.soldier" 0x8030
		{Position 56.4335 5154.76 16.6603}
		{Turn 96.2902}
		{DisableObstacles}
		{Player 1}
		{MID 52}
		{NameId 88 96}
		{FsmState "board"}
	}
	{Human "jap.soldier" 0x8031
		{Position 41.2153 5153.08 16.6603}
		{Turn 96.2902}
		{DisableObstacles}
		{Player 1}
		{MID 53}
		{NameId 30 69}
		{FsmState "board"}
	}
	{Human "jap.soldier" 0x8032
		{Position 53.9719 5182.76 25.1603}
		{Turn 94.5733}
		{DisableObstacles}
		{Player 1}
		{MID 54}
		{NameId 23 78}
		{FsmState "board"}
	}
	{Human "jap.soldier" 0x8033
		{Position 72.2819 5158.84 25.9603}
		{Turn 4.57329}
		{DisableObstacles}
		{Player 1}
		{MID 55}
		{NameId 31 85}
		{FsmState "board"}
	}
	{Human "jap.soldier" 0x8034
		{Position 38.7102 5181.54 25.1603}
		{Turn 94.5733}
		{DisableObstacles}
		{Player 1}
		{MID 56}
		{NameId 22 35}
		{FsmState "board"}
	}
	{Human "jap.soldier" 0x8035
		{Position 38.6596 5180.44 25.1603}
		{Turn 94.4859}
		{DisableObstacles}
		{Player 1}
		{MID 57}
		{NameId 82 88}
		{FsmState "board"}
	}
	{Human "jap.soldier" 0x8036
		{Position 53.9231 5181.64 25.1603}
		{Turn 94.4859}
		{DisableObstacles}
		{Player 1}
		{MID 58}
		{NameId 22 50}
		{FsmState "board"}
	}
	{Human "jap.soldier" 0x8037
		{Position 72.1967 5157.7 25.9603}
		{Turn 4.4859}
		{DisableObstacles}
		{Player 1}
		{MID 59}
		{NameId 64 64}
		{FsmState "board"}
	}
	{Human "jap.soldier" 0x8038
		{Position 69.7951 5151.27 28.0724}
		{Turn 4.86109}
		{DisableObstacles}
		{Player 1}
		{MID 60}
		{NameId 33 6}
		{FsmState "board"}
	}
	{Human "jap.soldier" 0x8039
		{Position 23.9244 5147.37 27.3069}
		{Turn -175.425}
		{DisableObstacles}
		{Player 1}
		{MID 61}
		{NameId 60 92}
		{FsmState "board"}
	}
	{Human "jap.soldier" 0x803a
		{Position 33.8988 5173.01 26.1518}
		{Orientation
			 -0.088626   0.996073  -0.001100
			 -0.995872  -0.088630  -0.019196
			 -0.019216  -0.000631   0.999800
		}
		{DisableObstacles}
		{Player 1}
		{MID 62}
		{NameId 12 75}
		{FsmState "board"}
	}
	{Human "jap.soldier" 0x803b
		{Position 55.798 5175.22 26.1518}
		{Turn 95.0845}
		{DisableObstacles}
		{Player 1}
		{MID 63}
		{NameId 57 55}
		{FsmState "board"}
	}
	{Human "jap.soldier" 0x803c
		{Position 57.947 5176.75 26.1518}
		{Turn 94.7882}
		{DisableObstacles}
		{Player 1}
		{MID 64}
		{NameId 20 64}
		{FsmState "board"}
	}
	{Human "jap.soldier" 0x803d
		{Position 71.8201 5152.73 28.0724}
		{Turn 4.56479}
		{DisableObstacles}
		{Player 1}
		{MID 65}
		{NameId 83 93}
		{FsmState "board"}
	}
	{Human "jap.soldier" 0x803e
		{Position 36.0367 5174.66 26.1518}
		{Orientation
			 -0.083474   0.996518  -0.001100
			 -0.996317  -0.083479  -0.019196
			 -0.019219  -0.000531   0.999800
		}
		{DisableObstacles}
		{Player 1}
		{MID 66}
		{NameId 36 3}
		{FsmState "board"}
	}
	{Human "jap.soldier" 0x803f
		{Position 25.9298 5149.07 27.3069}
		{Turn -175.722}
		{DisableObstacles}
		{Player 1}
		{MID 67}
		{NameId 31 54}
		{FsmState "board"}
	}
	{Human "jap.soldier" 0x8040
		{Position 26.2899 5151.58 27.3069}
		{Turn -175.923}
		{DisableObstacles}
		{Player 1}
		{MID 68}
		{NameId 88 58}
		{FsmState "board"}
	}
	{Human "jap.soldier" 0x8041
		{Position 36.4867 5177.14 26.1518}
		{Orientation
			 -0.079971   0.996805  -0.001100
			 -0.996604  -0.079977  -0.019196
			 -0.019220  -0.000464   0.999800
		}
		{DisableObstacles}
		{Player 1}
		{MID 69}
		{NameId 24 98}
		{FsmState "board"}
	}
	{Human "jap.soldier" 0x8042
		{Position 72.1928 5155.09 28.0724}
		{Turn 4.3634}
		{DisableObstacles}
		{Player 1}
		{MID 70}
		{NameId 79 25}
		{FsmState "board"}
	}
	{Human "jap.soldier" 0x8043
		{Position 58.4042 5179.15 26.1518}
		{Turn 94.5868}
		{DisableObstacles}
		{Player 1}
		{MID 71}
		{NameId 73 54}
		{FsmState "board"}
	}
	{Human "jap.soldier" 0x8044
		{Position 36.851 5178.57 26.1518}
		{Orientation
			 -0.078807   0.996898  -0.001100
			 -0.996696  -0.078813  -0.019196
			 -0.019221  -0.000441   0.999800
		}
		{DisableObstacles}
		{Player 1}
		{MID 72}
		{NameId 30 100}
		{FsmState "board"}
	}
	{Human "jap.soldier" 0x8045
		{Position 26.6245 5153.03 27.3069}
		{Turn -175.99}
		{DisableObstacles}
		{Player 1}
		{MID 73}
		{NameId 15 75}
		{FsmState "board"}
	}
	{Human "jap.soldier" 0x8046
		{Position 72.5314 5156.48 28.0724}
		{Turn 4.29649}
		{DisableObstacles}
		{Player 1}
		{MID 74}
		{NameId 65 69}
		{FsmState "board"}
	}
	{Human "jap.soldier" 0x8047
		{Position 58.7709 5180.56 26.1518}
		{Turn 94.5199}
		{DisableObstacles}
		{Player 1}
		{MID 75}
		{NameId 16 44}
		{FsmState "board"}
	}
	{Human "jap.soldier" 0x8048
		{Position 3215.35 1970.4 -22.6163}
		{Turn -149.21}
		{Extender "inventory"
			{box
				{clear}
				{item "ammo rifle" 20 {cell 4 0}}
			}
		}
		{Player 1}
		{MID 76}
		{Weaponry
			{State
				{Mounted "arisaka_kn"}
				{Weapon
					{Ammo "ammo rifle" 5}
				}
			}
		}
		{NameId 18 26}
		{Cover
			{sector 3222.9 1974.9 {type "bush_squat"}
			}
		}
		{FsmState "squat"}
	}
	{Human "jap.soldier" 0x8049
		{Position 2291.9 2016.9 59.3602}
		{Turn 163.363}
		{Extender "inventory"
			{box
				{clear}
				{item "ammo rifle" 20 {cell 4 0}}
			}
		}
		{Player 1}
		{MID 77}
		{Weaponry
			{State
				{Mounted "arisaka_kn"}
				{Weapon
					{Ammo "ammo rifle" 5}
				}
			}
		}
		{NameId 2 12}
		{Cover
			{sector 2291.9 2016.9 {type "bush_stand"}
			}
		}
		{FsmState "stand"}
	}
	{Human "jap.soldier" 0x804a
		{Position 3138.24 1614.65 -23.4323}
		{Turn 180}
		{Extender "inventory"
			{box
				{clear}
				{item "ammo rifle" 20 {cell 4 0}}
			}
		}
		{Player 1}
		{MID 78}
		{Weaponry
			{State
				{Mounted "arisaka_kn"}
				{Weapon
					{Ammo "ammo rifle" 5}
				}
			}
		}
		{NameId 61 20}
		{Cover
			{sector 3138.24 1614.65 {type "snipe_cover"}
				{wall 0 0 3131.24 1583.56 3131.24 1623.29}
			}
		}
		{FsmState "snipe"}
	}
	{Human "jap.soldier" 0x804b
		{Position 2305.13 2373.05 57.052}
		{Turn 180}
		{Extender "inventory"
			{box
				{clear}
				{item "ammo rifle" 20 {cell 4 0}}
			}
		}
		{Player 1}
		{MID 79}
		{Weaponry
			{State
				{Mounted "arisaka_kn"}
				{Weapon
					{Ammo "ammo rifle" 5}
				}
			}
		}
		{NameId 73 79}
		{Cover
			{sector 2305.13 2373.05 {type "snipe_cover"}
				{wall 0 0 2298.13 2365.08 2298.13 2406.85}
			}
		}
		{FsmState "snipe"}
	}
	{Human "jap.soldier" 0x804c
		{Position 2848.52 2610.54 18.8177}
		{Turn 180}
		{Extender "inventory"
			{box
				{clear}
				{item "ammo rifle" 20 {cell 4 0}}
			}
		}
		{Player 1}
		{MID 80}
		{Weaponry
			{State
				{Mounted "arisaka_kn"}
				{Weapon
					{Ammo "ammo rifle" 5}
				}
			}
		}
		{NameId 68 33}
		{Cover
			{sector 2848.52 2610.54 {type "snipe_cover"}
				{wall 0 0 2841.52 2581.56 2841.52 2621.3}
			}
		}
		{FsmState "snipe"}
	}
	{Human "jap.soldier" 0x804d
		{Position 3284.11 2573.93 19.6907}
		{Turn 180}
		{Extender "inventory"
			{box
				{clear}
				{item "ammo rifle" 20 {cell 4 0}}
			}
		}
		{Player 1}
		{MID 81}
		{Weaponry
			{State
				{Mounted "arisaka_kn"}
				{Weapon
					{Ammo "ammo rifle" 5}
				}
			}
		}
		{NameId 31 52}
		{Cover
			{sector 3284.11 2573.93 {type "snipe_cover"}
				{wall 0 0 3277.11 2542.54 3277.11 2582.27}
			}
		}
		{FsmState "snipe"}
	}
	{Human "jap.soldier" 0x804e
		{Position 3426.45 1623.67 -14.9263}
		{Turn 180}
		{Extender "inventory"
			{box
				{clear}
				{item "ammo rifle" 20 {cell 4 0}}
			}
		}
		{Player 1}
		{MID 82}
		{Weaponry
			{State
				{Mounted "arisaka_kn"}
				{Weapon
					{Ammo "ammo rifle" 5}
				}
			}
		}
		{NameId 1 46}
		{Cover
			{sector 3426.45 1623.67 {type "squat_lie"}
				{wall 0 0 3419.45 1605.62 3419.45 1645.35}
			}
		}
		{FsmState "squat"}
	}
	{Human "jap.soldier" 0x804f
		{Position 815.844 4224.17 37.6099}
		{Turn -115.789}
		{Extender "inventory"
			{box
				{clear}
				{item "ammo rifle" 20 {cell 4 0}}
			}
		}
		{Player 1}
		{MID 83}
		{Weaponry
			{State
				{Mounted "arisaka_kn"}
				{Weapon
					{Ammo "ammo rifle" 5}
				}
			}
		}
		{NameId 13 88}
		{Cover
			{sector 815.844 4224.17 {type "squat_lie"}
				{wall 0 0 821.135 4213.84 791.394 4228.21}
			}
		}
		{FsmState "squat"}
	}
	{Human "jap.soldier" 0x8050
		{Position 879.281 3586.04 22}
		{Extender "inventory"
			{box
				{clear}
				{item "ammo rifle" 20 {cell 4 0}}
			}
		}
		{Player 1}
		{MID 84}
		{Weaponry
			{State
				{Mounted "arisaka_kn"}
				{Weapon
					{Ammo "ammo rifle" 5}
				}
			}
		}
		{NameId 0 88}
		{Cover
			{sector 879.281 3586.04 {type "snipe_cover"}
				{wall 0 0 886.281 3616.88 886.281 3575.11}
			}
		}
		{FsmState "snipe"}
	}
	{Human "jap.soldier" 0x8051
		{Position 1604.02 2776.15 22.2578}
		{Turn 180}
		{Extender "inventory"
			{box
				{clear}
				{item "ammo rifle" 20 {cell 4 0}}
			}
		}
		{Player 1}
		{MID 85}
		{Weaponry
			{State
				{Mounted "arisaka_kn"}
				{Weapon
					{Ammo "ammo rifle" 5}
				}
			}
		}
		{NameId 88 59}
		{Cover
			{sector 1604.02 2776.15 {type "snipe_cover"}
				{wall 0 0 1597.02 2769.24 1597.02 2808.97}
			}
		}
		{FsmState "snipe"}
	}
	{Human "jap.infantry_smg" 0x8052
		{Position 3026.9 1750.9 -21.0334}
		{Turn -169.843}
		{Extender "inventory"
			{box
				{clear}
				{item "ammo pistol" 90 {cell 4 0}}
				{item "grenade type23" {cell 6 0}}
			}
		}
		{Player 1}
		{MID 86}
		{Weaponry
			{State
				{Mounted "type100"}
				{Weapon
					{Ammo "ammo pistol" 30}
				}
			}
		}
		{NameId 66 100}
		{Cover
			{sector 3026.9 1750.9 {type "bush_stand"}
			}
		}
		{FsmState "stand"}
	}
	{Human "jap.infantry_smg" 0x8053
		{Position 2945.61 1934.6 -11.8914}
		{Turn 180}
		{Extender "inventory"
			{box
				{clear}
				{item "ammo pistol" 90 {cell 4 0}}
			}
		}
		{Player 1}
		{MID 87}
		{Weaponry
			{State
				{Mounted "type100"}
				{Weapon
					{Ammo "ammo pistol" 30}
				}
			}
		}
		{NameId 52 51}
		{Cover
			{sector 2945.61 1934.6 {type "squat_lie"}
				{wall 0 0 2938.61 1912.19 2938.61 1953.97}
			}
		}
		{FsmState "squat"}
	}
	{Human "jap.infantry_smg" 0x8054
		{Position 2172.4 2185.57 68.3608}
		{Extender "inventory"
			{box
				{clear}
				{item "ammo pistol" 90 {cell 4 0}}
			}
		}
		{Player 1}
		{MID 88}
		{Weaponry
			{State
				{Mounted "type100"}
				{Weapon
					{Ammo "ammo pistol" 30}
				}
			}
		}
		{NameId 52 46}
		{Cover
			{sector 2172.4 2185.57 {type "squat_lie"}
				{wall 0 0 2179.4 2197.71 2179.4 2155.94}
			}
		}
		{FsmState "squat"}
	}
	{Human "jap.infantry_smg" 0x8055
		{Position 2136.95 2612.12 64.112}
		{Turn 180}
		{Extender "inventory"
			{box
				{clear}
				{item "ammo pistol" 90 {cell 4 0}}
			}
		}
		{Player 1}
		{MID 89}
		{Weaponry
			{State
				{Mounted "type100"}
				{Weapon
					{Ammo "ammo pistol" 30}
				}
			}
		}
		{NameId 81 91}
		{Cover
			{sector 2136.95 2612.12 {type "squat_lie"}
				{wall 0 0 2129.95 2592.43 2129.95 2634.2}
			}
		}
		{FsmState "squat"}
	}
	{Human "jap.infantry_smg" 0x8056
		{Position 2848.29 1596.28 -23.3604}
		{Turn 180}
		{Extender "inventory"
			{box
				{clear}
				{item "ammo pistol" 90 {cell 4 0}}
			}
		}
		{Player 1}
		{MID 90}
		{Weaponry
			{State
				{Mounted "type100"}
				{Weapon
					{Ammo "ammo pistol" 30}
				}
			}
		}
		{NameId 37 35}
		{Cover
			{sector 2848.29 1596.28 {type "snipe_cover"}
				{wall 0 0 2841.29 1565.89 2841.29 1605.62}
			}
		}
		{FsmState "snipe"}
	}
	{Human "jap.infantry_smg" 0x8057
		{Position 3003.86 2515.42 29.7024}
		{Extender "inventory"
			{box
				{clear}
				{item "ammo pistol" 90 {cell 4 0}}
			}
		}
		{Player 1}
		{MID 91}
		{Weaponry
			{State
				{Mounted "type100"}
				{Weapon
					{Ammo "ammo pistol" 30}
				}
			}
		}
		{NameId 3 53}
		{Cover
			{sector 3003.86 2515.42 {type "squat_lie"}
				{wall 0 0 3010.86 2527.55 3010.86 2487.81}
			}
		}
		{FsmState "squat"}
	}
	{Human "jap.infantry_smg" 0x8058
		{Position 3502.9 2681.9 25.6235}
		{Turn 58.6413}
		{Extender "inventory"
			{box
				{clear}
				{item "ammo pistol" 90 {cell 4 0}}
			}
		}
		{Player 1}
		{MID 92}
		{Weaponry
			{State
				{Mounted "type100"}
				{Weapon
					{Ammo "ammo pistol" 30}
				}
			}
		}
		{NameId 29 72}
		{Cover
			{sector 3502.9 2681.9 {type "bush_lie"}
			}
		}
		{FsmState "lie"}
	}
	{Human "jap.infantry_mgun" 0x8059
		{Position 3433.85 2486.42 17.8625}
		{Turn 180}
		{Extender "inventory"
			{box
				{clear}
				{item "ammo mgun" 80 {cell 5 0}}
				{item "grenade type23" {cell 7 0}}
			}
		}
		{Player 1}
		{MID 93}
		{Weaponry
			{State
				{Mounted "type97"}
				{Weapon
					{Ammo "ammo mgun" 20}
				}
			}
		}
		{NameId 90 8}
		{Cover
			{sector 3433.85 2486.42 {type "snipe_cover"}
				{wall 0 0 3426.85 2456.58 3426.85 2496.31}
			}
		}
		{FsmState "snipe"}
	}
	{Human "jap.infantry_mgun" 0x805a
		{Position 3428.16 1952.05 -23.5513}
		{Turn 180}
		{Extender "inventory"
			{box
				{clear}
				{item "ammo mgun" 80 {cell 5 0}}
			}
		}
		{Player 1}
		{MID 94}
		{Weaponry
			{State
				{Mounted "type97"}
				{Weapon
					{Ammo "ammo mgun" 20}
				}
			}
		}
		{NameId 34 1}
		{Cover
			{sector 3428.16 1952.05 {type "snipe_cover"}
				{wall 0 0 3421.16 1943.21 3421.16 1984.98}
			}
		}
		{FsmState "snipe"}
	}
	{Human "jap.infantry_mgun" 0x805b
		{Position 3104.43 2718.49 19.4095}
		{Turn 180}
		{Extender "inventory"
			{box
				{clear}
				{item "ammo mgun" 80 {cell 5 0}}
			}
		}
		{Player 1}
		{MID 95}
		{Weaponry
			{State
				{Mounted "type97"}
				{Weapon
					{Ammo "ammo mgun" 20}
				}
			}
		}
		{NameId 26 86}
		{Cover
			{sector 3104.43 2718.49 {type "snipe_cover"}
				{wall 0 0 3097.43 2684.44 3097.43 2726.22}
			}
		}
		{FsmState "snipe"}
	}
	{Human "jap.oficer" 0x805c
		{Position 3287.26 1758.69 -14.1882}
		{Turn 180}
		{Extender "inventory"
			{box
				{clear}
				{item "ammo pistol" 24 {cell 2 0}}
				{item "bino" {cell 4 0}}
			}
		}
		{Player 1}
		{MID 96}
		{Weaponry
			{State
				{Mounted "nambu"}
				{Weapon
					{Ammo "ammo pistol" 8}
				}
			}
		}
		{NameId 42 72}
		{Cover
			{sector 3287.26 1758.69 {type "squat_lie"}
				{wall 0 0 3280.26 1747.24 3280.26 1789.02}
			}
		}
		{FsmState "squat"}
	}
	{Human "jap.kamikaze" 0x805d
		{Position 1409.35 2946.85 24.2282}
		{Turn -175.158}
		{Extender "inventory"
			{box
				{clear}
				{item "ammo rifle" 15 {cell 4 0}}
			}
		}
		{Player 1}
		{MID 97}
		{Weaponry
			{State
				{Mounted "arisaka"}
				{Weapon
					{Ammo "ammo rifle" 5}
				}
			}
		}
		{NameId 8 48}
		{Cover
			{sector 1409.35 2946.85 {type "snipe_cover"}
				{wall 0 0 1403.79 2929.62 1400.97 2962.91}
			}
		}
		{FsmState "snipe"}
	}
	{Human "jap.infantry_smg" 0x805e
		{Position 827.167 3983.85 33.1351}
		{Turn 180}
		{Extender "inventory"
			{box
				{clear}
				{item "ammo pistol" 90 {cell 4 0}}
			}
		}
		{Player 1}
		{MID 98}
		{Weaponry
			{State
				{Mounted "type100"}
				{Weapon
					{Ammo "ammo pistol" 30}
				}
			}
		}
		{NameId 54 88}
		{Cover
			{sector 827.167 3983.85 {type "squat_lie"}
				{wall 0 0 820.167 3965.67 820.167 4007.45}
			}
		}
		{FsmState "squat"}
	}
	{Human "jap.infantry_smg" 0x805f
		{Position 1059.95 3328.43 22}
		{Turn 180}
		{Extender "inventory"
			{box
				{clear}
				{item "ammo pistol" 90 {cell 4 0}}
				{item "grenade type23" {cell 6 0}}
			}
		}
		{Player 1}
		{MID 99}
		{Weaponry
			{State
				{Mounted "type100"}
				{Weapon
					{Ammo "ammo pistol" 30}
				}
			}
		}
		{NameId 29 17}
		{Cover
			{sector 1059.95 3328.43 {type "snipe_cover"}
				{wall 0 0 1052.95 3315.49 1052.95 3357.26}
			}
		}
		{FsmState "snipe"}
	}
	{Human "jap.infantry_mgun" 0x8060
		{Position 837.442 3783.26 23.2384}
		{Turn 180}
		{Extender "inventory"
			{box
				{clear}
				{item "ammo mgun" 80 {cell 5 0}}
			}
		}
		{Player 1}
		{MID 100}
		{Weaponry
			{State
				{Mounted "type97"}
				{Weapon
					{Ammo "ammo mgun" 20}
				}
			}
		}
		{NameId 83 54}
		{Cover
			{sector 837.442 3783.26 {type "snipe_cover"}
				{wall 0 0 830.442 3753.58 830.442 3793.31}
			}
		}
		{FsmState "snipe"}
	}
	{Human "jap.infantry_mgun" 0x8061
		{Position 1254.34 3107.59 23.1543}
		{Turn 180}
		{Extender "inventory"
			{box
				{clear}
				{item "ammo mgun" 80 {cell 5 0}}
				{item "grenade type23" {cell 7 0}}
			}
		}
		{Player 1}
		{MID 101}
		{Weaponry
			{State
				{Mounted "type97"}
				{Weapon
					{Ammo "ammo mgun" 20}
				}
			}
		}
		{NameId 88 7}
		{Cover
			{sector 1254.34 3107.59 {type "snipe_cover"}
				{wall 0 0 1247.34 3073.55 1247.34 3115.32}
			}
		}
		{FsmState "snipe"}
	}
	{Human "jap.infantry_rifle" 0x8062
		{Position -410.96 2279.48 -11.9046}
		{Extender "inventory"
			{box
				{clear}
				{item "ammo rifle" 25 {cell 4 0}}
				{item "grenade type23" {cell 5 0}}
				{item "bayonet" {cell 6 0}}
			}
		}
		{Player 1}
		{MID 102}
		{Weaponry
			{State
				{Mounted "arisaka"}
				{Weapon
					{Ammo "ammo rifle" 5}
				}
			}
		}
		{NameId 70 77}
		{Cover
			{sector -410.96 2279.48 {type "snipe_cover"}
				{wall 0 0 -403.96 2286.39 -403.96 2246.66}
			}
		}
		{FsmState "snipe"}
	}
	{Human "jap.infantry_rifle" 0x8063
		{Position -368.103 2072.9 -6.20142}
		{Turn 162.006}
		{Extender "inventory"
			{box
				{clear}
				{item "ammo rifle" 25 {cell 4 0}}
				{item "bayonet" {cell 6 0}}
			}
		}
		{Player 1}
		{MID 103}
		{Weaponry
			{State
				{Mounted "arisaka"}
				{Weapon
					{Ammo "ammo rifle" 5}
				}
			}
		}
		{NameId 40 16}
		{Cover
			{sector -368.103 2072.9 {type "bush_squat"}
			}
		}
		{FsmState "squat"}
	}
	{Human "jap.infantry_rifle" 0x8064
		{Position -186.103 2310.9 4.23489}
		{Turn -85.1461}
		{Extender "inventory"
			{box
				{clear}
				{item "ammo rifle" 25 {cell 4 0}}
				{item "bayonet" {cell 6 0}}
			}
		}
		{Player 1}
		{MID 104}
		{Weaponry
			{State
				{Mounted "arisaka"}
				{Weapon
					{Ammo "ammo rifle" 5}
				}
			}
		}
		{NameId 15 99}
		{Cover
			{sector -186.103 2310.9 {type "bush_stand"}
			}
		}
		{FsmState "stand"}
	}
	{Human "jap.infantry_mgun" 0x8065
		{Position -928.103 1855.9 -5.28135}
		{Turn -179.349}
		{Extender "inventory"
			{box
				{clear}
				{item "ammo mgun" 80 {cell 5 0}}
				{item "grenade type23" {cell 7 0}}
			}
		}
		{Player 1}
		{MID 105}
		{Weaponry
			{State
				{Mounted "type97"}
				{Weapon
					{Ammo "ammo mgun" 20}
				}
			}
		}
		{NameId 7 9}
		{Cover
			{sector -928.103 1855.9 {type "bush_stand"}
			}
		}
		{FsmState "stand"}
	}
	{Human "jap.infantry_mgun" 0x8066
		{Position -624.671 1855.96 -2.34774}
		{Extender "inventory"
			{box
				{clear}
				{item "ammo mgun" 80 {cell 5 0}}
			}
		}
		{Player 1}
		{MID 106}
		{Weaponry
			{State
				{Mounted "type97"}
				{Weapon
					{Ammo "ammo mgun" 20}
				}
			}
		}
		{NameId 75 58}
		{Cover
			{sector -624.671 1855.96 {type "squat_lie"}
				{wall 0 0 -617.671 1876.85 -617.671 1835.08}
			}
		}
		{FsmState "squat"}
	}
	{Human "jap.infantry_smg" 0x8067
		{Position -1161.18 1800.65 -12.0753}
		{Extender "inventory"
			{box
				{clear}
				{item "ammo pistol" 90 {cell 4 0}}
			}
		}
		{Player 1}
		{MID 107}
		{Weaponry
			{State
				{Mounted "type100"}
				{Weapon
					{Ammo "ammo pistol" 30}
				}
			}
		}
		{NameId 79 31}
		{Cover
			{sector -1161.18 1800.65 {type "snipe_cover"}
				{wall 0 0 -1154.18 1834.69 -1154.18 1792.92}
			}
		}
		{FsmState "snipe"}
	}
	{Human "jap.oficer" 0x8068
		{Position -596.866 2045.15 -2.13927}
		{Turn -16.4552}
		{Extender "inventory"
			{box
				{clear}
				{item "ammo pistol" 24 {cell 2 0}}
				{item "bino" {cell 4 0}}
			}
		}
		{Player 1}
		{MID 108}
		{Weaponry
			{State
				{Mounted "nambu"}
				{Weapon
					{Ammo "ammo pistol" 8}
				}
			}
		}
		{NameId 38 6}
		{Cover
			{sector -596.866 2045.15 {type "squat_lie"}
				{wall 0 0 -587.699 2051.48 -597.056 2019.8}
			}
		}
		{FsmState "squat"}
	}
	{Human "x.j.flammenwerfer" 0x8069
		{Position -473.411 3461.96 20.9568}
		{Extender "inventory"
			{box
				{clear}
				{item "bandage" 5 {cell 4 0}}
				{item "bandage" 5 {cell 6 0}}
				{item "knife" {cell 4 1}}
			}
		}
		{Player 1}
		{MID 109}
		{Weaponry
			{State
				{Mounted "flamethrower"}
				{Weapon
					{Ammo "ammo fire" 50}
				}
			}
		}
		{NameId 86 94}
		{Cover
			{sector -473.411 3461.96 {type "squat_lie"}
				{wall 0 0 -466.411 3472.98 -466.411 3433.25}
			}
		}
		{FsmState "squat"}
	}
	{Human "jap.bazooka" 0x806a
		{Position -1242.96 2254.43 12}
		{Extender "inventory"
			{box
				{clear}
				{item "ammo bazooka" {cell 5 0}}
				{item "ammo bazooka" {cell 5 1}}
				{item "ammo bazooka" {cell 0 2}}
				{item "grenade type3at" {cell 2 2}}
			}
		}
		{Player 1}
		{MID 110}
		{Weaponry
			{State
				{Mounted "weapon type4_launcher"}
				{Weapon
					{Ammo "ammo bazooka" 1}
				}
			}
		}
		{NameId 88 97}
		{Cover
			{sector -1242.96 2254.43 {type "snipe_cover"}
				{wall 0 0 -1235.96 2285.27 -1235.96 2243.49}
			}
		}
	}
	{Human "jap.infantry_rifle" 0x806b
		{Position -603.723 3323.03 14.1343}
		{Extender "inventory"
			{box
				{clear}
				{item "ammo rifle" 25 {cell 4 0}}
				{item "bayonet" {cell 6 0}}
			}
		}
		{Player 1}
		{MID 111}
		{Weaponry
			{State
				{Mounted "arisaka"}
				{Weapon
					{Ammo "ammo rifle" 5}
				}
			}
		}
		{NameId 30 70}
		{Cover
			{sector -603.723 3323.03 {type "snipe_cover"}
				{wall 0 0 -596.723 3357.08 -596.723 3315.3}
			}
		}
		{FsmState "snipe"}
	}
	{Human "jap.infantry_rifle" 0x806c
		{Position -757.309 2646.14 13}
		{Turn 180}
		{Extender "inventory"
			{box
				{clear}
				{item "ammo rifle" 25 {cell 4 0}}
				{item "grenade type23" {cell 5 0}}
				{item "bayonet" {cell 6 0}}
			}
		}
		{Player 1}
		{MID 112}
		{Weaponry
			{State
				{Mounted "arisaka"}
				{Weapon
					{Ammo "ammo rifle" 5}
				}
			}
		}
		{NameId 23 79}
		{Cover
			{sector -757.309 2646.14 {type "snipe_cover"}
				{wall 0 0 -764.309 2638.43 -764.309 2678.16}
			}
		}
		{FsmState "snipe"}
	}
	{Human "jap.infantry_rifle" 0x806d
		{Position -1017.52 2253.54 20.5859}
		{Extender "inventory"
			{box
				{clear}
				{item "ammo rifle" 25 {cell 4 0}}
				{item "bayonet" {cell 6 0}}
			}
		}
		{Player 1}
		{MID 113}
		{Weaponry
			{State
				{Mounted "arisaka"}
				{Weapon
					{Ammo "ammo rifle" 5}
				}
			}
		}
		{NameId 31 86}
		{Cover
			{sector -1017.52 2253.54 {type "squat_lie"}
				{wall 0 0 -1010.52 2282.52 -1010.52 2242.78}
			}
		}
		{FsmState "squat"}
	}
	{Human "jap.infantry_rifle" 0x806e
		{Position -1404.1 2100.9 17.6759}
		{Extender "inventory"
			{box
				{clear}
				{item "ammo rifle" 25 {cell 4 0}}
				{item "bayonet" {cell 6 0}}
			}
		}
		{Player 1}
		{MID 114}
		{Weaponry
			{State
				{Mounted "arisaka"}
				{Weapon
					{Ammo "ammo rifle" 5}
				}
			}
		}
		{NameId 22 36}
		{FsmState "stand"}
	}
	{Human "jap.infantry_smg" 0x806f
		{Position -770.41 2875.77 13}
		{Extender "inventory"
			{box
				{clear}
				{item "ammo pistol" 90 {cell 4 0}}
			}
		}
		{Player 1}
		{MID 115}
		{Weaponry
			{State
				{Mounted "type100"}
				{Weapon
					{Ammo "ammo pistol" 30}
				}
			}
		}
		{NameId 82 89}
		{Cover
			{sector -770.41 2875.77 {type "snipe_cover"}
				{wall 0 0 -763.41 2906.61 -763.41 2864.84}
			}
		}
		{FsmState "snipe"}
	}
	{Human "jap.infantry_smg" 0x8070
		{Position -946.923 2534.26 11.1096}
		{Extender "inventory"
			{box
				{clear}
				{item "ammo pistol" 90 {cell 4 0}}
			}
		}
		{Player 1}
		{MID 116}
		{Weaponry
			{State
				{Mounted "type100"}
				{Weapon
					{Ammo "ammo pistol" 30}
				}
			}
		}
		{NameId 22 51}
		{Cover
			{sector -946.923 2534.26 {type "snipe_cover"}
				{wall 0 0 -939.923 2565.25 -939.923 2525.51}
			}
		}
		{FsmState "snipe"}
	}
	{Human "jap.infantry_mgun" 0x8071
		{Position -555.605 3737.16 18.7115}
		{Turn 180}
		{Extender "inventory"
			{box
				{clear}
				{item "ammo mgun" 80 {cell 5 0}}
			}
		}
		{Player 1}
		{MID 117}
		{Weaponry
			{State
				{Mounted "type97"}
				{Weapon
					{Ammo "ammo mgun" 20}
				}
			}
		}
		{NameId 64 65}
		{Cover
			{sector -555.605 3737.16 {type "squat_lie"}
				{wall 0 0 -562.605 3718.07 -562.605 3759.85}
			}
		}
		{FsmState "squat"}
	}
	{Human "jap.infantry_mgun" 0x8072
		{Position -614.695 3053.93 13}
		{Turn 180}
		{Extender "inventory"
			{box
				{clear}
				{item "ammo mgun" 80 {cell 5 0}}
			}
		}
		{Player 1}
		{MID 118}
		{Weaponry
			{State
				{Mounted "type97"}
				{Weapon
					{Ammo "ammo mgun" 20}
				}
			}
		}
		{NameId 33 7}
		{Cover
			{sector -614.695 3053.93 {type "snipe_cover"}
				{wall 0 0 -621.695 3045.4 -621.695 3085.14}
			}
		}
		{FsmState "snipe"}
	}
	{Human "jap.infantry_mgun" 0x8073
		{Position -1519.55 2714.29 43.4126}
		{Extender "inventory"
			{box
				{clear}
				{item "ammo mgun" 80 {cell 5 0}}
			}
		}
		{Player 1}
		{MID 119}
		{Weaponry
			{State
				{Mounted "type97"}
				{Weapon
					{Ammo "ammo mgun" 20}
				}
			}
		}
		{NameId 60 93}
		{Cover
			{sector -1519.55 2714.29 {type "snipe_cover"}
				{wall 0 0 -1512.55 2744.37 -1512.55 2702.6}
			}
		}
		{FsmState "snipe"}
	}
	{Human "jap.infantry_mgun" 0x8074
		{Position -1322.26 3339.11 49.2925}
		{Turn -155.81}
		{Extender "inventory"
			{box
				{clear}
				{item "ammo mgun" 80 {cell 5 0}}
				{item "grenade type23" {cell 7 0}}
			}
		}
		{Player 1}
		{MID 120}
		{Weaponry
			{State
				{Mounted "type97"}
				{Weapon
					{Ammo "ammo mgun" 20}
				}
			}
		}
		{NameId 12 76}
		{Cover
			{sector -1313.1 3339.9 {type "bush_stand"}
			}
		}
		{FsmState "snipe"}
	}
	{Human "jap.infantry_smg" 0x8075
		{Position -1035.82 3417.6 50.9849}
		{Extender "inventory"
			{box
				{clear}
				{item "ammo pistol" 90 {cell 4 0}}
				{item "grenade type23" {cell 6 0}}
			}
		}
		{Player 1}
		{MID 121}
		{Weaponry
			{State
				{Mounted "type100"}
				{Weapon
					{Ammo "ammo pistol" 30}
				}
			}
		}
		{NameId 57 56}
		{Cover
			{sector -1035.82 3417.6 {type "squat_lie"}
				{wall 0 0 -1028.82 3444.71 -1028.82 3404.97}
			}
		}
		{FsmState "squat"}
	}
	{Human "jap.infantry_smg" 0x8076
		{Position -1350.21 2874.57 43.0301}
		{Turn 180}
		{Extender "inventory"
			{box
				{clear}
				{item "ammo pistol" 90 {cell 4 0}}
			}
		}
		{Player 1}
		{MID 122}
		{Weaponry
			{State
				{Mounted "type100"}
				{Weapon
					{Ammo "ammo pistol" 30}
				}
			}
		}
		{NameId 20 65}
		{Cover
			{sector -1350.21 2874.57 {type "snipe_cover"}
				{wall 0 0 -1357.21 2841.39 -1357.21 2883.17}
			}
		}
		{FsmState "snipe"}
	}
	{Human "jap.soldier" 0x8077
		{Position -1474.23 3163.91 51.9398}
		{Orientation
			 -0.571283   0.819703  -0.041499
			 -0.376761  -0.306829  -0.874018
			 -0.729168  -0.483676   0.484118
		}
		{Extender "inventory"
			{box
				{clear}
				{item "ammo rifle" 20 {cell 4 0}}
			}
		}
		{Player 1}
		{MID 123}
		{Weaponry
			{State
				{Mounted "arisaka_kn"}
				{Weapon
					{Ammo "ammo rifle" 5}
				}
			}
		}
		{NameId 83 94}
		{Cover
			{sector -1474.1 3171.9 {type "bush_lie"}
			}
		}
		{FsmState "lie"}
	}
	{Human "jap.soldier" 0x8078
		{Position -1294.21 3124.24 44.697}
		{Turn 180}
		{Extender "inventory"
			{box
				{clear}
				{item "ammo rifle" 20 {cell 4 0}}
			}
		}
		{Player 1}
		{MID 124}
		{Weaponry
			{State
				{Mounted "arisaka_kn"}
				{Weapon
					{Ammo "ammo rifle" 5}
				}
			}
		}
		{NameId 36 4}
		{Cover
			{sector -1294.21 3124.24 {type "snipe_cover"}
				{wall 0 0 -1301.21 3115.72 -1301.21 3155.45}
			}
		}
		{FsmState "snipe"}
	}
	{Human "jap.soldier" 0x8079
		{Position -1537.37 3346.24 59.2444}
		{Turn 180}
		{Extender "inventory"
			{box
				{clear}
				{item "ammo rifle" 20 {cell 4 0}}
			}
		}
		{Player 1}
		{MID 125}
		{Weaponry
			{State
				{Mounted "arisaka_kn"}
				{Weapon
					{Ammo "ammo rifle" 5}
				}
			}
		}
		{NameId 31 55}
		{Cover
			{sector -1537.37 3346.24 {type "squat_lie"}
				{wall 0 0 -1544.37 3316.75 -1544.37 3356.49}
			}
		}
		{FsmState "squat"}
	}
	{Human "jap.soldier" 0x807a
		{Position -1488.1 2905.9 72.0003}
		{Turn -26.5772}
		{Extender "inventory"
			{box
				{clear}
				{item "ammo rifle" 20 {cell 4 0}}
			}
		}
		{Player 1}
		{MID 126}
		{Weaponry
			{State
				{Mounted "arisaka_kn"}
				{Weapon
					{Ammo "ammo rifle" 5}
				}
			}
		}
		{NameId 88 60}
		{Cover
			{sector -1474.1 2898.9 {type "bush_squat"}
			}
		}
		{FsmState "squat"}
	}
	{Human "jap.oficer" 0x807b
		{Position 1126.03 630.459 121.349}
		{Turn -91.8727}
		{DisableObstacles}
		{Player 1}
		{MID 127}
		{NameId 24 99}
		{Cover
			{sector 1126.03 630.459 {type "snipe_cover"}
				{wall 0 0 1135.79 623.136 1115.8 623.79}
			}
		}
		{FsmState "snipe"}
	}
	{Entity "type1_stan" 0x807c
		{Position 1123.12 532.329 5.1648}
		{Turn -79.0327}
		{Player 1}
		{MID 128}
	}
	{Entity "type1_stan" 0x807d
		{Position 1379.3 523.174 6.98042}
		{Turn -98.3796}
		{Player 1}
		{MID 129}
	}
	{Human "jap.oficer" 0x807e
		{Position 1158.66 4220.34 134.847}
		{Turn -96.3511}
		{Player 1}
		{MID 130}
		{NameId 79 26}
		{Cover
			{sector 1158.66 4220.34 {type "snipe_cover"}
				{wall 0 0 1166.83 4212.39 1110.59 4218.65}
			}
		}
		{FsmState "snipe"}
	}
	{Human "jap.sniper" 0x807f
		{Position 2052.28 4968.85 379.118}
		{Turn -98.3865}
		{Extender "inventory"
			{box
				{clear}
				{item "ammo rifle" 15 {cell 4 0}}
				{item "nambu" filling "ammo pistol" 8 {cell 5 0}}
				{item "ammo pistol" 16 {cell 4 1}}
				{item "knife" {cell 6 1}}
			}
		}
		{DisableObstacles}
		{Player 1}
		{MID 131}
		{Weaponry
			{State
				{Mounted "arisaka_scoped"}
				{Weapon
					{Ammo "ammo rifle" 5}
				}
			}
		}
		{NameId 73 55}
		{LastItem "arisaka_scoped"}
		{Cover
			{sector 2052.28 4968.85 {type "squat_lie"}
				{wall 0 0 2061.15 4960.46 2041.36 4963.38}
			}
		}
		{FsmState "squat"}
	}
	{Human "jap.sniper" 0x8080
		{Position 2749.37 5043.09 403.146}
		{Turn -94.5004}
		{Extender "inventory"
			{box
				{clear}
				{item "ammo rifle" 15 {cell 4 0}}
				{item "nambu" filling "ammo pistol" 8 {cell 5 0}}
				{item "ammo pistol" 16 {cell 4 1}}
				{item "knife" {cell 6 1}}
			}
		}
		{DisableObstacles}
		{Player 1}
		{MID 132}
