;Exported by: Dinsen y Albus
;Date:  Jun 2009      
{Skeleton
	{bone "Basis"
		{parameters "WheelRadius=0.43;SteerMax=42;"}
		{Orientation
			1.0000	0.0000	0.0000
			0.0000	-1.0000	0.0000
			0.0000	0.0000	1.0000
		}
		{bone "body"
			{parameters "ID=body;"}
			{Matrix34
				-1.0000	0.0000	0.0000
				0.0000	0.0000	1.0000
				0.0000	1.0000	0.0000
				1.1110	-0.1883	9.2616
			}
			{VolumeView "body.ply"}
			{bone "engine"
				{parameters "CommonMesh;ID=engine;"}
				{Matrix34
					-1.0000	0.0000	0.0000
					0.0000	0.0000	-1.0000
					0.0000	1.0000	0.0000
					-20.2141	0.6121	-0.1223
				}
			}
			{bone revolute "Turret"
				{parameters "ID=turret;"}
				{speed 0.0100}
				{Matrix34
					-1.0000	0.0000	-0.0008
					-0.0008	0.0062	1.0000
					0.0000	1.0000	-0.0062
					21.8894	23.9544	-0.0763
				}
				{VolumeView "Turret.ply"}
				{bone revolute "MGun"
					{limits -10.0000 8.0000}
					{speed 0.1000}
					{Matrix34
						1.0000	0.0008	0.0000
						0.0000	0.0025	1.0000
						-0.0008	1.0000	-0.0025
						2.5965	-3.0964	1.8901
					}
					{bone "Foresight3"
						{Matrix34
							1.0000	0.0000	0.0000
							0.0000	0.0037	-1.0000
							0.0000	1.0000	0.0037
							19.0626	2.5229	-0.4755
						}
					}
				}
				{bone "visor1"
					{Matrix34
						1.0000	0.0008	0.0000
						0.0008	-1.0000	0.0062
						0.0000	0.0062	1.0000
						5.6984	1.3312	8.6876
					}
				}
				{bone "FXfire2"
					{Matrix34
						0.0287	0.0025	0.9996
						-0.0029	-1.0000	0.0026
						-0.9996	0.0029	0.0287
						-0.7251	1.2937	3.4804
					}
				}
			}
			{bone "visor2"
				{Matrix34
					-1.0000	0.0000	0.0000
					0.0000	0.0000	-1.0000
					0.0000	1.0000	0.0000
					-6.0298	21.3575	-4.5195
				}
			}
			{bone "part2"
				{parameters "ID=body;"}
				{Position 0.0000	0.0000	0.0000}
				{VolumeView "part2.ply"}
			}
			{bone "door_L"
				{parameters "ID=body;"}
				{Position 0.0000	0.0000	0.0000}
				{VolumeView "door_L.ply"}
			}
			{bone "part3"
				{parameters "ID=body;"}
				{Position 0.0000	0.0000	0.0000}
				{VolumeView "part3.ply"}
			}
			{bone "FXfire1"
				{Matrix34
					-0.0287	0.9996	-0.0037
					0.0037	-0.0036	-1.0000
					0.9996	0.0287	0.0036
					-15.2219	11.3596	1.1964
				}
			}
		}
		{bone "Pivot_front"
			{Position 27.7496	-2.8274	8.8083}
			{bone revolute "steer_L1"
				{Matrix34
					-1.0000	0.0000	0.0000
					0.0000	1.0000	0.0000
					0.0000	0.0000	-1.0000
					0.1183	11.9325	0.0048
				}
				{bone revolute "WheelL1"
					{parameters "ID=wheelleft1;"}
					{Matrix34
						1.0000	0.0000	0.0000
						0.0000	0.0000	-1.0000
						0.0000	1.0000	0.0000
						0.5301	3.4943	0.2453
					}
					{VolumeView "WheelL1.ply"}
				}
			}
			{bone revolute "steer_R1"
				{Matrix34
					-1.0000	0.0000	0.0000
					0.0000	1.0000	0.0000
					0.0000	0.0000	-1.0000
					0.0963	-11.4906	0.0048
				}
				{bone revolute "WheelR1"
					{parameters "ID=wheelright1;"}
					{Matrix34
						-1.0000	0.0000	0.0000
						0.0000	0.0000	1.0000
						0.0000	1.0000	0.0000
						0.5080	-0.2360	0.2453
					}
					{VolumeView "WheelR1.ply"}
				}
			}
		}
		{bone "Pivot_back"
			{Position -27.1787	-0.0274	8.8083}
			{bone revolute "WheelR2"
				{parameters "ID=wheelright2;"}
				{Matrix34
					-1.0000	0.0000	0.0000
					0.0000	0.0000	1.0000
					0.0000	1.0000	0.0000
					3.9832	-14.5266	-0.2404
				}
				{VolumeView "WheelR2.ply"}
			}
			{bone revolute "WheelL2"
				{parameters "ID=wheelleft2;"}
				{Matrix34
					-1.0000	0.0000	0.0000
					0.0000	0.0000	1.0000
					0.0000	1.0000	0.0000
					3.9832	12.7266	-0.2404
				}
				{VolumeView "WheelL2.ply"}
			}
		}
		{bone "part1"
			{parameters "ID=body;"}
			{Matrix34
				0.0000	1.0000	0.0000
				-0.3288	0.0000	-0.9443
				-0.9443	0.0000	0.3288
				-42.6700	-0.0512	25.3920
			}
			{VolumeView "part1.ply"}
		}
	}
}
{Volume "wheelleft2"
	{Cylinder 8.55597 4.24243}
	{Bone "wheelL2"}
	{Position 0.0835	0.0644	0.2518}
}
{Volume "wheelright2"
	{Cylinder 8.55597 4.24243}
	{Bone "WheelR2"}
	{Position 0.0835	0.0644	0.2518}
}
{Volume "wheelright1"
	{Cylinder 8.55597 4.24243}
	{Bone "WheelR1"}
	{Position 0.0835	0.0644	0.2518}
}
{Volume "wheelleft1"
	{Cylinder 8.55597 4.24243}
	{Bone "WheelL1"}
	{Position 0.0835	0.0644	0.2518}
}
{Volume "body1"
	{Polyhedron "body1.vol"}
	{Bone "body"}
	{Matrix34
		-1.0000	0.0000	0.0000
		0.0000	0.0000	1.0000
		0.0000	1.0000	0.0000
		18.6129	0.7072	-0.1530
	}
}
{Volume "body2"
	{Box 32.7966 17.7251 12.0099}
	{Bone "body"}
	{Matrix34
		-0.9945	-0.1045	0.0000
		0.0000	0.0000	1.0000
		-0.1045	0.9945	0.0000
		-19.7038	9.6731	-0.2000
	}
}
{Volume "turret"
	{Box 23.7966 21.7251 5.5099}
	{Bone "Turret"}
	{Matrix34
		1.0000	0.0000	0.0000
		0.0000	1.0000	0.0000
		0.0000	0.0000	1.0000
		0.0178	-0.0802	2.9020
	}
}
{Volume "part1"
	{Cylinder 8.55597 4.24243}
	{Bone "part1"}
	{Position 0.0835	0.0644	0.2518}
}
{Volume "part2"
	{Box 15.1549 8.98458 1.5785}
	{Bone "part2"}
	{Matrix34
		0.9999	0.0000	-0.0034
		-0.0021	0.7944	-0.6073
		0.0027	0.6073	0.7944
		2.7207	8.1075	-12.1616
	}
}
{Volume "part3"
	{Box 5.8737 7.9498 8.6637}
	{Bone "part3"}
	{Matrix34
		0.9205	0.3907	0.0000
		-0.3907	0.9205	0.0000
		0.0000	0.0000	1.0000
		-10.1822	4.2098	-10.7980
	}
}
