{mission
	{Camera
		{Position 2051.2 4257.06}
		{Distance 1148.26}
		{ViewAngle 0.639955}
		{YawAngle 0.233742}
	}
	{Environment "day1"}
	{User 1}
	{GameProgress 0 0}
	{Entity "defence1_08" 0x8292
		{Position 1678.35 3117.97 0}
	}
	{Entity "defence2_08" 0x8293
		{Position 1815.19 2812.84 0}
		{Turn -30.5386}
	}
	{Entity "defence2_08" 0x8294
		{Position 1484.27 3367.45 0}
		{Turn -2.16516}
	}
	{Entity "defence1_08" 0x8295
		{Position 1111.21 3069.36 0}
		{Turn -24.4837}
	}
	{Entity "_infantry2_rus" 0x8297
		{Position 1181.5 3353.65 -8.38916}
		{Turn -9.67382}
		{Extender "inventory"
			{box
				{clear}
				{item "ammo mgun" 100 {cell 0 0}}
				{item "ammo mgun" 100 {cell 2 0}}
				{item "grenade f1" {cell 0 1}}
				{item "bren" {cell 4 0}}
			}
		}
		{Player 3}
		{MID 2}
		{Able {crew 0}{select 0}{repair 0}{talk 0}{fight 0}}
		{Breed "usa.infantry_mgun"}
		{FsmState "stand"}
	}
	{Entity "_infantry2_rus" 0x8298
		{Position 1900.31 3458.52 0}
		{Turn -136.878}
		{Extender "inventory"
			{box
				{clear}
				{item "ammo pistol" 100 {cell 0 1}}
				{item "ammo pistol" 23 {cell 0 0}}
				{item "grenade f1" {cell 0 2}}
				{item "thompson" {cell 2 0}}
			}
		}
		{Player 3}
		{MID 3}
		{Able {crew 0}{select 0}{repair 0}{talk 0}{fight 0}}
		{Breed "usa.infantry_smg"}
		{FsmState "stand"}
	}
	{Entity "_infantry2_rus" 0x8299
		{Position 1955.59 3111.07 0}
		{Turn -92.5875}
		{Extender "inventory"
			{box
				{clear}
				{item "ammo pistol" 100 {cell 0 1}}
				{item "ammo pistol" 23 {cell 0 0}}
				{item "grenade f1" {cell 0 2}}
				{item "thompson" {cell 2 0}}
			}
		}
		{Player 3}
		{MID 4}
		{Able {crew 0}{select 0}{repair 0}{talk 0}{fight 0}}
		{Breed "usa.infantry_smg"}
		{FsmState "stand"}
	}
	{Entity "_infantry2_rus" 0x829a
		{Position 1499.13 3146.72 3.41446}
		{Turn -82.6298}
		{Extender "inventory"
			{box
				{clear}
				{item "ammo pistol" 100 {cell 0 1}}
				{item "ammo pistol" 23 {cell 0 0}}
				{item "grenade f1" {cell 0 2}}
				{item "thompson" {cell 2 0}}
			}
		}
		{Player 3}
		{MID 5}
		{Able {crew 0}{select 0}{repair 0}{talk 0}{fight 0}}
		{Breed "usa.infantry_smg"}
		{FsmState "stand"}
	}
	{Entity "_infantry2_rus" 0x829b
		{Position 1304.09 3303.34 3.74353}
		{Turn -119.302}
		{Extender "inventory"
			{box
				{clear}
				{item "ammo pistol" 100 {cell 0 1}}
				{item "ammo pistol" 23 {cell 0 0}}
				{item "grenade f1" {cell 0 2}}
				{item "thompson" {cell 2 0}}
			}
		}
		{Player 3}
		{MID 7}
		{Able {crew 0}{select 0}{repair 0}{talk 0}{fight 0}}
		{Breed "usa.infantry_smg"}
		{FsmState "stand"}
	}
	{Entity "m4a2" 0x829f
		{Position 1907.72 4481.01 0.160859}
		{Turn -59.8912}
		{Extender "inventory"
			{box
				{clear}
				{item "ammo mgun" 200 {cell 0 0}}
				{item "bullet75 ap" 10 {cell 0 2}}
				{item "repair_kit" {cell 0 3}}
				{item "can" {cell 2 3}}
				{item "bullet75 fg" 10 {cell 0 1}}
			}
		}
		{Player 1}
		{MID 11}
		{Chassis
			{FuelBag
				{Remain 5}
			}
		}
	}
	{Entity "_infantry2_rus" 0x82a0
		{Position 887.163 2061.5 0}
		{Turn -79.3365}
		{Extender "inventory"
			{box
				{clear}
				{item "ammo pistol" 100 {cell 4 0}}
				{item "ammo pistol" 23 {cell 6 0}}
				{item "grenade f1" {cell 0 2}}
			}
		}
		{Player 3}
		{MID 12}
		{Able {crew 0}{select 0}{repair 0}{talk 0}{fight 0}}
		{Weaponry
			{State
				{Mounted "thompson"}
				{Weapon
					{Ammo "ammo pistol" 30}
				}
			}
		}
		{Breed "usa.infantry_smg"}
		{FsmState "stand"}
	}
	{Entity "_infantry2_rus" 0x82a1
		{Position 1611.84 3767.99 35}
		{Turn 56.4895}
		{Extender "inventory"
			{box
				{clear}
				{item "thompson" {cell 0 0}}
				{item "ammo pistol" 100 {cell 4 0}}
				{item "ammo pistol" 23 {cell 6 0}}
				{item "grenade f1" {cell 0 2}}
			}
		}
		{Player 3}
		{MID 13}
		{Able {crew 0}{select 0}{repair 0}{talk 0}{fight 0}}
		{Breed "usa.infantry_smg"}
		{FsmState "stand"}
	}
	{Entity "_infantry2_rus" 0x82a2
		{Position 1219.36 3342.04 -3.87255}
		{Turn -167.314}
		{Extender "inventory"
			{box
				{clear}
				{item "thompson" {cell 0 0}}
				{item "ammo pistol" 100 {cell 4 0}}
				{item "ammo pistol" 23 {cell 6 0}}
				{item "grenade f1" {cell 0 2}}
			}
		}
		{Player 3}
		{MID 14}
		{Able {crew 0}{select 0}{repair 0}{talk 0}{fight 0}}
		{Breed "usa.infantry_smg"}
		{FsmState "stand"}
	}
	{Entity "pz-6" 0x82a3
		{Position -735.724 751.609 0}
		{Turn 9.06981}
		{Extender "inventory"
			{box
				{clear}
				{item "ammo mgun" 2000 {cell 0 0}}
				{item "can" {cell 2 0}}
				{item "bullet88 ap" 50 {cell 0 3}}
				{item "bullet88 fg" 20 {cell 0 4}}
			}
		}
		{Player 2}
		{MID 15}
	}
	{Entity "sdkfz251_1" 0x82a4
		{Position -1249.76 669.248 0}
		{Turn 7.91977}
		{Extender "inventory"
			{box
				{clear}
				{item "ammo mgun" 2000 {cell 0 0}}
				{item "can" {cell 2 0}}
			}
		}
		{Player 2}
		{MID 16}
	}
	{Entity "_infantry2_rus" 0x82a5
		{Position -735.724 751.609 0}
		{Orientation
			  0.987497   0.157638   0.000000
			  0.157638  -0.987497   0.000000
			  0.000000   0.000000   1.000000
		}
		{Extender "inventory"
			{box
				{clear}
				{item "mp41" {cell 0 0}}
				{item "ammo pistol" 60 {cell 4 0}}
			}
		}
		{Player 2}
		{MID 18}
		{Breed "ger.tankman"}
		{FsmState "board"}
	}
	{Entity "_infantry2_rus" 0x82a6
		{Position -735.724 751.609 0}
		{Orientation
			  0.987497   0.157638   0.000000
			  0.157638  -0.987497   0.000000
			  0.000000   0.000000   1.000000
		}
		{Extender "inventory"
			{box
				{clear}
				{item "mp41" {cell 0 0}}
				{item "ammo pistol" 60 {cell 4 0}}
			}
		}
		{Player 2}
		{MID 19}
		{Breed "ger.tankman"}
		{FsmState "board"}
	}
	{Entity "_infantry2_rus" 0x82a7
		{Position -735.724 751.609 0}
		{Orientation
			  0.987497   0.157638   0.000000
			  0.157638  -0.987497   0.000000
			  0.000000   0.000000   1.000000
		}
		{Extender "inventory"
			{box
				{clear}
				{item "mp41" {cell 0 0}}
				{item "ammo pistol" 60 {cell 4 0}}
			}
		}
		{Player 2}
		{MID 20}
		{Breed "ger.tankman"}
		{FsmState "board"}
	}
	{Entity "_infantry2_rus" 0x82a8
		{Position -1253.6 669.495 16.6882}
		{Turn 8.82506}
		{Extender "inventory"
			{box
				{clear}
				{item "mp41" {cell 0 0}}
				{item "ammo pistol" 60 {cell 4 0}}
			}
		}
		{DisableObstacles}
		{Player 2}
		{MID 17}
		{Breed "ger.tankman"}
		{FsmState "board"}
	}
	{Entity "_infantry2_rus" 0x82a9
		{Position -1237.25 666.473 10.5485}
		{Orientation
			  0.927271   0.128996   0.351600
			 -0.137786   0.990462   0.000000
			 -0.348246  -0.048446   0.936200
		}
		{Extender "inventory"
			{box
				{clear}
				{item "mp41" {cell 0 0}}
				{item "ammo pistol" 60 {cell 4 0}}
			}
		}
		{DisableObstacles}
		{Player 2}
		{MID 21}
		{Breed "ger.tankman"}
		{FsmState "board"}
	}
	{Entity "_infantry2_rus" 0x82aa
		{Position -1258.07 663.347 14.957}
		{Orientation
			 -0.136881   0.975242   0.173600
			 -0.990297  -0.138975   0.000000
			  0.024118  -0.171917   0.984800
		}
		{Extender "inventory"
			{box
				{clear}
				{item "mp40" {cell 0 0}}
				{item "ammo pistol" 60 {cell 4 0}}
				{item "grenade m24" {cell 6 0}}
			}
		}
		{DisableObstacles}
		{Player 2}
		{MID 22}
		{Breed "ger.infantry_ss"}
		{FsmState "board"}
	}
	{Entity "_infantry2_rus" 0x82ab
		{Position -1290.79 658.754 14.957}
		{Orientation
			 -0.136881   0.975242   0.173600
			 -0.990297  -0.138975   0.000000
			  0.024118  -0.171917   0.984800
		}
		{Extender "inventory"
			{box
				{clear}
				{item "ammo pistol" 20 {cell 0 0}}
				{item "mp40" {cell 0 1}}
				{item "grenade m24" {cell 4 0}}
			}
		}
		{DisableObstacles}
		{Player 2}
		{MID 23}
		{Breed "ger.infantry_smg"}
		{FsmState "board"}
	}
	{Entity "_infantry2_rus" 0x82ac
		{Position -1280.71 660.169 14.957}
		{Orientation
			 -0.136881   0.975242   0.173600
			 -0.990297  -0.138975   0.000000
			  0.024118  -0.171917   0.984800
		}
		{Extender "inventory"
			{box
				{clear}
				{item "ammo pistol" 20 {cell 0 0}}
				{item "mp40" {cell 0 1}}
				{item "grenade m24" {cell 4 0}}
			}
		}
		{DisableObstacles}
		{Player 2}
		{MID 24}
		{Breed "ger.infantry_smg"}
		{FsmState "board"}
	}
	{Entity "_infantry2_rus" 0x82ad
		{Position -1294.26 668.782 16.7896}
		{Orientation
			  0.135692  -0.975407   0.173600
			  0.990462   0.137786   0.000000
			 -0.023920   0.171944   0.984800
		}
		{Extender "inventory"
			{box
				{clear}
				{item "ammo pistol" 20 {cell 0 0}}
				{item "grenade m24" {cell 5 0}}
				{item "grenade m24" {cell 4 1}}
				{item "grenade m24" {cell 6 2}}
				{item "sg44" {cell 0 1}}
			}
		}
		{DisableObstacles}
		{Player 2}
		{MID 25}
		{Breed "ger.infantry_smg"}
		{LastItem "grenade m24"}
		{LastThrowItem "grenade m24"}
		{FsmState "board"}
	}
	{Entity "_infantry2_rus" 0x82ae
		{Position -1272.41 671.822 16.7896}
		{Orientation
			  0.135692  -0.975407   0.173600
			  0.990462   0.137786   0.000000
			 -0.023920   0.171944   0.984800
		}
		{Extender "inventory"
			{box
				{clear}
				{item "ammo pistol" 20 {cell 0 0}}
				{item "grenade m24" {cell 6 0}}
				{item "grenade m24" {cell 2 0}}
				{item "sg44" {cell 0 1}}
			}
		}
		{DisableObstacles}
		{Player 2}
		{MID 26}
		{Breed "ger.infantry_smg"}
		{LastItem "grenade m24"}
		{LastThrowItem "grenade m24"}
		{FsmState "board"}
	}
	{Entity "_infantry2_rus" 0x82af
		{Position -1269.23 661.781 14.957}
		{Orientation
			 -0.136881   0.975242   0.173600
			 -0.990297  -0.138975   0.000000
			  0.024118  -0.171917   0.984800
		}
		{Extender "inventory"
			{box
				{clear}
				{item "mg34" {cell 0 0}}
				{item "ammo mgun" 100 {cell 6 0}}
				{item "ammo mgun" 100 {cell 6 1}}
				{item "grenade m24" {cell 0 2}}
			}
		}
		{DisableObstacles}
		{Player 2}
		{MID 27}
		{Breed "ger.infantry_mgun"}
		{FsmState "board"}
	}
	{Entity "_infantry2_rus" 0x82b0
		{Position -1283.29 670.309 16.7896}
		{Orientation
			  0.135692  -0.975407   0.173600
			  0.990462   0.137786   0.000000
			 -0.023920   0.171944   0.984800
		}
		{Extender "inventory"
			{box
				{clear}
				{item "mg34" {cell 0 0}}
				{item "ammo mgun" 100 {cell 6 0}}
				{item "ammo mgun" 100 {cell 6 1}}
				{item "grenade m24" {cell 6 2}}
				{item "grenade m24" {cell 0 2}}
			}
		}
		{DisableObstacles}
		{Player 2}
		{MID 28}
		{Breed "ger.infantry_mgun"}
		{LastItem "grenade m24"}
		{LastThrowItem "grenade m24"}
		{FsmState "board"}
	}
	{Entity "_infantry2_rus" 0x82b1
		{Position -951.941 512.51 0}
		{Extender "inventory"
			{box
				{clear}
				{item "ammo pistol" 20 {cell 0 0}}
				{item "grenade m24" {cell 2 0}}
			}
		}
		{Player 2}
		{MID 30}
		{Weaponry
			{State
				{Mounted "mp40"}
				{Weapon
					{Ammo "ammo pistol" 32}
				}
			}
		}
		{Breed "ger.infantry_smg"}
		{FsmState "stand"}
	}
	{Entity "_infantry2_rus" 0x82b2
		{Position -875.593 538.114 0}
		{Extender "inventory"
			{box
				{clear}
				{item "ammo pistol" 20 {cell 0 0}}
				{item "grenade m24" {cell 2 0}}
			}
		}
		{Player 2}
		{MID 31}
		{Weaponry
			{State
				{Mounted "mp40"}
				{Weapon
					{Ammo "ammo pistol" 32}
				}
			}
		}
		{Breed "ger.infantry_smg"}
		{FsmState "stand"}
	}
	{Entity "_infantry2_rus" 0x82b3
		{Position -869.641 864.166 0}
		{Extender "inventory"
			{box
				{clear}
				{item "ammo pistol" 60 {cell 0 1}}
				{item "grenade m24" {cell 2 0}}
			}
		}
		{Player 2}
		{MID 32}
		{Weaponry
			{State
				{Mounted "mp40"}
				{Weapon
					{Ammo "ammo pistol" 32}
				}
			}
		}
		{Breed "ger.infantry_ss"}
		{FsmState "stand"}
	}
	{Entity "_infantry2_rus" 0x82b4
		{Position -918.086 856.886 0}
		{Extender "inventory"
			{box
				{clear}
				{item "ammo pistol" 20 {cell 0 0}}
				{item "grenade m24" {cell 2 0}}
			}
		}
		{Player 2}
		{MID 33}
		{Weaponry
			{State
				{Mounted "mp40"}
				{Weapon
					{Ammo "ammo pistol" 32}
				}
			}
		}
		{Breed "ger.infantry_smg"}
		{FsmState "stand"}
	}
	{Entity "_infantry2_rus" 0x82b5
		{Position -964.231 858.986 0}
		{Extender "inventory"
			{box
				{clear}
				{item "ammo pistol" 20 {cell 0 0}}
				{item "grenade m24" {cell 2 0}}
			}
		}
		{Player 2}
		{MID 34}
		{Weaponry
			{State
				{Mounted "mp40"}
				{Weapon
					{Ammo "ammo pistol" 32}
				}
			}
		}
		{Breed "ger.infantry_smg"}
		{FsmState "stand"}
	}
	{Entity "mg34_stan" 0x82b6
		{Position 1389.03 1380.24 0}
		{Turn 90.4314}
		{Player 2}
		{MID 35}
	}
	{Entity "blitz-3.6" 0x82b7
		{Position 930.206 -811.945 0}
		{Turn 99.4084}
		{Extender "inventory"
			{box
				{clear}
				{item "can" {cell 0 0}}
				{item "weapon panzerfaust" 2 {cell 3 0}}
			}
		}
		{Player 2}
		{MID 36}
	}
	{Entity "_infantry2_rus" 0x82b8
		{Position 933.657 -790.509 19.6094}
		{Orientation
			 -0.163537   0.986335   0.019600
			 -0.986532  -0.163569   0.000000
			  0.003204  -0.019336   0.999800
		}
		{Extender "inventory"
			{box
				{clear}
				{item "ammo pistol" 20 {cell 0 0}}
				{item "mp40" {cell 0 1}}
				{item "grenade m24" {cell 4 0}}
			}
		}
		{DisableObstacles}
		{Player 2}
		{MID 37}
		{Breed "ger.infantry_smg"}
		{FsmState "board"}
	}
	{Entity "_infantry2_rus" 0x82b9
		{Position 944.629 -851.214 25.5729}
		{Orientation
			 -0.950957  -0.252247   0.179000
			  0.253218  -0.967217  -0.017400
			  0.177594   0.028718   0.983700
		}
		{Extender "inventory"
			{box
				{clear}
				{item "ammo pistol" 20 {cell 0 0}}
				{item "mp40" {cell 0 1}}
				{item "grenade m24" {cell 4 0}}
			}
		}
		{DisableObstacles}
		{Player 2}
		{MID 38}
		{Breed "ger.infantry_smg"}
		{FsmState "board"}
	}
	{Entity "_infantry2_rus" 0x82ba
		{Position 939.489 -820.193 25.5088}
		{Orientation
			 -0.950957  -0.252247   0.179000
			  0.253218  -0.967217  -0.017400
			  0.177594   0.028718   0.983700
		}
		{Extender "inventory"
			{box
				{clear}
				{item "weapon panzershreck" filling "ammo bazooka" {cell 0 0}}
				{item "weapon panzerfaust" filling "ammo panzerfaust" {cell 0 2}}
				{item "weapon panzerfaust" filling "ammo panzerfaust" {cell 0 3}}
				{item "ammo bazooka" {cell 5 2}}
				{item "ammo bazooka" {cell 5 0}}
				{item "ammo bazooka" {cell 5 1}}
			}
		}
		{DisableObstacles}
		{Player 2}
		{MID 39}
		{Breed "ger.bazoker"}
		{FsmState "board"}
	}
	{Entity "_infantry2_rus" 0x82bb
		{Position 943.175 -839.73 25.1061}
		{Orientation
			 -0.993275  -0.096570   0.064300
			  0.095155  -0.995131  -0.025700
			  0.066465  -0.019396   0.997600
		}
		{Extender "inventory"
			{box
				{clear}
				{item "ammo pistol" 20 {cell 0 0}}
				{item "mp40" {cell 0 1}}
				{item "grenade m24" {cell 4 0}}
			}
		}
		{DisableObstacles}
		{Player 2}
		{MID 40}
		{Breed "ger.infantry_smg"}
		{FsmState "board"}
	}
	{Entity "_infantry2_rus" 0x82bc
		{Position 918.545 -793.014 19.6093}
		{Orientation
			 -0.163537   0.986335   0.019600
			 -0.986532  -0.163569   0.000000
			  0.003204  -0.019336   0.999800
		}
		{Extender "inventory"
			{box
				{clear}
				{item "ammo pistol" 20 {cell 0 0}}
				{item "mp40" {cell 0 1}}
				{item "grenade m24" {cell 4 0}}
			}
		}
		{DisableObstacles}
		{Player 2}
		{MID 41}
		{Breed "ger.infantry_smg"}
		{FsmState "board"}
	}
	{Entity "_infantry2_rus" 0x82bd
		{Position 926.875 -854.117 25.9427}
		{Orientation
			  0.966312   0.182823   0.181000
			 -0.189039   0.981805   0.017500
			 -0.174591  -0.051128   0.983300
		}
		{Extender "inventory"
			{box
				{clear}
				{item "ammo pistol" 20 {cell 0 0}}
				{item "mp40" {cell 0 1}}
				{item "grenade m24" {cell 4 0}}
			}
		}
		{DisableObstacles}
		{Player 2}
		{MID 42}
		{Breed "ger.infantry_smg"}
		{FsmState "board"}
	}
	{Entity "_infantry2_rus" 0x82be
		{Position 941.114 -830.021 26.3185}
		{Orientation
			 -0.966493  -0.182954   0.180200
			  0.182857  -0.983032  -0.017500
			  0.180410   0.016007   0.983500
		}
		{Extender "inventory"
			{box
				{clear}
				{item "mauzer" {cell 0 0}}
				{item "ammo rifle" 6 {cell 4 0}}
			}
		}
		{DisableObstacles}
		{Player 2}
		{MID 43}
		{Breed "ger.infantry_rifle"}
		{FsmState "board"}
	}
	{Entity "_infantry2_rus" 0x82bf
		{Position 945.955 -862.267 24.7629}
		{Orientation
			 -0.982451  -0.037709   0.182800
			  0.035113  -0.999201  -0.017400
			  0.183311  -0.010678   0.983000
		}
		{Extender "inventory"
			{box
				{clear}
				{item "mp40" {cell 0 0}}
				{item "ammo pistol" 60 {cell 4 0}}
				{item "grenade m24" {cell 6 0}}
			}
		}
		{DisableObstacles}
		{Player 2}
		{MID 44}
		{Breed "ger.infantry_ss"}
		{FsmState "board"}
	}
	{Entity "_infantry2_rus" 0x82c0
		{Position 928.556 -863.901 24.7845}
		{Orientation
			  0.950398   0.251951   0.182300
			 -0.259335   0.965595   0.017400
			 -0.171578  -0.063806   0.983100
		}
		{Extender "inventory"
			{box
				{clear}
				{item "ammo pistol" 20 {cell 0 0}}
				{item "mp40" {cell 0 1}}
				{item "grenade m24" {cell 4 0}}
			}
		}
		{DisableObstacles}
		{Player 2}
		{MID 45}
		{Breed "ger.infantry_smg"}
		{FsmState "board"}
	}
	{Entity "pz-4d" 0x82c1
		{Position 1182.18 -751.854 0}
		{Turn 88.9401}
		{Extender "inventory"
			{box
				{clear}
				{item "ammo mgun" 2000 {cell 0 0}}
				{item "can" {cell 2 0}}
				{item "bullet75 ap" 50 {cell 0 3}}
			}
		}
		{Player 2}
		{MID 47}
	}
	{Entity "pz-4d" 0x82c2
		{Position 994.529 -710.288 0}
		{Turn 105.327}
		{TexMod "ambush"}
		{Extender "inventory"
			{box
				{clear}
				{item "ammo mgun" 2000 {cell 0 0}}
				{item "can" {cell 2 0}}
				{item "bullet75 ap" 50 {cell 0 3}}
				{item "bullet75 fg" 8 {cell 0 4}}
			}
		}
		{Player 2}
		{MID 48}
	}
	{Entity "_infantry2_rus" 0x82c3
		{Position 1182.18 -751.854 0}
		{Orientation
			  0.018498   0.999829   0.000000
			  0.999829  -0.018498   0.000000
			  0.000000   0.000000   1.000000
		}
		{Extender "inventory"
			{box
				{clear}
				{item "mp41" {cell 0 0}}
				{item "ammo pistol" 60 {cell 4 0}}
			}
		}
		{Player 2}
		{MID 49}
		{Breed "ger.tankman"}
		{FsmState "board"}
	}
	{Entity "_infantry2_rus" 0x82c4
		{Position 1182.18 -751.854 0}
		{Orientation
			  0.018498   0.999829   0.000000
			  0.999829  -0.018498   0.000000
			  0.000000   0.000000   1.000000
		}
		{Extender "inventory"
			{box
				{clear}
				{item "mp41" {cell 0 0}}
				{item "ammo pistol" 60 {cell 4 0}}
			}
		}
		{Player 2}
		{MID 50}
		{Breed "ger.tankman"}
		{FsmState "board"}
	}
	{Entity "_infantry2_rus" 0x82c5
		{Position 1182.18 -751.854 0}
		{Orientation
			  0.018498   0.999829   0.000000
			  0.999829  -0.018498   0.000000
			  0.000000   0.000000   1.000000
		}
		{Extender "inventory"
			{box
				{clear}
				{item "mp41" {cell 0 0}}
				{item "ammo pistol" 60 {cell 4 0}}
			}
		}
		{Player 2}
		{MID 51}
		{Breed "ger.tankman"}
		{FsmState "board"}
	}
	{Entity "_infantry2_rus" 0x82c6
		{Position 994.529 -710.288 0}
		{Orientation
			 -0.264328   0.964433   0.000000
			  0.964433   0.264328   0.000000
			  0.000000   0.000000   1.000000
		}
		{Extender "inventory"
			{box
				{clear}
				{item "mp41" {cell 0 0}}
				{item "ammo pistol" 60 {cell 4 0}}
			}
		}
		{Player 2}
		{MID 52}
		{Breed "ger.tankman"}
		{FsmState "board"}
	}
	{Entity "_infantry2_rus" 0x82c7
		{Position 994.529 -710.288 0}
		{Orientation
			 -0.264328   0.964433   0.000000
			  0.964433   0.264328   0.000000
			  0.000000   0.000000   1.000000
		}
		{Extender "inventory"
			{box
				{clear}
				{item "mp41" {cell 0 0}}
				{item "ammo pistol" 60 {cell 4 0}}
			}
		}
		{Player 2}
		{MID 53}
		{Breed "ger.tankman"}
		{FsmState "board"}
	}
	{Entity "_infantry2_rus" 0x82c8
		{Position 994.529 -710.288 0}
		{Orientation
			 -0.264328   0.964433   0.000000
			  0.964433   0.264328   0.000000
			  0.000000   0.000000   1.000000
		}
		{Extender "inventory"
			{box
				{clear}
				{item "mp41" {cell 0 0}}
				{item "ammo pistol" 60 {cell 4 0}}
			}
		}
		{Player 2}
		{MID 54}
		{Breed "ger.tankman"}
		{FsmState "board"}
	}
	{Entity "_infantry2_rus" 0x82cb
		{Position 3303.5 3118.02 0}
		{Turn 32.8521}
		{Extender "vitality"
			{Health
				{Max 230}
				{Current 230}
			}
		}
		{Extender "inventory"
			{box
				{clear}
				{item "ammo pistol" 30 {cell 4 0}}
				{item "ammo pistol" 100 {cell 6 0}}
				{item "grenade f1" {cell 0 0}}
				{item "grenade f1" {cell 1 0}}
				{item "grenade f1" {cell 2 0}}
				{item "bandage" 5 {cell 0 1}}
			}
		}
		{Player 1}
		{MID 56}
		{Weaponry
			{State
				{Mounted "thompson"}
				{Weapon
					{Ammo "ammo pistol" 30}
				}
			}
		}
		{Breed "hero.fain"}
		{LastItem "thompson"}
		{FsmState "stand"}
	}
	{Entity "_infantry2_rus" 0x82cc
		{Position 3271.09 3057.88 0}
		{Turn 169.714}
		{Extender "vitality"
			{Health
				{Max 250}
				{Current 250}
			}
		}
		{Extender "inventory"
			{box
				{clear}
				{item "ammo mgun" 70 {cell 4 0}}
				{item "ammo mgun" 100 {cell 6 0}}
				{item "ammo mgun" 100 {cell 4 1}}
				{item "ammo mgun" 20 {cell 6 1}}
				{item "grenade f1" {cell 7 2}}
				{item "grenade f1" {cell 6 2}}
				{item "grenade rpg40" {cell 4 2}}
				{item "bandage" 5 {cell 2 2}}
			}
		}
		{Player 1}
		{MID 57}
		{Weaponry
			{State
				{Mounted "bren"}
				{Weapon
					{Ammo "ammo mgun" 30}
				}
			}
		}
		{Breed "hero.watchtower"}
		{LastItem "thompson"}
		{FsmState "stand"}
	}
	{Entity "pz-5" 0x82cd
		{Position 2274.35 -622.734 0}
		{Turn 89.7432}
		{Extender "inventory"
			{box
				{clear}
				{item "ammo mgun" 2000 {cell 0 0}}
				{item "can" {cell 2 0}}
				{item "bullet75 ap" 50 {cell 0 3}}
				{item "bullet75 fg" 18 {cell 0 4}}
			}
		}
		{Player 2}
		{MID 58}
	}
	{Entity "pz-2f" 0x82ce
		{Position 2679.63 424.007 0}
		{Turn 149.899}
		{Placer
			{State "seat4" {Broken}}
		}
		{Extender "inventory"
			{box
				{clear}
				{item "ammo mgun" 2000 {cell 0 0}}
				{item "can" {cell 2 0}}
				{item "bullet20 ap" 50 {cell 0 3}}
			}
		}
		{Player 2}
		{MID 59}
	}
	{Entity "pz-2f" 0x82cf
		{Position 2944.23 607.702 0}
		{Turn 143.452}
		{Placer
			{State "seat4" {Broken}}
		}
		{Extender "inventory"
			{box
				{clear}
				{item "ammo mgun" 2000 {cell 0 0}}
				{item "can" {cell 2 0}}
				{item "bullet20 ap" 50 {cell 0 3}}
			}
		}
		{Player 2}
		{MID 60}
	}
	{Entity "_infantry2_rus" 0x82d0
		{Position 2679.63 424.007 0}
		{Orientation
			 -0.865143   0.501526   0.000000
			  0.501526   0.865143   0.000000
			  0.000000   0.000000   1.000000
		}
		{Extender "inventory"
			{box
				{clear}
				{item "mp41" {cell 0 0}}
				{item "ammo pistol" 60 {cell 4 0}}
			}
		}
		{Player 2}
		{MID 61}
		{Breed "ger.tankman"}
		{FsmState "board"}
	}
	{Entity "_infantry2_rus" 0x82d1
		{Position 2679.63 424.007 0}
		{Orientation
			 -0.865143   0.501526   0.000000
			  0.501526   0.865143   0.000000
			  0.000000   0.000000   1.000000
		}
		{Extender "inventory"
			{box
				{clear}
				{item "mp41" {cell 0 0}}
				{item "ammo pistol" 60 {cell 4 0}}
			}
		}
		{Player 2}
		{MID 62}
		{Breed "ger.tankman"}
		{FsmState "board"}
	}
	{Entity "_infantry2_rus" 0x82d2
		{Position 2679.63 424.007 0}
		{Orientation
			 -0.865143   0.501526   0.000000
			  0.501526   0.865143   0.000000
			  0.000000   0.000000   1.000000
		}
		{Extender "inventory"
			{box
				{clear}
				{item "mp41" {cell 0 0}}
				{item "ammo pistol" 60 {cell 4 0}}
			}
		}
		{Player 2}
		{MID 63}
		{Breed "ger.tankman"}
		{FsmState "board"}
	}
	{Entity "_infantry2_rus" 0x82d3
		{Position 2679.63 424.007 0}
		{Orientation
			 -0.865143   0.501526   0.000000
			  0.501526   0.865143   0.000000
			  0.000000   0.000000   1.000000
		}
		{Extender "inventory"
			{box
				{clear}
				{item "mp41" {cell 0 0}}
				{item "ammo pistol" 60 {cell 4 0}}
			}
		}
		{Player 2}
		{MID 64}
		{Breed "ger.tankman"}
		{FsmState "board"}
	}
	{Entity "_infantry2_rus" 0x82d4
		{Position 2944.23 607.702 0}
		{Orientation
			 -0.803358   0.595496   0.000000
			  0.595496   0.803358   0.000000
			  0.000000   0.000000   1.000000
		}
		{Extender "inventory"
			{box
				{clear}
				{item "mp41" {cell 0 0}}
				{item "ammo pistol" 60 {cell 4 0}}
			}
		}
		{Player 2}
		{MID 65}
		{Breed "ger.tankman"}
		{FsmState "board"}
	}
	{Entity "_infantry2_rus" 0x82d5
		{Position 2944.23 607.702 0}
		{Orientation
			 -0.803358   0.595496   0.000000
			  0.595496   0.803358   0.000000
			  0.000000   0.000000   1.000000
		}
		{Extender "inventory"
			{box
				{clear}
				{item "mp41" {cell 0 0}}
				{item "ammo pistol" 60 {cell 4 0}}
			}
		}
		{Player 2}
		{MID 66}
		{Breed "ger.tankman"}
		{FsmState "board"}
	}
	{Entity "_infantry2_rus" 0x82d6
		{Position 2944.23 607.702 0}
		{Orientation
			 -0.803358   0.595496   0.000000
			  0.595496   0.803358   0.000000
			  0.000000   0.000000   1.000000
		}
		{Extender "inventory"
			{box
				{clear}
				{item "mp41" {cell 0 0}}
				{item "ammo pistol" 60 {cell 4 0}}
			}
		}
		{Player 2}
		{MID 67}
		{Breed "ger.tankman"}
		{FsmState "board"}
	}
	{Entity "_infantry2_rus" 0x82d7
		{Position 2944.23 607.702 0}
		{Orientation
			 -0.803358   0.595496   0.000000
			  0.595496   0.803358   0.000000
			  0.000000   0.000000   1.000000
		}
		{Extender "inventory"
			{box
				{clear}
				{item "mp41" {cell 0 0}}
				{item "ammo pistol" 60 {cell 4 0}}
			}
		}
		{Player 2}
		{MID 68}
		{Breed "ger.tankman"}
		{FsmState "board"}
	}
	{Entity "_infantry2_rus" 0x82d8
		{Position 2274.35 -622.734 0}
		{Orientation
			  0.004482   0.999990   0.000000
			  0.999990  -0.004482   0.000000
			  0.000000   0.000000   1.000000
		}
		{Extender "inventory"
			{box
				{clear}
				{item "mp41" {cell 0 0}}
				{item "ammo pistol" 60 {cell 4 0}}
			}
		}
		{Player 2}
		{MID 69}
		{Breed "ger.tankman"}
		{FsmState "board"}
	}
	{Entity "_infantry2_rus" 0x82d9
		{Position 2274.35 -622.734 0}
		{Orientation
			  0.004482   0.999990   0.000000
			  0.999990  -0.004482   0.000000
			  0.000000   0.000000   1.000000
		}
		{Extender "inventory"
			{box
				{clear}
				{item "mp41" {cell 0 0}}
				{item "ammo pistol" 60 {cell 4 0}}
			}
		}
		{Player 2}
		{MID 70}
		{Breed "ger.tankman"}
		{FsmState "board"}
	}
	{Entity "_infantry2_rus" 0x82da
		{Position 2274.35 -622.734 0}
		{Orientation
			  0.004482   0.999990   0.000000
			  0.999990  -0.004482   0.000000
			  0.000000   0.000000   1.000000
		}
		{Extender "inventory"
			{box
				{clear}
				{item "mp41" {cell 0 0}}
				{item "ammo pistol" 60 {cell 4 0}}
			}
		}
		{Player 2}
		{MID 71}
		{Breed "ger.tankman"}
		{Cover
			{sector 634.342 640.741 {type "squat_lie"}
				{wall 0 0 645.457 635.694 625.797 632.024}
			}
		}
		{FsmState "board"}
	}
	{Entity "_infantry2_rus" 0x82db
		{Position 2274.35 -622.734 0}
		{Orientation
			  0.004482   0.999990   0.000000
			  0.999990  -0.004482   0.000000
			  0.000000   0.000000   1.000000
		}
		{Extender "inventory"
			{box
				{clear}
				{item "mp41" {cell 0 0}}
				{item "ammo pistol" 60 {cell 4 0}}
			}
		}
		{Player 2}
		{MID 72}
		{Breed "ger.tankman"}
		{Cover
			{sector 1363.41 729.461 {type "squat_lie"}
				{wall 0 0 1373.41 722.461 1353.41 722.461}
			}
		}
		{FsmState "board"}
	}
	{Entity "_infantry2_rus" 0x82e0
		{Position 2984.57 601.978 22.3394}
		{Orientation
			  0.370403   0.879715   0.298300
			 -0.918155   0.395288  -0.025800
			 -0.140657  -0.264314   0.954100
		}
		{Extender "inventory"
			{box
				{clear}
				{item "ammo pistol" 20 {cell 0 0}}
				{item "mp40" {cell 0 1}}
				{item "grenade m24" {cell 4 0}}
			}
		}
		{DisableObstacles}
		{Player 2}
		{MID 82}
		{Breed "ger.infantry_smg"}
		{FsmState "board"}
	}
	{Entity "_infantry2_rus" 0x82e1
		{Position 2971.84 611.411 22.3394}
		{Orientation
			  0.370403   0.879715   0.298300
			 -0.918155   0.395288  -0.025800
			 -0.140657  -0.264314   0.954100
		}
		{Extender "inventory"
			{box
				{clear}
				{item "ammo pistol" 20 {cell 0 0}}
				{item "mp40" {cell 0 1}}
				{item "grenade m24" {cell 4 0}}
			}
		}
		{DisableObstacles}
		{Player 2}
		{MID 83}
		{Breed "ger.infantry_smg"}
		{FsmState "board"}
	}
	{Entity "_infantry2_rus" 0x82e2
		{Position 2948.61 576.581 22.1508}
		{Orientation
			 -0.955146  -0.140428   0.260600
			  0.146979  -0.989130   0.005500
			  0.257040   0.043485   0.965400
		}
		{Extender "inventory"
			{box
				{clear}
				{item "mp40" {cell 0 0}}
				{item "ammo pistol" 60 {cell 4 0}}
				{item "grenade m24" {cell 6 0}}
			}
		}
		{DisableObstacles}
		{Player 2}
		{MID 84}
		{Breed "ger.infantry_ss"}
		{FsmState "board"}
	}
	{Entity "_infantry2_rus" 0x82e3
		{Position 2706.65 430.793 22.3394}
		{Orientation
			  0.269283   0.915742   0.298300
			 -0.956734   0.289694  -0.025800
			 -0.110089  -0.278437   0.954100
		}
		{Extender "inventory"
			{box
				{clear}
				{item "ammo pistol" 20 {cell 0 0}}
				{item "mp40" {cell 0 1}}
				{item "grenade m24" {cell 4 0}}
			}
		}
		{DisableObstacles}
		{Player 2}
		{MID 85}
		{Breed "ger.infantry_smg"}
		{FsmState "board"}
	}
	{Entity "_infantry2_rus" 0x82e4
		{Position 2720.35 422.848 22.3394}
		{Orientation
			  0.269283   0.915742   0.298300
			 -0.956734   0.289694  -0.025800
			 -0.110089  -0.278437   0.954100
		}
		{Extender "inventory"
			{box
				{clear}
				{item "ammo pistol" 20 {cell 0 0}}
				{item "mp40" {cell 0 1}}
				{item "grenade m24" {cell 4 0}}
			}
		}
		{DisableObstacles}
		{Player 2}
		{MID 86}
		{Breed "ger.infantry_smg"}
		{FsmState "board"}
	}
	{Entity "_infantry2_rus" 0x82e5
		{Position 2687.47 393.575 22.1508}
		{Orientation
			 -0.933338  -0.246788   0.260600
			  0.257114  -0.966371   0.005500
			  0.250532   0.072071   0.965400
		}
		{Extender "inventory"
			{box
				{clear}
				{item "ammo pistol" 20 {cell 0 0}}
				{item "mp40" {cell 0 1}}
				{item "grenade m24" {cell 4 0}}
			}
		}
		{DisableObstacles}
		{Player 2}
		{MID 87}
		{Breed "ger.infantry_smg"}
		{FsmState "board"}
	}
	{Entity "_infantry2_rus" 0x82e6
		{Position 2243.49 -684.67 29.3575}
		{Orientation
			 -0.984790   0.004414   0.173600
			 -0.004482  -0.999990   0.000000
			  0.173598  -0.000778   0.984800
		}
		{Extender "inventory"
			{box
				{clear}
				{item "ammo pistol" 20 {cell 0 0}}
				{item "mp40" {cell 0 1}}
				{item "grenade m24" {cell 4 0}}
			}
		}
		{DisableObstacles}
		{Player 2}
		{MID 89}
		{Breed "ger.infantry_smg"}
		{FsmState "board"}
	}
	{Entity "_infantry2_rus" 0x82e7
		{Position 2243.56 -669.223 29.3575}
		{Orientation
			 -0.984790   0.004414   0.173600
			 -0.004482  -0.999990   0.000000
			  0.173598  -0.000778   0.984800
		}
		{Extender "inventory"
			{box
				{clear}
				{item "ammo pistol" 20 {cell 0 0}}
				{item "mp40" {cell 0 1}}
				{item "grenade m24" {cell 4 0}}
			}
		}
		{DisableObstacles}
		{Player 2}
		{MID 90}
		{Breed "ger.infantry_smg"}
		{FsmState "board"}
	}
	{Entity "_infantry2_rus" 0x82e8
		{Position 2303.22 -669.491 28.0871}
		{Orientation
			  0.984790  -0.004414   0.173600
			  0.004482   0.999990   0.000000
			 -0.173598   0.000778   0.984800
		}
		{Extender "inventory"
			{box
				{clear}
				{item "ammo pistol" 20 {cell 0 0}}
				{item "mp40" {cell 0 1}}
				{item "grenade m24" {cell 4 0}}
			}
		}
		{DisableObstacles}
		{Player 2}
		{MID 91}
		{Breed "ger.infantry_smg"}
		{FsmState "board"}
	}
	{Entity "_infantry2_rus" 0x82e9
		{Position 2303.15 -684.937 28.0871}
		{Orientation
			  0.984790  -0.004414   0.173600
			  0.004482   0.999990   0.000000
			 -0.173598   0.000778   0.984800
		}
		{Extender "inventory"
			{box
				{clear}
				{item "ammo pistol" 20 {cell 0 0}}
				{item "mp40" {cell 0 1}}
				{item "grenade m24" {cell 4 0}}
			}
		}
		{DisableObstacles}
		{Player 2}
		{MID 92}
		{Breed "ger.infantry_smg"}
		{FsmState "board"}
	}
	{Entity "nebelwerfer41" 0x82ea
		{Position 1710.97 368.079 0}
		{Turn 81.7595}
		{Player 2}
		{MID 88}
	}
	{Entity "sdkfz7" 0x82eb
		{Position 1967.3 -977.005 0}
		{Turn 104.506}
		{Extender "inventory"
			{box
				{clear}
				{item "can" {cell 0 0}}
			}
		}
		{Player 2}
		{MID 95}
		{Chassis
			{FuelBag
				{Remain 1}
			}
		}
	}
	{Entity "_infantry2_rus" 0x82ec
		{Position 1973.44 -957.17 23.7224}
		{Orientation
			 -0.246674   0.953406   0.173600
			 -0.968121  -0.250481   0.000000
			  0.043484  -0.168066   0.984800
		}
		{Extender "inventory"
			{box
				{clear}
				{item "mp41" {cell 0 0}}
				{item "ammo pistol" 60 {cell 4 0}}
			}
		}
		{DisableObstacles}
		{Player 2}
		{MID 96}
		{Breed "ger.tankman"}
		{FsmState "board"}
	}
	{Entity "_infantry2_rus" 0x82ed
		{Position 1961.9 -960.189 23.7213}
		{Orientation
			 -0.246674   0.953406   0.173600
			 -0.968121  -0.250481   0.000000
			  0.043484  -0.168066   0.984800
		}
		{Extender "inventory"
			{box
				{clear}
				{item "mp41" {cell 0 0}}
				{item "ammo pistol" 60 {cell 4 0}}
			}
		}
		{DisableObstacles}
		{Player 2}
		{MID 97}
		{Breed "ger.tankman"}
		{FsmState "board"}
	}
	{Entity "pz-3g" 0x82ee
		{Position 859.805 -706.723 0}
		{Turn 62.1687}
		{Extender "inventory"
			{box
				{clear}
				{item "ammo mgun" 2000 {cell 0 0}}
				{item "can" {cell 2 0}}
				{item "bullet50 ap" 50 {cell 0 3}}
				{item "bullet50 fg" 27 {cell 0 4}}
			}
		}
		{Player 2}
		{MID 93}
		{Weaponry
			{Number 1}
			{State "gun"
				{Weapon
					{Ammo "bullet50 ap" 1}
				}
			}
			{State "mgun"
				{Weapon
					{Ammo "ammo mgun" 50}
				}
			}
		}
	}
	{Entity "_infantry2_rus" 0x82ef
		{Position 859.805 -706.723 0}
		{Orientation
			  0.466870   0.884326   0.000000
			  0.884326  -0.466870   0.000000
			  0.000000   0.000000   1.000000
		}
		{Extender "inventory"
			{box
				{clear}
				{item "mp41" {cell 0 0}}
				{item "ammo pistol" 60 {cell 4 0}}
			}
		}
		{Player 2}
		{MID 94}
		{Breed "ger.tankman"}
		{FsmState "board"}
	}
	{Entity "_infantry2_rus" 0x82f0
		{Position 859.805 -706.723 0}
		{Orientation
			  0.466870   0.884326   0.000000
			  0.884326  -0.466870   0.000000
			  0.000000   0.000000   1.000000
		}
		{Extender "inventory"
			{box
				{clear}
				{item "mp41" {cell 0 0}}
				{item "ammo pistol" 60 {cell 4 0}}
			}
		}
		{Player 2}
		{MID 98}
		{Breed "ger.tankman"}
		{FsmState "board"}
	}
	{Entity "_infantry2_rus" 0x82f1
		{Position 859.805 -706.723 0}
		{Orientation
			  0.466870   0.884326   0.000000
			  0.884326  -0.466870   0.000000
			  0.000000   0.000000   1.000000
		}
		{Extender "inventory"
			{box
				{clear}
				{item "mp41" {cell 0 0}}
				{item "ammo pistol" 60 {cell 4 0}}
			}
		}
		{Player 2}
		{MID 99}
		{Breed "ger.tankman"}
		{FsmState "board"}
	}
	{Entity "_infantry2_rus" 0x82f2
		{Position 859.805 -706.723 0}
		{Orientation
			  0.466870   0.884326   0.000000
			  0.884326  -0.466870   0.000000
			  0.000000   0.000000   1.000000
		}
		{Extender "inventory"
			{box
				{clear}
				{item "mp41" {cell 0 0}}
				{item "ammo pistol" 60 {cell 4 0}}
			}
		}
		{Player 2}
		{MID 100}
		{Breed "ger.tankman"}
		{FsmState "board"}
	}
	{Entity "sdkfz251_1" 0x82f3
		{Position 2090.78 -697.682 0}
		{Turn 102.509}
		{Extender "inventory"
			{box
				{clear}
				{item "ammo mgun" 2000 {cell 0 0}}
				{item "can" {cell 0 1}}
			}
		}
		{Player 2}
		{MID 300}
	}
	{Entity "_infantry2_rus" 0x82f4
		{Position 2090.84 -701.532 16.6882}
		{Turn 103.414}
		{Extender "inventory"
			{box
				{clear}
				{item "mp41" {cell 0 0}}
				{item "ammo pistol" 60 {cell 4 0}}
			}
		}
		{DisableObstacles}
		{Player 2}
		{MID 73}
		{Breed "ger.tankman"}
		{FsmState "board"}
	}
	{Entity "_infantry2_rus" 0x82f5
		{Position 2092.55 -684.986 10.5485}
		{Orientation
			 -0.202775   0.913976   0.351600
			 -0.976262  -0.216593   0.000000
			  0.076154  -0.343254   0.936200
		}
		{Extender "inventory"
			{box
				{clear}
				{item "mp41" {cell 0 0}}
				{item "ammo pistol" 60 {cell 4 0}}
			}
		}
		{DisableObstacles}
		{Player 2}
		{MID 74}
		{Breed "ger.tankman"}
		{FsmState "board"}
	}
	{Entity "_infantry2_rus" 0x82f6
		{Position 2102.31 -727.807 14.957}
		{Orientation
			 -0.961163  -0.214473   0.173600
			  0.217765  -0.976002   0.000000
			  0.169436   0.037796   0.984800
		}
		{Extender "inventory"
			{box
				{clear}
				{item "mauzer" {cell 0 0}}
				{item "ammo rifle" 6 {cell 4 0}}
			}
		}
		{DisableObstacles}
		{Player 2}
		{MID 75}
		{Breed "ger.infantry_rifle"}
		{FsmState "board"}
	}
	{Entity "_infantry2_rus" 0x82f7
		{Position 2087.76 -710.272 16.7896}
		{Orientation
			  0.961423   0.213301   0.173600
			 -0.216593   0.976262   0.000000
			 -0.169479  -0.037601   0.984800
		}
		{Extender "inventory"
			{box
				{clear}
				{item "mg34" {cell 0 0}}
				{item "ammo mgun" 100 {cell 6 0}}
				{item "ammo mgun" 100 {cell 6 1}}
				{item "grenade m24" {cell 0 2}}
			}
		}
		{DisableObstacles}
		{Player 2}
		{MID 77}
		{Breed "ger.infantry_mgun"}
		{FsmState "board"}
	}
	{Entity "_infantry2_rus" 0x82f8
		{Position 2097.33 -705.498 14.957}
		{Orientation
			 -0.961163  -0.214473   0.173600
			  0.217765  -0.976002   0.000000
			  0.169436   0.037796   0.984800
		}
		{Extender "inventory"
			{box
				{clear}
				{item "mg34" {cell 0 0}}
				{item "ammo mgun" 100 {cell 6 0}}
				{item "ammo mgun" 100 {cell 6 1}}
				{item "grenade m24" {cell 0 2}}
			}
		}
		{DisableObstacles}
		{Player 2}
		{MID 101}
		{Breed "ger.infantry_mgun"}
		{FsmState "board"}
	}
	{Entity "_infantry2_rus" 0x82f9
		{Position 2092.41 -731.189 16.7896}
		{Orientation
			  0.961423   0.213301   0.173600
			 -0.216593   0.976262   0.000000
			 -0.169479  -0.037601   0.984800
		}
		{Extender "inventory"
			{box
				{clear}
				{item "ammo pistol" 20 {cell 0 0}}
				{item "mp40" {cell 0 1}}
				{item "grenade m24" {cell 4 0}}
			}
		}
		{DisableObstacles}
		{Player 2}
		{MID 104}
		{Breed "ger.infantry_smg"}
		{FsmState "board"}
	}
	{Entity "_infantry2_rus" 0x82fa
		{Position 2099.78 -716.492 14.957}
		{Orientation
			 -0.961163  -0.214473   0.173600
			  0.217765  -0.976002   0.000000
			  0.169436   0.037796   0.984800
		}
		{Extender "inventory"
			{box
				{clear}
				{item "ammo pistol" 20 {cell 0 0}}
				{item "mp40" {cell 0 1}}
				{item "grenade m24" {cell 4 0}}
			}
		}
		{DisableObstacles}
		{Player 2}
		{MID 105}
		{Breed "ger.infantry_smg"}
		{FsmState "board"}
	}
	{Entity "_infantry2_rus" 0x8301
		{Position 994.529 -710.288 0}
		{Orientation
			 -0.264328   0.964433   0.000000
			  0.964433   0.264328   0.000000
			  0.000000   0.000000   1.000000
		}
		{Extender "inventory"
			{box
				{clear}
				{item "ammo pistol" 20 {cell 0 0}}
				{item "mp40" {cell 0 1}}
				{item "grenade m24" {cell 4 0}}
			}
		}
		{Player 2}
		{MID 103}
		{Breed "ger.infantry_smg"}
		{FsmState "board"}
	}
	{Entity "_infantry2_rus" 0x8302
		{Position 1182.18 -751.854 0}
		{Orientation
			  0.018498   0.999829   0.000000
			  0.999829  -0.018498   0.000000
			  0.000000   0.000000   1.000000
		}
		{Extender "inventory"
			{box
				{clear}
				{item "mp40" {cell 0 0}}
				{item "ammo pistol" 60 {cell 4 0}}
				{item "grenade m24" {cell 6 0}}
			}
		}
		{Player 2}
		{MID 112}
		{Breed "ger.infantry_ss"}
		{FsmState "board"}
	}
	{Entity "m4a2" 0x830e
		{Position 783.919 4963.84 0}
		{Turn -91.0147}
		{Player 1}
		{MID 122}
	}
	{Entity "_infantry2_rus" 0x8310
		{Position 756.991 4865.22 26.7135}
		{Turn -179.468}
		{Extender "inventory"
			{box
				{clear}
				{item "thompson" {cell 0 0}}
				{item "ammo pistol" 100 {cell 4 0}}
				{item "ammo pistol" 23 {cell 6 0}}
				{item "grenade f1" {cell 0 2}}
			}
		}
		{DisableObstacles}
		{Player 1}
		{MID 125}
		{Breed "usa.infantry_smg"}
		{FsmState "board"}
	}
	{Entity "_infantry2_rus" 0x8315
		{Position 759.769 4996.95 27.9952}
		{Orientation
			 -0.963082  -0.171172   0.207600
			  0.203182  -0.968450   0.144600
			  0.176340   0.181406   0.967500
		}
		{Extender "inventory"
			{box
				{clear}
				{item "thompson" {cell 0 0}}
				{item "ammo pistol" 100 {cell 4 0}}
				{item "ammo pistol" 23 {cell 6 0}}
				{item "grenade f1" {cell 0 2}}
			}
		}
		{DisableObstacles}
		{Player 1}
		{MID 130}
		{Breed "usa.infantry_smg"}
		{FsmState "board"}
	}
	{Entity "_infantry2_rus" 0x8318
		{Position 757.26 4848.23 27.9952}
		{Orientation
			 -0.958110  -0.197111   0.207600
			  0.229254  -0.962611   0.144600
			  0.171378   0.186100   0.967500
		}
		{Extender "inventory"
			{box
				{clear}
				{item "ammo mgun" 100 {cell 0 0}}
				{item "ammo mgun" 100 {cell 2 0}}
				{item "grenade f1" {cell 0 1}}
				{item "bren" {cell 4 0}}
			}
		}
		{DisableObstacles}
		{Player 1}
		{MID 133}
		{Breed "usa.infantry_mgun"}
		{FsmState "board"}
	}
	{Entity "_infantry2_rus" 0x8320
		{Position 2104.52 -737.739 14.957}
		{Orientation
			 -0.961163  -0.214473   0.173600
			  0.217765  -0.976002   0.000000
