;Exported by: shevchenko
;Date:        Wed Apr 07 16:21:18 2004
;File:        D:\-Projects-\-3DWork-\sheva\aero_bridge\Most_new.max
{Skeleton
	{bone "aero_bridge"
		{parameters "Ground;"}
		{Orientation
			1.0000	0.0000	0.0000
			0.0000	-1.0000	0.0000
			0.0000	0.0000	1.0000
		}
		{VolumeView "aero_bridge.ply" {Ground}}
		{bone "bridge_aero_lend"
			{parameters "Land;Ground;"}
			{Position 0.0000	-0.0000	0.0000}
			{VolumeView "bridge_aero_lend.ply" {Ground}}
		}
	}
}
{Obstacle "railing9"
	{Obb2
		{Center -0.0255623 -71.8194}
		{Extent 13.7898 3.93701}
		{Axis 1 0}
	}
	{Rotate}
}
{Obstacle "railing8"
	{Obb2
		{Center -20.267 -59.9882}
		{Extent 4.92372 11.0936}
		{Axis 0.906401 0.422418}
	}
	{Rotate}
}
{Obstacle "railing7"
	{Obb2
		{Center 0.0695076 71.5337}
		{Extent 13.7898 3.937}
		{Axis 1 0}
	}
	{Rotate}
}
{Obstacle "railing6"
	{Obb2
		{Center 98.4504 53.8762}
		{Extent 71.5551 3.93702}
		{Axis 1 0}
	}
	{Rotate}
}
{Obstacle "railing5"
	{Obb2
		{Center 20.3109 59.7024}
		{Extent 4.92371 11.0936}
		{Axis 0.906401 0.422418}
	}
	{Rotate}
}
{Obstacle "railing4"
	{Obb2
		{Center 98.4504 -53.7455}
		{Extent 71.5551 3.93702}
		{Axis 1 0}
	}
	{Rotate}
}
{Obstacle "railing3"
	{Obb2
		{Center -98.5861 -53.7455}
		{Extent 71.5551 3.93702}
		{Axis 1 0}
	}
	{Rotate}
}
{Obstacle "railing2"
	{Obb2
		{Center -98.5861 53.8762}
		{Extent 71.5551 3.93702}
		{Axis 1 0}
	}
	{Rotate}
}
{Obstacle "railing21"
	{Obb2
		{Center -177.542 60.3108}
		{Extent 4.92371 11.0936}
		{Axis 0.906401 0.422418}
	}
	{Rotate}
}
{Obstacle "railing20"
	{Obb2
		{Center 177.824 60.3108}
		{Extent 11.0953 4.92764}
		{Axis 0.423139 0.906065}
	}
	{Rotate}
}
{Obstacle "railing1"
	{Obb2
		{Center -208.047 72.1421}
		{Extent 22.6063 3.93701}
		{Axis 1 0}
	}
	{Rotate}
}
{Obstacle "railing19"
	{Obb2
		{Center -20.3145 59.7024}
		{Extent 11.0953 4.92764}
		{Axis 0.423139 0.906065}
	}
	{Rotate}
}
{Obstacle "railing18"
	{Obb2
		{Center 208.043 72.1421}
		{Extent 22.6063 3.93701}
		{Axis 1 0}
	}
	{Rotate}
}
{Obstacle "railing17"
	{Obb2
		{Center 238.548 60.3108}
		{Extent 4.92371 11.0936}
		{Axis 0.906401 0.422418}
	}
	{Rotate}
}
{Obstacle "railing16"
	{Obb2
		{Center 177.729 -59.9882}
		{Extent 4.92372 11.0936}
		{Axis 0.906401 0.422418}
	}
	{Rotate}
}
{Obstacle "railing15"
	{Obb2
		{Center 208.233 -71.8194}
		{Extent 22.6063 3.93701}
		{Axis 1 0}
	}
	{Rotate}
}
{Obstacle "railing14"
	{Obb2
		{Center 238.453 -59.9881}
		{Extent 11.0953 4.92764}
		{Axis 0.423139 0.906065}
	}
	{Rotate}
}
{Obstacle "railing13"
	{Obb2
		{Center -238.361 -59.9882}
		{Extent 4.92373 11.0936}
		{Axis 0.906401 0.422418}
	}
	{Rotate}
}
{Obstacle "railing12"
	{Obb2
		{Center -207.857 -71.8194}
		{Extent 22.6063 3.93701}
		{Axis 1 0}
	}
	{Rotate}
}
{Obstacle "railing11"
	{Obb2
		{Center -177.637 -59.9881}
		{Extent 11.0953 4.92764}
		{Axis 0.423139 0.906065}
	}
	{Rotate}
}
{Obstacle "railing10"
	{Obb2
		{Center 20.3584 -59.9881}
		{Extent 11.0954 4.92764}
		{Axis 0.423139 0.906065}
	}
	{Rotate}
}
{Obstacle "body7"
	{Obb2
		{Center -238.266 60.3108}
		{Extent 11.0953 4.92764}
		{Axis 0.423139 0.906065}
	}
	{Rotate}
}
{Volume "railing9"
	{Box 27.5797 7.87402 21.6535}
	{Bone "aero_bridge"}
	{Matrix34
		-1.0000	0.0000	0.0000
		-0.0000	-1.0000	0.0000
		0.0000	0.0000	1.0000
		-0.0256	71.8194	69.8819
	}
}
{Volume "railing8"
	{Box 22.185 9.84252 21.6535}
	{Bone "aero_bridge"}
	{Matrix34
		0.4226	0.9063	0.0000
		-0.9063	0.4226	0.0000
		0.0000	0.0000	1.0000
		-20.2670	59.9882	69.8819
	}
}
{Volume "railing7"
	{Box 27.5797 7.87402 21.6535}
	{Bone "aero_bridge"}
	{Position 0.0695	-71.5337	69.8819}
}
{Volume "railing6"
	{Box 143.11 7.87402 21.6535}
	{Bone "aero_bridge"}
	{Matrix34
		-1.0000	0.0000	0.0000
		-0.0000	-1.0000	0.0000
		0.0000	0.0000	1.0000
		98.4504	-53.8762	69.8819
	}
}
{Volume "railing5"
	{Box 22.185 9.84252 21.6535}
	{Bone "aero_bridge"}
	{Matrix34
		-0.4226	-0.9063	0.0000
		0.9063	-0.4226	0.0000
		0.0000	0.0000	1.0000
		20.3109	-59.7024	69.8819
	}
}
{Volume "railing4"
	{Box 143.11 7.87402 21.6535}
	{Bone "aero_bridge"}
	{Matrix34
		-1.0000	0.0000	0.0000
		-0.0000	-1.0000	0.0000
		0.0000	0.0000	1.0000
		98.4504	53.7455	69.8819
	}
}
{Volume "railing3"
	{Box 143.11 7.87402 21.6535}
	{Bone "aero_bridge"}
	{Matrix34
		-1.0000	0.0000	0.0000
		-0.0000	-1.0000	0.0000
		0.0000	0.0000	1.0000
		-98.5861	53.7455	69.8819
	}
}
{Volume "railing2"
	{Box 143.11 7.87402 21.6535}
	{Bone "aero_bridge"}
	{Matrix34
		-1.0000	0.0000	0.0000
		-0.0000	-1.0000	0.0000
		0.0000	0.0000	1.0000
		-98.5861	-53.8762	69.8819
	}
}
{Volume "railing21"
	{Box 22.185 9.84252 21.6535}
	{Bone "aero_bridge"}
	{Matrix34
		-0.4226	-0.9063	0.0000
		0.9063	-0.4226	0.0000
		0.0000	0.0000	1.0000
		-177.5421	-60.3108	69.8819
	}
}
{Volume "railing20"
	{Box 22.185 9.84252 21.6535}
	{Bone "aero_bridge"}
	{Matrix34
		0.4226	-0.9063	0.0000
		0.9063	0.4226	0.0000
		0.0000	0.0000	1.0000
		177.8235	-60.3108	69.8819
	}
}
{Volume "railing1"
	{Box 45.2126 7.87402 21.6535}
	{Bone "aero_bridge"}
	{Position -208.0467	-72.1421	69.8819}
}
{Volume "railing19"
	{Box 22.185 9.84252 21.6535}
	{Bone "aero_bridge"}
	{Matrix34
		0.4226	-0.9063	0.0000
		0.9063	0.4226	0.0000
		0.0000	0.0000	1.0000
		-20.3145	-59.7024	69.8819
	}
}
{Volume "railing18"
	{Box 45.2126 7.87402 21.6535}
	{Bone "aero_bridge"}
	{Position 208.0432	-72.1421	69.8819}
}
{Volume "railing17"
	{Box 22.185 9.84252 21.6535}
	{Bone "aero_bridge"}
	{Matrix34
		-0.4226	-0.9063	0.0000
		0.9063	-0.4226	0.0000
		0.0000	0.0000	1.0000
		238.5478	-60.3108	69.8819
	}
}
{Volume "railing16"
	{Box 22.185 9.84252 21.6535}
	{Bone "aero_bridge"}
	{Matrix34
		0.4226	0.9063	0.0000
		-0.9063	0.4226	0.0000
		0.0000	0.0000	1.0000
		177.7285	59.9882	69.8819
	}
}
{Volume "railing15"
	{Box 45.2126 7.87402 21.6535}
	{Bone "aero_bridge"}
	{Matrix34
		-1.0000	0.0000	0.0000
		-0.0000	-1.0000	0.0000
		0.0000	0.0000	1.0000
		208.2332	71.8194	69.8819
	}
}
{Volume "railing14"
	{Box 22.185 9.84252 21.6535}
	{Bone "aero_bridge"}
	{Matrix34
		-0.4226	0.9063	0.0000
		-0.9063	-0.4226	0.0000
		0.0000	0.0000	1.0000
		238.4528	59.9881	69.8819
	}
}
{Volume "railing13"
	{Box 22.185 9.84252 21.6535}
	{Bone "aero_bridge"}
	{Matrix34
		0.4226	0.9063	0.0000
		-0.9063	0.4226	0.0000
		0.0000	0.0000	1.0000
		-238.3613	59.9882	69.8819
	}
}
{Volume "railing12"
	{Box 45.2126 7.87402 21.6535}
	{Bone "aero_bridge"}
	{Matrix34
		-1.0000	0.0000	0.0000
		-0.0000	-1.0000	0.0000
		0.0000	0.0000	1.0000
		-207.8567	71.8194	69.8819
	}
}
{Volume "railing11"
	{Box 22.185 9.84252 21.6535}
	{Bone "aero_bridge"}
	{Matrix34
		-0.4226	0.9063	0.0000
		-0.9063	-0.4226	0.0000
		0.0000	0.0000	1.0000
		-177.6370	59.9881	69.8819
	}
}
{Volume "railing10"
	{Box 22.185 9.84252 21.6535}
	{Bone "aero_bridge"}
	{Matrix34
		-0.4226	0.9063	0.0000
		-0.9063	-0.4226	0.0000
		0.0000	0.0000	1.0000
		20.3584	59.9881	69.8819
	}
}
{Volume "body7"
	{Box 22.185 9.84252 21.6535}
	{Bone "aero_bridge"}
	{Matrix34
		0.4226	-0.9063	0.0000
		0.9063	0.4226	0.0000
		0.0000	0.0000	1.0000
		-238.2664	-60.3108	69.8819
	}
}
{Volume "body5"
	{Box 78.7402 162.402 118.11}
	{Bone "aero_bridge"}
	{Position -208.4744	-0.1156	0.0000}
}
{Volume "body4"
	{Box 139.173 118.11 39.3701}
	{Bone "aero_bridge"}
	{Position -99.2160	-0.1156	39.3701}
}
{Volume "body3"
	{Box 59.0551 162.402 118.11}
	{Bone "aero_bridge"}
	{Position -0.0045	-0.1156	0.0000}
}
{Volume "body2"
	{Box 139.173 118.11 39.3701}
	{Bone "aero_bridge"}
	{Position 99.1481	-0.1156	39.3701}
}
{Volume "body1"
	{Box 78.7402 162.402 118.11}
	{Bone "aero_bridge"}
	{Position 208.3282	-0.1156	0.0000}
}
