;Exported by: vic
;Date:        Thu Jan 29 12:50:05 2004
;File:        D:\-Projects-\Celpo\Selsovet_new_x.max
{Skeleton
	{animation
		{sequence "crush" {speed 0.8}}
	}
	{bone "selsovet_corner3_x"
		{parameters "CommonMesh;"}
		{Orientation
			1.0000	0.0000	0.0000
			0.0000	-1.0000	0.0000
			0.0000	0.0000	1.0000
		}
		{VolumeView "selsovet_corner3_x.ply"}
		{bone "exterior"
			{parameters "CommonMesh;"}
			{Position -2.9559	-5.9423	77.5400}
			{VolumeView "exterior.ply"}
		}
		{bone "piece0"
			{Matrix34
				-0.0000	1.0000	0.0000
				0.0000	0.0000	1.0000
				1.0000	0.0000	-0.0000
				-26.9963	5.6486	11.4324
			}
			{VolumeView "piece0.ply"}
		}
		{bone "piece1"
			{Matrix34
				-0.0000	1.0000	0.0000
				0.0000	0.0000	1.0000
				1.0000	0.0000	-0.0000
				-26.9964	31.9642	38.8586
			}
			{VolumeView "piece1.ply"}
		}
		{bone "piece2"
			{Matrix34
				-0.0000	1.0000	0.0000
				0.0000	0.0000	1.0000
				1.0000	0.0000	-0.0000
				-26.9963	-11.8348	42.4216
			}
			{VolumeView "piece2.ply"}
		}
		{bone "piece3"
			{Matrix34
				1.0000	0.0000	0.0000
				0.0000	-0.0000	1.0000
				0.0000	-1.0000	-0.0000
				-15.0181	39.0966	40.4527
			}
			{VolumeView "piece3.ply"}
		}
		{bone "piece4"
			{Matrix34
				1.0000	0.0000	0.0000
				0.0000	-0.0000	1.0000
				0.0000	-1.0000	-0.0000
				16.8329	39.0966	18.6614
			}
			{VolumeView "piece4.ply"}
		}
		{bone "piece5"
			{Matrix34
				1.0000	0.0000	0.0000
				0.0000	-0.0000	1.0000
				0.0000	-1.0000	-0.0000
				9.7858	39.0966	77.6046
			}
			{VolumeView "piece5.ply"}
		}
		{bone "sub_piece0"
			{Matrix34
				-0.0000	1.0000	0.0000
				0.0000	0.0000	1.0000
				1.0000	0.0000	-0.0000
				-26.9964	32.5348	10.7798
			}
			{VolumeView "sub_piece0.ply"}
		}
		{bone "sub_piece1"
			{Matrix34
				-0.0000	1.0000	0.0000
				0.0000	0.0000	1.0000
				1.0000	0.0000	-0.0000
				-26.9963	-23.7298	12.9696
			}
			{VolumeView "sub_piece1.ply"}
		}
		{bone "sub_piece2"
			{Matrix34
				-0.0000	1.0000	0.0000
				0.0000	0.0000	1.0000
				1.0000	0.0000	-0.0000
				-26.9963	-35.0413	30.4053
			}
			{VolumeView "sub_piece2.ply"}
		}
		{bone "sub_piece3"
			{Matrix34
				-0.0000	1.0000	0.0000
				0.0000	0.0000	1.0000
				1.0000	0.0000	-0.0000
				-26.9963	-36.4361	51.9544
			}
			{VolumeView "sub_piece3.ply"}
		}
		{bone "sub_piece4"
			{Matrix34
				-0.0000	1.0000	0.0000
				0.0000	0.0000	1.0000
				1.0000	0.0000	-0.0000
				-26.9964	12.1937	54.9218
			}
			{VolumeView "sub_piece4.ply"}
		}
		{bone "sub_piece5"
			{Matrix34
				1.0000	0.0000	0.0000
				0.0000	-0.0000	1.0000
				0.0000	-1.0000	-0.0000
				11.7458	39.0966	48.6688
			}
			{VolumeView "sub_piece5.ply"}
		}
		{bone "sub_piece6"
			{Matrix34
				1.0000	0.0000	0.0000
				0.0000	-0.0000	1.0000
				0.0000	-1.0000	-0.0000
				-18.8627	39.0966	69.2783
			}
			{VolumeView "sub_piece6.ply"}
		}
		{bone "sub_piece7"
			{Matrix34
				1.0000	0.0000	0.0000
				0.0000	-0.0000	1.0000
				0.0000	-1.0000	-0.0000
				-14.7263	39.0966	10.5220
			}
			{VolumeView "sub_piece7.ply"}
		}
	}
}
{Volume "sub_piece7"
	{Box 12.7281 7.87402 13.1096}
	{Bone "sub_piece7"}
	{Matrix34
		0.7998	0.6002	-0.0000
		0.0000	-0.0000	-1.0000
		-0.6002	0.7998	-0.0000
		-0.3176	-0.2788	-0.0270
	}
}
{Volume "sub_piece6"
	{Box 14.7921 7.87402 13.2715}
	{Bone "sub_piece6"}
	{Matrix34
		1.0000	0.0000	0.0000
		0.0000	-0.0000	-1.0000
		0.0000	1.0000	-0.0000
		0.4228	-0.9431	-0.0270
	}
}
{Volume "sub_piece5"
	{Box 13.0721 7.87402 11.1675}
	{Bone "sub_piece5"}
	{Matrix34
		0.7877	-0.6160	0.0000
		-0.0000	-0.0000	-1.0000
		0.6160	0.7877	-0.0000
		0.1824	-0.3735	-0.0270
	}
}
{Volume "sub_piece4"
	{Box 7.87402 11.4415 8.54807}
	{Bone "sub_piece4"}
	{Matrix34
		-0.0000	0.0000	1.0000
		0.9974	-0.0719	0.0000
		0.0719	0.9974	-0.0000
		0.9696	0.0677	-0.0125
	}
}
{Volume "sub_piece3"
	{Box 7.87402 13.7298 12.3642}
	{Bone "sub_piece3"}
	{Matrix34
		-0.0000	0.0000	1.0000
		1.0000	-0.0000	0.0000
		0.0000	1.0000	-0.0000
		-0.0493	-0.3799	-0.0125
	}
}
{Volume "sub_piece2"
	{Box 7.87402 11.1555 11.143}
	{Bone "sub_piece2"}
	{Matrix34
		-0.0000	0.0000	1.0000
		0.8974	-0.4411	0.0000
		0.4411	0.8974	-0.0000
		0.3236	0.1509	-0.0125
	}
}
{Volume "sub_piece1"
	{Box 7.87402 13.7298 12.3642}
	{Bone "sub_piece1"}
	{Matrix34
		-0.0000	0.0000	1.0000
		0.9961	0.0887	0.0000
		-0.0887	0.9961	-0.0000
		0.3276	-1.4259	-0.0125
	}
}
{Volume "sub_piece0"
	{Box 7.87402 10.0113 11.7536}
	{Bone "sub_piece0"}
	{Matrix34
		0.0000	-0.0000	1.0000
		0.8871	0.4615	-0.0000
		-0.4615	0.8871	0.0000
		0.1308	-0.1803	-0.0125
	}
}
{Volume "piece5"
	{Box 25.1122 7.87402 27.1904}
	{Bone "piece5"}
	{Matrix34
		1.0000	0.0000	0.0000
		0.0000	-0.0000	-1.0000
		0.0000	1.0000	-0.0000
		-0.9916	-2.1603	-0.0270
	}
}
{Volume "piece4"
	{Box 23.0481 7.87402 27.6759}
	{Bone "piece4"}
	{Matrix34
		0.9602	-0.2792	0.0000
		-0.0000	-0.0000	-1.0000
		0.2792	0.9602	-0.0000
		1.2050	0.2822	-0.0270
	}
}
{Volume "piece3"
	{Box 20.6401 7.87402 29.6181}
	{Bone "piece3"}
	{Matrix34
		1.0000	0.0000	0.0000
		0.0000	-0.0000	-1.0000
		0.0000	1.0000	-0.0000
		-2.4621	0.6301	-0.0270
	}
}
{Volume "piece2"
	{Box 7.87402 23.7411 25.9495}
	{Bone "piece2"}
	{Matrix34
		-0.0000	0.0000	1.0000
		0.9949	0.1004	0.0000
		-0.1004	0.9949	-0.0000
		0.7686	-0.3912	-0.0125
	}
}
{Volume "piece1"
	{Box 7.87402 16.0181 34.0396}
	{Bone "piece1"}
	{Matrix34
		-0.0000	0.0000	1.0000
		0.9871	-0.1598	0.0000
		0.1598	0.9871	-0.0000
		0.6403	0.6863	-0.0125
	}
}
{Volume "piece0"
	{Box 7.87402 28.6038 18.9279}
	{Bone "piece0"}
	{Matrix34
		-0.0000	0.0000	1.0000
		0.9997	-0.0227	0.0000
		0.0227	0.9997	-0.0000
		0.0132	-0.1411	-0.0125
	}
}
