;Exported by: vic
;Date:        Wed Nov 26 17:33:59 2003
;File:        D:\-Projects-\-3DWork-\Constructions\NEW\Ruini\elements town10_xx.max
{Skeleton
	{bone "e-house102_x"
		{Orientation
			1.0000	0.0000	0.0000
			0.0000	-1.0000	0.0000
			0.0000	0.0000	1.0000
		}
		{bone "piece0"
			{Matrix34
				-0.0000	-1.0000	0.0000
				1.0000	-0.0000	0.0000
				0.0000	0.0000	1.0000
				-0.0569	34.4251	90.5691
			}
			{VolumeView "piece0.ply"}
		}
		{bone "piece1"
			{Matrix34
				-0.0000	-1.0000	0.0000
				-0.0000	0.0000	1.0000
				-1.0000	0.0000	-0.0000
				1.5736	4.9558	63.0460
			}
			{VolumeView "piece1.ply"}
		}
		{bone "piece2"
			{Matrix34
				-0.0000	-1.0000	0.0000
				1.0000	-0.0000	0.0000
				0.0000	0.0000	1.0000
				-0.0569	-24.6631	68.3995
			}
			{VolumeView "piece2.ply"}
		}
		{bone "piece3"
			{Matrix34
				-0.0000	-1.0000	-0.0000
				-1.0000	0.0000	0.0000
				0.0000	0.0000	-1.0000
				0.0673	-24.2861	27.6135
			}
			{VolumeView "piece3.ply"}
		}
		{bone "piece4"
			{Matrix34
				0.0000	1.0000	0.0000
				-1.0000	0.0000	0.0000
				0.0000	0.0000	1.0000
				0.0980	34.2111	21.3025
			}
			{VolumeView "piece4.ply"}
		}
		{bone "piece5"
			{Matrix34
				-0.0000	-1.0000	0.0000
				-0.0000	0.0000	1.0000
				-1.0000	0.0000	-0.0000
				0.0328	-36.4177	120.0345
			}
			{VolumeView "piece5.ply"}
		}
		{bone "sub_piece0"
			{Matrix34
				-0.0000	-0.5000	0.8660
				-1.0000	0.0000	-0.0000
				-0.0000	-0.8660	-0.5000
				0.2447	-20.4542	53.0720
			}
			{VolumeView "sub_piece0.ply"}
		}
		{bone "sub_piece1"
			{Matrix34
				-0.0000	-0.6428	-0.7660
				-1.0000	0.0000	-0.0000
				0.0000	0.7660	-0.6428
				0.2447	34.9697	50.3405
			}
			{VolumeView "sub_piece1.ply"}
		}
		{bone "sub_piece2"
			{Matrix34
				0.0000	0.1736	0.9848
				-1.0000	0.0000	0.0000
				-0.0000	-0.9848	0.1736
				0.1771	38.8572	76.1033
			}
			{VolumeView "sub_piece2.ply"}
		}
		{bone "sub_piece3"
			{Matrix34
				0.0000	1.0000	0.0000
				-1.0000	0.0000	0.0000
				0.0000	0.0000	1.0000
				0.2447	-40.3426	64.3427
			}
			{VolumeView "sub_piece3.ply"}
		}
		{bone "sub_piece4"
			{Matrix34
				0.0000	0.1736	0.9848
				-1.0000	0.0000	0.0000
				-0.0000	-0.9848	0.1736
				0.1771	-24.6141	101.4062
			}
			{VolumeView "sub_piece4.ply"}
		}
		{bone "sub_piece5"
			{Matrix34
				-0.0000	-1.0000	0.0000
				-0.0000	0.0000	1.0000
				-1.0000	0.0000	-0.0000
				0.0382	5.7461	119.9987
			}
			{VolumeView "sub_piece5.ply"}
		}
	}
}
{Volume "sub_piece5"
	{Box 30.7447 9.84252 15.6612}
	{Bone "sub_piece5"}
	{Matrix34
		-1.0000	-0.0000	-0.0000
		-0.0000	0.0000	1.0000
		-0.0000	1.0000	-0.0000
		0.7566	-0.1283	-0.0671
	}
}
{Volume "sub_piece4"
	{Box 10.7971 7.87402 13.374}
	{Bone "sub_piece4"}
	{Matrix34
		0.9848	0.0000	0.1736
		-0.0000	1.0000	0.0000
		-0.1736	-0.0000	0.9848
		-1.0750	-0.0279	-0.9452
	}
}
{Volume "sub_piece3"
	{Box 7.87402 7.87402 9.84252}
	{Bone "sub_piece3"}
	{Position -1.1004	-0.0279	0.0282}
}
{Volume "sub_piece2"
	{Box 12.5539 7.87402 13.374}
	{Bone "sub_piece2"}
	{Matrix34
		0.9848	0.0000	0.1736
		-0.0000	1.0000	0.0000
		-0.1736	-0.0000	0.9848
		-0.2889	-0.0279	-0.8066
	}
}
{Volume "sub_piece1"
	{Box 7.87402 7.87402 9.84252}
	{Bone "sub_piece1"}
	{Position -1.1004	-0.0279	0.0282}
}
{Volume "sub_piece0"
	{Box 7.87402 7.87402 9.84252}
	{Bone "sub_piece0"}
	{Position -1.1004	-0.0279	0.0282}
}
{Volume "piece5"
	{Box 49.499 9.84252 15.6612}
	{Bone "piece5"}
	{Matrix34
		-1.0000	-0.0000	-0.0000
		-0.0000	0.0000	1.0000
		-0.0000	1.0000	-0.0000
		0.5272	-0.1642	-0.0726
	}
}
{Volume "piece4"
	{Box 14.0904 7.87402 18.1482}
	{Bone "piece4"}
	{Position 1.0789	-0.0073	0.0399}
}
{Volume "piece3"
	{Box 16.368 9.84252 19.685}
	{Bone "piece3"}
	{Position 0.7383	-0.4199	1.7054}
}
{Volume "piece2"
	{Box 30.9989 7.87402 13.6184}
	{Bone "piece2"}
	{Matrix34
		-1.0000	0.0000	0.0000
		-0.0000	-1.0000	0.0000
		0.0000	0.0000	1.0000
		-0.1074	0.1623	11.9493
	}
}
{Volume "piece1"
	{Box 26.9691 7.87402 13.6184}
	{Bone "piece1"}
	{Matrix34
		-1.0000	-0.0000	-0.0000
		-0.0000	0.0000	1.0000
		-0.0000	1.0000	-0.0000
		-0.0337	2.6983	1.4682
	}
}
{Volume "piece0"
	{Box 30.9989 7.87402 20.326}
	{Bone "piece0"}
	{Matrix34
		-1.0000	0.0000	0.0000
		-0.0000	-1.0000	0.0000
		0.0000	0.0000	1.0000
		0.2240	0.1623	11.3660
	}
}
