;Exported by: vic
;Date:        Wed Nov 26 18:10:55 2003
;File:        D:\-Projects-\-3DWork-\Constructions\NEW\Ruini\elements town10_xx.max
{Skeleton
	{bone "e-house104_x"
		{Orientation
			1.0000	0.0000	0.0000
			0.0000	-1.0000	0.0000
			0.0000	0.0000	1.0000
		}
		{bone "piece2"
			{Position -5.8699	-0.0499	37.4061}
			{VolumeView "piece2.ply"}
		}
		{bone "piece0"
			{Position 50.1911	1.4870	70.8661}
			{VolumeView "piece0.ply"}
		}
		{bone "piece1"
			{Position -64.9038	-0.0507	32.0833}
			{VolumeView "piece1.ply"}
		}
		{bone "piece3"
			{Matrix34
				1.0000	-0.0000	-0.0000
				-0.0000	-1.0000	0.0000
				-0.0000	0.0000	-1.0000
				55.3180	0.1178	17.1823
			}
			{VolumeView "piece3.ply"}
		}
		{bone "sub_piece0"
			{Matrix34
				-1.0000	0.0000	0.0000
				-0.0000	-1.0000	0.0000
				0.0000	0.0000	1.0000
				-8.0083	0.2951	12.9437
			}
			{VolumeView "sub_piece0.ply"}
		}
		{bone "sub_piece1"
			{Matrix34
				0.6428	-0.0000	-0.7660
				-0.0000	-1.0000	0.0000
				-0.7660	0.0000	-0.6428
				-38.6531	0.2951	17.3477
			}
			{VolumeView "sub_piece1.ply"}
		}
		{bone "sub_piece2"
			{Matrix34
				-0.1736	0.0000	0.9848
				-0.0000	-1.0000	0.0000
				0.9848	-0.0000	0.1736
				-66.1047	0.2275	13.0355
			}
			{VolumeView "sub_piece2.ply"}
		}
		{bone "sub_piece3"
			{Matrix34
				-1.0000	0.0000	0.0000
				-0.0000	-1.0000	0.0000
				0.0000	0.0000	1.0000
				23.8301	0.1485	13.0829
			}
			{VolumeView "sub_piece3.ply"}
		}
		{bone "sub_piece4"
			{Matrix34
				-1.0000	0.0000	0.0000
				-0.0000	-1.0000	0.0000
				0.0000	0.0000	1.0000
				53.2790	0.2951	45.9154
			}
			{VolumeView "sub_piece4.ply"}
		}
	}
}
{Volume "sub_piece4"
	{Box 7.87402 7.87402 9.84252}
	{Bone "sub_piece4"}
	{Position -1.1004	-0.0279	0.0282}
}
{Volume "sub_piece3"
	{Box 14.0904 7.87402 18.1482}
	{Bone "sub_piece3"}
	{Position 1.0789	-0.0073	0.0399}
}
{Volume "sub_piece2"
	{Box 12.5539 7.87402 13.374}
	{Bone "sub_piece2"}
	{Matrix34
		0.9848	0.0000	0.1736
		0.0000	1.0000	0.0000
		-0.1736	0.0000	0.9848
		-0.2889	-0.0279	-0.8066
	}
}
{Volume "sub_piece1"
	{Box 7.87402 7.87402 9.84252}
	{Bone "sub_piece1"}
	{Position -1.1004	-0.0279	0.0282}
}
{Volume "sub_piece0"
	{Box 7.87402 7.87402 9.84252}
	{Bone "sub_piece0"}
	{Position -1.1004	-0.0279	0.0282}
}
{Volume "piece3"
	{Box 16.368 9.84252 19.685}
	{Bone "piece3"}
	{Position 0.7383	-0.4199	1.7054}
}
{Volume "piece1"
	{Box 30.9989 7.87402 13.6184}
	{Bone "piece1"}
	{Matrix34
		-1.0000	0.0000	0.0000
		-0.0000	-1.0000	0.0000
		0.0000	0.0000	1.0000
		-0.1627	0.2065	0.5352
	}
}
{Volume "piece0"
	{Box 30.9989 7.87402 27.8467}
	{Bone "piece0"}
	{Matrix34
		-1.0000	0.0000	0.0000
		-0.0000	-1.0000	0.0000
		0.0000	0.0000	1.0000
		3.0129	-1.3312	0.2466
	}
}
{Volume "piece2"
	{Box 30.9989 7.87402 20.326}
	{Bone "piece2"}
	{Matrix34
		-1.0000	0.0000	0.0000
		-0.0000	-1.0000	0.0000
		0.0000	0.0000	1.0000
		0.1898	0.2057	-1.4338
	}
}
