;MDL File generated by SOEdit
;Model created by: <your name here>
;PLY Geometry by: <insert modeler name>
;VOL Geometry by: <insert modeler name>
{Skeleton
     {bone revolute "Basis"
        {speed 0.0100}
        {Orientation
            1.0000 0.0000 0.0000
            0.0000 -1.0000 0.0000
            0.0000 0.0000 1.0000
        }
        {bone "Body"
            {parameters "CommonMesh;ID=body;"}
            {Matrix34
                1.0000 0.0000 0.0000
                0.0000 0.9851 -0.1719
                0.0000 0.1719 0.9851
                0.0000 0.8155 9.9073
            }
            {VolumeView "Body.ply"}
            {bone revolute "turret"
                {parameters "ID=turret;"}
                {limits -10.0000 10.0000}
                {speed 0.0100}
                {Matrix34
                    0.9613 0.1147 0.2506
                    0.0000 0.9092 -0.4163
                    -0.2756 0.4002 0.8740
                    -7.8000 -1.2137 13.2037
                }
                {VolumeView "turret.ply"}
                {bone revolute "part2"
                    {parameters "ID=gun;"}
                    {limits -10.0000 10.0000}
                    {speed 0.1000}
                    {Matrix34
                        1.0000 0.0000 0.0000
                        0.0000 0.0000 1.0000
                        0.0000 1.0000 0.0000
                        2.3731 0.4317 3.0270
                    }
                    {VolumeView "gun_rot.ply"}
                    {bone "part1"
                        {parameters "ID=gun;"}
                        {Matrix34
                            0.0000 0.0000 -1.0000
                            -0.4000 0.9165 0.0000
                            0.9165 0.4000 0.0000
                            0.7953 1.6817 0.1288
                        }
                        {VolumeView "gun.ply"}
                    }
                }
            }
            {bone "WheelL"
                {parameters "ID=wheelleft;"}
                {Matrix34
                    1.0000 0.0000 0.0000
                    0.0000 -0.9157 0.4019
                    0.0000 0.4019 0.9157
                    -11.8677 16.7862 0.6409
                }
                {VolumeView "WheelL.ply"}
            }
            {bone "WheelR"
                {parameters "ID=wheelright;"}
                {Matrix34
                    -1.0000 0.0000 0.0000
                    0.0000 0.6252 0.7804
                    0.0000 0.7804 -0.6252
                    -11.8677 -14.1972 -2.4055
                }
                {VolumeView "WheelR.ply"}
            }
        }
    }
}
{Volume "body2"
    {Cylinder 1.77239 79.62090}
    {Bone "Body"}
    {Matrix34
        0.0191 1.1298 -0.0485
        -0.1772 0.0412 0.8909
        0.6005 -0.0050 0.1197
        -33.7522 6.0537 -3.6739
    }
}
{Volume "body1"
    {Cylinder 1.77239 79.62090}
    {Bone "Body"}
    {Matrix34
        0.0204 1.0049 -0.1344
        -0.1798 0.1340 0.9746
        0.5853 0.0025 0.1076
        -31.0761 -3.5988 -1.7076
    }
}
{Volume "wheelleft"
    {Cylinder 11.42520 4.84035}
    {Bone "WheelR"}
    {Matrix34
        -1.0000 0.0000 0.0000
        0.0000 1.0000 0.0000
        0.0000 0.0000 -1.0000
        0.0828 0.3633 1.4154
    }
}
{Volume "wheelright"
    {Cylinder 11.42520 4.84035}
    {Bone "WheelL"}
    {Matrix34
        -1.0000 0.0000 0.0000
        0.0000 -1.0000 0.0000
        0.0000 0.0000 1.0000
        -0.0828 0.3633 2.2410
    }
}
{Volume "part2"
    {Box 22.1971 10.9041 18.0257}
    {Bone "turret"}
    {Matrix34
        0.7793 0.0000 0.3634
        0.0000 0.5154 0.0000
        -0.1991 0.0000 0.4270
        6.3479 -0.2947 3.4146
    }
}
{Volume "part1"
    {Cylinder 1.53193 99.17340}
    {Bone "part1"}
    {Matrix34
        -0.3097 0.0000 0.0010
        0.0000 -1.0000 0.0000
        0.0006 0.0000 0.1856
        0.2240 0.0000 0.0000
    }
}
