;Modified by: Albus
;Date:        Dec 24 14:49:13 2010
{Skeleton
	{bone "Basis"
		{Orientation
			1.0000	0.0000	0.0000
			0.0000	-1.0000	0.0000
			0.0000	0.0000	1.0000
		}
		{bone "body"
			{parameters "CommonMesh;ID=body;"}
			{Matrix34
				1.0000	0.0000	-0.0024
				-0.0000	1.0000	0.0000
				0.0024	-0.0000	1.0000
				5.8607	-2.0641	32.7917
			}
			{VolumeView "body.ply"}
			{bone "stuff1"
				{parameters "ID=body;"}
				{Matrix34
					-0.9997	-0.0262	-0.0024
					0.0262	-0.9997	0.0001
					-0.0024	0.0000	1.0000
					-10.8212	0.9508	-7.3132
				}
				{VolumeView "stuff1.ply"}
			}
			{bone "stuff2"
				{parameters "ID=body;"}
				{Matrix34
					1.0000	0.0000	0.0024
					0.0000	1.0000	0.0000
					-0.0024	0.0000	1.0000
					49.7296	17.6221	-6.6000
				}
				{VolumeView "stuff2.ply"}
			}
			{bone "link1"
				{Position 100.9475	0.4191	-6.9609}
			}
			{bone "link2"
				{Position -99.9772	0.4191	-7.4391}
			}
		}
		{bone revolute "pivot_back"
			{parameters "ID=body;"}
			{Matrix34
				0.9998	0.0175	0.0000
				-0.0175	0.9998	0.0000
				0.0000	0.0000	1.0000
				-39.3142	-1.4946	12.8385
			}
			{VolumeView "pivot_back.ply"}
			{bone revolute "wheel_L2"
				{parameters "ID=wheelleft2;"}
				{Matrix34
					-0.9997	0.0175	0.0175
					0.0175	-0.0003	0.9998
					0.0175	0.9998	0.0000
					0.4494	14.6094	-3.2554
				}
				{VolumeView "wheel_L2.ply"}
			}
			{bone revolute "wheel_R2"
				{parameters "ID=wheelright2;"}
				{Matrix34
					-0.9997	0.0175	0.0175
					0.0175	-0.0003	0.9998
					0.0175	0.9998	0.0000
					-0.1136	-16.1120	-3.2554
				}
				{VolumeView "wheel_R2.ply"}
			}
		}
		{bone revolute "pivot_front"
			{parameters "ID=body;"}
			{Matrix34
				0.9998	0.0175	0.0000
				-0.0175	0.9998	0.0000
				0.0000	0.0000	1.0000
				53.3939	-1.6450	12.5585
			}
			{VolumeView "pivot_front.ply"}
			{bone revolute "wheel_L1"
				{parameters "ID=wheelleft1;"}
				{Matrix34
					-0.9997	0.0175	0.0175
					0.0175	-0.0003	0.9998
					0.0175	0.9998	0.0000
					0.0858	14.6571	-3.0000
				}
				{VolumeView "wheel_L1.ply"}
			}
			{bone revolute "wheel_R1"
				{parameters "ID=wheelright1;"}
				{Matrix34
					-0.9997	0.0175	0.0175
					0.0175	-0.0003	0.9998
					0.0175	0.9998	0.0000
					-0.5539	-15.7089	-3.0000
				}
				{VolumeView "wheel_R1.ply"}
			}
		}
	}
}
{Volume "wheelright1"
	{Cylinder 9.5318 3.87454}
	{Bone "wheel_R1"}
	{Matrix34
		-0.9998	0.0175	0.0000
		0.0175	0.9998	-0.0000
		-0.0000	-0.0000	-1.0000
		-0.0631	-0.0716	0.7562
	}
}
{Volume "wheelleft1"
	{Cylinder 9.5318 3.87454}
	{Bone "wheel_L1"}
	{Matrix34
		-0.9998	0.0175	0.0000
		0.0175	0.9998	-0.0000
		-0.0000	-0.0000	-1.0000
		-0.0945	0.0534	1.6640
	}
}
{Volume "wheelright2"
	{Cylinder 10.5318 3.84358}
	{Bone "wheel_R2"}
	{Matrix34
		-0.9998	0.0175	0.0000
		0.0175	0.9998	0.0000
		0.0000	0.0000	-1.0000
		-0.1187	0.0538	0.7427
	}
}
{Volume "wheelleft2"
	{Cylinder 10.5318 3.6991}
	{Bone "wheel_L2"}
	{Matrix34
		-0.9998	0.0175	0.0000
		0.0175	0.9998	0.0000
		0.0000	0.0000	-1.0000
		-0.0020	0.0129	1.7193
	}
}
{Volume "body1"
	{Box 184.111 63.2057 30.7743}
	{Bone "body"}
	{Matrix34
		1.0000	0.0000	0.0024
		0.0000	1.0000	0.0000
		-0.0024	-0.0000	1.0000
		0.0763	0.1692	-6.4202
	}
}
{Volume "body2"
	{Box 180.111 50.2057 30.7743}
	{Bone "body"}
	{Matrix34
		1.0000	0.0000	0.0024
		0.0000	1.0000	0.0000
		-0.0024	0.0000	1.0000
		0.0547	0.1692	2.5798
	}
}
