;Exported by: vic
;Date:        Wed Nov 26 17:30:59 2003
;File:        D:\-Projects-\-3DWork-\Constructions\NEW\Ruini\elements town10_xx.max
{Skeleton
	{bone "e-house101_x"
		{Orientation
			1.0000	0.0000	0.0000
			0.0000	-1.0000	0.0000
			0.0000	0.0000	1.0000
		}
		{bone "piece0"
			{Position 15.4924	-45.1024	23.6220}
			{VolumeView "piece0.ply"}
		}
		{bone "piece1"
			{Position 32.4742	-20.0571	62.6865}
			{VolumeView "piece1.ply"}
		}
		{bone "piece2"
			{Matrix34
				-0.0000	-1.0000	0.0000
				1.0000	-0.0000	0.0000
				0.0000	0.0000	1.0000
				32.3840	19.1248	70.2935
			}
			{VolumeView "piece2.ply"}
		}
		{bone "piece3"
			{Matrix34
				-0.0000	-1.0000	-0.0000
				-1.0000	0.0000	0.0000
				0.0000	0.0000	-1.0000
				32.5082	17.1582	27.6135
			}
			{VolumeView "piece3.ply"}
		}
		{bone "piece4"
			{Matrix34
				0.0000	1.0000	0.0000
				-1.0000	0.0000	0.0000
				0.0000	0.0000	1.0000
				32.5390	-16.2984	19.7195
			}
			{VolumeView "piece4.ply"}
		}
		{bone "sub_piece0"
			{Matrix34
				0.0000	0.1736	0.9848
				-1.0000	0.0000	0.0000
				-0.0000	-0.9848	0.1736
				32.6180	6.0968	53.6692
			}
			{VolumeView "sub_piece0.ply"}
		}
		{bone "sub_piece1"
			{Matrix34
				-0.0000	-0.6428	-0.7660
				-1.0000	0.0000	-0.0000
				0.0000	0.7660	-0.6428
				32.6856	33.7713	59.2011
			}
			{VolumeView "sub_piece1.ply"}
		}
		{bone "sub_piece2"
			{Matrix34
				0.0000	0.1736	0.9848
				-1.0000	0.0000	0.0000
				-0.0000	-0.9848	0.1736
				32.6180	-33.8021	38.6715
			}
			{VolumeView "sub_piece2.ply"}
		}
		{bone "sub_piece3"
			{Matrix34
				-0.5000	0.0000	0.8660
				0.0000	1.0000	-0.0000
				-0.8660	0.0000	-0.5000
				-5.7923	-45.1227	10.0710
			}
			{VolumeView "sub_piece3.ply"}
		}
		{bone "sub_piece4"
			{Matrix34
				1.0000	-0.0000	0.0000
				0.0000	1.0000	0.0000
				0.0000	0.0000	1.0000
				-25.7027	-45.1226	16.4070
			}
			{VolumeView "sub_piece4.ply"}
		}
	}
}
{Volume "sub_piece4"
	{Box 7.87402 7.87402 9.84252}
	{Bone "sub_piece4"}
	{Position -1.1004	-0.0279	0.0282}
}
{Volume "sub_piece3"
	{Box 7.87402 7.87402 9.84252}
	{Bone "sub_piece3"}
	{Position -1.1004	-0.0279	0.0282}
}
{Volume "sub_piece2"
	{Box 10.7971 7.87402 13.374}
	{Bone "sub_piece2"}
	{Matrix34
		0.9848	0.0000	0.1736
		-0.0000	1.0000	0.0000
		-0.1736	-0.0000	0.9848
		-1.0750	-0.0279	-0.9452
	}
}
{Volume "sub_piece1"
	{Box 7.87402 7.87402 9.84252}
	{Bone "sub_piece1"}
	{Position -1.1004	-0.0279	0.0282}
}
{Volume "sub_piece0"
	{Box 12.5539 7.87402 13.374}
	{Bone "sub_piece0"}
	{Matrix34
		0.9848	0.0000	0.1736
		-0.0000	1.0000	0.0000
		-0.1736	-0.0000	0.9848
		-0.2889	-0.0279	-0.8066
	}
}
{Volume "piece4"
	{Box 14.0904 7.87402 18.1482}
	{Bone "piece4"}
	{Position 1.0789	-0.0073	0.0399}
}
{Volume "piece3"
	{Box 16.368 9.84252 19.685}
	{Bone "piece3"}
	{Position 0.7383	-0.4199	1.7054}
}
{Volume "piece2"
	{Box 30.9989 7.87402 20.326}
	{Bone "piece2"}
	{Matrix34
		-1.0000	0.0000	0.0000
		-0.0000	-1.0000	0.0000
		0.0000	0.0000	1.0000
		0.2240	0.1623	11.3660
	}
}
{Volume "piece1"
	{Polyhedron "piece1.vol"}
	{Bone "piece1"}
	{Matrix34
		0.0000	1.0000	0.0000
		-1.0000	0.0000	0.0000
		0.0000	0.0000	1.0000
		0.0722	0.4906	-17.0167
	}
}
{Volume "piece0"
	{Polyhedron "piece0.vol"}
	{Bone "piece0"}
	{Matrix34
		1.0000	-0.0000	0.0000
		0.0000	1.0000	0.0000
		0.0000	0.0000	1.0000
		1.8868	-0.1887	-23.6464
	}
}
