;Exported by: shevchenko
;Date:        Sat Mar 20 11:03:13 2004
;File:        D:\-Projects-\-3DWork-\sheva\SK\Build-22_x.max
{Skeleton
	{animation
		{sequence "crush" {speed 0.4}}
	}
	{bone "build-22_corner2"
		{parameters "CommonMesh;"}
		{Orientation
			1.0000	0.0000	0.0000
			0.0000	-1.0000	0.0000
			0.0000	0.0000	1.0000
		}
		{VolumeView "build-22_corner2.ply"}
		{bone "piece0"
			{Matrix34
				-1.0000	0.0000	0.0000
				0.0000	1.0000	-0.0000
				0.0000	0.0000	1.0000
				16.4706	-58.0664	145.6693
			}
			{VolumeView "piece0.ply"}
		}
		{bone "piece1"
			{Matrix34
				1.0000	0.0000	-0.0000
				0.0000	-0.0000	1.0000
				-0.0000	-1.0000	-0.0000
				-6.5908	-58.0007	100.6189
			}
			{VolumeView "piece1.ply"}
		}
		{bone "piece2"
			{Matrix34
				1.0000	0.0000	-0.0000
				0.0000	-0.0000	1.0000
				-0.0000	-1.0000	-0.0000
				9.9406	-58.0007	75.2367
			}
			{VolumeView "piece2.ply"}
		}
		{bone "piece3"
			{Matrix34
				1.0000	0.0000	-0.0000
				0.0000	-0.0000	1.0000
				-0.0000	-1.0000	-0.0000
				-15.7315	-58.0007	65.3941
			}
			{VolumeView "piece3.ply"}
		}
		{bone "piece4"
			{Matrix34
				1.0000	0.0000	-0.0000
				0.0000	-0.0000	1.0000
				-0.0000	-1.0000	-0.0000
				-1.8704	-58.0007	23.0304
			}
			{VolumeView "piece4.ply"}
		}
		{bone "piece5"
			{Matrix34
				0.0000	-1.0000	0.0000
				-0.0000	-0.0000	1.0000
				-1.0000	-0.0000	-0.0000
				-30.7670	-45.9820	63.9764
			}
			{VolumeView "piece5.ply"}
			{bone "sub_piece5"
				{Position -1.9685	-40.3543	-0.0000}
				{VolumeView "sub_piece5.ply"}
			}
		}
		{bone "piece6"
			{Matrix34
				0.0000	-1.0000	0.0000
				-0.0000	-0.0000	1.0000
				-1.0000	-0.0000	-0.0000
				-30.7670	1.2621	66.9291
			}
			{VolumeView "piece6.ply"}
		}
		{bone "piece7"
			{Matrix34
				0.0000	-1.0000	0.0000
				-0.0000	-0.0000	1.0000
				-1.0000	-0.0000	-0.0000
				-30.7670	2.9962	18.7008
			}
			{VolumeView "piece7.ply"}
		}
		{bone "piece10"
			{Position -2.1111	18.7026	49.7023}
			{VolumeView "piece10.ply"}
		}
		{bone "piece8"
			{Matrix34
				-1.0000	0.0000	0.0000
				0.0000	1.0000	-0.0000
				0.0000	0.0000	1.0000
				-30.7725	42.3552	22.5847
			}
			{VolumeView "piece8.ply"}
		}
		{bone "piece9"
			{Matrix34
				-1.0000	0.0000	0.0000
				0.0000	1.0000	-0.0000
				0.0000	0.0000	1.0000
				-30.7725	43.8230	75.3069
			}
			{VolumeView "piece9.ply"}
		}
		{bone "FX_dust1"
			{Matrix34
				0.0000	0.0000	1.0000
				0.0000	1.0000	0.0000
				-1.0000	0.0000	0.0000
				19.2001	31.4485	52.2882
			}
		}
		{bone "FX_stone1"
			{Matrix34
				0.0000	0.0000	1.0000
				0.0000	1.0000	0.0000
				-1.0000	0.0000	0.0000
				19.2780	-58.6007	32.2872
			}
		}
		{bone "FX_stone1a"
			{Matrix34
				0.0000	0.0000	1.0000
				0.0000	1.0000	0.0000
				-1.0000	0.0000	0.0000
				-29.8882	0.1916	30.9100
			}
		}
		{bone "FX_wood1"
			{Matrix34
				0.0000	0.0000	1.0000
				0.0000	1.0000	0.0000
				-1.0000	0.0000	0.0000
				-31.1775	-26.7086	63.3293
			}
		}
		{bone "FX_wood1a"
			{Matrix34
				0.0000	0.0000	1.0000
				0.0000	1.0000	0.0000
				-1.0000	0.0000	0.0000
				-31.1775	-26.7086	31.2609
			}
		}
		{bone "FX_wood1b"
			{Matrix34
				0.0000	0.0000	1.0000
				0.0000	1.0000	0.0000
				-1.0000	0.0000	0.0000
				-31.1775	24.7228	51.8466
			}
		}
		{bone "FX_wood2"
			{Matrix34
				0.0000	0.0000	1.0000
				0.0000	1.0000	0.0000
				-1.0000	0.0000	0.0000
				6.9849	-1.3669	129.0484
			}
		}
	}
}
{Volume "piece9"
	{Box 7.87402 18.3362 36.5397}
	{Bone "piece9"}
	{Matrix34
		1.0000	0.0000	0.0000
		0.0000	-1.0000	-0.0000
		0.0000	-0.0000	1.0000
		0.1525	0.8140	0.9684
	}
}
{Volume "piece8"
	{Box 7.87402 16.3716 42.488}
	{Bone "piece8"}
	{Matrix34
		1.0000	0.0000	0.0000
		0.0000	-1.0000	-0.0000
		0.0000	-0.0000	1.0000
		0.1525	1.1259	-1.3314
	}
}
{Volume "piece10"
	{Box 3.93701 42.9556 41.2705}
	{Bone "piece10"}
	{Matrix34
		0.0000	-0.0000	1.0000
		-0.0000	-1.0000	0.0000
		1.0000	-0.0000	-0.0000
		-4.2633	-1.5250	-0.0214
	}
}
{Volume "piece7"
	{Box 7.87402 18.3767 22.3549}
	{Bone "piece7"}
	{Matrix34
		-0.0000	-0.0000	1.0000
		0.6428	0.7660	0.0000
		-0.7660	0.6428	-0.0000
		0.2580	-2.4508	0.1580
	}
}
{Volume "piece6"
	{Box 7.87402 22.9709 41.9583}
	{Bone "piece6"}
	{Matrix34
		0.0000	0.0000	1.0000
		0.9848	0.1736	-0.0000
		-0.1736	0.9848	-0.0000
		1.1312	-0.0166	0.1580
	}
}
{Volume "sub_piece5"
	{Box 7.87402 19.5253 34.3921}
	{Bone "sub_piece5"}
	{Matrix34
		-0.0000	-0.0000	1.0000
		1.0000	0.0000	0.0000
		-0.0000	1.0000	0.0000
		-0.6171	0.7124	0.1580
	}
}
{Volume "piece5"
	{Box 7.87402 18.8361 41.6144}
	{Bone "piece5"}
	{Matrix34
		-0.0000	-0.0000	1.0000
		1.0000	0.0000	0.0000
		-0.0000	1.0000	0.0000
		-0.8514	0.0001	0.1580
	}
}
{Volume "piece4"
	{Box 7.87402 24.1799 35.8251}
	{Bone "piece4"}
	{Matrix34
		0.0000	-0.0000	1.0000
		0.3420	0.9397	0.0000
		-0.9397	0.3420	0.0000
		-0.5783	1.2961	-0.0700
	}
}
{Volume "piece3"
	{Box 7.87402 21.2012 33.7972}
	{Bone "piece3"}
	{Matrix34
		0.0000	0.0000	1.0000
		0.9848	0.1736	-0.0000
		-0.1736	0.9848	-0.0000
		0.1632	0.0837	-0.0700
	}
}
{Volume "piece2"
	{Box 7.87402 15.0686 21.2923}
	{Bone "piece2"}
	{Matrix34
		0.0000	-0.0000	1.0000
		0.7071	0.7071	0.0000
		-0.7071	0.7071	0.0000
		0.5335	-0.2983	-0.0700
	}
}
{Volume "piece1"
	{Box 7.87402 17.5217 19.9404}
	{Bone "piece1"}
	{Matrix34
		-0.0000	0.0000	1.0000
		0.5736	0.8192	-0.0000
		-0.8192	0.5736	-0.0000
		-1.0277	0.0497	-0.0700
	}
}
{Volume "piece0"
	{Box 7.87402 19.5161 36.1117}
	{Bone "piece0"}
	{Matrix34
		0.0000	-1.0000	-0.0000
		-1.0000	-0.0000	-0.0000
		0.0000	-0.0000	1.0000
		1.8223	0.1357	1.5511
	}
}
