;MDL File generated by SOEdit
;Model created by: <St.Andrey>
;PLY Geometry by: <insert modeler name>
;VOL Geometry by: <insert modeler name>
{Skeleton
    {Animation
        {sequence "recoil" {speed 0.7}}
    }
    {bone revolute "Basis"
        {limits -0.0000 0.0000}
        {speed 0.0100}
        {Orientation
            1.0000 0.0000 0.0000
            0.0000 -1.0000 0.0000
            0.0000 0.0000 1.0000
        }
        {bone "body"
            {parameters "CommonMesh;ID=body;"}
            {Animation
                {sequence "repair" {speed 0.8} {file "body_r.anm"}}
            }
            {Position -21.3858 -0.0899 6.3716}
            {VolumeView "body.ply"}
            {bone revolute "WheelR"
                {parameters "ID=wheelright;"}
                {Matrix34
                    1.0000 0.0000 0.0000
                    0.0000 0.0000 -1.0000
                    0.0000 1.0000 0.0000
                    30.1571 -15.9579 0.3566
                }
                {VolumeView "WheelR.ply"}
            }
            {bone revolute "WheelL"
                {parameters "ID=wheelleft;"}
                {Matrix34
                    0.9962 0.0000 0.0872
                    0.0872 0.0000 -0.9962
                    0.0000 1.0000 0.0000
                    29.8665 17.3616 0.5716
                }
                {VolumeView "WheelL.ply"}
            }
            {bone revolute "turret"
                {parameters "ID=turret;"}
                {Animation
                    {sequence "repair" {file "turret_r.anm"}}
                }
                {limits -15.0000 15.0000}
                {speed 0.0100}
                {Matrix34
                    0.0000 1.0000 0.0000
                    -1.0000 0.0000 0.0000
                    0.0000 0.0000 1.0000
                    29.7597 0.6376 0.4001
                }
                {VolumeView "turret.ply"}
                {bone revolute "gun_rot"
                    {parameters "ID=gun;"}
                    {limits -10.0000 25.0000}
                    {speed 0.0100}
                    {Matrix34
                        0.0000 -1.0000 0.0000
                        0.0000 0.0000 1.0000
                        -1.0000 0.0000 0.0000
                        2.8097 4.1400 9.3709
                    }
                    {VolumeView "gun_rot.ply"}
                    {bone "For1"
                        {Matrix34
                            1.0000 0.0000 0.0000
                            0.0000 -0.0171 -0.9999
                            0.0000 0.9999 -0.0171
                            -3.1600 4.2356 3.5438
                        }
                        {bone "Gun"
                            {parameters "ID=Turret;"}
                            {Position -9.1055 0.4582 0.0000}
                            {VolumeView "Gun.ply"}
                            {bone "Foresight1"
                                {Position 64.6000 0.0000 0.0000}
                                {visibility 0}
                            }
                        }
                    }
                }
                {bone "Visor"
                    {parameters "Vis;"}
                    {Matrix34
                        0.0000 -1.0000 0.0000
                        1.0000 0.0000 0.0000
                        0.0000 0.0000 1.0000
                        8.4917 -0.5526 11.7054
                    }
                }
                {bone "gunner"
                    {Matrix34
                        -0.3420 -0.9397 -0.0013
                        0.9397 -0.3420 0.0001
                        -0.0005 -0.0012 1.0000
                        6.6818 17.2143 -5.4533
                    }
                }
                {bone "charger"
                    {Matrix34
                        0.5736 -0.8192 -0.0013
                        0.8192 0.5736 0.0001
                        0.0007 -0.0011 1.0000
                        -11.6898 24.7157 -5.4990
                    }
                }
            }
            {bone "emit1"
                {Matrix34
                    0.9448 -0.3277 0.0000
                    0.3277 0.9448 0.0000
                    0.0000 0.0000 1.0000
                    1.3552 9.2619 -6.3716
                }
                {visibility 0}
            }
            {bone "emit2"
                {Matrix34
                    0.2588 0.9659 0.0000
                    -0.9659 0.2588 0.0000
                    0.0000 0.0000 1.0000
                    5.8577 -20.7730 -6.3716
                }
            }
            {bone "emit3"
                {Matrix34
                    0.9448 -0.3277 0.0000
                    0.3277 0.9448 0.0000
                    0.0000 0.0000 1.0000
                    -39.0497 23.3427 -5.7716
                }
                {visibility 0}
            }
            {bone "emit4"
                {Matrix34
                    0.2588 0.9659 0.0000
                    -0.9659 0.2588 0.0000
                    0.0000 0.0000 1.0000
                    -35.8577 -30.7730 -6.3716
                }
            }
            {bone "driver"
                {Matrix34
                    0.9448 -0.3277 0.0000
                    0.3277 0.9448 0.0000
                    0.0000 0.0000 1.0000
                    -30.6001 15.9665 -3.1716
                }
            }
            {bone "commander"
                {Matrix34
                    0.9177 0.3971 0.0000
                    -0.3972 0.9177 0.0000
                    0.0000 0.0000 1.0000
                    -28.5280 -14.0932 -3.9716
                }
            }
        }
    }
}
{Obstacle "Obstacle3"
    {Obb2
        {Center 3.8216 -0.0489}
        {Extent 6.8466 17.7277}
        {Axis 0 0}
    }
    {Rotate}
}
{Volume "turret"
    {Polyhedron "turret.vol"}
    {Bone "turret"}
    {Matrix34
        0.0000 -1.0000 0.0000
        1.0000 0.0000 0.0000
        0.0000 0.0000 1.0000
        0.0000 -3.7380 4.8812
    }
}
{Volume "gun"
    {Cylinder 1.02623 46.02360}
    {Bone "gun"}
    {Matrix34
        0.0008 0.9996 0.0298
        0.0017 -0.0298 0.9996
        1.0000 -0.0007 -0.0018
        36.0018 -0.0793 0.0164
    }
}
{Volume "body2"
    {Cylinder 1.99170 54.16730}
    {Bone "body"}
    {Matrix34
        -0.3388 0.9397 -0.0471
        -0.1378 0.0000 0.9905
        0.9307 0.3420 0.1295
        -1.2323 -13.1714 2.9969
    }
}
{Volume "body1"
    {Cylinder 1.99170 54.16730}
    {Bone "body"}
    {Matrix34
        -0.3345 -0.9354 -0.1143
        0.1480 0.0677 -0.9867
        0.9307 -0.3469 0.1158
        -2.1889 13.0874 3.0637
    }
}
{Volume "wheelleft"
    {Cylinder 6.84871 3.60311}
    {Bone "WheelL"}
    {Matrix34
        0.9962 0.0872 0.0000
        0.0872 -0.9962 0.0000
        0.0000 0.0000 -1.0000
        0.0000 0.0000 -0.0280
    }
}
{Volume "wheelright"
    {Cylinder 6.84871 3.60311}
    {Bone "WheelR"}
    {Matrix34
        1.0000 0.0000 0.0000
        0.0000 -1.0000 0.0000
        0.0000 0.0000 -1.0000
        0.0000 0.0000 0.0461
    }
}
