;Exported by: shevchenko
;Date:        Wed Mar 24 20:29:35 2004
;File:        D:\-Projects-\-3DWork-\sheva\SK\watch-tower_new_x.max
{Skeleton
	{animation
		{sequence "crush" {speed 0.4}}
	}
	{bone "watch-tower_armed"
		{parameters "CommonMesh;"}
		{Orientation
			1.0000	0.0000	0.0000
			0.0000	-1.0000	0.0000
			0.0000	0.0000	1.0000
		}
		{VolumeView "watch-tower_armed.ply"}
		{bone "piece0"
			{Matrix34
				-0.8066	0.5519	-0.2116
				-0.3865	-0.7634	-0.5176
				-0.4472	-0.3357	0.8290
				-18.7394	13.2898	123.5014
			}
			{VolumeView "piece0.ply"}
		}
		{bone "piece9"
			{Matrix34
				-0.9656	0.1912	-0.1759
				-0.1273	-0.9384	-0.3211
				-0.2265	-0.2877	0.9305
				-5.7730	-25.0818	132.1386
			}
			{VolumeView "piece9.ply"}
		}
		{bone "piece2"
			{Matrix34
				-0.5929	0.2134	-0.7765
				-0.5197	-0.8379	0.1666
				-0.6151	0.5023	0.6078
				-21.9367	-18.4504	123.1171
			}
			{VolumeView "piece2.ply"}
		}
		{bone "piece1"
			{Matrix34
				-0.8468	-0.5020	-0.1759
				0.5314	-0.7839	-0.3211
				0.0233	-0.3654	0.9305
				10.4731	-23.3148	132.1386
			}
			{VolumeView "piece1.ply"}
		}
		{bone "piece3"
			{Matrix34
				-0.9864	-0.1626	-0.0245
				0.1542	-0.9666	0.2045
				-0.0569	0.1980	0.9786
				4.5847	25.0126	136.6935
			}
			{VolumeView "piece3.ply"}
		}
		{bone "piece4"
			{Matrix34
				0.5835	0.3910	0.7118
				0.6019	-0.7966	-0.0558
				0.5452	0.4610	-0.7001
				22.4030	18.6567	140.7069
			}
			{VolumeView "piece4.ply"}
		}
		{bone "piece5"
			{Matrix34
				0.2484	0.2446	-0.9373
				0.7487	-0.6624	0.0255
				-0.6146	-0.7081	-0.3477
				27.6630	22.4138	123.2370
			}
			{VolumeView "piece5.ply"}
			{bone "sub_piece5"
				{Matrix34
					0.2974	-0.8419	-0.4502
					-0.9545	-0.2726	-0.1208
					-0.0210	0.4657	-0.8847
					-3.2324	8.5872	2.0258
				}
				{VolumeView "sub_piece5.ply"}
			}
		}
		{bone "piece7"
			{Matrix34
				-0.5641	0.2615	0.7832
				-0.2986	-0.9489	0.1018
				0.7698	-0.1764	0.6134
				30.2400	1.4796	130.4007
			}
			{VolumeView "piece7.ply"}
		}
		{bone "piece8"
			{Matrix34
				-0.4007	0.4754	0.7832
				-0.6716	-0.7339	0.1018
				0.6232	-0.4852	0.6134
				28.5531	-22.8948	122.9221
			}
			{VolumeView "piece8.ply"}
		}
		{bone "piece6"
			{Matrix34
				-0.6639	0.4239	-0.6161
				-0.5945	-0.7990	0.0908
				-0.4538	0.4265	0.7824
				21.8602	-16.7333	138.5977
			}
			{VolumeView "piece6.ply"}
		}
		{bone "FX_fire2"
			{Matrix34
				-0.0000	0.0000	1.0000
				0.0000	1.0000	0.0000
				-1.0000	0.0000	-0.0000
				4.6955	-0.0393	0.8127
			}
		}
		{bone "FX_smoke2"
			{Matrix34
				-0.0000	0.0000	1.0000
				0.0000	1.0000	0.0000
				-1.0000	0.0000	-0.0000
				11.0029	-0.0393	0.8127
			}
		}
		{bone "FX_wood1"
			{Matrix34
				-0.0000	0.0000	1.0000
				0.0000	1.0000	0.0000
				-1.0000	0.0000	-0.0000
				-21.0931	-22.9163	105.0596
			}
		}
		{bone "FX_wood1a"
			{Matrix34
				-0.0000	0.0000	1.0000
				0.0000	1.0000	0.0000
				-1.0000	0.0000	-0.0000
				26.7630	-22.9163	105.0596
			}
		}
		{bone "FX_wood1b"
			{Matrix34
				-0.0000	0.0000	1.0000
				0.0000	1.0000	0.0000
				-1.0000	0.0000	-0.0000
				26.7630	23.4490	105.0596
			}
		}
		{bone "FX_wood1c"
			{Matrix34
				-0.0000	0.0000	1.0000
				0.0000	1.0000	0.0000
				-1.0000	0.0000	-0.0000
				-19.6863	23.4490	105.0596
			}
		}
		{bone "FX_wood1d"
			{Matrix34
				-0.0000	0.0000	1.0000
				0.0000	1.0000	0.0000
				-1.0000	0.0000	-0.0000
				4.6955	-0.0393	121.9232
			}
		}
		{bone "FX_wood1e"
			{Matrix34
				-0.0000	0.0000	1.0000
				0.0000	1.0000	0.0000
				-1.0000	0.0000	-0.0000
				4.6955	-0.0393	165.5762
			}
		}
	}
}
{Volume "piece6"
	{Box 12.5984 9.84251 5.23622}
	{Bone "piece6"}
	{Matrix34
		0.0623	-0.9931	-0.0996
		0.9959	0.0554	0.0711
		-0.0651	-0.1036	0.9925
		-0.1257	0.0710	-0.0283
	}
}
{Volume "piece8"
	{Box 12.5984 9.84251 5.23622}
	{Bone "piece8"}
	{Matrix34
		0.0095	0.9973	-0.0734
		0.9953	-0.0024	0.0969
		0.0964	-0.0740	-0.9926
		-0.5747	-0.3590	-0.0443
	}
}
{Volume "piece7"
	{Box 12.5984 9.84251 5.23622}
	{Bone "piece7"}
	{Matrix34
		-0.0500	0.9987	0.0023
		0.9948	0.0496	0.0889
		0.0887	0.0067	-0.9960
		-0.1149	-0.0439	-0.0024
	}
}
{Volume "sub_piece5"
	{Box 12.5984 9.84251 5.23622}
	{Bone "sub_piece5"}
	{Matrix34
		-0.0569	0.9957	0.0729
		0.9978	0.0541	0.0393
		0.0352	0.0750	-0.9966
		0.0049	0.2150	-0.1019
	}
}
{Volume "piece5"
	{Box 12.5984 9.84251 5.23622}
	{Bone "piece5"}
	{Matrix34
		-0.0114	-0.9862	-0.1650
		0.9988	-0.0189	0.0443
		-0.0468	-0.1643	0.9853
		-0.0504	-0.2651	0.0322
	}
}
{Volume "piece4"
	{Box 12.5984 9.84251 5.23622}
	{Bone "piece4"}
	{Matrix34
		0.0562	-0.9983	-0.0142
		-0.9918	-0.0575	0.1140
		-0.1146	0.0077	-0.9934
		-0.4801	-0.0287	-0.3300
	}
}
{Volume "piece3"
	{Box 12.5984 9.84251 5.23622}
	{Bone "piece3"}
	{Matrix34
		0.0213	-0.9995	0.0247
		0.9957	0.0190	-0.0912
		0.0907	0.0266	0.9955
		0.1259	-0.3780	-0.0648
	}
}
{Volume "piece1"
	{Box 12.5984 9.84251 5.23622}
	{Bone "piece1"}
	{Matrix34
		0.0489	-0.9981	-0.0382
		0.9955	0.0518	-0.0790
		0.0809	-0.0341	0.9961
		0.1508	0.1978	0.1760
	}
}
{Volume "piece2"
	{Box 12.5984 9.84251 5.23622}
	{Bone "piece2"}
	{Matrix34
		0.0443	-0.9990	0.0030
		0.9986	0.0444	0.0294
		-0.0295	0.0016	0.9996
		-0.0353	0.3188	0.0048
	}
}
{Volume "piece9"
	{Box 12.5984 9.84251 5.23622}
	{Bone "piece9"}
	{Matrix34
		0.0599	-0.9974	-0.0390
		0.9977	0.0611	-0.0300
		0.0323	-0.0371	0.9988
		-0.3624	-0.3762	-0.2242
	}
}
{Volume "piece0"
	{Box 12.5984 9.84251 5.23622}
	{Bone "piece0"}
	{Matrix34
		-0.0262	-0.9947	-0.0993
		0.9980	-0.0317	0.0545
		-0.0573	-0.0976	0.9936
		-0.2113	-0.4781	-0.3063
	}
}
