;MDL File generated by SOEdit
;Model created by: <St.Andrey>
;PLY Geometry by: <insert modeler name>
;VOL Geometry by: <insert modeler name>
{Skeleton
     {bone revolute "Basis"
        {speed 0.0100}
        {Orientation
            1.0000 0.0000 0.0000
            0.0000 -1.0000 0.0000
            0.0000 0.0000 1.0000
        }
        {bone "body"
            {parameters "CommonMesh;ID=body;"}
            {Matrix34
                0.9999 0.0000 0.0139
                0.0000 1.0000 0.0000
                -0.0139 0.0000 0.9999
                -14.2893 2.2000 5.5882
            }
            {VolumeView "body.ply"}
            {bone revolute "wheell"
                {parameters "ID=wheelleft;"}
                {Matrix34
                    0.9909 -0.0364 0.1294
                    0.1275 0.5609 -0.8180
                    -0.0429 0.8271 0.5604
                    25.9178 18.2422 2.4465
                }
                {VolumeView "wheell.ply"}
            }
            {bone revolute "wheelr"
                {parameters "ID=wheelleft;"}
                {Matrix34
                    0.9973 -0.0102 0.0732
                    0.0430 -0.7263 -0.6861
                    0.0602 0.6874 -0.7238
                    26.1798 -24.2782 2.2637
                }
                {VolumeView "wheelr.ply"}
            }
            {bone revolute "turret"
                {parameters "ID=turret;"}
                {limits -15.0000 15.0000}
                {speed 0.0100}
                {Matrix34
                    1.0000 0.0000 0.0000
                    0.0000 1.0000 0.0000
                    0.0000 0.0000 1.0000
                    25.2600 -1.2000 0.1500
                }
                {VolumeView "turret.ply"}
                {bone revolute "gun_rot"
                    {parameters "ID=gun;"}
                    {limits -10.0000 10.0000}
                    {speed 0.0100}
                    {Matrix34
                        0.9998 -0.0003 -0.0210
                        0.0210 0.0271 0.9994
                        0.0003 -0.9996 0.0271
                        -20.1359 15.4693 17.3145
                    }
                    {VolumeView "gun_rot.ply"}
                    {bone "bon"
                        {Position 4.4200 -2.7300 16.8200}
                        {bone "Gun"
                            {parameters "ID=gun;"}
                            {Position -9.1000 0.2300 0.3000}
                            {VolumeView "gun.ply"}
                        }
                    }
                }
            }
        }
    }
}
{Obstacle "obstacle"
    {Obb2
        {Center 1.1256 -0.4708}
        {Extent 12.4623 21.8091}
        {Axis 0 0}
    }
    {Rotate}
}
{Volume "wheelleft"
    {Cylinder 11.42520 4.84035}
    {Bone "WheelR"}
    {Matrix34
        -0.7497 0.0000 0.0000
        0.0000 0.7938 0.0000
        0.0000 0.0000 -1.0849
        0.1451 -0.5268 -0.0047
    }
}
{Volume "wheelright"
    {Cylinder 11.42520 4.84035}
    {Bone "WheelL"}
    {Matrix34
        -0.7867 0.0000 0.0000
        0.0000 -0.8170 0.0000
        0.0000 0.0000 0.9113
        -0.0828 0.0633 -0.1590
    }
}
