{Skeleton
	{bone "Basis"
		{Orientation
			1.0000	0.0000	0.0000
			0.0000	-1.0000	0.0000
			0.0000	0.0000	1.0000
		}
		{bone "emit"
			{Matrix34
				0.0000	1.0000	0.0000
				-1.0000	0.0000	0.0000
				0.0000	0.0000	1.0000
				46.3333	-123.5500	0.0000
			}
		}
		{bone "stairs"
			{Matrix34
				1.0000	0.0000	0.0000
				0.0000	1.0000	0.0000
				0.0000	0.0000	1.0000
				45.6000	-68.9500	-60.0000
			}
			{VolumeView "stairs.ply"}
		}
		{bone "node_top"
			{Matrix34
				-0.0000	1.0000	0.0000
				-1.0000	-0.0000	0.0000
				0.0000	0.0000	1.0000
				46.3333	-113.3717	133.1660
			}
		}
		{bone "node_bottom"
			{Matrix34
				0.0000	1.0000	0.0000
				-1.0000	0.0000	0.0000
				0.0000	0.0000	1.0000
				46.3333	-113.5500	13.7795
			}
		}
		{bone "body"
			{parameters "ID=body;"}
			{Position 20.0433	-20.2804	101.0115}
			{VolumeView "body.ply"}
			{bone revolute "turret"
				{parameters "CommonMesh;ID=turret;"}
				{speed 0.0022}
				{Matrix34
					-1.0000	0.0000	0.0000
					0.0000	-1.0000	0.0000
					0.0000	0.0000	1.0000
					-42.8543	18.6329	43.1500
				}
				{VolumeView "turret.ply"}
				{bone "gun_rot"
					{parameters "CommonMesh;ID=engine;"}
					{Matrix34
						0.8910	0.0000	-0.4540
						0.0000	1.0000	0.0000
						0.4540	0.0000	0.8910
						331.1940	-4.7364	113.1450
					}
					{VolumeView "gun_rot.ply"}
					{bone "Gun"
						{parameters "ID=gun;"}
						{Matrix34
							0.0000	0.0000	-1.0000
							-1.0000	0.0000	0.0000
							0.0000	1.0000	0.0000
							-24.5128	0.0583	-37.7752
						}
						{VolumeView "Gun.ply"}
						{bone "foresight3"
							{Matrix34
								0.6502	-0.7597	0.0000
								0.0000	0.0000	1.0000
								-0.7597	-0.6502	0.0000
								105.4981	0.0000	0.0000
							}
						}
					}
					{bone "empty"
						{parameters "CommonMesh;"}
						{Matrix34
							0.8942	0.0000	0.4478
							0.0000	1.0000	0.0000
							-0.4478	0.0000	0.8942
							141.7840	-2.1866	29.0372
						}
						{VolumeView "empty.ply"}
					}
					{bone "part2"
						{parameters "ID=engine;"}
						{Matrix34
							1.0000	0.0000	0.0000
							0.0000	0.0000	1.0000
							0.0000	1.0000	0.0000
							165.9110	0.0000	-15.9030
						}
					}
					{bone "cable1"
						{parameters "CommonMesh;ID=turret;"}
						{Matrix34
							0.8816	-0.0066	0.4714
							-0.0196	-0.9995	0.0226
							-0.4714	0.0292	0.8816
							-250.219	-2.0209	-250.629
						}
						{VolumeView "cable1.ply"}
					}
					{bone "cable2"
						{parameters "CommonMesh;ID=turret;"}
						{Matrix34
							0.8242	-0.0634	0.5626
							0.0284	-0.9877	-0.1530
							-0.5654	-0.1422	0.8123
							-225.519	29.8861	-237.244
						}
						{VolumeView "cable2.ply"}
					}
				}
				{bone "FXsmoke1"
					{Matrix34
						-0.0000	0.0000	1.0000
						0.0000	1.0000	0.0000
						-1.0000	0.0000	-0.0000
						-77.2815	13.8698	98.9983
					}
				}
				{bone "visor"
					{Matrix34
						1.0000	0.0000	0.0000
						0.0000	1.0000	0.0000
						0.0000	0.0000	1.0000
						40.4483	0.0000	90.2404
					}
				}
				{bone "gunner"
					{parameters "Group=crew;"}
					{Position -6.6458	-54.8088	18.2153}
				}
				{bone "part1"
					{Matrix34
						1.0000	0.0000	0.0000
						0.0000	1.0000	0.0000
						0.0000	0.0000	1.0000
						43.7000	0.0000	0.7000
					}
					{VolumeView "part1.ply"}
				}
				{bone "window1"
					{Matrix34
						1.0000	0.0000	0.0000
						0.0000	1.0000	0.0000
						0.0000	0.0000	1.0000
						-90.0000	46.0000	47.0000
					}
					{VolumeView "window.ply"}
				}
				{bone "window2"
					{Matrix34
						-1.0000	0.0000	0.0000
						0.0000	1.0000	0.0000
						0.0000	0.0000	-1.0000
						-27.6000	46.0000	47.0000
					}
					{VolumeView "window.ply"}
				}
				{bone "part_small2"
					{parameters "ID=turret;"}
					{Matrix34
						-0.8926	0.4508	0.0000
						-0.4508	-0.8926	0.0000
						0.0000	0.0000	1.0000
						-73.8414	-26.6620	28.7467
					}
				}
				{bone "part_small3"
					{parameters "ID=turret;"}
					{Matrix34
						-0.9532	-0.3025	0.0000
						0.3025	-0.9532	0.0000
						0.0000	0.0000	1.0000
						-72.3175	27.3538	28.7467
					}
				}
			}
		}
	}
}
{Volume "turret"
	{Box 190.704 105.363 105.1902}
	{Bone "turret"}
	{Position -32.2986	0.0000	47.2178}
}
{Volume "engine"
	{Box 390.286 25.9753 31.3862}
	{Bone "gun_rot"}
	{Matrix34
		-0.7169	0.0000	-0.6972
		-0.6972	0.0000	0.7169
		0.0000	1.0000	0.0000
		-38.6522	-0.6173	-34.5151
	}
}
{Volume "body1"
	{Box 10.5703 20.2477 110.6323}
	{Bone "body"}
	{Position 28.850	123.816	-43.866}
}
{Volume "body2"
	{Box 10.5703 20.2477 110.6323}
	{Bone "body"}
	{Position 28.850	-73.816	-43.866}
}
{Volume "body3"
	{Box 10.5703 20.2477 110.6323}
	{Bone "body"}
	{Position -109.850	-73.816	-43.866}
}
{Volume "body"
	{Box 10.5703 20.2477 110.6323}
	{Bone "body"}
	{Position -109.850	123.816	-43.866}
}
