;Exported by: sk
;Date:        Mon Apr 05 18:25:04 2004
;File:        D:\-PROJE~1\-3DWork-\Model\-Plane\CG-4A\CG-4A.max
{Skeleton
	{animation
		{sequence "board" {speed 0.5}}
		{sequence "unload" {speed 0.5}}
	}
	{bone "Basis"
		{Orientation
			1.0000	0.0000	0.0000
			0.0000	-1.0000	0.0000
			0.0000	0.0000	1.0000
		}
		{bone "Body"
			{parameters "ID=body;"}
			{Position -49.0816	-0.5387	50.6349}
			{VolumeView "Body.ply"}
				{bone "Cabine"
					{parameters "ID=body;"}
					{Matrix34
						1.0000	0.0000	0.0000
						0.0000	-0.0000	1.0000
						0.0000	-1.0000	-0.0000
						127.1464	-0.0731	-3.8676
					}
					{VolumeView "Cabine.ply"}
					{bone "Glass"
						{Position 0.0000	-5.1403	0.0000}
						{VolumeView "Glass.ply"}
					}
					{bone "Driver"
						{Matrix34
							0.9848	0.1736	-0.0000
							-0.0000	-0.0000	-1.0000
							-0.1736	0.9848	-0.0000
							17.5648	-37.7775	-8.4634
						}
					}
					{bone "Driver1"
						{Matrix34
							0.9848	0.1736	-0.0000
							-0.0000	-0.0000	-1.0000
							-0.1736	0.9848	-0.0000
							17.5648	-37.7775	7.8203
						}
					}
				}
			{bone "Wheel_back"
				{Matrix34
					-1.0000	-0.0000	-0.0000
					-0.0000	0.0000	1.0000
					-0.0000	1.0000	-0.0000
					-136.8101	-2.3344	-22.8648
				}
				{VolumeView "Wheel_back.ply"}
			}
			{bone "Body_back"
				{parameters "ID=body_back;"}
				{Matrix34
					1.0000	-0.0000	0.0000
					-0.0000	-1.0000	-0.0000
					-0.0000	-0.0000	1.0000
					-103.2824	-0.0731	10.6841
				}
				{VolumeView "Body_back.ply"}
				{bone revolute "Elevator1"
					{parameters "ID=body_back;"}
					{Matrix34
						1.0000	0.0000	-0.0000
						-0.0000	0.0000	1.0000
						-0.0000	1.0000	-0.0000
						-7.5977	-34.7386	-19.3509
					}
					{VolumeView "Elevator1.ply"}
				}
				{bone revolute "Elevator2"
					{parameters "ID=body_back;"}
					{Matrix34
						1.0000	0.0000	-0.0000
						0.0000	-0.0000	1.0000
						-0.0000	-1.0000	-0.0000
						-7.5977	34.5280	-19.3509
					}
					{VolumeView "Elevator2.ply"}
				}
				{bone revolute "Rudder"
					{parameters "ID=body_back;"}
					{limits -30.0000 30.0000}
					{speed 0.1000}
					{Matrix34
						1.0000	-0.0000	0.0000
						-0.0000	-1.0000	-0.0000
						-0.0000	-0.0000	1.0000
						-16.2494	0.0315	10.4223
					}
					{VolumeView "Rudder.ply"}
				}
				{bone "Part1"
					{parameters "ID=body_back;"}
					{Position -0.0000	-48.6345	-19.3559}
					{VolumeView "Part1.ply"}
				}
				{bone "Part2"
					{parameters "ID=body_back;"}
					{Position 0.0000	42.5740	-19.3514}
					{VolumeView "Part2.ply"}
				}
			}
			{bone "WheelL"
				{parameters "ID=body;"}
				{Matrix34
					-1.0000	-0.0000	-0.0000
					-0.0000	0.0000	1.0000
					-0.0000	1.0000	-0.0000
					80.0034	31.9114	-43.6553
				}
				{VolumeView "WheelL.ply"}
			}
			{bone "WheelR"
				{parameters "ID=body;"}
				{Matrix34
					-1.0000	-0.0000	0.0000
					0.0000	0.0000	1.0000
					0.0000	-1.0000	0.0000
					80.0034	-31.9114	-43.6553
				}
				{VolumeView "WheelR.ply"}
			}
		}
		{bone "Pivot_back"
			{Position -182.7952	-0.1346	2.0143}
			{bone "support3"
				{parameters "ID=body_back;"}
				{Position -5.9687	-0.4505	22.3679}
				{VolumeView "support3.ply"}
			}
		}
		{bone "Pivot_front"
			{Position 34.1944	-0.1346	2.0143}
			{bone "WingL1"
				{parameters "ID=wingL1;"}
				{Position -16.4611	77.4303	44.5140}
				{VolumeView "WingL1.ply"}
				{bone "support1"
					{parameters "ID=body;"}
					{Position 12.2544	-52.7229	-47.4157}
					{VolumeView "support1.ply"}
				}
				{bone revolute "Flap1"
					{parameters "ID=wingL1;"}
					{Matrix34
						1.0000	0.0000	0.0000
						0.0000	-0.0000	1.0000
						0.0000	-1.0000	-0.0000
						-22.3025	0.1483	0.8365
					}
					{VolumeView "Flap1.ply"}
				}
				{bone "WingL2"
					{parameters "ID=wingL2;"}
					{Position 0.0516	95.1900	4.7653}
					{VolumeView "WingL2.ply"}
					{bone revolute "Aileron1"
						{parameters "ID=wingL2;"}
						{Matrix34
							1.0000	0.0000	0.0000
							0.0000	-0.0000	1.0000
							0.0000	-1.0000	-0.0000
							-19.6205	3.1448	0.4446
						}
						{VolumeView "Aileron1.ply"}
					}
					{bone "WingL3"
						{parameters "ID=wingL2;"}
						{Position 0.0000	42.1656	2.0763}
						{VolumeView "WingL3.ply"}
					}
				}
			}
			{bone "WingR1"
				{parameters "ID=wingR1;"}
				{Matrix34
					1.0000	-0.0000	0.0000
					-0.0000	-1.0000	-0.0000
					-0.0000	-0.0000	1.0000
					-10.7189	-90.2242	45.0204
				}
				{VolumeView "WingR1.ply"}
				{bone "support2"
					{parameters "ID=body;"}
					{Matrix34
						0.9848	0.1736	0.0000
						-0.1736	0.9848	0.0000
						-0.0000	-0.0000	1.0000
						6.5122	-64.7086	-47.8990
					}
					{VolumeView "support2.ply"}
				}
				{bone revolute "Flap2"
					{parameters "ID=wingR1;"}
					{Matrix34
						1.0000	0.0000	-0.0000
						0.0000	-0.0000	1.0000
						0.0000	-1.0000	-0.0000
						-28.0447	-11.6721	0.3301
					}
					{VolumeView "Flap2.ply"}
				}
				{bone "WingR2"
					{parameters "ID=wingR2;"}
					{Position 1.3699	70.0243	3.6484}
					{VolumeView "WingR2.ply"}
					{bone revolute "Aileron2"
						{parameters "ID=wingR2;"}
						{Matrix34
							1.0000	0.0000	-0.0000
							0.0000	-0.0000	1.0000
							0.0000	-1.0000	-0.0000
							-26.6811	16.4902	1.0552
						}
						{VolumeView "Aileron2.ply"}
					}
					{bone "WingR3"
						{parameters "ID=wingR2;"}
						{Position -7.0607	56.9968	2.6808}
						{VolumeView "WingR3.ply"}
					}
				}
			}
		}
		{bone "Emit1"
			{Matrix34
				-0.0000	-1.0000	0.0000
				1.0000	-0.0000	0.0000
				0.0000	0.0000	1.0000
				-5.0290	38.4305	2.8554
			}
			{visibility 0}
		}
	}
}
{Obstacle "Rectangle04"
	{Obb2
		{Center 30.3165 0.481409}
		{Extent 10.7849 36.7432}
		{Axis -1 0}
	}
	{Rotate}
}
{Obstacle "Rectangle03"
	{Obb2
		{Center -160.822 0.481409}
		{Extent 17.395 65.3096}
		{Axis -1 0}
	}
	{Rotate}
}
{Obstacle "Open"
	{Obb2
		{Center 97.9426 0.481409}
		{Extent 17.395 16.7032}
		{Axis -1 0}
	}
	{Rotate}
}
{Obstacle "Rectangle01"
	{Obb2
		{Center -53.1219 0.481409}
		{Extent 133.808 16.7032}
		{Axis -1 0}
	}
	{Rotate}
}
{Volume "WingR1"
	{Box 57.6872 79.9152 4.93856}
	{Bone "WingR1"}
	{Matrix34
		-1.0000	-0.0000	0.0000
		0.0000	-0.9991	-0.0434
		-0.0000	0.0434	-0.9991
		-0.2941	-8.0414	0.9098
	}
}
{Volume "WingR2"
	{Box 57.6872 79.9152 4.65796}
	{Bone "WingR2"}
	{Matrix34
		-1.0000	-0.0000	-0.0000
		0.0000	-0.9991	-0.0434
		-0.0000	0.0434	-0.9991
		-1.6640	1.0967	1.0626
	}
}
{Volume "WingR3"
	{Box 57.6872 52.7441 4.88244}
	{Bone "WingR3"}
	{Matrix34
		-1.0000	-0.0000	-0.0000
		0.0000	-0.9991	-0.0434
		-0.0000	0.0434	-0.9991
		5.3967	4.6176	0.2004
	}
}
{Volume "Aileron2"
	{Box 14.169 2.28744 91.1666}
	{Bone "Aileron2"}
	{Matrix34
		1.0000	-0.0000	0.0000
		-0.0000	-0.9994	-0.0360
		-0.0000	-0.0360	0.9994
		-7.0102	0.0000	0.0000
	}
}
{Volume "Flap2"
	{Box 11.4146 3.49539 104.976}
	{Bone "Flap2"}
	{Matrix34
		1.0000	-0.0000	-0.0000
		-0.0000	-0.9995	-0.0328
		-0.0000	-0.0328	0.9995
		-5.6750	0.0000	0.0000
	}
}
{Volume "support2"
	{Box 88.4265 2.55197 9.11508}
	{Bone "support2"}
	{Matrix34
		-0.1587	-0.8999	-0.4062
		0.0705	0.4000	-0.9138
		-0.9848	0.1736	0.0000
		8.4345	33.6076	30.4056
	}
}
{Volume "WingL1"
	{Box 52.5988 94.3023 5.55585}
	{Bone "WingL1"}
	{Matrix34
		-1.0000	0.0000	-0.0000
		0.0000	0.9990	0.0445
		0.0000	0.0445	-0.9990
		6.4548	-12.6658	0.9811
	}
}
{Volume "WingL2"
	{Box 52.5988 94.3023 5.05582}
	{Bone "WingL2"}
	{Matrix34
		-1.0000	0.0000	-0.0000
		0.0000	0.9990	0.0445
		0.0000	0.0445	-0.9990
		6.4032	-21.8502	-0.4152
	}
}
{Volume "WingL3"
	{Box 52.5988 63.1825 4.88914}
	{Bone "WingL3"}
	{Matrix34
		-1.0000	0.0000	-0.0000
		0.0000	0.9990	0.0445
		0.0000	0.0445	-0.9990
		6.4032	1.5617	0.4054
	}
}
{Volume "Aileron1"
	{Box 14.169 2.63116 91.1666}
	{Bone "Aileron1"}
	{Matrix34
		1.0000	0.0000	0.0000
		0.0000	0.9991	0.0417
		0.0000	-0.0417	0.9991
		-7.0102	0.0000	-0.0000
	}
}
{Volume "Flap1"
	{Box 11.4146 2.37686 104.976}
	{Bone "Flap1"}
	{Matrix34
		1.0000	0.0000	0.0000
		0.0000	0.9990	0.0446
		0.0000	-0.0446	0.9990
		-5.6750	0.0000	0.0000
	}
}
{Volume "support1"
	{Box 88.4265 2.55197 7.65666}
	{Bone "support1"}
	{Matrix34
		-0.0000	0.9187	0.3951
		0.0000	-0.3951	0.9187
		1.0000	0.0000	-0.0000
		4.7143	36.8858	30.6368
	}
}
{Volume "Body1"
	{Box 57.6872 38.6064 5.612}
	{Bone "Body"}
	{Matrix34
		-1.0000	0.0000	0.0000
		0.0000	0.9991	-0.0434
		-0.0000	-0.0434	-0.9991
		72.2630	-36.3085	-4.1001
	}
}
{Volume "WheelR"
	{Cylinder 7.2441 4.05537}
	{Bone "WheelR"}
	{Matrix34
		-1.0000	-0.0000	0.0000
		0.0000	-1.0000	-0.0000
		-0.0000	-0.0000	-1.0000
		0.0000	-0.0000	2.0277
	}
}
{Volume "WheelL"
	{Cylinder 7.24409 3.84246}
	{Bone "WheelL"}
	{Position 0.0000	-0.0000	1.9212}
}
{Volume "Body"
	{Polyhedron "Body.vol"}
	{Bone "Body"}
	{Position 20.0586	0.4349	-40.7765}
}
{Volume "Part2"
	{Box 19.3344 42.1152 2.5049}
	{Bone "Part2"}
	{Matrix34
		1.0000	-0.0000	0.0000
		-0.0000	-1.0000	-0.0000
		-0.0000	-0.0000	1.0000
		1.2803	1.1553	-0.0000
	}
}
{Volume "Part1"
	{Box 19.1324 36.4341 2.50763}
	{Bone "Part1"}
	{Matrix34
		1.0000	-0.0000	0.0000
		-0.0000	-1.0000	-0.0000
		-0.0000	-0.0000	1.0000
		2.0045	-0.0422	-0.0000
	}
}
{Volume "Body_back"
	{Box 20.732 66.5238 2.88454}
	{Bone "Body_back"}
	{Matrix34
		-1.0000	-0.0000	-0.0000
		-0.0000	-1.0000	-0.0000
		-0.0000	-0.0000	-1.0000
		0.9120	-4.5325	-19.5671
	}
}
{Volume "Rudder"
	{Box 21.7884 3.13353 49.6631}
	{Bone "Rudder"}
	{Matrix34
		-1.0000	0.0000	-0.0000
		0.0000	1.0000	0.0000
		0.0000	0.0000	-1.0000
		-11.3481	0.0000	-1.4432
	}
}
{Volume "Elevator2"
	{Box 20.0253 1.96725 55.2949}
	{Bone "Elevator2"}
	{Matrix34
		1.0000	-0.0000	-0.0000
		-0.0000	-1.0000	-0.0000
		-0.0000	-0.0000	1.0000
		-9.9329	0.0000	1.5440
	}
}
{Volume "Elevator1"
	{Box 20.0253 1.96724 52.9948}
	{Bone "Elevator1"}
	{Matrix34
		-1.0000	0.0000	-0.0000
		0.0000	1.0000	0.0000
		0.0000	0.0000	-1.0000
		-9.9329	0.0000	2.5533
	}
}
{Volume "Wheel_back"
	{Cylinder 3.08008 1.65171}
	{Bone "Wheel_back"}
	{Position 0.0131	-0.0065	1.9223}
}
{Volume "Cabine"
	{Polyhedron "Cabine.vol"}
	{Bone "Cabine"}
	{Matrix34
		1.0000	0.0000	0.0000
		0.0000	-0.0000	-1.0000
		0.0000	1.0000	-0.0000
		31.1106	-18.2115	-0.5080
	}
}
