;Exported by: vic
;Date:        Wed Nov 26 17:39:43 2003
;File:        D:\-Projects-\-3DWork-\Constructions\NEW\Ruini\elements town10_xx.max
{Skeleton
	{bone "e-house106_x"
		{Orientation
			1.0000	0.0000	0.0000
			0.0000	-1.0000	0.0000
			0.0000	0.0000	1.0000
		}
		{bone "sub_piece2"
			{Matrix34
				-0.0000	-1.0000	0.0000
				1.0000	-0.0000	0.0000
				0.0000	0.0000	1.0000
				-0.1401	42.5851	7.5218
			}
			{VolumeView "sub_piece2.ply"}
		}
		{bone "piece2"
			{Matrix34
				-0.0000	-1.0000	0.0000
				1.0000	-0.0000	0.0000
				0.0000	0.0000	1.0000
				0.0065	15.2258	12.4609
			}
			{VolumeView "piece2.ply"}
		}
		{bone "piece0"
			{Matrix34
				0.0000	1.0000	-0.0000
				1.0000	-0.0000	0.0000
				-0.0000	-0.0000	-1.0000
				0.0373	-15.4460	17.1823
			}
			{VolumeView "piece0.ply"}
		}
		{bone "sub_piece0"
			{Matrix34
				0.0000	0.6428	-0.7660
				1.0000	-0.0000	0.0000
				-0.0000	-0.7660	-0.6428
				-0.1401	-22.9229	42.7929
			}
			{VolumeView "sub_piece0.ply"}
		}
		{bone "piece1"
			{Matrix34
				-0.0000	-1.0000	0.0000
				1.0000	-0.0000	0.0000
				0.0000	0.0000	1.0000
				0.0372	-43.4885	45.6772
			}
			{VolumeView "piece1.ply"}
		}
		{bone "sub_piece1"
			{Matrix34
				-0.0000	-0.1736	0.9848
				1.0000	-0.0000	0.0000
				0.0000	0.9848	0.1736
				-0.0725	-42.9268	15.6684
			}
			{VolumeView "sub_piece1.ply"}
		}
	}
}
{Volume "sub_piece1"
	{Box 12.5539 7.87402 13.374}
	{Bone "sub_piece1"}
	{Matrix34
		0.9848	0.0000	0.1736
		0.0000	1.0000	-0.0000
		-0.1736	-0.0000	0.9848
		-0.2889	-0.0279	-0.8066
	}
}
{Volume "piece1"
	{Box 16.368 9.84252 19.685}
	{Bone "piece1"}
	{Position 0.7383	-0.4199	1.7054}
}
{Volume "sub_piece0"
	{Box 7.87402 7.87402 9.84252}
	{Bone "sub_piece0"}
	{Position -1.1004	-0.0279	0.0282}
}
{Volume "piece0"
	{Box 16.368 9.84252 19.685}
	{Bone "piece0"}
	{Position 0.7383	-0.4199	1.7054}
}
{Volume "piece2"
	{Box 14.0904 7.87402 18.1482}
	{Bone "piece2"}
	{Position 1.0789	-0.0073	0.0399}
}
{Volume "sub_piece2"
	{Box 7.87402 7.87402 9.84252}
	{Bone "sub_piece2"}
	{Position -1.1004	-0.0279	0.0282}
}
