;Exported by: ubrashaev
;Date:        Mon Apr 19 10:35:50 2004
;File:        D:\-Projects-\-work-\3d\construction\city\mill_granary_x.max
{Skeleton
	{animation
		{sequence "crush" {speed 0.4}}
	}
	{bone "mill_granary4_x"
		{parameters "CommonMesh;"}
		{Orientation
			1.0000	0.0000	0.0000
			0.0000	-1.0000	0.0000
			0.0000	0.0000	1.0000
		}
		{VolumeView "mill_granary4_x.ply"}
		{bone "Piece0"
			{Matrix34
				-0.0000	-1.0000	-0.0000
				0.0000	-0.0000	1.0000
				-1.0000	0.0000	0.0000
				33.2573	33.0198	70.8478
			}
			{VolumeView "Piece0.ply"}
		}
		{bone "Piece10"
			{Matrix34
				0.9962	0.0000	0.0872
				-0.0872	0.0000	0.9962
				0.0000	-1.0000	0.0000
				32.1954	51.7413	51.9077
			}
			{VolumeView "Piece10.ply"}
		}
		{bone "Piece11"
			{Matrix34
				-1.0000	-0.0000	-0.0000
				-0.0000	-0.0000	1.0000
				-0.0000	1.0000	0.0000
				27.5009	51.7413	71.5824
			}
			{VolumeView "Piece11.ply"}
		}
		{bone "Piece12"
			{Matrix34
				-1.0000	0.0000	-0.0000
				-0.0000	0.0000	1.0000
				0.0000	1.0000	-0.0000
				-12.9728	51.7413	72.0306
			}
			{VolumeView "Piece12.ply"}
		}
		{bone "Piece1"
			{Matrix34
				0.0714	0.8160	-0.5736
				0.0500	0.5714	0.8192
				0.9962	-0.0872	0.0000
				33.2573	7.4346	39.5492
			}
			{VolumeView "Piece1.ply"}
		}
		{bone "Piece2"
			{Matrix34
				-0.4226	-0.0000	-0.9063
				0.9063	-0.0000	-0.4226
				-0.0000	-1.0000	0.0000
				33.2573	50.9575	68.3658
			}
			{VolumeView "Piece2.ply"}
		}
		{bone "Piece3"
			{Matrix34
				-0.0842	0.9623	-0.2588
				-0.0226	0.2578	0.9659
				0.9962	0.0872	0.0000
				33.2573	-3.1178	54.3492
			}
			{VolumeView "Piece3.ply"}
		}
		{bone "Piece4"
			{Matrix34
				0.0000	-1.0000	-0.0000
				-0.0000	-0.0000	1.0000
				-1.0000	-0.0000	-0.0000
				33.2573	12.2049	71.6357
			}
			{VolumeView "Piece4.ply"}
		}
		{bone "Piece5"
			{Matrix34
				0.0000	0.7071	0.7071
				-0.0000	-0.7071	0.7071
				1.0000	-0.0000	0.0000
				33.2573	-8.3948	68.9752
			}
			{VolumeView "Piece5.ply"}
		}
		{bone "Piece6"
			{Matrix34
				-0.9848	0.0000	-0.1736
				0.1736	-0.0000	-0.9848
				-0.0000	-1.0000	0.0000
				15.9416	51.5729	35.3692
			}
			{VolumeView "Piece6.ply"}
		}
		{bone "Piece7"
			{Matrix34
				0.1736	-0.9848	0.0000
				0.0000	0.0000	-1.0000
				0.9848	0.1736	0.0000
				33.2553	37.5605	37.0524
			}
			{VolumeView "Piece7.ply"}
		}
		{bone "Piece8"
			{Matrix34
				-0.5736	-0.0000	0.8192
				0.8192	0.0000	0.5736
				-0.0000	1.0000	-0.0000
				-19.9621	51.7413	58.6693
			}
			{VolumeView "Piece8.ply"}
		}
		{bone "Piece9"
			{Matrix34
				-0.9397	-0.0000	0.3420
				0.3420	0.0000	0.9397
				-0.0000	1.0000	-0.0000
				-0.3951	51.7413	48.1571
			}
			{VolumeView "Piece9.ply"}
		}
	}
}
{Volume "Piece9"
	{Box 7.87402 12.0816 13.5002}
	{Bone "Piece9"}
	{Matrix34
		0.0000	0.0000	-1.0000
		-1.0000	-0.0000	-0.0000
		-0.0000	1.0000	0.0000
		0.8489	0.0598	0.0081
	}
}
{Volume "Piece8"
	{Box 7.87402 11.1235 14.5802}
	{Bone "Piece8"}
	{Matrix34
		0.0000	0.0000	-1.0000
		-1.0000	-0.0000	-0.0000
		-0.0000	1.0000	0.0000
		0.5283	-1.4974	0.0080
	}
}
{Volume "Piece7"
	{Box 7.87402 17.5124 15.2538}
	{Bone "Piece7"}
	{Matrix34
		0.0000	0.0000	-1.0000
		-0.9397	-0.3420	-0.0000
		-0.3420	0.9397	0.0000
		-1.8251	0.2290	-0.0111
	}
}
{Volume "Piece6"
	{Box 7.87402 20.4072 18.2279}
	{Bone "Piece6"}
	{Matrix34
		0.0000	0.0000	-1.0000
		-0.9848	0.1736	-0.0000
		0.1736	0.9848	0.0000
		-1.2522	-2.9578	0.0080
	}
}
{Volume "Piece5"
	{Box 7.87402 11.1235 14.5802}
	{Bone "Piece5"}
	{Matrix34
		0.0000	0.0000	-1.0000
		-1.0000	-0.0000	-0.0000
		-0.0000	1.0000	0.0000
		0.5283	-1.4974	0.0081
	}
}
{Volume "Piece4"
	{Box 7.87402 17.8807 11.6102}
	{Bone "Piece4"}
	{Matrix34
		0.0000	0.0000	-1.0000
		-1.0000	-0.0000	-0.0000
		-0.0000	1.0000	0.0000
		-1.3142	-0.9309	0.0081
	}
}
{Volume "Piece3"
	{Box 7.87402 12.0816 13.5002}
	{Bone "Piece3"}
	{Matrix34
		0.0000	0.0000	-1.0000
		-1.0000	-0.0000	-0.0000
		-0.0000	1.0000	0.0000
		0.8489	0.0599	0.0080
	}
}
{Volume "Piece2"
	{Box 7.87402 11.1235 11.81}
	{Bone "Piece2"}
	{Matrix34
		0.0000	0.0000	-1.0000
		-0.6428	0.7660	0.0000
		0.7660	0.6428	0.0000
		1.8512	-0.1259	0.0080
	}
}
{Volume "Piece1"
	{Box 7.87402 11.1235 14.5802}
	{Bone "Piece1"}
	{Matrix34
		0.0000	0.0000	-1.0000
		-1.0000	-0.0000	-0.0000
		-0.0000	1.0000	0.0000
		0.5283	-1.4974	0.0080
	}
}
{Volume "Piece12"
	{Box 7.87402 17.8807 11.6102}
	{Bone "Piece12"}
	{Matrix34
		0.0000	0.0000	-1.0000
		-1.0000	-0.0000	-0.0000
		-0.0000	1.0000	0.0000
		-1.3142	-0.9309	0.0080
	}
}
{Volume "Piece11"
	{Box 7.87402 12.0816 13.5002}
	{Bone "Piece11"}
	{Matrix34
		0.0000	0.0000	-1.0000
		-1.0000	-0.0000	-0.0000
		-0.0000	1.0000	0.0000
		0.8489	0.0599	0.0081
	}
}
{Volume "Piece10"
	{Box 7.87402 11.1235 14.5802}
	{Bone "Piece10"}
	{Matrix34
		0.0000	0.0000	-1.0000
		-1.0000	-0.0000	-0.0000
		-0.0000	1.0000	0.0000
		0.5283	-1.4974	0.0080
	}
}
{Volume "Piece0"
	{Box 7.87402 12.0816 13.5002}
	{Bone "Piece0"}
	{Matrix34
		0.0000	0.0000	-1.0000
		-1.0000	-0.0000	-0.0000
		-0.0000	1.0000	0.0000
		0.8489	0.0599	0.0081
	}
}
