;Exported by: vic
;Date:        Wed Nov 26 10:27:21 2003
;File:        D:\-Projects-\-3DWork-\Constructions\NEW\Ruini\wall4b_xx.max
{Skeleton
	{bone "house_euro2_wall1_x"
		{Orientation
			1.0000	0.0000	0.0000
			0.0000	-1.0000	0.0000
			0.0000	0.0000	1.0000
		}
		{bone "piece0"
			{Position -32.2018	0.0000	72.9045}
			{VolumeView "piece0.ply"}
			{bone "sub_piece0"
				{Position -7.0020	0.0000	37.4227}
				{VolumeView "sub_piece0.ply"}
			}
		}
		{bone "piece1"
			{Position -4.9550	0.0000	39.3943}
			{VolumeView "piece1.ply"}
		}
		{bone "piece2"
			{Position 34.2811	-0.0000	32.3937}
			{VolumeView "piece2.ply"}
		}
		{bone "piece3"
			{Matrix34
				0.0000	-0.0000	-1.0000
				-0.0000	-1.0000	-0.0000
				-1.0000	0.0000	-0.0000
				12.4493	0.5786	12.5769
			}
			{VolumeView "piece3.ply"}
		}
		{bone "sub_piece2"
			{Matrix34
				-0.1736	0.0000	0.9848
				-0.0000	-1.0000	0.0000
				0.9848	-0.0000	0.1736
				33.8627	0.4688	9.5561
			}
			{VolumeView "sub_piece2.ply"}
		}
		{bone "sub_piece1"
			{Matrix34
				0.6428	-0.0000	-0.7660
				-0.0000	-1.0000	-0.0000
				-0.7660	0.0000	-0.6428
				-12.9569	0.4012	16.8432
			}
			{VolumeView "sub_piece1.ply"}
		}
		{bone "piece4"
			{Matrix34
				-0.1736	0.0000	0.9848
				-0.0000	-1.0000	0.0000
				0.9848	-0.0000	0.1736
				-26.1861	0.4688	6.9491
			}
			{VolumeView "piece4.ply"}
		}
		{bone "sub_piece3"
			{Matrix34
				0.2588	-0.0000	0.9659
				-0.0000	-1.0000	0.0000
				0.9659	-0.0000	-0.2588
				-38.2953	0.4012	22.0086
			}
			{VolumeView "sub_piece3.ply"}
		}
	}
}
{Volume "sub_piece3"
	{Box 7.87402 7.87402 9.84252}
	{Bone "sub_piece3"}
	{Position -1.1004	-0.0279	0.0283}
}
{Volume "piece4"
	{Box 10.7971 7.87402 13.374}
	{Bone "piece4"}
	{Matrix34
		0.9848	-0.0000	0.1736
		0.0000	1.0000	-0.0000
		-0.1736	-0.0000	0.9848
		-1.0750	-0.0279	-0.9452
	}
}
{Volume "sub_piece1"
	{Box 7.87402 7.87402 9.84252}
	{Bone "sub_piece1"}
	{Position -1.1004	-0.0279	0.0282}
}
{Volume "sub_piece2"
	{Box 12.5539 7.87402 13.374}
	{Bone "sub_piece2"}
	{Matrix34
		0.9848	-0.0000	0.1736
		0.0000	1.0000	-0.0000
		-0.1736	-0.0000	0.9848
		-0.2889	-0.0279	-0.8066
	}
}
{Volume "piece3"
	{Box 16.368 9.84252 19.685}
	{Bone "piece3"}
	{Position 0.7383	-0.4199	1.7054}
}
{Volume "piece2"
	{Box 19.685 9.84252 15.1994}
	{Bone "piece2"}
	{Position -0.0166	0.1211	0.0191}
}
{Volume "piece1"
	{Box 19.685 9.84252 21.6756}
	{Bone "piece1"}
	{Position -0.0384	-0.0586	-2.8944}
}
{Volume "piece0"
	{Box 20.9522 9.72456 31.7205}
	{Bone "piece0"}
	{Position -1.2210	-0.0810	0.5856}
}
{Volume "sub_piece0"
	{Box 9.84252 9.84252 34.2317}
	{Bone "sub_piece0"}
	{Position 0.0702	-0.0810	-3.1049}
}
