; made by Dinsen & Albus Jan 2009
{Skeleton
	{bone "Basis"
		{parameters "WheelRadius=0.47;SteerMax=45;"}
		{Orientation
			1.0000	0.0000	0.0000
			0.0000	-1.0000	0.0000
			0.0000	0.0000	1.0000
		}
		{bone "Body"
			{parameters "ID=body;"}
			{Position 0.3799	0.0000	11.0155}
			{VolumeView "Body.ply"}
			{bone revolute "Turret"
				{parameters "CommonMesh;ID=turret;"}
				{speed 0.0100}
				{Position 5.6814	0.8000	20.4165}
				{VolumeView "Turret.ply"}
				{bone "cower"
					{Matrix34
						0.9864	0.1640	0.0045
						-0.1640	0.9865	0.0000
						-0.0044	-0.0007	1.0000
						0.2787	8.5088	6.7323
					}
				}
				{bone revolute "gun_rot"
					{parameters "ID=turret;"}
					{limits -15.0000 15.0000}
					{speed 0.0100}
					{Matrix34
						1.0000	0.0000	-0.0010
						0.0010	0.0000	1.0000
						0.0000	-1.0000	0.0000
						8.6646	-0.1101	3.5232
					}
					{VolumeView "gun_rot.ply"}
					{bone "gun"
						{parameters "ID=gun;"}
						{Matrix34
							0.0000	0.0000	-1.0000
							-0.0010	1.0000	0.0000
							1.0000	0.0010	0.0000
							6.5265	0.8706	-0.2500
						}
						{VolumeView "gun.ply"}
						{bone "Foresight1"
							{Matrix34
								0.0000	0.0000	1.0000
								1.0000	0.0000	0.0000
								0.0000	1.0000	0.0000
								0.0162	0.1628	24.9487
							}
						}
					}
					{bone "Foresight3"
						{Matrix34
							1.0000	0.0010	0.0000
							0.0000	0.0000	-1.0000
							-0.0010	1.0000	0.0000
							11.6773	0.0637	-6.0878
						}
					}
				}
				{bone "Visor1"
					{Position 3.5385	-6.6691	12.0475}
				}
				{bone "FXfire2"
					{Matrix34
						0.0000	0.0000	1.0000
						0.0000	1.0000	0.0000
						-1.0000	0.0000	0.0000
						0.1461	-0.1101	2.5099
					}
				}
			}
			{bone "Visor2"
				{Position 29.1365	1.5888	17.6889}
			}
			{bone "FXsmoke1"
				{Matrix34
					-0.6590	-0.7520	0.0080
					0.0861	-0.0861	-0.9925
					0.7471	-0.6534	0.1215
					-18.2485	-20.7565	0.2431
				}
			}
			{bone "engine"
				{Position -22.1941	0.0510	7.7141}
			}
			{bone "FXshot"
				{Position -0.3799	-0.0000	4.1814}
			}
			{bone "FXfire1"
				{Position -20.2288	0.0000	11.7610}
			}
		}
		{bone "pivot_front"
			{Position 27.0079	-0.0000	9.5669}
			{bone revolute "steer_R1"
				{Matrix34
					1.0000	0.0000	0.0000
					0.0000	-1.0000	0.0000
					0.0000	0.0000	-1.0000
					0.0000	-15.6299	0.0000
				}
				{bone revolute "WheelR1"
					{parameters "ID=wheelright1;"}
					{Matrix34
						1.0000	0.0000	0.0000
						0.0000	0.0000	1.0000
						0.0000	-1.0000	0.0000
						3.6000	0.2416	-0.5000
					}
					{VolumeView "WheelR1.ply"}
				}
				{bone "FXtraceR1"
					{Matrix34
						-0.9848	0.0000	-0.1736
						0.0000	1.0000	0.0000
						0.1736	0.0000	-0.9848
						-7.1487	0.5044	8.8523
					}
				}
			}
			{bone revolute "steer_L1"
				{Matrix34
					1.0000	0.0000	0.0000
					0.0000	-1.0000	0.0000
					0.0000	0.0000	-1.0000
					0.0000	15.6299	0.0000
				}
				{bone revolute "WheelL1"
					{parameters "ID=wheelleft1;"}
					{Matrix34
						1.0000	0.0000	0.0000
						0.0000	0.0000	1.0000
						0.0000	-1.0000	0.0000
						3.6000	-2.0408	-0.5000
					}
					{VolumeView "WheelL1.ply"}
				}
				{bone "FXtraceL1"
					{Matrix34
						-0.9848	0.0000	-0.1736
						0.0000	1.0000	0.0000
						0.1736	-0.0000	-0.9848
						-7.1487	-2.5202	8.8523
					}
				}
			}
		}
		{bone "pivot_back"
			{Position -23.0512	0.0000	9.5669}
			{bone revolute "WheelL2"
				{parameters "ID=wheelleft2;"}
				{Matrix34
					1.0000	0.0000	0.0000
					0.0000	0.0000	-1.0000
					0.0000	1.0000	0.0000
					-5.6000	17.14515	0.5000
				}
				{VolumeView "WheelL2.ply"}
			}
			{bone revolute "WheelR2"
				{parameters "ID=wheelright2;"}
				{Matrix34
					1.0000	0.0000	0.0000
					0.0000	0.0000	-1.0000
					0.0000	1.0000	0.0000
					-5.6000	-15.8515	0.5000
				}
				{VolumeView "WheelR2.ply"}
			}
			{bone "FXtraceL2"
				{Matrix34
					-0.9848	0.0000	0.1736
					0.0000	1.0000	0.0000
					-0.1736	0.0000	-0.9848
					-10.7179	18.1501	-9.5523
				}
			}
			{bone "FXtraceR2"
				{Matrix34
					-0.9848	0.0000	0.1736
					0.0000	1.0000	0.0000
					-0.1736	0.0000	-0.9848
					-10.7179	-18.1343	-9.5523
				}
			}
		}
		{bone "emit2"
			{parameters "Group=crew;"}
			{Matrix34
				0.0000	1.0000	0.0000
				-1.0000	0.0000	0.0000
				0.0000	0.0000	1.0000
				-21.3400	-36.1147	0.0000
			}
			{visibility 0}
		}
		{bone "emit1"
			{parameters "Group=crew;"}
			{Matrix34
				0.0000	-1.0000	0.0000
				1.0000	0.0000	0.0000
				0.0000	0.0000	1.0000
				27.0554	36.4579	0.0000
			}
			{visibility 0}
		}
		{bone "emit3"
			{parameters "Group=crew;"}
			{Matrix34
				0.0000	1.0000	0.0000
				-1.0000	0.0000	0.0000
				0.0000	0.0000	1.0000
				26.4855	-36.1147	0.0000
			}
			{visibility 0}
		}
		{bone "emit4"
			{parameters "Group=crew;"}
			{Matrix34
				0.0000	-1.0000	0.0000
				1.0000	0.0000	0.0000
				0.0000	0.0000	1.0000
				-21.3400	36.4579	0.0000
			}
			{visibility 0}
		}
	}
}
{Volume "wheelright2"
	{Cylinder 10.5561 5.42746}
	{Bone "WheelR2"}
	{Matrix34
		-1.0000	0.0000	0.0000
		0.0000	-1.0000	0.0000
		0.0000	0.0000	1.0000
		0.0148	0.0000	0.0349
	}
}
{Volume "wheelleft2"
	{Cylinder 10.5561 5.42746}
	{Bone "WheelL2"}
	{Matrix34
		-1.0000	0.0000	0.0000
		0.0000	-1.0000	0.0000
		0.0000	0.0000	1.0000
		0.0376	0.0000	-0.0079
	}
}
{Volume "wheelleft1"
	{Cylinder 10.5561 5.42746}
	{Bone "WheelL1"}
	{Matrix34
		-1.0000	0.0000	0.0000
		0.0000	-1.0000	0.0000
		0.0000	0.0000	1.0000
		0.0000	0.0000	-0.0012
	}
}
{Volume "wheelright1"
	{Cylinder 10.5561 5.42746}
	{Bone "WheelR1"}
	{Matrix34
		-1.0000	0.0000	0.0000
		0.0000	-1.0000	0.0000
		0.0000	0.0000	1.0000
		0.0000	0.0000	0.0349
	}
}
{Volume "Crew"
	{Box 11.7772 12.4655 20.426}
	{Bone "Body"}
	{Position 13.2167	-0.0249	8.6769}
}
{Volume "Body1"
	{Box 92.9895 27.6328 19.637}
	{Bone "Body"}
	{Position -0.0799	0.8000	4.8458}
}
{Volume "Body2"
	{Box 40.9895 27.6328 5.837}
	{Bone "Body"}
	{Position 6.9201	0.8000	17.7458}
}
{Volume "engine"
	{Box 16.9824 12.4592 14.5535}
	{Bone "engine"}
	{Position 0.2143	-0.0758	-1.8835}
}
{Volume "inventory"
	{Box 7.50141 12.4655 12.7662}
	{Bone "Body"}
	{Position -6.4453	-0.0249	4.8470}
}
{Volume "Turret"
	{Polyhedron "Turret.vol"}
	{Bone "Turret"}
	{Matrix34
		-1.0000	0.0000	0.0000
		0.0000	-1.0000	0.0000
		0.0000	0.0000	1.0000
		0.0000	0.0000	0.0000
	}
}
{Volume "Gun"
	{Box 1.74913 1.61957 24.0493}
	{Bone "gun"}
	{Matrix34
		-1.0000	0.0000	0.0000
		0.0000	1.0000	0.0000
		0.0000	0.0000	-1.0000
		0.0000	0.0000	9.0066
	}
}
