;Exported by: garry
;Date:        Mon Apr 19 10:51:15 2004
;File:        D:\-Projects-\-3DWork-\reload\D1\-3Dwork-\Soldiers\heroes\Face\heroes\su\tank_officer01.max
{Skeleton
	{animation
		{sequence "animation1" {speed 0.6} {autostart}}
	}
	{bone revolute "Basis"
		{Orientation
			1.0000	0.0000	0.0000
			0.0000	-1.0000	0.0000
			0.0000	0.0000	1.0000
		}
		{bone "Body"
			{Matrix34
				0.0000	-0.0000	1.0000
				0.0000	-1.0000	-0.0000
				1.0000	0.0000	0.0000
				-0.0000	0.0345	19.7548
			}
			{bone "foot1L"
				{Matrix34
					-0.9873	-0.0265	0.1564
					0.1564	0.0053	0.9877
					0.0270	-0.9996	0.0011
					-0.1435	-2.1310	-0.4890
				}
				{bone "foot2L"
					{Matrix34
						0.9155	-0.4024	0.0001
						0.4024	0.9155	0.0000
						-0.0001	0.0000	1.0000
						9.3784	-0.0472	0.0000
					}
					{bone "Bone06"
						{Matrix34
							0.2214	0.9740	0.0488
							-0.9723	0.2166	0.0881
							0.0752	-0.0670	0.9949
							8.7402	0.1133	0.0057
						}
					}
					{bone "foot3L"
						{Matrix34
							0.0668	0.9902	0.1226
							0.0179	-0.1240	0.9921
							0.9976	-0.0641	-0.0260
							9.2003	-0.3463	-0.0730
						}
						{bone "Bone07"
							{Position 2.6002	0.0000	0.0000}
						}
					}
				}
			}
			{bone "foot1R"
				{Matrix34
					-0.9875	0.0153	0.1568
					0.1568	-0.0031	0.9876
					0.0156	0.9999	0.0006
					-0.1435	2.1710	-0.4888
				}
				{bone "foot2R"
					{Matrix34
						0.9146	-0.4044	0.0001
						0.4044	0.9146	0.0000
						-0.0001	0.0000	1.0000
						9.3783	-0.0472	0.0000
					}
					{bone "Bone03"
						{Matrix34
							0.2214	0.9740	0.0488
							-0.9723	0.2166	0.0881
							0.0752	-0.0670	0.9949
							8.7402	0.1133	0.0057
						}
					}
					{bone "foot3R"
						{Matrix34
							0.0607	0.9878	0.1433
							-0.0065	0.1440	-0.9896
							-0.9981	0.0591	0.0151
							9.2003	-0.3463	-0.0730
						}
						{bone "Bone05"
							{Position 2.6001	-0.0000	-0.0000}
						}
					}
				}
			}
			{bone revolute "IK_LeftRight"
				{limits -60.0000 60.0000}
				{speed 0.1000}
				{Matrix34
					-0.0000	-0.0000	1.0000
					-0.0000	-1.0000	-0.0000
					1.0000	-0.0000	-0.0000
					1.9037	0.0345	-0.0000
				}
				{bone revolute "IK_UpDown"
					{limits -40.0000 20.0000}
					{speed 0.1000}
					{Matrix34
						1.0000	-0.0000	0.0000
						-0.0000	0.0000	1.0000
						-0.0000	-1.0000	0.0000
						0.0000	-0.0000	1.6680
					}
					{bone "Head"
						{Matrix34
							1.0000	-0.0000	-0.0000
							-0.0000	-0.0000	-1.0000
							0.0000	1.0000	-0.0000
							-0.0000	7.2146	0.0000
						}
						{bone "oficer-cap"
							{Matrix34
								0.9397	-0.0149	-0.3416
								0.0334	-0.9902	0.1352
								0.3403	0.1385	0.9301
								0.4465	0.1798	4.5050
							}
							{VolumeView "oficer-cap.ply"}
						}
					}
					{bone "Hand1R"
						{Matrix34
							-0.1048	-0.9706	0.2167
							0.9640	-0.1527	-0.2176
							0.2442	0.1861	0.9517
							-0.0888	5.8989	4.1259
						}
						{bone "Hand2R"
							{Matrix34
								0.9777	0.2099	0.0000
								-0.2099	0.9777	0.0000
								0.0000	0.0000	1.0000
								6.2681	-0.0000	0.0000
							}
							{bone "Hand3R"
								{Matrix34
									0.8997	0.4317	-0.0637
									-0.0459	0.2388	0.9700
									0.4340	-0.8698	0.2347
									5.1922	0.0000	-0.0000
								}
								{bone "map"
									{Matrix34
										0.1994	0.6205	0.7584
										0.9225	-0.3799	0.0682
										0.3304	0.6861	-0.6482
										2.6741	1.1541	-2.1293
									}
									{VolumeView "map.ply"}
								}
							}
						}
					}
					{bone "Hand1L"
						{Matrix34
							-0.1390	-0.9779	-0.1563
							0.9348	-0.1816	0.3054
							-0.3270	-0.1037	0.9393
							-0.0888	5.8989	-4.1339
						}
						{bone "Hand2L"
							{Matrix34
								1.0000	-0.0021	-0.0000
								0.0021	1.0000	-0.0000
								-0.0000	-0.0000	1.0000
								6.2681	-0.0000	0.0000
							}
							{bone "Hand3L"
								{Matrix34
									0.9826	-0.1857	0.0000
									0.1857	0.9826	0.0000
									-0.0000	-0.0000	1.0000
									5.1922	-0.0000	-0.0000
								}
							}
						}
					}
				}
			}
		}
		{bone "Skin"
			{parameters "CommonMesh;NoSkin;"}
			{Matrix34
				0.9063	0.0000	-0.4226
				-0.0000	-1.0000	-0.0000
				0.4226	-0.0000	0.9063
				0.2624	0.0951	26.9396
			}
			{VolumeView "Skin.ply"}
		}
	}
}
