;Exported by: vic
;Date:        Wed Nov 26 18:07:09 2003
;File:        D:\-Projects-\-3DWork-\Constructions\NEW\Ruini\elements town10_xx.max
{Skeleton
	{bone "e-house108_x"
		{Orientation
			1.0000	0.0000	0.0000
			0.0000	-1.0000	0.0000
			0.0000	0.0000	1.0000
		}
		{bone "piece0"
			{Matrix34
				-0.0000	-0.5000	0.8660
				1.0000	-0.0000	0.0000
				-0.0000	0.8660	0.5000
				31.2243	22.1875	23.5812
			}
			{VolumeView "piece0.ply"}
		}
		{bone "piece1"
			{Matrix34
				-0.0000	-1.0000	0.0000
				-0.0000	0.0000	1.0000
				-1.0000	0.0000	-0.0000
				31.5301	-33.4760	49.2125
			}
			{VolumeView "piece1.ply"}
		}
		{bone "piece2"
			{Position 24.0727	50.2646	50.5039}
			{VolumeView "piece2.ply"}
		}
		{bone "piece3"
			{Position -22.3238	50.2339	13.3307}
			{VolumeView "piece3.ply"}
		}
		{bone "piece4"
			{Matrix34
				-0.0000	-1.0000	0.0000
				1.0000	-0.0000	0.0000
				0.0000	0.0000	1.0000
				31.2243	-20.9736	28.7364
			}
			{VolumeView "piece4.ply"}
		}
		{bone "piece5"
			{Matrix34
				-0.0000	-1.0000	0.0000
				1.0000	-0.0000	0.0000
				0.0000	0.0000	1.0000
				31.3557	25.5533	58.6104
			}
			{VolumeView "piece5.ply"}
		}
		{bone "piece6"
			{Matrix34
				-0.0000	-1.0000	0.0000
				-0.0000	0.0000	1.0000
				-1.0000	0.0000	-0.0000
				31.5301	7.8625	88.5826
			}
			{VolumeView "piece6.ply"}
		}
		{bone "sub_piece0"
			{Matrix34
				-0.0000	-1.0000	0.0000
				1.0000	-0.0000	0.0000
				0.0000	0.0000	1.0000
				31.5967	-43.2520	13.1504
			}
			{VolumeView "sub_piece0.ply"}
		}
		{bone "sub_piece1"
			{Matrix34
				-1.0000	0.0000	-0.0000
				0.0000	1.0000	0.0000
				0.0000	0.0000	-1.0000
				-16.8205	50.2646	45.2028
			}
			{VolumeView "sub_piece1.ply"}
		}
		{bone "sub_piece2"
			{Matrix34
				-0.0000	-1.0000	0.0000
				-0.0000	0.0000	1.0000
				-1.0000	0.0000	-0.0000
				31.5301	39.3586	84.2301
			}
			{VolumeView "sub_piece2.ply"}
		}
		{bone "sub_piece3"
			{Matrix34
				-0.0000	-1.0000	0.0000
				1.0000	-0.0000	0.0000
				0.0000	0.0000	1.0000
				31.2794	-6.1660	60.5372
			}
			{VolumeView "sub_piece3.ply"}
		}
		{bone "sub_piece4"
			{Matrix34
				-0.0000	-1.0000	0.0000
				1.0000	-0.0000	0.0000
				0.0000	0.0000	1.0000
				31.2794	-0.1277	11.4213
			}
			{VolumeView "sub_piece4.ply"}
		}
		{bone "sub_piece5"
			{Position 17.5329	50.0872	11.4213}
			{VolumeView "sub_piece5.ply"}
		}
	}
}
{Volume "sub_piece5"
	{Box 7.87402 7.87402 9.84252}
	{Bone "sub_piece5"}
	{Position -1.1004	-0.0279	0.0282}
}
{Volume "sub_piece4"
	{Box 7.87402 7.87402 9.84252}
	{Bone "sub_piece4"}
	{Position -1.1004	-0.0279	0.0282}
}
{Volume "sub_piece3"
	{Box 7.87402 7.87402 9.84252}
	{Bone "sub_piece3"}
	{Position -1.1004	-0.0279	0.0282}
}
{Volume "sub_piece2"
	{Box 11.0236 7.87402 25.1132}
	{Bone "sub_piece2"}
	{Matrix34
		1.0000	0.0000	-0.0000
		0.0000	-0.0000	-1.0000
		0.0000	1.0000	-0.0000
		0.0651	1.3635	0.2786
	}
}
{Volume "sub_piece1"
	{Box 16.368 9.84252 19.685}
	{Bone "sub_piece1"}
	{Position 0.7383	-0.4199	1.7054}
}
{Volume "sub_piece0"
	{Box 12.1952 7.87402 11.4073}
	{Bone "sub_piece0"}
	{Position 0.6971	-0.0279	0.4489}
}
{Volume "piece6"
	{Box 11.0236 7.87402 31.0039}
	{Bone "piece6"}
	{Matrix34
		1.0000	0.0000	-0.0000
		0.0000	-0.0000	-1.0000
		0.0000	1.0000	-0.0000
		0.1791	-0.0436	0.2786
	}
}
{Volume "piece5"
	{Box 14.0904 7.87402 18.1482}
	{Bone "piece5"}
	{Position 1.0789	-0.0073	0.0399}
}
{Volume "piece4"
	{Box 12.5539 7.87402 13.374}
	{Bone "piece4"}
	{Matrix34
		0.9848	-0.0000	0.1736
		-0.0000	1.0000	-0.0000
		-0.1736	-0.0000	0.9848
		-0.2889	-0.0279	-0.8066
	}
}
{Volume "piece3"
	{Box 14.0904 7.87402 18.1482}
	{Bone "piece3"}
	{Position 1.0789	-0.0073	0.0399}
}
{Volume "piece2"
	{Box 16.368 9.84252 19.685}
	{Bone "piece2"}
	{Position 0.7383	-0.4199	1.7054}
}
{Volume "piece1"
	{Box 12.9269 7.87402 28.1759}
	{Bone "piece1"}
	{Matrix34
		0.9962	0.0872	0.0000
		0.0000	-0.0000	-1.0000
		-0.0872	0.9962	-0.0000
		-7.9786	16.7435	-0.0387
	}
}
{Volume "piece0"
	{Box 12.5539 7.87402 13.374}
	{Bone "piece0"}
	{Matrix34
		0.9848	0.0000	0.1736
		0.0000	1.0000	-0.0000
		-0.1736	-0.0000	0.9848
		-0.2889	-0.0279	-0.8066
	}
}
