;Exported by: dinsen
;Date:        Mon Feb 14 21:29:26 2011
;File:        C:\Archivos de programa\Autodesk\3dsMax8\scenes\pendientes\hecho\m26pershing_xx.max
{Skeleton
	{bone "basis"
		{Orientation
			1.0000	0.0000	0.0000
			0.0000	-1.0000	0.0000
			0.0000	0.0000	1.0000
		}
		{bone "wheelsL"
			{parameters "ID=trackleft;"}
			{Matrix34
				0.9999	0.0000	0.0159
				0.0000	1.0000	0.0000
				-0.0159	0.0000	0.9999
				-9.4833	-0.4402	22.1647
			}
			{VolumeView "wheelsL.ply"}
			{bone revolute "wheelL3"
				{parameters "ID=trackleft;"}
				{Matrix34
					-0.9874	0.1549	0.0317
					0.0317	-0.0025	0.9995
					0.1549	0.9879	-0.0025
					41.7000	27.0372	-14.7247
				}
				{VolumeView "wheelL3.ply"}
			}
			{bone revolute "wheelL4"
				{parameters "ID=trackleft;"}
				{Matrix34
					-0.9995	0.0000	0.0319
					0.0319	0.0000	0.9995
					0.0000	1.0000	0.0000
					25.8341	27.0387	-14.5214
				}
				{VolumeView "wheelL4.ply"}
			}
			{bone revolute "wheelL5"
				{parameters "ID=trackleft;"}
				{Matrix34
					-0.9958	0.0900	0.0166
					0.0316	0.1678	0.9853
					0.0859	0.9817	-0.1700
					10.2322	27.0401	-14.3214
				}
				{VolumeView "wheelL5.ply"}
			}
			{bone revolute "wheelL6"
				{parameters "ID=trackleft;"}
				{Matrix34
					-0.9995	0.0000	0.0319
					0.0319	0.0000	0.9995
					0.0000	1.0000	0.0000
					-6.0109	27.0416	-14.1132
				}
				{VolumeView "wheelL6.ply"}
			}
			{bone revolute "wheelL7"
				{parameters "ID=trackleft;"}
				{Matrix34
					-0.9995	0.0025	0.0317
					0.0317	0.1582	0.9869
					-0.0025	0.9874	-0.1582
					-21.1493	27.0430	-13.9192
				}
				{VolumeView "wheelL7.ply"}
			}
			{bone revolute "wheelL8"
				{parameters "ID=trackleft;"}
				{Matrix34
					-0.9995	0.0000	0.0319
					0.0319	0.0000	0.9995
					0.0000	1.0000	0.0000
					-37.1329	27.0445	-13.6777
				}
				{VolumeView "wheelL8.ply"}
			}
		}
		{bone "wheelsR"
			{parameters "ID=trackright;"}
			{Matrix34
				0.9999	0.0000	0.0159
				0.0000	1.0000	0.0000
				-0.0159	0.0000	0.9999
				-9.4833	-0.4402	22.1647
			}
			{VolumeView "wheelsR.ply"}
			{bone revolute "wheelR3"
				{parameters "ID=trackright;"}
				{Matrix34
					-0.9995	0.0000	0.0319
					0.0319	0.0000	0.9995
					0.0000	1.0000	0.0000
					41.6384	-25.3393	-14.7174
				}
				{VolumeView "wheelR3.ply"}
			}
			{bone revolute "wheelR4"
				{parameters "ID=trackright;"}
				{Matrix34
					-0.9995	0.0000	0.0319
					0.0319	0.0000	0.9995
					0.0000	1.0000	0.0000
					25.8082	-25.3378	-14.5146
				}
				{VolumeView "wheelR4.ply"}
			}
			{bone revolute "wheelR6"
				{parameters "ID=trackright;"}
				{Matrix34
					-0.9946	0.0989	0.0318
					0.0318	-0.0016	0.9995
					0.0989	0.9951	-0.0016
					-5.9778	-25.3349	-14.1072
				}
				{VolumeView "wheelR6.ply"}
			}
			{bone revolute "wheelR7"
				{parameters "ID=trackright;"}
				{Matrix34
					-0.9900	-0.1373	0.0317
					0.0317	0.0022	0.9995
					-0.1373	0.9905	0.0022
					-21.3731	-25.3353	-13.9525
				}
				{VolumeView "wheelR7.ply"}
			}
			{bone revolute "wheelR8"
				{parameters "ID=trackright;"}
				{Matrix34
					-0.9853	0.1679	0.0317
					0.0317	-0.0027	0.9995
					0.1679	0.9858	-0.0027
					-37.1489	-25.3321	-13.6869
				}
				{VolumeView "wheelR8.ply"}
			}
		}
		{bone "body"
			{parameters "ID=body;"}
			{Matrix34
				0.9965	0.0000	0.0838
				0.0000	1.0000	0.0000
				-0.0838	0.0000	0.9965
				-9.4369	-4.7965	21.8881
			}
			{VolumeView "body.ply"}
			{bone "engine"
				{parameters "ID=engine;"}
				{Position -41.1946	4.8902	11.8809}
				{VolumeView "engine.ply"}
			}
			{bone "part3"
				{Position 37.0824	-35.7066	-2.1582}
				{VolumeView "part3.ply"}
			}
			{bone "part2"
				{Position -41.3962	29.1509	9.6374}
				{VolumeView "part2.ply"}
			}
			{bone "part1"
				{Position 1.8500	31.0881	10.2125}
				{VolumeView "part1.ply"}
			}
			{bone "part4"
				{Matrix34
					-0.9950	0.0000	0.0997
					0.0997	0.0000	0.9950
					0.0000	1.0000	0.0000
					52.3146	31.3936	-9.0964
				}
				{VolumeView "part4.ply"}
			}
			{bone revolute "wheelL2"
				{Matrix34
					-0.9950	0.0000	0.0997
					0.0997	0.0000	0.9950
					0.0000	1.0000	0.0000
					-52.7757	29.1155	-3.0677
				}
				{VolumeView "wheelL2.ply"}
			}
			{bone revolute "wheelR2"
				{Matrix34
					-0.9950	0.0000	0.0997
					0.0997	0.0000	0.9950
					0.0000	1.0000	0.0000
					-52.8404	-19.4048	-3.0529
				}
				{VolumeView "wheelR2.ply"}
			}
			{bone revolute "mgun_rot2"
				{limits -10.0000 10.0000}
				{Matrix34
					0.9977	0.0000	-0.0679
					0.0000	1.0000	0.0000
					0.0679	0.0000	0.9977
					56.8841	-10.8109	-0.8063
				}
				{VolumeView "mgun_rot2.ply"}
			}
			{bone revolute "mgun2"
				{parameters "ID=mgun;"}
				{limits -10.0000 10.0000}
				{Matrix34
					0.9965	0.0000	-0.0838
					0.0838	0.0000	0.9965
					0.0000	-1.0000	0.0000
					56.7021	-10.5462	-1.0678
				}
				{VolumeView "mgun2.ply"}
			}
			{bone revolute "turret"
				{parameters "ID=turret;"}
				{speed 0.0100}
				{Matrix34
					0.9898	-0.1159	-0.0833
					0.1155	0.9933	-0.0097
					0.0838	0.0000	0.9965
					14.3922	4.8200	11.1266
				}
				{VolumeView "turret.ply"}
				{bone revolute "gun_rot"
					{parameters "ID=gun;"}
					{limits -10.0000 10.0000}
					{Matrix34
						1.0000	0.0000	0.0000
						0.0000	0.0000	1.0000
						0.0000	-1.0000	0.0000
						18.6274	-0.4830	9.0637
					}
					{VolumeView "gun_rot.ply"}
					{bone "gun"
						{parameters "ID=gun;"}
						{Matrix34
							0.9999	0.0159	0.0000
							0.0000	0.0000	-1.0000
							-0.0159	0.9999	0.0000
							47.4364	-0.1089	-0.2765
						}
						{VolumeView "gun.ply"}
					}
				}
				{bone "cover"
					{Matrix34
						-0.6471	0.0000	-0.7624
						0.0000	1.0000	0.0000
						0.7624	0.0000	-0.6471
						-14.8566	-9.6928	24.3157
					}
					{VolumeView "cover.ply"}
				}
				{bone revolute "mgun_rot3"
					{Position 2.2489	-9.5285	20.3847}
					{VolumeView "mgun_rot3.ply"}
					{bone "part5"
						{Matrix34
							1.0000	0.0000	-0.0004
							0.0004	0.0000	1.0000
							0.0000	-1.0000	0.0000
							-0.2767	-0.1758	4.4828
						}
						{VolumeView "part5.ply"}
					}
				}
				{bone "number"
					{Matrix34
						0.9849	-0.1722	0.0156
						0.1722	0.9850	0.0027
						-0.0159	0.0000	0.9999
						-25.1839	-15.014	12.8893
					}
					{VolumeView "number.ply"}
				}
			}
		}
	}
}
{Volume "turret"
	{Polyhedron "turret.vol"}
	{Bone "turret"}
	{Matrix34
		1.0000	-0.0053	0.0000
		0.0053	1.0000	0.0000
		0.0000	0.0000	1.0000
		-8.8754	-1.1239	11.4926
	}
}
{Volume "body"
	{Polyhedron "body.vol"}
	{Bone "body"}
	{Matrix34
		0.9965	0.0000	-0.0838
		0.0000	1.0000	0.0000
		0.0838	0.0000	0.9965
		-1.4631	4.3746	9.0702
	}
}
{Volume "body1"
	{Polyhedron "body1.vol"}
	{Bone "body"}
	{Matrix34
		0.9965	0.0000	-0.0838
		0.0000	1.0000	0.0000
		0.0838	0.0000	0.9965
		-0.2106	4.6940	-4.2511
	}
}
{Volume "part1"
	{Polyhedron "part1.vol"}
	{Bone "part1"}
	{Position 0.0987	0.0597	-0.2370}
}
{Volume "part2"
	{Polyhedron "part2.vol"}
	{Bone "part2"}
	{Position 0.1221	-0.0661	-1.7249}
}
{Volume "part3"
	{Polyhedron "part3.vol"}
	{Bone "part3"}
	{Position -0.0000	-1.7187	-1.2021}
}
{Volume "part4"
	{Cylinder 6.28475 8.6000}
	{Bone "part4"}
	{Position 0.2400	-0.1200	2.4800}
}
{Volume "part5"
	{Box 27.594 3.5494 10.6578}
	{Bone "part5"}
	{Position 7.4100	1.3300	-3.0200}
}
