;Exported by: ubrashaev
;Date:        Wed Sep 22 10:00:22 2004
;File:        D:\-Projects-\-work-\3d\construction\fence_stone_x.max
{Skeleton
	{bone "fence_stone_destr_x"
		{Orientation
			1.0000	0.0000	0.0000
			0.0000	-1.0000	0.0000
			0.0000	0.0000	1.0000
		}
		{bone "piece1"
			{Position -37.4463	-3.5386	46.5681}
			{VolumeView "piece1.ply"}
		}
		{bone "piece2"
			{Position -14.8267	-3.5386	17.6610}
			{VolumeView "piece2.ply"}
		}
		{bone "piece3"
			{Position 17.0190	-3.5386	11.9446}
			{VolumeView "piece3.ply"}
		}
		{bone "piece4"
			{Position 47.5508	-3.5386	13.5422}
			{VolumeView "piece4.ply"}
		}
		{bone "piece5"
			{Position -59.0400	-5.9032	56.6076}
			{VolumeView "piece5.ply"}
		}
	}
}
{Volume "piece5"
	{Box 11.9667 11.75 20}
	{Bone "piece5"}
	{Position 0.0000	5.8773	2.6209}
}
{Volume "piece4"
	{Box 17.0238 6.75 23.3676}
	{Bone "piece4"}
	{Matrix34
		0.7660	0.0000	0.6428
		0.0000	1.0000	0.0000
		-0.6428	0.0000	0.7660
		-0.6574	3.3750	-1.8821
	}
}
{Volume "piece3"
	{Box 17.9507 6.75003 14.5838}
	{Bone "piece3"}
	{Matrix34
		0.9848	0.0000	-0.1736
		0.0000	1.0000	0.0000
		0.1736	0.0000	0.9848
		1.7274	3.3750	-0.5142
	}
}
{Volume "piece2"
	{Box 22.205 6.75 24.6105}
	{Bone "piece2"}
	{Matrix34
		0.7660	0.0000	0.6428
		0.0000	1.0000	0.0000
		-0.6428	0.0000	0.7660
		-0.8369	3.3750	0.2281
	}
}
{Volume "piece1"
	{Box 30.4065 6.75003 25.0249}
	{Bone "piece1"}
	{Position -0.5552	3.3750	-0.0000}
}
