; made by Albus & Dinsen Jul 2010
{Skeleton
	{bone revolute "Basis"
		{limits -0.0000 0.0000}
		{speed 0.0100}
		{Orientation
			1.0000	0.0000	0.0000
			0.0000	-1.0000	0.0000
			0.0000	0.0000	1.0000
		}
		{bone "body"
			{parameters "CommonMesh;ID=body;"}
			{Position -21.3858	-0.0899	5.8716}
			{VolumeView "body.ply"}
			{bone revolute "WheelR"
				{parameters "ID=wheelright;"}
				{Matrix34
					1.0000	0.0000	0.0000
					0.0000	0.0000	-1.0000
					0.0000	1.0000	0.0000
					24.6171	-18.6579	4.1566
				}
				{VolumeView "WheelR.ply"}
			}
			{bone revolute "WheelL"
				{parameters "ID=wheelleft;"}
				{Matrix34
					0.9962	0.0000	0.0872
					0.0872	0.0000	-0.9962
					0.0000	1.0000	0.0000
					24.6171	18.6416	4.1566
				}
				{VolumeView "WheelL.ply"}
			}
			{bone revolute "turret"
				{parameters "ID=turret;"}
				{limits -15.0000 15.0000}
				{speed 0.0100}
				{Matrix34
					0.0000	1.0000	0.0000
					-1.0000	0.0000	0.0000
					0.0000	0.0000	1.0000
					24.1597	0.0376	4.8001
				}
				{VolumeView "turret.ply"}
				{bone revolute "gun_rot"
					{parameters "ID=gun;"}
					{limits -10.0000 25.0000}
					{speed 0.0100}
					{Matrix34
						0.0000	-1.0000	0.0000
						0.0000	0.0000	1.0000
						-1.0000	0.0000	0.0000
						0.0000	0.9400	10.7309
					}
					{VolumeView "gun_rot.ply"}
					{bone "gun"
						{parameters "ID=gun;"}
						{Matrix34
							0.0000	0.0000	-1.0000
							-1.0000	0.0000	0.0000
							0.0000	1.0000	0.0000
							-7.6961	2.4146	2.4129
						}
						{VolumeView "gun.ply"}
					}
				}
			}
			{bone "part1"
				{Matrix34
					1.0000	0.0000	0.0000
					0.0000	0.0000	1.0000
					0.0000	-1.0000	0.0000
					0.0000	0.0000	12.0000
				}
				{VolumeView "part1.ply"}
			}
			{bone "part2"
				{Matrix34
					0.9632	-0.2473	0.1045
					0.2486	0.9685	0.0000
					-0.1012	0.0259	0.9945
					-7.3120	18.3770	0.7410
				}
				{VolumeView "part2.ply"}
			}
			{bone "part3"
				{Matrix34
					0.9561	0.2723	0.1079
					-0.2739	0.9617	0.0000
					-0.1038	-0.0295	0.9941
					-10.1547	-21.6872	0.0000
				}
				{VolumeView "part3.ply"}
			}
		}
	}
}
{Volume "turret"
	{Polyhedron "turret.vol"}
	{Bone "turret"}
	{Matrix34
		0.0000	-1.0000	0.0000
		0.8516	0.0000	0.0000
		0.0000	0.0000	1.1214
		0.0000	2.7620	3.7188
	}
}
{Volume "gun"
	{Cylinder 1.48623 37.0236}
	{Bone "gun"}
	{Matrix34
		1.0000	0.0000	0.0000
		0.0000	0.0000	1.0000
		0.0000	-1.0000	0.0000
		2.3492	-20.2015	-1.6432
	}
}
{Volume "body2"
	{Cylinder 1.9917 59.1673}
	{Bone "body"}
	{Matrix34
		-0.2690	0.9591	-0.0887
		-0.1249	0.0566	0.9906
		0.9550	0.2774	0.1045
		-8.4178	-21.5867	-0.2443
	}
}
{Volume "body1"
	{Box 6.0000 30.0000 14.0000}
	{Bone "body"}
	{Matrix34
		0.0000	0.0000	-1.0000
		0.0000	-1.0000	0.0000
		1.0000	0.0000	0.0000
		21.8000	0.2000	5.0000
	}
}
{Volume "wheelleft"
	{Cylinder 9.84871 4.80311}
	{Bone "WheelL"}
	{Matrix34
		0.9962	0.0872	0.0000
		0.0872	-0.9962	0.0000
		0.0000	0.0000	-1.0000
		0.0000	0.0000	-0.0280
	}
}
{Volume "wheelright"
	{Cylinder 9.84871 4.80311}
	{Bone "WheelR"}
	{Matrix34
		1.0000	0.0000	0.0000
		0.0000	-1.0000	0.0000
		0.0000	0.0000	-1.0000
		0.0000	0.0000	0.0461
	}
}
{Volume "part1"
	{Box 19.0000 4.0000 8.0000}
	{Bone "part1"}
	{Matrix34
		1.0000	0.0000	0.0000
		0.0000	-1.0000	0.0000
		0.0000	0.0000	-1.0000
		1.0000	0.5000	0.0000
	}
}
{Volume "part2"
	{Cylinder 1.9923 59.1236}
	{Bone "part2"}
	{Matrix34
		0.0000	0.0000	-1.0000
		0.0000	-1.0000	0.0000
		1.0000	0.0000	0.0000
		-1.4000	-0.2000	0.0000
	}
}
{Volume "part3"
	{Cylinder 1.9917 59.1673}
	{Bone "part3"}
	{Matrix34
		-0.0005	-0.0618	0.9980
		-0.0111	-0.9980	-0.0618
		0.9998	-0.0111	-0.0001
		0.0000	0.0000	0.0000
	}
}
