;MDL File generated by SOEdit
;Model created by: <your name here>
;PLY Geometry by: <insert modeler name>
;VOL Geometry by: <insert modeler name>
{Skeleton
    {Animation
        {sequence "recoil" {speed 0.7}}
    }
    {bone revolute "Basis"
        {limits -0.0000 0.0000}
        {speed 0.0200}
        {Orientation
            1.0000 0.0000 0.0000
            0.0000 -1.0000 0.0000
            0.0000 0.0000 1.0000
        }
        {bone "emit1"
            {Matrix34
                0.9336 -0.3584 0.0000
                0.3584 0.9336 0.0000
                0.0000 0.0000 1.0000
                -59.2379 26.3895 -0.0552
            }
            {visibility 0}
        }
        {bone "emit2"
            {Matrix34
                0.9998 -0.0175 0.0000
                0.0175 0.9998 0.0000
                0.0000 0.0000 1.0000
                -59.6352 -18.5569 0.0954
            }
            {visibility 0}
        }
        {bone "Body"
            {parameters "ID=body;"}
            {Matrix34
                0.9998 -0.0175 0.0000
                0.0175 0.9998 0.0000
                0.0000 0.0000 1.0000
                -59.3499 0.9704 0.6016
            }
            {VolumeView "Body.ply"}
            {bone revolute "WheelL"
                {parameters "ID=wheelleft;"}
                {Matrix34
                    -1.0000 0.0000 0.0000
                    0.0000 0.0000 1.0000
                    0.0000 1.0000 0.0000
                    59.4028 15.0479 9.0833
                }
                {VolumeView "WheelL.ply"}
                {bone "FXtraceL1"
                    {Matrix34
                        -1.0000 0.0000 0.0000
                        0.0000 0.0000 -1.0000
                        0.0000 1.0000 0.0000
                        0.0000 -10.0000 2.0000
                    }
                }
            }
            {bone "link2"
                {Matrix34
                    -1.0000 0.0000 0.0000
                    0.0000 -1.0000 0.0000
                    0.0000 0.0000 1.0000
                    2.9473 -0.0357 10.5906
                }
            }
            {bone revolute "WheelR"
                {parameters "ID=wheelright;"}
                {Matrix34
                    -1.0000 0.0000 0.0000
                    0.0000 0.0000 1.0000
                    0.0000 -1.0000 0.0000
                    59.4029 -16.3292 9.0833
                }
                {VolumeView "WheelR.ply"}
                {bone "FXtraceR1"
                    {Matrix34
                        -1.0000 0.0000 0.0000
                        0.0000 0.0000 -1.0000
                        0.0000 1.0000 0.0000
                        0.0000 -10.0000 2.0000
                    }
                }
            }
            {bone "commander"
                {Matrix34
                    0.9563 0.2924 0.0000
                    -0.2922 0.9557 0.0347
                    0.0101 -0.0332 0.9994
                    13.4831 -17.3655 -0.7242
                }
            }
            {bone "gunner"
                {Matrix34
                    0.9063 -0.4226 0.0000
                    0.4226 0.9063 0.0000
                    0.0000 0.0000 1.0000
                    14.4125 19.0164 -0.8039
                }
            }
            {bone revolute "Turret_rot"
                {limits -27.0000 27.0000}
                {speed 0.0100}
                {Matrix34
                    1.0000 0.0000 0.0000
                    0.0000 1.0000 0.0000
                    0.0000 0.0000 1.0000
                    60.0000 0.0000 13.0000
                }
                {bone "charger"
                    {Matrix34
                        0.9563 0.2924 0.0000
                        -0.2922 0.9557 0.0347
                        0.0101 -0.0332 0.9994
                        -20.6268 -8.1765 -12.2589
                    }
                }
                {bone "driver"
                    {Matrix34
                        0.9063 -0.4226 0.0000
                        0.4226 0.9063 0.0000
                        0.0000 0.0000 1.0000
                        -20.4851 7.7130 -12.8039
                    }
                }
                {bone "Turret"
                    {parameters "ID=turret;"}
                    {Matrix34
                        1.0000 0.0000 0.0000
                        0.0000 0.0000 -1.0000
                        0.0000 1.0000 0.0000
                        0.0000 0.0000 0.0000
                    }
                    {VolumeView "Turret.ply"}
                    {bone "Visor"
                        {Matrix34
                            0.9998 -0.0175 -0.0087
                            0.0087 0.0000 1.0000
                            -0.0175 -0.9998 0.0002
                            -7.0916 -16.5085 7.6327
                        }
                    }
                    {bone revolute "gun_rot"
                        {parameters "ID=gun;"}
                        {limits -10.0000 27.0000}
                        {speed 0.0100}
                        {Matrix34
                            1.0000 0.0000 0.0000
                            0.0000 1.0000 0.0000
                            0.0000 0.0000 1.0000
                            0.0000 0.0000 0.0000
                        }
                        {VolumeView "gun_rot.ply"}
                        {bone "gun"
                            {parameters "ID=gun;"}
                            {Matrix34
                                1.0000 0.0000 0.0000
                                0.0000 0.0000 1.0000
                                0.0000 -1.0000 0.0000
                                22.3589 -6.5605 0.4618
                            }
                            {VolumeView "gun.ply"}
                            {bone "Foresight1"
                                {Matrix34
                                    1.0000 -0.0001 -0.0087
                                    0.0000 1.0000 -0.0096
                                    0.0087 0.0096 0.9999
                                    22.5270 -0.6092 -4.6549
                                }
                            }
                        }
                    }
                }
            }
        }
        {bone "emit3"
            {Matrix34
                0.5180 -0.8554 0.0000
                0.8554 0.5180 0.0000
                0.0000 0.0000 1.0000
                -26.2206 25.7837 0.4000
            }
        }
        {bone "emit4"
            {Matrix34
                0.5240 0.8517 0.0000
                -0.8517 0.5240 0.0000
                0.0000 0.0000 1.0000
                -30.4549 -24.8075 0.0000
            }
        }
    }
}
{Obstacle "Rectangle02"
    {Obb2
        {Center 0.5600 0.7573}
        {Extent 7.2577 22.4004}
        {Axis 1073741824 -1074790719}
    }
    {Rotate}
}
{Volume "gun"
    {Cylinder 1.00525 30.43350}
    {Bone "gun"}
    {Matrix34
        0.0000 0.0000 1.0000
        0.0000 -1.0000 0.0000
        1.0000 0.0000 0.0000
        -15.2724 -1.1156 -4.4708
    }
}
{Volume "turret"
    {Box 1.2998 25.6915 26.5279}
    {Bone "Turret"}
    {Matrix34
        0.9285 -0.3713 0.0000
        0.0000 0.0000 1.0000
        -0.3713 -0.9285 0.0000
        1.8227 -2.3852 0.0316
    }
}
{Volume "wheelright"
    {Cylinder 9.28520 2.72717}
    {Bone "WheelR"}
    {Position -0.2000 -0.3999 2.1364}
}
{Volume "wheelleft"
    {Cylinder 9.28210 2.79142}
    {Bone "WheelL"}
    {Matrix34
        1.0000 0.0000 0.0000
        0.0000 1.0000 0.0000
        0.0000 0.0000 1.0000
        0.0900 -0.4500 1.9132
    }
}
{Volume "body"
    {Box 10.1733 25.5053 15.9750}
    {Bone "Body"}
    {Matrix34
        1.0000 0.0000 0.0000
        0.0000 1.0000 0.0000
        0.0000 0.0000 1.0000
        52.7093 -0.1011 7.1041
    }
}
