;Exported by: shevchenko
;Date:        Fri Apr 16 12:51:11 2004
;File:        D:\-Projects-\-3DWork-\sheva\SK\hangar2_x.max
{Skeleton
	{bone "hang_corner2"
		{Orientation
			1.0000	0.0000	0.0000
			0.0000	-1.0000	0.0000
			0.0000	0.0000	1.0000
		}
		{bone "FX_dust1"
			{Matrix34
				0.0000	0.0000	1.0000
				0.0000	1.0000	0.0000
				-1.0000	0.0000	0.0000
				-7.2123	-24.9936	13.0634
			}
		}
		{bone "FX_stone1"
			{Matrix34
				0.0000	0.0000	1.0000
				0.0000	1.0000	0.0000
				-1.0000	0.0000	0.0000
				44.8286	-23.5138	9.5797
			}
		}
		{bone "piece0"
			{Matrix34
				1.0000	0.0000	0.0000
				0.0000	-0.0000	1.0000
				0.0000	-1.0000	-0.0000
				-29.9409	-53.5706	58.7725
			}
			{VolumeView "piece0.ply"}
		}
		{bone "piece1"
			{Matrix34
				1.0000	0.0000	0.0000
				0.0000	-0.0000	1.0000
				0.0000	-1.0000	-0.0000
				-19.8509	-53.5706	28.2763
			}
			{VolumeView "piece1.ply"}
		}
		{bone "piece2"
			{Matrix34
				1.0000	0.0000	0.0000
				0.0000	-0.0000	1.0000
				0.0000	-1.0000	-0.0000
				14.8587	-53.5706	51.7758
			}
			{VolumeView "piece2.ply"}
			{bone "sub_piece2"
				{Position 4.9692	-26.1852	-0.0000}
				{VolumeView "sub_piece2.ply"}
			}
		}
		{bone "piece3"
			{Position 44.6690	-52.9949	56.8285}
			{VolumeView "piece3.ply"}
			{bone "sub_piece3"
				{Position 0.0000	0.0000	-22.8464}
				{VolumeView "sub_piece3.ply"}
			}
		}
		{bone "piece4"
			{Position 44.6690	-52.9949	13.6479}
			{VolumeView "piece4.ply"}
		}
		{bone "piece5"
			{Matrix34
				1.0000	0.0000	0.0000
				0.0000	-0.0000	1.0000
				0.0000	-1.0000	-0.0000
				44.9120	-9.1956	53.1496
			}
			{VolumeView "piece5.ply"}
			{bone "sub_piece5"
				{Position 0.0000	-15.2331	16.5310}
				{VolumeView "sub_piece5.ply"}
			}
		}
		{bone "piece6"
			{Matrix34
				1.0000	0.0000	0.0000
				0.0000	-0.0000	1.0000
				0.0000	-1.0000	-0.0000
				44.9120	7.4661	21.9797
			}
			{VolumeView "piece6.ply"}
		}
		{bone "piece7"
			{Matrix34
				1.0000	0.0000	0.0000
				0.0000	-0.0000	1.0000
				0.0000	-1.0000	-0.0000
				44.9120	33.5039	45.2756
			}
			{VolumeView "piece7.ply"}
		}
	}
}
{Volume "piece7"
	{Box 5.90552 20.7031 33.5585}
	{Bone "piece7"}
	{Matrix34
		-1.0000	-0.0000	0.0000
		-0.0000	0.0000	1.0000
		-0.0000	1.0000	-0.0000
		0.0758	0.6389	0.1014
	}
}
{Volume "piece6"
	{Box 5.90552 14.4922 25.5045}
	{Bone "piece6"}
	{Matrix34
		-1.0000	-0.0000	-0.0000
		0.0000	-0.3486	0.9373
		-0.0000	0.9373	0.3486
		0.0758	0.4163	0.2523
	}
}
{Volume "sub_piece5"
	{Box 5.90552 15.7344 23.8265}
	{Bone "sub_piece5"}
	{Matrix34
		-1.0000	-0.0000	-0.0000
		-0.0000	0.7803	0.6254
		-0.0000	0.6254	-0.7803
		0.0758	0.0684	-0.1438
	}
}
{Volume "piece5"
	{Box 5.90552 15.7344 23.8265}
	{Bone "piece5"}
	{Matrix34
		-1.0000	-0.0000	0.0000
		-0.0000	0.0000	1.0000
		-0.0000	1.0000	-0.0000
		0.0758	0.1055	0.3795
	}
}
{Volume "piece4"
	{Box 13.7599 13.7008 19.5889}
	{Bone "piece4"}
	{Position 0.0800	-0.0470	-3.8534}
}
{Volume "sub_piece3"
	{Box 13.7599 13.7008 28.4039}
	{Bone "sub_piece3"}
	{Position 0.0800	-0.0470	1.3470}
}
{Volume "piece3"
	{Box 13.7599 13.7008 18.4626}
	{Bone "piece3"}
	{Position 0.0800	-0.0470	2.9150}
}
{Volume "sub_piece2"
	{Box 5.90552 15.9765 25.8326}
	{Bone "sub_piece2"}
	{Matrix34
		-0.0000	0.0000	-1.0000
		-1.0000	-0.0000	-0.0000
		-0.0000	1.0000	0.0000
		-0.4177	0.0394	-0.1810
	}
}
{Volume "piece2"
	{Box 5.90552 17.9671 27.5817}
	{Bone "piece2"}
	{Matrix34
		-0.0000	0.0000	-1.0000
		-0.9938	-0.1108	-0.0000
		-0.1108	0.9938	0.0000
		1.2556	0.0727	-0.1810
	}
}
{Volume "piece1"
	{Box 5.90552 30.3235 22.4537}
	{Bone "piece1"}
	{Matrix34
		-0.0000	0.0000	-1.0000
		-0.9603	0.2790	0.0000
		0.2790	0.9603	0.0000
		0.2386	-0.1582	-0.1810
	}
}
{Volume "piece0"
	{Box 5.90552 33.3922 18.2383}
	{Bone "piece0"}
	{Matrix34
		-0.0000	0.0000	-1.0000
		-1.0000	-0.0000	-0.0000
		-0.0000	1.0000	0.0000
		0.3189	-0.4280	-0.1810
	}
}
