;Exported by: shevchenko
;Date:        Tue Mar 09 11:26:49 2004
;File:        D:\-Projects-\-3DWork-\sheva\SK\shed_big_x.max
{Skeleton
	{bone "ruin"
		{Orientation
			1.0000	0.0000	0.0000
			0.0000	-1.0000	0.0000
			0.0000	0.0000	1.0000
		}
		{bone "piece0"
			{Matrix34
				1.0000	0.0000	0.0000
				0.0000	-0.0000	1.0000
				0.0000	-1.0000	-0.0000
				-20.4724	40.8330	37.4016
			}
			{VolumeView "piece0.ply"}
		}
		{bone "piece1"
			{Matrix34
				1.0000	0.0000	0.0000
				0.0000	-0.0000	1.0000
				0.0000	-1.0000	-0.0000
				21.8504	40.8330	25.5905
			}
			{VolumeView "piece1.ply"}
		}
		{bone "piece2"
			{Matrix34
				-0.0000	1.0000	0.0000
				0.0000	0.0000	1.0000
				1.0000	0.0000	-0.0000
				32.4786	33.9173	29.5276
			}
			{VolumeView "piece2.ply"}
		}
		{bone "piece3"
			{Matrix34
				-0.0000	1.0000	0.0000
				0.0000	0.0000	1.0000
				1.0000	0.0000	-0.0000
				32.4786	-26.1220	39.3701
			}
			{VolumeView "piece3.ply"}
		}
		{bone "piece4"
			{Matrix34
				-0.0000	1.0000	0.0000
				0.0000	0.0000	1.0000
				1.0000	0.0000	-0.0000
				32.4786	-14.3110	28.5433
			}
			{VolumeView "piece4.ply"}
		}
		{bone "piece5"
			{Matrix34
				-0.0000	1.0000	0.0000
				0.0000	0.0000	1.0000
				1.0000	0.0000	-0.0000
				32.4786	-28.0905	13.7795
			}
			{VolumeView "piece5.ply"}
		}
		{bone "piece6"
			{Matrix34
				1.0000	0.0000	0.0000
				0.0000	-0.0000	1.0000
				0.0000	-1.0000	-0.0000
				22.8346	-40.8311	37.4016
			}
			{VolumeView "piece6.ply"}
		}
		{bone "piece7"
			{Matrix34
				1.0000	0.0000	0.0000
				0.0000	-0.0000	1.0000
				0.0000	-1.0000	-0.0000
				4.1339	-40.8311	12.7953
			}
			{VolumeView "piece7.ply"}
		}
		{bone "piece8"
			{Matrix34
				1.0000	0.0000	0.0000
				0.0000	-0.0000	1.0000
				0.0000	-1.0000	-0.0000
				4.4689	-40.8311	36.0082
			}
			{VolumeView "piece8.ply"}
		}
		{bone "piece9"
			{Matrix34
				1.0000	0.0000	0.0000
				0.0000	-0.0000	1.0000
				0.0000	-1.0000	-0.0000
				-24.4095	-40.8311	30.5118
			}
			{VolumeView "piece9.ply"}
		}
		{bone "FX_dust1"
			{Matrix34
				0.0000	0.0000	1.0000
				0.0000	1.0000	0.0000
				-1.0000	0.0000	0.0000
				-21.8260	-40.6932	2.4847
			}
		}
		{bone "FX_dust1a"
			{Matrix34
				0.0000	0.0000	1.0000
				0.0000	1.0000	0.0000
				-1.0000	0.0000	0.0000
				31.6527	6.4481	2.4847
			}
		}
		{bone "FX_dust1b"
			{Matrix34
				0.0000	0.0000	1.0000
				0.0000	1.0000	0.0000
				-1.0000	0.0000	0.0000
				-19.5600	40.4388	2.4847
			}
		}
		{bone "FX_stone1"
			{Matrix34
				0.0000	0.0000	1.0000
				0.0000	1.0000	0.0000
				-1.0000	0.0000	0.0000
				23.1248	-40.6932	18.5225
			}
		}
		{bone "FX_stone1a"
			{Matrix34
				0.0000	0.0000	1.0000
				0.0000	1.0000	0.0000
				-1.0000	0.0000	0.0000
				-19.5600	40.4388	13.7215
			}
		}
		{bone "FX_stone1b"
			{Matrix34
				0.0000	0.0000	1.0000
				0.0000	1.0000	0.0000
				-1.0000	0.0000	0.0000
				27.6917	40.4388	43.3459
			}
		}
	}
}
{Volume "piece9"
	{Box 14.5276 5.90551 29.5276}
	{Bone "piece9"}
	{Matrix34
		0.9974	0.0723	0.0000
		0.0000	-0.0000	-1.0000
		-0.0723	0.9974	-0.0000
		0.0422	0.7128	-0.0017
	}
}
{Volume "piece8"
	{Box 11.7673 5.90551 16.8307}
	{Bone "piece8"}
	{Matrix34
		0.9677	0.2522	0.0000
		0.0000	-0.0000	-1.0000
		-0.2522	0.9677	-0.0000
		-0.6650	-0.3410	-0.0017
	}
}
{Volume "piece7"
	{Box 21.6519 5.90551 9.93012}
	{Bone "piece7"}
	{Matrix34
		0.9611	-0.2762	0.0000
		-0.0000	-0.0000	-1.0000
		0.2762	0.9611	-0.0000
		0.2041	-0.6985	-0.0017
	}
}
{Volume "piece6"
	{Box 9.09379 5.90551 8.6392}
	{Bone "piece6"}
	{Matrix34
		0.5874	-0.8093	0.0000
		-0.0000	-0.0000	-1.0000
		0.8093	0.5874	-0.0000
		0.5712	-0.3116	-0.0017
	}
}
{Volume "piece5"
	{Box 14.216 5.90551 22.9658}
	{Bone "piece5"}
	{Matrix34
		0.2764	0.9610	-0.0000
		0.0000	-0.0000	-1.0000
		-0.9610	0.2764	-0.0000
		-0.3690	-1.9827	0.0015
	}
}
{Volume "piece4"
	{Box 9.87222 5.90551 16.4041}
	{Bone "piece4"}
	{Matrix34
		0.9903	0.1387	0.0000
		0.0000	-0.0000	-1.0000
		-0.1387	0.9903	-0.0000
		-0.7865	0.5897	0.0015
	}
}
{Volume "piece3"
	{Box 16.7326 5.90551 8.12085}
	{Bone "piece3"}
	{Matrix34
		0.8219	0.5697	0.0000
		0.0000	-0.0000	-1.0000
		-0.5697	0.8219	-0.0000
		-0.3341	0.4095	0.0015
	}
}
{Volume "piece2"
	{Box 12.1428 5.90551 23.786}
	{Bone "piece2"}
	{Matrix34
		0.9903	0.1387	0.0000
		0.0000	-0.0000	-1.0000
		-0.1387	0.9903	-0.0000
		1.9139	0.1112	0.0015
	}
}
{Volume "piece1"
	{Box 9.09379 5.90551 21.4252}
	{Bone "piece1"}
	{Matrix34
		0.9976	-0.0694	-0.0000
		-0.0000	-0.0000	-1.0000
		0.0694	0.9976	-0.0000
		0.2926	-0.0320	0.0218
	}
}
{Volume "piece0"
	{Box 8.45722 5.90551 17.3544}
	{Bone "piece0"}
	{Matrix34
		0.9976	-0.0694	-0.0000
		-0.0000	-0.0000	-1.0000
		0.0694	0.9976	-0.0000
		-0.8833	1.2202	0.0218
	}
}
