{mission
	{Camera
		{Position 4718.85 4838.57}
		{Distance 939.948}
		{ViewAngle 0.629483}
		{YawAngle -6.00786}
	}
	{Environment "moon_night"}
	{User 1}
	{GameProgress 0 0}
	{Entity "sdkfz-223" 0x800c
		{Position -561.954 3045.71 -2.83366}
		{Turn -48.1756}
		{Extender "inventory"
			{box
				{clear}
				{item "ammo mgun" 100 {cell 0 0}}
			}
		}
		{Player 2}
		{MID 13}
		{Weaponry
			{State
				{Weapon
					{Ammo "ammo mgun" 50}
				}
			}
		}
	}
	{Entity "sdkfz251_1" 0x8010
		{Position -791.503 3232.23 10.2004}
		{Orientation
			 -0.070162  -0.982305  -0.173652
			  0.984975  -0.040682  -0.167840
			  0.157805  -0.182819   0.970399
		}
		{Extender "inventory"
			{box
				{clear}
				{item "ammo mgun" 100 {cell 0 0}}
			}
		}
		{Player 2}
		{MID 17}
		{Weaponry
			{State
				{Weapon
					{Ammo "ammo mgun" 50}
				}
			}
		}
	}
	{Entity "_infantry2_rus" 0x800d
		{Position -566.489 3054.55 16.0819}
		{Orientation
			  0.666837  -0.745178  -0.006128
			  0.738095   0.661588  -0.132350
			  0.102679   0.083733   0.991184
		}
		{Extender "inventory"
			{box
				{clear}
				{item "ammo pistol" 60 {cell 0 1}}
				{item "mp41" filling "ammo pistol" 32 {cell 2 0}}
			}
		}
		{DisableObstacles}
		{Player 2}
		{MID 14}
		{Breed "ger.tankman"}
		{FsmState "board"}
	}
	{Entity "_infantry2_rus" 0x800e
		{Position -553.969 3029.65 7.04884}
		{Orientation
			  0.654104  -0.653604   0.380621
			  0.738095   0.661588  -0.132350
			 -0.165310   0.367505   0.915170
		}
		{Extender "inventory"
			{box
				{clear}
				{item "ammo pistol" 40 {cell 0 1}}
				{item "grenade m24" {cell 2 0}}
				{item "mp40" filling "ammo pistol" 32 {cell 4 0}}
			}
		}
		{DisableObstacles}
		{Player 2}
		{MID 15}
		{Breed "ger.infantry_smg"}
		{FsmState "board"}
	}
	{Entity "_infantry2_rus" 0x8011
		{Position -791.561 3261.03 31.0487}
		{Orientation
			  0.997483  -0.070622   0.003381
			  0.068980   0.982354   0.173853
			 -0.015599  -0.173174   0.984751
		}
		{Extender "inventory"
			{box
				{clear}
				{item "ammo pistol" 40 {cell 0 1}}
				{item "grenade m24" {cell 2 0}}
				{item "mp40" filling "ammo pistol" 32 {cell 4 0}}
			}
		}
		{DisableObstacles}
		{Player 2}
		{MID 18}
		{Breed "ger.infantry_smg"}
		{FsmState "board"}
	}
	{Entity "_infantry2_rus" 0x8012
		{Position -787.842 3232.85 26.9197}
		{Orientation
			 -0.054592  -0.982850  -0.176286
			  0.985985  -0.025158  -0.165080
			  0.157805  -0.182819   0.970399
		}
		{Extender "inventory"
			{box
				{clear}
				{item "ammo pistol" 40 {cell 0 1}}
				{item "grenade m24" {cell 2 0}}
				{item "mp40" filling "ammo pistol" 32 {cell 4 0}}
			}
		}
		{DisableObstacles}
		{Player 2}
		{MID 19}
		{Breed "ger.infantry_smg"}
		{FsmState "board"}
	}
	{Entity "_infantry2_rus" 0x8013
		{Position -793.137 3238.57 27.0746}
		{Orientation
			  0.997483  -0.070622   0.003381
			  0.068980   0.982354   0.173853
			 -0.015599  -0.173174   0.984751
		}
		{Extender "inventory"
			{box
				{clear}
				{item "ammo pistol" 40 {cell 0 1}}
				{item "grenade m24" {cell 2 0}}
				{item "mp40" filling "ammo pistol" 32 {cell 4 0}}
			}
		}
		{DisableObstacles}
		{Player 2}
		{MID 20}
		{Breed "ger.infantry_smg"}
		{FsmState "board"}
	}
	{Entity "_infantry2_rus" 0x8014
		{Position -782.451 3240.36 27.5622}
		{Orientation
			 -0.942608   0.008326   0.333750
			 -0.070162  -0.982305  -0.173652
			  0.326398  -0.187103   0.926512
		}
		{Extender "inventory"
			{box
				{clear}
				{item "ammo pistol" 40 {cell 0 1}}
				{item "grenade m24" {cell 2 0}}
				{item "mp40" filling "ammo pistol" 32 {cell 4 0}}
			}
		}
		{DisableObstacles}
		{Player 2}
		{MID 21}
		{Breed "ger.infantry_smg"}
		{FsmState "board"}
	}
	{Entity "_infantry2_rus" 0x8015
		{Position -795.087 3218.68 19.1014}
		{Orientation
			 -0.010201  -0.983913   0.178619
			  0.984975  -0.040682  -0.167840
			  0.172406   0.174223   0.969544
		}
		{Extender "inventory"
			{box
				{clear}
				{item "ammo pistol" 60 {cell 0 1}}
				{item "mp41" filling "ammo pistol" 32 {cell 2 0}}
			}
		}
		{DisableObstacles}
		{Player 2}
		{MID 22}
		{Breed "ger.tankman"}
		{FsmState "board"}
	}
	{Entity "_infantry2_rus" 0x8016
		{Position -780.171 3272.29 33.2068}
		{Orientation
			 -0.942608   0.008326   0.333750
			 -0.070162  -0.982305  -0.173652
			  0.326398  -0.187103   0.926512
		}
		{Extender "inventory"
			{box
				{clear}
				{item "ammo pistol" 60 {cell 0 1}}
				{item "grenade m24" {cell 2 0}}
				{item "mp40" filling "ammo pistol" 32 {cell 4 0}}
			}
		}
		{DisableObstacles}
		{Player 2}
		{MID 23}
		{Breed "ger.infantry_ss"}
		{FsmState "board"}
	}
	{Entity "_infantry2_rus" 0x8021
		{Position -792.36 3249.64 29.0331}
		{Orientation
			  0.997483  -0.070622   0.003381
			  0.068980   0.982354   0.173853
			 -0.015599  -0.173174   0.984751
		}
		{Extender "inventory"
			{box
				{clear}
				{item "ammo pistol" 60 {cell 0 1}}
				{item "grenade m24" {cell 2 0}}
				{item "mp40" filling "ammo pistol" 32 {cell 4 0}}
			}
		}
		{DisableObstacles}
		{Player 2}
		{MID 34}
		{Breed "ger.infantry_ss"}
		{FsmState "board"}
	}
	{Entity "_infantry2_rus" 0x802a
		{Position -781.718 3250.62 29.3762}
		{Orientation
			 -0.942608   0.008326   0.333750
			 -0.070162  -0.982305  -0.173652
			  0.326398  -0.187103   0.926512
		}
		{Extender "inventory"
			{box
				{clear}
				{item "ammo mgun" 100 {cell 0 1}}
				{item "ammo mgun" 100 {cell 0 0}}
				{item "grenade m24" {cell 0 2}}
				{item "mg34" filling "ammo mgun" 50 {cell 2 0}}
			}
		}
		{DisableObstacles}
		{Player 2}
		{MID 35}
		{Breed "ger.infantry_mgun"}
		{FsmState "board"}
	}
	{Entity "_infantry2_rus" 0x802b
		{Position -790.859 3271.03 32.8181}
		{Orientation
			  0.997483  -0.070622   0.003381
			  0.068980   0.982354   0.173853
			 -0.015599  -0.173174   0.984751
		}
		{Extender "inventory"
			{box
				{clear}
				{item "ammo mgun" 100 {cell 0 1}}
				{item "ammo mgun" 100 {cell 0 0}}
				{item "grenade m24" {cell 0 2}}
				{item "mg34" filling "ammo mgun" 50 {cell 2 0}}
			}
		}
		{DisableObstacles}
		{Player 2}
		{MID 36}
		{Breed "ger.infantry_mgun"}
		{FsmState "board"}
	}
	{Entity "_infantry2_rus" 0x802c
		{Position -780.948 3261.41 31.2827}
		{Orientation
			 -0.942608   0.008326   0.333750
			 -0.070162  -0.982305  -0.173652
			  0.326398  -0.187103   0.926512
		}
		{Extender "inventory"
			{box
				{clear}
				{item "weapon bazooka" {cell 0 0}}
				{item "ammo bazooka" {cell 5 0}}
				{item "ammo bazooka" {cell 5 1}}
				{item "ammo bazooka" {cell 0 2}}
				{item "ammo bazooka" {cell 2 2}}
				{item "ammo bazooka" {cell 4 2}}
				{item "ammo pistol" 30 {cell 6 2}}
				{item "valter" {cell 0 3}}
			}
		}
		{DisableObstacles}
		{Player 2}
		{MID 37}
		{Breed "ger.bazoker"}
		{FsmState "board"}
	}
	{Entity "_infantry2_rus" 0x8000
		{Position 5195.28 -973.648 -0.8506}
		{Orientation
			 -0.007267   0.994573  -0.103900
			 -0.999973  -0.007306   0.000000
			 -0.000759   0.103897   0.994600
		}
		{Extender "inventory"
			{box
				{clear}
				{item "ammo pistol" 40 {cell 0 1}}
				{item "grenade m24" {cell 2 0}}
				{item "matchbox" 10 {cell 0 0}}
			}
		}
		{DisableObstacles}
		{Player 2}
		{MID 1}
		{Weaponry
			{State
				{Mounted "mp40"}
				{Weapon
					{Ammo "ammo pistol" 32}
				}
			}
		}
		{Breed "ger.infantry_smg"}
		{FsmState "board"}
	}
	{Entity "_infantry2_rus" 0x8001
		{Position 5195.34 -981.877 6.953}
		{Orientation
			 -0.007195   0.984774   0.173600
			 -0.999973  -0.007306   0.000000
			  0.001268  -0.173595   0.984800
		}
		{Extender "inventory"
			{box
				{clear}
				{item "ammo mgun" 100 {cell 0 0}}
				{item "grenade m24" {cell 0 2}}
				{item "matchbox" 10 {cell 7 0}}
			}
		}
		{DisableObstacles}
		{Player 2}
		{MID 2}
		{Weaponry
			{State
				{Mounted "mg34"}
				{Weapon
					{Ammo "ammo mgun" 50}
				}
			}
		}
		{Breed "ger.infantry_mgun"}
		{FsmState "board"}
	}
	{Entity "_infantry2_rus" 0x8002
		{Position 5180.67 -976.961 0.3124}
		{Turn 90.4186}
		{Extender "inventory"
			{box
				{clear}
				{item "ammo pistol" 40 {cell 0 1}}
				{item "grenade m24" {cell 2 0}}
				{item "matchbox" 10 {cell 0 0}}
			}
		}
		{DisableObstacles}
		{Player 2}
		{MID 3}
		{Weaponry
			{State
				{Mounted "mp40"}
				{Weapon
					{Ammo "ammo pistol" 32}
				}
			}
		}
		{Breed "ger.infantry_smg"}
		{FsmState "board"}
	}
	{Entity "bmw-r12" 0x8003
		{Position 5188.78 -968.376 0}
		{Turn 90.4186}
		{Extender "inventory"
			{box
				{clear}
				{item "ammo mgun" 100 {cell 2 0}}
			}
		}
		{Player 2}
		{MID 4}
		{Weaponry
			{State
				{Weapon
					{Ammo "ammo mgun" 50}
				}
			}
		}
	}
	{Entity "_infantry2_rus" 0x8004
		{Position 3773.92 4177.62 0}
		{Extender "inventory"
			{box
				{clear}
				{item "ammo pistol" 40 {cell 0 1}}
				{item "grenade m24" {cell 2 0}}
				{item "matchbox" 10 {cell 7 0}}
				{item "mp40" filling "ammo pistol" 32 {cell 4 2}}
			}
		}
		{Player 2}
		{MID 5}
		{Breed "ger.infantry_smg"}
		{FsmState "stand"}
	}
	{Entity "_infantry2_rus" 0x8005
		{Position 3804.17 4413.29 0}
		{Turn -163.936}
		{Extender "inventory"
			{box
				{clear}
				{item "ammo mgun" 100 {cell 0 0}}
				{item "matchbox" 10 {cell 7 0}}
				{item "grenade m24" {cell 2 0}}
				{item "mg34" filling "ammo mgun" 50 {cell 3 2}}
			}
		}
		{Player 2}
		{MID 6}
		{Breed "ger.infantry_mgun"}
		{FsmState "stand"}
	}
	{Entity "_infantry2_rus" 0x800a
		{Position 3621.88 4661.57 0}
		{Turn 116.362}
		{Extender "inventory"
			{box
				{clear}
				{item "ammo pistol" 40 {cell 0 1}}
				{item "grenade m24" {cell 2 0}}
				{item "matchbox" 10 {cell 7 0}}
				{item "mp40" filling "ammo pistol" 32 {cell 4 2}}
			}
		}
		{Player 2}
		{MID 11}
		{Breed "ger.infantry_smg"}
		{FsmState "stand"}
	}
	{Entity "bmw-r12" 0x8018
		{Position -694.417 6240.44 3.82117}
		{Orientation
			  0.969247  -0.197554  -0.146737
			  0.191066   0.979909  -0.057210
			  0.155091   0.027414   0.987520
		}
		{Extender "inventory"
			{box
				{clear}
				{item "ammo mgun" 100 {cell 2 0}}
			}
		}
		{Player 2}
		{MID 25}
		{Weaponry
			{State
				{Weapon
					{Ammo "ammo mgun" 50}
				}
			}
		}
	}
	{Entity "_infantry2_rus" 0x8019
		{Position 2918.53 4223.57 -44}
		{Turn 82.838}
		{Extender "inventory"
			{box
				{clear}
				{item "ammo pistol" 40 {cell 0 1}}
				{item "grenade m24" {cell 2 0}}
				{item "matchbox" 10 {cell 7 0}}
				{item "mp40" filling "ammo pistol" 32 {cell 4 2}}
			}
		}
		{Player 2}
		{MID 26}
		{Breed "ger.infantry_smg"}
		{FsmState "stand"}
	}
	{Entity "_infantry2_rus" 0x801d
		{Position 2906.26 4281.83 -44}
		{Turn 157.267}
		{Extender "inventory"
			{box
				{clear}
				{item "ammo mgun" 100 {cell 0 1}}
				{item "grenade m24" {cell 0 2}}
				{item "matchbox" 10 {cell 7 0}}
				{item "mg34" filling "ammo mgun" 50 {cell 3 2}}
			}
		}
		{Player 2}
		{MID 30}
		{Breed "ger.infantry_mgun"}
		{FsmState "stand"}
	}
	{Entity "_infantry2_rus" 0x801e
		{Position 2878.48 4271.69 -44}
		{Turn -131.999}
		{Extender "inventory"
			{box
				{clear}
				{item "ammo pistol" 40 {cell 0 1}}
				{item "grenade m24" {cell 2 0}}
				{item "matchbox" 10 {cell 7 0}}
				{item "mp40" filling "ammo pistol" 32 {cell 4 2}}
			}
		}
		{Player 2}
		{MID 31}
		{Breed "ger.infantry_smg"}
		{FsmState "stand"}
	}
	{Entity "blitz-fuel" 0x801a
		{Position 1711.73 2272.02 0}
		{Turn 64.6427}
		{Player 2}
		{MID 27}
	}
	{Entity "_infantry2_rus" 0x801b
		{Position 472.747 6037.1 0}
		{Turn 48.0007}
		{Extender "inventory"
			{box
				{clear}
				{item "ammo mgun" 100 {cell 0 0}}
				{item "matchbox" 10 {cell 7 0}}
				{item "mg34" filling "ammo mgun" 50 {cell 2 0}}
				{item "grenade m24" {cell 0 1}}
			}
		}
		{Player 2}
		{MID 28}
		{Breed "ger.infantry_mgun"}
		{FsmState "stand"}
	}
	{Entity "_infantry2_rus" 0x801c
		{Position 550.226 6017.6 0}
		{Extender "inventory"
			{box
				{clear}
				{item "ammo pistol" 40 {cell 0 1}}
				{item "grenade m24" {cell 2 0}}
				{item "matchbox" 10 {cell 7 0}}
				{item "mp40" filling "ammo pistol" 32 {cell 4 1}}
			}
		}
		{Player 2}
		{MID 29}
		{Breed "ger.infantry_smg"}
		{FsmState "stand"}
	}
	{Entity "_infantry2_rus" 0x801f
		{Position -700.938 6235.14 4.13118}
		{Orientation
			  0.947899  -0.199336  -0.248548
			  0.191066   0.979909  -0.057210
			  0.254958   0.006740   0.966941
		}
		{Extender "inventory"
			{box
				{clear}
				{item "ammo pistol" 40 {cell 0 1}}
				{item "grenade m24" {cell 2 0}}
				{item "matchbox" 10 {cell 7 0}}
			}
		}
		{DisableObstacles}
		{Player 2}
		{MID 32}
		{Weaponry
			{State
				{Mounted "mp40"}
				{Weapon
					{Ammo "ammo pistol" 32}
				}
			}
		}
		{Breed "ger.infantry_smg"}
		{FsmState "board"}
	}
	{Entity "_infantry2_rus" 0x8020
		{Position 526.608 5977.48 0}
		{Extender "inventory"
			{box
				{clear}
				{item "ammo pistol" 60 {cell 0 1}}
				{item "grenade m24" {cell 2 0}}
				{item "matchbox" 10 {cell 7 0}}
				{item "mp40" filling "ammo pistol" 32 {cell 4 1}}
			}
		}
		{Player 2}
		{MID 33}
		{Breed "ger.infantry_ss"}
		{FsmState "stand"}
	}
	{Entity "_infantry2_rus" 0x8009
		{Position 1431.19 2060.93 0}
		{Turn -35.9999}
		{Extender "inventory"
			{box
				{clear}
				{item "valter" {cell 0 0}}
				{item "ammo pistol" 42 {cell 4 0}}
				{item "knife hand" {cell 6 0}}
			}
		}
		{Player 2}
		{MID 10}
		{Breed "ger.oficer"}
		{FsmState "stand"}
	}
	{Entity "_infantry2_rus" 0x800b
		{Position 2079.56 2637.57 0}
		{Extender "inventory"
			{box
				{clear}
				{item "ammo pistol" 40 {cell 0 1}}
				{item "grenade m24" {cell 2 0}}
				{item "mp40" filling "ammo pistol" 32 {cell 4 2}}
			}
		}
		{Player 2}
		{MID 12}
		{Breed "ger.infantry_smg"}
		{FsmState "stand"}
	}
	{Entity "_infantry2_rus" 0x800f
		{Position 1864.63 2274.19 121.918}
		{Turn -26.3177}
		{Extender "inventory"
			{box
				{clear}
				{item "mp40" {cell 0 0}}
				{item "ammo pistol" 40 {cell 4 0}}
				{item "grenade m24" {cell 6 0}}
			}
		}
		{DisableObstacles}
		{Player 2}
		{MID 16}
		{Breed "ger.infantry_smg"}
		{FsmState "board"}
	}
	{Entity "_infantry2_rus" 0x8017
		{Position 860.303 2349.03 121.918}
		{Turn -169.706}
		{Extender "inventory"
			{box
				{clear}
				{item "mp40" {cell 0 0}}
				{item "ammo pistol" 40 {cell 4 0}}
				{item "grenade m24" {cell 6 0}}
			}
		}
		{DisableObstacles}
		{Player 2}
		{MID 24}
		{Breed "ger.infantry_smg"}
		{FsmState "board"}
	}
	{Entity "_infantry2_rus" 0x8022
		{Position 1411.1 3446.62 121.918}
		{Turn 101.49}
		{Extender "inventory"
			{box
				{clear}
				{item "ammo pistol" 40 {cell 0 1}}
				{item "grenade m24" {cell 2 0}}
				{item "mp40" filling "ammo pistol" 32 {cell 4 0}}
			}
		}
		{DisableObstacles}
		{Player 2}
		{MID 38}
		{Breed "ger.infantry_smg"}
		{FsmState "board"}
	}
	{Entity "_infantry2_rus" 0x8023
		{Position 2054.72 2615.78 0}
		{Turn 108}
		{Extender "inventory"
			{box
				{clear}
				{item "ammo pistol" 60 {cell 0 1}}
				{item "grenade m24" {cell 2 0}}
				{item "mp40" filling "ammo pistol" 32 {cell 4 2}}
			}
		}
		{Player 2}
		{MID 39}
		{Breed "ger.infantry_ss"}
		{FsmState "stand"}
	}
	{Entity "_infantry2_rus" 0x8024
		{Position 1543.11 2544.22 0}
		{Extender "inventory"
			{box
				{clear}
				{item "ammo pistol" 60 {cell 0 1}}
				{item "grenade m24" {cell 2 0}}
				{item "mp40" filling "ammo pistol" 32 {cell 4 2}}
			}
		}
		{Player 2}
		{MID 40}
		{Breed "ger.infantry_ss"}
		{FsmState "stand"}
	}
	{Entity "_infantry2_rus" 0x8025
		{Position 1606.89 2541.49 0}
		{Turn -2.87577}
		{Extender "inventory"
			{box
				{clear}
				{item "ammo pistol" 60 {cell 0 1}}
				{item "grenade m24" {cell 2 0}}
				{item "mp40" filling "ammo pistol" 32 {cell 4 2}}
			}
		}
		{Player 2}
		{MID 41}
		{Breed "ger.infantry_ss"}
		{FsmState "stand"}
	}
	{Entity "_infantry2_rus" 0x8026
		{Position 1682.09 2509.97 0}
		{Turn -176.253}
		{Extender "inventory"
			{box
				{clear}
				{item "ammo pistol" 60 {cell 0 1}}
				{item "grenade m24" {cell 2 0}}
				{item "mp40" filling "ammo pistol" 32 {cell 4 2}}
			}
		}
		{Player 2}
		{MID 42}
		{Breed "ger.infantry_ss"}
		{FsmState "stand"}
	}
	{Entity "_infantry2_rus" 0x8027
		{Position 1632.46 2505.78 0}
		{Turn -174.703}
		{Extender "inventory"
			{box
				{clear}
				{item "ammo pistol" 60 {cell 0 1}}
				{item "grenade m24" {cell 2 0}}
				{item "mp40" filling "ammo pistol" 32 {cell 4 2}}
			}
		}
		{Player 2}
		{MID 43}
		{Breed "ger.infantry_ss"}
		{FsmState "stand"}
	}
	{Entity "_infantry2_rus" 0x8028
		{Position 1309.25 2273.35 0}
		{Turn 144.86}
		{Extender "inventory"
			{box
				{clear}
				{item "ammo pistol" 40 {cell 0 1}}
				{item "grenade m24" {cell 2 0}}
				{item "mp40" filling "ammo pistol" 32 {cell 4 2}}
			}
		}
		{Player 2}
		{MID 44}
		{Breed "ger.infantry_smg"}
		{FsmState "stand"}
	}
	{Entity "_infantry2_rus" 0x8029
		{Position 1222.35 2123.61 0}
		{Turn -111.471}
		{Extender "inventory"
			{box
				{clear}
				{item "ammo pistol" 60 {cell 0 1}}
				{item "grenade m24" {cell 2 0}}
				{item "mp40" filling "ammo pistol" 32 {cell 4 1}}
			}
		}
		{Player 2}
		{MID 45}
		{Breed "ger.infantry_ss"}
		{FsmState "stand"}
	}
	{Entity "_infantry2_rus" 0x802d
		{Position 1311.35 2286.97 0}
		{Turn 83.9997}
		{Extender "inventory"
			{box
				{clear}
				{item "ammo pistol" 40 {cell 0 1}}
				{item "grenade m24" {cell 2 0}}
				{item "mp40" filling "ammo pistol" 32 {cell 4 2}}
			}
		}
		{Player 2}
		{MID 46}
		{Breed "ger.infantry_smg"}
		{FsmState "stand"}
	}
	{Entity "_infantry2_rus" 0x802e
		{Position 2915.04 4237.97 -44}
		{Turn -175.215}
		{Extender "inventory"
			{box
				{clear}
				{item "ammo mgun" 100 {cell 0 1}}
				{item "grenade m24" {cell 0 2}}
				{item "matchbox" 10 {cell 7 0}}
				{item "mg34" filling "ammo mgun" 50 {cell 3 2}}
			}
		}
		{Player 2}
		{MID 47}
		{Breed "ger.infantry_mgun"}
		{FsmState "stand"}
	}
	{Entity "_infantry2_rus" 0x802f
		{Position -707.705 6236.98 13.045}
		{Orientation
			  0.981438  -0.189792   0.026927
			  0.191066   0.979909  -0.057210
			 -0.015528   0.061293   0.997983
		}
		{Extender "inventory"
			{box
				{clear}
				{item "ammo pistol" 40 {cell 0 1}}
				{item "grenade m24" {cell 2 0}}
				{item "matchbox" 10 {cell 7 0}}
			}
		}
		{DisableObstacles}
		{Player 2}
		{MID 48}
		{Weaponry
			{State
				{Mounted "mp40"}
				{Weapon
					{Ammo "ammo pistol" 32}
				}
			}
		}
		{Breed "ger.infantry_smg"}
		{FsmState "board"}
	}
	{Entity "_infantry2_rus" 0x8030
		{Position -701.071 6250.14 4.91327}
		{Orientation
			  0.969045  -0.197590  -0.148021
			  0.191050   0.979906  -0.057309
			  0.156370   0.027255   0.987324
		}
		{Extender "inventory"
			{box
				{clear}
				{item "ammo pistol" 40 {cell 0 1}}
				{item "grenade m24" {cell 2 0}}
				{item "matchbox" 10 {cell 7 0}}
			}
		}
		{DisableObstacles}
		{Player 2}
		{MID 49}
		{Weaponry
			{State
				{Mounted "mp40"}
				{Weapon
					{Ammo "ammo pistol" 32}
				}
			}
		}
		{Breed "ger.infantry_smg"}
		{FsmState "board"}
	}
	{Entity "pz-4g" 0x8031
		{Position -669.694 6175.13 7.46239}
		{Orientation
			  0.982206  -0.131474  -0.134108
			  0.120481   0.988890  -0.087066
			  0.144065   0.069359   0.987135
		}
		{Placer
			{State "seat1" {Broken}}
		}
		{Extender "inventory"
			{box
				{clear}
				{item "bullet75 ap" 50 {cell 0 1}}
				{item "bullet75 fg" 27 {cell 0 2}}
				{item "ammo mgun" 100 {cell 0 0}}
			}
		}
		{Player 2}
		{MID 50}
		{Weaponry
			{State "gun"
				{Weapon
					{Ammo "bullet75 fg" 1}
				}
			}
			{State "mgun"
				{Weapon
					{Ammo "ammo mgun" 50}
				}
			}
		}
	}
	{Entity "_infantry2_rus" 0x8032
		{Position -669.694 6175.13 7.46239}
		{Orientation
			  0.982206  -0.131474  -0.134108
			 -0.120481  -0.988890   0.087066
			  0.144065   0.069359   0.987135
		}
		{Extender "inventory"
			{box
				{clear}
				{item "ammo pistol" 60 {cell 0 0}}
				{item "knife hand" {cell 2 0}}
				{item "valter" {cell 4 0}}
			}
		}
		{Player 2}
		{MID 51}
		{Breed "ger.tank_com"}
		{FsmState "board"}
	}
	{Entity "_infantry2_rus" 0x8033
		{Position -669.694 6175.13 7.46239}
		{Orientation
			  0.982206  -0.131474  -0.134108
			 -0.120481  -0.988890   0.087066
			  0.144065   0.069359   0.987135
		}
		{Extender "inventory"
			{box
				{clear}
				{item "ammo pistol" 40 {cell 0 0}}
				{item "grenade m24" {cell 2 0}}
				{item "grenade m24" {cell 4 0}}
				{item "mp40" {cell 0 1}}
			}
		}
		{Player 2}
		{MID 52}
		{Breed "ger.tank_crew"}
		{FsmState "board"}
	}
	{Entity "_infantry2_rus" 0x8034
		{Position -669.694 6175.13 7.46239}
		{Orientation
			  0.982206  -0.131474  -0.134108
			 -0.120481  -0.988890   0.087066
			  0.144065   0.069359   0.987135
		}
		{Extender "inventory"
			{box
				{clear}
				{item "ammo pistol" 40 {cell 0 0}}
				{item "grenade m24" {cell 2 0}}
				{item "grenade m24" {cell 4 0}}
				{item "mp40" {cell 0 1}}
			}
		}
		{Player 2}
		{MID 53}
		{Breed "ger.tank_crew"}
		{FsmState "board"}
	}
	{Entity "_infantry2_rus" 0x8035
		{Position -669.694 6175.13 7.46239}
		{Orientation
			  0.982206  -0.131474  -0.134108
			 -0.120481  -0.988890   0.087066
			  0.144065   0.069359   0.987135
		}
		{Extender "inventory"
			{box
				{clear}
				{item "ammo pistol" 40 {cell 0 0}}
				{item "grenade m24" {cell 2 0}}
				{item "grenade m24" {cell 4 0}}
				{item "mp40" {cell 0 1}}
			}
		}
		{Player 2}
		{MID 54}
		{Breed "ger.tank_crew"}
		{FsmState "board"}
	}
	{Entity "barrel1" 0x8036
		{Position 1661.69 2751.8 0}
		{Extender "stuff"
			{Item "barrel" filling "fuel" 50}
		}
	}
	{Entity "barrel1" 0x8037
		{Position 1648.06 2753.15 0}
		{Extender "stuff"
			{Item "barrel" filling "fuel" 50}
		}
	}
	{Entity "barrel1" 0x8038
		{Position 1490.48 2683.41 0}
		{Extender "stuff"
			{Item "barrel" filling "fuel" 50}
		}
	}
	{Entity "barrel1" 0x8039
		{Position 1356.74 2724.69 0}
		{Extender "stuff"
			{Item "barrel" filling "fuel" 50}
		}
	}
	{Entity "barrel1" 0x803a
		{Position 1343.47 2730.9 0}
		{Extender "stuff"
			{Item "barrel" filling "fuel" 50}
		}
	}
	{Entity "barrel1" 0x803b
		{Position 1220.57 2189.24 0}
		{Extender "stuff"
			{Item "barrel" filling "fuel" 50}
		}
	}
	{Entity "barrel1" 0x803c
		{Position 1751.91 2986.91 0}
		{Extender "stuff"
			{Item "barrel" filling "fuel" 50}
		}
	}
	{Entity "barrel1" 0x803d
		{Position 1058.23 2241.16 0}
		{Extender "stuff"
			{Item "barrel" filling "fuel" 50}
		}
	}
	{Entity "barrel1" 0x803e
		{Position 1406.26 2081.32 0}
		{Extender "stuff"
			{Item "barrel" filling "fuel" 50}
		}
	}
	{Entity "mk-ii" 0x803f
		{Position 6603.55 -1823.8 14.5943}
		{Turn 110.749}
		{Player 1}
		{MID 55}
		{Able {select 0}}
	}
	{Entity "watch-tower" 0x8046
		{Position 1876.54 2266.86 0}
		{Turn -26.3177}
	}
	{Entity "mg34_tower" 0x8047
		{Position 1877.3 2267.67 121.349}
		{Orientation
			  0.896349  -0.443348   0.000000
			  0.443348   0.896349   0.000000
			  0.000000   0.000000   1.000000
		}
		{DisableObstacles}
		{Player 2}
		{MID 56}
		{Weaponry
			{State
				{Weapon
					{Ammo "ammo mgun" 50}
				}
			}
		}
	}
	{Entity "watch-tower" 0x8048
		{Position 1409.59 3460.52 0}
		{Turn 101.49}
	}
	{Entity "mg34_tower" 0x8049
		{Position 1408.48 3460.62 121.349}
		{Orientation
			 -0.199197   0.979959   0.000000
			 -0.979959  -0.199197   0.000000
			  0.000000   0.000000   1.000000
		}
		{DisableObstacles}
		{Player 2}
		{MID 58}
		{Weaponry
			{State
				{Weapon
					{Ammo "ammo mgun" 50}
				}
			}
		}
	}
	{Entity "watch-tower" 0x804a
		{Position 846.371 2347.81 0}
		{Turn -169.706}
	}
	{Entity "mg34_tower" 0x804b
		{Position 846.245 2346.7 121.349}
		{Orientation
			 -0.983904  -0.178699   0.000000
			  0.178699  -0.983904   0.000000
			  0.000000   0.000000   1.000000
		}
		{DisableObstacles}
		{Player 2}
		{MID 59}
		{Weaponry
			{State
				{Weapon
					{Ammo "ammo mgun" 50}
				}
			}
		}
	}
	{Entity "ashes" 0x8040
		{Position 2809.97 3404.56 -44}
	}
	{Entity "ashes" 0x8051
		{Position 2970.49 3432.88 -44}
	}
	{Entity "ashes" 0x8052
		{Position 3134.33 3474 -44}
	}
	{Entity "ashes" 0x8053
		{Position 3088.95 3111.08 -44}
	}
	{Entity "ashes" 0x8054
		{Position 3309.05 2455.38 -44}
	}
	{Entity "cord_wood" 0x8055
		{Position 2613.96 4105.66 -43}
		{Turn 88.8037}
	}
	{Entity "cord_wood" 0x8042
		{Position 2628.13 4114.53 -43}
		{Turn 88.8037}
	}
	{Entity "cord_wood" 0x8043
		{Position 2625 4095.56 -43}
		{Turn 88.8037}
	}
	{Entity "cord_wood" 0x8044
		{Position 2644.16 4097.83 -42}
		{Turn 88.8037}
	}
	{Entity "cord_wood" 0x8045
		{Position 2648.6 4111.26 -42}
		{Turn 88.8037}
	}
	{Entity "cord_wood" 0x804c
		{Position 2662.38 4099.19 -42}
		{Turn 88.8037}
	}
	{Entity "cord_wood" 0x804d
		{Position 2645.15 4082.84 -42}
		{Turn 88.8037}
	}
	{Entity "birds" 0x8056
		{Position 3087.29 6023.71 207}
		{Extender "speaker"
			{SoundName "world.sum_night"}
		}
	}
	{Entity "birds" 0x8058
		{Position 6060.96 708.037 0}
		{Extender "speaker"
			{SoundName "world.sum_night"}
		}
	}
	{Entity "birds" 0x8057
		{Position 1713.53 449.388 237.313}
		{Extender "speaker"
			{SoundName "world.sum_night"}
		}
	}
	{Entity "barrier3" 0x805b
		{Position 4836.94 967.257 -3}
		{Turn 64.718}
	}
	{Entity "_infantry2_rus" 0x8059
		{Position 4848.9 1044.63 -0.110474}
		{Turn -109.065}
		{Extender "inventory"
			{box
				{clear}
				{item "ammo pistol" 40 {cell 4 0}}
				{item "grenade m24" {cell 6 0}}
				{item "mp40" filling "ammo pistol" 32 {cell 3 2}}
			}
		}
		{Player 2}
		{MID 60}
		{Breed "ger.infantry_smg"}
		{FsmState "stand"}
	}
	{Entity "_infantry2_rus" 0x805a
		{Position 4798.44 1104.29 -0.843567}
		{Turn -92.1908}
		{Extender "inventory"
			{box
				{clear}
				{item "ammo mgun" 100 {cell 5 0}}
				{item "grenade m24" {cell 0 2}}
			}
		}
		{Player 2}
		{MID 61}
		{Weaponry
			{State
				{Mounted "mg34"}
				{Weapon
					{Ammo "ammo mgun" 50}
				}
			}
		}
		{Breed "ger.infantry_mgun"}
		{FsmState "stand"}
	}
	{Entity "panzerflak" 0x805c
		{Position 5166.27 -1111.8 0}
		{Turn 89.7563}
		{Player 2}
		{MID 62}
		{Weaponry
			{State
				{Weapon
					{Ammo "bullet20 zenite" 48}
				}
			}
		}
	}
	{Entity "_infantry2_rus" 0x8064
		{Position 5183.33 -1192.16 0}
		{Turn 83.352}
		{Extender "inventory"
			{box
				{clear}
				{item "ammo pistol" 40 {cell 4 0}}
				{item "grenade m24" {cell 6 0}}
				{item "mp40" filling "ammo pistol" 32 {cell 2 1}}
			}
		}
		{Player 2}
		{MID 70}
		{Breed "ger.infantry_smg"}
		{FsmState "stand"}
	}
	{Entity "_infantry2_rus" 0x8065
		{Position 5145.31 -1235 0}
		{Turn 91.1148}
		{Extender "inventory"
			{box
				{clear}
				{item "ammo pistol" 40 {cell 4 0}}
				{item "grenade m24" {cell 6 0}}
				{item "mp40" filling "ammo pistol" 32 {cell 2 2}}
			}
		}
		{Player 2}
		{MID 71}
		{Breed "ger.infantry_smg"}
		{FsmState "stand"}
	}
	{Entity "_infantry2_rus" 0x805d
		{Position 5184.51 -1232.93 0}
		{Turn 89.3901}
		{Extender "inventory"
			{box
				{clear}
				{item "ammo pistol" 40 {cell 4 0}}
				{item "grenade m24" {cell 6 0}}
				{item "mp40" filling "ammo pistol" 32 {cell 2 1}}
			}
		}
		{Player 2}
		{MID 64}
		{Breed "ger.infantry_smg"}
		{FsmState "stand"}
	}
	{Entity "_infantry2_rus" 0x805e
		{Position 5147.97 -1184.82 0}
		{Turn 85.5486}
		{Extender "inventory"
			{box
				{clear}
				{item "ammo pistol" 40 {cell 4 0}}
				{item "grenade m24" {cell 6 0}}
				{item "mp40" filling "ammo pistol" 32 {cell 3 2}}
			}
		}
		{Player 2}
		{MID 72}
		{Breed "ger.infantry_smg"}
		{FsmState "stand"}
	}
	{Entity "_infantry2_rus" 0x805f
		{Position 5158.72 -1112.77 21.978}
		{Orientation
			  0.003484   0.819193   0.573600
			 -0.999991   0.004253   0.000000
			 -0.002440  -0.573595   0.819200
		}
		{Extender "inventory"
			{box
				{clear}
				{item "mp41" {cell 0 0}}
				{item "ammo pistol" 60 {cell 4 0}}
			}
		}
		{DisableObstacles}
		{Player 2}
		{MID 73}
		{Breed "ger.tankman"}
		{FsmState "board"}
	}
	{Entity "_infantry2_rus" 0x8060
		{Position 5176.65 -1110.95 21.978}
		{Orientation
			 -0.606363   0.550684   0.573600
			 -0.672254  -0.740247   0.000000
			  0.424664  -0.385610   0.819200
		}
		{Extender "inventory"
			{box
				{clear}
				{item "mp41" {cell 0 0}}
				{item "ammo pistol" 60 {cell 4 0}}
			}
		}
		{DisableObstacles}
		{Player 2}
		{MID 74}
		{Breed "ger.tankman"}
		{FsmState "board"}
	}
	{Entity "_infantry2_rus" 0x8061
		{Position 5166.27 -1111.8 0}
		{Orientation
			  0.004253   0.999991   0.000000
			  0.999991  -0.004253   0.000000
			  0.000000   0.000000   1.000000
		}
		{Extender "inventory"
			{box
				{clear}
				{item "mp41" {cell 0 0}}
				{item "ammo pistol" 60 {cell 4 0}}
			}
		}
		{Player 2}
		{MID 75}
		{Breed "ger.tankman"}
		{FsmState "board"}
	}
	{Entity "_infantry2_rus" 0x8062
		{Position 5166.27 -1111.8 0}
		{Orientation
			  0.004253   0.999991   0.000000
			  0.999991  -0.004253   0.000000
			  0.000000   0.000000   1.000000
		}
		{Extender "inventory"
			{box
				{clear}
				{item "mp41" {cell 0 0}}
				{item "ammo pistol" 60 {cell 4 0}}
			}
		}
		{Player 2}
		{MID 76}
		{Breed "ger.tankman"}
		{FsmState "board"}
	}
	{Entity "sdkfz250_3" 0x8063
		{Position 5072.68 -1101.17 0}
		{Turn 81.2855}
		{Player 2}
		{MID 63}
		{Weaponry
			{State
				{Weapon
					{Ammo "bullet37 ap" 1}
				}
			}
		}
	}
	{Entity "_infantry2_rus" 0x8066
		{Position 5067.48 -1094.87 5.1826}
		{Orientation
			  0.137314   0.895837   0.422600
			 -0.988456   0.151511   0.000000
			 -0.064028  -0.417721   0.906300
		}
		{Extender "inventory"
			{box
				{clear}
				{item "mp40" {cell 0 0}}
				{item "ammo pistol" 40 {cell 4 0}}
				{item "grenade m24" {cell 6 0}}
			}
		}
		{DisableObstacles}
		{Player 2}
		{MID 65}
		{Breed "ger.infantry_smg"}
		{FsmState "board"}
	}
	{Entity "_infantry2_rus" 0x8067
		{Position 5079.82 -1096.76 5.1826}
		{Orientation
			  0.137314   0.895837   0.422600
			 -0.988456   0.151511   0.000000
			 -0.064028  -0.417721   0.906300
		}
		{Extender "inventory"
			{box
				{clear}
				{item "mp40" {cell 0 0}}
				{item "ammo pistol" 40 {cell 4 0}}
				{item "grenade m24" {cell 6 0}}
			}
		}
		{DisableObstacles}
		{Player 2}
		{MID 66}
		{Breed "ger.infantry_smg"}
		{FsmState "board"}
	}
	{Entity "_infantry2_rus" 0x8068
		{Position 5072.4 -1119.14 12.2872}
		{Turn 81.2855}
		{Extender "inventory"
			{box
				{clear}
				{item "mp40" {cell 0 0}}
				{item "ammo pistol" 40 {cell 4 0}}
				{item "grenade m24" {cell 6 0}}
			}
		}
		{DisableObstacles}
		{Player 2}
		{MID 67}
		{Breed "ger.infantry_smg"}
		{FsmState "board"}
	}
	{Entity "_infantry2_rus" 0x8069
		{Position 5069.1 -1110.86 6.3555}
		{Orientation
			  0.955872  -0.141660   0.257500
			  0.146766   0.989183  -0.000500
			 -0.254649   0.038223   0.966300
		}
		{Extender "inventory"
			{box
				{clear}
				{item "mg34" {cell 0 0}}
				{item "ammo mgun" 100 {cell 5 0}}
				{item "ammo mgun" 100 {cell 5 1}}
				{item "grenade m24" {cell 0 2}}
			}
		}
		{DisableObstacles}
		{Player 2}
		{MID 68}
		{Breed "ger.infantry_mgun"}
		{FsmState "board"}
	}
	{Entity "_infantry2_rus" 0x806a
		{Position 5067.54 -1121.36 6.3599}
		{Orientation
			  0.955872  -0.141660   0.257500
			  0.146766   0.989183  -0.000500
			 -0.254649   0.038223   0.966300
		}
		{Extender "inventory"
			{box
				{clear}
				{item "mp40" {cell 0 0}}
				{item "ammo pistol" 40 {cell 4 0}}
				{item "grenade m24" {cell 6 0}}
			}
		}
		{DisableObstacles}
		{Player 2}
		{MID 69}
		{Breed "ger.infantry_smg"}
		{FsmState "board"}
	}
	{Entity "_infantry2_rus" 0x806b
		{Position 5065.83 -1132.85 6.3648}
		{Orientation
			  0.955872  -0.141660   0.257500
			  0.146766   0.989183  -0.000500
			 -0.254649   0.038223   0.966300
		}
		{Extender "inventory"
			{box
				{clear}
				{item "mp40" {cell 0 0}}
				{item "ammo pistol" 40 {cell 4 0}}
				{item "grenade m24" {cell 6 0}}
			}
		}
		{DisableObstacles}
		{Player 2}
		{MID 77}
		{Breed "ger.infantry_smg"}
		{FsmState "board"}
	}
	{Entity "_infantry2_rus" 0x806c
		{Position 4855.61 -1211.41 0}
		{Orientation
			  0.689855   0.723948   0.000000
			  0.723948  -0.689855   0.000000
			  0.000000   0.000000   1.000000
		}
		{Extender "inventory"
			{box
				{clear}
				{item "mp41" {cell 0 0}}
				{item "ammo pistol" 60 {cell 4 0}}
			}
		}
		{Player 2}
		{MID 78}
		{Breed "ger.tankman"}
		{FsmState "board"}
	}
	{Entity "_infantry2_rus" 0x806d
		{Position 4855.61 -1211.41 0}
		{Orientation
			  0.689855   0.723948   0.000000
			  0.723948  -0.689855   0.000000
			  0.000000   0.000000   1.000000
		}
		{Extender "inventory"
			{box
				{clear}
				{item "mp41" {cell 0 0}}
				{item "ammo pistol" 60 {cell 4 0}}
			}
		}
		{Player 2}
		{MID 79}
		{Breed "ger.tankman"}
		{FsmState "board"}
	}
	{Entity "_infantry2_rus" 0x806e
		{Position 4855.61 -1211.41 0}
		{Orientation
			  0.689855   0.723948   0.000000
			  0.723948  -0.689855   0.000000
			  0.000000   0.000000   1.000000
		}
		{Extender "inventory"
			{box
				{clear}
				{item "mp41" {cell 0 0}}
				{item "ammo pistol" 60 {cell 4 0}}
			}
		}
		{Player 2}
		{MID 80}
		{Breed "ger.tankman"}
		{FsmState "board"}
	}
	{Entity "_infantry2_rus" 0x806f
		{Position 4855.61 -1211.41 0}
		{Orientation
			  0.689855   0.723948   0.000000
			  0.723948  -0.689855   0.000000
			  0.000000   0.000000   1.000000
		}
		{Extender "inventory"
			{box
				{clear}
				{item "mp41" {cell 0 0}}
				{item "ammo pistol" 60 {cell 4 0}}
			}
		}
		{Player 2}
		{MID 81}
		{Breed "ger.tankman"}
		{FsmState "board"}
	}
	{Entity "_infantry2_rus" 0x8071
		{Position 4843.62 -1254.54 25.0194}
		{Orientation
			 -0.170094  -0.904015   0.392300
			  0.984892  -0.142044   0.099600
			 -0.034268   0.403261   0.914400
		}
		{Extender "inventory"
			{box
				{clear}
				{item "mp40" {cell 0 0}}
				{item "ammo pistol" 40 {cell 4 0}}
				{item "grenade m24" {cell 6 0}}
			}
		}
		{DisableObstacles}
		{Player 2}
		{MID 83}
		{Breed "ger.infantry_smg"}
		{FsmState "board"}
	}
	{Entity "pz-3g" 0x8072
		{Position 4855.61 -1211.41 0}
		{Turn 46.3814}
		{Extender "inventory"
			{box
				{clear}
				{item "bullet50 ap" 50 {cell 2 0}}
				{item "bullet50 fg" 27 {cell 0 1}}
				{item "ammo mgun" 100 {cell 0 0}}
			}
		}
		{Player 2}
		{MID 84}
		{Weaponry
			{Number 1}
			{State "gun"
				{Weapon
					{Ammo "bullet50 fg" 1}
				}
			}
			{State "mgun"
				{Weapon
					{Ammo "ammo mgun" 50}
				}
			}
		}
	}
	{Entity "_infantry2_rus" 0x8074
		{Position 4812.95 -1217.93 25.0194}
		{Orientation
			 -0.585993   0.803027   0.108300
			 -0.797285  -0.595332   0.099600
			  0.144472  -0.027991   0.989100
		}
		{Extender "inventory"
			{box
				{clear}
				{item "mp40" {cell 0 0}}
				{item "ammo pistol" 40 {cell 4 0}}
				{item "grenade m24" {cell 6 0}}
			}
		}
		{DisableObstacles}
		{Player 2}
		{MID 82}
		{Breed "ger.infantry_smg"}
		{FsmState "board"}
	}
	{Entity "boxes1" 0x804e
		{Position 2921.87 4260.54 -44}
		{Turn -14.3114}
		{Extender "inventory"
			{box
				{clear}
				{item "grenade rpg40" 5 {cell 0 1}}
				{item "mine_detector" 2 {cell 0 2}}
				{item "bandage" 10 {cell 2 1}}
				{item "matchbox" 10 {cell 4 1}}
			}
		}
	}
	{Entity "sdkfz232" 0x804f
		{Position -901.899 6091.36 40.7839}
		{Turn 5.44247}
		{Player 2}
		{MID 85}
		{Weaponry
			{State "gun"
				{Weapon
					{Ammo "bullet20 zenite" 1}
				}
			}
			{State "mgun"
				{Weapon
					{Ammo "ammo mgun" 47}
				}
			}
		}
	}
	{Entity "sdkfz10-5" 0x8050
		{Position -1076.31 6090.18 42}
		{Player 2}
		{MID 86}
		{Weaponry
			{State
				{Weapon
					{Ammo "bullet20 zenite" 48}
				}
			}
		}
	}
	{Entity "pz-2f" 0x8070
		{Position -666.666 6098.75 8.89724}
		{Turn 39.0225}
		{Placer
			{State "seat4" {Broken}}
		}
		{Player 2}
		{MID 87}
		{Weaponry
			{Number 1}
			{State "gun"
				{Weapon
					{Ammo "bullet20 ap" 1}
				}
			}
			{State "mgun"
				{Weapon
					{Ammo "ammo mgun" 50}
				}
			}
		}
	}
	{Entity "_infantry2_rus" 0x8073
		{Position -666.666 6098.75 8.89724}
		{Orientation
			  0.774209   0.627446  -0.083144
			  0.620374  -0.778310  -0.096798
			  0.125447  -0.023361   0.991825
		}
		{Extender "inventory"
			{box
				{clear}
				{item "mp41" {cell 0 0}}
				{item "ammo pistol" 60 {cell 4 0}}
			}
		}
		{Player 2}
		{MID 88}
		{Breed "ger.tankman"}
		{FsmState "board"}
	}
	{Entity "_infantry2_rus" 0x8075
		{Position -666.666 6098.75 8.89724}
		{Orientation
			  0.774209   0.627446  -0.083144
			  0.620374  -0.778310  -0.096798
			  0.125447  -0.023361   0.991825
		}
		{Extender "inventory"
			{box
				{clear}
				{item "mp41" {cell 0 0}}
				{item "ammo pistol" 60 {cell 4 0}}
			}
		}
		{Player 2}
		{MID 89}
		{Breed "ger.tankman"}
		{FsmState "board"}
	}
	{Entity "_infantry2_rus" 0x8076
		{Position -666.666 6098.75 8.89724}
		{Orientation
			  0.774209   0.627446  -0.083144
			  0.620374  -0.778310  -0.096798
			  0.125447  -0.023361   0.991825
		}
		{Extender "inventory"
			{box
				{clear}
				{item "mp41" {cell 0 0}}
				{item "ammo pistol" 60 {cell 4 0}}
			}
		}
		{Player 2}
		{MID 90}
		{Breed "ger.tankman"}
		{FsmState "board"}
	}
	{Entity "_infantry2_rus" 0x8077
		{Position -666.666 6098.75 8.89724}
		{Orientation
			  0.774209   0.627446  -0.083144
			  0.620374  -0.778310  -0.096798
			  0.125447  -0.023361   0.991825
		}
		{Extender "inventory"
			{box
				{clear}
				{item "mp41" {cell 0 0}}
				{item "ammo pistol" 60 {cell 4 0}}
			}
		}
		{Player 2}
		{MID 91}
		{Breed "ger.tankman"}
		{FsmState "board"}
	}
	{Entity "_infantry2_rus" 0x8078
		{Position -901.899 6091.36 40.7839}
		{Orientation
			  0.994861   0.094786  -0.035592
			  0.093842  -0.995212  -0.027320
			  0.038011  -0.023839   0.998993
		}
		{Extender "inventory"
			{box
				{clear}
				{item "mp41" {cell 0 0}}
				{item "ammo pistol" 60 {cell 4 0}}
			}
		}
		{Player 2}
		{MID 92}
		{Breed "ger.tankman"}
		{FsmState "board"}
	}
	{Entity "_infantry2_rus" 0x8079
		{Position -901.899 6091.36 40.7839}
		{Orientation
			  0.994861   0.094786  -0.035592
			  0.093842  -0.995212  -0.027320
			  0.038011  -0.023839   0.998993
		}
		{Extender "inventory"
			{box
				{clear}
				{item "mp41" {cell 0 0}}
				{item "ammo pistol" 60 {cell 4 0}}
			}
		}
		{Player 2}
		{MID 93}
		{Breed "ger.tankman"}
		{FsmState "board"}
	}
	{Entity "_infantry2_rus" 0x807a
		{Position -1065.06 6095.9 49.8749}
		{Orientation
			  0.984800   0.000000   0.173600
			  0.000000   1.000000   0.000000
			 -0.173600   0.000000   0.984800
		}
		{Extender "inventory"
			{box
				{clear}
				{item "mp40" {cell 0 0}}
				{item "ammo pistol" 40 {cell 4 0}}
				{item "grenade m24" {cell 6 0}}
			}
		}
		{DisableObstacles}
		{Player 2}
		{MID 94}
		{Breed "ger.infantry_smg"}
		{FsmState "board"}
	}
	{Entity "_infantry2_rus" 0x807b
		{Position -1065.03 6080.89 49.876}
		{Orientation
			  0.984800   0.000000   0.173600
			  0.000000   1.000000   0.000000
			 -0.173600   0.000000   0.984800
		}
		{Extender "inventory"
			{box
				{clear}
				{item "mp40" {cell 0 0}}
				{item "ammo pistol" 40 {cell 4 0}}
				{item "grenade m24" {cell 6 0}}
			}
		}
		{DisableObstacles}
		{Player 2}
		{MID 95}
		{Breed "ger.infantry_smg"}
		{FsmState "board"}
	}
	{Entity "_infantry2_rus" 0x807d
		{Position -1098.87 6098.46 60.0469}
		{Orientation
			  0.933700  -0.000500   0.358000
			  0.000600   1.000000  -0.000100
			 -0.358000   0.000300   0.933700
		}
		{Extender "inventory"
			{box
				{clear}
				{item "mp40" {cell 0 0}}
				{item "ammo pistol" 40 {cell 4 0}}
				{item "grenade m24" {cell 6 0}}
			}
		}
		{DisableObstacles}
		{Player 2}
		{MID 97}
		{Breed "ger.infantry_smg"}
		{FsmState "board"}
	}
	{Entity "_infantry2_rus" 0x807e
		{Position -901.899 6091.36 40.7839}
		{Orientation
			  0.994861   0.094786  -0.035592
			  0.093842  -0.995212  -0.027320
			  0.038011  -0.023839   0.998993
		}
		{Extender "inventory"
			{box
				{clear}
				{item "mp41" {cell 0 0}}
				{item "ammo pistol" 60 {cell 4 0}}
			}
		}
		{Player 2}
		{MID 98}
		{Breed "ger.tankman"}
		{FsmState "board"}
	}
	{Entity "_infantry2_rus" 0x807f
		{Position -901.899 6091.36 40.7839}
		{Orientation
			  0.994861   0.094786  -0.035592
			  0.093842  -0.995212  -0.027320
			  0.038011  -0.023839   0.998993
		}
		{Extender "inventory"
			{box
				{clear}
				{item "mp41" {cell 0 0}}
				{item "ammo pistol" 60 {cell 4 0}}
			}
		}
		{Player 2}
		{MID 99}
		{Breed "ger.tankman"}
		{FsmState "board"}
	}
