;Exported by: vic
;Date:        Wed Feb 04 10:43:49 2004
;File:        D:\-Projects-\-3DWork-\Constructions\NEW\Ruini\monastery\Monastery2_x.max
{Skeleton
	{bone "wall6_x"
		{Orientation
			1.0000	0.0000	0.0000
			0.0000	-1.0000	0.0000
			0.0000	0.0000	1.0000
		}
		{bone "sub_piece1"
			{Matrix34
				-1.0000	0.0000	0.0000
				0.0000	0.0000	1.0000
				0.0000	1.0000	-0.0000
				17.8005	-0.0035	18.6381
			}
			{VolumeView "sub_piece1.ply"}
		}
		{bone "piece0"
			{Matrix34
				-1.0000	0.0000	0.0000
				0.0000	0.0000	1.0000
				0.0000	1.0000	-0.0000
				-15.9338	-0.0035	30.7121
			}
			{VolumeView "piece0.ply"}
		}
		{bone "sub_piece2"
			{Matrix34
				-1.0000	0.0000	0.0000
				0.0000	0.0000	1.0000
				0.0000	1.0000	-0.0000
				-2.9717	-0.0035	51.9858
			}
			{VolumeView "sub_piece2.ply"}
		}
		{bone "sub_piece0"
			{Matrix34
				-1.0000	0.0000	0.0000
				0.0000	0.0000	1.0000
				0.0000	1.0000	-0.0000
				-8.5573	-0.0035	11.0670
			}
			{VolumeView "sub_piece0.ply"}
		}
		{bone "piece1"
			{Matrix34
				-1.0000	0.0000	0.0000
				0.0000	0.0000	1.0000
				0.0000	1.0000	-0.0000
				20.9587	-0.0035	46.6073
			}
			{VolumeView "piece1.ply"}
		}
	}
}
{Volume "piece1"
	{Box 22.9557 11.811 27.7946}
	{Bone "piece1"}
	{Matrix34
		-1.0000	0.0000	-0.0000
		0.0000	0.0000	1.0000
		0.0000	1.0000	-0.0000
		-0.5215	-0.6737	-0.0461
	}
}
{Volume "sub_piece0"
	{Box 9.88091 11.811 12.4597}
	{Bone "sub_piece0"}
	{Matrix34
		-0.8347	0.5506	-0.0000
		0.0000	0.0000	1.0000
		0.5506	0.8347	-0.0000
		-1.4538	-0.2589	-0.0461
	}
}
{Volume "sub_piece2"
	{Box 10.9788 11.811 12.7753}
	{Bone "sub_piece2"}
	{Matrix34
		-0.8719	-0.4898	-0.0000
		0.0000	-0.0000	1.0000
		-0.4898	0.8719	0.0000
		0.3446	-0.1394	-0.0461
	}
}
{Volume "piece0"
	{Box 29.7425 11.811 21.469}
	{Bone "piece0"}
	{Matrix34
		-0.9867	0.1623	0.0000
		0.0000	0.0000	1.0000
		0.1623	0.9867	-0.0000
		0.1294	-0.4682	-0.0461
	}
}
{Volume "sub_piece1"
	{Box 17.3665 11.811 14.3765}
	{Bone "sub_piece1"}
	{Matrix34
		-0.1969	-0.9804	-0.0000
		0.0000	-0.0000	1.0000
		-0.9804	0.1969	0.0000
		0.1686	-0.0239	-0.0461
	}
}
