;Exported by: shevchenko
;Date:        Mon Apr 19 11:50:54 2004
;File:        D:\-Projects-\-3DWork-\sheva\kuznja_1_x.max
{Skeleton
	{animation
		{sequence "crush" {speed 0.8}}
	}
	{bone "kuznja_wall1_x"
		{parameters "CommonMesh;"}
		{Orientation
			1.0000	0.0000	0.0000
			0.0000	-1.0000	0.0000
			0.0000	0.0000	1.0000
		}
		{VolumeView "kuznja_wall1_x.ply"}
		{bone "piece1"
			{Matrix34
				-0.0000	1.0000	0.0000
				0.0000	0.0000	1.0000
				1.0000	0.0000	-0.0000
				46.1625	2.7548	71.4784
			}
			{VolumeView "piece1.ply"}
		}
		{bone "piece2"
			{Matrix34
				-0.0000	1.0000	0.0000
				0.0000	0.0000	1.0000
				1.0000	0.0000	-0.0000
				46.1625	39.8216	70.1885
			}
			{VolumeView "piece2.ply"}
		}
		{bone "piece3"
			{Matrix34
				-0.0000	1.0000	0.0000
				0.0000	0.0000	1.0000
				1.0000	0.0000	-0.0000
				43.2097	28.1431	28.0434
			}
			{VolumeView "piece3.ply"}
		}
		{bone "piece4"
			{Matrix34
				-0.0000	1.0000	0.0000
				0.0000	0.0000	1.0000
				1.0000	0.0000	-0.0000
				46.1625	-29.6973	76.6510
			}
			{VolumeView "piece4.ply"}
		}
	}
}
{Volume "piece4"
	{Box 5.90551 11.3239 13.878}
	{Bone "piece4"}
	{Matrix34
		-0.0000	0.0000	1.0000
		0.9762	0.2171	0.0000
		-0.2171	0.9762	-0.0000
		0.7211	-1.1250	-0.0006
	}
}
{Volume "piece3"
	{Box 5.90551 29.0358 18.5039}
	{Bone "piece3"}
	{Matrix34
		-0.0000	0.0000	1.0000
		1.0000	-0.0000	0.0000
		0.0000	1.0000	-0.0000
		1.5317	-1.1569	2.9521
	}
}
{Volume "piece2"
	{Box 5.90551 21.7768 11.6575}
	{Bone "piece2"}
	{Matrix34
		-0.0000	0.0000	1.0000
		0.8529	-0.5221	0.0000
		0.5221	0.8529	-0.0000
		0.3744	-0.8177	-0.0006
	}
}
{Volume "piece1"
	{Box 5.90551 14.7385 37.0079}
	{Bone "piece1"}
	{Matrix34
		-0.0000	0.0000	1.0000
		0.9984	0.0565	0.0000
		-0.0565	0.9984	-0.0000
		1.4326	-1.2164	-0.0006
	}
}
