;Exported by: garry
;Date:        Sat May 29 21:59:57 2004
;File:        D:\-Projects-\-3DWork-\Танки\Pz-4\Pz_4D.max
{Skeleton
	{animation
		{sequence "start"}
		{sequence "stop"}
		{sequence "fire"}
		{sequence "open" {resume}}
		{sequence "hit"}
	}
	{bone "Basis"
		{Orientation
			1.0000	0.0000	0.0000
			0.0000	-1.0000	0.0000
			0.0000	0.0000	1.0000
		}
		{bone "Body"
			{parameters "ID=body;"}
			{animation
				{sequence "repair" {file "body_r.anm"} {speed 0.8}}
			}
			{Position -3.2370	-1.7970	14.5860}
			{VolumeView "Body.ply"}
			{bone revolute "Turret"
				{parameters "ID=turret;"}
				{animation
					{sequence "repair" {file "turret_r.anm"} {speed 0.7}}
				}
				{speed 0.0200}
				{Position -2.4493	2.3636	24.7841}
				{VolumeView "Turret.ply"}
				{bone "Visor1"
					{Position -1.1628	3.1293	8.2280}
				}
				{bone revolute "Gun_rot"
					{parameters "ID=gun;"}
					{limits -15.0000 10.0000}
					{speed 0.0100}
					{Matrix34
						1.0000	-0.0000	0.0000
						0.0000	0.0000	1.0000
						-0.0000	-1.0000	0.0000
						18.3118	-1.1826	0.8772
					}
					{VolumeView "Gun_rot.ply"}
					{bone "Gun"
						{parameters "ID=gun;"}
						{Matrix34
							1.0000	0.0000	-0.0000
							-0.0000	0.0000	-1.0000
							-0.0000	1.0000	0.0000
							3.9626	-0.5816	-2.0132
						}
						{VolumeView "Gun.ply"}
						{bone prizmatic "Foresight1"
							{Matrix34
								1.0000	0.0000	-0.0000
								0.0000	-0.0000	1.0000
								0.0000	-1.0000	0.0000
								20.6119	-0.0472	0.3184
							}
						}
					}
					{bone "Foresight3"
						{Position 4.8230	0.1818	4.3720}
					}
				}
				{bone "Cover"
					{parameters "ID=turret;"}
					{Matrix34
						0.9063	0.4226	-0.0000
						-0.4226	0.9063	0.0000
						0.0000	0.0000	1.0000
						-1.4680	-3.4558	10.4076
					}
					{VolumeView "Cover.ply"}
				}
				{bone "FXfire2"
					{Matrix34
						0.0000	-0.0000	1.0000
						0.0000	1.0000	0.0000
						-1.0000	0.0000	0.0000
						-10.9394	0.3800	3.2637
					}
				}
			}
			{bone "FXfire1"
				{Matrix34
					-0.1710	0.1736	0.9698
					0.0302	0.9848	-0.1710
					-0.9848	-0.0000	-0.1736
					-28.7934	0.9556	16.2871
				}
			}
			{bone "FXshot"
				{Matrix34
					0.0000	0.0000	1.0000
					-0.0000	1.0000	-0.0000
					-1.0000	-0.0000	0.0000
					-5.4365	0.9556	10.8590
				}
			}
			{bone "FXsmoke1"
				{Matrix34
					-0.2143	0.0539	0.9753
					-0.0200	-0.9985	0.0508
					0.9766	-0.0086	0.2151
					-46.1121	9.8255	13.7648
				}
			}
			{bone revolute "WheelL1"
				{parameters "ID=body;"}
				{Matrix34
					-1.0000	-0.0000	-0.0051
					-0.0051	-0.0000	1.0000
					-0.0000	1.0000	0.0000
					47.0512	23.9098	-0.2693
				}
				{VolumeView "WheelL1.ply"}
			}
			{bone revolute "WheelR1"
				{parameters "ID=body;"}
				{Matrix34
					-1.0000	-0.0000	-0.0051
					-0.0051	-0.0000	1.0000
					-0.0000	1.0000	0.0000
					47.0512	-20.7996	-0.2693
				}
				{VolumeView "WheelR1.ply"}
			}
			{bone revolute "WheelL2"
				{parameters "ID=body;"}
				{Matrix34
					-1.0000	-0.0000	-0.0051
					-0.0051	-0.0000	1.0000
					-0.0000	1.0000	0.0000
					-45.1760	25.0912	-3.8144
				}
				{VolumeView "WheelL2.ply"}
			}
			{bone revolute "WheelR2"
				{parameters "ID=body;"}
				{Matrix34
					-1.0000	-0.0000	-0.0051
					-0.0051	-0.0000	1.0000
					-0.0000	1.0000	0.0000
					-45.1760	-19.3645	-3.8144
				}
				{VolumeView "WheelR2.ply"}
			}
			{bone "Visor2"
				{Position 38.2119	10.6406	12.9810}
			}
			{bone "engine"
				{parameters "ID=engine;"}
				{Matrix34
					0.0025	0.1736	0.9848
					-0.0004	0.9848	-0.1736
					-1.0000	-0.0000	0.0025
					-33.4304	2.4557	5.8051
				}
			}
			{bone "Seat04"
				{Matrix34
					0.2932	-0.9415	0.1660
					0.9560	0.2888	-0.0509
					0.0000	0.1736	0.9848
					-22.4957	-19.6261	13.1020
				}
			}
			{bone "Seat03"
				{Matrix34
					0.0000	-0.9848	0.1736
					1.0000	0.0000	0.0000
					0.0000	0.1736	0.9848
					-38.7785	-19.6261	13.1020
				}
			}
			{bone "Seat01"
				{Matrix34
					0.2548	0.9523	0.1679
					-0.9670	0.2509	0.0442
					-0.0000	-0.1736	0.9848
					-24.1674	24.6454	13.1020
				}
			}
			{bone "Seat02"
				{Matrix34
					0.0000	0.9848	0.1736
					-1.0000	0.0000	0.0000
					-0.0000	-0.1736	0.9848
					-39.1744	24.6454	13.1020
				}
			}
		}
		{bone "WheelsL"
			{parameters "ID=trackleft;"}
			{Matrix34
				-1.0000	-0.0000	0.0000
				0.0000	-0.0000	1.0000
				-0.0000	1.0000	0.0000
				-1.8230	22.5787	10.9635
			}
			{VolumeView "WheelsL.ply"}
			{bone "FXtraceL2"
				{Matrix34
					0.9659	0.2588	0.0000
					0.0000	0.0000	-1.0000
					-0.2588	0.9659	-0.0000
					35.9395	-10.0901	-2.0866
				}
			}
			{bone "FXtraceL1"
				{Matrix34
					1.0000	-0.0000	0.0000
					0.0000	0.0000	-1.0000
					-0.0000	1.0000	-0.0000
					-36.5751	-3.5130	1.0416
				}
			}
			{bone "TrackL"
				{parameters "CommonMesh;ID=trackleft;"}
				{Position 2.7499	0.5981	1.3679}
				{VolumeView "TrackL.ply"}
			}
		}
		{bone "WheelsR"
			{parameters "ID=trackright;"}
			{Matrix34
				-1.0000	-0.0000	0.0000
				0.0000	-0.0000	1.0000
				-0.0000	1.0000	0.0000
				-1.8230	-21.6223	10.9635
			}
			{VolumeView "WheelsR.ply"}
			{bone "FXtraceR1"
				{Matrix34
					1.0000	-0.0000	0.0000
					0.0000	0.0000	-1.0000
					-0.0000	1.0000	0.0000
					-36.5751	-3.5130	-1.7913
				}
			}
			{bone "FXtraceR2"
				{Matrix34
					0.9659	0.2588	0.0000
					0.0000	0.0000	-1.0000
					-0.2588	0.9659	0.0000
					35.9395	-10.0901	2.3666
				}
			}
			{bone "TrackR"
				{parameters "CommonMesh;ID=trackright;"}
				{Matrix34
					1.0000	0.0000	-0.0000
					-0.0000	1.0000	-0.0000
					-0.0000	0.0000	1.0000
					2.7499	0.5981	-0.5408
				}
				{VolumeView "TrackR.ply"}
			}
		}
		{bone "emit1"
			{Matrix34
				-0.0000	-1.0000	0.0000
				1.0000	-0.0000	0.0000
				0.0000	0.0000	1.0000
				23.6290	41.1214	-0.0000
			}
			{visibility 0}
		}
		{bone "emit2"
			{Matrix34
				0.0000	1.0000	0.0000
				-1.0000	0.0000	0.0000
				0.0000	0.0000	1.0000
				26.5971	-39.7857	0.0000
			}
			{visibility 0}
		}
		{bone "emit3"
			{Matrix34
				-0.0000	-1.0000	0.0000
				1.0000	-0.0000	0.0000
				0.0000	0.0000	1.0000
				-25.2411	42.0661	-0.0000
			}
			{visibility 0}
		}
		{bone "emit4"
			{Matrix34
				-0.0000	-1.0000	0.0000
				1.0000	-0.0000	0.0000
				0.0000	0.0000	1.0000
				-42.1339	42.0661	-0.0000
			}
			{visibility 0}
		}
		{bone "emit6"
			{Matrix34
				0.0000	1.0000	0.0000
				-1.0000	0.0000	0.0000
				0.0000	0.0000	1.0000
				-25.3236	-39.7856	0.0000
			}
			{visibility 0}
		}
		{bone "emit5"
			{Matrix34
				0.0000	1.0000	0.0000
				-1.0000	0.0000	0.0000
				0.0000	0.0000	1.0000
				-41.8853	-39.7856	0.0000
			}
			{visibility 0}
		}
	}
}
{Volume "Trackright"
	{Box 109.755 8.65687 21.6335}
	{Bone "WheelsR"}
	{Matrix34
		-1.0000	0.0000	-0.0000
		-0.0000	-0.0000	1.0000
		0.0000	1.0000	-0.0000
		-0.2197	-0.0075	-1.1673
	}
}
{Volume "Trackleft"
	{Box 109.755 8.65687 21.6335}
	{Bone "WheelsL"}
	{Matrix34
		-1.0000	0.0000	-0.0000
		-0.0000	-0.0000	1.0000
		0.0000	1.0000	-0.0000
		-0.2197	-0.0075	0.7374
	}
}
{Volume "engine"
	{Box 14.3889 30.4884 20.2055}
	{Bone "engine"}
	{Matrix34
		0.0025	-0.0004	-1.0000
		0.1737	0.9848	-0.0000
		0.9848	-0.1737	0.0025
		0.0000	-0.0000	0.0000
	}
}
{Volume "crew"
	{Box 14.3963 14.7878 33.428}
	{Bone "Body"}
	{Position 2.3975	1.7550	11.0549}
}
{Volume "Inventory"
	{Box 16.8121 28.3106 22.5218}
	{Bone "Body"}
	{Position -14.7402	2.5592	5.7476}
}
{Volume "Body2"
	{Box 80.5091 46.1986 8.91692}
	{Bone "Body"}
	{Position -3.1475	1.9592	13.9866}
}
{Volume "Body1"
	{Box 99.394 39.3494 16.6578}
	{Bone "Body"}
	{Position 4.3642	1.1078	1.5031}
}
{Volume "gun"
	{Cylinder 1.79077 24.3389}
	{Bone "Gun"}
	{Matrix34
		-0.0000	1.0000	-0.0000
		0.0000	0.0000	1.0000
		1.0000	0.0000	-0.0000
		7.7327	-0.0300	0.5552
	}
}
{Volume "Turret"
	{Polyhedron "Turret.vol"}
	{Bone "Turret"}
	{Position 1.8099	0.3551	-6.3094}
}
