{Skeleton
	{animation
		{sequence "recoil" {speed 0.4}}
	}
	{bone "basis"
		{Orientation
			1.0000	0.0000	0.0000
			0.0000	-1.0000	0.0000
			0.0000	0.0000	1.0000
		}
		{bone revolute "Flak37"
			{limits -120.0000 120.0000}
			{speed 0.0100}
			{Position 0.0001	-0.0000	17.1259}
			{VolumeView "Flak37.ply"}
			{bone revolute "Gun_rot"
				{limits -10.0000 10.0000}
				{speed 0.0100}
				{Matrix34
					1.0000	0.0000	0.0000
					-0.0000	-0.0000	1.0000
					0.0000	-1.0000	-0.0000
					0.0131	-0.0339	7.1614
				}
				{VolumeView "Gun_rot.ply"}
				{bone "gun"
					{Matrix34
						-0.0000	-0.9994	0.0349
						-0.0000	0.0349	0.9994
						1.0000	-0.0000	0.0000
						8.5032	-0.0793	-0.0339
					}
					{VolumeView "gun.ply"}
					{bone "Foresight1"
						{Matrix34
							-0.0000	0.0000	1.0000
							-0.0342	-0.9994	-0.0000
							-0.9994	0.0342	-0.0000
							0.0468	-0.0230	37.4653
						}
					}
				}
			}
			{bone "Visor"
				{Position 2.1711	0.0000	18.8267}
			}
			{bone "gunner"
				{Matrix34
					1.0000	0.0000	-0.0010
					0.0000	1.0000	0.0009
					0.0010	-0.0009	1.0000
					-10.6711	-10.1647	-17.1259
				}
			}
			{bone "commander"
				{Matrix34
					0.9063	-0.4226	-0.0013
					0.4226	0.9063	0.0001
					0.0012	-0.0006	1.0000
					-9.9884	10.9157	-17.1259
				}
			}
		}
		{bone "emit2"
			{Matrix34
				0.5000	0.8660	0.0000
				-0.8660	0.5000	0.0000
				0.0000	0.0000	1.0000
				-18.7410	16.6176	0.0000
			}
		}
		{bone "emit1"
			{Position -21.9697	-10.3925	0.0000}
		}
	}
}
{Volume "turret1"
	{Box 6.58025 9.21408 22.6206}
	{Bone "Flak37"}
	{Position 0.2227	0.0000	-6.0058}
}
{Volume "turret"
	{Box 6.58025 30.7136 33.2656}
	{Bone "Flak37"}
	{Matrix34
		0.9848	0.0000	0.1736
		0.0000	1.0000	0.0000
		-0.1736	0.0000	0.9848
		7.5538	0.0000	1.1488
	}
}
{Volume "gun_rot"
	{Box 5.65901 6.624 31.895}
	{Bone "Gun_rot"}
	{Matrix34
		0.0000	1.0000	-0.0000
		0.0000	-0.0000	-1.0000
		-1.0000	0.0000	-0.0000
		-10.8616	1.0553	-0.0339
	}
}
{Volume "Gun"
	{Cylinder 1.27835 39.453}
	{Bone "gun"}
	{Matrix34
		0.9994	-0.0349	0.0000
		-0.0349	-0.9994	-0.0000
		-0.0000	-0.0000	1.0000
		-0.0257	-0.2021	17.1704
	}
}
