;Exported by: sk
;Date:        Thu Apr 15 16:09:24 2004
;File:        D:\-PROJE~1\-3DWork-\Soldiers\Germany\com1_ger.max
{Skeleton
	{extension "/properties/animation/human/human_anm.ext"}
	{bone revolute "Basis"
		{limits -30.0000 30.0000}
		{speed 0.1000}
		{Orientation
			1.0000	0.0000	0.0000
			0.0000	-1.0000	0.0000
			0.0000	0.0000	1.0000
		}
		{bone "Skin"
			{Matrix34
				0.9063	0.0000	-0.4226
				-0.0000	-1.0000	-0.0000
				0.4226	-0.0000	0.9063
				-0.0000	0.0767	26.9396
			}
			{VolumeView "Skin.ply"}
		}
		{bone revolute "Foresight2rot"
			{limits -20.0000 20.0000}
			{speed 0.1000}
			{Position 13.7429	0.0247	27.5947}
			{bone revolute "Foresight2"
				{limits -10.0000 80.0000}
				{speed 0.1000}
				{Matrix34
					1.0000	0.0000	0.0000
					0.0000	0.0000	1.0000
					0.0000	-1.0000	0.0000
					4.9885	0.0000	0.0000
				}
			}
		}
		{bone revolute "placement"
			{Position -0.0000	0.0345	20.5380}
		}
		{bone "Body"
			{Matrix34
				0.0000	-0.0000	1.0000
				0.0000	-1.0000	-0.0000
				1.0000	0.0000	0.0000
				-0.0000	0.0345	19.7548
			}
			{bone "foot1L"
				{Matrix34
					-0.9733	-0.0933	0.2097
					0.2091	0.0165	0.9778
					0.0946	-0.9955	-0.0034
					-0.1435	-2.1310	-0.4890
				}
				{bone "foot2L"
					{Matrix34
						0.9318	-0.3630	0.0000
						0.3630	0.9318	0.0000
						-0.0000	-0.0000	1.0000
						9.3784	-0.0472	0.0000
					}
					{bone "Bone06"
						{Matrix34
							0.2214	0.9740	0.0488
							-0.9723	0.2166	0.0881
							0.0752	-0.0670	0.9949
							8.7402	0.1133	0.0057
						}
					}
					{bone "foot3L"
						{Matrix34
							0.1450	0.9415	0.3041
							0.0472	-0.3136	0.9484
							0.9883	-0.1232	-0.0899
							9.2003	-0.3463	-0.0730
						}
						{bone "Bone07"
							{Position 2.6001	-0.0000	0.0000}
						}
					}
				}
			}
			{bone "foot1R"
				{Matrix34
					-0.9903	0.0913	0.1047
					0.1037	-0.0156	0.9945
					0.0924	0.9957	0.0059
					-0.1435	2.1710	-0.4888
				}
				{bone "foot2R"
					{Matrix34
						0.9367	-0.3500	-0.0000
						0.3500	0.9367	-0.0000
						0.0000	0.0000	1.0000
						9.3783	-0.0472	0.0000
					}
					{bone "Bone03"
						{Matrix34
							0.2214	0.9740	0.0488
							-0.9723	0.2166	0.0881
							0.0752	-0.0670	0.9949
							8.7402	0.1133	0.0057
						}
					}
					{bone "foot3R"
						{Matrix34
							0.0661	0.9408	0.3324
							-0.0722	0.3368	-0.9388
							-0.9952	0.0381	0.0902
							9.2003	-0.3463	-0.0730
						}
						{bone "Bone05"
							{Position 2.6001	-0.0000	-0.0000}
						}
					}
				}
			}
			{bone revolute "IK_LeftRight"
				{limits -60.0000 60.0000}
				{speed 0.1000}
				{Matrix34
					-0.0000	-0.0000	1.0000
					-0.0000	-1.0000	-0.0000
					1.0000	-0.0000	-0.0000
					1.9037	0.0345	-0.0000
				}
				{bone revolute "IK_UpDown"
					{limits -40.0000 20.0000}
					{speed 0.1000}
					{Matrix34
						1.0000	-0.0000	0.0000
						-0.0000	0.0000	1.0000
						-0.0000	-1.0000	0.0000
						0.0000	-0.0000	1.6680
					}
					{bone "Head"
						{Matrix34
							1.0000	-0.0000	-0.0000
							-0.0000	-0.0000	-1.0000
							0.0000	1.0000	-0.0000
							-0.0000	7.2146	0.0000
						}
						{bone "VISOR"
							{Matrix34
								1.0000	0.0000	-0.0000
								-0.0000	1.0000	0.0000
								-0.0000	-0.0000	1.0000
								2.3192	0.0000	2.3329
							}
						}
					}
					{bone "Hand1R"
						{Matrix34
							-0.1572	-0.9705	0.1830
							0.9570	-0.1955	-0.2142
							0.2437	0.1415	0.9595
							-0.0888	5.8989	4.1259
						}
						{bone "Hand2R"
							{Matrix34
								0.9454	0.3258	0.0000
								-0.3258	0.9454	-0.0000
								0.0000	-0.0000	1.0000
								6.2681	-0.0000	0.0000
							}
							{bone "Hand3R"
								{Matrix34
									0.9826	-0.1857	0.0000
									0.1857	0.9826	0.0000
									-0.0000	-0.0000	1.0000
									5.1922	-0.0000	0.0000
								}
							}
							{bone "right_hand"
								{Matrix34
									0.9969	0.0770	-0.0180
									-0.0634	0.9144	0.3999
									0.0472	-0.3975	0.9164
									5.7784	0.0493	0.1693
								}
							}
						}
					}
					{bone "Hand1L"
						{Matrix34
							-0.2379	-0.9430	-0.2329
							0.9224	-0.2945	0.2501
							-0.3044	-0.1553	0.9398
							-0.0888	5.8989	-4.1339
						}
						{bone "Hand2L"
							{Matrix34
								0.8084	0.5887	0.0000
								-0.5887	0.8084	0.0000
								-0.0000	0.0000	1.0000
								6.2681	-0.0000	-0.0000
							}
							{bone "Hand3L"
								{Matrix34
									0.9826	-0.1857	0.0000
									0.1857	0.9826	0.0000
									-0.0000	-0.0000	1.0000
									5.1922	-0.0000	0.0000
								}
							}
							{bone "left_hand"
								{Matrix34
									0.2757	0.8235	-0.4958
									0.0042	-0.5168	-0.8561
									-0.9612	0.2339	-0.1459
									6.3680	-0.5328	0.5150
								}
							}
						}
					}
					{bone "Gun_back"
						{Matrix34
							-0.0804	0.9928	0.0885
							-0.1137	0.0791	-0.9904
							-0.9903	-0.0897	0.1065
							-2.4949	-4.2536	2.4259
						}
					}
				}
			}
		}
	}
}
{Volume "Body"
	{Box 6.88701 11.5039 8.02787}
	{Bone "IK_UpDown"}
	{Matrix34
		1.0000	-0.0000	-0.0000
		-0.0000	-0.0000	-1.0000
		-0.0000	1.0000	0.0000
		0.0972	2.8548	0.0176
	}
}
{Volume "Head"
	{Box 4.51183 4.54611 4.82449}
	{Bone "Head"}
	{Position 0.0972	-0.0176	2.4890}
}
{Volume "Foots"
	{Box 6.13112 8.6359 22.5015}
	{Bone "Body"}
	{Matrix34
		-0.0000	0.0000	1.0000
		-0.0000	-1.0000	0.0000
		1.0000	-0.0000	-0.0000
		-8.3974	0.0520	0.0972
	}
}
