;Exported by: garry
;Date:        Tue Sep 28 12:58:06 2004
;File:        D:\-Projects-\-3DWork-\Model\Танки\Sherman\M4Calliope\Calliope_xx_parts.max
{Skeleton
	{bone "Basis"
		{Orientation
			1.0000	0.0000	0.0000
			0.0000	-1.0000	0.0000
			0.0000	0.0000	1.0000
		}
		{bone "WheelsL"
			{parameters "ID=trackleft;"}
			{Matrix34
				-1.0000	0.0000	0.0000
				0.0000	0.0000	1.0000
				0.0000	1.0000	-0.0000
				-5.6604	20.5032	11.3966
			}
			{VolumeView "WheelsL.ply"}
		}
		{bone "WheelsR"
			{parameters "ID=trackright;"}
			{Matrix34
				-1.0000	-0.0000	0.0000
				0.0000	-0.0000	1.0000
				0.0000	-1.0000	-0.0000
				-5.6604	-20.1576	11.3966
			}
			{VolumeView "WheelsR.ply"}
		}
		{bone "body"
			{parameters "ID=body;"}
			{Position -1.4397	-0.0347	22.0866}
			{VolumeView "body.ply"}
			{bone "part3"
				{Matrix34
					0.9998	-0.0007	-0.0188
					0.0003	0.9998	-0.0188
					0.0188	0.0188	0.9996
					-42.4619	-0.0007	1.9192
				}
				{VolumeView "part3.ply"}
			}
			{bone "part4"
				{Matrix34
					0.9998	-0.0007	-0.0188
					0.0003	0.9998	-0.0188
					0.0188	0.0188	0.9996
					-24.2718	-18.5739	-9.3381
				}
				{VolumeView "part4.ply"}
			}
			{bone "part5"
				{Matrix34
					0.9998	-0.0007	-0.0188
					0.0003	0.9998	-0.0188
					0.0188	0.0188	0.9996
					34.6865	0.8788	-0.3814
				}
				{VolumeView "part5.ply"}
			}
			{bone "part1"
				{Matrix34
					0.8563	0.3372	-0.3912
					-0.2563	0.9350	0.2451
					0.4484	-0.1096	0.8871
					-7.4048	2.8596	34.0451
				}
				{VolumeView "part1.ply"}
			}
			{bone "part2"
				{parameters "ID=body;"}
				{Matrix34
					0.9971	0.0106	-0.0750
					-0.0054	0.9976	0.0691
					0.0756	-0.0685	0.9948
					-31.6413	1.1047	-5.9637
				}
				{VolumeView "part2.ply"}
			}
			{bone "engine"
				{Matrix34
					0.0188	0.0188	0.9996
					-0.0003	-0.9998	0.0188
					0.9998	-0.0007	-0.0188
					-33.4334	-0.3299	-0.1585
				}
			}
			{bone revolute "Turret"
				{parameters "ID=turret;"}
				{Matrix34
					0.9357	0.3372	0.1032
					-0.3457	0.9350	0.0791
					-0.0698	-0.1096	0.9915
					-0.7367	-10.0317	16.4334
				}
				{VolumeView "Turret.ply"}
				{bone revolute "gun_rot"
					{limits -10.0000 20.0000}
					{speed 0.0200}
					{Matrix34
						1.0000	-0.0000	0.0000
						0.0000	-0.0000	1.0000
						-0.0000	-1.0000	-0.0000
						15.2440	-0.0000	6.2247
					}
					{VolumeView "gun_rot.ply"}
				}
				{bone revolute "gun"
					{parameters "ID=gun;"}
					{Matrix34
						0.8606	0.0000	-0.5093
						0.5093	-0.0000	0.8606
						-0.0000	-1.0000	-0.0000
						-4.1725	-0.1788	29.4904
					}
					{VolumeView "gun.ply"}
					{bone "gun1"
						{Position 8.8289	5.3202	19.0418}
						{VolumeView "gun1.ply"}
					}
					{bone "gun2"
						{Position 9.3995	6.1820	-17.2855}
						{VolumeView "gun2.ply"}
					}
					{bone "gun3"
						{Position 6.4894	-4.5473	-20.1711}
						{VolumeView "gun3.ply"}
					}
					{bone "gun4"
						{Position 8.8289	8.6602	0.9304}
						{VolumeView "gun4.ply"}
					}
					{bone "gun5"
						{Position 8.8289	8.0125	10.3178}
						{VolumeView "gun5.ply"}
					}
				}
			}
			{bone revolute "WheelL1"
				{parameters "ID=trackleft;"}
				{Matrix34
					0.9862	-0.0021	-0.1654
					-0.1653	0.0187	-0.9861
					0.0052	0.9998	0.0181
					50.7982	26.5862	-9.2394
				}
				{VolumeView "WheelL1.ply"}
			}
			{bone revolute "WheelL2"
				{parameters "ID=trackleft;"}
				{Matrix34
					-0.9970	0.0000	-0.0768
					-0.0768	0.0000	0.9970
					0.0000	1.0000	-0.0000
					-45.5573	26.7657	-7.4224
				}
				{VolumeView "WheelL2.ply"}
			}
			{bone revolute "WheelR1"
				{parameters "ID=trackright;"}
				{Matrix34
					0.8239	-0.0021	-0.5667
					-0.5666	0.0187	-0.8238
					-0.0123	-0.9998	-0.0142
					50.7797	-27.4622	-8.2233
				}
				{VolumeView "WheelR1.ply"}
			}
			{bone revolute "WheelR2"
				{parameters "ID=trackright;"}
				{Matrix34
					-0.9970	-0.0000	-0.0768
					-0.0768	-0.0000	0.9970
					0.0000	-1.0000	-0.0000
					-45.5573	-27.2923	-7.4224
				}
				{VolumeView "WheelR2.ply"}
			}
		}
	}
}
{Volume "Turret"
	{Polyhedron "Turret.vol"}
	{Bone "Turret"}
	{Position -0.5556	-0.4340	-1.2457}
}
{Volume "gun5"
	{Polyhedron "gun5.vol"}
	{Bone "gun5"}
	{Matrix34
		0.9992	0.0409	-0.0016
		-0.0072	0.1380	-0.9904
		-0.0403	0.9896	0.1382
		1.2293	-3.5921	0.4346
	}
}
{Volume "gun4"
	{Polyhedron "gun4.vol"}
	{Bone "gun4"}
	{Matrix34
		0.9952	-0.0914	0.0356
		0.0288	-0.0737	-0.9969
		0.0937	0.9931	-0.0708
		1.0732	-4.9361	-0.2359
	}
}
{Volume "gun3"
	{Cylinder 1.27647 51.5}
	{Bone "gun3"}
	{Matrix34
		-0.0106	-0.0918	-0.9957
		0.1383	0.9861	-0.0924
		0.9903	-0.1386	0.0022
		0.9477	-0.0105	-0.0369
	}
}
{Volume "gun2"
	{Polyhedron "gun2.vol"}
	{Bone "gun2"}
	{Matrix34
		0.9979	0.0027	0.0640
		0.0640	-0.0655	-0.9958
		0.0015	0.9979	-0.0655
		-0.5060	-2.2329	1.0820
	}
}
{Volume "gun1"
	{Polyhedron "gun1.vol"}
	{Bone "gun1"}
	{Matrix34
		0.9997	-0.0227	-0.0003
		0.0026	0.1257	-0.9921
		0.0226	0.9918	0.1257
		-0.0704	-3.0426	-0.0324
	}
}
{Volume "gun"
	{Polyhedron "gun.vol"}
	{Bone "gun"}
	{Matrix34
		0.9982	0.0044	0.0602
		0.0600	0.0278	-0.9978
		-0.0061	0.9996	0.0275
		8.7112	-2.4922	-8.4899
	}
}
{Volume "part2"
	{Box 17.6698 27.2211 14.2186}
	{Bone "part2"}
	{Matrix34
		0.9992	-0.0080	0.0385
		0.0086	0.9998	-0.0154
		-0.0384	0.0157	0.9991
		-0.1685	0.0174	5.7465
	}
}
{Volume "part1"
	{Polyhedron "part1.vol"}
	{Bone "part1"}
	{Matrix34
		-0.8789	-0.1625	-0.4485
		-0.4729	0.1738	0.8638
		-0.0624	0.9713	-0.2296
		-4.4105	-1.0634	-2.1555
	}
}
{Volume "part5"
	{Polyhedron "part5.vol"}
	{Bone "part5"}
	{Matrix34
		0.9998	0.0003	0.0188
		-0.0007	0.9998	0.0188
		-0.0188	-0.0188	0.9996
		0.1443	-0.6635	-14.9694
	}
}
{Volume "part4"
	{Box 17.1245 15.49 3.0315}
	{Bone "part4"}
	{Matrix34
		1.0000	-0.0100	0.0002
		0.0007	0.0906	0.9959
		-0.0100	-0.9958	0.0906
		-1.3460	-0.5734	0.1048
	}
}
{Volume "Part3"
	{Polyhedron "Part3.vol"}
	{Bone "part3"}
	{Matrix34
		-0.9998	-0.0003	-0.0188
		-0.0188	-0.0188	0.9996
		-0.0007	0.9998	0.0188
		0.7525	-16.0570	-0.9332
	}
}
{Volume "Body2"
	{Polyhedron "Body2.vol"}
	{Bone "body"}
	{Matrix34
		0.9998	-0.0007	-0.0188
		0.0003	0.9998	-0.0188
		0.0188	0.0188	0.9996
		0.6771	-0.0811	-9.5509
	}
}
{Volume "Body1"
	{Polyhedron "Body1.vol"}
	{Bone "body"}
	{Matrix34
		0.9998	-0.0007	-0.0188
		0.0003	0.9998	-0.0188
		0.0188	0.0188	0.9996
		0.8967	0.1383	2.1233
	}
}
{Volume "Trackright"
	{Box 108.799 10.5794 22.6218}
	{Bone "WheelsR"}
	{Matrix34
		1.0000	0.0000	-0.0000
		-0.0000	0.0000	-1.0000
		0.0000	1.0000	0.0000
		-6.6998	0.0252	2.3037
	}
}
{Volume "Trackleft"
	{Box 108.799 10.5794 22.6218}
	{Bone "WheelsL"}
	{Matrix34
		-1.0000	0.0000	0.0000
		0.0000	-0.0000	1.0000
		0.0000	1.0000	-0.0000
		-6.6998	0.0252	1.9325
	}
}
