;Exported by: ubrashaev
;Date:        Mon Apr 19 12:15:30 2004
;File:        D:\-Projects-\-work-\3d\construction\city\waiting room_x.max
{Skeleton
	{animation
		{sequence "crush" {speed 0.4}}
	}
	{bone "waiting_room_w_x"
		{parameters "CommonMesh;"}
		{Orientation
			1.0000	0.0000	0.0000
			0.0000	-1.0000	0.0000
			0.0000	0.0000	1.0000
		}
		{VolumeView "waiting_room_w_x.ply"}
		{bone "Piece1"
			{Matrix34
				1.0000	0.0000	0.0000
				0.0000	-0.0000	1.0000
				0.0000	-1.0000	-0.0000
				-25.7279	-9.3660	78.8581
			}
			{VolumeView "Piece1.ply"}
		}
		{bone "Piece4"
			{Matrix34
				-0.0000	-1.0000	0.0000
				-0.0000	0.0000	1.0000
				-1.0000	0.0000	-0.0000
				11.1662	3.4098	119.2412
			}
			{VolumeView "Piece4.ply"}
		}
		{bone "Piece0"
			{Matrix34
				1.0000	0.0000	0.0000
				0.0000	-0.0000	1.0000
				0.0000	-1.0000	-0.0000
				38.0460	-9.3660	80.4905
			}
			{VolumeView "Piece0.ply"}
		}
		{bone "Piece6"
			{Matrix34
				1.0000	0.0000	0.0000
				0.0000	-0.0000	1.0000
				0.0000	-1.0000	-0.0000
				-8.2332	-10.3664	64.7391
			}
			{VolumeView "Piece6.ply"}
		}
		{bone "Piece2"
			{Matrix34
				0.2588	0.0000	-0.9659
				0.9659	0.0000	0.2588
				0.0000	-1.0000	-0.0000
				37.1160	-9.3660	62.3582
			}
			{VolumeView "Piece2.ply"}
		}
		{bone "Piece5"
			{Matrix34
				1.0000	0.0000	0.0000
				0.0000	-0.0000	1.0000
				0.0000	-1.0000	-0.0000
				-29.6392	-9.3660	50.2928
			}
			{VolumeView "Piece5.ply"}
		}
		{bone "Piece3"
			{Matrix34
				-0.0000	-0.0872	0.9962
				0.0000	0.9962	0.0872
				-1.0000	0.0000	-0.0000
				4.3371	13.4728	114.4289
			}
			{VolumeView "Piece3.ply"}
		}
		{bone "Piece7"
			{Matrix34
				1.0000	0.0000	0.0000
				0.0000	-0.0000	1.0000
				0.0000	-1.0000	-0.0000
				14.9392	-9.3660	72.8480
			}
			{VolumeView "Piece7.ply"}
		}
	}
}
{Volume "Piece7"
	{Box 18.6386 21.3959 7.87402}
	{Bone "Piece7"}
	{Matrix34
		0.9397	-0.3420	0.0000
		0.3420	0.9397	-0.0000
		-0.0000	-0.0000	1.0000
		0.4502	3.9579	-0.0000
	}
}
{Volume "Piece3"
	{Box 11.1024 20.5967 7.47162}
	{Bone "Piece3"}
	{Matrix34
		0.8192	-0.5736	0.0000
		0.5736	0.8192	0.0000
		0.0000	0.0000	1.0000
		-1.3687	-0.0615	-1.1855
	}
}
{Volume "Piece5"
	{Box 13.8106 24.8141 7.87402}
	{Bone "Piece5"}
	{Matrix34
		0.9848	-0.1736	-0.0000
		0.1736	0.9848	-0.0000
		-0.0000	-0.0000	1.0000
		-0.0000	0.0000	-0.0000
	}
}
{Volume "Piece2"
	{Box 12.9817 23.9636 7.87402}
	{Bone "Piece2"}
	{Position -0.4193	-0.6463	-0.0000}
}
{Volume "Piece6"
	{Box 17.58 12.7135 7.81029}
	{Bone "Piece6"}
	{Position -0.3397	0.2345	-1.0161}
}
{Volume "Piece0"
	{Box 16.8579 14.2946 7.87402}
	{Bone "Piece0"}
	{Position -2.0227	0.0000	-0.0000}
}
{Volume "Piece4"
	{Box 11.5284 12.4989 9.84251}
	{Bone "Piece4"}
	{Position 1.3764	-1.4393	4.9213}
}
{Volume "Piece1"
	{Box 19.0601 15.9904 7.87402}
	{Bone "Piece1"}
	{Position -0.9096	1.2700	-0.0000}
}
