;Exported by: sk
;Date:        Fri Sep 17 12:24:27 2004
;File:        D:\-Projects-\-3DWork-\Model\-Plane\Douglas_C-47_Skytrain\Douglas_entourage.max
{Skeleton
	{bone "Basis"
		{Orientation
			1.0000	0.0000	0.0000
			0.0000	-1.0000	0.0000
			0.0000	0.0000	1.0000
		}
		{bone "Body"
			{Matrix34
				0.9996	0.0000	-0.0269
				0.0011	0.9992	0.0401
				0.0268	-0.0401	0.9988
				0.3602	-0.5345	47.4341
			}
			{VolumeView "Body.ply"}
			{bone "cabine"
				{Matrix34
					-1.0000	0.0000	-0.0000
					0.0000	0.0000	1.0000
					0.0000	1.0000	-0.0000
					162.2110	-0.3413	-6.6551
				}
				{VolumeView "cabine.ply"}
			}
			{bone "FX_fire1"
				{Matrix34
					-0.5000	0.2962	0.8138
					-0.0000	0.9397	-0.3420
					-0.8660	-0.1710	-0.4698
					111.6114	67.4307	-30.2088
				}
			}
			{bone "FX_fire4"
				{Matrix34
					-0.8600	0.5102	-0.0046
					0.5096	0.8594	0.0424
					0.0256	0.0341	-0.9991
					84.5971	21.5782	-12.6599
				}
			}
			{bone "FX_fire5"
				{Matrix34
					-0.6214	0.7314	0.2810
					0.7024	0.3612	0.6134
					0.3471	0.5785	-0.7381
					102.9787	17.5353	-12.3276
				}
			}
			{bone "Rudder"
				{Matrix34
					-0.9397	0.3420	-0.0000
					-0.3420	-0.9397	0.0000
					0.0000	-0.0000	1.0000
					-164.3016	0.0203	54.5725
				}
				{VolumeView "Rudder.ply"}
			}
		}
	}
}
{Obstacle "elevator2"
	{Obb2
		{Center 52.4825 -10.8049}
		{Extent 41.9282 80.409}
		{Axis 1 0}
	}
	{Rotate}
}
{Obstacle "elevator1"
	{Obb2
		{Center -159.442 1.87988}
		{Extent 23.6025 2.45728}
		{Axis 1 0}
	}
	{Rotate}
}
{Obstacle "body_back"
	{Obb2
		{Center -171.284 0.357155}
		{Extent 19.5257 79.6947}
		{Axis 1 0}
	}
	{Rotate}
}
{Obstacle "body"
	{Obb2
		{Center -0.628044 0.220335}
		{Extent 192.385 22.1702}
		{Axis 1 0}
	}
	{Rotate}
}
{Volume "Body1"
	{Box 43.6052 38.5963 25.9743}
	{Bone "Body"}
	{Matrix34
		0.9996	0.0011	0.0268
		-0.0000	0.9992	-0.0401
		-0.0269	0.0401	0.9988
		-56.3319	11.8369	-10.6485
	}
}
{Volume "elevator2"
	{Box 83.8562 160.818 14.3505}
	{Bone "Body"}
	{Matrix34
		0.9996	0.0011	0.0268
		-0.0000	0.9992	-0.0401
		-0.0269	0.0401	0.9988
		53.1302	9.8546	-37.2346
	}
}
{Volume "elevator1"
	{Box 47.205 71.4245 4.91454}
	{Bone "Body"}
	{Matrix34
		0.9996	0.0011	0.0268
		-0.0269	0.0401	0.9988
		0.0000	-0.9992	0.0401
		-160.4596	-0.4501	22.3422
	}
}
{Volume "body_back"
	{Box 39.0514 159.389 4.91454}
	{Bone "Body"}
	{Matrix34
		0.9996	0.0011	0.0268
		-0.0000	0.9992	-0.0401
		-0.0269	0.0401	0.9988
		-171.7379	0.2244	1.1695
	}
}
{Volume "body"
	{Polyhedron "body.vol"}
	{Bone "Body"}
	{Position -0.8225	-0.3571	-44.2473}
}
