;Exported by: ubrashaev
;Date:        Thu Apr 01 12:44:05 2004
;File:        D:\-Projects-\-work-\3d\construction\e-house24\corner7_x.max
{Skeleton
	{animation
		{sequence "crush" {speed 0.6}}
	}
	{bone "corner6"
		{parameters " ;"}
		{Orientation
			1.0000	0.0000	0.0000
			0.0000	-1.0000	0.0000
			0.0000	0.0000	1.0000
		}
		{VolumeView "corner6.ply"}
		{bone "piece2"
			{Position 5.0421	6.7257	78.0459}
			{VolumeView "piece2.ply"}
		}
		{bone "piece3"
			{Position 18.3754	-62.8560	56.8643}
			{VolumeView "piece3.ply"}
		}
		{bone "piece4"
			{Position -22.3228	17.9948	55.8080}
			{VolumeView "piece4.ply"}
		}
		{bone "piece5"
			{Position -14.4349	14.7732	111.4113}
			{VolumeView "piece5.ply"}
		}
		{bone "piece6"
			{Position 18.3754	-38.9331	112.7556}
			{VolumeView "piece6.ply"}
		}
		{bone "piece7"
			{Position 18.3754	-78.5714	98.2175}
			{VolumeView "piece7.ply"}
		}
		{bone "piece9"
			{Position 18.3754	-30.4341	59.4068}
			{VolumeView "piece9.ply"}
		}
		{bone "piece10"
			{Position 18.3754	-2.5104	96.9664}
			{VolumeView "piece10.ply"}
		}
		{bone "roof1"
			{parameters "CommonMesh;"}
			{Position 3.0231	-41.3128	4.0693}
			{VolumeView "roof1.ply"}
		}
	}
}
{Volume "piece10"
	{Box 8.13773 8.50955 29.5276}
	{Bone "piece10"}
	{Position 0.0000	-3.4705	-7.8441}
}
{Volume "piece9"
	{Box 8.13773 40.3968 29.9034}
	{Bone "piece9"}
	{Position 0.0000	0.0000	0.0000}
}
{Volume "piece7"
	{Box 8.13773 10.2466 30}
	{Bone "piece7"}
	{Position -0.0000	2.8691	-8.1752}
}
{Volume "piece6"
	{Box 8.13773 29.124 17.739}
	{Bone "piece6"}
	{Position 0.0000	-0.8072	-0.0000}
}
{Volume "piece5"
	{Box 31.6539 14.0871 13.6865}
	{Bone "piece5"}
	{Matrix34
		0.9226	-0.3857	0.0000
		0.3857	0.9226	0.0000
		0.0000	0.0000	1.0000
		-4.8505	2.0065	4.1814
	}
}
{Volume "piece4"
	{Polyhedron "piece4.vol"}
	{Bone "piece4"}
	{Matrix34
		0.9170	-0.3990	0.0000
		0.3990	0.9170	0.0000
		0.0000	0.0000	1.0000
		1.5827	-0.8117	-14.3041
	}
}
{Volume "piece3"
	{Box 8.13772 23.6884 23.9344}
	{Bone "piece3"}
	{Position 0.0000	0.1177	3.1551}
}
{Volume "piece2"
	{Box 20.2584 9.6418 52.9272}
	{Bone "piece2"}
	{Matrix34
		0.7817	-0.6237	0.0000
		0.6237	0.7817	0.0000
		0.0000	0.0000	1.0000
		3.5039	1.0833	3.7022
	}
}
