;Model created by: Albus & Dinsen
;date : Feb 2010
{Skeleton
	{bone "Basis"
		{Orientation
			1.0000	0.0000	0.0000
			0.0000	-1.0000	0.0000
			0.0000	0.0000	1.0000
		}
		{bone "Body"
			{parameters "ID=body;"}
			{Position -3.2370	-1.7970	14.5860}
			{VolumeView "Body.ply"}
			{bone revolute "Turret"
				{parameters "ID=turret;"}
				{speed 0.0250}
				{Matrix34
					1.0000	0.0000	0.0000
					0.0000	1.0000	0.0000
					0.0000	0.0000	1.0000
					0.6806	2.4423	18.1337
				}
				{VolumeView "Turret.ply"}
				{bone revolute "gun_rot"
					{parameters "ID=gun;"}
					{limits -45.0000 10.0000}
					{speed 0.0200}
					{Matrix34
						1.0000	0.0000	0.0000
						0.0000	0.0000	-1.0000
						0.0000	1.0000	0.0000
						4.0723	-0.1037	12.9061
					}
					{VolumeView "gun_rot.ply"}
					{bone "gun2"
						{parameters "ID=gun;"}
						{Matrix34
							0.0000	-0.9994	0.0349
							0.0000	-0.0349	-0.9994
							1.0000	0.0000	0.0000
							7.5159	2.4136	4.9879
						}
						{VolumeView "gun2.ply"}
					}
					{bone "gun4"
						{parameters "ID=gun;"}
						{Matrix34
							0.0000	0.9994	-0.0349
							0.0000	-0.0349	-0.9994
							1.0000	0.0000	0.0000
							7.5159	2.4136	-5.1763
						}
						{VolumeView "gun4.ply"}
					}
					{bone "gun3"
						{parameters "ID=gun;"}
						{Matrix34
							0.0000	0.9994	-0.0349
							0.0000	-0.0349	-0.9994
							1.0000	0.0000	0.0000
							7.5159	-3.5217	-5.3329
						}
						{VolumeView "gun3.ply"}
					}
					{bone "gun1"
						{parameters "ID=gun;"}
						{Matrix34
							0.0000	-0.9994	0.0349
							0.0000	-0.0349	-0.9994
							1.0000	0.0000	0.0000
							7.5159	-3.5217	5.1446
						}
						{VolumeView "gun1.ply"}
					}
				}
			}
			{bone revolute "WheelL1"
				{parameters "ID=body;"}
				{Matrix34
					-1.0000	0.0000	-0.0051
					-0.0051	0.0000	1.0000
					0.0000	1.0000	0.0000
					47.0512	23.9098	-0.2693
				}
				{VolumeView "WheelL1.ply"}
			}
			{bone revolute "WheelR1"
				{parameters "ID=body;"}
				{Matrix34
					-1.0000	0.0000	-0.0051
					-0.0051	0.0000	1.0000
					0.0000	1.0000	0.0000
					47.0512	-20.7996	-0.2693
				}
				{VolumeView "WheelR1.ply"}
			}
			{bone revolute "WheelL2"
				{parameters "ID=body;"}
				{Matrix34
					-1.0000	0.0000	-0.0051
					-0.0051	0.0000	1.0000
					0.0000	1.0000	0.0000
					-45.1760	25.0912	-3.8144
				}
				{VolumeView "WheelL2.ply"}
			}
			{bone revolute "WheelR2"
				{parameters "ID=body;"}
				{Matrix34
					-1.0000	0.0000	-0.0051
					-0.0051	0.0000	1.0000
					0.0000	1.0000	0.0000
					-45.1760	-19.3645	-3.8144
				}
				{VolumeView "WheelR2.ply"}
			}
			{bone "engine"
				{parameters "ID=engine;"}
				{Matrix34
					0.0025	0.1736	0.9848
					-0.0004	0.9848	-0.1736
					-1.0000	0.0000	0.0025
					-33.4304	2.4557	5.8051
				}
			}
			{bone revolute "Gun_rot2"
				{limits -15.0000 15.0000}
				{Position 34.0000 -9.7500 16.0000}
				{VolumeView "mgun.ply"}
			}
		}
		{bone "WheelsL"
			{parameters "ID=trackleft;"}
			{animation
				{sequence "break" {file "trackL.anm"}}
			}
			{Matrix34
				-1.0000	0.0000	0.0000
				0.0000	0.0000	1.0000
				0.0000	1.0000	0.0000
				-1.8230	22.5787	10.9635
			}
			{VolumeView "WheelsL.ply"}
			{bone "TrackL"
				{parameters "CommonMesh;ID=trackleft;"}
				{Position 2.7499	0.5981	1.3679}
				{VolumeView "TrackL.ply"}
			}
		}
		{bone "WheelsR"
			{parameters "ID=trackright;"}
			{animation
				{sequence "break" {file "trackR.anm"}}
			}
			{Matrix34
				-1.0000	0.0000	0.0000
				0.0000	0.0000	1.0000
				0.0000	1.0000	0.0000
				-1.8230	-21.6223	10.9635
			}
			{VolumeView "WheelsR.ply"}
			{bone "TrackR"
				{parameters "CommonMesh;ID=trackright;"}
				{Matrix34
					1.0000	0.0000	0.0000
					0.0000	1.0000	0.0000
					0.0000	0.0000	1.0000
					2.7499	0.5981	-0.5408
				}
				{VolumeView "TrackR.ply"}
			}
		}
	}
}
