;Exported by: vic
;Date:        Fri Feb 20 12:23:34 2004
;File:        D:\-Projects-\-3DWork-\Constructions\SK\store_vic1.max
{Skeleton
	{bone "store4"
		{Orientation
			1.0000	0.0000	0.0000
			0.0000	-1.0000	0.0000
			0.0000	0.0000	1.0000
		}
		{VolumeView "store4.ply"}
		{bone "exterior"
			{Position 1.7557	-30.5732	96.0456}
			{VolumeView "exterior.ply"}
		}
	}
}
{Obstacle "post1"
	{Obb2
		{Center -56.2451 -94.2119}
		{Extent 1.49356 1.46178}
		{Axis 1 0}
	}
	{Rotate}
}
{Obstacle "post"
	{Obb2
		{Center 55.3033 -94.2119}
		{Extent 1.49356 1.46178}
		{Axis 1 0}
	}
	{Rotate}
}
{Area "interior"
	{Obb2
		{Center -0.207436 30.5625}
		{Extent 65.0271 64.4564}
		{Axis -1 0}
	}
	{Rotate}
}
{Obstacle "body1"
	{Obb2
		{Center -0.835697 96.9824}
		{Extent 61.0002 2.51685}
		{Axis 1 0}
	}
	{Rotate}
}
{Obstacle "body"
	{Obb2
		{Center -0.583187 -36.0793}
		{Extent 60.945 2.51685}
		{Axis 1 0}
	}
	{Rotate}
}
{Volume "roof"
	{Box 118.456 1.61775 61.1845}
	{Bone "store4"}
	{Matrix34
		1.0000	0.0000	0.0000
		0.0000	0.0872	0.9962
		0.0000	-0.9962	0.0872
		0.0536	69.0455	75.0662
	}
}
{Volume "post1"
	{Box 2.98712 2.92356 72.8558}
	{Bone "store4"}
	{Position -56.2451	94.2119	36.4279}
}
{Volume "post"
	{Box 2.98712 2.92356 72.8558}
	{Bone "store4"}
	{Position 55.3033	94.2119	36.4279}
}
{Volume "body1"
	{Box 122 5.0337 78.3962}
	{Bone "store4"}
	{Position -0.8357	-96.9824	39.1981}
}
{Volume "body"
	{Box 121.89 5.0337 78.3962}
	{Bone "store4"}
	{Position -0.5832	36.0793	39.1981}
}
{Volume "roof3"
	{Box 91.6648 25.2022 12.5476}
	{Bone "exterior"}
	{Position -2.4587	0.0124	4.5739}
}
{Volume "roof2"
	{Box 121.063 1.61775 77.9528}
	{Bone "exterior"}
	{Matrix34
		1.0000	0.0000	0.0000
		0.0000	0.2588	-0.9659
		0.0000	0.9659	0.2588
		-1.9482	-37.2920	-8.3831
	}
}
{Volume "roof1"
	{Box 121.063 1.61775 77.9528}
	{Bone "exterior"}
	{Matrix34
		1.0000	0.0000	0.0000
		0.0000	0.2588	0.9659
		0.0000	-0.9659	0.2588
		-1.9482	37.4945	-8.3831
	}
}
