;Exported by: shevchenko
;Date:        Fri Feb 13 19:37:50 2004
;File:        D:\-Projects-\-3DWork-\sheva\river-wall2_curve_new.max
{Skeleton
	{bone "river-wall_curve4"
		{Orientation
			1.0000	0.0000	0.0000
			0.0000	-1.0000	0.0000
			0.0000	0.0000	1.0000
		}
		{VolumeView "river-wall_curve4.ply"}
		{bone "piece0"
			{Position -32.0995	-1.0038	-11.3733}
			{VolumeView "piece0.ply"}
		}
		{bone "piece1"
			{Position -29.0189	30.6304	11.7640}
			{VolumeView "piece1.ply"}
		}
		{bone "piece2"
			{Position -35.5265	13.1227	7.4291}
			{VolumeView "piece2.ply"}
		}
		{bone "piece3"
			{Position -40.0464	-8.7956	8.3676}
			{VolumeView "piece3.ply"}
		}
		{bone "FX_dust1"
			{Matrix34
				0.0000	-0.0000	1.0000
				0.9803	-0.1977	-0.0000
				0.1977	0.9803	0.0000
				-37.8087	-7.4331	7.1328
			}
		}
		{bone "FX_dust1a"
			{Matrix34
				0.0000	-0.0000	1.0000
				0.9803	-0.1977	-0.0000
				0.1977	0.9803	0.0000
				-31.9026	21.8545	7.5751
			}
		}
		{bone "FX_stone1"
			{Matrix34
				0.0000	-0.0000	1.0000
				0.9803	-0.1977	-0.0000
				0.1977	0.9803	0.0000
				-38.8040	-7.3072	1.7714
			}
		}
		{bone "FX_stone1a"
			{Matrix34
				0.0000	-0.0000	1.0000
				0.9803	-0.1977	-0.0000
				0.1977	0.9803	0.0000
				-32.8980	21.9798	1.7714
			}
		}
	}
}
{Volume "piece3"
	{Box 37.0616 11.7208 14.7582}
	{Bone "piece3"}
	{Matrix34
		0.0762	0.9971	-0.0000
		-0.9971	0.0762	-0.0000
		-0.0000	0.0000	1.0000
		-0.3137	-2.0125	0.0030
	}
}
{Volume "piece2"
	{Box 20.7545 11.7208 14.7582}
	{Bone "piece2"}
	{Matrix34
		0.3456	0.9384	-0.0000
		-0.9384	0.3456	-0.0000
		-0.0000	0.0000	1.0000
		-0.1020	3.6040	0.9415
	}
}
{Volume "piece1"
	{Box 19.3951 11.7208 13.1348}
	{Bone "piece1"}
	{Matrix34
		-0.9362	0.3515	-0.0000
		-0.3515	-0.9362	-0.0000
		-0.0000	-0.0000	1.0000
		-0.1953	-0.0019	1.5347
	}
}
{Volume "piece0"
	{Polyhedron "piece0.vol"}
	{Bone "piece0"}
	{Matrix34
		0.1698	0.9855	0.0000
		-0.9855	0.1698	-0.0000
		-0.0000	0.0000	1.0000
		-0.0101	0.8079	-4.7013
	}
}
{Volume "body1"
	{Box 67.3847 18.4873 47.302}
	{Bone "river-wall_curve4"}
	{Matrix34
		0.1977	0.9803	0.0000
		-0.9803	0.1977	-0.0000
		-0.0000	0.0000	1.0000
		-34.9076	3.6096	-16.9474
	}
}
