{mission
	{Camera
		{Position 7529.42 13295.4}
		{Distance 1032.6}
		{ViewAngle 0.457278}
		{YawAngle -68.2208}
	}
	{Environment "day2"}
	{User 2}
	{GameProgress 0 0}
	{Entity "destroyer" 0x8000
		{Position 7443.7 2341.61 -26}
		{Turn -89.7266}
		{TexMod "m301"}
		{Player 1}
		{MID 1}
		
	}
	{Entity "gun75" 0x8001
		{Position 7448.23 1918.17 78.0712}
		{Orientation
			  0.003936  -0.999913  -0.012592
			  0.999763   0.004205  -0.021341
			  0.021393  -0.012505   0.999693
		}
		{DisableObstacles}
		{Player 1}
		{MID 2}
		
	}
	{Entity "gun75" 0x8002
		{Position 7444.25 2723.75 36.4082}
		{Orientation
			 -0.003936   0.999913   0.012592
			 -0.999763  -0.004205   0.021341
			  0.021393  -0.012505   0.999693
		}
		{DisableObstacles}
		{Player 1}
		{MID 3}
		
	}
	{Entity "flak38s" 0x8003
		{Position 7446.28 2450.28 91.7711}
		{Orientation
			 -0.003936   0.999913   0.012592
			 -0.999763  -0.004205   0.021341
			  0.021393  -0.012505   0.999693
		}
		{DisableObstacles}
		{Player 1}
		{MID 4}
		
	}
	{Entity "mg34_ship" 0x8004
		{Position 7507.89 2394.9 61.8514}
		{Orientation
			  0.999763   0.004205  -0.021341
			 -0.003936   0.999913   0.012592
			  0.021393  -0.012505   0.999693
		}
		{DisableObstacles}
		{Player 1}
		{MID 5}
	}
	{Entity "mg34_ship" 0x8005
		{Position 7382.49 2394.37 64.5282}
		{Orientation
			 -0.999763  -0.004205   0.021341
			  0.003936  -0.999913  -0.012592
			  0.021393  -0.012505   0.999693
		}
		{DisableObstacles}
		{Player 1}
		{MID 6}
	}
	{Entity "mg34_ship" 0x8006
		{Position 7515.5 2163.69 138.321}
		{Orientation
			  0.999763   0.004205  -0.021341
			 -0.003936   0.999913   0.012592
			  0.021393  -0.012505   0.999693
		}
		{DisableObstacles}
		{Player 1}
		{MID 7}
	}
	{Entity "mg34_ship" 0x8007
		{Position 7380.1 2163.13 141.211}
		{Orientation
			 -0.999763  -0.004205   0.021341
			  0.003936  -0.999913  -0.012592
			  0.021393  -0.012505   0.999693
		}
		{DisableObstacles}
		{Player 1}
		{MID 8}
	}
	{Entity "searchlight" 0x8008
		{Position 7445.4 2600.38 65.8499}
		{Orientation
			  0.999763   0.004205  -0.021341
			 -0.003936   0.999913   0.012592
			  0.021393  -0.012505   0.999693
		}
		{DisableObstacles}
		{Player 1}
		{MID 9}
	}
	{Entity "sub-viic" 0x8009
		{Position 5340.24 2334.09 -86}
		{Turn 90.4296}
		{Player 1}
		{MID 10}
		
	}
	{Entity "ubgun88" 0x800a
		{Position 5340.05 2424.52 18.6547}
		{Orientation
			 -0.007498   0.999972   0.000000
			 -0.999972  -0.007498   0.000000
			  0.000000   0.000000   1.000000
		}
		{DisableObstacles}
		{Player 1}
		{MID 11}
		
	}
	{Entity "sub-viic" 0x800b
		{Position 5941.76 2525.09 -86}
		{Turn 89.1985}
		{TexMod "u37"}
		{Player 1}
		{MID 12}
		
	}
	{Entity "ubgun88" 0x800c
		{Position 5943.51 2615.5 18.6547}
		{Orientation
			  0.013988   0.999902   0.000000
			 -0.999902   0.013988   0.000000
			  0.000000   0.000000   1.000000
		}
		{DisableObstacles}
		{Player 1}
		{MID 13}
		
	}
	{Entity "sub-iid" 0x800d
		{Position 4807.92 1665.54 -90}
		{Turn 89.5199}
		{Player 1}
		{MID 14}
		
	}
	{Entity "ubgun20" 0x800e
		{Position 4806.2 1785.98 21.1547}
		{Orientation
			  0.008379   0.999965   0.000000
			 -0.999965   0.008379   0.000000
			  0.000000   0.000000   1.000000
		}
		{DisableObstacles}
		{Player 1}
		{MID 15}
		
	}
	{Entity "remolcador" 0x800f
		{Position 6441.28 3117 -50}
		{Turn 178.977}
		{Player 1}
		{MID 16}
		
	}
	{Entity "ubgun20" 0x8010
		{Position 6582.66 3115 77.5674}
		{Orientation
			  0.999519  -0.018442  -0.024925
			  0.018018   0.999691  -0.017128
			  0.025233   0.016671   0.999543
		}
		{DisableObstacles}
		{Player 1}
		{MID 17}
		
	}
	{Entity "sub-viic" 0x8011
		{Position 4207.69 1797.02 -86}
		{Turn -89.5408}
		{TexMod "u143"}
		{Player 1}
		{MID 18}
		
	}
	{Entity "ubgun88" 0x8012
		{Position 4207.93 1706.59 18.6547}
		{Orientation
			  0.008014  -0.999968   0.000000
			  0.999968   0.008014   0.000000
			  0.000000   0.000000   1.000000
		}
		{DisableObstacles}
		{Player 1}
		{MID 19}
		
	}
	{Entity "merchant1" 0x8013
		{Position 2470.84 1407.32 -10}
		{Turn 179.523}
		{TexMod "skin8"}
		{Player 1}
		{MID 20}
		
	}
	{Entity "merchant2" 0x8014
		{Position 883.445 1408.94 -10}
		{Turn -0.393106}
		{TexMod "skin3"}
		{Player 1}
		{MID 21}
		
	}
	{Entity "merchant3" 0x8015
		{Position 3731.27 2228.32 -10}
		{Turn 90.7048}
		{TexMod "skin2"}
		{Player 1}
		{MID 22}
		
	}
	{Entity "crane_big" 0x8016
		{Position 7415.56 3430.19 0}
		{Turn 90.1567}
		{Player 1}
		{MID 23}
		
	}
	{Entity "crane_big" 0x8017
		{Position 6698.77 3430.67 0}
		{Turn 90.1118}
		{Player 1}
		{MID 24}
		
	}
	{Entity "crane_big" 0x8018
		{Position 3371.06 2824.11 0}
		{Turn -179.901}
		{Player 1}
		{MID 25}
		
	}
	{Entity "crane2" 0x8019
		{Position 2883.96 1675.08 0}
		{Turn 91.1333}
		{Player 1}
		{MID 26}
		
	}
	{Entity "crane2" 0x801a
		{Position 2433.1 1678.4 0}
		{Turn 92.3965}
		{Player 1}
		{MID 27}
		
	}
	{Entity "crane2" 0x801b
		{Position 2003.09 1679.6 0}
		{Turn 90.6099}
		{Player 1}
		{MID 28}
		
	}
	{Entity "crane2" 0x801c
		{Position 1536.28 1688.01 0}
		{Turn 89.9484}
		{Player 1}
		{MID 29}
		
	}
	{Entity "crane2" 0x801d
		{Position 1074.88 1681.03 0}
		{Turn 89.7608}
		{Player 1}
		{MID 30}
	}
	{Entity "crane2" 0x801e
		{Position 575.079 1685.57 0}
		{Turn 89.8203}
		{Player 1}
		{MID 31}
		
	}
	{Entity "crane2" 0x801f
		{Position 98.8565 1679.64 0}
		{Turn 89.2638}
		{Player 1}
		{MID 32}
		
	}
	{Entity "flak41" 0x8020
		{Position 7824 1738.46 0}
		{Turn -90.3896}
		{Extender "inventory"
			{box
				{clear}
				{item "bullet88 fg" 18 {cell 0 0}}
			}
		}
		{Extender "shield"
			{on}
		}
		{Player 1}
		{MID 33}
		
	}
	{Entity "flak41" 0x8021
		{Position 3339.36 1372.82 0}
		{Turn -90.8236}
		{Extender "shield"
			{on}
		}
		{Player 1}
		{MID 34}
		
	}
	{Entity "flak41" 0x8022
		{Position 2669.46 6027.84 0}
		{Turn -90.2539}
		{Extender "shield"
			{on}
		}
		{Player 1}
		{MID 35}
		
	}
	{Entity "flak41" 0x8023
		{Position 3955.68 3450.06 0}
		{Turn -89.864}
		{Extender "shield"
			{on}
		}
		{Player 1}
		{MID 36}
		
	}
	{Entity "crane_big3" 0x8024
		{Position 5975.17 3429.22 0}
		{Turn 90.1667}
		{Player 1}
		{MID 37}
		
	}
	{Human "ger.infantry_smg" 0x8025
		{Position 7840.18 1739.8 8.3716}
		{Turn 179.61}
		{Extender "inventory"
			{box
				{clear}
				{item "mp40" filling "ammo pistol" 32 {cell 0 0}}
				{item "ammo pistol" 64 {cell 6 0}}
			}
			{armor "body"
				{Removed}
			}
		}
		{DisableObstacles}
		{Player 1}
		{MID 38}
		{NameId 100 50}
		{FsmState "board"}
	}
	{Human "ger.infantry_rifle" 0x8026
		{Position 7813.94 1740.07 14.3074}
		{Turn -90.3896}
		{Extender "inventory"
			{box
				{clear}
				{item "mauzer" filling "ammo rifle" 5 {cell 0 0}}
				{item "ammo rifle" 25 {cell 7 0}}
			}
		}
		{DisableObstacles}
		{Player 1}
		{MID 39}
		{NameId 132 114}
		{FsmState "board"}
	}
	{Human "ger.infantry_rifle" 0x8027
		{Position 3971.85 3451.55 8.3716}
		{Turn -179.864}
		{Extender "inventory"
			{box
				{clear}
				{item "mauzer" filling "ammo rifle" 5 {cell 0 0}}
				{item "ammo rifle" 25 {cell 7 0}}
			}
			{armor "body"
				{Removed}
			}
		}
		{DisableObstacles}
		{Player 1}
		{MID 40}
		{NameId 123 101}
		{FsmState "board"}
	}
	{Human "ger.infantry_smg" 0x8028
		{Position 3945.6 3451.58 14.3074}
		{Turn -89.864}
		{Extender "inventory"
			{box
				{clear}
				{item "mp40" filling "ammo pistol" 32 {cell 0 0}}
				{item "ammo pistol" 64 {cell 6 0}}
			}
			{armor "body"
				{Removed}
			}
		}
		{DisableObstacles}
		{Player 1}
		{MID 41}
		{NameId 9 53}
		{FsmState "board"}
	}
	{Human "ger.infantry_smg" 0x8029
		{Position 3329.31 1374.51 14.3074}
		{Turn -90.8236}
		{Extender "inventory"
			{box
				{clear}
				{item "ammo pistol" 64 {cell 6 0}}
				{item "mp40" filling "ammo pistol" 32 {cell 0 0}}
			}
			{armor "body"
				{Removed}
			}
		}
		{DisableObstacles}
		{Player 1}
		{MID 42}
		{NameId 126 137}
		{FsmState "board"}
	}
	{Human "ger.infantry_rifle" 0x802a
		{Position 3355.55 1374.04 8.3716}
		{Turn 179.176}
		{Extender "inventory"
			{box
				{clear}
				{item "mauzer" filling "ammo rifle" 5 {cell 0 0}}
				{item "ammo rifle" 25 {cell 7 0}}
			}
			{armor "body"
				{Removed}
			}
		}
		{DisableObstacles}
		{Player 1}
		{MID 43}
		{NameId 1 133}
		{FsmState "board"}
	}
	{Human "ger.crewtank" 0x802b
		{Position 6347.18 3120.04 53.081}
		{Orientation
			 -0.999552   0.018421   0.023625
			 -0.018021  -0.999693   0.017028
			  0.023932   0.016595   0.999577
		}
		{TexMod "2"}
		{Extender "inventory"
			{box
				{clear}
				{item "ammo pistol" 32 {cell 6 0}}
				{item "valter" filling "ammo pistol" 8 {cell 0 0}}
			}
			{armor "head"
				{Item "helmet1_ger"}
			}
		}
		{DisableObstacles}
		{Player 1}
		{MID 44}
		{NameId 39 117}
		{LastItem "valter"}
		{FsmState "board"}
	}
	{Human "ger.crewtank" 0x9000
		{Position 6561.99 3115.45 78.0364}
		{Orientation
			  0.999486  -0.018464  -0.026224
			 -0.018021  -0.999693   0.017028
			  0.026530   0.016547   0.999512
		}
		{Extender "inventory"
			{box
				{clear}
				{item "ammo pistol" 32 {cell 6 0}}
				{item "valter" filling "ammo pistol" 8 {cell 0 0}}
			}
			{armor "head"
				{Item "helmet1_ger"}
			}
		}
		{DisableObstacles}
		{Player 1}
		{MID 45}
		{NameId 25 112}
		{LastItem "valter"}
		{FsmState "board"}
	}
	{Human "ger.ofitank" 0x9001
		{Position 6515.14 3114.79 69.0618}
		{Orientation
			 -0.999519   0.018442   0.024925
			 -0.018018  -0.999691   0.017128
			  0.025233   0.016671   0.999543
		}
		{DisableObstacles}
		{Player 1}
		{MID 46}
		{NameId 62 116}
		{FsmState "board"}
	}
	{Human "ger.ofitank" 0x802c
		{Position 7445.7 2300.27 46.9692}
		{Orientation
			  0.004681  -0.999749   0.022305
			  0.999763   0.004205  -0.021341
			  0.021242   0.022400   0.999533
		}
		{DisableObstacles}
		{Player 1}
		{MID 47}
		{NameId 66 129}
		{FsmState "board"}
	}
	{Human "ger.crewtank" 0x802d
		{Position 7455.2 2713.81 36.0495}
		{Orientation
			 -0.426095   0.904461   0.019131
			 -0.904424  -0.426373   0.013920
			  0.020788  -0.011308   0.999721
		}
		{TexMod "2"}
		{Extender "inventory"
			{box
				{clear}
				{item "ammo pistol" 32 {cell 6 0}}
				{item "valter" filling "ammo pistol" 8 {cell 0 0}}
			}
			{armor "head"
				{Item "helmet1_ger"}
			}
		}
		{DisableObstacles}
		{Player 1}
		{MID 48}
		{NameId 140 20}
		{FsmState "board"}
	}
	{Human "ger.crewtank" 0x802e
		{Position 7434.13 2713.04 36.4907}
		{Orientation
			 -0.003958   0.999925   0.011592
			 -0.999783  -0.004193   0.020442
			  0.020489  -0.011509   0.999725
		}
		{TexMod "2"}
		{Extender "inventory"
			{box
				{clear}
				{item "ammo pistol" 32 {cell 6 0}}
				{item "valter" filling "ammo pistol" 8 {cell 0 0}}
			}
			{armor "head"
				{Item "helmet1_ger"}
			}
		}
		{DisableObstacles}
		{Player 1}
		{MID 49}
		{NameId 60 99}
		{FsmState "board"}
	}
	{Human "ger.crewtank" 0x802f
		{Position 7445.66 2310.27 47.0952}
		{Orientation
			  0.004681  -0.999749   0.022305
			  0.999763   0.004205  -0.021341
			  0.021242   0.022400   0.999533
		}
		{TexMod "2"}
		{Extender "inventory"
			{box
				{clear}
				{item "ammo pistol" 32 {cell 6 0}}
				{item "valter" filling "ammo pistol" 8 {cell 0 0}}
			}
			{armor "head"
				{Item "helmet1_ger"}
			}
		}
		{DisableObstacles}
		{Player 1}
		{MID 50}
		{NameId 122 37}
		{FsmState "board"}
	}
	{Human "ger.crewtank" 0x8030
		{Position 7493.66 2395.06 62.7265}
		{Orientation
			  0.999736   0.004221  -0.022641
			 -0.003939   0.999914   0.012492
			  0.022692  -0.012399   0.999666
		}
		{TexMod "2"}
		{Extender "inventory"
			{box
				{clear}
				{item "ammo pistol" 32 {cell 6 0}}
				{item "valter" filling "ammo pistol" 8 {cell 0 0}}
			}
			{armor "head"
				{Item "helmet1_ger"}
			}
		}
		{DisableObstacles}
		{Player 1}
		{MID 51}
		{NameId 21 98}
		{FsmState "board"}
	}
	{Human "ger.crewtank" 0x8031
		{Position 7396.75 2394.2 64.7895}
		{Orientation
			 -0.999791  -0.004188   0.020042
			  0.003934  -0.999912  -0.012692
			  0.020093  -0.012610   0.999719
		}
		{TexMod "2"}
		{Extender "inventory"
			{box
				{clear}
				{item "ammo pistol" 16 {cell 6 0}}
				{item "valter" filling "ammo pistol" 8 {cell 0 0}}
			}
			{armor "head"
				{Item "helmet1_ger"}
			}
		}
		{DisableObstacles}
		{Player 1}
		{MID 52}
		{NameId 11 126}
		{FsmState "board"}
	}
	{Human "ger.crewtank" 0x8032
		{Position 7459.3 2440.99 91.2714}
		{Orientation
			 -0.590793   0.793824   0.144510
			 -0.801368  -0.598128   0.009667
			  0.094101  -0.110098   0.989414
		}
		{TexMod "2"}
		{Extender "inventory"
			{box
				{clear}
				{item "ammo pistol" 16 {cell 6 0}}
				{item "valter" filling "ammo pistol" 8 {cell 0 0}}
			}
			{armor "head"
				{Item "helmet1_ger"}
			}
		}
		{DisableObstacles}
		{Player 1}
		{MID 53}
		{NameId 43 11}
		{FsmState "board"}
	}
	{Human "ger.crewtank" 0x8033
		{Position 7435.89 2437.06 91.7233}
		{Orientation
			 -0.002624   0.997250   0.073549
			 -0.999763  -0.004205   0.021341
			  0.021592  -0.073476   0.997025
		}
		{TexMod "2"}
		{Extender "inventory"
			{box
				{clear}
				{item "ammo pistol" 16 {cell 6 0}}
				{item "valter" filling "ammo pistol" 8 {cell 0 0}}
			}
			{armor "head"
				{Item "helmet1_ger"}
			}
		}
		{DisableObstacles}
		{Player 1}
		{MID 54}
		{NameId 57 120}
		{FsmState "board"}
	}
	{Human "ger.crewtank" 0x8034
		{Position 7394.36 2162.95 141.473}
		{Orientation
			 -0.999791  -0.004188   0.020042
			  0.003934  -0.999912  -0.012692
			  0.020093  -0.012610   0.999719
		}
		{TexMod "2"}
		{Extender "inventory"
			{box
				{clear}
				{item "ammo pistol" 16 {cell 6 0}}
				{item "valter" filling "ammo pistol" 8 {cell 0 0}}
			}
			{armor "head"
				{Item "helmet1_ger"}
			}
		}
		{DisableObstacles}
		{Player 1}
		{MID 55}
		{NameId 58 42}
		{FsmState "board"}
	}
	{Human "ger.crewtank" 0x8035
		{Position 7458.5 2586.06 65.3903}
		{Orientation
			 -0.345610   0.938175   0.019531
			 -0.938103  -0.345938   0.017048
			  0.022692  -0.012399   0.999666
		}
		{TexMod "2"}
		{Extender "inventory"
			{box
				{clear}
				{item "ammo pistol" 16 {cell 6 0}}
				{item "valter" filling "ammo pistol" 8 {cell 0 0}}
			}
			{armor "head"
				{Item "helmet1_ger"}
			}
		}
		{DisableObstacles}
		{Player 1}
		{MID 56}
		{NameId 104 56}
		{FsmState "board"}
	}
	{Human "ger.crewtank" 0x8036
		{Position 7458.35 1928.88 77.9887}
		{Orientation
			  0.003915  -0.999900  -0.013592
			  0.999744   0.004216  -0.022241
			  0.022296  -0.013501   0.999661
		}
		{TexMod "2"}
		{Extender "inventory"
			{box
				{clear}
				{item "ammo pistol" 16 {cell 6 0}}
				{item "valter" filling "ammo pistol" 8 {cell 0 0}}
			}
			{armor "head"
				{Item "helmet1_ger"}
			}
		}
		{DisableObstacles}
		{Player 1}
		{MID 57}
		{NameId 138 0}
		{FsmState "board"}
	}
	{Human "ger.crewtank" 0x8037
		{Position 7437.28 1928.11 78.4299}
		{Orientation
			  0.426040  -0.904428  -0.021731
			  0.904420   0.426375  -0.014120
			  0.021997  -0.013702   0.999665
		}
		{TexMod "2"}
		{Extender "inventory"
			{box
				{clear}
				{item "ammo pistol" 16 {cell 6 0}}
				{item "valter" filling "ammo pistol" 8 {cell 0 0}}
			}
			{armor "head"
				{Item "helmet1_ger"}
			}
		}
		{DisableObstacles}
		{Player 1}
		{MID 58}
		{NameId 2 122}
		{FsmState "board"}
	}
	{Human "ger.crewtank" 0x9002
		{Position 7501.27 2163.85 139.196}
		{Orientation
			  0.999736   0.004221  -0.022641
			 -0.003939   0.999914   0.012492
			  0.022692  -0.012399   0.999666
		}
		{Extender "inventory"
			{box
				{clear}
				{item "ammo pistol" 32 {cell 6 0}}
				{item "valter" filling "ammo pistol" 8 {cell 0 0}}
			}
			{armor "head"
				{Item "helmet1_ger"}
			}
		}
		{DisableObstacles}
		{Player 1}
		{MID 59}
		{NameId 100 51}
		{LastItem "valter"}
		{FsmState "board"}
	}
	{Human "ger.crewtank" 0x8038
		{Position 7652.24 4729.95 11.4236}
		{Turn -149.629}
		{Extender "inventory"
			{box
				{clear}
				{item "ammo pistol" 32 {cell 6 0}}
				{item "mp40" filling "ammo pistol" 32 {cell 0 0}}
			}
			{armor "head"
				{Item "helmet1_ger"}
			}
		}
		{DisableObstacles}
		{Player 1}
		{MID 60}
		{NameId 123 119}
		{LastItem "mp40"}
		{FsmState "board"}
	}
	{Human "ger.crewtank" 0x8039
		{Position 7625.93 4721.53 9.2704}
		{Orientation
			 -0.794525  -0.465604   0.389700
			  0.505597  -0.862770   0.000000
			  0.336221   0.197031   0.920900
		}
		{TexMod "2"}
		{Extender "inventory"
			{box
				{clear}
				{item "ammo pistol" 32 {cell 6 0}}
				{item "valter" filling "ammo pistol" 8 {cell 0 0}}
			}
		}
		{DisableObstacles}
		{Player 1}
		{MID 61}
		{NameId 123 102}
		{LastItem "valter"}
		{FsmState "board"}
	}
	{Human "ger.infantry_smg" 0x803a
		{Position 304.213 3091.47 0}
		{Turn 2.19906}
		{Extender "inventory"
			{box
				{clear}
				{item "mp40" filling "ammo pistol" 32 {cell 0 0}}
				{item "ammo pistol" 64 {cell 6 0}}
			}
		}
		{Player 1}
		{MID 62}
		{NameId 25 123}
		{FsmState "stand"}
	}
	{Human "ger.crewtank" 0x803b
		{Position 4206.97 1861.85 54.5026}
		{Turn 90.4592}
		{TexMod "2"}
		{Extender "inventory"
			{box
				{clear}
				{item "ammo pistol" 32 {cell 6 0}}
				{item "valter" filling "ammo pistol" 8 {cell 4 0}}
			}
			{armor "head"
				{Item "helmet1_ger"}
			}
			{armor "body"
				{Item "ger_pistol_holder"}
			}
		}
		{DisableObstacles}
		{Player 1}
		{MID 63}
		{NameId 126 138}
		{FsmState "board"}
	}
	{Human "ger.infantry_rifle" 0x803c
		{Position 205.231 3987.27 0}
		{Turn 102.274}
		{Extender "inventory"
			{box
				{clear}
				{item "ammo rifle" 25 {cell 7 0}}
				{item "mauzer_kn" filling "ammo rifle" 5 {cell 0 0}}
			}
		}
		{Player 1}
		{MID 64}
		{NameId 62 128}
		{FsmState "stand"}
	}
	{Human "ger.crewtank" 0x803d
		{Position 4806.12 1605.72 48.6781}
		{Turn -90.4801}
		{TexMod "2"}
		{Extender "inventory"
			{box
				{clear}
				{item "ammo pistol" 32 {cell 6 0}}
				{item "valter" filling "ammo pistol" 8 {cell 4 0}}
			}
			{armor "body"
				{Item "ger_pistol_holder"}
			}
		}
		{DisableObstacles}
		{Player 1}
		{MID 65}
		{NameId 39 118}
		{LastItem "valter"}
		{FsmState "board"}
	}
	{Human "ger.crewtank" 0x803e
		{Position 5933.16 2601.97 18.6547}
		{Turn 89.1985}
		{TexMod "2"}
		{Extender "inventory"
			{box
				{clear}
				{item "ammo pistol" 32 {cell 6 0}}
				{item "valter" {cell 4 0}}
			}
			{armor "head"
				{Item "helmet1_ger"}
			}
			{armor "body"
				{Item "ger_pistol_holder"}
			}
		}
		{DisableObstacles}
		{Player 1}
		{MID 66}
		{NameId 25 113}
		{FsmState "board"}
	}
	{Human "ger.crewtank" 0x803f
		{Position 5954.23 2601.36 18.6547}
		{Turn 114.198}
		{TexMod "2"}
		{Extender "inventory"
			{box
				{clear}
				{item "ammo pistol" 32 {cell 6 0}}
				{item "valter" {cell 4 0}}
			}
			{armor "head"
				{Item "helmet1_ger"}
			}
			{armor "body"
				{Item "ger_pistol_holder"}
			}
		}
		{DisableObstacles}
		{Player 1}
		{MID 67}
		{NameId 62 117}
		{FsmState "board"}
	}
	{Human "ger.crewtank" 0x8040
		{Position 5941.06 2460.26 54.5026}
		{Turn -90.8015}
		{TexMod "2"}
		{Extender "inventory"
			{box
				{clear}
				{item "ammo pistol" 32 {cell 6 0}}
				{item "valter" filling "ammo pistol" 8 {cell 4 0}}
			}
			{armor "body"
				{Item "ger_pistol_holder"}
			}
		}
		{DisableObstacles}
		{Player 1}
		{MID 68}
		{NameId 66 130}
		{LastItem "valter"}
		{FsmState "board"}
	}
	{Human "ger.crewtank" 0x8041
		{Position 2351.29 5624.32 9.2704}
		{Orientation
			 -0.009984   0.920846   0.389700
			 -0.999941  -0.010842   0.000000
			  0.004225  -0.389677   0.920900
		}
		{DisableObstacles}
		{Player 1}
		{MID 69}
		{NameId 100 73}
		{LastItem "mp40"}
		{FsmState "board"}
	}
	{Human "ger.crewtank" 0x8042
		{Position 2345.55 5597.29 11.4236}
		{Turn 90.6212}
		{Extender "inventory"
			{box
				{clear}
				{item "ammo pistol" 32 {cell 6 0}}
				{item "mp40" filling "ammo pistol" 32 {cell 0 0}}
			}
			{armor "head"
				{Item "helmet1_ger"}
			}
		}
		{DisableObstacles}
		{Player 1}
		{MID 70}
		{NameId 132 135}
		{LastItem "mp40"}
		{FsmState "board"}
	}
	{Human "ger.crewtank" 0x8043
		{Position 5340.93 2269.26 54.5026}
		{Turn -89.5704}
		{TexMod "2"}
		{Extender "inventory"
			{box
				{clear}
				{item "ammo pistol" 32 {cell 6 0}}
				{item "valter" filling "ammo pistol" 8 {cell 4 0}}
			}
			{armor "head"
				{Item "helmet1_ger"}
			}
			{armor "body"
				{Item "ger_pistol_holder"}
			}
		}
		{DisableObstacles}
		{Player 1}
		{MID 71}
		{NameId 122 38}
		{LastItem "valter"}
		{FsmState "board"}
	}
	{Human "ger.crewtank" 0x8044
		{Position 5351.07 2410.61 18.6547}
		{Turn 115.429}
		{TexMod "2"}
		{Extender "inventory"
			{box
				{clear}
				{item "ammo pistol" 32 {cell 6 0}}
				{item "valter" {cell 4 0}}
			}
			{armor "head"
				{Item "helmet1_ger"}
			}
			{armor "body"
				{Item "ger_pistol_holder"}
			}
		}
		{DisableObstacles}
		{Player 1}
		{MID 72}
		{NameId 21 99}
		{FsmState "board"}
	}
	{Human "ger.crewtank" 0x8045
		{Position 5329.99 2410.77 18.6547}
		{Turn 90.4296}
		{TexMod "2"}
		{Extender "inventory"
			{box
				{clear}
				{item "ammo pistol" 32 {cell 6 0}}
				{item "valter" {cell 4 0}}
			}
			{armor "head"
				{Item "helmet1_ger"}
			}
			{armor "body"
				{Item "ger_pistol_holder"}
			}
		}
		{DisableObstacles}
		{Player 1}
		{MID 73}
		{NameId 11 127}
		{FsmState "board"}
	}
	{Human "ger.crewtank" 0x8046
		{Position 4805.95 1765.3 21.1094}
		{Orientation
			  0.008379   0.999965  -0.001300
			  0.999965  -0.008379  -0.000100
			  0.000111   0.001299   1.000000
		}
		{TexMod "2"}
		{Extender "inventory"
			{box
				{clear}
				{item "ammo pistol" 32 {cell 6 0}}
				{item "valter" {cell 4 0}}
			}
			{armor "head"
				{Item "helmet1_ger"}
			}
			{armor "body"
				{Item "ger_pistol_holder"}
			}
		}
		{DisableObstacles}
		{Player 1}
		{MID 74}
		{NameId 43 12}
		{FsmState "board"}
	}
	{Human "ger.farseer" 0x8047
		{Position 7870.59 4512.12 202.559}
		{Turn 180}
		{Extender "inventory"
			{box
				{clear}
				{item "ammo rifle" 25 {cell 7 0}}
			}
			{armor "head"
				{Item "german_cap"}
			}
			{armor "body"
				{Item "rifle-ammo-holder2"}
			}
		}
		{DisableObstacles}
		{Player 1}
		{MID 75}
		{Weaponry
			{State
				{Mounted "mauzer"}
				{Weapon
					{Ammo "ammo rifle" 5}
				}
			}
		}
		{NameId 39 130}
		{Cover
			{sector 7870.59 4512.12 {type "squat_lie"}
				{wall 0 0 7863.59 4502.12 7863.59 4522.12}
			}
		}
		{FsmState "squat"}
	}
	{Entity "merchant1" 0x8048
		{Position 261.123 421.589 -10}
		{Turn 1.21387}
		{TexMod "skin4"}
		{Player 1}
		{MID 76}
		
	}
	{Human "ger.otto3" 0x8049
		{Position 299.637 423.209 44.7994}
		{Orientation
			  0.999779   0.020394  -0.005195
			 -0.020465   0.999693  -0.013941
			  0.004909   0.014045   0.999889
		}
		{DisableObstacles}
		{Player 1}
		{MID 77}
		{NameId 100 52}
		{FsmState "board"}
	}
	{Entity "gate_wood2" 0x804a
		{Position 1892.43 7509.02 0}
		{Turn -179.791}
		{Impregnability}
		{AreaDisable "right"}
		{AreaDisable "left"}
	}
	{Entity "gate_depot" 0x804b
		{Position 1709.93 6300.91 0}
		{Turn 90.9552}
	}
	{Entity "gate_wood2" 0x804c
		{Position 1264.02 7188.76 0}
		{Turn 88.6006}
		{Impregnability}
		{AreaDisable "right"}
		{AreaDisable "left"}
	}
	{Entity "gate_wood2" 0x804d
		{Position 1650.92 9890.57 0}
		{Turn -0.633542}
		{TexMod "4"}
		{Impregnability}
		{AreaDisable "right"}
		{AreaDisable "left"}
	}
	{Entity "transformer" 0x804e
		{Position 1226.05 8017.37 0}
		{Turn 90.2086}
		{Scale 1.5}
		{Impregnability}
	}
	{Entity "transformer" 0x804f
		{Position 1224.25 8218.29 0}
		{Turn 90.2086}
		{Scale 1.5}
		{Impregnability}
	}
	{Entity "transformer" 0x8050
		{Position 1864.82 9065.73 0}
		{Turn 90.2086}
	}
	{Entity "gate_wood2" 0x8051
		{Position 2683.92 9064.32 0}
		{Turn 90.5394}
		{TexMod "4"}
		{AreaDisable "right"}
		{AreaDisable "left"}
	}
	{Human "rus.sailor8" 0x8052
		{Position 7743.48 13484.8 39}
		{Turn -153.504}
		{Extender "inventory"
			{box
				{clear}
				{item "ammo pistol" 70 {cell 4 0}}
				{item "grenade rgd33" {cell 6 0}}
				{item "grenade rgd33" {cell 6 1}}
				{item "pps" filling "ammo pistol" 35 {cell 0 0}}
				{item "bandage" 2 {cell 6 2}}
				{item "grenade smoke" {cell 7 3}}
				{item "ammo pistol" 70 {cell 4 1}}
			}
		}
		{Player 2}
		{MID 78}
		{NameId 38 61}
		{FsmState "squat"}
	}
	{Human "rus.sailor9" 0x8053
		{Position 7690.12 13498.3 42.9675}
		{Turn -157.88}
		{Extender "inventory"
			{box
				{clear}
				{item "svtautomatic" filling "ammo rifle" 10 {cell 0 0}}
				{item "ammo rifle" 40 {cell 7 0}}
				{item "grenade f1" {cell 6 0}}
				{item "bandage" 3 {cell 6 1}}
				{item "knife" {cell 6 2}}
			}
		}
		{Player 2}
		{MID 79}
		{NameId 32 12}
		{FsmState "squat"}
	}
	{Human "rus.sailor9" 0x8054
		{Position 7698.81 13567.9 39.0186}
		{Turn -157.591}
		{TexMod "2"}
		{Extender "inventory"
			{box
				{clear}
				{item "svtautomatic" filling "ammo rifle" 10 {cell 0 0}}
				{item "ammo rifle" 40 {cell 7 0}}
				{item "grenade f1" {cell 6 0}}
				{item "bandage" 3 {cell 6 1}}
				{item "knife" {cell 6 2}}
			}
		}
		{Player 2}
		{MID 80}
		{NameId 40 99}
		{FsmState "squat"}
	}
	{Human "rus.sailor7" 0x8055
		{Position 7699.47 13546.3 40.3819}
		{Turn -167.427}
		{Extender "inventory"
			{box
				{clear}
				{item "ammo pistol" 70 {cell 4 0}}
				{item "grenade rpg43" {cell 6 0}}
				{item "grenade f1" {cell 7 1}}
				{item "grenade f1" {cell 6 1}}
				{item "ammo pistol" 70 {cell 4 1}}
				{item "bandage" 3 {cell 4 2}}
				{item "pps" filling "ammo pistol" 35 {cell 0 0}}
				{item "knife" {cell 6 2}}
			}
		}
		{Player 2}
		{MID 81}
		{NameId 87 22}
		{FsmState "squat"}
	}
	{Human "rus.sailor1" 0x8056
		{Position 7716.17 13490 40.3625}
		{Turn -154.376}
		{Extender "inventory"
			{box
				{clear}
				{item "ammo pistol" 70 {cell 5 0}}
				{item "ammo pistol" 70 {cell 3 0}}
				{item "grenade rgd33" {cell 6 1}}
				{item "grenade rgd33" {cell 4 1}}
				{item "grenade smoke" {cell 7 0}}
				{item "bandage" 4 {cell 6 2}}
				{item "knife" {cell 4 2}}
			}
		}
		{Player 2}
		{MID 82}
		{Weaponry
			{State
				{Mounted "pps"}
				{Weapon
					{Ammo "ammo pistol" 35}
				}
			}
		}
		{NameId 6 40}
		{FsmState "squat"}
	}
	{Human "rus.sailor4" 0x8057
		{Position 7695.4 13524.2 42.753}
		{Turn -168.8}
		{Extender "inventory"
			{box
				{clear}
				{item "ammo pistol" 70 {cell 6 0}}
				{item "grenade smoke" {cell 5 1}}
				{item "grenade f1" {cell 5 0}}
				{item "grenade f1" {cell 4 0}}
				{item "bandage" 5 {cell 6 2}}
				{item "ammo pistol" 70 {cell 6 1}}
			}
		}
		{Player 2}
		{MID 83}
		{Weaponry
			{State
				{Mounted "pps"}
				{Weapon
					{Ammo "ammo pistol" 35}
				}
			}
		}
		{NameId 52 49}
		{LastItem "pps"}
		{FsmState "stand"}
	}
	{Entity "i-16" 0x8058
		{Position 8364.44 15438.9 560}
		{Turn -112.024}
		{BoneSave
			{BoneSave "basis pivot_front wingl1 retract_wheell"
				{State 0x20}
			}
			{BoneSave "basis pivot_front wingl1 retract_wheell support2"
				{State 0x4}
			}
			{BoneSave "basis pivot_front wingr1 retract_wheelr"
				{State 0x20}
			}
			{BoneSave "basis pivot_front wingr1 retract_wheelr support1"
				{State 0x4}
			}
		}
		{DisableObstacles}
		{Player 0}
		{MID 84}
		
		{Chassis
			{AirborneMode 1}
			{TargetAlt 560}
		}
	}
	{Entity "i-16" 0x8059
		{Position 8532.48 15203.2 500}
		{Turn -112.024}
		{BoneSave
			{BoneSave "basis pivot_front wingl1 retract_wheell"
				{State 0x20}
			}
			{BoneSave "basis pivot_front wingl1 retract_wheell support2"
				{State 0x4}
			}
			{BoneSave "basis pivot_front wingr1 retract_wheelr"
				{State 0x20}
			}
			{BoneSave "basis pivot_front wingr1 retract_wheelr support1"
				{State 0x4}
			}
		}
		{DisableObstacles}
		{Player 0}
		{MID 85}
		
		{Chassis
			{AirborneMode 1}
			{TargetAlt 500}
		}
	}
	{Human "rus.tankman" 0x805a
		{Position 8363.82 15440.5 564.145}
		{Orientation
			 -0.370495  -0.915902   0.154700
			  0.927027  -0.374995   0.000000
			  0.058012   0.143411   0.988000
		}
		{Extender "inventory"
			{box
				{clear}
				{item "tt" filling "ammo pistol" 8 {cell 0 0}}
				{item "ammo pistol" 16 {cell 6 0}}
			}
			{armor "head"
				{Item "raf-helmet"}
			}
		}
		{DisableObstacles}
		{Player 0}
		{MID 86}
		{NameId 38 62}
		{FsmState "board"}
	}
	{Human "rus.tankman" 0x805b
		{Position 8531.86 15204.8 504.145}
		{Orientation
			 -0.370495  -0.915902   0.154700
			  0.927027  -0.374995   0.000000
			  0.058012   0.143411   0.988000
		}
		{Extender "inventory"
			{box
				{clear}
				{item "tt" filling "ammo pistol" 8 {cell 0 0}}
				{item "ammo pistol" 16 {cell 6 0}}
			}
			{armor "head"
				{Item "raf-helmet"}
			}
		}
		{DisableObstacles}
		{Player 0}
		{MID 87}
		{NameId 32 13}
		{FsmState "board"}
	}
	{Human "ger.infantry_smg" 0x805c
		{Position 2685.64 6029.22 8.3716}
		{Turn 179.746}
		{DisableObstacles}
		{Player 1}
		{MID 88}
		{NameId 100 53}
		{FsmState "board"}
	}
	{Human "ger.infantry_smg" 0x805d
		{Position 2659.39 6029.43 14.3074}
		{Turn -90.2539}
		{DisableObstacles}
		{Player 1}
		{MID 89}
		{NameId 132 116}
		{FsmState "board"}
	}
	{Entity "wirbelwind" 0x805e
		{Position 849.463 12266.6 46.2901}
		{Turn -11.7872}
		{TexMod "ambush"}
		{Player 1}
		{MID 90}
		
	}
	{Human "ger.farseer" 0x805f
		{Position 676.302 11589.1 0}
		{Turn -180}
		{Extender "inventory"
			{box
				{clear}
				{item "ammo pistol" 96 {cell 6 0}}
			}
			{armor "body"
				{Item "mp-ammo-holder"}
			}
		}
		{Player 1}
		{MID 91}
		{Weaponry
			{State
				{Mounted "mp40"}
				{Weapon
					{Ammo "ammo pistol" 32}
				}
			}
		}
		{NameId 100 54}
		{Cover
			{sector 676.302 11589.1 {type "look_right"}
				{wall 0 0 683.302 11672.3 683.302 11578.8}
			}
		}
		{FsmState "stand"}
	}
	{Human "ger.farseer" 0x8060
		{Position 169.737 11203.9 0}
		{Turn -74.7057}
		{Extender "inventory"
			{box
				{clear}
				{item "ammo rifle" 25 {cell 7 0}}
				{item "grenade m39" {cell 6 0}}
			}
			{armor "body"
				{Item "rifle-ammo-holder"}
			}
		}
		{Player 1}
		{MID 92}
		{Weaponry
			{State
				{Mounted "mauzer"}
				{Weapon
					{Ammo "ammo rifle" 5}
				}
			}
		}
		{NameId 132 117}
		{FsmState "stand"}
	}
	{Human "ger.farseer" 0x8061
		{Position 254.77 10785.2 0}
		{Extender "inventory"
			{box
				{clear}
				{item "ammo pistol" 96 {cell 6 0}}
			}
			{armor "body"
				{Item "mp-ammo-holder"}
			}
		}
		{Player 1}
		{MID 93}
		{Weaponry
			{State
				{Mounted "mp40"}
				{Weapon
					{Ammo "ammo pistol" 32}
				}
			}
		}
		{NameId 123 103}
		{Cover
			{sector 254.77 10785.2 {type "squat_lie"}
				{wall 0 0 261.77 10828.7 261.77 10739}
			}
		}
		{FsmState "squat"}
	}
	{Human "ger.farseer" 0x8062
		{Position 566.545 11294.1 0}
		{Extender "inventory"
			{box
				{clear}
				{item "mauzer" filling "ammo rifle" 5 {cell 0 0}}
				{item "ammo rifle" 25 {cell 6 0}}
				{item "bayonet" {cell 7 0}}
			}
			{armor "body"
				{Item "rifle-ammo-holder"}
			}
		}
		{Player 1}
		{MID 94}
		{NameId 9 55}
		{Cover
			{sector 566.545 11294.1 {type "snipe_cover"}
				{wall 0 0 573.545 11319 573.545 11225.1}
			}
		}
		{FsmState "snipe"}
	}
	{Human "ger.farseer" 0x8063
		{Position 1044.94 13394.9 24.0037}
		{Extender "inventory"
			{box
				{clear}
				{item "ammo pistol" 96 {cell 6 0}}
			}
			{armor "body"
				{Item "mp-ammo-holder"}
			}
		}
		{Player 1}
		{MID 95}
		{Weaponry
			{State
				{Mounted "mp40"}
				{Weapon
					{Ammo "ammo pistol" 32}
				}
			}
		}
		{NameId 126 139}
		{FsmState "stand"}
	}
	{Human "ger.farseer" 0x8064
		{Position 978.029 12038.6 31.8806}
		{Extender "inventory"
			{box
				{clear}
				{item "ammo rifle" 30 {cell 7 0}}
				{item "g41automatic" filling "ammo rifle" 10 {cell 0 0}}
			}
			{armor "body"
				{Item "rifle-ammo-holder"}
			}
		}
		{Player 1}
		{MID 96}
		{NameId 1 135}
		{FsmState "stand"}
	}
	{Human "ger.infantry_smg" 0x8065
		{Position 839.026 12278.6 78.5414}
		{Orientation
			  0.977094  -0.203897  -0.060931
			  0.201886   0.978688  -0.037591
			  0.067297   0.024429   0.997434
		}
		{Extender "inventory"
			{box
				{clear}
				{item "ammo pistol" 64 {cell 6 0}}
				{item "mp40" filling "ammo pistol" 32 {cell 0 0}}
			}
		}
		{DisableObstacles}
		{Player 1}
		{MID 97}
		{NameId 39 119}
		{FsmState "board"}
	}
	{Human "ger.infantry_smg" 0x8066
		{Position 835.667 12259.8 79.2273}
		{Orientation
			  0.907020   0.418105   0.050777
			 -0.418880   0.908045   0.006022
			 -0.043600  -0.026727   0.998650
		}
		{Extender "inventory"
			{box
				{clear}
				{item "mp40" filling "ammo pistol" 32 {cell 0 0}}
				{item "ammo pistol" 64 {cell 6 0}}
			}
		}
		{DisableObstacles}
		{Player 1}
		{MID 98}
		{NameId 25 114}
		{FsmState "board"}
	}
	{Human "ger.infantry_smg" 0x8067
		{Position 849.463 12266.6 46.2901}
		{Orientation
			  0.977094  -0.203897  -0.060931
			 -0.201886  -0.978688   0.037591
			  0.067297   0.024429   0.997434
		}
		{Extender "inventory"
			{box
				{clear}
				{item "ammo pistol" 64 {cell 6 0}}
				{item "mp40" filling "ammo pistol" 32 {cell 0 0}}
			}
			{armor "head"
				{Item "german_cap"}
			}
		}
		{Player 1}
		{MID 99}
		{NameId 62 118}
		{FsmState "board"}
	}
	{Human "ger.infantry_smg" 0x8068
		{Position 849.463 12266.6 46.2901}
		{Orientation
			  0.977094  -0.203897  -0.060931
			 -0.201886  -0.978688   0.037591
			  0.067297   0.024429   0.997434
		}
		{Extender "inventory"
			{box
				{clear}
				{item "mp40" filling "ammo pistol" 32 {cell 0 0}}
				{item "ammo pistol" 64 {cell 6 0}}
			}
			{armor "head"
				{Item "german_cap"}
			}
		}
		{Player 1}
		{MID 100}
		{NameId 66 131}
		{FsmState "board"}
	}
	{Entity "pak39" 0x8069
		{Position 2134.67 11417.6 0}
		{Player 1}
		{MID 101}
		
		{Chassis
			{FuelBag
				{Remain 50}
			}
		}
	}
	{Entity "sdkfz-223" 0x806a
		{Position 358.969 11138.7 0}
		{Turn -28.7902}
		{Player 1}
		{MID 102}
		
	}
	{Human "ger.infantry_mgun" 0x806b
		{Position 122.58 11181.3 0}
		{Extender "inventory"
			{box
				{clear}
				{item "ammo mgun" 75 {cell 6 0}}
			}
		}
		{Player 1}
		{MID 103}
		{Weaponry
			{State
				{Mounted "mg42"}
				{Weapon
					{Ammo "ammo mgun" 75}
				}
			}
		}
		{NameId 140 22}
		{FsmState "stand"}
	}
	{Human "ger.infantry_rifle" 0x806c
		{Position 1434.99 11543.6 0}
		{Turn -9.78403}
		{Extender "inventory"
			{box
				{clear}
				{item "mauzer" filling "ammo rifle" 5 {cell 0 0}}
				{item "ammo rifle" 25 {cell 7 0}}
			}
		}
		{Player 1}
		{MID 104}
		{NameId 60 101}
		{FsmState "stand"}
	}
	{Human "ger.infantry_rifle" 0x806d
		{Position 141.1 10855 0}
		{Extender "inventory"
			{box
				{clear}
				{item "ammo rifle" 25 {cell 7 0}}
			}
		}
		{Player 1}
		{MID 105}
		{Weaponry
			{State
				{Mounted "mauzer"}
				{Weapon
					{Ammo "ammo rifle" 5}
				}
			}
		}
		{NameId 122 39}
		{FsmState "stand"}
	}
	{Human "ger.infantry_rifle" 0x806e
		{Position 416.262 11169.3 0}
		{Turn -165.4}
		{Extender "inventory"
			{box
				{clear}
				{item "mauzer" filling "ammo rifle" 5 {cell 0 0}}
				{item "ammo rifle" 25 {cell 7 0}}
			}
		}
		{Player 1}
		{MID 106}
		{NameId 21 100}
		{FsmState "stand"}
	}
	{Human "ger.infantry_rifle" 0x806f
		{Position 1382.22 11540.1 0}
		{Turn -60.2333}
		{Extender "inventory"
			{box
				{clear}
				{item "ammo rifle" 25 {cell 4 0}}
				{item "grenade m24" {cell 5 0}}
			}
		}
		{Player 1}
		{MID 107}
		{Weaponry
			{State
				{Mounted "mauzer"}
				{Weapon
					{Ammo "ammo rifle" 5}
				}
			}
		}
		{NameId 11 128}
		{FsmState "stand"}
	}
	{Human "ger.infantry_rifle" 0x8070
		{Position 331.943 11534.2 0}
		{Turn -85.6095}
		{Extender "inventory"
			{box
				{clear}
				{item "ammo rifle" 25 {cell 7 0}}
			}
		}
		{Player 1}
		{MID 108}
		{Weaponry
			{State
				{Mounted "mauzer"}
				{Weapon
					{Ammo "ammo rifle" 5}
				}
			}
		}
		{NameId 43 13}
		{FsmState "stand"}
	}
	{Human "ger.infantry_smg" 0x8071
		{Position 1365.4 11475.9 0}
		{Turn 36.9877}
		{Extender "inventory"
			{box
				{clear}
				{item "ammo pistol" 64 {cell 6 0}}
			}
		}
		{Player 1}
		{MID 109}
		{Weaponry
			{State
				{Mounted "mp40"}
				{Weapon
					{Ammo "ammo pistol" 32}
				}
			}
		}
		{NameId 57 122}
		{FsmState "stand"}
	}
	{Human "ger.infantry_smg" 0x8072
		{Position 260.062 11480.7 0}
		{Turn 24.0676}
		{Extender "inventory"
			{box
				{clear}
				{item "ammo pistol" 64 {cell 6 0}}
				{item "grenade molotov_coctail" {cell 6 1}}
			}
		}
		{Player 1}
		{MID 110}
		{Weaponry
			{State
				{Mounted "mp40"}
				{Weapon
					{Ammo "ammo pistol" 32}
				}
			}
		}
		{NameId 58 43}
		{FsmState "stand"}
	}
	{Human "ger.infantry_smg" 0x8073
		{Position 522.486 11265.2 0}
		{Turn -48.1749}
		{Extender "inventory"
			{box
				{clear}
				{item "ammo pistol" 64 {cell 0 0}}
				{item "grenade m24" {cell 2 0}}
			}
		}
		{Player 1}
		{MID 111}
		{Weaponry
			{State
				{Mounted "mp40"}
				{Weapon
					{Ammo "ammo pistol" 32}
				}
			}
		}
		{NameId 104 57}
		{FsmState "stand"}
	}
	{Human "ger.infantry_smg" 0x8074
		{Position 163.37 10782.4 0}
		{Extender "inventory"
			{box
				{clear}
				{item "ammo pistol" 64 {cell 6 0}}
			}
		}
		{Player 1}
		{MID 112}
		{Weaponry
			{State
				{Mounted "mp40"}
				{Weapon
					{Ammo "ammo pistol" 32}
				}
			}
		}
		{NameId 138 1}
		{FsmState "stand"}
	}
	{Human "ger.infantry_smg" 0x8075
		{Position 312.185 11562.6 0}
		{Turn -93.0374}
		{Extender "inventory"
			{box
				{clear}
				{item "ammo pistol" 64 {cell 6 0}}
				{item "grenade m24" {cell 6 1}}
			}
		}
		{Player 1}
		{MID 113}
		{Weaponry
			{State
				{Mounted "mp40"}
				{Weapon
					{Ammo "ammo pistol" 32}
				}
			}
		}
		{NameId 2 123}
		{FsmState "stand"}
	}
	{Human "ger.infantry_mgun" 0x8076
		{Position 259.755 11517.5 0}
		{Extender "inventory"
			{box
				{clear}
				{item "ammo mgun" 75 {cell 6 0}}
			}
		}
		{Player 1}
		{MID 114}
		{Weaponry
			{State
				{Mounted "mg42"}
				{Weapon
					{Ammo "ammo mgun" 75}
				}
			}
		}
		{NameId 58 88}
		{FsmState "stand"}
	}
	{Human "ger.infantry_smg" 0x8077
		{Position 371.162 11125.1 9.2704}
		{Orientation
			  0.807067  -0.443509   0.389700
			  0.481604   0.876389   0.000000
			 -0.341529   0.187681   0.920900
		}
		{Extender "inventory"
			{box
				{clear}
				{item "ammo pistol" 64 {cell 6 0}}
				{item "mp40" filling "ammo pistol" 32 {cell 0 0}}
			}
		}
		{DisableObstacles}
		{Player 1}
		{MID 115}
		{NameId 46 133}
		{LastItem "mp40"}
		{FsmState "board"}
	}
	{Human "ger.infantry_smg" 0x8078
		{Position 350.442 11143.4 11.4236}
		{Turn -28.7902}
		{Extender "inventory"
			{box
				{clear}
				{item "ammo pistol" 64 {cell 6 0}}
				{item "mp40" filling "ammo pistol" 32 {cell 0 0}}
			}
		}
		{DisableObstacles}
		{Player 1}
		{MID 116}
		{NameId 123 29}
		{LastItem "mp40"}
		{FsmState "board"}
	}
	{Entity "pz-3g" 0x8079
		{Position 68.4064 13165.2 0}
		{Turn -2.42491}
		{TexMod "ambush1"}
		{Player 1}
		{MID 117}
		
	}
	{Entity "pz-3g" 0x807a
		{Position 1704.84 13946.5 0}
		{Turn -94.6698}
		{TexMod "ambush1"}
		{Player 1}
		{MID 118}
		
	}
	{Entity "pz-3g" 0x807b
		{Position 1705.62 13979.1 0}
		{Turn -93.5168}
		{TexMod "ambush1"}
		{Player 1}
		{MID 119}
		
	}
	{Entity "sdkfz251_1" 0x807c
		{Position 99.5721 13166.5 0}
		{Turn -3.26361}
		{Extender "inventory"
			{box
				{clear}
				{item "ammo mgun" 300 {cell 0 0}}
				{item "weapon panzerpatrone" filling "ammo panzerfaust" {cell 1 5}}
				{item "weapon panzerpatrone" filling "ammo panzerfaust" {cell 1 4}}
				{item "bandage" 5 {cell 0 3}}
				{item "grenade smoke" {cell 0 4}}
				{item "dynamite" {cell 3 0}}
			}
		}
		{Player 1}
		{MID 120}
		
		{Weaponry
			{State
				{Mounted "mg42"}
				{Weapon
					{Ammo "ammo mgun" 75}
				}
			}
		}
	}
	{Human "ger.infantry_rifle" 0x807d
		{Position 1734.05 14011.6 25.0194}
		{Orientation
			  0.965494  -0.236771   0.108300
			  0.226362   0.968939   0.099600
			 -0.128537  -0.071650   0.989100
		}
		{Extender "inventory"
			{box
				{clear}
				{item "ammo rifle" 25 {cell 7 0}}
				{item "mauzer" filling "ammo rifle" 5 {cell 0 0}}
			}
		}
		{DisableObstacles}
		{Player 1}
		{MID 121}
		{NameId 13 101}
		{LastItem "mauzer"}
		{FsmState "board"}
	}
	{Human "ger.infantry_rifle" 0x807e
		{Position 1682.06 13999.9 25.0194}
		{Orientation
			 -0.902998   0.392931   0.173600
			 -0.398998  -0.916952   0.000000
			  0.159249  -0.069299   0.984800
		}
