;Modify by: Albus
{Skeleton
	{bone "basis"
		{Orientation
			1.0000	0.0000	0.0000
			0.0000	-1.0000	0.0000
			0.0000	0.0000	1.0000
		}
		{bone revolute "stabilizator"
			{speed 0.0080}
			{Orientation
				0.9999	0.0000	-0.0140
				0.0000	1.0000	0.0000
				0.0140	0.0000	0.9999
			}
			{bone "nogi"
				{parameters "ID=body;"}
				{Matrix34
					-0.4601	0.0002	0.8877
					0.8877	-0.0035	0.4601
					0.0032	1.0000	0.0015
					-1.8556	-0.1630	14.1627
				}
				{VolumeView "nogi.ply"}
			}
			{bone "gun"
				{parameters "ID=gun;"}
				{Matrix34
					0.4817	-0.0001	0.8763
					0.8762	0.0157	-0.4817
					-0.0137	0.9999	0.0076
					-11.6698	-0.1682	-0.4116
				}
				{VolumeView "gun.ply"}
				{bone "Upor"
					{parameters "ID=body;"}
					{Matrix34
						0.8746	-0.4848	0.0000
						0.4848	0.8746	0.0000
						0.0000	0.0000	1.0000
						-0.2122	0.0000	0.0000
					}
					{VolumeView "upor.ply"}
				}
			}
		}
	}
}
