;MDL File generated by SOEdit
;Model created by: <your name here>
;PLY Geometry by: <insert modeler name>
;VOL Geometry by: <insert modeler name>
{Skeleton
    {Animation
        {sequence "recoil" {speed 0.7}}
    }
    {bone revolute "Basis"
        {limits -0.0000 0.0000}
        {speed 0.0100}
        {Orientation
            1.0000 0.0000 0.0000
            0.0000 -1.0000 0.0000
            0.0000 0.0000 1.0000
        }
        {bone "body"
            {parameters "CommonMesh;ID=body;"}
            {Position 0.0000 -0.6000 4.6000}
            {VolumeView "body.ply"}
            {bone revolute "WheelL"
                {parameters "ID=wheelleft;"}
                {Matrix34
                    0.9866 0.0005 0.1633
                    0.1633 -0.0029 -0.9866
                    -0.0001 1.0000 -0.0029
                    24.4000 10.9736 1.5043
                }
                {VolumeView "wheell.ply"}
            }
            {bone revolute "WheelR"
                {parameters "ID=wheelright;"}
                {Matrix34
                    0.9882 -0.0004 0.1530
                    0.1530 0.0028 -0.9882
                    0.0000 1.0000 0.0028
                    24.5800 -11.0503 1.7024
                }
                {VolumeView "wheelr.ply"}
            }
            {bone revolute "turret"
                {limits -5.0000 5.0000}
                {speed 0.0100}
                {Matrix34
                    1.0000 -0.0035 0.0000
                    0.0035 1.0000 0.0000
                    0.0000 0.0000 1.0000
                    19.9999 -0.0698 4.6000
                }
                {bone revolute "gun_rot"
                    {parameters "ID=gun;"}
                    {limits -10.0000 38.0000}
                    {speed 0.0100}
                    {Matrix34
                        1.0000 0.0000 0.0000
                        0.0000 0.0079 1.0000
                        0.0000 -1.0000 0.0079
                        9.2000 3.3579 6.0838
                    }
                    {VolumeView "gun_rot.ply"}
                    {bone "For1"
                        {Matrix34
                            1.0000 0.0000 0.0000
                            0.0000 -0.0066 1.0000
                            0.0000 -1.0000 -0.0066
                            -9.2000 0.2296 3.0816
                        }
                        {visibility 0}
                        {bone "Gun"
                            {parameters "ID=Turret;"}
                            {Position -9.1055 0.4582 0.0000}
                            {VolumeView "gun.ply"}
                            {bone "Foresight1"
                                {Matrix34
                                    1.0000 0.0000 0.0000
                                    0.0000 -1.0000 0.0031
                                    0.0000 -0.0031 -1.0000
                                    42.6000 0.0000 0.0000
                                }
                            }
                        }
                    }
                }
                {bone "Visor"
                    {parameters "Vis;"}
                    {Position 0.4000 3.4800 9.5800}
                }
                {bone "gunner"
                    {Matrix34
                        0.9942 -0.1080 0.0000
                        0.1080 0.9942 0.0000
                        0.0000 0.0000 1.0000
                        -8.0628 9.1141 -7.9200
                    }
                }
                {bone "charger"
                    {Matrix34
                        0.9836 0.1805 0.0000
                        -0.1805 0.9836 0.0000
                        0.0000 0.0000 1.0000
                        -7.1887 -11.9697 -8.0000
                    }
                }
            }
        }
        {bone "emit1"
            {Matrix34
                0.8471 -0.5314 0.0000
                0.5314 0.8471 0.0000
                0.0000 0.0000 1.0000
                4.0226 16.0099 1.0000
            }
        }
        {bone "emit2"
            {Matrix34
                0.8554 0.5180 0.0000
                -0.5180 0.8554 0.0000
                0.0000 0.0000 1.0000
                5.2681 -17.3855 1.2000
            }
        }
        {bone "emit3"
            {Matrix34
                0.9588 -0.2840 0.0000
                0.2840 0.9588 0.0000
                0.0000 0.0000 1.0000
                -26.4532 13.1548 0.9000
            }
        }
        {bone "emit4"
            {Matrix34
                0.9511 0.3090 0.0000
                -0.3090 0.9511 0.0000
                0.0000 0.0000 1.0000
                -26.1451 -15.6450 0.9000
            }
        }
        {bone "driver"
            {Matrix34
                0.9699 -0.2436 0.0000
                0.2436 0.9699 0.0000
                0.0000 0.0000 1.0000
                -14.6143 9.5479 0.0000
            }
        }
        {bone "commander"
            {Matrix34
                0.9877 0.1564 0.0000
                -0.1564 0.9877 0.0000
                0.0000 0.0000 1.0000
                -14.5763 -11.9219 0.0000
            }
        }
    }
}
{Obstacle "Obstacle3"
    {Obb2
        {Center 3.8216 -0.0489}
        {Extent 6.8466 17.7277}
        {Axis 0 0}
    }
    {Rotate}
}
{Volume "gun"
    {Cylinder 1.02623 46.02360}
    {Bone "gun"}
    {Matrix34
        0.0015 1.9067 0.0568
        0.0037 -0.0649 2.1756
        0.6666 -0.0005 -0.0012
        21.5258 0.0605 -0.6246
    }
}
{Volume "body2"
    {Cylinder 1.99170 54.16730}
    {Bone "body"}
    {Matrix34
        0.0113 0.9977 0.0672
        -0.1396 -0.0649 0.9881
        0.9901 -0.0206 0.1386
        -3.3021 -3.6638 2.4782
    }
}
{Volume "body1"
    {Cylinder 1.99170 54.16730}
    {Bone "body"}
    {Matrix34
        0.0795 -0.9504 -0.3006
        0.1385 0.3092 -0.9409
        0.9872 0.0333 0.1562
        -5.6351 4.5803 1.4072
    }
}
{Volume "wheelleft"
    {Cylinder 6.84871 3.60311}
    {Bone "WheelL"}
    {Matrix34
        0.9962 0.0872 0.0000
        0.0872 -0.9962 0.0000
        0.0000 0.0000 -1.0000
        0.0000 0.0000 -0.0280
    }
}
{Volume "wheelright"
    {Cylinder 6.84871 3.60311}
    {Bone "WheelR"}
    {Matrix34
        1.0000 0.0000 0.0000
        0.0000 -1.0000 0.0000
        0.0000 0.0000 -1.0000
        0.0000 0.0000 0.0461
    }
}
