;Exported by: ubrashaev
;Date:        Tue Apr 06 16:08:44 2004
;File:        D:\-Projects-\-work-\3d\construction\hangar\Hangar_big(wall2).max
{Skeleton
	{bone "Exterior"
		{Orientation
			1.0000	0.0000	0.0000
			0.0000	-1.0000	0.0000
			0.0000	0.0000	1.0000
		}
		{bone "piece6"
			{Matrix34
				-0.0000	1.0000	0.0000
				-1.0000	-0.0000	0.0000
				0.0000	0.0000	1.0000
				-87.3235	41.1518	133.7568
			}
			{VolumeView "piece6.ply"}
		}
		{bone "piece1"
			{Matrix34
				-0.0000	1.0000	0.0000
				-1.0000	-0.0000	0.0000
				0.0000	0.0000	1.0000
				93.2650	-51.9052	133.6628
			}
			{VolumeView "piece1.ply"}
		}
		{bone "piece2"
			{Matrix34
				-0.0000	1.0000	0.0000
				-1.0000	-0.0000	0.0000
				0.0000	0.0000	1.0000
				5.9414	-51.9051	133.6628
			}
			{VolumeView "piece2.ply"}
		}
		{bone "piece3"
			{Matrix34
				-0.0000	1.0000	0.0000
				-1.0000	-0.0000	0.0000
				0.0000	0.0000	1.0000
				-87.3235	-51.9052	133.6628
			}
			{VolumeView "piece3.ply"}
		}
		{bone "piece4"
			{Matrix34
				-0.0000	1.0000	0.0000
				-1.0000	-0.0000	0.0000
				0.0000	0.0000	1.0000
				93.2650	41.1519	133.7568
			}
			{VolumeView "piece4.ply"}
		}
		{bone "piece5"
			{Matrix34
				-0.0000	1.0000	0.0000
				-1.0000	-0.0000	0.0000
				0.0000	0.0000	1.0000
				9.4545	41.1519	133.7568
			}
			{VolumeView "piece5.ply"}
		}
	}
}
{Volume "piece5"
	{Box 97.3543 4.9353 93.4418}
	{Bone "piece5"}
	{Matrix34
		0.0000	1.0000	0.0000
		-0.3420	0.0000	-0.9397
		-0.9397	0.0000	0.3420
		0.0415	3.4521	2.4742
	}
}
{Volume "piece4"
	{Box 64.1114 4.9353 93.4418}
	{Bone "piece4"}
	{Matrix34
		0.0000	1.0000	0.0000
		-0.3420	0.0000	-0.9397
		-0.9397	0.0000	0.3420
		0.0415	-0.0545	2.4742
	}
}
{Volume "piece3"
	{Box 74.4159 4.9353 89.9911}
	{Bone "piece3"}
	{Matrix34
		-0.0000	-1.0000	-0.0000
		0.3420	-0.0000	-0.9397
		0.9397	-0.0000	0.3420
		1.6539	0.4272	3.4455
	}
}
{Volume "piece2"
	{Box 99.2212 4.9353 89.9911}
	{Bone "piece2"}
	{Matrix34
		-0.0000	-1.0000	-0.0000
		0.3420	-0.0000	-0.9397
		0.9397	-0.0000	0.3420
		1.6538	0.1889	3.4455
	}
}
{Volume "piece1"
	{Box 63.6033 4.9353 89.9911}
	{Bone "piece1"}
	{Matrix34
		-0.0000	-1.0000	0.0000
		0.3420	-0.0000	-0.9397
		0.9397	-0.0000	0.3420
		1.6539	0.5421	3.4455
	}
}
{Volume "piece6"
	{Box 79.1499 4.9353 93.4418}
	{Bone "piece6"}
	{Matrix34
		0.0000	1.0000	0.0000
		-0.3420	0.0000	-0.9397
		-0.9397	0.0000	0.3420
		0.0415	-0.6448	2.4742
	}
}
