;Exported by: garry
;Date:        Fri May 07 15:22:09 2004
;File:        D:\-Projects-\-3DWork-\Model\าเํ๊่\มา-7\มา-7เ\new\BT-7a_xx.max
{Skeleton
	{bone "Basis"
		{Orientation
			1.0000	0.0000	0.0000
			0.0000	-1.0000	0.0000
			0.0000	0.0000	1.0000
		}
		{bone "body"
			{parameters "CommonMesh;ID=body;"}
			{Matrix34
				1.0000	0.0007	-0.0000
				-0.0007	0.9998	0.0175
				0.0001	-0.0175	0.9998
				-3.8441	1.9954	22.4620
			}
			{VolumeView "body.ply"}
				{bone revolute "WheelR1"
					{parameters "ID=trackright;"}
					{Matrix34
						1.0000	0.0000	0.0000
						-0.0000	-0.0000	-1.0000
						0.0000	1.0000	-0.0000
						49.1448	-20.1436	-7.4461
					}
					{VolumeView "WheelR1.ply"}
				}
				{bone revolute "Turret"
					{parameters "ID=turret;"}
					{Position 14.0567	-1.1861	9.8213}
					{VolumeView "Turret.ply"}
					{bone revolute "Gun_rot"
						{limits -10.0000 15.0000}
						{speed 0.0100}
						{Matrix34
							1.0000	0.0000	0.0000
							0.0000	-0.0000	1.0000
							-0.0000	-1.0000	-0.0000
							14.5371	0.0464	6.9759
						}
						{VolumeView "Gun_rot.ply"}
						{bone "Gun"
							{parameters "ID=gun;"}
							{Matrix34
								1.0000	-0.0000	-0.0000
								0.0000	0.0000	-1.0000
								0.0000	1.0000	-0.0000
								14.6191	0.6286	0.0103
							}
							{VolumeView "Gun.ply"}
						}
					}
					{bone "Cover"
						{parameters "ID=turret;"}
						{Matrix34
							0.5000	0.0758	0.8627
							0.0003	0.9961	-0.0877
							-0.8660	0.0442	0.4980
							-0.9426	4.7272	12.5960
						}
						{VolumeView "Cover.ply"}
					}
				}
			{bone "part1"
				{Matrix34
					1.0000	-0.0007	0.0001
					0.0007	0.9962	-0.0872
					-0.0001	0.0872	0.9962
					-22.5738	-9.4747	-3.8535
				}
				{VolumeView "part1.ply"}
			}
			{bone "part2"
				{Matrix34
					1.0000	-0.0007	0.0001
					-0.0002	-0.1468	0.9892
					-0.0007	-0.9892	-0.1468
					-11.1842	17.6842	-13.2009
				}
				{VolumeView "part2.ply"}
			}
			{bone "part3"
				{Matrix34
					1.0000	0.0000	0.0000
					-0.0000	0.9962	-0.0872
					-0.0000	0.0872	0.9962
					11.5681	-1.0245	-9.1426
				}
				{VolumeView "part3.ply"}
			}
			{bone "WheelR6"
				{parameters "ID=trackright;"}
				{Matrix34
					1.0000	-0.0007	0.0001
					-0.0001	0.0000	1.0000
					-0.0007	-1.0000	0.0000
					-46.2991	-23.0404	-10.0490
				}
				{VolumeView "WheelR6.ply"}
			}
			{bone "WheelL1"
				{parameters "ID=trackleft;"}
				{Position 49.7437	15.1241	-7.1683}
				{VolumeView "WheelL1.ply"}
			}
			{bone "engine"
				{parameters "CommonMesh;ID=body;"}
				{Matrix34
					0.0001	-0.0000	1.0000
					0.0007	1.0000	-0.0000
					-1.0000	0.0007	0.0001
					-32.7678	-1.2225	-2.9445
				}
				{VolumeView "engine.ply"}
			}
		}
		{bone "WheelsR"
			{parameters "ID=trackright;"}
			{Matrix34
				1.0000	0.0000	-0.0000
				0.0000	-0.0175	0.9998
				0.0000	-0.9998	-0.0175
				7.5000	-16.7414	7.9588
			}
			{VolumeView "WheelsR.ply"}
		}
		{bone "WheelsL"
			{parameters "ID=trackright;"}
			{Matrix34
				1.0000	0.0000	0.0000
				-0.0000	0.0349	-0.9994
				0.0000	-0.9994	-0.0349
				7.2793	21.8511	8.6583
			}
			{VolumeView "WheelsL.ply"}
		}
	}
}
{Volume "part3"
	{Cylinder 1.47025 41.4663}
	{Bone "part3"}
	{Matrix34
		0.9969	-0.0780	-0.0136
		0.0006	-0.1650	0.9863
		-0.0792	-0.9832	-0.1645
		-0.0575	0.0785	-0.7182
	}
}
{Volume "part2"
	{Cylinder 6.29511 2.8155}
	{Bone "part2"}
	{Matrix34
		1.0000	-0.0000	-0.0000
		-0.0000	0.9892	-0.1468
		-0.0000	0.1468	0.9892
		-0.3963	0.2876	-0.0476
	}
}
{Volume "part1"
	{Box 13.8437 7.13527 9.0748}
	{Bone "part1"}
	{Matrix34
		1.0000	-0.0000	-0.0001
		-0.0000	0.9936	-0.1132
		0.0001	0.1132	0.9936
		-0.0001	0.4778	1.2985
	}
}
{Volume "Turret"
	{Polyhedron "Turret.vol"}
	{Bone "Turret"}
	{Matrix34
		1.0000	-0.0000	0.0000
		0.0000	1.0000	-0.0087
		0.0000	0.0087	1.0000
		-3.6402	-0.7558	-1.1280
	}
}
{Volume "Body1"
	{Polyhedron "Body1.vol"}
	{Bone "body"}
	{Position -1.4967	-1.0259	-25.0279}
}
