;Exported by: sk
;Date:        Mon Sep 27 09:49:30 2004
;File:        D:\-Projects-\-3DWork-\Constructions\ÆÄ\Elevator\elevator_x(new).max
{Skeleton
	{bone "Basis"
		{Orientation
			1.0000	0.0000	0.0000
			0.0000	-1.0000	0.0000
			0.0000	0.0000	1.0000
		}
		{bone "elevator3"
			{Position -1.4831	-3.3797	17.7677}
			{VolumeView "elevator3.ply"}
		}
		{bone "Piece0"
			{Matrix34
				1.0000	0.0000	0.0000
				0.0000	-0.0000	1.0000
				0.0000	-1.0000	-0.0000
				8.0732	54.7455	95.4722
			}
			{VolumeView "Piece0.ply"}
		}
		{bone "Piece1"
			{Matrix34
				1.0000	0.0000	0.0000
				0.0000	-0.0000	1.0000
				0.0000	-1.0000	-0.0000
				-10.0308	57.8508	97.5137
			}
			{VolumeView "Piece1.ply"}
		}
		{bone "Piece2"
			{Position -1.4831	15.7284	65.2439}
			{VolumeView "Piece2.ply"}
		}
		{bone "Piece3"
			{Matrix34
				1.0000	0.0000	0.0000
				0.0000	-0.0000	1.0000
				0.0000	-1.0000	-0.0000
				9.0647	-25.4222	74.8052
			}
			{VolumeView "Piece3.ply"}
		}
		{bone "Piece4"
			{Matrix34
				1.0000	0.0000	0.0000
				0.0000	-0.0000	1.0000
				0.0000	-1.0000	-0.0000
				-13.0261	-9.4259	86.1862
			}
			{VolumeView "Piece4.ply"}
		}
		{bone "Piece5"
			{Matrix34
				-1.0000	0.0000	-0.0000
				-0.0000	-1.0000	0.0000
				-0.0000	0.0000	1.0000
				5.2482	-54.6230	37.6841
			}
			{VolumeView "Piece5.ply"}
		}
		{bone "Piece6"
			{Matrix34
				1.0000	0.0000	0.0000
				0.0000	-0.0000	1.0000
				0.0000	-1.0000	-0.0000
				-13.0654	-51.0854	70.4921
			}
			{VolumeView "Piece6.ply"}
		}
		{bone "Piece7"
			{Matrix34
				1.0000	0.0000	0.0000
				0.0000	-0.0000	1.0000
				0.0000	-1.0000	-0.0000
				9.3276	-14.6774	86.4069
			}
			{VolumeView "Piece7.ply"}
		}
		{bone "Sub_piece0"
			{Matrix34
				0.0000	-0.0000	-1.0000
				1.0000	0.0000	0.0000
				0.0000	-1.0000	0.0000
				-22.7782	-65.9722	68.5023
			}
			{VolumeView "Sub_piece0.ply"}
		}
		{bone "Sub_piece1"
			{Position -22.7782	18.9042	98.9801}
			{VolumeView "Sub_piece1.ply"}
		}
		{bone "Sub_piece2"
			{Matrix34
				0.0000	-0.0000	-1.0000
				1.0000	0.0000	0.0000
				0.0000	-1.0000	0.0000
				-22.7782	-46.8297	81.8307
			}
			{VolumeView "Sub_piece2.ply"}
		}
		{bone "Sub_piece3"
			{Matrix34
				-1.0000	-0.0000	0.0000
				0.0000	-1.0000	0.0000
				0.0000	0.0000	1.0000
				-3.5688	-13.6362	89.9903
			}
			{VolumeView "Sub_piece3.ply"}
		}
	}
}
{Obstacle "Piece6"
	{Obb2
		{Center -13.0654 50.8726}
		{Extent 10.3591 16.4118}
		{Axis 1 0}
	}
	{Rotate}
}
{Obstacle "Piece4a"
	{Obb2
		{Center -21.6655 9.18469}
		{Extent 0.743029 16.1814}
		{Axis 1 0}
	}
	{Rotate}
}
{Obstacle "Piece4"
	{Obb2
		{Center -13.0261 8.53035}
		{Extent 10.6147 26.3127}
		{Axis 1 0}
	}
	{Rotate}
}
{Obstacle "Piece3a"
	{Obb2
		{Center 19.7661 24.6751}
		{Extent 1.11953 23.4606}
		{Axis 1 0}
	}
	{Rotate}
}
{Obstacle "Piece3"
	{Obb2
		{Center 8.13468 30.9199}
		{Extent 10.1315 11.6475}
		{Axis 1 0}
	}
	{Rotate}
}
{Obstacle "Piece2"
	{Obb2
		{Center 0.102965 -15.7367}
		{Extent 5.08492 3.12443}
		{Axis 1 0}
	}
	{Rotate}
}
{Obstacle "Piece0"
	{Obb2
		{Center 8.07317 -56.7465}
		{Extent 11.7543 15.8114}
		{Axis 1 0}
	}
	{Rotate}
}
{Obstacle "Support2"
	{Obb2
		{Center 0.034379 67.0323}
		{Extent 10.4253 9.40076}
		{Axis 1 0}
	}
	{Rotate}
}
{Obstacle "Support"
	{Obb2
		{Center 0.0343761 -15.4743}
		{Extent 10.4253 9.40076}
		{Axis 1 0}
	}
	{Rotate}
}
{Volume "Sub_piece3"
	{Box 1.7252 39.9898 3.58478}
	{Bone "Sub_piece3"}
	{Matrix34
		1.0000	-0.0000	0.0000
		-0.0000	0.9447	-0.3279
		0.0000	0.3279	0.9447
		0.0000	-0.4815	3.3987
	}
}
{Volume "Sub_piece2"
	{Box 17.2469 1.72521 33.7864}
	{Bone "Sub_piece2"}
	{Matrix34
		0.9519	-0.0000	-0.3064
		0.0000	1.0000	0.0000
		0.3064	0.0000	0.9519
		1.5032	0.0000	-4.5702
	}
}
{Volume "Sub_piece1"
	{Box 17.7307 1.7252 25.5962}
	{Bone "Sub_piece1"}
	{Matrix34
		0.0000	-0.0000	-1.0000
		1.0000	0.0000	0.0000
		0.0000	-1.0000	0.0000
		-0.0000	3.2887	0.4169
	}
}
{Volume "Sub_piece0"
	{Box 16.2439 1.7252 23.2713}
	{Bone "Sub_piece0"}
	{Matrix34
		0.9472	0.0000	-0.3207
		-0.0000	1.0000	0.0000
		0.3207	-0.0000	0.9472
		-1.2309	-0.0000	6.0713
	}
}
{Volume "Piece7"
	{Box 22.3977 4.84423 30.5194}
	{Bone "Piece7"}
	{Matrix34
		1.0000	0.0000	0.0000
		0.0000	0.9465	0.3228
		0.0000	-0.3228	0.9465
		0.0000	-2.8066	-5.6882
	}
}
{Volume "Piece6"
	{Box 20.7183 5.51038 32.8071}
	{Bone "Piece6"}
	{Matrix34
		1.0000	0.0000	0.0000
		0.0000	0.9461	0.3238
		0.0000	-0.3238	0.9461
		0.0000	-3.7770	-0.2128
	}
}
{Volume "Piece5"
	{Box 22.5094 17.4679 25.3797}
	{Bone "Piece5"}
	{Position -0.0000	0.0000	-1.2603}
}
{Volume "Piece4a"
	{Box 1.48606 16.0091 28.7235}
	{Bone "Piece4"}
	{Matrix34
		1.0000	0.0000	0.0000
		0.0000	0.9460	0.3243
		0.0000	-0.3243	0.9460
		-8.6394	5.0843	-0.2412
	}
}
{Volume "Piece4"
	{Box 21.2294 4.54804 54.0729}
	{Bone "Piece4"}
	{Matrix34
		1.0000	0.0000	0.0000
		0.0000	0.9460	0.3243
		0.0000	-0.3243	0.9460
		0.0000	-5.6099	-0.8956
	}
}
{Volume "Piece3a"
	{Box 2.23906 4.16035 48.0289}
	{Bone "Piece3"}
	{Matrix34
		1.0000	0.0000	0.0000
		0.0000	0.9498	0.3127
		0.0000	-0.3127	0.9498
		10.7014	0.1446	-0.7472
	}
}
{Volume "Piece3"
	{Box 20.263 4.69146 22.9803}
	{Bone "Piece3"}
	{Matrix34
		1.0000	0.0000	0.0000
		0.0000	0.9498	0.3127
		0.0000	-0.3127	0.9498
		-0.9300	1.5084	5.4977
	}
}
{Volume "Piece2b"
	{Box 23.6957 20.719 9.03033}
	{Bone "Piece2"}
	{Matrix34
		1.0000	0.0000	0.0000
		0.0000	0.9892	0.1463
		0.0000	-0.1463	0.9892
		-10.7622	5.4964	22.7124
	}
}
{Volume "Piece2a"
	{Box 23.6957 48.1837 9.03033}
	{Bone "Piece2"}
	{Matrix34
		1.0000	0.0000	0.0000
		0.0000	0.9892	0.1463
		0.0000	-0.1463	0.9892
		10.7111	6.6701	22.7124
	}
}
{Volume "Piece2c"
	{Box 43.4608 35.6185 10.1905}
	{Bone "Piece2"}
	{Position 0.0000	7.4535	22.3571}
}
{Volume "Piece2"
	{Box 10.1698 6.24886 56.4396}
	{Bone "Piece2"}
	{Position 1.5861	0.0084	-10.9744}
}
{Volume "Piece1a"
	{Box 1.99132 22.0146 39.444}
	{Bone "Piece1"}
	{Position -12.5960	0.0000	4.9323}
}
{Volume "Piece1"
	{Box 21.2294 3.74249 44.3745}
	{Bone "Piece1"}
	{Position -2.9953	-9.0055	2.4941}
}
{Volume "Piece0"
	{Box 23.5087 5.55882 31.6229}
	{Bone "Piece0"}
	{Position 0.0000	-3.8696	-2.0010}
}
{Volume "Body2"
	{Box 23.472 6.77067 35.8529}
	{Bone "elevator3"}
	{Matrix34
		1.0000	0.0000	0.0000
		0.0000	0.3420	-0.9397
		0.0000	0.9397	0.3420
		9.6147	-61.6073	45.1054
	}
}
{Volume "Support3"
	{Box 10.2168 5.45244 52.0465}
	{Bone "elevator3"}
	{Position 1.5227	-63.6526	16.5633}
}
{Volume "Support2"
	{Box 20.8506 18.8015 45.1636}
	{Bone "elevator3"}
	{Position 1.5175	-63.6526	-31.5789}
}
{Volume "Support"
	{Box 20.8506 18.8015 45.1636}
	{Bone "elevator3"}
	{Position 1.5175	18.8540	-31.5789}
}
{Volume "Support1"
	{Box 10.2168 5.45244 22.5276}
	{Bone "elevator3"}
	{Position 1.5227	18.8540	1.8039}
}
