;Exported by: dinsen
;Date:        Wed May 04 16:19:27 2011
;File:        C:\Archivos de programa\Autodesk\3dsMax8\scenes\pendientes\hecho\ha-to_xx.max
{Skeleton
	{bone "basis"
		{Orientation
			1.0000	0.0000	0.0000
			0.0000	-1.0000	0.0000
			0.0000	0.0000	1.0000
		}
		{bone "body"
			{parameters "ID=body;"}
			{Position 0.3165	4.1650	15.8130}
			{VolumeView "body.ply"}
			{bone "engine"
				{parameters "ID=engine;"}
				{Position 52.1150	-2.5940	13.3195}
				{VolumeView "engine.ply"}
			}
			{bone revolute "wheelR2"
				{parameters "ID=trackright;"}
				{Matrix34
					-1.0000	0.0000	-0.0087
					-0.0087	-0.0000	1.0000
					-0.0000	1.0000	0.0000
					-66.7258	-25.1833	-2.1745
				}
				{VolumeView "wheelR2.ply"}
			}
			{bone revolute "wheelR1"
				{parameters "ID=trackright;"}
				{Matrix34
					-1.0000	0.0000	-0.0087
					-0.0087	-0.0000	1.0000
					-0.0000	1.0000	0.0000
					71.3108	-24.6709	1.3458
				}
				{VolumeView "wheelR1.ply"}
			}
			{bone revolute "wheelL2"
				{parameters "ID=trackleft;"}
				{Matrix34
					-1.0000	0.0000	-0.0087
					-0.0087	-0.0000	1.0000
					-0.0000	1.0000	0.0000
					-66.8698	18.4317	-1.9508
				}
				{VolumeView "wheelL2.ply"}
			}
			{bone revolute "wheelL1"
				{parameters "ID=trackleft;"}
				{Matrix34
					-1.0000	0.0000	-0.0087
					-0.0087	-0.0000	1.0000
					-0.0000	1.0000	0.0000
					71.1673	18.7950	1.5688
				}
				{VolumeView "wheelL1.ply"}
			}
			{bone "part2"
				{Matrix34
					1.0000	0.0000	0.0019
					-0.0000	1.0000	0.0010
					-0.0019	-0.0010	1.0000
					24.8821	-21.6119	20.7045
				}
				{VolumeView "part2.ply"}
			}
			{bone "doorL"
				{parameters "ID=body;"}
				{Matrix34
					1.0000	0.0000	-0.0000
					0.0000	1.0000	0.0000
					0.0000	0.0000	1.0000
					24.7410	14.3815	21.6118
				}
				{VolumeView "doorL.ply"}
			}
			{bone revolute "turret"
				{parameters "ID=turret;"}
				{limits -5.0000 5.0000}
				{speed 0.0010}
				{Matrix34
					1.0000	0.0000	0.0087
					-0.0000	1.0000	0.0000
					-0.0087	-0.0000	1.0000
					-16.4474	-3.3999	17.3995
				}
				{VolumeView "turret.ply"}
				{bone revolute "gun_rot"
					{parameters "ID=gun;"}
					{limits -15.0000 5.0000}
					{speed 0.0010}
					{Matrix34
						1.0000	-0.0000	0.0000
						0.0000	0.0000	1.0000
						0.0000	-1.0000	0.0000
						-0.0239	0.0307	17.3418
					}
					{VolumeView "gun_rot.ply"}
					{bone "part1"
						{Matrix34
							1.0000	-0.0087	-0.0000
							0.0000	0.0000	-1.0000
							0.0087	1.0000	0.0000
							-19.3861	7.2165	-1.9407
						}
						{VolumeView "part1.ply"}
					}
				}
			}
			{bone "part4"
				{Position -32.2583	27.1982	-0.0731}
				{VolumeView "part4.ply"}
			}
			{bone "part5"
				{Position 48.0276	16.7775	15.6000}
				{VolumeView "part5.ply"}
			}
		}
		{bone "wheelsL"
			{parameters "ID=trackleft;"}
			{Matrix34
				1.0000	0.0000	0.0087
				-0.0000	1.0000	0.0000
				-0.0087	-0.0000	1.0000
				3.5936	20.5047	9.7787
			}
			{VolumeView "wheelsL.ply"}
			{bone revolute "wheelL3"
				{parameters "ID=trackleft;"}
				{Matrix34
					-0.9728	-0.2316	-0.0000
					-0.0000	-0.0000	1.0000
					-0.2316	0.9728	0.0000
					49.0784	2.3826	-2.4666
				}
				{VolumeView "wheelL3.ply"}
			}
			{bone revolute "wheelL4"
				{parameters "ID=trackleft;"}
				{Matrix34
					-1.0000	0.0000	-0.0000
					-0.0000	-0.0000	1.0000
					-0.0000	1.0000	0.0000
					31.9910	2.3269	-2.4682
				}
				{VolumeView "wheelL4.ply"}
			}
			{bone revolute "wheelL5"
				{parameters "ID=trackleft;"}
				{Matrix34
					-0.9781	0.2084	-0.0000
					-0.0000	-0.0000	1.0000
					0.2084	0.9781	0.0000
					15.1994	2.2723	-2.4698
				}
				{VolumeView "wheelL5.ply"}
			}
			{bone revolute "wheelL6"
				{parameters "ID=trackleft;"}
				{Matrix34
					-1.0000	0.0000	-0.0000
					-0.0000	-0.0000	1.0000
					-0.0000	1.0000	0.0000
					-2.6567	2.2141	-2.4716
				}
				{VolumeView "wheelL6.ply"}
			}
			{bone revolute "wheelL7"
				{parameters "ID=trackleft;"}
				{Matrix34
					-0.9889	-0.1483	-0.0000
					-0.0000	-0.0000	1.0000
					-0.1483	0.9889	0.0000
					-18.4911	2.1625	-2.4730
				}
				{VolumeView "wheelL7.ply"}
			}
			{bone revolute "wheelL8"
				{parameters "ID=trackleft;"}
				{Matrix34
					-1.0000	0.0000	-0.0000
					-0.0000	-0.0000	1.0000
					-0.0000	1.0000	0.0000
					-35.8294	2.1061	-2.4747
				}
				{VolumeView "wheelL8.ply"}
			}
			{bone revolute "wheelL9"
				{parameters "ID=trackleft;"}
				{Matrix34
					-0.9850	0.1727	-0.0000
					-0.0000	-0.0000	1.0000
					0.1727	0.9850	0.0000
					-52.3035	2.0524	-2.4762
				}
				{VolumeView "wheelL9.ply"}
			}
		}
		{bone "wheelsr"
			{parameters "ID=trackright;"}
			{Matrix34
				1.0000	0.0000	0.0087
				0.0000	1.0000	0.0000
				-0.0087	0.0000	1.0000
				3.7628	-17.7703	10.0444
			}
			{VolumeView "wheelsr.ply"}
			{bone revolute "wheelR3"
				{parameters "ID=trackright;"}
				{Matrix34
					-0.9852	0.1717	-0.0000
					-0.0000	-0.0000	1.0000
					0.1717	0.9852	0.0000
					49.0481	-2.6880	-2.9545
				}
				{VolumeView "wheelR3.ply"}
			}
			{bone revolute "part3"
				{Matrix34
					-1.0000	0.0000	-0.0000
					-0.0000	-0.0000	1.0000
					-0.0000	1.0000	0.0000
					31.8435	-2.7441	-2.9561
				}
				{VolumeView "part3.ply"}
			}
			{bone revolute "wheelR5"
				{parameters "ID=trackright;"}
				{Matrix34
					-0.9593	-0.2823	-0.0000
					-0.0000	-0.0000	1.0000
					-0.2823	0.9593	0.0000
					15.1291	-2.7985	-2.9577
				}
				{VolumeView "wheelR5.ply"}
			}
			{bone revolute "wheelR6"
				{parameters "ID=trackright;"}
				{Matrix34
					-0.9783	-0.2074	-0.0000
					-0.0000	-0.0000	1.0000
					-0.2074	0.9783	0.0000
					-2.7589	-2.8568	-2.9594
				}
				{VolumeView "wheelR6.ply"}
			}
			{bone revolute "wheelR7"
				{parameters "ID=trackright;"}
				{Matrix34
					-0.9777	0.2098	-0.0000
					-0.0000	-0.0000	1.0000
					0.2098	0.9777	0.0000
					-18.5654	-2.9083	-2.9610
				}
				{VolumeView "wheelR7.ply"}
			}
			{bone revolute "wheelR8"
				{parameters "ID=trackright;"}
				{Matrix34
					-1.0000	0.0000	-0.0000
					-0.0000	-0.0000	1.0000
					-0.0000	1.0000	0.0000
					-35.8447	-2.9646	-2.9626
				}
				{VolumeView "wheelR8.ply"}
			}
			{bone revolute "wheelR9"
				{parameters "ID=trackright;"}
				{Matrix34
					-1.0000	0.0000	-0.0000
					-0.0000	-0.0834	0.9965
					-0.0000	0.9965	0.0834
					-52.4095	-3.0185	-2.9641
				}
				{VolumeView "wheelR9.ply"}
			}
		}
	}
}
{Volume "part3"
	{Box 12.0948 15.18 16.4198}
	{Bone "part3"}
	{Matrix34
		-1.0000	-0.0087	-0.0000
		-0.0000	-0.0000	0.4682
		-0.0063	0.7219	0.0000
		-0.0020	0.2285	0.0000
	}
}
{Volume "part5"
	{Box 38.9801 17.9501 15.7266}
	{Bone "part5"}
	{Matrix34
		0.8046	0.0000	0.0000
		0.0000	0.4481	0.0000
		0.0000	-0.0000	0.5177
		-3.4505	0.3650	0.0170
	}
}
{Volume "part4"
	{Box 82.8148 31.4502 26.7893}
	{Bone "part4"}
	{Matrix34
		0.9800	0.1291	-0.1392
		-0.0097	0.0756	0.0014
		0.0913	-0.0000	0.5182
		0.1678	0.0000	-0.0010
	}
}
{Volume "body2"
	{Box 157.872 16.5957 39.1489}
	{Bone "body"}
	{Matrix34
		1.0000	0.0000	0.0000
		0.0000	-0.0000	1.0000
		0.0000	-1.0000	-0.0000
		1.3512	-3.7455	2.4255
	}
}
{Volume "body1"
	{Box 18.2979 26.8085 35.3191}
	{Bone "body"}
	{Matrix34
		1.0531	0.0000	0.0000
		0.0000	-0.0000	1.0522
		0.0000	-1.0000	-0.0000
		16.8392	-3.2109	24.7158
	}
}
{Volume "turret"
	{Polyhedron "turret.vol"}
	{Bone "turret"}
	{Matrix34
		1.0000	-0.0000	0.0000
		-0.0000	-0.0000	1.0000
		0.0000	-1.0000	-0.0000
		1.5159	-0.0067	10.5459
	}
}
{Volume "part1"
	{Cylinder 8.85821 90}
	{Bone "part1"}
	{Matrix34
		-0.0000	-1.0000	-0.0000
		-0.4977	-0.0000	0.8673
		-0.8673	0.0000	-0.4977
		0.1992	-2.3274	-5.6419
	}
}
{Volume "part2"
	{Box 15.5669 16.5277 22.0743}
	{Bone "part2"}
	{Matrix34
		1.0000	-0.0000	-0.0019
		0.0000	0.0546	-0.0001
		0.0019	0.0010	1.0000
		-7.6256	0.8174	4.2054
	}
}
{Volume "engine"
	{Box 27.0316 24.5537 22.4358}
	{Bone "engine"}
	{Matrix34
		1.9800	0.0000	0.0000
		0.0000	1.3432	0.0000
		0.0000	0.0000	0.6392
		-2.3008	-0.6308	4.4535
	}
}
