;Exported by: sk
;Date:        Fri Dec 05 16:04:54 2003
;File:        D:\-Projects-\-3DWork-\Constructions\CitY\fountain_x.max
{Skeleton
	{bone "monument_x"
		{Orientation
			1.0000	0.0000	0.0000
			0.0000	-1.0000	0.0000
			0.0000	0.0000	1.0000
		}
		{bone "Piece3"
			{Position -4.5543	8.6648	34.4979}
			{VolumeView "Piece3.ply"}
		}
		{bone "Piece4"
			{Position 5.2815	8.3287	34.4979}
			{VolumeView "Piece4.ply"}
		}
		{bone "Piece2"
			{Matrix34
				-1.0000	0.0000	0.0000
				-0.0000	-1.0000	0.0000
				0.0000	0.0000	1.0000
				-3.0017	-9.4610	33.8984
			}
			{VolumeView "Piece2.ply"}
		}
		{bone "Piece1"
			{Matrix34
				-0.0000	0.3420	0.9397
				-1.0000	-0.0000	0.0000
				0.0000	-0.9397	0.3420
				-8.3322	-0.0190	34.4979
			}
			{VolumeView "Piece1.ply"}
		}
		{bone "Piece0"
			{Matrix34
				-0.0872	-0.9962	0.0000
				0.9962	-0.0872	0.0000
				0.0000	0.0000	1.0000
				8.3156	2.3739	33.8984
			}
			{VolumeView "Piece0.ply"}
		}
		{bone "Piece5"
			{Matrix34
				0.7660	0.6428	0.0000
				-0.6428	0.7660	0.0000
				0.0000	0.0000	1.0000
				9.0451	-7.7650	34.7915
			}
			{VolumeView "Piece5.ply"}
		}
	}
}
{Volume "Piece5"
	{Box 5.59317 4.62742 9.76924}
	{Bone "Piece5"}
	{Matrix34
		0.7660	-0.6428	0.0000
		0.6428	0.7660	0.0000
		0.0000	0.0000	1.0000
		-0.6112	0.4110	-0.8929
	}
}
{Volume "Piece0"
	{Box 5.59317 4.62742 8.49499}
	{Bone "Piece0"}
	{Matrix34
		-0.0872	0.9962	0.0000
		-0.9962	-0.0872	0.0000
		0.0000	0.0000	1.0000
		0.3471	0.1329	-0.6370
	}
}
{Volume "Piece"
	{Box 4.64233 7.49643 12.7425}
	{Bone "Piece1"}
	{Matrix34
		-0.0000	-1.0000	-0.0000
		0.9962	-0.0000	0.0872
		-0.0872	0.0000	0.9962
		-0.7999	0.7070	-0.9303
	}
}
{Volume "Piece2"
	{Box 7.55834 5.6432 12.842}
	{Bone "Piece2"}
	{Matrix34
		-1.0000	-0.0000	0.0000
		0.0000	-1.0000	0.0000
		0.0000	0.0000	1.0000
		0.3174	-0.0653	-0.6930
	}
}
{Volume "Piece4"
	{Box 7.55834 4.62742 13.4841}
	{Bone "Piece4"}
	{Position -0.3619	1.0755	-0.6204}
}
{Volume "Piece3"
	{Box 6.11545 4.28883 7.7052}
	{Bone "Piece3"}
	{Position -0.3136	0.1859	-0.9442}
}
