; made by Albus May 2009
{Skeleton
	{animation
		{sequence "recoil" {speed 0.3}}
	}
	{bone "basis"
		{Orientation
			1.0000	0.0000	0.0000
			0.0000	-1.0000	0.0000
			0.0000	0.0000	1.0000
		}
		{bone revolute "turret"
			{limits -85.0000 85.0000}
			{parameters "ID=Turret;"}
			{speed 0.0025}
			{Position 0.1442	0.2318	2.0225}
			{VolumeView "turret.ply"}
			{bone revolute "Gun_rot"
				{parameters "ID=Turret;"}
				{limits -5.0000 20.0000}
				{speed 0.0030}
				{Matrix34
					1.0000	0.0000	0.0000
					0.0000	0.0000	1.0000
					0.0000	-1.0000	0.0000
					8.3273	-0.1610	55.6081
				}
				{VolumeView "Gun_rot.ply"}
				{bone "Gun"
					{parameters "ID=gun;"}
					{Position -20.1055	0.4582	0.0000}
					{VolumeView "Gun.ply"}
					{bone "Foresight1"
						{Matrix34
							1.0000	0.0000	0.0000
							0.0000	0.0000	-1.0000
							0.0000	1.0000	0.0000
							148.0371	0.1168	0.2293
						}
					}
				}
			}
			{bone "Visor"
				{Matrix34
					0.9976	0.0000	-0.0680
					0.0000	1.0000	0.0000
					0.0680	-0.0001	0.9976
					51.8187	0.0000	45.4700
				}
			}
			{bone "commander"
				{Matrix34
					0.8192	-0.5736	-0.0011
					0.5736	0.8192	-0.0007
					0.0013	-0.0001	1.0000
					-14.8636	10.9617	-0.3214
				}
			}
			{bone "gunner"
				{Matrix34
					0.7660	0.6428	-0.0010
					-0.6428	0.7660	0.0009
					0.0013	-0.0001	1.0000
					-15.1082	-13.4366	-0.3214
				}
			}
			{bone "charger"
				{Matrix34
					1.0000	0.0000	0.0000
					0.0000	1.0000	0.0000
					0.0000	0.0000	1.0000
					-20.9841	-0.0480	-0.3135
				}
			}
		}
		{bone "emit1"
			{Matrix34
				0.7660	0.6428	0.0000
				-0.6428	0.7660	0.0000
				0.0000	0.0000	1.0000
				-25.0000	-20.0000	0.0000
			}
		}
		{bone "emit2"
			{Matrix34
				0.8192	-0.5736	0.0000
				0.5736	0.8192	0.0000
				0.0000	0.0000	1.0000
				-23.1862	17.6554	0.0000
			}
		}
		{bone "emit3"
			{Matrix34
				1.0000	0.0000	0.0000
				0.0000	1.0000	0.0000
				0.0000	0.0000	1.0000
				-32.6526	-0.0218	0.0000
			}
		}
	}
}
{Volume "turret"
	{Box 94.3345 100.6578 78.3408}
	{Bone "turret"}
	{Position 4.3573	-0.2318	38.7929}
}
{Volume "Gun"
	{Cylinder 6.45755 122.1881}
	{Bone "Gun"}
	{Matrix34
		0.0000	-1.0000	0.0000
		0.0000	0.0000	-1.0000
		1.0000	0.0000	0.0000
		83.7160	-0.0461	-0.2707
	}
}
