;MDL File generated by SOEdit
;Model created by: <St.Andrey>
;PLY Geometry by: <insert modeler name>
;VOL Geometry by: <insert modeler name>
{Skeleton
    {Animation
        {sequence "recoil" {speed 0.7}}
    }
    {bone revolute "Basis"
        {limits -0.0000 0.0000}
        {speed 0.0100}
        {Orientation
            1.0000 0.0000 0.0000
            0.0000 -1.0000 0.0000
            0.0000 0.0000 1.0000
        }
        {bone "body"
            {parameters "CommonMesh;ID=body;"}
            {Matrix34
                0.9999 0.0000 0.0139
                0.0000 1.0000 0.0000
                -0.0139 0.0000 0.9999
                -14.2893 2.2000 5.5882
            }
            {VolumeView "body.ply"}
            {bone revolute "wheell"
                {parameters "ID=wheelleft;"}
                {Matrix34
                    0.9978 0.0067 0.0663
                    0.0664 -0.0035 -0.9978
                    -0.0065 1.0000 -0.0040
                    25.9178 18.2422 2.4465
                }
                {VolumeView "wheell.ply"}
            }
            {bone revolute "wheelr"
                {parameters "ID=wheelleft;"}
                {Matrix34
                    0.9973 -0.0102 0.0732
                    0.0733 0.0039 -0.9973
                    0.0099 1.0000 0.0047
                    26.1798 -24.2782 2.2637
                }
                {VolumeView "wheelr.ply"}
            }
            {bone revolute "turret"
                {parameters "ID=turret;"}
                {limits -15.0000 15.0000}
                {speed 0.0100}
                {Matrix34
                    1.0000 0.0000 0.0000
                    0.0000 1.0000 0.0000
                    0.0000 0.0000 1.0000
                    25.2600 -1.2000 0.1500
                }
                {VolumeView "turret.ply"}
                {bone revolute "gun_rot"
                    {parameters "ID=gun;"}
                    {limits -5.0000 10.0000}
                    {speed 0.0050}
                    {Matrix34
                        0.9998 -0.0003 -0.0210
                        0.0210 0.0271 0.9994
                        0.0003 -0.9996 0.0271
                        -20.1359 15.4693 17.3145
                    }
                    {VolumeView "gun_rot.ply"}
                    {bone "bon"
                        {Position 4.4200 -2.7300 16.8200}
                        {bone "Gun"
                            {parameters "ID=gun;"}
                            {Position -9.1000 0.2300 0.3000}
                            {VolumeView "gun.ply"}
                            {bone "Foresight1"
                                {Matrix34
                                    1.0000 0.0000 0.0000
                                    0.0000 0.0234 -0.9997
                                    0.0000 0.9997 0.0234
                                    92.5000 -0.0069 -0.5603
                                }
                            }
                        }
                    }
                }
                {bone "Visor"
                    {parameters "Vis;"}
                    {Position 10.9000 -8.8000 19.5000}
                }
                {bone "gunner"
                    {Matrix34
                        0.9378 -0.3473 0.0000
                        0.3473 0.9378 0.0000
                        0.0000 0.0000 1.0000
                        -21.4090 8.9943 -4.2000
                    }
                }
                {bone "charger"
                    {Matrix34
                        0.5051 0.8630 0.0000
                        -0.8630 0.5051 0.0000
                        0.0000 0.0000 1.0000
                        -19.1666 -13.3462 -4.2000
                    }
                }
            }
            {bone "emit1"
                {Matrix34
                    0.9789 -0.2045 0.0000
                    0.2045 0.9789 0.0000
                    0.0000 0.0000 1.0000
                    -16.5301 11.8303 -5.0000
                }
            }
            {bone "emit2"
                {Matrix34
                    0.3746 0.9272 0.0000
                    -0.9272 0.3746 0.0000
                    0.0000 0.0000 1.0000
                    -7.6203 -28.7380 -5.2000
                }
            }
            {bone "emit3"
                {Matrix34
                    0.9455 -0.3256 0.0000
                    0.3256 0.9455 0.0000
                    0.0000 0.0000 1.0000
                    -58.7302 28.4719 -5.6000
                }
            }
            {bone "emit4"
                {Matrix34
                    0.9799 0.1994 0.0000
                    -0.1994 0.9799 0.0000
                    0.0000 0.0000 1.0000
                    -60.0183 -33.5390 -4.8000
                }
            }
            {bone "driver"
                {Matrix34
                    0.9744 -0.2250 0.0000
                    0.2250 0.9744 0.0000
                    0.0000 0.0000 1.0000
                    -41.9578 22.4885 -4.8000
                }
            }
            {bone "commander"
                {Matrix34
                    1.0000 -0.0087 0.0000
                    0.0087 1.0000 0.0000
                    0.0000 0.0000 1.0000
                    -42.2932 -24.1254 -5.1000
                }
            }
        }
    }
}
{Obstacle "obstacle"
    {Obb2
        {Center 1.1256 -0.4708}
        {Extent 12.4623 21.8091}
        {Axis 0 0}
    }
    {Rotate}
}
{Volume "body2"
    {Cylinder 1.77239 79.62090}
    {Bone "Body"}
    {Matrix34
        0.4058 0.8592 -0.0518
        0.0089 0.0690 1.2155
        0.9752 -0.4594 0.0188
        -15.5809 26.8524 0.6860
    }
}
{Volume "body1"
    {Cylinder 1.77239 79.62090}
    {Bone "Body"}
    {Matrix34
        -0.3515 0.7593 -0.0421
        -0.0580 0.0400 1.2032
        0.8941 0.4156 0.0293
        -12.6578 -30.5002 -0.5151
    }
}
{Volume "wheelleft"
    {Cylinder 11.42520 4.84035}
    {Bone "WheelR"}
    {Matrix34
        -0.7497 0.0000 0.0000
        0.0000 0.7938 0.0000
        0.0000 0.0000 -1.0849
        0.1451 -0.5268 -0.0047
    }
}
{Volume "wheelright"
    {Cylinder 11.42520 4.84035}
    {Bone "WheelL"}
    {Matrix34
        -0.7867 0.0000 0.0000
        0.0000 -0.8170 0.0000
        0.0000 0.0000 0.9113
        -0.0828 0.0633 -0.1590
    }
}
{Volume "turret"
    {Box 6.6810 33.1259 29.2051}
    {Bone "turret"}
    {Matrix34
        0.6469 0.0000 -0.0090
        0.0000 1.0821 0.0000
        0.0125 0.0000 0.8958
        1.6763 -1.8366 10.7705
    }
}
{Volume "gun"
    {Cylinder 1.53193 99.17340}
    {Bone "gun"}
    {Matrix34
        -0.0014 -0.0315 0.9656
        0.0082 -1.4222 -0.0463
        0.7856 0.0044 0.0013
        48.7738 -0.1117 -0.6446
    }
}
